165.32	3384.12
165.38	-247.66
165.44	596.97
165.50	-76.88
165.55	-18.11
165.61	4.62
165.67	32.96
165.72	42.45
165.78	48.46
165.84	47.24
165.89	44.32
165.95	42.74
166.01	41.94
166.06	42.98
166.12	45.72
166.18	43.91
166.23	45.89
166.29	45.12
166.35	41.80
166.40	40.67
166.46	47.48
166.52	50.24
166.57	51.20
166.63	51.87
166.69	54.00
166.74	48.09
166.80	48.16
166.86	50.03
166.91	50.82
166.97	45.33
167.03	47.52
167.08	41.94
167.14	41.36
167.20	39.41
167.25	52.40
167.31	52.93
167.37	58.17
167.42	59.59
167.48	65.61
167.54	59.48
167.59	58.59
167.65	54.61
167.71	54.82
167.76	53.57
167.82	49.42
167.88	49.49
167.93	56.99
167.99	55.50
168.05	57.90
168.10	65.52
168.16	64.49
168.21	62.67
168.27	67.22
168.33	68.88
168.38	61.84
168.44	67.21
168.50	65.62
168.55	63.73
168.61	64.40
168.67	66.33
168.72	62.82
168.78	63.25
168.84	59.35
168.89	58.05
168.95	58.47
169.01	58.51
169.06	58.18
169.12	57.78
169.18	56.05
169.23	56.09
169.29	60.16
169.34	64.20
169.40	66.85
169.46	71.17
169.51	73.40
169.57	69.49
169.63	65.46
169.68	70.27
169.74	66.41
169.80	72.13
169.85	72.92
169.91	76.43
169.97	72.35
170.02	72.46
170.08	71.56
170.13	71.82
170.19	71.68
170.25	73.17
170.30	77.02
170.36	68.66
170.42	70.52
170.47	71.81
170.53	73.28
170.59	70.55
170.64	74.11
170.70	72.98
170.76	71.03
170.81	72.78
170.87	72.23
170.92	73.73
170.98	76.49
171.04	78.26
171.09	74.04
171.15	81.23
171.21	80.90
171.26	77.54
171.32	74.97
171.37	78.63
171.43	73.23
171.49	78.52
171.54	82.06
171.60	83.49
171.66	85.69
171.71	85.93
171.77	83.47
171.83	89.17
171.88	88.51
171.94	87.72
171.99	92.28
172.05	91.23
172.11	92.63
172.16	100.92
172.22	101.49
172.28	102.22
172.33	100.33
172.39	97.18
172.44	93.91
172.50	98.99
172.56	97.42
172.61	105.61
172.67	105.03
172.72	105.06
172.78	100.09
172.84	95.70
172.89	89.30
172.95	87.90
173.01	89.45
173.06	87.96
173.12	93.79
173.17	95.34
173.23	95.42
173.29	94.89
173.34	96.72
173.40	91.52
173.46	91.06
173.51	94.07
173.57	94.64
173.62	89.19
173.68	95.37
173.74	94.89
173.79	95.87
173.85	92.43
173.90	95.33
173.96	91.69
174.02	89.05
174.07	81.43
174.13	80.93
174.18	83.15
174.24	76.24
174.30	76.27
174.35	81.50
174.41	78.40
174.47	72.32
174.52	74.14
174.58	73.26
174.63	68.77
174.69	68.04
174.75	69.57
174.80	80.18
174.86	77.76
174.91	78.77
174.97	78.38
175.03	76.05
175.08	64.38
175.14	70.95
175.19	67.15
175.25	67.79
175.31	72.34
175.36	73.84
175.42	70.96
175.47	75.23
175.53	75.87
175.59	72.40
175.64	73.55
175.70	71.53
175.75	66.86
175.81	65.49
175.87	66.69
175.92	62.92
175.98	64.25
176.03	64.66
176.09	64.97
176.15	64.50
176.20	65.80
176.26	65.87
176.31	69.11
176.37	66.90
176.42	68.03
176.48	71.35
176.54	69.49
176.59	66.25
176.65	68.22
176.70	69.94
176.76	69.59
176.82	67.24
176.87	64.72
176.93	65.07
176.98	63.62
177.04	58.54
177.10	63.35
177.15	65.09
177.21	65.48
177.26	64.12
177.32	67.76
177.37	69.18
177.43	72.12
177.49	69.01
177.54	66.66
177.60	67.16
177.65	67.82
177.71	62.99
177.77	66.24
177.82	68.47
177.88	72.15
177.93	67.16
177.99	73.52
178.04	69.00
178.10	69.29
178.16	63.05
178.21	64.50
178.27	61.60
178.32	65.63
178.38	64.02
178.43	65.38
178.49	65.40
178.55	64.21
178.60	62.82
178.66	62.17
178.71	63.74
178.77	61.52
178.82	62.92
178.88	62.60
178.94	63.47
178.99	64.19
179.05	68.28
179.10	64.08
179.16	67.15
179.21	69.17
179.27	67.98
179.33	63.82
179.38	67.56
179.44	65.36
179.49	65.52
179.55	63.73
179.60	63.88
179.66	63.01
179.72	66.06
179.77	63.37
179.83	62.66
179.88	64.59
179.94	66.26
179.99	62.19
180.05	63.32
180.11	64.15
180.16	66.62
180.22	68.66
180.27	73.85
180.33	74.13
180.38	78.07
180.44	73.27
180.49	72.82
180.55	70.27
180.61	74.56
180.66	69.39
180.72	67.74
180.77	66.44
180.83	65.86
180.88	62.67
180.94	62.20
180.99	65.96
181.05	65.67
181.11	67.15
181.16	67.25
181.22	68.47
181.27	71.14
181.33	69.90
181.38	66.92
181.44	68.38
181.49	73.02
181.55	73.37
181.61	79.49
181.66	81.83
181.72	79.53
181.77	76.59
181.83	74.16
181.88	78.47
181.94	80.07
181.99	84.99
182.05	85.84
182.11	86.45
182.16	77.36
182.22	75.00
182.27	70.23
182.33	72.74
182.38	72.41
182.44	77.26
182.49	79.36
182.55	81.65
182.60	80.67
182.66	83.91
182.72	86.65
182.77	89.25
182.83	92.40
182.88	95.67
182.94	97.29
182.99	94.69
183.05	92.80
183.10	94.89
183.16	93.74
183.21	94.01
183.27	100.60
183.32	104.97
183.38	107.47
183.44	113.79
183.49	118.47
183.55	118.68
183.60	123.37
183.66	128.37
183.71	136.07
183.77	142.27
183.82	150.46
183.88	160.75
183.93	170.53
183.99	182.50
184.04	197.34
184.10	208.36
184.15	218.69
184.21	231.55
184.27	233.59
184.32	235.16
184.38	234.25
184.43	231.08
184.49	216.66
184.54	202.79
184.60	195.87
184.65	184.86
184.71	177.36
184.76	180.10
184.82	195.87
184.87	210.60
184.93	233.15
184.98	258.29
185.04	286.74
185.09	309.44
185.15	333.42
185.20	363.39
185.26	396.48
185.31	422.19
185.37	446.85
185.43	466.18
185.48	483.69
185.54	505.13
185.59	530.79
185.65	555.79
185.70	594.04
185.76	637.29
185.81	670.09
185.87	704.83
185.92	747.69
185.98	782.04
186.03	798.12
186.09	801.75
186.14	780.39
186.20	730.62
186.25	650.52
186.31	572.00
186.36	509.07
186.42	481.70
186.47	491.92
186.53	538.22
186.58	604.63
186.64	675.52
186.69	745.40
186.75	803.77
186.80	861.16
186.86	918.63
186.91	977.39
186.97	1032.10
187.02	1103.00
187.08	1171.13
187.13	1230.50
187.19	1295.59
187.24	1364.49
187.30	1414.94
187.35	1468.24
187.41	1533.61
187.47	1598.71
187.52	1651.17
187.58	1709.14
187.63	1775.62
187.69	1844.95
187.74	1899.86
187.80	1952.56
187.85	1999.49
187.91	2021.82
187.96	2006.92
188.02	1946.12
188.07	1840.27
188.13	1685.66
188.18	1522.11
188.24	1400.75
188.29	1342.11
188.35	1349.08
188.40	1426.76
188.46	1548.51
188.51	1669.25
188.57	1794.12
188.62	1915.75
188.67	2029.30
188.73	2137.76
188.78	2240.82
188.84	2342.68
188.89	2445.86
188.95	2549.67
189.00	2640.34
189.06	2737.48
189.11	2828.58
189.17	2908.20
189.22	2978.41
189.28	3064.99
189.33	3140.73
189.39	3205.08
189.44	3272.36
189.50	3348.57
189.55	3414.76
189.61	3467.39
189.66	3525.22
189.72	3581.32
189.77	3630.15
189.83	3658.64
189.88	3670.45
189.94	3643.23
189.99	3568.73
190.05	3420.93
190.10	3207.69
190.16	2962.02
190.21	2747.32
190.27	2606.39
190.32	2569.93
190.38	2640.29
190.43	2793.40
190.49	2975.43
190.54	3138.86
190.60	3288.41
190.65	3421.45
190.71	3542.66
190.76	3657.65
190.81	3770.52
190.87	3883.08
190.92	4002.88
190.98	4117.56
191.03	4228.18
191.09	4348.10
191.14	4454.33
191.20	4544.73
191.25	4642.89
191.31	4742.80
191.36	4834.65
191.42	4924.16
191.47	5020.42
191.53	5114.68
191.58	5194.30
191.64	5260.28
191.69	5322.46
191.75	5366.86
191.80	5398.36
191.85	5417.49
191.91	5437.98
191.96	5462.36
192.02	5494.24
192.07	5510.02
192.13	5506.09
192.18	5463.04
192.24	5348.11
192.29	5154.62
192.35	4932.99
192.40	4753.51
192.46	4643.18
192.51	4637.25
192.57	4731.88
192.62	4904.18
192.67	5084.44
192.73	5261.69
192.78	5423.13
192.84	5572.14
192.89	5705.98
192.95	5835.72
193.00	5950.65
193.06	6061.93
193.11	6170.25
193.17	6260.64
193.22	6344.08
193.28	6434.00
193.33	6509.58
193.38	6573.90
193.44	6648.48
193.49	6723.03
193.55	6779.08
193.60	6835.09
193.66	6888.97
193.71	6930.11
193.77	6954.88
193.82	6977.43
193.88	6997.74
193.93	7026.47
193.98	7056.21
194.04	7099.33
194.09	7145.62
194.15	7196.34
194.20	7241.99
194.26	7281.34
194.31	7320.57
194.37	7347.55
194.42	7353.58
194.47	7343.45
194.53	7304.66
194.58	7217.58
194.64	7110.93
194.69	7016.04
194.75	6947.00
194.80	6931.02
194.86	6974.46
194.91	7070.41
194.97	7178.01
195.02	7287.37
195.07	7395.14
195.13	7499.73
195.18	7604.27
195.24	7711.16
195.29	7821.33
195.35	7919.28
195.40	8021.31
195.46	8105.38
195.51	8190.30
195.56	8270.11
195.62	8346.77
195.67	8408.76
195.73	8477.11
195.78	8533.40
195.84	8575.17
195.89	8606.11
195.94	8640.66
196.00	8670.46
196.05	8702.93
196.11	8748.55
196.16	8801.76
196.22	8858.60
196.27	8916.48
196.32	8969.69
196.38	9015.79
196.43	9065.98
196.49	9101.62
196.54	9139.58
196.60	9183.03
196.65	9229.27
196.71	9271.55
196.76	9320.72
196.81	9357.36
196.87	9392.77
196.92	9418.17
196.98	9432.58
197.03	9441.50
197.09	9438.90
197.14	9429.35
197.19	9431.92
197.25	9450.02
197.30	9472.82
197.36	9523.02
197.41	9589.81
197.47	9653.70
197.52	9717.10
197.57	9782.01
197.63	9839.46
197.68	9889.23
197.74	9940.62
197.79	9983.29
197.84	10028.16
197.90	10073.80
197.95	10116.31
198.01	10157.57
198.06	10206.27
198.12	10254.17
198.17	10295.25
198.22	10337.51
198.28	10375.53
198.33	10416.62
198.39	10455.32
198.44	10499.61
198.49	10546.27
198.55	10591.48
198.60	10637.55
198.66	10681.59
198.71	10732.20
198.77	10776.85
198.82	10829.13
198.87	10877.20
198.93	10926.13
198.98	10968.07
199.04	11018.27
199.09	11057.68
199.14	11096.19
199.20	11140.16
199.25	11182.78
199.31	11221.52
199.36	11270.66
199.42	11312.67
199.47	11351.80
199.52	11390.46
199.58	11428.64
199.63	11453.06
199.69	11487.79
199.74	11521.25
199.79	11546.24
199.85	11576.66
199.90	11616.62
199.96	11654.58
200.01	11697.75
200.06	11751.61
200.12	11800.27
200.17	11850.66
200.23	11902.51
200.28	11947.28
200.33	11998.88
200.39	12041.05
200.44	12087.06
200.50	12131.95
200.55	12172.32
200.60	12206.14
200.66	12247.82
200.71	12283.18
200.77	12319.05
200.82	12356.16
200.87	12397.43
200.93	12435.33
200.98	12475.57
201.04	12513.55
201.09	12563.37
201.14	12615.01
201.20	12665.16
201.25	12719.36
201.31	12773.72
201.36	12829.69
201.41	12881.69
201.47	12939.99
201.52	12990.98
201.58	13050.40
201.63	13097.79
201.68	13144.30
201.74	13194.20
201.79	13246.34
201.84	13293.85
201.90	13346.43
201.95	13397.77
202.01	13448.81
202.06	13500.93
202.11	13550.18
202.17	13593.83
202.22	13640.87
202.28	13682.24
202.33	13722.32
202.38	13753.86
202.44	13797.62
202.49	13838.18
202.54	13884.51
202.60	13928.35
202.65	13983.87
202.71	14034.49
202.76	14076.62
202.81	14116.81
202.87	14166.64
202.92	14211.46
202.98	14258.32
203.03	14314.83
203.08	14370.16
203.14	14422.68
203.19	14483.21
203.24	14537.67
203.30	14591.91
203.35	14642.91
203.41	14686.70
203.46	14727.99
203.51	14769.17
203.57	14807.90
203.62	14857.37
203.67	14915.02
203.73	14961.73
203.78	15013.14
203.84	15068.92
203.89	15111.82
203.94	15147.11
204.00	15193.21
204.05	15235.49
204.10	15270.02
204.16	15305.31
204.21	15352.57
204.27	15389.69
204.32	15424.51
204.37	15467.53
204.43	15504.47
204.48	15526.17
204.53	15554.39
204.59	15595.72
204.64	15646.84
204.69	15717.34
204.75	15798.69
204.80	15883.23
204.86	15950.19
204.91	16010.54
204.96	16064.10
205.02	16113.58
205.07	16165.88
205.12	16232.28
205.18	16298.97
205.23	16365.97
205.28	16438.35
205.34	16507.71
205.39	16574.90
205.45	16638.11
205.50	16699.57
205.55	16760.32
205.61	16816.39
205.66	16870.08
205.71	16929.00
205.77	16993.41
205.82	17050.38
205.87	17106.22
205.93	17159.89
205.98	17208.49
206.03	17248.40
206.09	17295.05
206.14	17345.18
206.20	17395.61
206.25	17447.26
206.30	17509.22
206.36	17564.17
206.41	17629.66
206.46	17685.73
206.52	17732.53
206.57	17777.66
206.62	17824.48
206.68	17865.72
206.73	17916.17
206.78	17978.78
206.84	18034.73
206.89	18089.63
206.94	18146.88
207.00	18214.47
207.05	18276.24
207.11	18344.14
207.16	18406.35
207.21	18471.40
207.27	18524.89
207.32	18582.13
207.37	18637.55
207.43	18697.33
207.48	18743.47
207.53	18798.17
207.59	18853.11
207.64	18907.19
207.69	18974.09
207.75	19045.79
207.80	19105.63
207.85	19161.59
207.91	19216.03
207.96	19263.56
208.01	19316.70
208.07	19375.02
208.12	19437.62
208.17	19493.97
208.23	19550.01
208.28	19600.16
208.33	19653.20
208.39	19714.95
208.44	19781.12
208.49	19840.97
208.55	19896.76
208.60	19952.91
208.65	19994.74
208.71	20041.96
208.76	20094.63
208.81	20155.39
208.87	20218.08
208.92	20282.05
208.97	20343.74
209.03	20408.48
209.08	20468.51
209.13	20530.03
209.19	20593.27
209.24	20653.22
209.29	20712.45
209.35	20766.27
209.40	20828.33
209.45	20889.66
209.51	20952.74
209.56	21009.20
209.61	21079.93
209.67	21139.10
209.72	21201.47
209.77	21261.24
209.83	21325.63
209.88	21393.68
209.93	21456.02
209.99	21518.48
210.04	21586.26
210.09	21656.60
210.15	21712.73
210.20	21776.94
210.25	21835.03
210.31	21896.90
210.36	21949.29
210.41	22006.67
210.46	22061.10
210.52	22116.69
210.57	22161.67
210.62	22221.45
210.68	22285.18
210.73	22340.43
210.78	22400.05
210.84	22467.81
210.89	22527.75
210.94	22582.78
211.00	22641.68
211.05	22696.26
211.10	22755.15
211.16	22814.54
211.21	22877.92
211.26	22950.80
211.32	23026.67
211.37	23091.97
211.42	23156.32
211.47	23227.13
211.53	23284.40
211.58	23344.19
211.63	23404.47
211.69	23461.86
211.74	23511.22
211.79	23563.72
211.85	23622.42
211.90	23683.96
211.95	23749.59
212.01	23819.70
212.06	23900.39
212.11	23973.70
212.16	24045.07
212.22	24119.02
212.27	24183.12
212.32	24244.65
212.38	24300.80
212.43	24367.71
212.48	24430.17
212.54	24496.51
212.59	24570.84
212.64	24646.36
212.69	24708.33
212.75	24773.22
212.80	24839.04
212.85	24896.51
212.91	24951.19
212.96	25012.08
213.01	25078.94
213.07	25139.89
213.12	25203.31
213.17	25267.65
213.22	25330.83
213.28	25385.14
213.33	25434.03
213.38	25487.33
213.44	25543.05
213.49	25612.29
213.54	25686.48
213.60	25774.03
213.65	25855.74
213.70	25945.83
213.75	26017.60
213.81	26080.08
213.86	26138.74
213.91	26192.52
213.97	26233.05
214.02	26270.50
214.07	26315.24
214.12	26357.58
214.18	26406.71
214.23	26467.19
214.28	26534.28
214.34	26589.57
214.39	26648.17
214.44	26699.47
214.49	26732.37
214.55	26760.56
214.60	26783.31
214.65	26799.56
214.71	26809.13
214.76	26850.02
214.81	26918.42
214.86	27024.73
214.92	27139.61
214.97	27263.70
215.02	27372.50
215.08	27460.62
215.13	27533.98
215.18	27587.08
215.23	27644.63
215.29	27701.98
215.34	27772.78
215.39	27845.48
215.45	27948.27
215.50	28051.28
215.55	28150.87
215.60	28236.46
215.66	28300.37
215.71	28355.89
215.76	28412.85
215.81	28469.98
215.87	28525.94
215.92	28588.70
215.97	28645.25
216.03	28704.72
216.08	28766.48
216.13	28826.11
216.18	28887.86
216.24	28948.96
216.29	29002.30
216.34	29049.13
216.39	29112.59
216.45	29174.24
216.50	29234.76
216.55	29295.25
216.61	29368.74
216.66	29422.70
216.71	29481.48
216.76	29545.14
216.82	29622.19
216.87	29684.12
216.92	29762.27
216.97	29830.08
217.03	29906.14
217.08	29971.90
217.13	30056.25
217.18	30123.15
217.24	30201.97
217.29	30263.88
217.34	30319.34
217.39	30359.70
217.45	30403.89
217.50	30447.55
217.55	30508.14
217.61	30579.78
217.66	30646.38
217.71	30715.39
217.76	30796.27
217.82	30872.44
217.87	30943.73
217.92	31017.58
217.97	31092.21
218.03	31152.94
218.08	31202.01
218.13	31243.84
218.18	31292.94
218.24	31356.62
218.29	31413.22
218.34	31473.92
218.39	31538.97
218.45	31603.94
218.50	31659.61
218.55	31727.14
218.60	31792.42
218.66	31850.93
218.71	31920.42
218.76	31983.06
218.81	32040.90
218.87	32104.90
218.92	32176.56
218.97	32238.28
219.02	32303.02
219.08	32368.92
219.13	32437.60
219.18	32504.68
219.23	32569.81
219.29	32627.11
219.34	32690.99
219.39	32752.08
219.44	32814.08
219.50	32883.23
219.55	32954.76
219.60	33017.89
219.65	33086.63
219.71	33152.07
219.76	33205.65
219.81	33262.06
219.86	33319.61
219.92	33372.71
219.97	33419.69
220.02	33474.26
220.07	33531.84
220.13	33590.76
220.18	33648.22
220.23	33723.55
220.28	33800.84
220.33	33875.47
220.39	33939.72
220.44	33996.89
220.49	34051.16
220.54	34103.04
220.60	34156.55
220.65	34220.35
220.70	34286.99
220.75	34355.86
220.81	34429.30
220.86	34501.99
220.91	34570.85
220.96	34643.26
221.02	34715.66
221.07	34787.70
221.12	34852.72
221.17	34909.46
221.22	34965.61
221.28	35025.28
221.33	35077.71
221.38	35133.98
221.43	35208.16
221.49	35278.77
221.54	35334.07
221.59	35401.74
221.64	35484.32
221.69	35572.02
221.75	35669.37
221.80	35768.02
221.85	35840.48
221.90	35902.83
221.96	35955.21
222.01	35988.82
222.06	36018.78
222.11	36074.69
222.17	36123.52
222.22	36151.52
222.27	36204.48
222.32	36262.74
222.37	36315.17
222.43	36379.49
222.48	36451.58
222.53	36518.11
222.58	36593.66
222.63	36665.48
222.69	36728.34
222.74	36800.74
222.79	36865.94
222.84	36915.58
222.90	36958.98
222.95	36999.88
223.00	37041.26
223.05	37091.78
223.10	37149.09
223.16	37215.78
223.21	37284.24
223.26	37336.98
223.31	37379.52
223.36	37413.47
223.42	37444.72
223.47	37469.61
223.52	37514.96
223.57	37557.79
223.63	37614.83
223.68	37668.12
223.73	37740.17
223.78	37816.55
223.83	37886.35
223.89	37944.68
223.94	38007.50
223.99	38067.79
224.04	38133.70
224.09	38212.73
224.15	38310.52
224.20	38401.10
224.25	38493.24
224.30	38577.11
224.35	38663.82
224.41	38755.02
224.46	38854.11
224.51	38934.59
224.56	39013.90
224.61	39091.72
224.67	39164.48
224.72	39229.68
224.77	39324.46
224.82	39425.62
224.87	39516.90
224.93	39595.73
224.98	39686.85
225.03	39772.68
225.08	39847.75
225.13	39928.21
225.19	40011.36
225.24	40106.58
225.29	40179.93
225.34	40261.23
225.39	40340.74
225.45	40428.18
225.50	40494.82
225.55	40577.60
225.60	40662.19
225.65	40755.48
225.71	40844.52
225.76	40937.69
225.81	41018.98
225.86	41101.79
225.91	41177.11
225.97	41239.74
226.02	41298.76
226.07	41344.48
226.12	41384.84
226.17	41434.90
226.22	41510.42
226.28	41601.16
226.33	41724.55
226.38	41836.09
226.43	41938.84
226.48	42016.79
226.54	42087.19
226.59	42155.39
226.64	42216.93
226.69	42273.74
226.74	42343.62
226.80	42406.69
226.85	42460.19
226.90	42522.03
226.95	42610.12
227.00	42689.88
227.05	42777.90
227.11	42873.89
227.16	42975.61
227.21	43055.58
227.26	43136.76
227.31	43213.50
227.37	43266.80
227.42	43341.03
227.47	43417.37
227.52	43494.18
227.57	43562.78
227.62	43659.22
227.68	43732.34
227.73	43805.60
227.78	43884.03
227.83	43966.59
227.88	44029.40
227.93	44102.99
227.99	44178.36
228.04	44254.33
228.09	44328.02
228.14	44407.69
228.19	44472.25
228.24	44541.84
228.30	44608.59
228.35	44675.14
228.40	44736.39
228.45	44800.89
228.50	44872.72
228.56	44934.65
228.61	44997.56
228.66	45056.15
228.71	45124.52
228.76	45168.17
228.81	45218.41
228.87	45257.40
228.92	45327.92
228.97	45376.55
229.02	45461.66
229.07	45528.06
229.12	45625.23
229.17	45685.56
229.23	45765.69
229.28	45841.12
229.33	45931.85
229.38	46001.15
229.43	46082.36
229.48	46161.05
229.54	46226.74
229.59	46288.79
229.64	46357.91
229.69	46440.75
229.74	46530.43
229.79	46596.15
229.85	46671.93
229.90	46741.47
229.95	46802.87
230.00	46858.98
230.05	46943.98
230.10	47004.99
230.16	47077.13
230.21	47130.84
230.26	47183.81
230.31	47222.06
230.36	47280.64
230.41	47345.89
230.46	47436.63
230.52	47535.73
230.57	47619.44
230.62	47703.01
230.67	47770.12
230.72	47826.52
230.77	47863.08
230.82	47914.33
230.88	47948.70
230.93	47989.38
230.98	48022.18
231.03	48078.06
231.08	48128.57
231.13	48189.08
231.19	48256.80
231.24	48329.44
231.29	48405.50
231.34	48480.55
231.39	48560.89
231.44	48633.88
231.49	48694.07
231.55	48732.11
231.60	48771.90
231.65	48829.12
231.70	48870.28
231.75	48916.14
231.80	48968.78
231.85	49032.99
231.91	49062.74
231.96	49110.47
232.01	49179.82
232.06	49248.06
232.11	49300.50
232.16	49387.81
232.21	49473.76
232.26	49553.85
232.32	49629.42
232.37	49706.75
232.42	49761.53
232.47	49806.99
232.52	49852.45
232.57	49908.04
232.62	49970.52
232.68	50031.38
232.73	50099.12
232.78	50168.98
232.83	50245.55
232.88	50312.72
232.93	50390.27
232.98	50458.67
233.03	50521.10
233.09	50572.84
233.14	50642.16
233.19	50700.06
233.24	50756.12
233.29	50799.74
233.34	50834.98
233.39	50853.93
233.45	50883.05
233.50	50929.21
233.55	50982.39
233.60	51055.12
233.65	51119.62
233.70	51186.18
233.75	51235.02
233.80	51285.68
233.86	51331.52
233.91	51383.08
233.96	51427.32
234.01	51477.00
234.06	51531.05
234.11	51586.82
234.16	51642.37
234.21	51698.23
234.26	51755.59
234.32	51793.16
234.37	51831.01
234.42	51877.12
234.47	51908.86
234.52	51928.54
234.57	51972.92
234.62	52011.43
234.67	52045.24
234.73	52101.58
234.78	52160.75
234.83	52206.12
234.88	52253.31
234.93	52291.62
234.98	52331.27
235.03	52375.48
235.08	52439.52
235.13	52485.00
235.19	52554.83
235.24	52611.19
235.29	52674.08
235.34	52720.00
235.39	52759.42
235.44	52787.58
235.49	52829.73
235.54	52856.84
235.59	52870.26
235.65	52903.91
235.70	52943.18
235.75	52981.14
235.80	53033.42
235.85	53095.57
235.90	53147.00
235.95	53180.71
236.00	53201.99
236.05	53226.16
236.11	53249.79
236.16	53287.51
236.21	53331.34
236.26	53379.96
236.31	53411.01
236.36	53438.78
236.41	53452.23
236.46	53459.40
236.51	53468.19
236.56	53490.58
236.62	53513.60
236.67	53542.99
236.72	53587.20
236.77	53617.78
236.82	53666.39
236.87	53696.50
236.92	53723.45
236.97	53760.99
237.02	53812.42
237.07	53847.21
237.13	53914.34
237.18	53972.36
237.23	54015.52
237.28	54052.55
237.33	54093.59
237.38	54103.04
237.43	54128.70
237.48	54139.33
237.53	54160.50
237.58	54191.67
237.63	54238.29
237.69	54276.22
237.74	54321.41
237.79	54360.43
237.84	54359.74
237.89	54362.89
237.94	54369.82
237.99	54389.74
238.04	54405.99
238.09	54438.21
238.14	54471.45
238.19	54491.10
238.25	54506.38
238.30	54501.99
238.35	54507.42
238.40	54503.09
238.45	54512.54
238.50	54523.89
238.55	54542.59
238.60	54569.28
238.65	54594.33
238.70	54606.71
238.75	54615.40
238.80	54632.09
238.86	54630.58
238.91	54647.60
238.96	54685.38
239.01	54726.30
239.06	54762.98
239.11	54797.77
239.16	54825.11
239.21	54822.54
239.26	54812.48
239.31	54819.39
239.36	54833.72
239.41	54850.82
239.46	54883.80
239.52	54911.74
239.57	54925.50
239.62	54939.39
239.67	54953.18
239.72	54979.74
239.77	54991.02
239.82	55012.76
239.87	55022.77
239.92	55031.80
239.97	55017.58
240.02	55013.92
240.07	54997.88
240.12	55000.33
240.17	55000.45
240.23	55002.92
240.28	54998.76
240.33	55017.88
240.38	55010.54
240.43	55010.97
240.48	55024.92
240.53	55056.52
240.58	55075.52
240.63	55117.96
240.68	55125.24
240.73	55123.67
240.78	55124.27
240.83	55115.59
240.88	55087.78
240.93	55084.82
240.98	55085.59
241.04	55096.49
241.09	55121.39
241.14	55147.74
241.19	55193.95
241.24	55223.20
241.29	55241.07
241.34	55252.22
241.39	55271.90
241.44	55269.35
241.49	55271.32
241.54	55266.29
241.59	55259.27
241.64	55250.56
241.69	55234.55
241.74	55216.72
241.79	55207.86
241.84	55199.77
241.90	55186.19
241.95	55167.88
242.00	55149.27
242.05	55128.98
242.10	55115.44
242.15	55094.55
242.20	55082.46
242.25	55091.47
242.30	55089.20
242.35	55079.73
242.40	55075.09
242.45	55075.85
242.50	55064.72
242.55	55061.69
242.60	55060.52
242.65	55061.55
242.70	55075.16
242.75	55091.83
242.80	55125.63
242.85	55155.01
242.91	55174.33
242.96	55172.41
243.01	55161.51
243.06	55136.67
243.11	55109.06
243.16	55089.97
243.21	55083.92
243.26	55088.62
243.31	55098.49
243.36	55103.09
243.41	55121.94
243.46	55115.02
243.51	55081.79
243.56	55028.10
243.61	54974.01
243.66	54929.42
243.71	54899.53
243.76	54902.22
243.81	54926.81
243.86	54932.99
243.91	54935.31
243.96	54931.44
244.01	54910.13
244.06	54878.20
244.12	54871.58
244.17	54852.49
244.22	54855.17
244.27	54876.44
244.32	54901.06
244.37	54914.95
244.42	54929.63
244.47	54924.86
244.52	54908.71
244.57	54880.29
244.62	54853.85
244.67	54829.22
244.72	54800.92
244.77	54793.03
244.82	54806.58
244.87	54844.04
244.92	54868.27
244.97	54893.78
245.02	54887.68
245.07	54864.88
245.12	54840.98
245.17	54820.88
245.22	54816.65
245.27	54811.85
245.32	54783.55
245.37	54739.82
245.42	54694.21
245.47	54642.06
245.52	54596.41
245.57	54584.74
245.62	54562.08
245.67	54555.67
245.72	54549.04
245.77	54529.08
245.82	54508.68
245.87	54519.75
245.92	54521.40
245.98	54515.46
246.03	54520.73
246.08	54526.08
246.13	54520.27
246.18	54525.03
246.23	54526.31
246.28	54523.01
246.33	54513.64
246.38	54477.29
246.43	54441.06
246.48	54412.17
246.53	54405.88
246.58	54412.87
246.63	54420.18
246.68	54411.87
246.73	54403.42
246.78	54380.26
246.83	54323.78
246.88	54271.60
246.93	54223.75
246.98	54175.20
247.03	54136.89
247.08	54121.77
247.13	54121.84
247.18	54120.75
247.23	54140.59
247.28	54143.99
247.33	54129.69
247.38	54105.67
247.43	54092.78
247.48	54069.95
247.53	54043.61
247.58	54010.77
247.63	54000.62
247.68	53958.98
247.73	53902.77
247.78	53863.50
247.83	53841.89
247.88	53802.49
247.93	53798.29
247.98	53801.63
248.03	53804.29
248.08	53824.09
248.13	53823.90
248.18	53813.50
248.23	53808.59
248.28	53778.73
248.33	53729.11
248.38	53699.57
248.43	53674.48
248.48	53645.51
248.53	53633.68
248.58	53621.03
248.63	53614.86
248.68	53593.11
248.73	53568.34
248.78	53532.64
248.83	53480.71
248.88	53410.38
248.93	53343.82
248.98	53265.66
249.03	53226.89
249.08	53204.98
249.13	53201.91
249.18	53192.95
249.23	53213.60
249.28	53202.86
249.33	53193.28
249.38	53177.80
249.43	53167.61
249.48	53139.32
249.53	53117.53
249.58	53097.36
249.63	53077.50
249.68	53058.38
249.73	53043.31
249.78	53024.87
249.83	53021.22
249.88	52992.99
249.93	52978.52
249.98	52970.87
250.03	52963.18
250.08	52939.07
250.13	52931.63
250.18	52905.58
250.23	52856.76
250.28	52812.54
250.33	52763.05
250.37	52722.78
250.42	52690.26
250.47	52670.28
250.52	52656.92
250.57	52626.47
250.62	52588.78
250.67	52552.66
250.72	52534.54
250.77	52493.36
250.82	52484.95
250.87	52490.66
250.92	52479.32
250.97	52454.24
251.02	52451.21
251.07	52446.20
251.12	52415.22
251.17	52390.72
251.22	52361.64
251.27	52316.19
251.32	52259.44
251.37	52205.82
251.42	52154.57
251.47	52106.29
251.52	52085.28
251.57	52074.15
251.62	52073.23
251.67	52070.05
251.72	52060.25
251.77	52028.05
251.82	51982.30
251.87	51929.56
251.92	51881.45
251.97	51822.40
252.02	51773.68
252.07	51747.41
252.12	51736.30
252.16	51728.44
252.21	51735.95
252.26	51745.32
252.31	51747.81
252.36	51733.05
252.41	51711.79
252.46	51693.68
252.51	51659.83
252.56	51623.66
252.61	51601.07
252.66	51571.46
252.71	51549.37
252.76	51518.65
252.81	51475.95
252.86	51416.98
252.91	51376.04
252.96	51305.81
253.01	51247.66
253.06	51188.82
253.11	51146.17
253.16	51097.58
253.21	51047.45
253.26	51005.70
253.31	50975.18
253.36	50954.49
253.40	50925.71
253.45	50918.38
253.50	50879.36
253.55	50842.71
253.60	50794.95
253.65	50758.04
253.70	50723.63
253.75	50714.34
253.80	50698.00
253.85	50690.83
253.90	50694.08
253.95	50680.14
254.00	50671.27
254.05	50658.12
254.10	50621.88
254.15	50574.48
254.20	50550.08
254.25	50517.75
254.30	50485.48
254.35	50444.20
254.39	50387.78
254.44	50303.24
254.49	50224.60
254.54	50177.13
254.59	50155.47
254.64	50147.28
254.69	50148.61
254.74	50160.05
254.79	50138.41
254.84	50104.95
254.89	50081.47
254.94	50062.35
254.99	50042.98
255.04	50028.44
255.09	50020.13
255.14	49995.49
255.19	49979.82
255.23	49965.98
255.28	49961.08
255.33	49949.30
255.38	49937.12
255.43	49920.68
255.48	49885.77
255.53	49838.37
255.58	49801.40
255.63	49771.77
255.68	49725.73
255.73	49693.29
255.78	49668.33
255.83	49644.76
255.88	49620.03
255.93	49598.97
255.97	49569.52
256.02	49543.28
256.07	49497.38
256.12	49431.33
256.17	49380.98
256.22	49335.35
256.27	49274.74
256.32	49234.76
256.37	49214.38
256.42	49194.71
256.47	49164.24
256.52	49137.37
256.57	49108.71
256.62	49088.75
256.66	49073.09
256.71	49048.54
256.76	49012.77
256.81	48962.77
256.86	48908.01
256.91	48861.32
256.96	48813.80
257.01	48784.22
257.06	48763.38
257.11	48731.14
257.16	48676.60
257.21	48642.44
257.26	48602.28
257.30	48568.92
257.35	48532.72
257.40	48508.30
257.45	48491.30
257.50	48466.68
257.55	48426.95
257.60	48407.76
257.65	48384.58
257.70	48342.24
257.75	48304.03
257.80	48276.72
257.85	48229.78
257.89	48174.76
257.94	48118.67
257.99	48060.17
258.04	48011.95
258.09	47981.36
258.14	47952.09
258.19	47938.11
258.24	47928.04
258.29	47886.10
258.34	47841.62
258.39	47810.21
258.44	47747.98
258.48	47692.07
258.53	47658.91
258.58	47617.15
258.63	47568.47
258.68	47528.46
258.73	47487.08
258.78	47447.94
258.83	47412.57
258.88	47369.58
258.93	47338.90
258.97	47310.23
259.02	47282.73
259.07	47252.15
259.12	47237.21
259.17	47221.02
259.22	47205.90
259.27	47189.89
259.32	47171.88
259.37	47129.35
259.42	47096.86
259.47	47051.98
259.51	46995.27
259.56	46933.46
259.61	46860.33
259.66	46773.38
259.71	46699.82
259.76	46642.49
259.81	46585.52
259.86	46555.13
259.91	46526.73
259.95	46499.45
260.00	46467.53
260.05	46451.54
260.10	46434.73
260.15	46420.93
260.20	46410.26
260.25	46403.05
260.30	46392.88
260.35	46368.32
260.40	46330.48
260.44	46303.29
260.49	46278.68
260.54	46233.91
260.59	46207.77
260.64	46202.53
260.69	46203.66
260.74	46169.59
260.79	46138.69
260.84	46090.28
260.88	46038.14
260.93	45951.71
260.98	45906.75
261.03	45864.36
261.08	45834.91
261.13	45795.70
261.18	45762.26
261.23	45708.67
261.28	45670.95
261.32	45624.10
261.37	45578.21
261.42	45544.86
261.47	45528.00
261.52	45478.61
261.57	45435.43
261.62	45397.46
261.67	45344.58
261.71	45273.24
261.76	45236.50
261.81	45188.00
261.86	45135.67
261.91	45094.84
261.96	45055.87
262.01	45006.34
262.06	44987.22
262.10	44975.79
262.15	44954.59
262.20	44944.19
262.25	44933.24
262.30	44905.21
262.35	44875.66
262.40	44847.44
262.45	44810.31
262.49	44778.81
262.54	44745.32
262.59	44712.09
262.64	44686.38
262.69	44658.14
262.74	44605.38
262.79	44550.34
262.84	44500.29
262.88	44446.89
262.93	44394.53
262.98	44365.44
263.03	44328.21
263.08	44283.55
263.13	44215.51
263.18	44147.89
263.23	44085.09
263.27	44041.62
263.32	43999.45
263.37	43982.08
263.42	43968.31
263.47	43935.61
263.52	43906.90
263.57	43876.10
263.61	43843.88
263.66	43804.31
263.71	43775.25
263.76	43743.45
263.81	43694.93
263.86	43659.72
263.91	43616.25
263.95	43553.18
264.00	43493.78
264.05	43454.99
264.10	43386.72
264.15	43325.87
264.20	43288.34
264.25	43247.84
264.29	43190.89
264.34	43139.68
264.39	43104.68
264.44	43052.98
264.49	42999.28
264.54	42970.25
264.59	42941.98
264.63	42896.35
264.68	42848.59
264.73	42795.59
264.78	42739.89
264.83	42675.42
264.88	42629.45
264.93	42608.82
264.97	42585.93
265.02	42560.13
265.07	42551.48
265.12	42515.42
265.17	42468.24
265.22	42429.70
265.27	42373.13
265.31	42315.40
265.36	42258.57
265.41	42203.58
265.46	42136.35
265.51	42066.69
265.56	41998.10
265.60	41942.02
265.65	41875.33
265.70	41820.37
265.75	41774.01
265.80	41725.22
265.85	41665.33
265.90	41612.23
265.94	41561.96
265.99	41499.86
266.04	41454.17
266.09	41420.43
266.14	41384.07
266.19	41339.91
266.23	41314.18
266.28	41265.18
266.33	41226.79
266.38	41207.64
266.43	41183.43
266.48	41158.42
266.52	41139.81
266.57	41100.10
266.62	41049.68
266.67	41000.72
266.72	40953.84
266.77	40920.41
266.81	40899.33
266.86	40874.64
266.91	40848.16
266.96	40803.74
267.01	40755.84
267.06	40700.83
267.10	40647.48
267.15	40595.08
267.20	40571.31
267.25	40538.93
267.30	40509.49
267.35	40477.32
267.39	40440.98
267.44	40391.92
267.49	40341.37
267.54	40290.92
267.59	40238.76
267.64	40192.56
267.68	40138.43
267.73	40087.35
267.78	40046.22
267.83	40022.14
267.88	40007.02
267.93	39998.29
267.97	39978.37
268.02	39942.37
268.07	39888.66
268.12	39830.32
268.17	39770.04
268.21	39727.98
268.26	39683.46
268.31	39633.19
268.36	39587.57
268.41	39543.21
268.46	39489.64
268.50	39455.71
268.55	39418.10
268.60	39357.64
268.65	39295.31
268.70	39223.84
268.74	39154.75
268.79	39083.24
268.84	39029.81
268.89	38986.07
268.94	38956.16
268.99	38913.44
269.03	38874.71
269.08	38825.76
269.13	38752.89
269.18	38669.36
269.23	38571.78
269.27	38461.17
269.32	38336.93
269.37	38211.97
269.42	38080.09
269.47	37943.20
269.51	37814.05
269.56	37682.20
269.61	37548.93
269.66	37403.12
269.71	37244.97
269.76	37093.89
269.80	36934.07
269.85	36780.92
269.90	36640.75
269.95	36501.06
270.00	36342.87
270.04	36203.01
270.09	36059.90
270.14	35910.97
270.19	35772.33
270.24	35647.75
270.28	35487.81
270.33	35323.65
270.38	35144.99
270.43	34968.22
270.48	34786.28
270.52	34635.01
270.57	34478.53
270.62	34325.31
270.67	34173.91
270.72	34017.15
270.76	33839.70
270.81	33662.56
270.86	33490.72
270.91	33319.35
270.96	33152.98
271.00	33001.19
271.05	32856.55
271.10	32719.17
271.15	32583.04
271.20	32455.52
271.24	32317.58
271.29	32180.64
271.34	32036.20
271.39	31889.46
271.44	31739.49
271.48	31605.11
271.53	31458.09
271.58	31317.06
271.63	31172.10
271.67	31029.10
271.72	30879.44
271.77	30738.36
271.82	30603.38
271.87	30470.04
271.91	30310.37
271.96	30170.67
272.01	30030.20
272.06	29897.52
272.11	29768.49
272.15	29663.66
272.20	29555.97
272.25	29457.64
272.30	29348.12
272.35	29244.50
272.39	29139.47
272.44	29015.98
272.49	28881.92
272.54	28745.28
272.58	28597.01
272.63	28447.46
272.68	28296.24
272.73	28138.08
272.78	27968.18
272.82	27770.17
272.87	27548.85
272.92	27269.53
272.97	26745.02
273.01	23799.67
273.06	18873.67
273.11	13440.61
273.16	8105.77
273.21	3052.71
273.25	459.68
273.30	-89.53
273.35	-89.58
