165.32	3384.80
165.38	-247.90
165.44	597.20
165.50	-76.41
165.55	-17.75
165.61	4.97
165.67	33.52
165.72	43.00
165.78	48.14
165.84	47.42
165.89	44.61
165.95	42.52
166.01	41.82
166.06	43.42
166.12	45.73
166.18	43.63
166.23	45.60
166.29	45.05
166.35	41.77
166.40	40.96
166.46	47.56
166.52	50.65
166.57	51.51
166.63	52.24
166.69	54.44
166.74	48.56
166.80	48.96
166.86	50.19
166.91	50.73
166.97	44.98
167.03	47.70
167.08	41.78
167.14	41.38
167.20	39.80
167.25	52.31
167.31	52.38
167.37	58.10
167.42	59.48
167.48	65.24
167.54	59.87
167.59	59.41
167.65	54.77
167.71	54.98
167.76	53.86
167.82	49.57
167.88	49.09
167.93	57.20
167.99	56.19
168.05	58.30
168.10	65.52
168.16	65.04
168.21	63.01
168.27	67.31
168.33	68.76
168.38	61.97
168.44	66.84
168.50	65.31
168.55	64.06
168.61	64.97
168.67	67.04
168.72	63.66
168.78	63.69
168.84	59.21
168.89	57.83
168.95	58.42
169.01	58.29
169.06	58.04
169.12	57.73
169.18	55.89
169.23	55.83
169.29	60.07
169.34	63.77
169.40	66.25
169.46	70.77
169.51	73.15
169.57	68.76
169.63	65.42
169.68	70.57
169.74	66.82
169.80	72.09
169.85	73.17
169.91	77.10
169.97	72.86
170.02	72.85
170.08	71.92
170.13	72.52
170.19	72.47
170.25	73.91
170.30	78.51
170.36	70.42
170.42	72.58
170.47	73.30
170.53	74.84
170.59	71.44
170.64	75.25
170.70	73.44
170.76	71.08
170.81	72.69
170.87	71.91
170.92	72.64
170.98	75.81
171.04	78.18
171.09	74.09
171.15	81.85
171.21	82.36
171.26	78.96
171.32	75.82
171.37	79.72
171.43	74.00
171.49	78.63
171.54	82.33
171.60	84.27
171.66	85.83
171.71	86.17
171.77	83.77
171.83	89.45
171.88	88.74
171.94	88.39
171.99	92.77
172.05	91.74
172.11	92.50
172.16	100.73
172.22	101.74
172.28	102.21
172.33	100.28
172.39	97.78
172.44	94.32
172.50	98.97
172.56	98.57
172.61	106.93
172.67	105.93
172.72	106.50
172.78	101.69
172.84	96.71
172.89	90.09
172.95	89.39
173.01	90.20
173.06	88.79
173.12	94.50
173.17	96.52
173.23	96.10
173.29	95.79
173.34	97.55
173.40	92.18
173.46	91.93
173.51	94.67
173.57	95.00
173.62	89.22
173.68	95.29
173.74	94.47
173.79	96.00
173.85	93.39
173.90	96.14
173.96	93.11
174.02	90.40
174.07	82.14
174.13	81.60
174.18	83.93
174.24	77.28
174.30	77.64
174.35	82.79
174.41	79.75
174.47	73.64
174.52	74.74
174.58	73.50
174.63	69.23
174.69	68.37
174.75	70.49
174.80	81.67
174.86	79.51
174.91	80.69
174.97	79.96
175.03	77.02
175.08	64.67
175.14	71.27
175.19	67.44
175.25	68.06
175.31	73.10
175.36	74.37
175.42	71.08
175.47	75.55
175.53	76.26
175.59	72.59
175.64	74.74
175.70	72.79
175.75	68.29
175.81	66.54
175.87	67.27
175.92	63.02
175.98	64.68
176.03	64.88
176.09	65.68
176.15	65.98
176.20	66.96
176.26	67.17
176.31	70.70
176.37	68.09
176.42	68.99
176.48	72.42
176.54	69.73
176.59	66.35
176.65	68.96
176.70	70.34
176.76	69.99
176.82	68.28
176.87	65.38
176.93	65.30
176.98	64.31
177.04	59.29
177.10	63.89
177.15	65.34
177.21	65.99
177.26	64.87
177.32	68.69
177.37	70.32
177.43	73.87
177.49	70.34
177.54	67.50
177.60	68.04
177.65	68.72
177.71	63.52
177.77	66.93
177.82	68.82
177.88	71.94
177.93	66.89
177.99	73.23
178.04	68.71
178.10	68.64
178.16	62.50
178.21	64.25
178.27	61.33
178.32	65.33
178.38	64.59
178.43	66.31
178.49	65.98
178.55	65.44
178.60	64.27
178.66	63.56
178.71	65.34
178.77	63.09
178.82	64.17
178.88	63.86
178.94	64.45
178.99	65.29
179.05	69.79
179.10	65.63
179.16	68.78
179.21	70.77
179.27	69.12
179.33	64.83
179.38	68.43
179.44	66.02
179.49	66.69
179.55	65.26
179.60	65.10
179.66	64.16
179.72	66.58
179.77	64.08
179.83	62.80
179.88	64.50
179.94	65.82
179.99	62.06
180.05	62.24
180.11	63.32
180.16	65.52
180.22	67.57
180.27	72.49
180.33	73.47
180.38	77.41
180.44	73.14
180.49	73.23
180.55	71.26
180.61	74.73
180.66	69.37
180.72	67.96
180.77	66.24
180.83	65.99
180.88	63.28
180.94	63.08
180.99	66.80
181.05	66.74
181.11	67.44
181.16	67.74
181.22	69.05
181.27	71.05
181.33	69.47
181.38	66.86
181.44	68.31
181.49	73.24
181.55	74.04
181.61	80.44
181.66	82.80
181.72	80.59
181.77	77.70
181.83	75.30
181.88	80.61
181.94	81.70
181.99	86.67
182.05	86.24
182.11	86.68
182.16	77.12
182.22	75.69
182.27	71.00
182.33	73.89
182.38	73.74
182.44	78.64
182.49	80.62
182.55	82.53
182.60	82.20
182.66	85.32
182.72	87.59
182.77	89.74
182.83	93.18
182.88	96.38
182.94	97.49
182.99	94.57
183.05	93.07
183.10	95.10
183.16	93.99
183.21	94.97
183.27	101.92
183.32	105.90
183.38	108.74
183.44	114.78
183.49	118.99
183.55	119.39
183.60	124.49
183.66	128.87
183.71	137.01
183.77	143.57
183.82	151.86
183.88	161.99
183.93	172.69
183.99	184.68
184.04	199.73
184.10	210.36
184.15	220.83
184.21	233.22
184.27	235.42
184.32	236.53
184.38	235.91
184.43	233.36
184.49	218.61
184.54	203.84
184.60	197.21
184.65	184.95
184.71	176.74
184.76	178.39
184.82	194.89
184.87	209.68
184.93	233.65
184.98	258.98
185.04	288.51
185.09	310.78
185.15	335.19
185.20	364.96
185.26	397.82
185.31	425.33
185.37	452.11
185.43	471.71
185.48	490.52
185.54	512.91
185.59	536.70
185.65	561.16
185.70	600.11
185.76	643.68
185.81	676.43
185.87	713.02
185.92	755.97
185.98	790.15
186.03	807.40
186.09	811.18
186.14	788.89
186.20	738.99
186.25	658.18
186.31	576.85
186.36	512.77
186.42	484.94
186.47	494.40
186.53	540.09
186.58	607.28
186.64	680.17
186.69	750.84
186.75	809.92
186.80	866.98
186.86	924.09
186.91	982.29
186.97	1037.15
187.02	1108.46
187.08	1176.01
187.13	1235.06
187.19	1300.12
187.24	1367.75
187.30	1418.20
187.35	1471.86
187.41	1541.54
187.47	1606.69
187.52	1659.73
187.58	1719.17
187.63	1787.20
187.69	1851.40
187.74	1905.11
187.80	1958.86
187.85	2004.48
187.91	2028.78
187.96	2015.84
188.02	1956.09
188.07	1848.96
188.13	1694.25
188.18	1527.46
188.24	1404.94
188.29	1345.81
188.35	1353.60
188.40	1430.49
188.46	1554.51
188.51	1675.92
188.57	1801.29
188.62	1923.90
188.67	2039.49
188.73	2147.95
188.78	2251.79
188.84	2353.84
188.89	2454.39
188.95	2555.88
189.00	2645.34
189.06	2741.46
189.11	2834.88
189.17	2917.85
189.22	2991.08
189.28	3077.85
189.33	3156.23
189.39	3218.70
189.44	3286.03
189.50	3361.36
189.55	3430.55
189.61	3481.99
189.66	3542.71
189.72	3600.29
189.77	3651.28
189.83	3677.34
189.88	3689.48
189.94	3659.45
189.99	3580.95
190.05	3430.30
190.10	3217.36
190.16	2969.55
190.21	2753.21
190.27	2614.68
190.32	2578.51
190.38	2648.69
190.43	2803.65
190.49	2988.02
190.54	3151.81
190.60	3301.16
190.65	3433.32
190.71	3552.52
190.76	3667.77
190.81	3782.44
190.87	3894.39
190.92	4015.90
190.98	4131.55
191.03	4245.26
191.09	4364.19
191.14	4472.61
191.20	4562.85
191.25	4662.26
191.31	4758.86
191.36	4847.95
191.42	4936.48
191.47	5036.06
191.53	5132.01
191.58	5209.60
191.64	5277.59
191.69	5341.54
191.75	5384.63
191.80	5415.45
191.85	5437.81
191.91	5458.89
191.96	5478.93
192.02	5506.48
192.07	5521.49
192.13	5517.95
192.18	5471.23
192.24	5357.63
192.29	5166.60
192.35	4940.02
192.40	4757.78
192.46	4649.63
192.51	4642.51
192.57	4736.27
192.62	4912.62
192.67	5094.62
192.73	5271.31
192.78	5435.34
192.84	5584.79
192.89	5719.12
192.95	5849.95
193.00	5965.56
193.06	6071.84
193.11	6180.77
193.17	6272.46
193.22	6354.89
193.28	6448.03
193.33	6525.68
193.38	6589.27
193.44	6660.19
193.49	6733.70
193.55	6788.39
193.60	6845.49
193.66	6900.66
193.71	6947.24
193.77	6974.90
193.82	6997.09
193.88	7015.91
193.93	7044.81
193.98	7068.18
194.04	7106.19
194.09	7150.54
194.15	7206.60
194.20	7248.99
194.26	7294.32
194.31	7338.73
194.37	7366.47
194.42	7372.27
194.47	7364.21
194.53	7322.07
194.58	7232.54
194.64	7127.05
194.69	7031.29
194.75	6962.42
194.80	6949.42
194.86	6990.99
194.91	7083.59
194.97	7189.63
195.02	7300.01
195.07	7404.34
195.13	7511.29
195.18	7618.91
195.24	7725.22
195.29	7833.11
195.35	7931.94
195.40	8028.98
195.46	8111.03
195.51	8198.09
195.56	8277.75
195.62	8354.68
195.67	8418.55
195.73	8485.34
195.78	8537.36
195.84	8580.75
195.89	8613.30
195.94	8652.36
196.00	8685.95
196.05	8720.96
196.11	8770.26
196.16	8826.01
196.22	8876.44
196.27	8932.06
196.32	8985.78
196.38	9029.59
196.43	9073.02
196.49	9111.69
196.54	9150.25
196.60	9195.68
196.65	9239.86
196.71	9281.71
196.76	9327.98
196.81	9360.51
196.87	9392.03
196.92	9415.59
196.98	9433.63
197.03	9441.68
197.09	9439.48
197.14	9431.09
197.19	9434.33
197.25	9451.90
197.30	9483.60
197.36	9541.58
197.41	9606.37
197.47	9668.95
197.52	9727.58
197.57	9789.80
197.63	9839.19
197.68	9890.59
197.74	9946.30
197.79	9994.57
197.84	10037.28
197.90	10086.44
197.95	10128.99
198.01	10166.62
198.06	10212.53
198.12	10258.44
198.17	10297.25
198.22	10337.19
198.28	10375.64
198.33	10415.96
198.39	10457.73
198.44	10505.51
198.49	10555.37
198.55	10606.55
198.60	10654.34
198.66	10699.34
198.71	10748.36
198.77	10796.88
198.82	10845.14
198.87	10889.40
198.93	10934.68
198.98	10975.27
199.04	11018.76
199.09	11056.50
199.14	11100.51
199.20	11144.29
199.25	11191.77
199.31	11232.92
199.36	11277.72
199.42	11322.90
199.47	11362.42
199.52	11396.27
199.58	11436.27
199.63	11465.34
199.69	11492.42
199.74	11523.20
199.79	11549.34
199.85	11576.34
199.90	11616.49
199.96	11658.12
200.01	11703.90
200.06	11762.30
200.12	11812.18
200.17	11866.33
200.23	11916.09
200.28	11959.90
200.33	12007.30
200.39	12050.47
200.44	12088.97
200.50	12132.57
200.55	12174.65
200.60	12209.36
200.66	12248.80
200.71	12283.75
200.77	12323.16
200.82	12361.64
200.87	12402.84
200.93	12438.42
200.98	12483.84
201.04	12518.30
201.09	12564.52
201.14	12613.98
201.20	12664.29
201.25	12718.04
201.31	12776.17
201.36	12838.02
201.41	12891.71
201.47	12954.21
201.52	13001.60
201.58	13061.58
201.63	13106.99
201.68	13154.55
201.74	13201.74
201.79	13256.11
201.84	13310.51
201.90	13355.86
201.95	13409.32
202.01	13464.16
202.06	13515.12
202.11	13550.27
202.17	13599.33
202.22	13641.72
202.28	13680.15
202.33	13717.84
202.38	13759.21
202.44	13803.28
202.49	13847.54
202.54	13894.37
202.60	13944.38
202.65	13993.60
202.71	14043.12
202.76	14084.84
202.81	14129.85
202.87	14177.87
202.92	14225.65
202.98	14273.43
203.03	14327.99
203.08	14377.87
203.14	14431.73
203.19	14484.11
203.24	14539.14
203.30	14592.02
203.35	14643.99
203.41	14691.03
203.46	14736.46
203.51	14777.79
203.57	14820.68
203.62	14863.71
203.67	14914.51
203.73	14961.89
203.78	15009.72
203.84	15065.09
203.89	15111.27
203.94	15150.23
204.00	15203.89
204.05	15256.11
204.10	15288.21
204.16	15326.75
204.21	15368.00
204.27	15398.97
204.32	15425.07
204.37	15465.50
204.43	15502.54
204.48	15536.49
204.53	15565.55
204.59	15610.59
204.64	15664.54
204.69	15733.47
204.75	15804.84
204.80	15888.21
204.86	15955.09
204.91	16014.20
204.96	16072.83
205.02	16122.15
205.07	16173.35
205.12	16240.62
205.18	16309.94
205.23	16371.59
205.28	16449.39
205.34	16519.32
205.39	16587.46
205.45	16651.58
205.50	16715.43
205.55	16768.34
205.61	16824.90
205.66	16875.15
205.71	16932.33
205.77	16992.87
205.82	17047.62
205.87	17102.49
205.93	17158.84
205.98	17206.84
206.03	17246.35
206.09	17295.59
206.14	17346.54
206.20	17398.54
206.25	17448.25
206.30	17508.86
206.36	17564.78
206.41	17627.58
206.46	17679.44
206.52	17729.09
206.57	17781.25
206.62	17831.16
206.68	17873.45
206.73	17924.18
206.78	17985.93
206.84	18041.93
206.89	18104.99
206.94	18167.59
207.00	18236.38
207.05	18303.32
207.11	18366.15
207.16	18418.22
207.21	18477.88
207.27	18530.55
207.32	18580.52
207.37	18643.79
207.43	18706.74
207.48	18758.29
207.53	18808.52
207.59	18861.48
207.64	18909.19
207.69	18974.98
207.75	19046.23
207.80	19109.15
207.85	19166.56
207.91	19220.14
207.96	19271.10
208.01	19325.70
208.07	19380.17
208.12	19445.94
208.17	19501.99
208.23	19545.56
208.28	19592.40
208.33	19652.56
208.39	19706.58
208.44	19771.93
208.49	19840.18
208.55	19901.91
208.60	19955.38
208.65	20010.94
208.71	20059.96
208.76	20116.01
208.81	20169.55
208.87	20232.87
208.92	20289.68
208.97	20352.69
209.03	20414.57
209.08	20481.00
209.13	20541.52
209.19	20605.69
209.24	20662.75
209.29	20724.05
209.35	20770.59
209.40	20825.36
209.45	20886.32
209.51	20952.59
209.56	21010.91
209.61	21080.69
209.67	21149.73
209.72	21207.64
209.77	21267.35
209.83	21331.53
209.88	21401.26
209.93	21462.99
209.99	21528.66
210.04	21590.61
210.09	21659.74
210.15	21716.66
210.20	21771.88
210.25	21834.33
210.31	21900.36
210.36	21949.52
210.41	22000.06
210.46	22064.73
210.52	22119.98
210.57	22168.68
210.62	22228.26
210.68	22296.36
210.73	22347.28
210.78	22407.97
210.84	22468.13
210.89	22529.18
210.94	22583.64
211.00	22648.09
211.05	22699.44
211.10	22763.06
211.16	22817.25
211.21	22886.43
211.26	22959.61
211.32	23033.84
211.37	23101.21
211.42	23169.64
211.47	23229.07
211.53	23283.17
211.58	23340.93
211.63	23401.44
211.69	23461.64
211.74	23517.64
211.79	23570.37
211.85	23630.69
211.90	23687.74
211.95	23748.29
212.01	23811.89
212.06	23886.56
212.11	23953.23
212.16	24031.56
212.22	24112.70
212.27	24184.03
212.32	24246.93
212.38	24319.38
212.43	24377.54
212.48	24437.40
212.54	24501.66
212.59	24575.65
212.64	24644.88
212.69	24710.21
212.75	24778.76
212.80	24850.04
212.85	24911.46
212.91	24960.14
212.96	25016.42
213.01	25072.06
213.07	25128.05
213.12	25190.27
213.17	25252.15
213.22	25321.00
213.28	25386.09
213.33	25433.71
213.38	25491.78
213.44	25550.32
213.49	25620.70
213.54	25687.31
213.60	25780.96
213.65	25852.90
213.70	25944.00
213.75	26009.93
213.81	26070.60
213.86	26130.03
213.91	26189.13
213.97	26235.41
214.02	26278.63
214.07	26330.18
214.12	26375.55
214.18	26421.77
214.23	26479.30
214.28	26544.32
214.34	26602.80
214.39	26659.29
214.44	26714.18
214.49	26744.72
214.55	26772.64
214.60	26796.32
214.65	26809.85
214.71	26823.73
214.76	26869.69
214.81	26936.60
214.86	27031.39
214.92	27140.97
214.97	27260.15
215.02	27366.88
215.08	27449.96
215.13	27523.46
215.18	27585.88
215.23	27641.07
215.29	27701.87
215.34	27780.66
215.39	27862.70
215.45	27959.85
215.50	28060.25
215.55	28155.40
215.60	28233.82
215.66	28292.27
215.71	28352.89
215.76	28412.14
215.81	28464.98
215.87	28521.45
215.92	28585.14
215.97	28637.84
216.03	28705.08
216.08	28762.94
216.13	28829.41
216.18	28891.28
216.24	28955.64
216.29	29003.49
216.34	29064.80
216.39	29127.83
216.45	29192.00
216.50	29245.30
216.55	29306.87
216.61	29377.30
216.66	29433.03
216.71	29491.52
216.76	29556.99
216.82	29632.74
216.87	29693.46
216.92	29766.93
216.97	29837.62
217.03	29914.47
217.08	29984.75
217.13	30064.24
217.18	30136.94
217.24	30208.15
217.29	30272.58
217.34	30320.25
217.39	30366.08
217.45	30413.80
217.50	30463.39
217.55	30522.69
217.61	30595.54
217.66	30662.64
217.71	30724.74
217.76	30799.76
217.82	30874.95
217.87	30951.43
217.92	31026.56
217.97	31102.42
218.03	31164.01
218.08	31212.20
218.13	31253.12
218.18	31299.35
218.24	31361.32
218.29	31418.43
218.34	31482.94
218.39	31551.64
218.45	31616.92
218.50	31665.71
218.55	31727.24
218.60	31789.26
218.66	31840.18
218.71	31906.90
218.76	31974.89
218.81	32044.53
218.87	32106.68
218.92	32175.27
218.97	32243.03
219.02	32312.38
219.08	32375.13
219.13	32448.81
219.18	32516.22
219.23	32572.78
219.29	32638.80
219.34	32704.77
219.39	32763.55
219.44	32828.42
219.50	32897.38
219.55	32954.56
219.60	33017.76
219.65	33086.54
219.71	33155.11
219.76	33209.82
219.81	33272.28
219.86	33327.51
219.92	33379.92
219.97	33431.69
220.02	33484.65
220.07	33541.01
220.13	33598.22
220.18	33660.79
220.23	33729.33
220.28	33813.45
220.33	33887.13
220.39	33950.58
220.44	34011.79
220.49	34062.67
220.54	34106.09
220.60	34154.81
220.65	34218.96
220.70	34280.56
220.75	34360.34
220.81	34448.71
220.86	34526.48
220.91	34591.22
220.96	34659.29
221.02	34725.41
221.07	34788.35
221.12	34846.26
221.17	34908.54
221.22	34969.33
221.28	35024.10
221.33	35078.50
221.38	35134.96
221.43	35211.29
221.49	35273.61
221.54	35336.21
221.59	35400.98
221.64	35488.98
221.69	35573.84
221.75	35677.61
221.80	35780.81
221.85	35854.17
221.90	35912.81
221.96	35969.27
222.01	35996.70
222.06	36030.47
222.11	36088.49
222.17	36143.20
222.22	36173.52
222.27	36234.02
222.32	36279.94
222.37	36328.88
222.43	36391.84
222.48	36460.29
222.53	36520.86
222.58	36597.54
222.63	36668.22
222.69	36727.24
222.74	36802.77
222.79	36872.45
222.84	36922.74
222.90	36968.65
222.95	37017.58
223.00	37050.09
223.05	37104.07
223.10	37162.53
223.16	37226.54
223.21	37279.81
223.26	37337.99
223.31	37371.04
223.36	37405.72
223.42	37437.97
223.47	37477.02
223.52	37521.29
223.57	37574.45
223.63	37628.77
223.68	37681.35
223.73	37747.90
223.78	37820.48
223.83	37886.01
223.89	37945.34
223.94	38018.74
223.99	38081.64
224.04	38152.04
224.09	38229.27
224.15	38323.85
224.20	38400.50
224.25	38492.70
224.30	38574.97
224.35	38663.33
224.41	38762.01
224.46	38861.24
224.51	38948.52
224.56	39029.76
224.61	39109.79
224.67	39175.83
224.72	39247.32
224.77	39333.33
224.82	39431.18
224.87	39519.57
224.93	39599.59
224.98	39687.56
225.03	39774.11
225.08	39846.55
225.13	39929.31
225.19	40017.79
225.24	40107.98
225.29	40179.39
225.34	40267.17
225.39	40346.96
225.45	40433.14
225.50	40510.33
225.55	40596.25
225.60	40676.24
225.65	40765.17
225.71	40850.87
225.76	40934.44
225.81	41015.29
225.86	41097.26
225.91	41173.40
225.97	41241.55
226.02	41309.16
226.07	41358.82
226.12	41409.69
226.17	41458.48
226.22	41537.79
226.28	41630.71
226.33	41747.69
226.38	41852.18
226.43	41958.08
226.48	42026.85
226.54	42084.22
226.59	42150.52
226.64	42219.17
226.69	42275.60
226.74	42344.15
226.80	42415.02
226.85	42473.36
226.90	42535.14
226.95	42618.64
227.00	42704.49
227.05	42808.23
227.11	42906.40
227.16	43000.46
227.21	43082.83
227.26	43167.33
227.31	43227.07
227.37	43285.13
227.42	43360.22
227.47	43442.49
227.52	43510.47
227.57	43576.07
227.62	43664.67
227.68	43733.78
227.73	43804.56
227.78	43880.43
227.83	43968.86
227.88	44027.06
227.93	44102.62
227.99	44183.59
228.04	44262.65
228.09	44343.74
228.14	44426.08
228.19	44500.32
228.24	44564.39
228.30	44631.56
228.35	44688.65
228.40	44756.58
228.45	44810.19
228.50	44874.96
228.56	44937.85
228.61	44997.73
228.66	45050.30
228.71	45116.80
228.76	45161.38
228.81	45206.72
228.87	45253.72
228.92	45325.13
228.97	45383.79
229.02	45469.36
229.07	45544.31
229.12	45631.80
229.17	45700.95
229.23	45772.64
229.28	45838.69
229.33	45918.17
229.38	45992.83
229.43	46066.80
229.48	46146.12
229.54	46216.16
229.59	46288.37
229.64	46359.97
229.69	46435.02
229.74	46528.01
229.79	46604.95
229.85	46678.61
229.90	46757.54
229.95	46825.78
230.00	46876.79
230.05	46958.66
230.10	47023.82
230.16	47079.09
230.21	47138.68
230.26	47193.78
230.31	47228.25
230.36	47290.54
230.41	47356.92
230.46	47433.93
230.52	47534.38
230.57	47623.36
230.62	47703.61
230.67	47773.00
230.72	47833.99
230.77	47866.61
230.82	47920.65
230.88	47952.12
230.93	47991.31
230.98	48026.07
231.03	48083.25
231.08	48132.98
231.13	48185.38
231.19	48250.86
231.24	48325.31
231.29	48408.62
231.34	48483.81
231.39	48574.90
231.44	48654.80
231.49	48713.65
231.55	48752.89
231.60	48794.30
231.65	48840.15
231.70	48878.88
231.75	48926.54
231.80	48974.15
231.85	49028.64
231.91	49072.70
231.96	49117.81
232.01	49175.38
232.06	49238.78
232.11	49313.55
232.16	49391.60
232.21	49481.24
232.26	49572.32
232.32	49651.63
232.37	49707.44
232.42	49762.77
232.47	49809.54
232.52	49852.91
232.57	49909.18
232.62	49976.93
232.68	50044.45
232.73	50118.47
232.78	50194.11
232.83	50262.91
232.88	50333.37
232.93	50401.28
232.98	50467.09
233.03	50515.50
233.09	50581.44
233.14	50642.74
233.19	50707.69
233.24	50758.76
233.29	50824.73
233.34	50856.90
233.39	50877.51
233.45	50904.45
233.50	50950.73
233.55	50995.75
233.60	51061.02
233.65	51130.92
233.70	51196.24
233.75	51242.24
233.80	51285.89
233.86	51336.76
233.91	51383.70
233.96	51428.87
234.01	51482.30
234.06	51540.44
234.11	51597.88
234.16	51661.37
234.21	51725.05
234.26	51778.65
234.32	51812.60
234.37	51845.66
234.42	51885.66
234.47	51903.15
234.52	51930.41
234.57	51976.63
234.62	52014.28
234.67	52050.45
234.73	52111.24
234.78	52164.94
234.83	52213.77
234.88	52272.01
234.93	52313.61
234.98	52354.70
235.03	52407.05
235.08	52466.33
235.13	52515.70
235.19	52578.13
235.24	52637.94
235.29	52696.73
235.34	52742.74
235.39	52776.99
235.44	52818.17
235.49	52857.86
235.54	52879.61
235.59	52898.23
235.65	52933.04
235.70	52964.97
235.75	53000.99
235.80	53058.80
235.85	53119.56
235.90	53162.37
235.95	53188.26
236.00	53207.54
236.05	53220.84
236.11	53245.00
236.16	53279.44
236.21	53329.17
236.26	53371.54
236.31	53406.01
236.36	53429.10
236.41	53445.06
236.46	53448.40
236.51	53461.88
236.56	53492.62
236.62	53517.24
236.67	53546.10
236.72	53599.74
236.77	53631.92
236.82	53669.29
236.87	53693.02
236.92	53721.76
236.97	53747.79
237.02	53792.11
237.07	53838.49
237.13	53913.63
237.18	53967.59
237.23	54015.87
237.28	54056.87
237.33	54091.82
237.38	54108.15
237.43	54139.57
237.48	54139.00
237.53	54167.95
237.58	54200.66
237.63	54236.23
237.69	54272.30
237.74	54330.56
237.79	54367.25
237.84	54369.98
237.89	54375.49
237.94	54384.73
237.99	54404.37
238.04	54418.91
238.09	54452.08
238.14	54481.03
238.19	54508.69
238.25	54526.90
238.30	54521.81
238.35	54513.52
238.40	54514.74
238.45	54517.67
238.50	54514.14
238.55	54527.70
238.60	54571.26
238.65	54594.12
238.70	54608.86
238.75	54625.92
238.80	54656.27
238.86	54649.74
238.91	54665.15
238.96	54688.87
239.01	54723.72
239.06	54749.47
239.11	54779.00
239.16	54809.90
239.21	54825.41
239.26	54815.29
239.31	54829.74
239.36	54842.02
239.41	54858.22
239.46	54875.59
239.52	54913.80
239.57	54933.83
239.62	54953.53
239.67	54973.78
239.72	55005.12
239.77	55018.22
239.82	55035.65
239.87	55052.82
239.92	55057.38
239.97	55049.46
240.02	55042.79
240.07	55023.41
240.12	55015.02
240.17	55015.44
240.23	55008.70
240.28	55009.79
240.33	55021.61
240.38	55020.50
240.43	55023.57
240.48	55047.29
240.53	55070.45
240.58	55092.49
240.63	55124.69
240.68	55130.46
240.73	55122.99
240.78	55122.11
240.83	55125.16
240.88	55105.79
240.93	55101.11
240.98	55104.04
241.04	55120.21
241.09	55137.69
241.14	55163.73
241.19	55199.69
241.24	55222.67
241.29	55233.23
241.34	55239.26
241.39	55260.15
241.44	55264.27
241.49	55279.67
241.54	55280.63
241.59	55268.79
241.64	55257.80
241.69	55249.78
241.74	55231.39
241.79	55222.44
241.84	55222.68
241.90	55204.50
241.95	55183.70
242.00	55163.09
242.05	55142.14
242.10	55126.79
242.15	55114.29
242.20	55106.59
242.25	55103.84
242.30	55091.14
242.35	55086.59
242.40	55086.14
242.45	55078.58
242.50	55066.16
242.55	55071.70
242.60	55067.38
242.65	55062.56
242.70	55086.17
242.75	55111.29
242.80	55143.73
242.85	55171.19
242.91	55185.31
242.96	55171.11
243.01	55153.22
243.06	55122.50
243.11	55085.85
243.16	55071.28
243.21	55064.12
243.26	55077.93
243.31	55091.34
243.36	55105.93
243.41	55115.27
243.46	55120.48
243.51	55086.98
243.56	55037.67
243.61	54990.51
243.66	54952.61
243.71	54915.52
243.76	54915.64
243.81	54928.52
243.86	54927.11
243.91	54929.17
243.96	54925.39
244.01	54902.49
244.06	54886.41
244.12	54879.25
244.17	54864.43
244.22	54866.85
244.27	54895.33
244.32	54919.66
244.37	54946.28
244.42	54953.23
244.47	54946.91
244.52	54924.60
244.57	54891.85
244.62	54860.14
244.67	54842.79
244.72	54822.63
244.77	54812.16
244.82	54829.87
244.87	54856.10
244.92	54873.33
244.97	54888.76
245.02	54890.96
245.07	54859.05
245.12	54842.42
245.17	54826.96
245.22	54828.74
245.27	54823.40
245.32	54798.17
245.37	54753.74
245.42	54704.98
245.47	54653.77
245.52	54608.16
245.57	54592.89
245.62	54572.95
245.67	54562.69
245.72	54555.09
245.77	54527.93
245.82	54505.40
245.87	54512.33
245.92	54520.81
245.98	54506.69
246.03	54515.27
246.08	54526.57
246.13	54519.49
246.18	54520.29
246.23	54519.84
246.28	54504.95
246.33	54490.75
246.38	54458.19
246.43	54426.30
246.48	54414.93
246.53	54415.68
246.58	54427.09
246.63	54444.66
246.68	54432.04
246.73	54417.49
246.78	54394.72
246.83	54335.67
246.88	54274.50
246.93	54227.97
246.98	54168.98
247.03	54128.46
247.08	54115.65
247.13	54106.00
247.18	54109.16
247.23	54138.06
247.28	54151.68
247.33	54145.87
247.38	54133.61
247.43	54118.64
247.48	54093.26
247.53	54060.95
247.58	54028.73
247.63	53999.04
247.68	53959.59
247.73	53905.74
247.78	53868.24
247.83	53836.59
247.88	53812.32
247.93	53811.63
247.98	53818.02
248.03	53824.39
248.08	53844.89
248.13	53851.24
248.18	53825.90
248.23	53811.67
248.28	53780.75
248.33	53733.37
248.38	53698.79
248.43	53681.87
248.48	53657.36
248.53	53644.34
248.58	53632.41
248.63	53627.40
248.68	53605.81
248.73	53573.35
248.78	53538.55
248.83	53489.66
248.88	53412.68
248.93	53347.32
248.98	53278.34
249.03	53231.65
249.08	53205.69
249.13	53204.79
249.18	53198.45
249.23	53208.01
249.28	53203.26
249.33	53194.08
249.38	53175.60
249.43	53162.29
249.48	53146.51
249.53	53130.16
249.58	53111.52
249.63	53097.38
249.68	53075.91
249.73	53057.94
249.78	53032.44
249.83	53025.48
249.88	52988.52
249.93	52971.96
249.98	52963.25
250.03	52962.73
250.08	52938.28
250.13	52946.42
250.18	52931.14
250.23	52885.04
250.28	52834.61
250.33	52779.24
250.37	52732.16
250.42	52689.11
250.47	52665.66
250.52	52647.61
250.57	52629.24
250.62	52592.09
250.67	52558.14
250.72	52538.91
250.77	52492.60
250.82	52477.47
250.87	52471.05
250.92	52465.04
250.97	52436.08
251.02	52436.43
251.07	52427.26
251.12	52409.16
251.17	52380.27
251.22	52353.87
251.27	52321.83
251.32	52272.78
251.37	52216.17
251.42	52169.71
251.47	52126.10
251.52	52093.10
251.57	52071.39
251.62	52067.25
251.67	52055.91
251.72	52044.95
251.77	52010.34
251.82	51971.03
251.87	51927.78
251.92	51873.64
251.97	51816.22
252.02	51777.23
252.07	51757.41
252.12	51736.69
252.16	51739.32
252.21	51737.39
252.26	51739.87
252.31	51732.88
252.36	51729.05
252.41	51705.67
252.46	51687.09
252.51	51654.85
252.56	51624.73
252.61	51596.22
252.66	51570.85
252.71	51549.23
252.76	51520.79
252.81	51466.04
252.86	51409.49
252.91	51364.84
252.96	51299.57
253.01	51236.50
253.06	51186.69
253.11	51136.83
253.16	51091.07
253.21	51045.23
253.26	51008.90
253.31	50984.18
253.36	50952.80
253.40	50927.98
253.45	50913.93
253.50	50872.74
253.55	50827.96
253.60	50787.81
253.65	50743.47
253.70	50710.39
253.75	50700.52
253.80	50685.85
253.85	50685.59
253.90	50686.87
253.95	50681.23
254.00	50677.45
254.05	50664.28
254.10	50627.87
254.15	50591.50
254.20	50559.74
254.25	50520.08
254.30	50494.72
254.35	50456.62
254.39	50387.54
254.44	50309.68
254.49	50234.32
254.54	50195.56
254.59	50164.10
254.64	50168.99
254.69	50166.80
254.74	50163.84
254.79	50129.13
254.84	50091.58
254.89	50059.03
254.94	50040.81
254.99	50030.42
255.04	50016.46
255.09	50016.75
255.14	49986.76
255.19	49975.51
255.23	49971.78
255.28	49962.71
255.33	49945.55
255.38	49942.41
255.43	49919.66
255.48	49883.14
255.53	49838.90
255.58	49810.33
255.63	49774.28
255.68	49733.51
255.73	49690.69
255.78	49664.39
255.83	49638.15
255.88	49617.71
255.93	49590.12
255.97	49571.09
256.02	49539.53
256.07	49495.65
256.12	49433.00
256.17	49379.26
256.22	49328.34
256.27	49278.49
256.32	49233.39
256.37	49207.29
256.42	49194.07
256.47	49168.45
256.52	49141.24
256.57	49118.57
256.62	49103.89
256.66	49089.63
256.71	49060.15
256.76	49018.84
256.81	48975.51
256.86	48916.29
256.91	48856.47
256.96	48811.10
257.01	48784.56
257.06	48755.85
257.11	48720.34
257.16	48674.38
257.21	48638.74
257.26	48599.68
257.30	48567.14
257.35	48533.84
257.40	48509.12
257.45	48483.17
257.50	48455.86
257.55	48418.35
257.60	48396.61
257.65	48375.06
257.70	48344.16
257.75	48312.54
257.80	48289.82
257.85	48249.02
257.89	48203.54
257.94	48148.17
257.99	48092.69
258.04	48028.74
258.09	47998.97
258.14	47962.54
258.19	47946.50
258.24	47925.25
258.29	47891.34
258.34	47850.16
258.39	47816.70
258.44	47759.35
258.48	47701.67
258.53	47671.24
258.58	47628.96
258.63	47579.07
258.68	47534.30
258.73	47509.59
258.78	47470.45
258.83	47426.65
258.88	47390.60
258.93	47362.85
258.97	47332.57
259.02	47302.52
259.07	47281.34
259.12	47256.26
259.17	47240.57
259.22	47215.60
259.27	47185.98
259.32	47164.58
259.37	47130.90
259.42	47091.77
259.47	47048.97
259.51	47011.24
259.56	46946.34
259.61	46877.52
259.66	46796.89
259.71	46720.19
259.76	46650.29
259.81	46589.62
259.86	46552.70
259.91	46525.03
259.95	46500.69
260.00	46472.49
260.05	46448.15
260.10	46419.79
260.15	46405.35
260.20	46396.51
260.25	46390.05
260.30	46384.35
260.35	46360.71
260.40	46319.43
260.44	46291.43
260.49	46266.74
260.54	46231.56
260.59	46203.80
260.64	46204.62
260.69	46197.01
260.74	46165.26
260.79	46131.19
260.84	46090.03
260.88	46023.53
260.93	45950.28
260.98	45906.37
261.03	45874.98
261.08	45849.99
261.13	45823.76
261.18	45788.09
261.23	45735.20
261.28	45685.14
261.32	45646.43
261.37	45599.70
261.42	45559.04
261.47	45536.24
261.52	45491.57
261.57	45437.97
261.62	45395.09
261.67	45345.53
261.71	45274.31
261.76	45230.38
261.81	45181.32
261.86	45130.37
261.91	45081.30
261.96	45046.31
262.01	45009.89
262.06	44988.78
262.10	44973.72
262.15	44962.47
262.20	44944.76
262.25	44922.26
262.30	44897.17
262.35	44872.37
262.40	44845.91
262.45	44816.57
262.49	44789.16
262.54	44759.52
262.59	44719.10
262.64	44680.86
262.69	44645.71
262.74	44599.04
262.79	44536.25
262.84	44497.69
262.88	44460.79
262.93	44414.22
262.98	44373.91
263.03	44339.75
263.08	44283.84
263.13	44207.11
263.18	44149.52
263.23	44089.26
263.27	44043.33
263.32	44007.82
263.37	43992.81
263.42	43964.42
263.47	43944.21
263.52	43920.41
263.57	43882.21
263.61	43844.36
263.66	43815.27
263.71	43772.30
263.76	43737.64
263.81	43704.90
263.86	43675.68
263.91	43627.33
263.95	43573.26
264.00	43508.44
264.05	43451.74
264.10	43380.02
264.15	43315.49
264.20	43275.85
264.25	43232.64
264.29	43193.80
264.34	43142.80
264.39	43108.86
264.44	43055.03
264.49	43006.75
264.54	42957.24
264.59	42926.74
264.63	42885.03
264.68	42842.74
264.73	42799.06
264.78	42749.69
264.83	42700.96
264.88	42657.17
264.93	42630.94
264.97	42600.38
265.02	42580.94
265.07	42556.38
265.12	42515.18
265.17	42465.62
265.22	42427.88
265.27	42370.26
265.31	42315.22
265.36	42260.60
265.41	42206.32
265.46	42140.93
265.51	42072.55
265.56	42006.38
265.60	41952.57
265.65	41893.24
265.70	41837.43
265.75	41792.77
265.80	41741.63
265.85	41685.79
265.90	41627.12
265.94	41577.29
265.99	41515.20
266.04	41465.77
266.09	41420.83
266.14	41387.46
266.19	41342.82
266.23	41314.33
266.28	41274.43
266.33	41246.88
266.38	41216.59
266.43	41197.75
266.48	41170.35
266.52	41140.09
266.57	41098.59
266.62	41062.16
266.67	41011.58
266.72	40961.20
266.77	40933.62
266.81	40903.63
266.86	40872.16
266.91	40846.28
266.96	40810.01
267.01	40760.85
267.06	40707.98
267.10	40651.54
267.15	40583.53
267.20	40550.89
267.25	40518.62
267.30	40485.57
267.35	40455.63
267.39	40434.06
267.44	40396.81
267.49	40350.41
267.54	40303.11
267.59	40251.56
267.64	40191.19
267.68	40125.28
267.73	40066.41
267.78	40032.67
267.83	40010.23
267.88	40007.50
267.93	40009.06
267.97	40001.16
268.02	39960.19
268.07	39910.94
268.12	39847.38
268.17	39777.11
268.21	39726.64
268.26	39678.55
268.31	39634.59
268.36	39592.50
268.41	39551.96
268.46	39503.79
268.50	39468.68
268.55	39421.69
268.60	39363.10
268.65	39300.88
268.70	39223.71
268.74	39153.56
268.79	39078.56
268.84	39025.22
268.89	38988.90
268.94	38957.58
268.99	38923.44
269.03	38888.77
269.08	38840.84
269.13	38769.63
269.18	38696.94
269.23	38596.47
269.27	38486.28
269.32	38367.62
269.37	38237.56
269.42	38098.28
269.47	37961.89
269.51	37825.48
269.56	37681.44
269.61	37542.37
269.66	37392.04
269.71	37241.55
269.76	37094.19
269.80	36940.35
269.85	36793.35
269.90	36656.76
269.95	36512.20
270.00	36355.56
270.04	36217.95
270.09	36075.81
270.14	35927.60
270.19	35786.36
270.24	35657.37
270.28	35493.06
270.33	35323.10
270.38	35148.18
270.43	34971.04
270.48	34785.58
270.52	34639.18
270.57	34484.28
270.62	34324.64
270.67	34177.72
270.72	34023.72
270.76	33846.48
270.81	33673.74
270.86	33501.54
270.91	33325.51
270.96	33155.14
271.00	32989.16
271.05	32837.09
271.10	32697.79
271.15	32565.24
271.20	32444.49
271.24	32318.23
271.29	32184.13
271.34	32043.82
271.39	31889.93
271.44	31735.01
271.48	31600.32
271.53	31454.50
271.58	31312.66
271.63	31172.47
271.67	31034.69
271.72	30887.74
271.77	30746.82
271.82	30607.23
271.87	30467.14
271.91	30305.68
271.96	30157.92
272.01	30018.01
272.06	29884.53
272.11	29765.26
272.15	29664.06
272.20	29555.37
272.25	29456.82
272.30	29359.34
272.35	29253.89
272.39	29150.21
272.44	29033.84
272.49	28897.66
272.54	28757.97
272.58	28609.42
272.63	28455.76
272.68	28299.85
272.73	28145.19
272.78	27975.32
272.82	27774.55
272.87	27558.16
272.92	27276.65
272.97	26754.42
273.01	23805.98
273.06	18880.34
273.11	13442.70
273.16	8111.46
273.21	3053.64
273.25	461.02
273.30	-88.82
273.35	-89.93
