165.32	3384.06
165.38	-248.61
165.44	596.64
165.50	-77.14
165.55	-18.08
165.61	4.79
165.67	33.37
165.72	42.93
165.78	48.74
165.84	47.53
165.89	44.58
165.95	42.70
166.01	42.01
166.06	43.24
166.12	45.65
166.18	44.00
166.23	45.66
166.29	44.77
166.35	41.67
166.40	40.79
166.46	47.07
166.52	49.79
166.57	50.90
166.63	51.63
166.69	54.09
166.74	47.99
166.80	48.61
166.86	50.71
166.91	51.50
166.97	45.99
167.03	48.61
167.08	42.69
167.14	41.80
167.20	39.92
167.25	52.53
167.31	52.66
167.37	58.01
167.42	59.70
167.48	65.67
167.54	60.13
167.59	59.82
167.65	55.19
167.71	55.26
167.76	53.92
167.82	49.21
167.88	48.94
167.93	57.47
167.99	56.23
168.05	58.57
168.10	66.13
168.16	65.36
168.21	63.09
168.27	67.94
168.33	69.63
168.38	62.89
168.44	67.44
168.50	65.90
168.55	63.80
168.61	64.34
168.67	66.10
168.72	63.75
168.78	63.72
168.84	59.92
168.89	58.49
168.95	59.27
169.01	58.63
169.06	58.44
169.12	57.60
169.18	55.64
169.23	55.76
169.29	59.91
169.34	64.49
169.40	67.18
169.46	71.81
169.51	73.74
169.57	69.29
169.63	64.87
169.68	70.01
169.74	66.29
169.80	71.84
169.85	73.09
169.91	77.45
169.97	73.72
170.02	73.86
170.08	72.87
170.13	73.39
170.19	73.29
170.25	74.39
170.30	78.41
170.36	70.11
170.42	72.36
170.47	72.97
170.53	74.33
170.59	71.28
170.64	74.94
170.70	73.34
170.76	70.78
170.81	72.34
170.87	71.64
170.92	72.92
170.98	75.61
171.04	78.16
171.09	74.21
171.15	81.63
171.21	82.19
171.26	79.27
171.32	76.79
171.37	80.64
171.43	75.01
171.49	79.21
171.54	82.44
171.60	83.93
171.66	85.58
171.71	86.34
171.77	84.22
171.83	89.89
171.88	88.90
171.94	88.26
171.99	92.69
172.05	91.68
172.11	92.79
172.16	101.42
172.22	102.17
172.28	102.39
172.33	100.30
172.39	97.27
172.44	94.44
172.50	99.63
172.56	98.77
172.61	107.52
172.67	106.93
172.72	106.45
172.78	101.22
172.84	96.25
172.89	89.37
172.95	88.49
173.01	89.69
173.06	88.37
173.12	94.48
173.17	96.09
173.23	95.94
173.29	95.80
173.34	97.45
173.40	92.03
173.46	92.37
173.51	94.89
173.57	94.94
173.62	89.74
173.68	95.93
173.74	95.10
173.79	96.53
173.85	93.37
173.90	95.97
173.96	92.56
174.02	89.20
174.07	80.76
174.13	80.37
174.18	82.71
174.24	76.51
174.30	76.95
174.35	82.60
174.41	79.38
174.47	73.33
174.52	73.92
174.58	72.74
174.63	68.48
174.69	68.14
174.75	69.86
174.80	81.14
174.86	78.83
174.91	79.99
174.97	79.53
175.03	77.15
175.08	65.09
175.14	71.70
175.19	67.60
175.25	68.20
175.31	72.59
175.36	73.81
175.42	70.99
175.47	75.74
175.53	75.90
175.59	72.59
175.64	74.31
175.70	72.12
175.75	67.21
175.81	66.00
175.87	66.43
175.92	62.88
175.98	64.61
176.03	64.59
176.09	64.73
176.15	65.54
176.20	66.26
176.26	66.37
176.31	70.02
176.37	67.51
176.42	68.24
176.48	72.20
176.54	69.89
176.59	66.55
176.65	69.34
176.70	70.43
176.76	69.53
176.82	67.30
176.87	64.44
176.93	64.66
176.98	63.83
177.04	58.93
177.10	63.70
177.15	65.34
177.21	65.88
177.26	64.24
177.32	67.98
177.37	70.06
177.43	73.59
177.49	70.89
177.54	68.23
177.60	68.48
177.65	68.40
177.71	63.40
177.77	65.64
177.82	67.78
177.88	71.83
177.93	67.42
177.99	73.69
178.04	69.61
178.10	70.35
178.16	63.37
178.21	64.33
178.27	61.49
178.32	65.54
178.38	64.45
178.43	66.14
178.49	66.30
178.55	65.10
178.60	63.89
178.66	62.90
178.71	64.25
178.77	61.92
178.82	63.39
178.88	63.13
178.94	63.98
178.99	65.28
179.05	69.48
179.10	65.37
179.16	68.42
179.21	70.56
179.27	69.38
179.33	65.41
179.38	69.51
179.44	67.76
179.49	67.79
179.55	65.72
179.60	65.80
179.66	64.74
179.72	66.53
179.77	63.75
179.83	62.55
179.88	64.24
179.94	65.35
179.99	61.66
180.05	62.55
180.11	63.68
180.16	66.38
180.22	68.92
180.27	73.40
180.33	74.12
180.38	78.17
180.44	73.56
180.49	73.25
180.55	71.32
180.61	74.94
180.66	70.22
180.72	68.52
180.77	66.62
180.83	66.69
180.88	63.98
180.94	63.25
180.99	66.80
181.05	66.75
181.11	67.74
181.16	67.80
181.22	69.30
181.27	71.39
181.33	70.08
181.38	66.85
181.44	67.89
181.49	72.31
181.55	73.11
181.61	79.64
181.66	82.41
181.72	80.69
181.77	77.80
181.83	75.45
181.88	79.86
181.94	81.56
181.99	86.51
182.05	87.20
182.11	87.93
182.16	78.96
182.22	76.59
182.27	71.88
182.33	73.95
182.38	73.65
182.44	78.31
182.49	80.21
182.55	82.08
182.60	81.86
182.66	84.77
182.72	87.03
182.77	89.41
182.83	92.90
182.88	95.50
182.94	96.95
182.99	93.91
183.05	92.34
183.10	94.66
183.16	94.07
183.21	94.62
183.27	101.86
183.32	105.63
183.38	107.86
183.44	113.88
183.49	118.19
183.55	119.14
183.60	125.03
183.66	129.99
183.71	138.04
183.77	144.66
183.82	152.16
183.88	161.47
183.93	171.49
183.99	183.47
184.04	199.32
184.10	210.35
184.15	220.81
184.21	233.27
184.27	234.93
184.32	235.80
184.38	234.88
184.43	232.97
184.49	218.75
184.54	204.99
184.60	198.01
184.65	186.58
184.71	178.13
184.76	180.23
184.82	195.60
184.87	210.37
184.93	233.16
184.98	258.16
185.04	287.11
185.09	310.27
185.15	333.87
185.20	364.14
185.26	397.64
185.31	424.18
185.37	450.59
185.43	470.32
185.48	488.51
185.54	509.73
185.59	534.75
185.65	558.78
185.70	597.17
185.76	640.68
185.81	674.05
185.87	709.05
185.92	752.33
185.98	787.64
186.03	803.37
186.09	806.48
186.14	784.70
186.20	734.77
186.25	653.59
186.31	574.53
186.36	511.81
186.42	484.09
186.47	493.94
186.53	540.61
186.58	607.31
186.64	679.60
186.69	751.01
186.75	809.57
186.80	866.45
186.86	923.06
186.91	981.21
186.97	1036.07
187.02	1106.66
187.08	1174.56
187.13	1234.77
187.19	1300.81
187.24	1369.14
187.30	1419.63
187.35	1473.09
187.41	1540.81
187.47	1604.25
187.52	1658.44
187.58	1718.54
187.63	1786.37
187.69	1852.42
187.74	1907.07
187.80	1957.55
187.85	2002.30
187.91	2024.22
187.96	2010.87
188.02	1950.84
188.07	1845.21
188.13	1689.78
188.18	1526.06
188.24	1404.26
188.29	1345.65
188.35	1353.37
188.40	1431.23
188.46	1554.09
188.51	1675.95
188.57	1802.51
188.62	1924.98
188.67	2040.91
188.73	2149.39
188.78	2252.59
188.84	2352.96
188.89	2454.43
188.95	2557.95
189.00	2647.71
189.06	2744.07
189.11	2836.57
189.17	2918.62
189.22	2989.94
189.28	3074.03
189.33	3149.50
189.39	3213.66
189.44	3281.23
189.50	3356.26
189.55	3426.59
189.61	3481.62
189.66	3539.70
189.72	3595.55
189.77	3646.05
189.83	3675.60
189.88	3686.24
189.94	3657.08
189.99	3580.10
190.05	3430.66
190.10	3215.89
190.16	2969.12
190.21	2754.71
190.27	2615.23
190.32	2580.99
190.38	2649.78
190.43	2804.61
190.49	2985.47
190.54	3149.52
190.60	3299.34
190.65	3431.29
190.71	3551.44
190.76	3667.52
190.81	3782.65
190.87	3891.41
190.92	4015.46
190.98	4131.01
191.03	4244.79
191.09	4364.84
191.14	4473.64
191.20	4561.33
191.25	4659.65
191.31	4758.14
191.36	4849.61
191.42	4939.35
191.47	5041.04
191.53	5136.82
191.58	5215.29
191.64	5280.80
191.69	5344.72
191.75	5386.70
191.80	5416.24
191.85	5436.32
191.91	5456.98
191.96	5476.39
192.02	5504.49
192.07	5517.99
192.13	5515.19
192.18	5468.98
192.24	5356.38
192.29	5164.13
192.35	4945.16
192.40	4764.54
192.46	4656.16
192.51	4647.92
192.57	4741.22
192.62	4913.45
192.67	5095.30
192.73	5271.29
192.78	5435.11
192.84	5587.50
192.89	5720.96
192.95	5848.85
193.00	5965.83
193.06	6074.26
193.11	6178.89
193.17	6271.65
193.22	6355.60
193.28	6444.89
193.33	6518.70
193.38	6587.03
193.44	6657.78
193.49	6731.64
193.55	6789.64
193.60	6850.88
193.66	6903.93
193.71	6949.37
193.77	6977.00
193.82	6999.74
193.88	7018.23
193.93	7045.73
193.98	7069.99
194.04	7108.19
194.09	7153.01
194.15	7203.59
194.20	7247.27
194.26	7288.54
194.31	7329.55
194.37	7355.79
194.42	7363.51
194.47	7356.22
194.53	7315.45
194.58	7230.30
194.64	7123.99
194.69	7028.37
194.75	6959.05
194.80	6946.12
194.86	6983.25
194.91	7074.95
194.97	7180.30
195.02	7294.02
195.07	7403.60
195.13	7514.09
195.18	7623.35
195.24	7729.41
195.29	7834.39
195.35	7929.00
195.40	8027.11
195.46	8106.61
195.51	8194.93
195.56	8273.44
195.62	8349.45
195.67	8415.70
195.73	8484.11
195.78	8537.29
195.84	8578.67
195.89	8613.23
195.94	8646.51
196.00	8678.40
196.05	8712.60
196.11	8759.00
196.16	8808.50
196.22	8860.33
196.27	8918.91
196.32	8972.69
196.38	9019.67
196.43	9067.39
196.49	9108.93
196.54	9145.92
196.60	9186.19
196.65	9229.15
196.71	9275.13
196.76	9320.70
196.81	9356.96
196.87	9392.08
196.92	9424.74
196.98	9441.92
197.03	9456.26
197.09	9455.75
197.14	9449.68
197.19	9445.15
197.25	9464.72
197.30	9484.97
197.36	9533.36
197.41	9597.89
197.47	9662.73
197.52	9720.12
197.57	9786.01
197.63	9841.96
197.68	9896.37
197.74	9946.79
197.79	9992.75
197.84	10036.54
197.90	10083.26
197.95	10122.46
198.01	10167.00
198.06	10208.27
198.12	10255.15
198.17	10293.24
198.22	10333.49
198.28	10369.71
198.33	10412.70
198.39	10453.45
198.44	10504.43
198.49	10552.76
198.55	10599.78
198.60	10647.72
198.66	10689.32
198.71	10739.05
198.77	10790.06
198.82	10841.40
198.87	10889.97
198.93	10938.46
198.98	10979.04
199.04	11020.43
199.09	11059.33
199.14	11102.25
199.20	11142.92
199.25	11181.25
199.31	11222.04
199.36	11268.75
199.42	11308.75
199.47	11351.90
199.52	11396.58
199.58	11437.59
199.63	11467.28
199.69	11502.46
199.74	11535.77
199.79	11556.86
199.85	11583.05
199.90	11622.95
199.96	11657.64
200.01	11701.44
200.06	11755.98
200.12	11805.74
200.17	11853.89
200.23	11905.64
200.28	11947.32
200.33	11995.00
200.39	12043.65
200.44	12085.00
200.50	12130.65
200.55	12170.08
200.60	12206.51
200.66	12243.29
200.71	12282.78
200.77	12321.38
200.82	12367.12
200.87	12409.04
200.93	12445.29
200.98	12485.34
201.04	12522.27
201.09	12560.70
201.14	12610.93
201.20	12662.07
201.25	12715.79
201.31	12770.42
201.36	12832.75
201.41	12888.50
201.47	12949.29
201.52	12999.08
201.58	13059.84
201.63	13105.61
201.68	13150.44
201.74	13195.93
201.79	13247.36
201.84	13292.97
201.90	13340.25
201.95	13389.37
202.01	13443.06
202.06	13501.02
202.11	13548.64
202.17	13602.77
202.22	13654.00
202.28	13696.67
202.33	13734.67
202.38	13773.04
202.44	13814.98
202.49	13856.46
202.54	13901.90
202.60	13946.88
202.65	13993.64
202.71	14045.50
202.76	14090.00
202.81	14130.07
202.87	14177.17
202.92	14223.67
202.98	14270.25
203.03	14320.77
203.08	14378.19
203.14	14431.67
203.19	14487.58
203.24	14537.92
203.30	14591.30
203.35	14636.83
203.41	14681.94
203.46	14724.71
203.51	14768.97
203.57	14810.13
203.62	14859.32
203.67	14915.15
203.73	14966.62
203.78	15013.12
203.84	15067.62
203.89	15113.37
203.94	15156.38
204.00	15203.13
204.05	15252.75
204.10	15289.46
204.16	15327.65
204.21	15367.87
204.27	15403.35
204.32	15431.04
204.37	15471.32
204.43	15504.62
204.48	15532.19
204.53	15563.07
204.59	15608.13
204.64	15661.07
204.69	15734.78
204.75	15812.57
204.80	15893.13
204.86	15964.50
204.91	16025.27
204.96	16079.94
205.02	16124.86
205.07	16175.76
205.12	16239.24
205.18	16305.84
205.23	16371.33
205.28	16443.90
205.34	16512.37
205.39	16577.06
205.45	16641.79
205.50	16698.54
205.55	16760.51
205.61	16821.82
205.66	16876.09
205.71	16935.31
205.77	16996.15
205.82	17054.59
205.87	17111.95
205.93	17160.80
205.98	17206.49
206.03	17251.05
206.09	17295.12
206.14	17342.14
206.20	17397.76
206.25	17451.24
206.30	17512.47
206.36	17572.70
206.41	17638.37
206.46	17696.85
206.52	17747.11
206.57	17795.71
206.62	17836.73
206.68	17874.01
206.73	17916.88
206.78	17974.27
206.84	18028.21
206.89	18089.61
206.94	18151.64
207.00	18222.90
207.05	18289.19
207.11	18357.14
207.16	18418.51
207.21	18480.28
207.27	18534.24
207.32	18585.92
207.37	18645.79
207.43	18699.51
207.48	18747.32
207.53	18800.99
207.59	18858.43
207.64	18906.30
207.69	18977.12
207.75	19048.25
207.80	19108.17
207.85	19161.31
207.91	19216.99
207.96	19265.54
208.01	19321.26
208.07	19378.70
208.12	19442.27
208.17	19498.83
208.23	19547.19
208.28	19594.53
208.33	19652.58
208.39	19711.44
208.44	19780.84
208.49	19845.37
208.55	19905.97
208.60	19959.89
208.65	20007.91
208.71	20055.29
208.76	20107.79
208.81	20170.85
208.87	20230.08
208.92	20288.52
208.97	20349.73
209.03	20411.13
209.08	20472.68
209.13	20532.36
209.19	20595.16
209.24	20649.90
209.29	20715.47
209.35	20762.43
209.40	20826.19
209.45	20890.34
209.51	20957.99
209.56	21018.04
209.61	21089.23
209.67	21152.91
209.72	21216.73
209.77	21275.96
209.83	21340.24
209.88	21410.86
209.93	21475.48
209.99	21538.40
210.04	21606.43
210.09	21669.02
210.15	21718.31
210.20	21777.53
210.25	21838.23
210.31	21898.79
210.36	21949.67
210.41	22003.19
210.46	22064.38
210.52	22120.03
210.57	22169.64
210.62	22232.21
210.68	22297.65
210.73	22341.61
210.78	22401.64
210.84	22464.14
210.89	22523.39
210.94	22581.50
211.00	22647.64
211.05	22694.91
211.10	22756.64
211.16	22813.63
211.21	22882.94
211.26	22949.47
211.32	23027.76
211.37	23092.96
211.42	23162.54
211.47	23227.05
211.53	23293.01
211.58	23347.77
211.63	23404.60
211.69	23463.85
211.74	23515.11
211.79	23562.29
211.85	23622.48
211.90	23684.17
211.95	23750.12
212.01	23817.50
212.06	23895.30
212.11	23971.54
212.16	24048.24
212.22	24122.79
212.27	24190.40
212.32	24254.80
212.38	24322.98
212.43	24384.50
212.48	24443.55
212.54	24513.28
212.59	24585.18
212.64	24647.82
212.69	24711.33
212.75	24778.34
212.80	24845.08
212.85	24908.80
212.91	24965.81
212.96	25020.13
213.01	25077.67
213.07	25137.24
213.12	25200.80
213.17	25267.54
213.22	25338.94
213.28	25404.04
213.33	25452.14
213.38	25506.96
213.44	25563.15
213.49	25626.20
213.54	25702.16
213.60	25788.05
213.65	25863.00
213.70	25944.12
213.75	26013.68
213.81	26065.30
213.86	26119.85
213.91	26174.73
213.97	26224.15
214.02	26268.76
214.07	26319.15
214.12	26368.46
214.18	26422.01
214.23	26481.96
214.28	26544.29
214.34	26602.79
214.39	26666.17
214.44	26716.32
214.49	26743.99
214.55	26770.39
214.60	26795.20
214.65	26805.30
214.71	26813.60
214.76	26863.04
214.81	26938.79
214.86	27037.93
214.92	27146.32
214.97	27267.43
215.02	27370.88
215.08	27455.97
215.13	27527.65
215.18	27587.30
215.23	27645.11
215.29	27703.58
215.34	27775.03
215.39	27853.00
215.45	27954.07
215.50	28063.24
215.55	28164.72
215.60	28250.66
215.66	28316.63
215.71	28382.75
215.76	28442.20
215.81	28493.02
215.87	28549.75
215.92	28611.44
215.97	28656.04
216.03	28708.83
216.08	28765.10
216.13	28822.85
216.18	28882.08
216.24	28950.84
216.29	29001.81
216.34	29058.27
216.39	29120.61
216.45	29184.14
216.50	29242.55
216.55	29303.75
216.61	29381.88
216.66	29438.53
216.71	29493.32
216.76	29550.59
216.82	29629.51
216.87	29690.21
216.92	29767.04
216.97	29834.79
217.03	29908.55
217.08	29979.12
217.13	30059.84
217.18	30133.00
217.24	30207.00
217.29	30278.63
217.34	30329.38
217.39	30368.08
217.45	30414.79
217.50	30471.55
217.55	30531.33
217.61	30598.65
217.66	30669.63
217.71	30734.55
217.76	30811.74
217.82	30883.53
217.87	30956.15
217.92	31030.09
217.97	31104.09
218.03	31161.13
218.08	31212.06
218.13	31256.68
218.18	31303.83
218.24	31366.19
218.29	31422.29
218.34	31483.34
218.39	31552.69
218.45	31619.72
218.50	31669.77
218.55	31731.82
218.60	31796.97
218.66	31848.86
218.71	31908.39
218.76	31977.74
218.81	32038.82
218.87	32102.60
218.92	32173.63
218.97	32243.71
219.02	32309.69
219.08	32384.30
219.13	32454.33
219.18	32517.72
219.23	32579.39
219.29	32643.32
219.34	32700.50
219.39	32757.84
219.44	32824.26
219.50	32887.46
219.55	32952.33
219.60	33019.44
219.65	33090.78
219.71	33150.74
219.76	33204.60
219.81	33253.40
219.86	33306.20
219.92	33353.72
219.97	33412.66
220.02	33471.37
220.07	33529.95
220.13	33592.93
220.18	33661.86
220.23	33736.03
220.28	33823.70
220.33	33902.68
220.39	33962.16
220.44	34010.14
220.49	34063.35
220.54	34107.09
220.60	34156.77
220.65	34219.94
220.70	34298.18
220.75	34363.39
220.81	34444.58
220.86	34531.81
220.91	34605.91
220.96	34672.94
221.02	34745.34
221.07	34810.69
221.12	34857.77
221.17	34916.21
221.22	34973.42
221.28	35033.09
221.33	35087.81
221.38	35148.68
221.43	35217.19
221.49	35286.64
221.54	35345.32
221.59	35407.94
221.64	35496.63
221.69	35588.03
221.75	35684.56
221.80	35785.11
221.85	35865.42
221.90	35925.77
221.96	35985.84
222.01	36019.03
222.06	36056.75
222.11	36104.35
222.17	36143.63
222.22	36168.81
222.27	36213.07
222.32	36255.75
222.37	36308.79
222.43	36379.11
222.48	36445.80
222.53	36524.58
222.58	36602.21
222.63	36666.39
222.69	36732.72
222.74	36804.43
222.79	36865.04
222.84	36911.88
222.90	36967.09
222.95	37011.19
223.00	37048.03
223.05	37099.18
223.10	37163.25
223.16	37226.53
223.21	37274.59
223.26	37325.84
223.31	37360.41
223.36	37399.93
223.42	37433.46
223.47	37474.33
223.52	37523.79
223.57	37575.95
223.63	37626.29
223.68	37676.14
223.73	37746.97
223.78	37813.87
223.83	37877.22
223.89	37940.64
223.94	38014.45
223.99	38074.97
224.04	38144.02
224.09	38222.79
224.15	38307.97
224.20	38387.45
224.25	38482.85
224.30	38571.56
224.35	38664.74
224.41	38761.13
224.46	38863.34
224.51	38941.69
224.56	39020.00
224.61	39097.96
224.67	39170.00
224.72	39235.38
224.77	39329.89
224.82	39426.74
224.87	39507.62
224.93	39591.53
224.98	39678.07
225.03	39760.02
225.08	39841.79
225.13	39928.39
225.19	40013.68
225.24	40110.14
225.29	40181.41
225.34	40267.39
225.39	40350.09
225.45	40434.10
225.50	40509.21
225.55	40601.53
225.60	40683.18
225.65	40776.26
225.71	40861.27
225.76	40942.32
225.81	41016.38
225.86	41095.98
225.91	41168.39
225.97	41239.36
226.02	41304.23
226.07	41361.60
226.12	41412.37
226.17	41465.24
226.22	41537.72
226.28	41630.39
226.33	41745.09
226.38	41855.20
226.43	41954.70
226.48	42031.04
226.54	42096.37
226.59	42158.06
226.64	42217.35
226.69	42275.45
226.74	42340.29
226.80	42410.61
226.85	42476.94
226.90	42543.22
226.95	42630.71
227.00	42712.24
227.05	42799.60
227.11	42893.98
227.16	42986.91
227.21	43062.51
227.26	43150.55
227.31	43225.37
227.37	43281.28
227.42	43356.49
227.47	43434.51
227.52	43504.29
227.57	43558.03
227.62	43640.49
227.68	43711.42
227.73	43792.63
227.78	43872.45
227.83	43967.59
227.88	44033.14
227.93	44105.23
227.99	44175.14
228.04	44250.21
228.09	44324.94
228.14	44406.74
228.19	44479.26
228.24	44544.61
228.30	44612.54
228.35	44680.59
228.40	44745.93
228.45	44803.29
228.50	44876.64
228.56	44940.79
228.61	44990.87
228.66	45049.79
228.71	45111.03
228.76	45152.54
228.81	45196.97
228.87	45256.63
228.92	45319.39
228.97	45385.58
229.02	45480.63
229.07	45556.23
229.12	45636.68
229.17	45708.39
229.23	45785.74
229.28	45848.13
229.33	45925.53
229.38	45999.96
229.43	46074.29
229.48	46146.50
229.54	46221.19
229.59	46290.16
229.64	46365.16
229.69	46443.89
229.74	46531.16
229.79	46595.10
229.85	46672.42
229.90	46741.70
229.95	46806.30
230.00	46867.05
230.05	46946.05
230.10	47013.71
230.16	47083.74
230.21	47139.54
230.26	47190.89
230.31	47232.80
230.36	47291.85
230.41	47346.40
230.46	47436.50
230.52	47529.76
230.57	47621.89
230.62	47709.80
230.67	47783.37
230.72	47835.03
230.77	47870.39
230.82	47914.55
230.88	47942.94
230.93	47985.96
230.98	48030.03
231.03	48094.64
231.08	48148.87
231.13	48202.90
231.19	48268.58
231.24	48338.83
231.29	48410.13
231.34	48484.85
231.39	48562.33
231.44	48630.45
231.49	48678.54
231.55	48719.38
231.60	48769.25
231.65	48816.41
231.70	48859.82
231.75	48919.12
231.80	48974.36
231.85	49017.73
231.91	49064.06
231.96	49119.17
232.01	49182.79
232.06	49248.71
232.11	49315.90
232.16	49394.33
232.21	49477.39
232.26	49557.86
232.32	49634.08
232.37	49711.79
232.42	49783.22
232.47	49832.34
232.52	49879.74
232.57	49935.78
232.62	49984.08
232.68	50046.86
232.73	50119.62
232.78	50191.50
232.83	50257.59
232.88	50335.94
232.93	50409.39
232.98	50476.43
233.03	50526.45
233.09	50590.69
233.14	50655.25
233.19	50704.92
233.24	50755.27
233.29	50813.12
233.34	50846.20
233.39	50873.70
233.45	50913.63
233.50	50959.18
233.55	51008.15
233.60	51073.66
233.65	51134.89
233.70	51185.70
233.75	51229.55
233.80	51278.48
233.86	51335.36
233.91	51389.19
233.96	51439.68
234.01	51495.72
234.06	51549.45
234.11	51603.20
234.16	51651.31
234.21	51712.83
234.26	51758.41
234.32	51806.16
234.37	51844.25
234.42	51885.14
234.47	51902.78
234.52	51932.05
234.57	51967.89
234.62	52008.55
234.67	52053.42
234.73	52113.52
234.78	52176.19
234.83	52224.57
234.88	52265.02
234.93	52300.67
234.98	52344.28
235.03	52387.80
235.08	52445.68
235.13	52503.05
235.19	52575.89
235.24	52629.28
235.29	52696.69
235.34	52744.52
235.39	52779.39
235.44	52808.55
235.49	52855.77
235.54	52884.31
235.59	52904.61
235.65	52942.74
235.70	52977.96
235.75	53007.24
235.80	53055.30
235.85	53101.85
235.90	53147.74
235.95	53181.17
236.00	53210.08
236.05	53226.86
236.11	53262.13
236.16	53296.17
236.21	53344.38
236.26	53385.68
236.31	53418.70
236.36	53439.36
236.41	53452.34
236.46	53455.15
236.51	53465.76
236.56	53489.03
236.62	53520.72
236.67	53557.26
236.72	53608.09
236.77	53642.06
236.82	53683.67
236.87	53708.49
236.92	53729.40
236.97	53758.56
237.02	53807.76
237.07	53851.39
237.13	53910.59
237.18	53965.57
237.23	54013.86
237.28	54050.66
237.33	54091.69
237.38	54112.54
237.43	54136.28
237.48	54141.66
237.53	54165.29
237.58	54188.42
237.63	54227.20
237.69	54274.88
237.74	54327.60
237.79	54364.54
237.84	54373.57
237.89	54379.90
237.94	54383.39
237.99	54399.95
238.04	54419.61
238.09	54453.33
238.14	54486.92
238.19	54512.33
238.25	54533.97
238.30	54527.74
238.35	54523.36
238.40	54525.36
238.45	54532.04
238.50	54529.22
238.55	54544.86
238.60	54571.60
238.65	54593.44
238.70	54601.30
238.75	54610.29
238.80	54641.23
238.86	54650.55
238.91	54670.03
238.96	54706.10
239.01	54749.79
239.06	54778.84
239.11	54812.37
239.16	54836.64
239.21	54842.41
239.26	54827.70
239.31	54835.60
239.36	54846.78
239.41	54862.21
239.46	54884.26
239.52	54911.64
239.57	54928.59
239.62	54934.73
239.67	54949.02
239.72	54975.59
239.77	55000.16
239.82	55017.97
239.87	55039.30
239.92	55040.61
239.97	55024.43
240.02	55005.62
240.07	54990.19
240.12	54985.60
240.17	54999.50
240.23	55002.31
240.28	55022.56
240.33	55041.92
240.38	55039.33
240.43	55037.33
240.48	55058.32
240.53	55072.94
240.58	55087.27
240.63	55123.17
240.68	55131.27
240.73	55125.57
240.78	55121.25
240.83	55115.46
240.88	55096.63
240.93	55085.38
240.98	55087.86
241.04	55105.99
241.09	55133.50
241.14	55147.58
241.19	55193.43
241.24	55226.04
241.29	55244.92
241.34	55247.77
241.39	55275.32
241.44	55273.22
241.49	55278.99
241.54	55274.74
241.59	55266.80
241.64	55259.12
241.69	55250.75
241.74	55231.68
241.79	55216.41
241.84	55215.22
241.90	55192.09
241.95	55172.88
242.00	55157.64
242.05	55136.76
242.10	55123.07
242.15	55111.69
242.20	55102.63
242.25	55098.78
242.30	55103.45
242.35	55092.63
242.40	55099.58
242.45	55097.39
242.50	55082.53
242.55	55073.23
242.60	55069.63
242.65	55061.11
242.70	55061.14
242.75	55092.72
242.80	55134.99
242.85	55167.74
242.91	55183.86
242.96	55183.25
243.01	55156.18
243.06	55125.49
243.11	55087.24
243.16	55060.15
243.21	55059.97
243.26	55080.03
243.31	55090.78
243.36	55104.99
243.41	55133.22
243.46	55132.14
243.51	55092.24
243.56	55040.49
243.61	54979.33
243.66	54928.40
243.71	54900.26
243.76	54904.01
243.81	54923.51
243.86	54934.41
243.91	54936.81
243.96	54937.30
244.01	54914.50
244.06	54887.71
244.12	54882.94
244.17	54872.38
244.22	54864.95
244.27	54884.93
244.32	54907.63
244.37	54925.12
244.42	54933.79
244.47	54928.00
244.52	54912.92
244.57	54876.43
244.62	54851.42
244.67	54828.31
244.72	54809.11
244.77	54802.60
244.82	54823.34
244.87	54854.32
244.92	54882.86
244.97	54896.90
245.02	54890.73
245.07	54869.86
245.12	54837.54
245.17	54813.98
245.22	54816.29
245.27	54812.87
245.32	54780.72
245.37	54743.20
245.42	54697.98
245.47	54648.12
245.52	54600.64
245.57	54592.14
245.62	54580.66
245.67	54569.57
245.72	54562.09
245.77	54546.18
245.82	54527.05
245.87	54528.93
245.92	54536.74
245.98	54524.03
246.03	54531.19
246.08	54528.32
246.13	54522.06
246.18	54517.82
246.23	54520.08
246.28	54505.82
246.33	54499.42
246.38	54467.10
246.43	54432.86
246.48	54410.69
246.53	54402.21
246.58	54413.84
246.63	54438.09
246.68	54432.43
246.73	54414.23
246.78	54388.11
246.83	54327.24
246.88	54264.54
246.93	54219.82
246.98	54171.09
247.03	54147.59
247.08	54134.06
247.13	54120.61
247.18	54121.29
247.23	54149.44
247.28	54155.16
247.33	54145.28
247.38	54124.04
247.43	54103.58
247.48	54077.75
247.53	54047.07
247.58	54016.10
247.63	53998.43
247.68	53960.50
247.73	53908.61
247.78	53864.16
247.83	53828.09
247.88	53792.43
247.93	53788.24
247.98	53788.94
248.03	53796.36
248.08	53820.69
248.13	53830.31
248.18	53816.69
248.23	53804.95
248.28	53775.21
248.33	53727.35
248.38	53694.06
248.43	53666.01
248.48	53643.69
248.53	53626.84
248.58	53618.41
248.63	53612.94
248.68	53595.60
248.73	53574.96
248.78	53543.22
248.83	53494.10
248.88	53420.21
248.93	53352.55
248.98	53271.71
249.03	53230.73
249.08	53201.04
249.13	53201.59
249.18	53202.10
249.23	53219.15
249.28	53209.19
249.33	53203.28
249.38	53179.58
249.43	53167.74
249.48	53144.93
249.53	53134.93
249.58	53112.33
249.63	53100.94
249.68	53080.01
249.73	53057.26
249.78	53024.61
249.83	53024.60
249.88	52993.02
249.93	52980.93
249.98	52967.57
250.03	52968.10
250.08	52939.84
250.13	52937.50
250.18	52910.12
250.23	52877.16
250.28	52829.92
250.33	52774.45
250.37	52731.57
250.42	52688.41
250.47	52658.67
250.52	52640.73
250.57	52625.03
250.62	52589.79
250.67	52560.71
250.72	52543.75
250.77	52501.25
250.82	52484.53
250.87	52483.59
250.92	52481.13
250.97	52452.84
251.02	52444.84
251.07	52441.36
251.12	52410.26
251.17	52373.70
251.22	52343.82
251.27	52307.53
251.32	52252.35
251.37	52202.43
251.42	52152.01
251.47	52115.20
251.52	52089.51
251.57	52073.09
251.62	52062.34
251.67	52056.81
251.72	52034.03
251.77	52007.72
251.82	51964.99
251.87	51924.58
251.92	51879.33
251.97	51837.26
252.02	51787.73
252.07	51759.68
252.12	51747.41
252.16	51742.48
252.21	51732.60
252.26	51738.13
252.31	51741.93
252.36	51726.00
252.41	51701.68
252.46	51680.02
252.51	51654.03
252.56	51618.69
252.61	51596.55
252.66	51569.92
252.71	51552.92
252.76	51523.06
252.81	51481.53
252.86	51422.35
252.91	51375.55
252.96	51304.24
253.01	51232.49
253.06	51174.63
253.11	51131.34
253.16	51087.01
253.21	51051.27
253.26	51022.96
253.31	50992.03
253.36	50966.42
253.40	50941.46
253.45	50925.20
253.50	50885.70
253.55	50848.19
253.60	50807.89
253.65	50762.28
253.70	50732.67
253.75	50722.92
253.80	50700.79
253.85	50695.17
253.90	50695.85
253.95	50675.14
254.00	50665.57
254.05	50664.09
254.10	50622.28
254.15	50582.99
254.20	50558.79
254.25	50522.01
254.30	50485.54
254.35	50448.03
254.39	50390.92
254.44	50315.43
254.49	50237.15
254.54	50190.92
254.59	50163.34
254.64	50145.39
254.69	50135.89
254.74	50139.96
254.79	50121.35
254.84	50089.71
254.89	50075.06
254.94	50062.39
254.99	50044.43
255.04	50023.23
255.09	50015.00
255.14	49988.22
255.19	49979.23
255.23	49974.24
255.28	49967.59
255.33	49956.72
255.38	49957.28
255.43	49935.63
255.48	49907.09
255.53	49864.77
255.58	49829.19
255.63	49785.46
255.68	49737.94
255.73	49686.07
255.78	49656.11
255.83	49634.27
255.88	49617.50
255.93	49592.48
255.97	49575.07
256.02	49547.89
256.07	49497.26
256.12	49427.42
256.17	49375.49
256.22	49322.63
256.27	49264.05
256.32	49223.28
256.37	49195.72
256.42	49177.43
256.47	49157.67
256.52	49133.88
256.57	49108.20
256.62	49091.83
256.66	49077.03
256.71	49046.91
256.76	49009.04
256.81	48955.16
256.86	48906.21
256.91	48853.26
256.96	48805.29
257.01	48777.94
257.06	48763.17
257.11	48729.39
257.16	48678.60
257.21	48637.38
257.26	48600.66
257.30	48563.66
257.35	48528.39
257.40	48515.10
257.45	48502.35
257.50	48478.19
257.55	48446.69
257.60	48417.94
257.65	48386.54
257.70	48347.70
257.75	48311.32
257.80	48281.55
257.85	48251.12
257.89	48204.93
257.94	48150.93
257.99	48089.28
258.04	48035.67
258.09	47998.16
258.14	47966.61
258.19	47954.14
258.24	47930.13
258.29	47891.93
258.34	47846.65
258.39	47811.47
258.44	47754.22
258.48	47705.94
258.53	47673.43
258.58	47632.87
258.63	47579.92
258.68	47528.66
258.73	47497.38
258.78	47451.79
258.83	47418.10
258.88	47377.49
258.93	47350.09
258.97	47318.14
259.02	47292.90
259.07	47257.57
259.12	47244.87
259.17	47230.75
259.22	47203.54
259.27	47180.35
259.32	47159.93
259.37	47117.21
259.42	47073.77
259.47	47043.57
259.51	46997.92
259.56	46938.46
259.61	46868.66
259.66	46797.83
259.71	46719.47
259.76	46653.26
259.81	46593.56
259.86	46564.89
259.91	46523.64
259.95	46495.88
260.00	46472.24
260.05	46453.31
260.10	46427.86
260.15	46416.71
260.20	46396.00
260.25	46382.37
260.30	46377.92
260.35	46351.57
260.40	46321.82
260.44	46300.33
260.49	46280.60
260.54	46246.87
260.59	46220.19
260.64	46214.04
260.69	46211.73
260.74	46177.19
260.79	46141.08
260.84	46098.52
260.88	46032.09
260.93	45952.07
260.98	45910.61
261.03	45867.48
261.08	45833.68
261.13	45799.09
261.18	45764.88
261.23	45702.93
261.28	45659.17
261.32	45619.96
261.37	45581.74
261.42	45552.12
261.47	45531.64
261.52	45487.78
261.57	45445.48
261.62	45410.16
261.67	45353.09
261.71	45295.71
261.76	45255.52
261.81	45195.49
261.86	45136.63
261.91	45098.15
261.96	45053.51
262.01	45005.55
262.06	44988.83
262.10	44976.80
262.15	44955.61
262.20	44939.47
262.25	44927.03
262.30	44904.83
262.35	44875.71
262.40	44854.48
262.45	44823.85
262.49	44788.95
262.54	44757.41
262.59	44722.84
262.64	44692.44
262.69	44658.60
262.74	44620.37
262.79	44564.43
262.84	44517.10
262.88	44462.82
262.93	44408.22
262.98	44368.18
263.03	44329.53
263.08	44281.31
263.13	44210.15
263.18	44150.02
263.23	44086.87
263.27	44038.46
263.32	44001.47
263.37	43991.27
263.42	43975.36
263.47	43947.89
263.52	43927.05
263.57	43890.26
263.61	43846.61
263.66	43807.58
263.71	43775.26
263.76	43733.52
263.81	43691.15
263.86	43665.29
263.91	43620.17
263.95	43561.18
264.00	43502.42
264.05	43457.09
264.10	43380.94
264.15	43323.36
264.20	43282.23
264.25	43242.75
264.29	43199.21
264.34	43154.04
264.39	43114.93
264.44	43065.01
264.49	43009.67
264.54	42961.59
264.59	42926.58
264.63	42885.48
264.68	42840.04
264.73	42799.37
264.78	42761.39
264.83	42710.07
264.88	42666.86
264.93	42641.07
264.97	42615.09
265.02	42583.45
265.07	42569.79
265.12	42529.92
265.17	42481.20
265.22	42437.77
265.27	42378.48
265.31	42314.72
265.36	42251.81
265.41	42198.06
265.46	42140.06
265.51	42073.90
265.56	42013.24
265.60	41964.94
265.65	41900.68
265.70	41839.57
265.75	41783.86
265.80	41723.54
265.85	41660.60
265.90	41603.11
265.94	41547.98
265.99	41495.00
266.04	41453.74
266.09	41424.07
266.14	41394.41
266.19	41359.03
266.23	41331.92
266.28	41279.86
266.33	41236.63
266.38	41202.24
266.43	41178.35
266.48	41150.65
266.52	41129.62
266.57	41094.91
266.62	41056.39
266.67	41006.78
266.72	40957.34
266.77	40929.64
266.81	40904.45
266.86	40880.94
266.91	40847.61
266.96	40810.56
267.01	40769.50
267.06	40718.57
267.10	40669.97
267.15	40621.63
267.20	40589.74
267.25	40550.34
267.30	40513.77
267.35	40473.46
267.39	40437.60
267.44	40398.90
267.49	40351.21
267.54	40301.34
267.59	40250.19
267.64	40193.69
267.68	40131.94
267.73	40077.88
267.78	40040.60
267.83	40014.25
267.88	40008.69
267.93	40000.68
267.97	39985.29
268.02	39945.79
268.07	39894.83
268.12	39828.57
268.17	39762.19
268.21	39713.15
268.26	39678.79
268.31	39636.30
268.36	39595.54
268.41	39557.39
268.46	39515.07
268.50	39471.22
268.55	39426.82
268.60	39370.66
268.65	39312.08
268.70	39236.30
268.74	39167.38
268.79	39101.76
268.84	39043.16
268.89	38998.54
268.94	38965.69
268.99	38925.02
269.03	38884.86
269.08	38838.19
269.13	38769.39
269.18	38685.24
269.23	38591.05
269.27	38475.41
269.32	38353.42
269.37	38228.73
269.42	38102.11
269.47	37963.43
269.51	37825.91
269.56	37689.24
269.61	37549.57
269.66	37395.13
269.71	37238.05
269.76	37100.84
269.80	36951.52
269.85	36802.82
269.90	36661.78
269.95	36520.51
270.00	36354.01
270.04	36203.94
270.09	36060.98
270.14	35918.06
270.19	35780.95
270.24	35656.49
270.28	35504.16
270.33	35333.20
270.38	35159.96
270.43	34984.61
270.48	34805.56
270.52	34651.61
270.57	34491.01
270.62	34333.15
270.67	34185.90
270.72	34032.94
270.76	33856.44
270.81	33691.31
270.86	33522.02
270.91	33340.88
270.96	33167.47
271.00	33009.70
271.05	32851.90
271.10	32710.43
271.15	32580.62
271.20	32455.89
271.24	32320.76
271.29	32182.75
271.34	32037.46
271.39	31887.09
271.44	31734.96
271.48	31592.78
271.53	31447.44
271.58	31301.76
271.63	31152.54
271.67	31007.49
271.72	30865.13
271.77	30729.62
271.82	30595.94
271.87	30464.57
271.91	30308.31
271.96	30164.91
272.01	30027.09
272.06	29893.89
272.11	29769.94
272.15	29667.48
272.20	29561.27
272.25	29463.19
272.30	29359.00
272.35	29249.53
272.39	29140.01
272.44	29021.89
272.49	28885.96
272.54	28754.35
272.58	28613.37
272.63	28463.32
272.68	28307.74
272.73	28150.96
272.78	27971.62
272.82	27772.67
272.87	27553.29
272.92	27269.29
272.97	26747.59
273.01	23804.80
273.06	18876.13
273.11	13442.78
273.16	8112.17
273.21	3054.89
273.25	461.07
273.30	-89.19
273.35	-89.71
