165.32	3381.53
165.38	-247.98
165.44	596.36
165.50	-77.62
165.55	-20.14
165.61	1.45
165.67	28.43
165.72	36.51
165.78	41.70
165.84	40.56
165.89	37.56
165.95	36.16
166.01	35.78
166.06	37.04
166.12	39.66
166.18	37.84
166.23	39.35
166.29	38.87
166.35	35.74
166.40	34.38
166.46	40.69
166.52	43.57
166.57	44.32
166.63	44.69
166.69	47.07
166.74	41.05
166.80	41.35
166.86	42.83
166.91	43.57
166.97	38.35
167.03	40.82
167.08	34.80
167.14	34.19
167.20	32.15
167.25	44.33
167.31	44.96
167.37	50.39
167.42	51.96
167.48	57.73
167.54	52.29
167.59	51.82
167.65	47.81
167.71	47.52
167.76	46.70
167.82	41.97
167.88	41.59
167.93	49.19
167.99	48.71
168.05	51.18
168.10	59.25
168.16	58.80
168.21	57.01
168.27	61.03
168.33	62.95
168.38	55.69
168.44	60.11
168.50	58.47
168.55	56.83
168.61	57.13
168.67	59.24
168.72	56.14
168.78	56.25
168.84	52.38
168.89	51.10
168.95	51.54
169.01	51.60
169.06	51.43
169.12	50.58
169.18	48.52
169.23	48.41
169.29	52.24
169.34	56.51
169.40	59.14
169.46	63.52
169.51	65.79
169.57	61.35
169.63	57.20
169.68	62.20
169.74	58.67
169.80	64.53
169.85	66.02
169.91	70.57
169.97	66.60
170.02	66.52
170.08	65.53
170.13	66.05
170.19	65.05
170.25	66.36
170.30	70.27
170.36	62.25
170.42	64.11
170.47	65.57
170.53	67.90
170.59	65.03
170.64	68.22
170.70	66.45
170.76	64.02
170.81	64.91
170.87	64.31
170.92	65.74
170.98	69.05
171.04	70.99
171.09	67.17
171.15	74.10
171.21	74.55
171.26	71.20
171.32	68.88
171.37	72.32
171.43	67.49
171.49	72.14
171.54	75.71
171.60	77.07
171.66	78.68
171.71	78.72
171.77	76.33
171.83	82.18
171.88	81.34
171.94	80.61
171.99	85.40
172.05	84.30
172.11	84.38
172.16	93.17
172.22	94.12
172.28	94.25
172.33	92.22
172.39	89.54
172.44	85.87
172.50	91.04
172.56	90.82
172.61	98.89
172.67	98.82
172.72	98.70
172.78	93.70
172.84	88.26
172.89	82.16
172.95	81.29
173.01	82.17
173.06	80.85
173.12	86.95
173.17	87.94
173.23	87.28
173.29	87.94
173.34	89.92
173.40	84.21
173.46	84.82
173.51	87.95
173.57	87.68
173.62	81.89
173.68	88.61
173.74	87.58
173.79	88.72
173.85	85.95
173.90	88.44
173.96	84.59
174.02	81.89
174.07	73.83
174.13	72.85
174.18	75.51
174.24	69.06
174.30	69.24
174.35	74.60
174.41	71.66
174.47	65.62
174.52	66.53
174.58	65.25
174.63	60.15
174.69	59.30
174.75	61.36
174.80	72.30
174.86	69.56
174.91	71.27
174.97	70.84
175.03	67.58
175.08	55.52
175.14	62.43
175.19	58.15
175.25	58.95
175.31	63.81
175.36	65.16
175.42	62.43
175.47	67.26
175.53	67.54
175.59	63.97
175.64	65.95
175.70	64.06
175.75	59.20
175.81	57.35
175.87	58.61
175.92	54.52
175.98	55.98
176.03	56.07
176.09	56.79
176.15	56.16
176.20	57.38
176.26	57.23
176.31	60.52
176.37	57.98
176.42	58.82
176.48	62.81
176.54	60.20
176.59	57.38
176.65	60.56
176.70	62.36
176.76	60.87
176.82	59.12
176.87	56.07
176.93	55.89
176.98	54.52
177.04	50.12
177.10	54.89
177.15	56.47
177.21	56.92
177.26	55.91
177.32	59.44
177.37	61.03
177.43	64.56
177.49	61.01
177.54	58.54
177.60	58.87
177.65	59.48
177.71	54.31
177.77	57.85
177.82	59.40
177.88	63.03
177.93	57.85
177.99	64.24
178.04	60.15
178.10	60.91
178.16	54.84
178.21	56.01
178.27	52.85
178.32	56.53
178.38	55.25
178.43	56.79
178.49	57.35
178.55	57.06
178.60	56.07
178.66	55.12
178.71	56.50
178.77	54.06
178.82	54.98
178.88	54.73
178.94	55.67
178.99	56.62
179.05	61.17
179.10	57.02
179.16	59.54
179.21	61.83
179.27	60.33
179.33	55.77
179.38	59.50
179.44	57.76
179.49	57.71
179.55	56.15
179.60	56.36
179.66	55.57
179.72	57.98
179.77	55.71
179.83	54.60
179.88	56.05
179.94	57.43
179.99	53.56
180.05	53.92
180.11	54.72
180.16	57.47
180.22	59.47
180.27	64.12
180.33	64.70
180.38	69.14
180.44	64.56
180.49	64.70
180.55	62.72
180.61	67.00
180.66	61.96
180.72	60.42
180.77	58.54
180.83	58.02
180.88	54.93
180.94	54.39
180.99	57.88
181.05	57.92
181.11	59.52
181.16	59.81
181.22	61.32
181.27	63.30
181.33	61.67
181.38	58.05
181.44	59.19
181.49	63.53
181.55	64.59
181.61	70.99
181.66	74.08
181.72	72.04
181.77	69.19
181.83	67.20
181.88	72.02
181.94	73.61
181.99	78.42
182.05	79.40
182.11	79.46
182.16	70.51
182.22	68.15
182.27	63.99
182.33	66.30
182.38	66.38
182.44	71.53
182.49	73.56
182.55	75.70
182.60	75.12
182.66	78.42
182.72	80.63
182.77	83.53
182.83	86.52
182.88	89.42
182.94	90.49
182.99	87.51
183.05	85.70
183.10	87.50
183.16	86.97
183.21	88.52
183.27	95.82
183.32	100.41
183.38	104.11
183.44	110.94
183.49	116.34
183.55	117.99
183.60	124.80
183.66	130.83
183.71	140.54
183.77	147.82
183.82	157.04
183.88	167.77
183.93	179.56
183.99	192.61
184.04	209.55
184.10	222.20
184.15	233.66
184.21	246.78
184.27	249.02
184.32	250.01
184.38	248.19
184.43	244.66
184.49	228.46
184.54	211.40
184.60	201.44
184.65	187.70
184.71	178.49
184.76	179.58
184.82	197.10
184.87	214.22
184.93	239.40
184.98	267.18
185.04	299.78
185.09	324.60
185.15	350.80
185.20	383.02
185.26	418.29
185.31	447.27
185.37	475.40
185.43	496.34
185.48	515.37
185.54	537.23
185.59	561.38
185.65	587.28
185.70	627.10
185.76	673.56
185.81	709.02
185.87	746.92
185.92	791.88
185.98	828.83
186.03	845.71
186.09	848.13
186.14	823.73
186.20	769.99
186.25	683.56
186.31	597.62
186.36	530.27
186.42	500.53
186.47	508.58
186.53	556.52
186.58	626.93
186.64	701.87
186.69	775.88
186.75	837.37
186.80	896.29
186.86	953.92
186.91	1014.69
186.97	1071.27
187.02	1142.35
187.08	1210.21
187.13	1267.79
187.19	1329.12
187.24	1391.46
187.30	1436.69
187.35	1483.21
187.41	1543.67
187.47	1601.28
187.52	1651.60
187.58	1710.63
187.63	1782.41
187.69	1856.40
187.74	1917.60
187.80	1975.51
187.85	2024.10
187.91	2047.36
187.96	2032.98
188.02	1973.77
188.07	1867.69
188.13	1714.54
188.18	1550.54
188.24	1429.62
188.29	1373.65
188.35	1383.77
188.40	1465.21
188.46	1591.67
188.51	1717.33
188.57	1847.21
188.62	1972.81
188.67	2090.20
188.73	2201.61
188.78	2309.05
188.84	2411.15
188.89	2516.26
188.95	2619.80
189.00	2712.34
189.06	2807.95
189.11	2902.42
189.17	2984.54
189.22	3058.70
189.28	3144.65
189.33	3224.74
189.39	3288.82
189.44	3354.43
189.50	3428.65
189.55	3497.43
189.61	3549.00
189.66	3606.50
189.72	3664.10
189.77	3716.85
189.83	3744.17
189.88	3754.26
189.94	3726.79
189.99	3645.76
190.05	3489.15
190.10	3266.64
190.16	3012.47
190.21	2785.35
190.27	2640.83
190.32	2600.48
190.38	2667.00
190.43	2814.45
190.49	2991.50
190.54	3145.10
190.60	3284.61
190.65	3404.40
190.71	3509.30
190.76	3608.81
190.81	3709.35
190.87	3811.33
190.92	3934.22
190.98	4058.27
191.03	4184.91
191.09	4318.73
191.14	4433.66
191.20	4525.65
191.25	4627.95
191.31	4728.70
191.36	4830.32
191.42	4937.65
191.47	5055.03
191.53	5165.97
191.58	5259.20
191.64	5331.78
191.69	5399.71
191.75	5445.68
191.80	5476.64
191.85	5497.60
191.91	5521.13
191.96	5541.27
192.02	5573.13
192.07	5589.77
192.13	5587.86
192.18	5540.58
192.24	5421.70
192.29	5222.62
192.35	4997.16
192.40	4811.48
192.46	4703.51
192.51	4700.87
192.57	4795.80
192.62	4972.75
192.67	5159.46
192.73	5336.88
192.78	5500.35
192.84	5651.92
192.89	5788.52
192.95	5917.25
193.00	6032.99
193.06	6145.32
193.11	6256.48
193.17	6346.86
193.22	6431.65
193.28	6521.24
193.33	6594.38
193.38	6661.86
193.44	6731.82
193.49	6807.19
193.55	6865.75
193.60	6922.67
193.66	6975.02
193.71	7021.06
193.77	7046.04
193.82	7067.92
193.88	7089.44
193.93	7115.52
193.98	7143.67
194.04	7184.09
194.09	7229.38
194.15	7281.32
194.20	7325.13
194.26	7363.02
194.31	7405.02
194.37	7428.98
194.42	7437.15
194.47	7427.35
194.53	7386.01
194.58	7297.49
194.64	7191.10
194.69	7091.09
194.75	7021.68
194.80	7004.97
194.86	7043.61
194.91	7136.09
194.97	7240.43
195.02	7349.87
195.07	7458.96
195.13	7562.92
195.18	7668.45
195.24	7774.18
195.29	7878.77
195.35	7971.34
195.40	8064.12
195.46	8139.58
195.51	8223.86
195.56	8302.82
195.62	8385.54
195.67	8456.56
195.73	8532.54
195.78	8588.97
195.84	8635.50
195.89	8668.57
195.94	8700.02
196.00	8730.36
196.05	8770.27
196.11	8822.36
196.16	8875.37
196.22	8937.84
196.27	8999.56
196.32	9053.91
196.38	9098.42
196.43	9148.06
196.49	9185.66
196.54	9224.18
196.60	9265.32
196.65	9311.48
196.71	9355.84
196.76	9406.07
196.81	9446.01
196.87	9482.75
196.92	9509.17
196.98	9525.88
197.03	9529.37
197.09	9524.51
197.14	9514.75
197.19	9515.16
197.25	9527.54
197.30	9556.94
197.36	9611.28
197.41	9678.12
197.47	9741.40
197.52	9802.96
197.57	9871.29
197.63	9922.62
197.68	9974.35
197.74	10029.63
197.79	10079.18
197.84	10120.73
197.90	10169.82
197.95	10207.29
198.01	10247.41
198.06	10290.70
198.12	10332.99
198.17	10372.45
198.22	10414.70
198.28	10451.73
198.33	10494.66
198.39	10535.78
198.44	10584.25
198.49	10638.47
198.55	10685.62
198.60	10730.17
198.66	10775.96
198.71	10822.21
198.77	10863.26
198.82	10911.14
198.87	10957.18
198.93	11005.18
198.98	11048.97
199.04	11095.87
199.09	11136.15
199.14	11182.00
199.20	11223.92
199.25	11262.66
199.31	11304.99
199.36	11353.38
199.42	11392.72
199.47	11438.74
199.52	11481.25
199.58	11515.79
199.63	11541.58
199.69	11574.87
199.74	11604.27
199.79	11629.24
199.85	11662.67
199.90	11702.70
199.96	11741.04
200.01	11782.41
200.06	11833.78
200.12	11880.08
200.17	11932.39
200.23	11984.66
200.28	12031.92
200.33	12082.89
200.39	12129.55
200.44	12172.09
200.50	12217.51
200.55	12260.23
200.60	12299.03
200.66	12339.27
200.71	12374.53
200.77	12414.11
200.82	12451.66
200.87	12489.92
200.93	12528.98
200.98	12570.83
201.04	12610.54
201.09	12653.94
201.14	12704.92
201.20	12751.31
201.25	12809.38
201.31	12862.36
201.36	12925.17
201.41	12980.28
201.47	13043.92
201.52	13095.54
201.58	13151.78
201.63	13196.85
201.68	13242.06
201.74	13288.22
201.79	13334.13
201.84	13386.33
201.90	13437.24
201.95	13491.82
202.01	13545.64
202.06	13599.51
202.11	13638.10
202.17	13681.30
202.22	13723.78
202.28	13764.15
202.33	13801.39
202.38	13843.19
202.44	13884.10
202.49	13928.94
202.54	13977.02
202.60	14026.97
202.65	14075.34
202.71	14129.05
202.76	14169.44
202.81	14207.86
202.87	14255.65
202.92	14305.76
202.98	14354.30
203.03	14406.82
203.08	14462.87
203.14	14511.64
203.19	14564.69
203.24	14619.17
203.30	14674.25
203.35	14717.94
203.41	14765.06
203.46	14807.74
203.51	14848.96
203.57	14887.37
203.62	14939.01
203.67	14993.88
203.73	15041.67
203.78	15087.03
203.84	15142.51
203.89	15187.74
203.94	15229.64
204.00	15276.82
204.05	15323.30
204.10	15352.29
204.16	15382.95
204.21	15412.73
204.27	15433.90
204.32	15447.57
204.37	15465.56
204.43	15470.36
204.48	15464.95
204.53	15466.16
204.59	15490.80
204.64	15555.47
204.69	15645.02
204.75	15758.53
204.80	15880.15
204.86	15976.46
204.91	16044.01
204.96	16098.50
205.02	16131.36
205.07	16166.57
205.12	16228.79
205.18	16298.48
205.23	16377.19
205.28	16476.97
205.34	16570.63
205.39	16654.89
205.45	16724.41
205.50	16792.62
205.55	16848.53
205.61	16910.67
205.66	16960.17
205.71	17028.78
205.77	17091.60
205.82	17153.61
205.87	17203.78
205.93	17258.32
205.98	17301.06
206.03	17340.96
206.09	17388.39
206.14	17439.64
206.20	17496.09
206.25	17549.19
206.30	17610.52
206.36	17665.81
206.41	17726.92
206.46	17781.57
206.52	17834.59
206.57	17885.37
206.62	17928.91
206.68	17973.73
206.73	18018.17
206.78	18070.78
206.84	18127.71
206.89	18193.04
206.94	18254.95
207.00	18327.23
207.05	18397.75
207.11	18459.21
207.16	18514.74
207.21	18576.87
207.27	18635.72
207.32	18690.38
207.37	18750.95
207.43	18809.97
207.48	18859.91
207.53	18906.23
207.59	18955.37
207.64	19007.65
207.69	19077.35
207.75	19147.19
207.80	19208.30
207.85	19267.27
207.91	19322.64
207.96	19369.70
208.01	19423.69
208.07	19481.70
208.12	19546.71
208.17	19603.25
208.23	19655.28
208.28	19699.30
208.33	19759.21
208.39	19814.77
208.44	19879.91
208.49	19940.22
208.55	20007.86
208.60	20056.74
208.65	20107.08
208.71	20155.60
208.76	20210.58
208.81	20266.35
208.87	20334.60
208.92	20393.31
208.97	20453.10
209.03	20519.23
209.08	20581.26
209.13	20639.48
209.19	20707.57
209.24	20767.58
209.29	20826.10
209.35	20880.45
209.40	20939.59
209.45	20994.03
209.51	21058.47
209.56	21120.80
209.61	21180.11
209.67	21248.42
209.72	21316.22
209.77	21370.76
209.83	21431.61
209.88	21506.71
209.93	21567.31
209.99	21629.23
210.04	21704.99
210.09	21769.66
210.15	21826.64
210.20	21887.52
210.25	21949.76
210.31	22010.49
210.36	22063.97
210.41	22117.89
210.46	22171.68
210.52	22223.95
210.57	22269.52
210.62	22333.03
210.68	22398.26
210.73	22452.39
210.78	22513.04
210.84	22578.37
210.89	22634.86
210.94	22687.87
211.00	22751.12
211.05	22808.44
211.10	22870.65
211.16	22930.45
211.21	22998.62
211.26	23068.01
211.32	23135.50
211.37	23200.39
211.42	23267.12
211.47	23338.77
211.53	23400.61
211.58	23459.20
211.63	23517.60
211.69	23578.04
211.74	23626.07
211.79	23676.56
211.85	23734.69
211.90	23799.03
211.95	23866.43
212.01	23933.29
212.06	24007.55
212.11	24080.20
212.16	24152.06
212.22	24220.93
212.27	24289.84
212.32	24358.29
212.38	24429.44
212.43	24490.33
212.48	24553.01
212.54	24615.87
212.59	24686.35
212.64	24751.09
212.69	24821.32
212.75	24890.74
212.80	24959.96
212.85	25019.35
212.91	25072.06
212.96	25128.39
213.01	25187.40
213.07	25245.52
213.12	25309.85
213.17	25376.84
213.22	25440.04
213.28	25503.11
213.33	25554.70
213.38	25610.63
213.44	25669.74
213.49	25735.78
213.54	25801.84
213.60	25883.40
213.65	25958.77
213.70	26040.18
213.75	26113.82
213.81	26174.97
213.86	26234.24
213.91	26288.28
213.97	26333.51
214.02	26371.09
214.07	26419.72
214.12	26462.96
214.18	26503.71
214.23	26554.15
214.28	26601.65
214.34	26635.88
214.39	26672.14
214.44	26689.93
214.49	26683.23
214.55	26670.49
214.60	26644.42
214.65	26598.41
214.71	26563.45
214.76	26584.14
214.81	26660.33
214.86	26798.57
214.92	26972.42
214.97	27165.90
215.02	27323.03
215.08	27433.43
215.13	27511.31
215.18	27554.02
215.23	27584.11
215.29	27622.32
215.34	27696.44
215.39	27789.42
215.45	27919.36
215.50	28068.25
215.55	28212.05
215.60	28325.99
215.66	28411.34
215.71	28483.26
215.76	28547.69
215.81	28611.02
215.87	28669.01
215.92	28729.22
215.97	28787.39
216.03	28844.16
216.08	28895.08
216.13	28952.41
216.18	29007.65
216.24	29071.38
216.29	29125.32
216.34	29185.55
216.39	29251.58
216.45	29321.38
216.50	29375.52
216.55	29433.36
216.61	29500.39
216.66	29551.68
216.71	29610.23
216.76	29676.45
216.82	29759.94
216.87	29826.57
216.92	29915.19
216.97	29982.15
217.03	30053.14
217.08	30114.52
217.13	30189.34
217.18	30252.68
217.24	30318.49
217.29	30388.98
217.34	30443.78
217.39	30489.77
217.45	30537.86
217.50	30595.95
217.55	30652.05
217.61	30719.33
217.66	30789.38
217.71	30856.39
217.76	30932.71
217.82	31009.10
217.87	31089.02
217.92	31160.66
217.97	31234.16
218.03	31299.22
218.08	31350.70
218.13	31395.41
218.18	31445.02
218.24	31511.14
218.29	31563.07
218.34	31619.53
218.39	31682.31
218.45	31747.27
218.50	31794.60
218.55	31859.93
218.60	31931.01
218.66	31988.26
218.71	32054.08
218.76	32121.79
218.81	32191.77
218.87	32249.91
218.92	32321.24
218.97	32391.02
219.02	32458.13
219.08	32516.22
219.13	32581.73
219.18	32645.60
219.23	32708.39
219.29	32775.22
219.34	32842.30
219.39	32913.09
219.44	32978.61
219.50	33045.53
219.55	33105.53
219.60	33170.91
219.65	33239.45
219.71	33303.33
219.76	33354.32
219.81	33413.95
219.86	33466.65
219.92	33511.98
219.97	33558.06
220.02	33615.95
220.07	33669.88
220.13	33732.87
220.18	33798.19
220.23	33874.04
220.28	33958.90
220.33	34035.63
220.39	34091.88
220.44	34150.50
220.49	34205.81
220.54	34244.28
220.60	34294.09
220.65	34366.02
220.70	34442.88
220.75	34516.85
220.81	34598.47
220.86	34677.41
220.91	34743.27
220.96	34805.56
221.02	34870.71
221.07	34935.09
221.12	34984.78
221.17	35044.23
221.22	35100.32
221.28	35151.87
221.33	35209.70
221.38	35277.96
221.43	35344.41
221.49	35408.77
221.54	35482.00
221.59	35552.64
221.64	35633.66
221.69	35722.33
221.75	35819.44
221.80	35916.79
221.85	35992.30
221.90	36054.12
221.96	36114.90
222.01	36152.20
222.06	36188.61
222.11	36238.15
222.17	36284.75
222.22	36310.22
222.27	36360.38
222.32	36406.55
222.37	36456.87
222.43	36521.18
222.48	36587.85
222.53	36657.12
222.58	36737.14
222.63	36807.92
222.69	36874.95
222.74	36954.12
222.79	37024.74
222.84	37069.50
222.90	37122.53
222.95	37167.40
223.00	37207.84
223.05	37258.41
223.10	37315.17
223.16	37370.79
223.21	37425.53
223.26	37476.21
223.31	37511.68
223.36	37550.98
223.42	37585.97
223.47	37616.37
223.52	37660.54
223.57	37705.94
223.63	37759.43
223.68	37816.58
223.73	37902.93
223.78	37979.11
223.83	38049.76
223.89	38116.38
223.94	38185.34
223.99	38242.66
224.04	38311.93
224.09	38391.07
224.15	38474.77
224.20	38557.27
224.25	38644.16
224.30	38724.59
224.35	38810.88
224.41	38903.11
224.46	38991.43
224.51	39072.70
224.56	39149.84
224.61	39228.29
224.67	39309.71
224.72	39378.97
224.77	39472.78
224.82	39578.31
224.87	39664.42
224.93	39739.33
224.98	39837.67
225.03	39916.14
225.08	39988.72
225.13	40077.75
225.19	40164.11
225.24	40245.01
225.29	40321.51
225.34	40405.40
225.39	40484.25
225.45	40559.49
225.50	40633.92
225.55	40707.88
225.60	40781.36
225.65	40849.17
225.71	40925.47
225.76	40993.42
225.81	41056.43
225.86	41111.25
225.91	41157.65
225.97	41194.11
226.02	41219.19
226.07	41224.73
226.12	41236.91
226.17	41282.25
226.22	41362.88
226.28	41500.40
226.33	41679.52
226.38	41845.49
226.43	41984.53
226.48	42086.00
226.54	42149.86
226.59	42199.23
226.64	42243.10
226.69	42278.65
226.74	42333.08
226.80	42406.33
226.85	42486.79
226.90	42577.22
226.95	42704.40
227.00	42816.11
227.05	42923.33
227.11	43024.51
227.16	43129.07
227.21	43208.49
227.26	43306.74
227.31	43379.81
227.37	43438.10
227.42	43511.15
227.47	43591.53
227.52	43657.79
227.57	43722.81
227.62	43811.53
227.68	43890.06
227.73	43967.02
227.78	44051.19
227.83	44139.72
227.88	44209.07
227.93	44278.57
227.99	44360.11
228.04	44432.95
228.09	44508.30
228.14	44582.91
228.19	44655.76
228.24	44716.80
228.30	44782.79
228.35	44850.78
228.40	44922.17
228.45	44981.26
228.50	45049.12
228.56	45113.33
228.61	45173.27
228.66	45228.66
228.71	45300.06
228.76	45350.17
228.81	45395.02
228.87	45444.73
228.92	45508.02
228.97	45561.42
229.02	45642.27
229.07	45716.65
229.12	45796.62
229.17	45870.81
229.23	45947.06
229.28	46023.33
229.33	46106.47
229.38	46184.98
229.43	46257.31
229.48	46339.87
229.54	46406.45
229.59	46472.97
229.64	46545.28
229.69	46628.87
229.74	46704.29
229.79	46774.38
229.85	46850.28
229.90	46923.09
229.95	46986.73
230.00	47046.10
230.05	47121.24
230.10	47192.41
230.16	47256.48
230.21	47317.51
230.26	47375.32
230.31	47408.39
230.36	47460.41
230.41	47517.23
230.46	47601.38
230.52	47692.65
230.57	47787.41
230.62	47871.75
230.67	47943.21
230.72	47994.25
230.77	48037.97
230.82	48092.12
230.88	48129.24
230.93	48170.62
230.98	48221.02
231.03	48279.01
231.08	48331.99
231.13	48384.68
231.19	48454.64
231.24	48523.28
231.29	48594.15
231.34	48668.31
231.39	48749.47
231.44	48821.26
231.49	48871.55
231.55	48912.15
231.60	48952.39
231.65	49000.13
231.70	49047.50
231.75	49096.02
231.80	49149.26
231.85	49208.79
231.91	49245.91
231.96	49285.03
232.01	49349.50
232.06	49410.22
232.11	49471.62
232.16	49560.61
232.21	49655.48
232.26	49737.81
232.32	49824.36
232.37	49895.79
232.42	49952.67
232.47	49993.66
232.52	50035.07
232.57	50078.33
232.62	50132.87
232.68	50195.80
232.73	50271.07
232.78	50346.00
232.83	50424.35
232.88	50495.47
232.93	50567.19
232.98	50628.00
233.03	50690.68
233.09	50752.26
233.14	50822.46
233.19	50879.47
233.24	50944.01
233.29	50992.62
233.34	51026.29
233.39	51052.95
233.45	51085.73
233.50	51131.07
233.55	51185.11
233.60	51248.38
233.65	51307.31
233.70	51379.61
233.75	51422.00
233.80	51465.00
233.86	51519.62
233.91	51570.13
233.96	51607.09
234.01	51662.04
234.06	51725.56
234.11	51778.60
234.16	51829.01
234.21	51889.19
234.26	51933.11
234.32	51969.85
234.37	52003.74
234.42	52050.40
234.47	52078.30
234.52	52111.36
234.57	52147.91
234.62	52194.24
234.67	52234.05
234.73	52286.92
234.78	52344.15
234.83	52392.37
234.88	52440.22
234.93	52481.76
234.98	52519.81
235.03	52562.51
235.08	52625.92
235.13	52680.36
235.19	52751.30
235.24	52817.51
235.29	52875.47
235.34	52919.67
235.39	52958.31
235.44	52992.98
235.49	53027.47
235.54	53056.64
235.59	53075.15
235.65	53107.05
235.70	53130.55
235.75	53160.82
235.80	53215.75
235.85	53271.15
235.90	53319.35
235.95	53353.98
236.00	53381.73
236.05	53399.60
236.11	53434.69
236.16	53453.53
236.21	53492.82
236.26	53539.90
236.31	53568.78
236.36	53581.51
236.41	53611.07
236.46	53629.13
236.51	53648.89
236.56	53672.43
236.62	53705.06
236.67	53738.37
236.72	53784.00
236.77	53805.27
236.82	53858.78
236.87	53883.73
236.92	53903.24
236.97	53933.81
237.02	53983.54
237.07	54016.71
237.13	54077.50
237.18	54139.50
237.23	54188.53
237.28	54227.22
237.33	54268.65
237.38	54286.04
237.43	54304.99
237.48	54312.47
237.53	54336.26
237.58	54362.76
237.63	54405.91
237.69	54446.48
237.74	54496.45
237.79	54534.97
237.84	54547.61
237.89	54555.58
237.94	54570.41
237.99	54586.51
238.04	54604.62
238.09	54631.28
238.14	54661.07
238.19	54681.37
238.25	54696.88
238.30	54692.25
238.35	54684.01
238.40	54681.85
238.45	54683.45
238.50	54683.92
238.55	54693.14
238.60	54728.26
238.65	54745.85
238.70	54758.10
238.75	54773.46
238.80	54805.51
238.86	54816.73
238.91	54835.73
238.96	54871.67
239.01	54908.46
239.06	54935.58
239.11	54960.83
239.16	54988.82
239.21	54987.38
239.26	54980.46
239.31	54988.54
239.36	54995.95
239.41	55006.57
239.46	55030.33
239.52	55059.16
239.57	55076.04
239.62	55102.71
239.67	55130.81
239.72	55166.69
239.77	55188.50
239.82	55203.67
239.87	55208.67
239.92	55204.78
239.97	55190.02
240.02	55181.09
240.07	55175.33
240.12	55179.99
240.17	55190.62
240.23	55190.16
240.28	55189.33
240.33	55205.56
240.38	55201.05
240.43	55199.99
240.48	55221.09
240.53	55239.94
240.58	55247.47
240.63	55284.47
240.68	55295.18
240.73	55288.04
240.78	55288.82
240.83	55290.92
240.88	55264.38
240.93	55253.70
240.98	55254.38
241.04	55272.16
241.09	55292.07
241.14	55315.56
241.19	55365.94
241.24	55392.59
241.29	55403.56
241.34	55412.29
241.39	55430.28
241.44	55424.77
241.49	55428.13
241.54	55420.75
241.59	55418.06
241.64	55413.63
241.69	55401.96
241.74	55397.69
241.79	55393.03
241.84	55379.17
241.90	55353.90
241.95	55332.40
242.00	55306.28
242.05	55285.62
242.10	55276.33
242.15	55259.71
242.20	55255.39
242.25	55254.40
242.30	55246.68
242.35	55234.81
242.40	55238.49
242.45	55233.72
242.50	55223.93
242.55	55227.25
242.60	55225.05
242.65	55233.40
242.70	55240.85
242.75	55260.41
242.80	55300.08
242.85	55331.69
242.91	55332.61
242.96	55325.72
243.01	55306.22
243.06	55276.40
243.11	55239.97
243.16	55223.07
243.21	55226.35
243.26	55243.15
243.31	55250.84
243.36	55263.95
243.41	55278.15
243.46	55270.53
243.51	55234.83
243.56	55182.38
243.61	55134.11
243.66	55099.31
243.71	55065.72
243.76	55070.71
243.81	55084.41
243.86	55095.97
243.91	55096.01
243.96	55092.70
244.01	55067.99
244.06	55041.93
244.12	55022.51
244.17	55001.49
244.22	55008.67
244.27	55027.41
244.32	55052.97
244.37	55068.94
244.42	55082.03
244.47	55075.30
244.52	55060.31
244.57	55033.12
244.62	55013.05
244.67	54988.98
244.72	54957.55
244.77	54942.55
244.82	54961.80
244.87	54991.38
244.92	55015.09
244.97	55033.57
245.02	55033.56
245.07	55007.86
245.12	54982.35
245.17	54963.15
245.22	54972.04
245.27	54969.54
245.32	54937.67
245.37	54899.81
245.42	54860.32
245.47	54807.88
245.52	54767.15
245.57	54756.89
245.62	54736.10
245.67	54721.93
245.72	54707.79
245.77	54680.47
245.82	54651.83
245.87	54653.42
245.92	54661.28
245.98	54657.44
246.03	54663.22
246.08	54669.00
246.13	54656.32
246.18	54653.95
246.23	54649.08
246.28	54636.35
246.33	54627.72
246.38	54604.40
246.43	54566.69
246.48	54547.27
246.53	54549.67
246.58	54564.35
246.63	54570.80
246.68	54565.71
246.73	54541.58
246.78	54513.57
246.83	54458.35
246.88	54411.14
246.93	54367.69
246.98	54329.61
247.03	54291.38
247.08	54270.20
247.13	54261.89
247.18	54266.21
247.23	54289.10
247.28	54298.95
247.33	54287.50
247.38	54267.92
247.43	54246.52
247.48	54219.74
247.53	54189.40
247.58	54163.31
247.63	54139.77
247.68	54093.73
247.73	54037.54
247.78	53997.46
247.83	53969.34
247.88	53941.00
247.93	53940.02
247.98	53939.83
248.03	53942.71
248.08	53959.66
248.13	53960.54
248.18	53946.60
248.23	53949.80
248.28	53929.05
248.33	53880.12
248.38	53843.47
248.43	53819.43
248.48	53788.66
248.53	53765.66
248.58	53750.46
248.63	53744.24
248.68	53727.77
248.73	53700.83
248.78	53675.49
248.83	53625.07
248.88	53556.73
248.93	53482.45
248.98	53403.07
249.03	53355.46
249.08	53336.82
249.13	53333.59
249.18	53337.05
249.23	53354.06
249.28	53348.68
249.33	53341.75
249.38	53330.65
249.43	53315.70
249.48	53293.06
249.53	53276.79
249.58	53260.63
249.63	53242.21
249.68	53215.30
249.73	53197.62
249.78	53167.15
249.83	53151.53
249.88	53121.81
249.93	53112.27
249.98	53099.21
250.03	53101.82
250.08	53070.94
250.13	53060.31
250.18	53035.52
250.23	53000.25
250.28	52949.91
250.33	52898.43
250.37	52854.13
250.42	52817.50
250.47	52783.53
250.52	52767.04
250.57	52753.05
250.62	52722.39
250.67	52691.52
250.72	52671.56
250.77	52627.17
250.82	52608.58
250.87	52607.36
250.92	52595.26
250.97	52567.14
251.02	52562.40
251.07	52560.11
251.12	52529.23
251.17	52494.77
251.22	52473.51
251.27	52436.81
251.32	52390.07
251.37	52344.62
251.42	52300.12
251.47	52261.33
251.52	52236.66
251.57	52214.39
251.62	52201.02
251.67	52197.45
251.72	52174.65
251.77	52136.26
251.82	52091.06
251.87	52048.91
251.92	51992.48
251.97	51940.97
252.02	51898.08
252.07	51865.47
252.12	51845.89
252.16	51843.59
252.21	51841.53
252.26	51851.07
252.31	51857.72
252.36	51849.07
252.41	51828.58
252.46	51806.03
252.51	51774.27
252.56	51739.73
252.61	51710.64
252.66	51684.39
252.71	51663.72
252.76	51639.07
252.81	51598.62
252.86	51540.74
252.91	51498.14
252.96	51432.30
253.01	51368.27
253.06	51315.72
253.11	51269.86
253.16	51215.37
253.21	51171.57
253.26	51131.01
253.31	51093.89
253.36	51075.64
253.40	51054.46
253.45	51047.50
253.50	51007.92
253.55	50967.38
253.60	50912.78
253.65	50867.42
253.70	50833.67
253.75	50819.66
253.80	50805.39
253.85	50809.92
253.90	50814.15
253.95	50802.46
254.00	50790.97
254.05	50781.17
254.10	50743.97
254.15	50709.73
254.20	50678.98
254.25	50653.99
254.30	50616.79
254.35	50574.03
254.39	50508.37
254.44	50422.44
254.49	50341.76
254.54	50300.91
254.59	50277.77
254.64	50272.07
254.69	50272.87
254.74	50272.13
254.79	50251.04
254.84	50209.49
254.89	50174.38
254.94	50162.82
254.99	50149.22
255.04	50127.39
255.09	50121.49
255.14	50106.19
255.19	50092.09
255.23	50081.79
255.28	50073.05
255.33	50068.39
255.38	50060.78
255.43	50039.29
255.48	50009.36
255.53	49968.55
255.58	49937.27
255.63	49891.41
255.68	49845.13
255.73	49803.68
255.78	49769.95
255.83	49741.76
255.88	49724.07
255.93	49700.72
255.97	49677.27
256.02	49642.32
256.07	49593.60
256.12	49522.54
256.17	49467.78
256.22	49417.31
256.27	49367.64
256.32	49320.81
256.37	49303.15
256.42	49289.97
256.47	49260.92
256.52	49237.34
256.57	49218.30
256.62	49197.54
256.66	49178.03
256.71	49153.89
256.76	49122.99
256.81	49071.85
256.86	49021.12
256.91	48966.04
256.96	48918.43
257.01	48885.01
257.06	48867.15
257.11	48846.05
257.16	48797.07
257.21	48762.42
257.26	48723.46
257.30	48681.76
257.35	48634.70
257.40	48612.62
257.45	48595.99
257.50	48574.84
257.55	48545.02
257.60	48521.99
257.65	48500.00
257.70	48453.51
257.75	48409.45
257.80	48379.41
257.85	48345.08
257.89	48294.77
257.94	48241.29
257.99	48180.37
258.04	48119.13
258.09	48080.45
258.14	48048.30
258.19	48035.65
258.24	48023.32
258.29	47983.42
258.34	47943.20
258.39	47911.53
258.44	47852.11
258.48	47805.00
258.53	47780.27
258.58	47735.36
258.63	47683.91
258.68	47644.10
258.73	47600.60
258.78	47557.29
258.83	47514.62
258.88	47473.28
258.93	47439.93
258.97	47414.86
259.02	47383.36
259.07	47360.54
259.12	47342.56
259.17	47326.57
259.22	47301.73
259.27	47284.29
259.32	47264.14
259.37	47223.37
259.42	47177.02
259.47	47134.46
259.51	47084.54
259.56	47020.64
259.61	46958.85
259.66	46892.91
259.71	46819.38
259.76	46750.09
259.81	46688.95
259.86	46641.92
259.91	46601.89
259.95	46576.82
260.00	46548.88
260.05	46544.87
260.10	46528.40
260.15	46514.62
260.20	46500.15
260.25	46503.28
260.30	46483.70
260.35	46456.37
260.40	46425.87
260.44	46395.40
260.49	46373.11
260.54	46330.93
260.59	46313.27
260.64	46304.60
260.69	46303.36
260.74	46260.50
260.79	46222.97
260.84	46170.38
260.88	46108.90
260.93	46025.56
260.98	45992.80
261.03	45956.23
261.08	45931.18
261.13	45901.56
261.18	45871.20
261.23	45811.00
261.28	45774.33
261.32	45733.73
261.37	45681.60
261.42	45650.99
261.47	45619.04
261.52	45570.64
261.57	45522.53
261.62	45483.57
261.67	45427.15
261.71	45364.49
261.76	45322.77
261.81	45269.96
261.86	45220.96
261.91	45180.93
261.96	45146.37
262.01	45104.19
262.06	45086.91
262.10	45076.65
262.15	45059.37
262.20	45042.23
262.25	45027.84
262.30	45005.64
262.35	44980.49
262.40	44945.62
262.45	44923.05
262.49	44889.90
262.54	44851.84
262.59	44809.62
262.64	44786.60
262.69	44745.54
262.74	44699.23
262.79	44642.85
262.84	44600.78
262.88	44552.39
262.93	44507.94
262.98	44472.37
263.03	44436.71
263.08	44382.94
263.13	44305.42
263.18	44238.16
263.23	44173.21
263.27	44130.92
263.32	44098.35
263.37	44086.01
263.42	44072.42
263.47	44041.26
263.52	44010.34
263.57	43978.10
263.61	43946.36
263.66	43899.81
263.71	43871.82
263.76	43830.89
263.81	43787.04
263.86	43744.25
263.91	43706.15
263.95	43645.56
264.00	43586.88
264.05	43528.77
264.10	43464.26
264.15	43394.71
264.20	43354.48
264.25	43308.88
264.29	43268.87
264.34	43224.96
264.39	43199.61
264.44	43149.12
264.49	43104.85
264.54	43065.62
264.59	43029.53
264.63	42976.87
264.68	42930.16
264.73	42886.73
264.78	42831.03
264.83	42776.13
264.88	42726.58
264.93	42704.60
264.97	42673.13
265.02	42658.45
265.07	42639.74
265.12	42611.67
265.17	42566.49
265.22	42527.25
265.27	42464.66
265.31	42401.54
265.36	42342.19
265.41	42284.98
265.46	42223.47
265.51	42147.87
265.56	42082.44
265.60	42021.75
265.65	41960.29
265.70	41894.70
265.75	41851.93
265.80	41811.02
265.85	41753.98
265.90	41694.67
265.94	41645.59
265.99	41583.37
266.04	41525.76
266.09	41485.79
266.14	41449.40
266.19	41415.97
266.23	41383.11
266.28	41338.92
266.33	41307.69
266.38	41278.82
266.43	41248.15
266.48	41229.95
266.52	41217.07
266.57	41178.90
266.62	41139.77
266.67	41093.47
266.72	41045.24
266.77	41009.62
266.81	40986.11
266.86	40958.27
266.91	40923.95
266.96	40884.96
267.01	40840.26
267.06	40791.70
267.10	40737.73
267.15	40687.54
267.20	40661.29
267.25	40627.86
267.30	40591.75
267.35	40557.43
267.39	40527.67
267.44	40485.56
267.49	40435.27
267.54	40390.49
267.59	40342.34
267.64	40281.65
267.68	40213.03
267.73	40161.24
267.78	40109.16
267.83	40086.64
267.88	40082.98
267.93	40082.85
267.97	40067.93
268.02	40040.34
268.07	39985.15
268.12	39918.54
268.17	39853.25
268.21	39802.73
268.26	39756.33
268.31	39714.48
268.36	39679.16
268.41	39634.16
268.46	39584.77
268.50	39542.07
268.55	39493.89
268.60	39429.45
268.65	39366.67
268.70	39291.40
268.74	39221.89
268.79	39152.50
268.84	39105.06
268.89	39064.76
268.94	39032.89
268.99	39000.34
269.03	38960.58
269.08	38906.70
269.13	38831.31
269.18	38755.24
269.23	38655.48
269.27	38549.47
269.32	38426.02
269.37	38312.56
269.42	38174.31
269.47	38035.83
269.51	37899.69
269.56	37769.26
269.61	37618.16
269.66	37469.56
269.71	37315.99
269.76	37167.63
269.80	37006.43
269.85	36861.38
269.90	36719.53
269.95	36575.62
270.00	36418.37
270.04	36275.18
270.09	36132.21
270.14	35988.73
270.19	35857.82
270.24	35727.07
270.28	35569.22
270.33	35399.84
270.38	35220.12
270.43	35037.70
270.48	34860.62
270.52	34710.27
270.57	34554.70
270.62	34405.01
270.67	34252.02
270.72	34091.05
270.76	33911.59
270.81	33741.12
270.86	33566.47
270.91	33395.32
270.96	33224.01
271.00	33067.18
271.05	32917.89
271.10	32777.49
271.15	32638.47
271.20	32519.11
271.24	32384.03
271.29	32245.41
271.34	32100.32
271.39	31954.42
271.44	31798.57
271.48	31665.37
271.53	31521.76
271.58	31381.51
271.63	31232.57
271.67	31093.52
271.72	30939.99
271.77	30794.02
271.82	30654.03
271.87	30524.93
271.91	30361.73
271.96	30221.64
272.01	30085.19
272.06	29956.25
272.11	29826.01
272.15	29728.46
272.20	29624.09
272.25	29527.11
272.30	29425.44
272.35	29321.19
272.39	29215.27
272.44	29091.21
272.49	28953.17
272.54	28809.74
272.58	28660.75
272.63	28505.41
272.68	28352.83
272.73	28197.93
272.78	28026.02
272.82	27832.24
272.87	27611.12
272.92	27330.30
272.97	26803.36
273.01	23853.52
273.06	18914.95
273.11	13470.97
273.16	8126.20
273.21	3060.87
273.25	462.52
273.30	-88.87
273.35	-88.83
