165.32	3381.16
165.38	-247.71
165.44	596.36
165.50	-77.32
165.55	-19.54
165.61	1.96
165.67	28.99
165.72	37.49
165.78	42.33
165.84	40.84
165.89	37.76
165.95	36.13
166.01	35.22
166.06	36.74
166.12	39.04
166.18	36.74
166.23	38.44
166.29	37.66
166.35	34.26
166.40	33.74
166.46	40.71
166.52	43.58
166.57	44.80
166.63	45.41
166.69	47.90
166.74	41.87
166.80	42.23
166.86	43.78
166.91	44.34
166.97	38.23
167.03	40.77
167.08	34.40
167.14	33.62
167.20	32.03
167.25	44.40
167.31	45.23
167.37	50.97
167.42	53.20
167.48	59.07
167.54	53.93
167.59	52.98
167.65	48.73
167.71	48.18
167.76	47.25
167.82	42.86
167.88	42.53
167.93	50.54
167.99	49.39
168.05	51.13
168.10	58.81
168.16	58.20
168.21	56.33
168.27	60.99
168.33	62.99
168.38	55.60
168.44	60.49
168.50	58.79
168.55	56.92
168.61	57.62
168.67	59.86
168.72	56.69
168.78	56.83
168.84	52.68
168.89	51.47
168.95	52.01
169.01	52.01
169.06	51.80
169.12	51.43
169.18	48.72
169.23	49.09
169.29	53.01
169.34	57.56
169.40	60.21
169.46	65.31
169.51	66.98
169.57	62.53
169.63	58.03
169.68	63.08
169.74	59.43
169.80	65.64
169.85	67.08
169.91	71.59
169.97	67.75
170.02	67.35
170.08	65.82
170.13	66.09
170.19	65.11
170.25	66.44
170.30	70.79
170.36	62.98
170.42	64.83
170.47	66.42
170.53	68.15
170.59	65.46
170.64	68.80
170.70	67.49
170.76	64.54
170.81	66.02
170.87	65.04
170.92	65.79
170.98	68.34
171.04	71.15
171.09	66.69
171.15	74.32
171.21	75.44
171.26	72.37
171.32	69.25
171.37	73.11
171.43	67.44
171.49	71.82
171.54	75.61
171.60	77.44
171.66	79.21
171.71	79.40
171.77	77.18
171.83	82.54
171.88	81.50
171.94	81.16
171.99	86.00
172.05	84.68
172.11	85.97
172.16	94.59
172.22	94.84
172.28	94.77
172.33	92.84
172.39	90.09
172.44	87.01
172.50	92.39
172.56	92.14
172.61	100.08
172.67	99.38
172.72	99.22
172.78	94.00
172.84	88.60
172.89	82.18
172.95	80.96
173.01	81.90
173.06	80.51
173.12	86.68
173.17	88.11
173.23	87.88
173.29	87.86
173.34	89.64
173.40	84.20
173.46	84.99
173.51	87.84
173.57	87.65
173.62	81.92
173.68	88.21
173.74	87.02
173.79	88.51
173.85	85.61
173.90	88.40
173.96	85.18
174.02	82.37
174.07	74.08
174.13	73.85
174.18	76.15
174.24	69.53
174.30	70.12
174.35	75.73
174.41	72.94
174.47	66.70
174.52	68.07
174.58	66.68
174.63	61.94
174.69	60.74
174.75	62.74
174.80	73.07
174.86	70.60
174.91	71.38
174.97	71.31
175.03	68.93
175.08	57.14
175.14	63.83
175.19	60.33
175.25	60.59
175.31	65.19
175.36	66.20
175.42	62.93
175.47	67.51
175.53	67.98
175.59	64.05
175.64	65.91
175.70	64.16
175.75	59.11
175.81	57.61
175.87	59.22
175.92	55.47
175.98	57.25
176.03	57.70
176.09	57.84
176.15	57.29
176.20	58.31
176.26	57.90
176.31	61.18
176.37	58.85
176.42	59.77
176.48	62.75
176.54	60.36
176.59	57.10
176.65	60.07
176.70	61.89
176.76	61.91
176.82	59.94
176.87	57.23
176.93	56.96
176.98	55.40
177.04	50.15
177.10	54.80
177.15	56.52
177.21	57.16
177.26	56.37
177.32	60.21
177.37	62.00
177.43	65.54
177.49	62.52
177.54	59.76
177.60	60.04
177.65	60.63
177.71	54.95
177.77	57.71
177.82	59.36
177.88	63.46
177.93	58.51
177.99	64.85
178.04	60.70
178.10	61.31
178.16	55.04
178.21	56.21
178.27	54.10
178.32	57.86
178.38	56.69
178.43	58.10
178.49	58.25
178.55	57.35
178.60	56.17
178.66	55.43
178.71	56.69
178.77	54.27
178.82	54.93
178.88	54.72
178.94	55.44
178.99	56.56
179.05	61.33
179.10	57.41
179.16	59.52
179.21	62.02
179.27	60.71
179.33	56.13
179.38	59.90
179.44	59.12
179.49	58.73
179.55	56.50
179.60	56.84
179.66	55.94
179.72	58.46
179.77	56.24
179.83	55.51
179.88	57.44
179.94	58.34
179.99	53.66
180.05	54.06
180.11	54.89
180.16	56.71
180.22	59.21
180.27	64.68
180.33	65.01
180.38	69.59
180.44	65.25
180.49	65.26
180.55	62.64
180.61	67.11
180.66	61.42
180.72	60.04
180.77	57.83
180.83	57.83
180.88	54.81
180.94	54.50
180.99	57.76
181.05	58.62
181.11	59.62
181.16	59.82
181.22	61.64
181.27	64.03
181.33	62.07
181.38	59.36
181.44	60.57
181.49	64.59
181.55	65.34
181.61	71.91
181.66	74.63
181.72	72.07
181.77	69.72
181.83	67.44
181.88	72.34
181.94	74.18
181.99	79.63
182.05	80.50
182.11	81.49
182.16	71.92
182.22	69.32
182.27	65.20
182.33	67.32
182.38	66.89
182.44	72.08
182.49	74.52
182.55	76.52
182.60	76.04
182.66	78.92
182.72	81.69
182.77	83.81
182.83	87.18
182.88	90.26
182.94	91.83
182.99	88.55
183.05	87.44
183.10	89.33
183.16	88.35
183.21	89.81
183.27	97.31
183.32	101.45
183.38	104.72
183.44	111.80
183.49	116.58
183.55	117.96
183.60	124.26
183.66	129.97
183.71	139.13
183.77	147.16
183.82	156.34
183.88	166.99
183.93	178.78
183.99	192.24
184.04	208.53
184.10	220.55
184.15	232.63
184.21	245.79
184.27	247.60
184.32	248.52
184.38	246.92
184.43	242.91
184.49	225.93
184.54	209.12
184.60	199.99
184.65	186.34
184.71	177.49
184.76	179.80
184.82	196.83
184.87	213.58
184.93	239.34
184.98	267.22
185.04	298.74
185.09	323.62
185.15	349.34
185.20	381.50
185.26	414.77
185.31	443.60
185.37	472.05
185.43	492.06
185.48	510.96
185.54	534.85
185.59	560.95
185.65	586.08
185.70	627.95
185.76	673.89
185.81	708.02
185.87	744.70
185.92	788.53
185.98	823.41
186.03	840.29
186.09	843.12
186.14	818.39
186.20	765.68
186.25	679.54
186.31	593.54
186.36	526.21
186.42	496.94
186.47	506.68
186.53	555.17
186.58	624.86
186.64	702.37
186.69	775.85
186.75	835.69
186.80	894.36
186.86	953.85
186.91	1011.33
186.97	1066.43
187.02	1138.52
187.08	1204.88
187.13	1261.75
187.19	1322.88
187.24	1386.86
187.30	1431.15
187.35	1478.44
187.41	1539.16
187.47	1598.10
187.52	1647.45
187.58	1707.14
187.63	1779.84
187.69	1854.01
187.74	1915.09
187.80	1970.96
187.85	2018.78
187.91	2040.14
187.96	2025.38
188.02	1964.19
188.07	1861.87
188.13	1708.81
188.18	1546.00
188.24	1424.87
188.29	1369.26
188.35	1378.64
188.40	1458.74
188.46	1585.69
188.51	1710.78
188.57	1840.63
188.62	1965.41
188.67	2082.09
188.73	2192.10
188.78	2297.91
188.84	2401.14
188.89	2506.98
188.95	2613.47
189.00	2707.32
189.06	2805.71
189.11	2898.92
189.17	2978.22
189.22	3049.83
189.28	3135.18
189.33	3212.86
189.39	3278.15
189.44	3346.15
189.50	3422.02
189.55	3491.49
189.61	3544.44
189.66	3600.70
189.72	3659.08
189.77	3709.51
189.83	3735.56
189.88	3743.05
189.94	3714.17
189.99	3633.05
190.05	3476.63
190.10	3257.38
190.16	3005.12
190.21	2780.55
190.27	2635.33
190.32	2595.93
190.38	2658.99
190.43	2806.77
190.49	2984.58
190.54	3139.47
190.60	3276.70
190.65	3396.23
190.71	3501.63
190.76	3601.97
190.81	3703.13
190.87	3808.71
190.92	3930.58
190.98	4054.67
191.03	4182.92
191.09	4317.06
191.14	4434.13
191.20	4527.93
191.25	4629.53
191.31	4727.82
191.36	4825.76
191.42	4928.64
191.47	5045.20
191.53	5157.95
191.58	5255.27
191.64	5332.85
191.69	5400.82
191.75	5448.57
191.80	5479.74
191.85	5499.66
191.91	5519.31
191.96	5541.82
192.02	5573.06
192.07	5587.33
192.13	5579.65
192.18	5531.28
192.24	5412.54
192.29	5215.05
192.35	4988.97
192.40	4804.14
192.46	4697.17
192.51	4695.16
192.57	4791.96
192.62	4968.02
192.67	5154.86
192.73	5334.66
192.78	5496.22
192.84	5647.87
192.89	5786.52
192.95	5915.99
193.00	6029.33
193.06	6140.23
193.11	6245.40
193.17	6333.28
193.22	6419.80
193.28	6512.16
193.33	6588.20
193.38	6656.35
193.44	6730.18
193.49	6801.24
193.55	6858.77
193.60	6917.31
193.66	6969.82
193.71	7011.11
193.77	7037.08
193.82	7059.20
193.88	7079.23
193.93	7107.13
193.98	7136.53
194.04	7175.29
194.09	7218.11
194.15	7267.63
194.20	7310.47
194.26	7351.14
194.31	7396.94
194.37	7423.86
194.42	7431.43
194.47	7422.72
194.53	7379.15
194.58	7286.93
194.64	7179.51
194.69	7079.90
194.75	7010.69
194.80	6994.77
194.86	7035.85
194.91	7126.57
194.97	7234.64
195.02	7344.66
195.07	7453.19
195.13	7557.24
195.18	7662.91
195.24	7765.70
195.29	7868.71
195.35	7960.92
195.40	8056.32
195.46	8135.13
195.51	8221.67
195.56	8300.99
195.62	8385.84
195.67	8456.59
195.73	8530.69
195.78	8587.57
195.84	8633.72
195.89	8665.51
195.94	8695.05
196.00	8727.36
196.05	8766.08
196.11	8819.19
196.16	8876.89
196.22	8942.11
196.27	9000.49
196.32	9052.42
196.38	9096.28
196.43	9137.83
196.49	9174.38
196.54	9211.15
196.60	9255.30
196.65	9300.42
196.71	9349.30
196.76	9394.47
196.81	9435.79
196.87	9467.10
196.92	9496.07
196.98	9511.15
197.03	9523.42
197.09	9520.06
197.14	9514.04
197.19	9514.72
197.25	9529.20
197.30	9556.65
197.36	9606.09
197.41	9670.65
197.47	9732.70
197.52	9795.72
197.57	9859.46
197.63	9917.38
197.68	9968.86
197.74	10021.38
197.79	10067.39
197.84	10111.71
197.90	10160.24
197.95	10203.60
198.01	10245.91
198.06	10291.67
198.12	10335.04
198.17	10369.97
198.22	10410.61
198.28	10448.68
198.33	10487.99
198.39	10528.44
198.44	10579.20
198.49	10626.66
198.55	10673.36
198.60	10720.00
198.66	10760.97
198.71	10809.01
198.77	10861.19
198.82	10912.05
198.87	10957.22
198.93	11005.41
198.98	11049.52
199.04	11093.61
199.09	11134.45
199.14	11176.46
199.20	11220.15
199.25	11260.58
199.31	11298.78
199.36	11344.16
199.42	11393.15
199.47	11434.56
199.52	11473.04
199.58	11513.36
199.63	11540.88
199.69	11573.48
199.74	11610.66
199.79	11636.75
199.85	11663.69
199.90	11709.38
199.96	11744.00
200.01	11783.54
200.06	11834.38
200.12	11884.89
200.17	11931.64
200.23	11985.23
200.28	12032.64
200.33	12083.92
200.39	12128.91
200.44	12171.99
200.50	12214.37
200.55	12253.22
200.60	12290.92
200.66	12332.89
200.71	12365.87
200.77	12408.26
200.82	12447.01
200.87	12484.05
200.93	12518.32
200.98	12558.69
201.04	12592.96
201.09	12638.22
201.14	12690.81
201.20	12741.00
201.25	12798.03
201.31	12854.73
201.36	12915.93
201.41	12975.96
201.47	13034.63
201.52	13083.29
201.58	13145.87
201.63	13196.79
201.68	13239.58
201.74	13292.32
201.79	13346.54
201.84	13394.37
201.90	13438.66
201.95	13491.12
202.01	13540.84
202.06	13593.85
202.11	13635.74
202.17	13684.27
202.22	13726.89
202.28	13767.23
202.33	13803.00
202.38	13841.52
202.44	13887.99
202.49	13932.73
202.54	13982.35
202.60	14031.45
202.65	14079.14
202.71	14126.69
202.76	14168.74
202.81	14208.32
202.87	14255.05
202.92	14301.06
202.98	14349.21
203.03	14400.86
203.08	14454.56
203.14	14508.19
203.19	14566.60
203.24	14623.44
203.30	14677.42
203.35	14727.33
203.41	14777.79
203.46	14824.08
203.51	14861.33
203.57	14904.81
203.62	14954.94
203.67	15004.75
203.73	15048.55
203.78	15097.15
203.84	15149.74
203.89	15187.84
203.94	15223.22
204.00	15263.34
204.05	15306.53
204.10	15329.12
204.16	15361.32
204.21	15395.94
204.27	15422.11
204.32	15436.81
204.37	15460.87
204.43	15469.80
204.48	15466.99
204.53	15467.02
204.59	15492.79
204.64	15552.11
204.69	15637.17
204.75	15742.41
204.80	15862.14
204.86	15956.37
204.91	16025.08
204.96	16084.41
205.02	16121.12
205.07	16159.23
205.12	16217.97
205.18	16289.98
205.23	16369.44
205.28	16471.18
205.34	16561.92
205.39	16644.20
205.45	16715.94
205.50	16780.78
205.55	16837.42
205.61	16896.72
205.66	16956.01
205.71	17026.07
205.77	17086.55
205.82	17148.11
205.87	17208.74
205.93	17261.04
205.98	17304.95
206.03	17350.30
206.09	17393.12
206.14	17437.28
206.20	17492.87
206.25	17545.73
206.30	17606.59
206.36	17666.84
206.41	17732.83
206.46	17782.06
206.52	17831.04
206.57	17881.36
206.62	17927.85
206.68	17971.81
206.73	18023.39
206.78	18081.16
206.84	18134.53
206.89	18188.19
206.94	18246.81
207.00	18314.19
207.05	18377.00
207.11	18443.04
207.16	18509.53
207.21	18573.09
207.27	18628.26
207.32	18687.79
207.37	18743.03
207.43	18799.91
207.48	18849.61
207.53	18905.67
207.59	18951.30
207.64	19007.18
207.69	19074.79
207.75	19145.10
207.80	19204.25
207.85	19268.68
207.91	19319.58
207.96	19369.03
208.01	19425.68
208.07	19482.60
208.12	19542.79
208.17	19601.52
208.23	19651.63
208.28	19697.43
208.33	19753.67
208.39	19813.50
208.44	19880.96
208.49	19942.70
208.55	20006.17
208.60	20059.96
208.65	20105.57
208.71	20154.17
208.76	20211.83
208.81	20271.14
208.87	20335.76
208.92	20400.89
208.97	20463.44
209.03	20524.90
209.08	20584.13
209.13	20642.59
209.19	20700.05
209.24	20755.92
209.29	20815.25
209.35	20866.68
209.40	20927.83
209.45	20992.90
209.51	21052.33
209.56	21117.11
209.61	21185.97
209.67	21248.38
209.72	21311.92
209.77	21374.30
209.83	21436.64
209.88	21502.71
209.93	21565.91
209.99	21626.41
210.04	21702.74
210.09	21766.60
210.15	21826.78
210.20	21893.07
210.25	21954.52
210.31	22010.79
210.36	22059.68
210.41	22112.60
210.46	22171.65
210.52	22227.34
210.57	22283.66
210.62	22348.63
210.68	22417.79
210.73	22469.97
210.78	22534.82
210.84	22595.96
210.89	22659.77
210.94	22713.04
211.00	22770.62
211.05	22818.00
211.10	22872.58
211.16	22926.16
211.21	22992.38
211.26	23061.89
211.32	23136.53
211.37	23205.82
211.42	23273.95
211.47	23338.35
211.53	23401.89
211.58	23464.18
211.63	23525.84
211.69	23589.00
211.74	23639.96
211.79	23685.85
211.85	23739.96
211.90	23800.91
211.95	23862.30
212.01	23937.55
212.06	24017.42
212.11	24094.06
212.16	24167.42
212.22	24240.08
212.27	24300.93
212.32	24367.23
212.38	24432.71
212.43	24496.79
212.48	24563.54
212.54	24638.36
212.59	24711.62
212.64	24778.09
212.69	24836.27
212.75	24902.44
212.80	24958.97
212.85	25014.88
212.91	25066.45
212.96	25130.16
213.01	25187.04
213.07	25255.32
213.12	25324.28
213.17	25388.80
213.22	25454.53
213.28	25521.25
213.33	25564.11
213.38	25611.75
213.44	25677.83
213.49	25745.73
213.54	25813.34
213.60	25902.27
213.65	25985.94
213.70	26062.33
213.75	26124.76
213.81	26179.55
213.86	26239.61
213.91	26289.42
213.97	26329.30
214.02	26374.53
214.07	26420.40
214.12	26456.07
214.18	26497.66
214.23	26550.56
214.28	26596.83
214.34	26642.22
214.39	26674.61
214.44	26695.74
214.49	26691.79
214.55	26679.86
214.60	26648.93
214.65	26603.06
214.71	26563.99
214.76	26585.11
214.81	26658.24
214.86	26788.39
214.92	26969.69
214.97	27161.32
215.02	27313.83
215.08	27428.30
215.13	27511.99
215.18	27555.29
215.23	27588.21
215.29	27638.68
215.34	27706.06
215.39	27799.72
215.45	27925.75
215.50	28068.25
215.55	28203.87
215.60	28322.73
215.66	28407.62
215.71	28483.71
215.76	28556.76
215.81	28611.60
215.87	28671.70
215.92	28734.08
215.97	28790.33
216.03	28844.53
216.08	28902.44
216.13	28957.99
216.18	29015.90
216.24	29076.87
216.29	29135.81
216.34	29194.32
216.39	29268.04
216.45	29331.40
216.50	29390.63
216.55	29443.17
216.61	29515.01
216.66	29555.36
216.71	29608.58
216.76	29669.77
216.82	29748.30
216.87	29814.96
216.92	29899.02
216.97	29971.62
217.03	30049.01
217.08	30122.36
217.13	30199.40
217.18	30266.14
217.24	30338.58
217.29	30399.51
217.34	30446.54
217.39	30489.09
217.45	30537.21
217.50	30588.97
217.55	30649.00
217.61	30721.60
217.66	30789.69
217.71	30862.80
217.76	30939.01
217.82	31011.64
217.87	31085.62
217.92	31167.92
217.97	31242.44
218.03	31304.69
218.08	31358.18
218.13	31402.53
218.18	31443.29
218.24	31504.68
218.29	31562.70
218.34	31626.60
218.39	31690.19
218.45	31759.87
218.50	31810.88
218.55	31873.95
218.60	31938.63
218.66	31996.27
218.71	32060.28
218.76	32127.41
218.81	32185.56
218.87	32247.28
218.92	32314.41
218.97	32379.40
219.02	32449.50
219.08	32520.70
219.13	32599.96
219.18	32672.29
219.23	32738.96
219.29	32794.32
219.34	32857.34
219.39	32916.39
219.44	32972.22
219.50	33037.69
219.55	33106.63
219.60	33169.11
219.65	33226.67
219.71	33292.42
219.76	33341.23
219.81	33392.34
219.86	33452.13
219.92	33496.69
219.97	33553.91
220.02	33607.52
220.07	33668.02
220.13	33726.68
220.18	33807.84
220.23	33877.44
220.28	33964.84
220.33	34048.72
220.39	34117.41
220.44	34169.52
220.49	34223.95
220.54	34263.66
220.60	34303.54
220.65	34362.44
220.70	34430.38
220.75	34503.32
220.81	34590.53
220.86	34670.33
220.91	34743.04
220.96	34816.71
221.02	34884.53
221.07	34948.55
221.12	35005.17
221.17	35061.31
221.22	35114.50
221.28	35175.14
221.33	35232.90
221.38	35294.26
221.43	35358.40
221.49	35422.48
221.54	35481.93
221.59	35544.11
221.64	35624.00
221.69	35721.16
221.75	35824.01
221.80	35921.52
221.85	36000.02
221.90	36063.64
221.96	36117.13
222.01	36149.62
222.06	36188.43
222.11	36240.98
222.17	36288.86
222.22	36319.59
222.27	36370.11
222.32	36414.93
222.37	36466.66
222.43	36528.47
222.48	36591.89
222.53	36659.75
222.58	36746.68
222.63	36817.74
222.69	36884.04
222.74	36961.54
222.79	37031.18
222.84	37071.39
222.90	37121.69
222.95	37177.09
223.00	37221.93
223.05	37277.68
223.10	37344.44
223.16	37397.88
223.21	37446.22
223.26	37491.53
223.31	37526.98
223.36	37554.43
223.42	37591.16
223.47	37615.86
223.52	37659.24
223.57	37699.86
223.63	37757.39
223.68	37816.57
223.73	37905.92
223.78	37980.84
223.83	38053.23
223.89	38109.40
223.94	38176.15
223.99	38230.53
224.04	38302.75
224.09	38379.59
224.15	38472.80
224.20	38549.44
224.25	38638.49
224.30	38722.79
224.35	38807.65
224.41	38897.45
224.46	39001.11
224.51	39086.75
224.56	39167.45
224.61	39251.04
224.67	39328.78
224.72	39395.34
224.77	39487.44
224.82	39584.23
224.87	39665.81
224.93	39743.38
224.98	39836.11
225.03	39917.50
225.08	39992.91
225.13	40078.16
225.19	40168.19
225.24	40254.28
225.29	40329.68
225.34	40409.03
225.39	40491.11
225.45	40569.59
225.50	40644.39
225.55	40715.63
225.60	40791.31
225.65	40863.63
225.71	40934.16
225.76	40998.15
225.81	41056.60
225.86	41111.40
225.91	41158.20
225.97	41196.36
226.02	41224.00
226.07	41240.16
226.12	41252.34
226.17	41293.95
226.22	41371.23
226.28	41496.57
226.33	41666.55
226.38	41831.07
226.43	41972.00
226.48	42084.03
226.54	42157.41
226.59	42215.04
226.64	42267.78
226.69	42303.89
226.74	42347.34
226.80	42416.14
226.85	42488.10
226.90	42576.08
226.95	42696.18
227.00	42818.93
227.05	42929.61
227.11	43037.34
227.16	43135.04
227.21	43221.69
227.26	43311.69
227.31	43388.43
227.37	43446.71
227.42	43520.65
227.47	43600.07
227.52	43667.18
227.57	43729.63
227.62	43820.84
227.68	43899.02
227.73	43976.14
227.78	44058.63
227.83	44147.69
227.88	44215.61
227.93	44293.37
227.99	44368.91
228.04	44438.87
228.09	44509.84
228.14	44582.46
228.19	44643.86
228.24	44713.52
228.30	44778.90
228.35	44842.10
228.40	44913.21
228.45	44973.46
228.50	45038.90
228.56	45106.86
228.61	45174.25
228.66	45229.39
228.71	45289.58
228.76	45337.24
228.81	45379.91
228.87	45422.27
228.92	45486.15
228.97	45555.32
229.02	45646.69
229.07	45723.19
229.12	45817.53
229.17	45888.94
229.23	45968.75
229.28	46032.88
229.33	46109.80
229.38	46181.18
229.43	46250.10
229.48	46322.73
229.54	46391.49
229.59	46462.34
229.64	46531.33
229.69	46616.59
229.74	46708.33
229.79	46777.09
229.85	46856.07
229.90	46924.77
229.95	46992.11
230.00	47039.97
230.05	47123.99
230.10	47191.72
230.16	47260.94
230.21	47321.65
230.26	47386.38
230.31	47421.79
230.36	47486.30
230.41	47549.98
230.46	47627.32
230.52	47711.08
230.57	47800.91
230.62	47872.90
230.67	47935.52
230.72	47996.50
230.77	48041.37
230.82	48092.12
230.88	48128.69
230.93	48179.15
230.98	48213.73
231.03	48269.03
231.08	48322.05
231.13	48378.26
231.19	48443.38
231.24	48524.01
231.29	48598.13
231.34	48663.92
231.39	48742.15
231.44	48809.66
231.49	48860.09
231.55	48905.17
231.60	48949.34
231.65	49002.13
231.70	49049.49
231.75	49091.43
231.80	49141.07
231.85	49206.89
231.91	49245.30
231.96	49292.73
232.01	49359.45
232.06	49426.80
232.11	49479.65
232.16	49561.80
232.21	49651.26
232.26	49739.01
232.32	49813.45
232.37	49888.54
232.42	49955.28
232.47	50001.74
232.52	50047.76
232.57	50096.32
232.62	50153.94
232.68	50213.07
232.73	50284.03
232.78	50356.43
232.83	50439.96
232.88	50522.69
232.93	50606.02
232.98	50674.89
233.03	50731.34
233.09	50795.25
233.14	50854.96
233.19	50899.99
233.24	50949.81
233.29	51003.13
233.34	51023.50
233.39	51048.75
233.45	51087.19
233.50	51124.21
233.55	51175.90
233.60	51242.93
233.65	51297.09
233.70	51349.14
233.75	51400.58
233.80	51446.27
233.86	51498.81
233.91	51555.46
233.96	51604.06
234.01	51658.57
234.06	51712.68
234.11	51771.66
234.16	51826.01
234.21	51885.10
234.26	51933.01
234.32	51974.67
234.37	52009.65
234.42	52045.23
234.47	52069.69
234.52	52104.72
234.57	52152.59
234.62	52193.84
234.67	52242.66
234.73	52303.75
234.78	52357.74
234.83	52400.33
234.88	52449.21
234.93	52487.10
234.98	52524.84
235.03	52570.16
235.08	52621.79
235.13	52671.74
235.19	52742.44
235.24	52800.38
235.29	52863.28
235.34	52914.44
235.39	52951.82
235.44	52983.12
235.49	53031.94
235.54	53064.21
235.59	53087.03
235.65	53125.33
235.70	53160.13
235.75	53185.76
235.80	53232.64
235.85	53282.85
235.90	53327.12
235.95	53346.40
236.00	53375.06
236.05	53395.22
236.11	53423.51
236.16	53456.04
236.21	53503.67
236.26	53544.18
236.31	53575.89
236.36	53598.50
236.41	53605.64
236.46	53615.38
236.51	53633.36
236.56	53660.08
236.62	53690.16
236.67	53732.15
236.72	53779.82
236.77	53801.02
236.82	53844.70
236.87	53868.18
236.92	53889.46
236.97	53927.90
237.02	53983.66
237.07	54017.90
237.13	54084.68
237.18	54148.66
237.23	54196.47
237.28	54236.26
237.33	54281.07
237.38	54303.44
237.43	54327.02
237.48	54330.72
237.53	54350.65
237.58	54375.34
237.63	54420.62
237.69	54466.65
237.74	54516.49
237.79	54557.00
237.84	54569.99
237.89	54566.89
237.94	54569.04
237.99	54590.24
238.04	54600.52
238.09	54621.98
238.14	54652.49
238.19	54676.72
238.25	54690.30
238.30	54694.61
238.35	54700.66
238.40	54705.71
238.45	54707.90
238.50	54713.05
238.55	54720.19
238.60	54747.42
238.65	54761.17
238.70	54776.81
238.75	54785.44
238.80	54818.33
238.86	54828.36
238.91	54849.05
238.96	54879.03
239.01	54918.86
239.06	54948.33
239.11	54970.28
239.16	54997.27
239.21	54998.65
239.26	54991.93
239.31	55001.13
239.36	55017.70
239.41	55033.59
239.46	55064.83
239.52	55097.20
239.57	55112.89
239.62	55127.63
239.67	55144.51
239.72	55164.56
239.77	55179.04
239.82	55191.49
239.87	55210.86
239.92	55222.64
239.97	55216.10
240.02	55203.36
240.07	55197.43
240.12	55198.07
240.17	55200.47
240.23	55203.08
240.28	55214.30
240.33	55222.44
240.38	55212.62
240.43	55202.29
240.48	55224.54
240.53	55238.94
240.58	55262.65
240.63	55293.51
240.68	55309.86
240.73	55296.18
240.78	55298.30
240.83	55290.77
240.88	55270.74
240.93	55257.53
240.98	55261.05
241.04	55270.42
241.09	55300.95
241.14	55326.32
241.19	55373.69
241.24	55399.87
241.29	55419.69
241.34	55419.34
241.39	55430.66
241.44	55430.81
241.49	55441.09
241.54	55436.14
241.59	55429.56
241.64	55429.09
241.69	55416.00
241.74	55401.73
241.79	55392.25
241.84	55388.70
241.90	55374.25
241.95	55353.76
242.00	55325.56
242.05	55304.42
242.10	55285.19
242.15	55267.99
242.20	55263.85
242.25	55269.74
242.30	55266.38
242.35	55258.60
242.40	55253.64
242.45	55245.02
242.50	55231.64
242.55	55230.59
242.60	55233.57
242.65	55229.60
242.70	55242.75
242.75	55267.59
242.80	55307.62
242.85	55338.98
242.91	55356.50
242.96	55347.67
243.01	55335.33
243.06	55300.07
243.11	55263.95
243.16	55245.34
243.21	55244.04
243.26	55247.27
243.31	55257.49
243.36	55269.16
243.41	55280.31
243.46	55278.78
243.51	55247.50
243.56	55205.27
243.61	55148.85
243.66	55103.94
243.71	55066.59
243.76	55057.49
243.81	55061.59
243.86	55062.48
243.91	55071.36
243.96	55073.12
244.01	55058.98
244.06	55040.73
244.12	55040.08
244.17	55024.58
244.22	55024.86
244.27	55055.98
244.32	55078.56
244.37	55096.47
244.42	55098.91
244.47	55095.22
244.52	55068.30
244.57	55038.71
244.62	55010.88
244.67	54999.04
244.72	54975.75
244.77	54962.83
244.82	54973.67
244.87	54997.09
244.92	55012.62
244.97	55024.58
245.02	55022.64
245.07	55002.99
245.12	54978.49
245.17	54960.42
245.22	54961.45
245.27	54959.67
245.32	54929.24
245.37	54898.55
245.42	54864.62
245.47	54812.18
245.52	54768.19
245.57	54756.28
245.62	54738.17
245.67	54720.54
245.72	54710.79
245.77	54690.35
245.82	54679.86
245.87	54678.07
245.92	54689.07
245.98	54688.79
246.03	54687.40
246.08	54682.35
246.13	54668.83
246.18	54660.69
246.23	54654.49
246.28	54651.14
246.33	54638.68
246.38	54614.53
246.43	54582.98
246.48	54561.79
246.53	54556.70
246.58	54561.25
246.63	54573.01
246.68	54570.48
246.73	54559.09
246.78	54532.94
246.83	54484.58
246.88	54438.38
246.93	54395.07
246.98	54352.39
247.03	54326.51
247.08	54312.16
247.13	54297.04
247.18	54291.83
247.23	54306.44
247.28	54309.91
247.33	54293.16
247.38	54272.64
247.43	54251.76
247.48	54226.05
247.53	54190.08
247.58	54161.67
247.63	54135.31
247.68	54096.80
247.73	54039.45
247.78	53999.18
247.83	53969.40
247.88	53945.72
247.93	53937.13
247.98	53946.88
248.03	53953.65
248.08	53964.98
248.13	53964.74
248.18	53941.84
248.23	53931.22
248.28	53904.87
248.33	53867.72
248.38	53834.49
248.43	53819.77
248.48	53796.31
248.53	53783.37
248.58	53768.78
248.63	53763.54
248.68	53736.87
248.73	53706.45
248.78	53667.43
248.83	53612.36
248.88	53539.02
248.93	53477.76
248.98	53401.07
249.03	53358.34
249.08	53343.29
249.13	53340.88
249.18	53342.29
249.23	53356.23
249.28	53343.96
249.33	53338.00
249.38	53324.04
249.43	53303.54
249.48	53282.78
249.53	53277.12
249.58	53248.73
249.63	53235.09
249.68	53219.35
249.73	53201.74
249.78	53172.82
249.83	53169.14
249.88	53135.54
249.93	53122.30
249.98	53115.83
250.03	53106.25
250.08	53078.31
250.13	53069.14
250.18	53041.71
250.23	52997.72
250.28	52949.44
250.33	52899.91
250.37	52860.63
250.42	52820.17
250.47	52786.16
250.52	52778.07
250.57	52754.54
250.62	52717.30
250.67	52687.34
250.72	52671.74
250.77	52625.30
250.82	52608.22
250.87	52613.19
250.92	52604.59
250.97	52583.05
251.02	52586.59
251.07	52582.45
251.12	52551.90
251.17	52526.59
251.22	52492.55
251.27	52444.30
251.32	52397.23
251.37	52346.88
251.42	52297.90
251.47	52261.47
251.52	52239.13
251.57	52223.23
251.62	52208.09
251.67	52199.27
251.72	52176.54
251.77	52145.39
251.82	52101.95
251.87	52064.29
251.92	52012.83
251.97	51969.52
252.02	51917.59
252.07	51881.96
252.12	51863.24
252.16	51853.50
252.21	51851.29
252.26	51866.53
252.31	51871.88
252.36	51870.08
252.41	51860.47
252.46	51835.11
252.51	51804.69
252.56	51770.69
252.61	51732.54
252.66	51699.47
252.71	51678.24
252.76	51645.37
252.81	51603.68
252.86	51546.00
252.91	51499.64
252.96	51431.11
253.01	51360.42
253.06	51299.49
253.11	51262.39
253.16	51214.44
253.21	51168.93
253.26	51135.61
253.31	51109.09
253.36	51078.00
253.40	51055.88
253.45	51052.25
253.50	51015.26
253.55	50978.49
253.60	50939.47
253.65	50890.50
253.70	50850.95
253.75	50839.80
253.80	50820.09
253.85	50812.52
253.90	50815.93
253.95	50810.94
254.00	50803.08
254.05	50793.13
254.10	50761.82
254.15	50730.69
254.20	50697.29
254.25	50662.02
254.30	50623.54
254.35	50569.81
254.39	50499.44
254.44	50418.24
254.49	50336.85
254.54	50298.54
254.59	50278.56
254.64	50281.20
254.69	50282.71
254.74	50289.30
254.79	50262.45
254.84	50227.33
254.89	50200.04
254.94	50183.54
254.99	50156.35
255.04	50140.90
255.09	50141.62
255.14	50109.84
255.19	50095.91
255.23	50092.78
255.28	50084.69
255.33	50066.92
255.38	50058.97
255.43	50040.34
255.48	50008.08
255.53	49962.19
255.58	49931.73
255.63	49898.62
255.68	49847.98
255.73	49808.27
255.78	49782.88
255.83	49750.06
255.88	49727.88
255.93	49707.09
255.97	49685.40
256.02	49651.09
256.07	49608.95
256.12	49536.29
256.17	49481.51
256.22	49430.70
256.27	49385.11
256.32	49347.43
256.37	49336.77
256.42	49313.37
256.47	49281.12
256.52	49251.23
256.57	49223.66
256.62	49204.23
256.66	49197.06
256.71	49172.25
256.76	49130.93
256.81	49079.57
256.86	49024.61
256.91	48967.76
256.96	48931.90
257.01	48902.04
257.06	48885.53
257.11	48854.01
257.16	48802.04
257.21	48761.98
257.26	48726.68
257.30	48686.71
257.35	48650.21
257.40	48634.77
257.45	48617.99
257.50	48588.48
257.55	48555.63
257.60	48524.19
257.65	48491.19
257.70	48449.23
257.75	48411.11
257.80	48384.33
257.85	48353.59
257.89	48312.98
257.94	48263.71
257.99	48210.15
258.04	48150.02
258.09	48102.47
258.14	48061.14
258.19	48035.77
258.24	48018.72
258.29	47976.03
258.34	47944.62
258.39	47912.92
258.44	47856.94
258.48	47801.80
258.53	47781.92
258.58	47734.50
258.63	47683.12
258.68	47640.74
258.73	47611.96
258.78	47560.26
258.83	47507.18
258.88	47471.51
258.93	47439.40
258.97	47401.49
259.02	47378.74
259.07	47365.50
259.12	47342.53
259.17	47329.19
259.22	47312.58
259.27	47284.17
259.32	47264.01
259.37	47225.60
259.42	47182.52
259.47	47137.61
259.51	47095.66
259.56	47033.02
259.61	46967.13
259.66	46887.04
259.71	46811.67
259.76	46742.07
259.81	46687.72
259.86	46648.94
259.91	46614.47
259.95	46590.03
260.00	46571.68
260.05	46548.44
260.10	46526.64
260.15	46512.49
260.20	46494.97
260.25	46483.33
260.30	46477.24
260.35	46453.44
260.40	46423.46
260.44	46402.19
260.49	46379.03
260.54	46337.84
260.59	46304.73
260.64	46301.55
260.69	46291.04
260.74	46253.86
260.79	46219.56
260.84	46191.24
260.88	46129.67
260.93	46055.33
260.98	46009.64
261.03	45969.18
261.08	45937.39
261.13	45898.37
261.18	45864.02
261.23	45812.71
261.28	45770.49
261.32	45727.69
261.37	45686.30
261.42	45656.65
261.47	45635.02
261.52	45591.12
261.57	45542.66
261.62	45507.31
261.67	45450.03
261.71	45377.69
261.76	45336.06
261.81	45288.31
261.86	45231.42
261.91	45186.21
261.96	45152.89
262.01	45113.30
262.06	45087.38
262.10	45076.70
262.15	45060.08
262.20	45047.83
262.25	45027.96
262.30	45007.81
262.35	44976.27
262.40	44953.37
262.45	44921.01
262.49	44891.70
262.54	44855.95
262.59	44823.85
262.64	44788.14
262.69	44745.78
262.74	44699.45
262.79	44644.08
262.84	44593.40
262.88	44544.14
262.93	44498.17
262.98	44463.49
263.03	44426.01
263.08	44381.01
263.13	44318.11
263.18	44258.54
263.23	44187.62
263.27	44131.82
263.32	44099.10
263.37	44080.03
263.42	44054.96
263.47	44036.82
263.52	44015.87
263.57	43979.61
263.61	43938.04
263.66	43899.18
263.71	43861.06
263.76	43828.35
263.81	43776.83
263.86	43748.56
263.91	43711.49
263.95	43650.75
264.00	43584.79
264.05	43545.87
264.10	43475.69
264.15	43415.04
264.20	43378.47
264.25	43338.06
264.29	43287.93
264.34	43237.19
264.39	43198.04
264.44	43143.87
264.49	43098.06
264.54	43056.37
264.59	43022.77
264.63	42983.95
264.68	42936.73
264.73	42888.06
264.78	42838.34
264.83	42783.21
264.88	42739.53
264.93	42723.29
264.97	42699.62
265.02	42676.05
265.07	42663.95
265.12	42624.07
265.17	42568.46
265.22	42524.22
265.27	42471.44
265.31	42401.09
265.36	42340.75
265.41	42282.60
265.46	42220.06
265.51	42147.24
265.56	42090.76
265.60	42036.02
265.65	41982.55
265.70	41924.53
265.75	41875.48
265.80	41828.60
265.85	41770.44
265.90	41716.75
265.94	41662.49
265.99	41602.11
266.04	41547.96
266.09	41507.87
266.14	41466.89
266.19	41427.61
266.23	41396.84
266.28	41352.60
266.33	41316.89
266.38	41288.68
266.43	41270.51
266.48	41253.37
266.52	41232.01
266.57	41198.85
266.62	41155.33
266.67	41096.87
266.72	41047.54
266.77	41016.54
266.81	40988.76
266.86	40965.24
266.91	40938.28
266.96	40891.28
267.01	40843.42
267.06	40789.27
267.10	40736.44
267.15	40689.86
267.20	40663.85
267.25	40628.69
267.30	40593.90
267.35	40559.87
267.39	40524.20
267.44	40481.38
267.49	40431.02
267.54	40382.67
267.59	40330.00
267.64	40275.40
267.68	40216.26
267.73	40163.95
267.78	40125.57
267.83	40099.95
267.88	40087.36
267.93	40074.14
267.97	40064.28
268.02	40025.95
268.07	39979.73
268.12	39918.17
268.17	39860.09
268.21	39809.45
268.26	39767.22
268.31	39719.39
268.36	39677.93
268.41	39636.43
268.46	39592.13
268.50	39561.09
268.55	39515.61
268.60	39460.01
268.65	39398.56
268.70	39313.57
268.74	39238.15
268.79	39170.40
268.84	39113.44
268.89	39072.59
268.94	39047.34
268.99	39008.51
269.03	38969.47
269.08	38925.96
269.13	38851.28
269.18	38774.95
269.23	38674.60
269.27	38564.94
269.32	38435.74
269.37	38309.09
269.42	38172.98
269.47	38042.67
269.51	37907.29
269.56	37771.15
269.61	37635.66
269.66	37480.76
269.71	37318.40
269.76	37170.52
269.80	37019.83
269.85	36872.44
269.90	36734.78
269.95	36592.66
270.00	36434.54
270.04	36288.66
270.09	36139.35
270.14	35990.88
270.19	35853.09
270.24	35719.53
270.28	35563.98
270.33	35399.77
270.38	35226.55
270.43	35051.67
270.48	34873.45
270.52	34715.62
270.57	34558.79
270.62	34401.58
270.67	34249.39
270.72	34092.26
270.76	33915.79
270.81	33742.84
270.86	33573.61
270.91	33398.04
270.96	33231.55
271.00	33075.43
271.05	32920.91
271.10	32783.62
271.15	32654.94
271.20	32535.64
271.24	32399.05
271.29	32265.97
271.34	32120.67
271.39	31965.01
271.44	31805.93
271.48	31671.99
271.53	31523.14
271.58	31377.13
271.63	31232.39
271.67	31086.34
271.72	30940.98
271.77	30802.66
271.82	30665.11
271.87	30527.49
271.91	30377.94
271.96	30228.45
272.01	30084.93
272.06	29957.33
272.11	29835.75
272.15	29724.36
272.20	29620.20
272.25	29523.39
272.30	29420.65
272.35	29313.87
272.39	29210.15
272.44	29092.65
272.49	28958.00
272.54	28814.96
272.58	28669.79
272.63	28519.36
272.68	28363.76
272.73	28208.37
272.78	28033.58
272.82	27834.14
272.87	27612.26
272.92	27325.12
272.97	26799.42
273.01	23849.84
273.06	18912.82
273.11	13466.72
273.16	8127.00
273.21	3061.21
273.25	463.07
273.30	-88.66
273.35	-89.82
