165.32	3374.58
165.38	-246.00
165.44	595.09
165.50	-78.07
165.55	-21.51
165.61	-0.48
165.67	25.31
165.72	33.31
165.78	38.55
165.84	37.43
165.89	34.21
165.95	32.93
166.01	32.35
166.06	33.47
166.12	35.91
166.18	34.04
166.23	35.67
166.29	34.89
166.35	31.72
166.40	30.84
166.46	37.08
166.52	39.82
166.57	40.69
166.63	41.10
166.69	43.91
166.74	38.32
166.80	38.83
166.86	40.90
166.91	41.89
166.97	36.02
167.03	38.77
167.08	33.05
167.14	32.37
167.20	30.34
167.25	42.25
167.31	42.47
167.37	48.19
167.42	49.85
167.48	56.10
167.54	50.76
167.59	50.57
167.65	46.11
167.71	45.76
167.76	44.42
167.82	39.84
167.88	39.29
167.93	46.75
167.99	45.82
168.05	47.95
168.10	56.08
168.16	54.85
168.21	53.02
168.27	57.26
168.33	59.41
168.38	51.61
168.44	56.39
168.50	54.76
168.55	53.27
168.61	53.29
168.67	55.72
168.72	53.34
168.78	53.62
168.84	49.45
168.89	48.42
168.95	49.26
169.01	48.99
169.06	48.41
169.12	47.39
169.18	45.52
169.23	45.60
169.29	49.90
169.34	54.20
169.40	57.17
169.46	61.42
169.51	63.00
169.57	57.67
169.63	53.71
169.68	58.52
169.74	54.98
169.80	60.94
169.85	62.71
169.91	66.75
169.97	63.20
170.02	62.92
170.08	62.46
170.13	63.05
170.19	63.03
170.25	64.31
170.30	68.78
170.36	59.79
170.42	61.64
170.47	62.40
170.53	64.35
170.59	61.22
170.64	64.74
170.70	63.00
170.76	60.45
170.81	61.71
170.87	60.59
170.92	61.64
170.98	64.52
171.04	66.56
171.09	62.54
171.15	70.14
171.21	70.69
171.26	67.70
171.32	65.77
171.37	69.17
171.43	63.70
171.49	68.33
171.54	71.68
171.60	73.04
171.66	75.04
171.71	75.61
171.77	73.62
171.83	79.50
171.88	78.72
171.94	78.08
171.99	82.64
172.05	80.97
172.11	81.61
172.16	90.05
172.22	90.41
172.28	90.52
172.33	89.28
172.39	86.33
172.44	83.29
172.50	88.51
172.56	88.13
172.61	95.66
172.67	95.83
172.72	95.37
172.78	90.24
172.84	84.92
172.89	78.55
172.95	77.28
173.01	78.05
173.06	76.72
173.12	82.57
173.17	84.18
173.23	83.67
173.29	83.96
173.34	85.67
173.40	80.23
173.46	80.34
173.51	82.96
173.57	83.49
173.62	77.80
173.68	84.20
173.74	83.51
173.79	85.30
173.85	82.10
173.90	84.93
173.96	81.22
174.02	78.59
174.07	70.27
174.13	69.28
174.18	71.91
174.24	65.71
174.30	65.90
174.35	71.11
174.41	68.36
174.47	62.06
174.52	63.57
174.58	62.52
174.63	58.26
174.69	57.05
174.75	59.56
174.80	69.84
174.86	67.39
174.91	68.35
174.97	68.74
175.03	65.74
175.08	53.98
175.14	60.59
175.19	56.74
175.25	57.04
175.31	61.67
175.36	62.65
175.42	59.76
175.47	63.87
175.53	64.11
175.59	60.41
175.64	62.02
175.70	59.91
175.75	55.25
175.81	53.44
175.87	54.63
175.92	51.36
175.98	53.16
176.03	53.55
176.09	54.30
176.15	53.96
176.20	54.96
176.26	54.77
176.31	58.24
176.37	55.84
176.42	56.80
176.48	60.07
176.54	57.35
176.59	53.90
176.65	56.48
176.70	58.11
176.76	57.33
176.82	55.72
176.87	53.15
176.93	53.23
176.98	51.78
177.04	46.69
177.10	51.08
177.15	52.44
177.21	53.10
177.26	52.35
177.32	56.38
177.37	58.34
177.43	61.87
177.49	58.63
177.54	55.57
177.60	55.96
177.65	56.40
177.71	51.36
177.77	54.43
177.82	56.52
177.88	60.04
177.93	55.02
177.99	61.62
178.04	56.91
178.10	57.41
178.16	51.47
178.21	52.91
178.27	49.87
178.32	54.13
178.38	52.70
178.43	54.15
178.49	54.00
178.55	52.79
178.60	51.44
178.66	51.22
178.71	52.32
178.77	50.42
178.82	51.97
178.88	51.95
178.94	52.29
178.99	53.32
179.05	57.28
179.10	53.29
179.16	56.03
179.21	58.57
179.27	57.47
179.33	53.32
179.38	56.85
179.44	54.77
179.49	54.54
179.55	53.22
179.60	53.28
179.66	52.24
179.72	54.88
179.77	52.59
179.83	50.59
179.88	52.45
179.94	53.62
179.99	49.53
180.05	49.51
180.11	50.87
180.16	53.29
180.22	55.78
180.27	60.62
180.33	61.25
180.38	65.19
180.44	60.75
180.49	60.67
180.55	58.67
180.61	62.93
180.66	57.75
180.72	56.11
180.77	54.32
180.83	54.17
180.88	51.69
180.94	51.59
180.99	55.03
181.05	55.12
181.11	56.47
181.16	56.81
181.22	58.12
181.27	60.72
181.33	58.87
181.38	55.95
181.44	56.91
181.49	61.68
181.55	62.22
181.61	68.65
181.66	70.93
181.72	68.54
181.77	65.72
181.83	63.83
181.88	68.86
181.94	70.63
181.99	76.06
182.05	76.71
182.11	77.31
182.16	68.83
182.22	66.64
182.27	62.05
182.33	64.85
182.38	64.93
182.44	69.28
182.49	71.77
182.55	73.96
182.60	73.89
182.66	76.78
182.72	79.42
182.77	81.45
182.83	84.89
182.88	87.76
182.94	88.99
182.99	85.57
183.05	84.33
183.10	86.43
183.16	85.60
183.21	87.21
183.27	95.52
183.32	100.14
183.38	103.76
183.44	111.28
183.49	116.97
183.55	119.17
183.60	126.90
183.66	134.50
183.71	144.67
183.77	153.45
183.82	163.68
183.88	175.66
183.93	187.20
183.99	201.40
184.04	218.88
184.10	232.51
184.15	244.56
184.21	259.19
184.27	262.04
184.32	262.62
184.38	259.21
184.43	254.44
184.49	236.22
184.54	217.00
184.60	205.85
184.65	191.17
184.71	180.82
184.76	182.88
184.82	200.81
184.87	218.68
184.93	244.94
184.98	274.39
185.04	306.97
185.09	333.27
185.15	360.75
185.20	395.49
185.26	432.04
185.31	462.34
185.37	491.39
185.43	512.25
185.48	531.90
185.54	555.51
185.59	581.75
185.65	608.39
185.70	651.00
185.76	698.73
185.81	734.47
185.87	773.12
185.92	819.54
185.98	857.05
186.03	873.95
186.09	875.22
186.14	849.44
186.20	792.28
186.25	702.53
186.31	612.12
186.36	543.15
186.42	510.45
186.47	519.50
186.53	566.80
186.58	639.48
186.64	715.26
186.69	790.99
186.75	853.09
186.80	913.13
186.86	971.59
186.91	1032.12
186.97	1086.43
187.02	1156.37
187.08	1221.12
187.13	1275.09
187.19	1332.67
187.24	1389.79
187.30	1425.39
187.35	1461.12
187.41	1509.51
187.47	1554.30
187.52	1596.31
187.58	1654.05
187.63	1731.70
187.69	1812.44
187.74	1883.93
187.80	1948.28
187.85	1998.22
187.91	2020.28
187.96	2006.37
188.02	1950.74
188.07	1852.84
188.13	1708.64
188.18	1554.00
188.24	1440.97
188.29	1387.30
188.35	1400.43
188.40	1482.76
188.46	1611.10
188.51	1740.29
188.57	1871.61
188.62	1998.23
188.67	2118.26
188.73	2232.59
188.78	2339.13
188.84	2444.60
188.89	2551.13
188.95	2656.70
189.00	2747.64
189.06	2847.04
189.11	2943.57
189.17	3024.67
189.22	3098.26
189.28	3188.50
189.33	3265.49
189.39	3328.37
189.44	3395.38
189.50	3473.09
189.55	3540.46
189.61	3593.44
189.66	3653.26
189.72	3712.98
189.77	3761.22
189.83	3788.45
189.88	3797.98
189.94	3764.45
189.99	3681.26
190.05	3523.22
190.10	3296.13
190.16	3036.29
190.21	2806.65
190.27	2652.20
190.32	2604.18
190.38	2660.89
190.43	2797.61
190.49	2961.00
190.54	3102.12
190.60	3222.38
190.65	3320.95
190.71	3404.88
190.76	3483.27
190.81	3564.96
190.87	3654.86
190.92	3775.03
190.98	3909.08
191.03	4055.60
191.09	4208.47
191.14	4342.08
191.20	4446.88
191.25	4549.99
191.31	4652.09
191.36	4760.01
191.42	4882.30
191.47	5023.96
191.53	5163.19
191.58	5279.89
191.64	5370.83
191.69	5448.25
191.75	5496.96
191.80	5531.31
191.85	5554.33
191.91	5577.75
191.96	5598.80
192.02	5628.25
192.07	5642.43
192.13	5636.72
192.18	5589.73
192.24	5472.62
192.29	5277.17
192.35	5046.53
192.40	4858.95
192.46	4748.72
192.51	4743.45
192.57	4835.99
192.62	5016.05
192.67	5205.03
192.73	5384.56
192.78	5549.85
192.84	5702.12
192.89	5837.87
192.95	5967.41
193.00	6085.10
193.06	6196.68
193.11	6307.25
193.17	6401.42
193.22	6488.92
193.28	6577.90
193.33	6653.61
193.38	6721.65
193.44	6791.85
193.49	6862.37
193.55	6918.47
193.60	6976.12
193.66	7028.96
193.71	7075.62
193.77	7101.66
193.82	7123.75
193.88	7143.71
193.93	7172.62
193.98	7200.85
194.04	7242.46
194.09	7291.60
194.15	7342.22
194.20	7386.72
194.26	7423.80
194.31	7462.05
194.37	7484.05
194.42	7489.10
194.47	7473.16
194.53	7429.99
194.58	7338.37
194.64	7227.62
194.69	7127.88
194.75	7056.26
194.80	7036.69
194.86	7076.74
194.91	7169.44
194.97	7275.41
195.02	7384.72
195.07	7491.62
195.13	7592.44
195.18	7694.32
195.24	7788.04
195.29	7884.32
195.35	7967.68
195.40	8055.97
195.46	8126.11
195.51	8213.71
195.56	8300.58
195.62	8392.34
195.67	8470.11
195.73	8554.82
195.78	8614.39
195.84	8659.34
195.89	8688.96
195.94	8724.39
196.00	8760.40
196.05	8806.44
196.11	8864.99
196.16	8933.25
196.22	9000.95
196.27	9065.15
196.32	9121.09
196.38	9170.42
196.43	9220.14
196.49	9255.92
196.54	9293.30
196.60	9339.00
196.65	9384.47
196.71	9425.99
196.76	9479.24
196.81	9518.47
196.87	9554.81
196.92	9582.07
196.98	9599.29
197.03	9606.02
197.09	9604.54
197.14	9594.03
197.19	9594.34
197.25	9604.73
197.30	9632.09
197.36	9681.75
197.41	9745.97
197.47	9808.88
197.52	9877.89
197.57	9942.16
197.63	9995.16
197.68	10050.87
197.74	10104.76
197.79	10147.97
197.84	10188.96
197.90	10237.52
197.95	10275.70
198.01	10314.23
198.06	10361.39
198.12	10405.76
198.17	10441.51
198.22	10484.50
198.28	10527.35
198.33	10564.25
198.39	10606.67
198.44	10655.76
198.49	10701.66
198.55	10747.30
198.60	10796.26
198.66	10840.42
198.71	10889.77
198.77	10934.08
198.82	10984.35
198.87	11033.44
198.93	11083.70
198.98	11129.28
199.04	11179.43
199.09	11219.82
199.14	11260.42
199.20	11301.06
199.25	11341.01
199.31	11380.79
199.36	11424.59
199.42	11470.46
199.47	11514.29
199.52	11554.87
199.58	11595.18
199.63	11625.14
199.69	11651.40
199.74	11682.14
199.79	11712.59
199.85	11742.93
199.90	11782.73
199.96	11825.85
200.01	11876.14
200.06	11924.08
200.12	11972.87
200.17	12025.43
200.23	12077.00
200.28	12115.92
200.33	12170.07
200.39	12215.72
200.44	12261.92
200.50	12307.20
200.55	12349.75
200.60	12385.67
200.66	12423.55
200.71	12453.46
200.77	12489.97
200.82	12528.62
200.87	12563.10
200.93	12603.19
200.98	12646.25
201.04	12687.21
201.09	12733.50
201.14	12790.54
201.20	12839.96
201.25	12894.33
201.31	12947.53
201.36	13006.21
201.41	13059.29
201.47	13124.14
201.52	13179.51
201.58	13241.09
201.63	13289.61
201.68	13337.87
201.74	13382.42
201.79	13429.11
201.84	13479.02
201.90	13527.94
201.95	13577.07
202.01	13628.72
202.06	13681.73
202.11	13718.07
202.17	13766.64
202.22	13811.31
202.28	13852.12
202.33	13889.39
202.38	13931.40
202.44	13973.44
202.49	14018.83
202.54	14067.33
202.60	14120.83
202.65	14175.36
202.71	14222.25
202.76	14264.04
202.81	14302.99
202.87	14348.37
202.92	14393.71
202.98	14448.40
203.03	14502.66
203.08	14557.28
203.14	14605.40
203.19	14659.82
203.24	14710.57
203.30	14762.23
203.35	14810.17
203.41	14864.00
203.46	14905.52
203.51	14947.15
203.57	14988.50
203.62	15036.29
203.67	15084.04
203.73	15131.72
203.78	15175.59
203.84	15228.87
203.89	15266.12
203.94	15301.95
204.00	15342.71
204.05	15381.52
204.10	15404.31
204.16	15431.90
204.21	15449.78
204.27	15455.89
204.32	15446.96
204.37	15437.11
204.43	15407.17
204.48	15366.94
204.53	15328.34
204.59	15332.81
204.64	15388.05
204.69	15499.12
204.75	15642.46
204.80	15809.66
204.86	15940.57
204.91	16031.73
204.96	16088.22
205.02	16117.48
205.07	16143.74
205.12	16201.56
205.18	16281.35
205.23	16381.42
205.28	16506.09
205.34	16619.98
205.39	16723.84
205.45	16810.40
205.50	16881.32
205.55	16948.84
205.61	17014.20
205.66	17072.31
205.71	17136.42
205.77	17200.65
205.82	17262.46
205.87	17327.16
205.93	17382.36
205.98	17430.88
206.03	17474.73
206.09	17511.96
206.14	17551.33
206.20	17602.04
206.25	17650.61
206.30	17707.64
206.36	17766.29
206.41	17834.09
206.46	17890.67
206.52	17943.35
206.57	17996.75
206.62	18044.17
206.68	18083.29
206.73	18132.91
206.78	18187.41
206.84	18243.61
206.89	18306.66
206.94	18369.31
207.00	18438.20
207.05	18502.57
207.11	18563.66
207.16	18622.26
207.21	18683.75
207.27	18729.28
207.32	18787.21
207.37	18852.83
207.43	18907.54
207.48	18959.06
207.53	19020.56
207.59	19079.38
207.64	19125.90
207.69	19196.33
207.75	19269.58
207.80	19327.46
207.85	19383.31
207.91	19438.93
207.96	19487.88
208.01	19540.55
208.07	19600.64
208.12	19665.56
208.17	19725.82
208.23	19777.25
208.28	19824.54
208.33	19885.58
208.39	19938.06
208.44	20002.08
208.49	20063.64
208.55	20126.38
208.60	20182.48
208.65	20238.13
208.71	20290.28
208.76	20351.01
208.81	20411.72
208.87	20466.84
208.92	20524.67
208.97	20586.28
209.03	20647.39
209.08	20703.47
209.13	20765.88
209.19	20830.04
209.24	20888.41
209.29	20950.05
209.35	21008.06
209.40	21072.22
209.45	21130.71
209.51	21195.68
209.56	21256.29
209.61	21322.72
209.67	21387.58
209.72	21453.60
209.77	21511.67
209.83	21573.63
209.88	21642.82
209.93	21708.62
209.99	21770.58
210.04	21843.27
210.09	21909.63
210.15	21968.08
210.20	22027.17
210.25	22092.43
210.31	22150.00
210.36	22198.95
210.41	22252.17
210.46	22309.40
210.52	22362.31
210.57	22418.05
210.62	22486.25
210.68	22550.85
210.73	22602.56
210.78	22663.09
210.84	22726.34
210.89	22785.59
210.94	22842.84
211.00	22901.67
211.05	22953.20
211.10	23009.79
211.16	23069.93
211.21	23136.62
211.26	23206.86
211.32	23278.39
211.37	23340.37
211.42	23400.64
211.47	23467.41
211.53	23529.19
211.58	23590.58
211.63	23655.13
211.69	23716.82
211.74	23771.52
211.79	23825.71
211.85	23885.08
211.90	23948.18
211.95	24012.69
212.01	24076.87
212.06	24152.81
212.11	24223.89
212.16	24300.70
212.22	24382.36
212.27	24450.79
212.32	24512.73
212.38	24582.78
212.43	24637.29
212.48	24694.96
212.54	24764.20
212.59	24836.41
212.64	24903.79
212.69	24969.93
212.75	25031.75
212.80	25099.37
212.85	25163.04
212.91	25216.59
212.96	25278.67
213.01	25349.37
213.07	25408.99
213.12	25473.48
213.17	25536.31
213.22	25602.39
213.28	25652.24
213.33	25699.63
213.38	25748.47
213.44	25807.05
213.49	25868.74
213.54	25947.22
213.60	26028.13
213.65	26108.00
213.70	26191.31
213.75	26258.12
213.81	26309.85
213.86	26366.87
213.91	26414.65
213.97	26452.11
214.02	26487.15
214.07	26522.54
214.12	26551.78
214.18	26584.36
214.23	26617.93
214.28	26648.32
214.34	26664.27
214.39	26672.69
214.44	26657.03
214.49	26604.03
214.55	26524.94
214.60	26424.07
214.65	26295.17
214.71	26181.45
214.76	26164.22
214.81	26250.40
214.86	26442.67
214.92	26708.05
214.97	26999.96
215.02	27229.79
215.08	27385.70
215.13	27468.46
215.18	27492.83
215.23	27489.26
215.29	27509.05
215.34	27583.95
215.39	27704.21
215.45	27877.40
215.50	28082.50
215.55	28282.82
215.60	28438.12
215.66	28547.40
215.71	28635.73
215.76	28715.43
215.81	28770.00
215.87	28830.18
215.92	28897.00
215.97	28953.93
216.03	29011.58
216.08	29073.83
216.13	29132.94
216.18	29191.28
216.24	29252.43
216.29	29304.09
216.34	29360.39
216.39	29428.77
216.45	29493.96
216.50	29550.45
216.55	29611.92
216.61	29688.49
216.66	29732.79
216.71	29793.79
216.76	29856.83
216.82	29935.97
216.87	29992.67
216.92	30078.36
216.97	30138.57
217.03	30222.42
217.08	30282.88
217.13	30369.42
217.18	30439.21
217.24	30521.53
217.29	30584.95
217.34	30638.60
217.39	30681.20
217.45	30735.78
217.50	30779.23
217.55	30835.86
217.61	30905.97
217.66	30966.14
217.71	31030.54
217.76	31111.55
217.82	31195.84
217.87	31274.64
217.92	31356.36
217.97	31423.66
218.03	31488.46
218.08	31531.86
218.13	31577.06
218.18	31618.81
218.24	31690.55
218.29	31740.06
218.34	31802.34
218.39	31867.07
218.45	31942.81
218.50	31990.56
218.55	32059.62
218.60	32121.23
218.66	32178.49
218.71	32239.71
218.76	32303.39
218.81	32369.74
218.87	32435.22
218.92	32501.18
218.97	32569.37
219.02	32640.08
219.08	32705.74
219.13	32779.54
219.18	32852.11
219.23	32917.07
219.29	32978.03
219.34	33039.12
219.39	33096.46
219.44	33158.23
219.50	33218.44
219.55	33285.48
219.60	33353.62
219.65	33423.96
219.71	33490.57
219.76	33551.67
219.81	33606.85
219.86	33660.27
219.92	33715.73
219.97	33764.03
220.02	33819.68
220.07	33881.72
220.13	33941.41
220.18	34005.14
220.23	34079.80
220.28	34163.38
220.33	34241.60
220.39	34307.65
220.44	34359.54
220.49	34418.76
220.54	34463.26
220.60	34505.10
220.65	34567.18
220.70	34642.02
220.75	34709.32
220.81	34789.42
220.86	34871.11
220.91	34937.54
220.96	35003.17
221.02	35071.55
221.07	35136.14
221.12	35194.41
221.17	35261.81
221.22	35320.77
221.28	35382.35
221.33	35435.85
221.38	35496.38
221.43	35565.32
221.49	35625.75
221.54	35692.39
221.59	35765.52
221.64	35849.74
221.69	35939.20
221.75	36050.53
221.80	36140.69
221.85	36216.97
221.90	36284.93
221.96	36339.19
222.01	36367.03
222.06	36400.59
222.11	36448.91
222.17	36490.08
222.22	36519.12
222.27	36568.77
222.32	36624.59
222.37	36680.47
222.43	36742.89
222.48	36816.40
222.53	36887.43
222.58	36966.30
222.63	37038.13
222.69	37103.52
222.74	37172.15
222.79	37239.47
222.84	37285.45
222.90	37333.68
222.95	37392.15
223.00	37434.17
223.05	37481.92
223.10	37547.07
223.16	37609.11
223.21	37648.17
223.26	37694.35
223.31	37732.80
223.36	37768.33
223.42	37804.24
223.47	37843.35
223.52	37896.60
223.57	37949.60
223.63	38001.94
223.68	38050.22
223.73	38123.36
223.78	38200.45
223.83	38269.58
223.89	38329.75
223.94	38403.80
223.99	38467.31
224.04	38538.04
224.09	38615.50
224.15	38704.18
224.20	38785.29
224.25	38871.75
224.30	38952.88
224.35	39043.25
224.41	39134.49
224.46	39230.97
224.51	39321.46
224.56	39396.35
224.61	39468.44
224.67	39547.98
224.72	39611.96
224.77	39702.81
224.82	39798.00
224.87	39880.82
224.93	39955.50
224.98	40045.62
225.03	40131.85
225.08	40216.32
225.13	40304.60
225.19	40390.65
225.24	40476.38
225.29	40537.49
225.34	40608.69
225.39	40676.21
225.45	40751.36
225.50	40815.60
225.55	40885.53
225.60	40943.82
225.65	41013.92
225.71	41064.20
225.76	41107.68
225.81	41143.56
225.86	41168.77
225.91	41172.37
225.97	41159.92
226.02	41127.00
226.07	41058.67
226.12	41029.97
226.17	41053.91
226.22	41154.61
226.28	41342.55
226.33	41608.09
226.38	41849.96
226.43	42048.29
226.48	42191.34
226.54	42267.66
226.59	42312.54
226.64	42334.28
226.69	42342.76
226.74	42371.73
226.80	42438.57
226.85	42526.45
226.90	42643.75
226.95	42809.78
227.00	42974.41
227.05	43125.93
227.11	43263.59
227.16	43387.84
227.21	43484.46
227.26	43571.98
227.31	43653.80
227.37	43703.87
227.42	43773.95
227.47	43856.46
227.52	43929.04
227.57	43981.08
227.62	44069.47
227.68	44144.93
227.73	44222.49
227.78	44302.56
227.83	44398.42
227.88	44474.37
227.93	44552.92
227.99	44627.93
228.04	44700.40
228.09	44778.82
228.14	44846.79
228.19	44913.65
228.24	44974.17
228.30	45042.46
228.35	45103.34
228.40	45174.55
228.45	45238.11
228.50	45307.43
228.56	45375.66
228.61	45432.41
228.66	45488.60
228.71	45545.66
228.76	45591.87
228.81	45639.91
228.87	45692.53
228.92	45750.41
228.97	45817.12
229.02	45904.04
229.07	45973.89
229.12	46055.27
229.17	46139.08
229.23	46226.07
229.28	46306.61
229.33	46387.47
229.38	46460.42
229.43	46534.42
229.48	46605.05
229.54	46666.78
229.59	46737.08
229.64	46814.55
229.69	46892.27
229.74	46976.78
229.79	47046.68
229.85	47126.53
229.90	47196.31
229.95	47252.59
230.00	47308.37
230.05	47388.04
230.10	47452.68
230.16	47529.00
230.21	47599.02
230.26	47656.57
230.31	47696.07
230.36	47752.80
230.41	47809.18
230.46	47894.34
230.52	47985.13
230.57	48076.02
230.62	48161.00
230.67	48226.87
230.72	48277.51
230.77	48319.95
230.82	48371.21
230.88	48406.62
230.93	48450.93
230.98	48496.34
231.03	48555.82
231.08	48609.63
231.13	48660.13
231.19	48724.84
231.24	48799.34
231.29	48871.82
231.34	48937.37
231.39	49016.90
231.44	49093.68
231.49	49140.34
231.55	49187.56
231.60	49233.18
231.65	49289.36
231.70	49329.87
231.75	49387.37
231.80	49434.38
231.85	49487.67
231.91	49531.00
231.96	49585.39
232.01	49649.22
232.06	49715.71
232.11	49780.63
232.16	49859.43
232.21	49941.41
232.26	50024.08
232.32	50102.07
232.37	50179.08
232.42	50237.45
232.47	50285.60
232.52	50335.65
232.57	50397.38
232.62	50459.92
232.68	50528.76
232.73	50605.76
232.78	50677.60
232.83	50739.74
232.88	50810.69
232.93	50882.49
232.98	50946.47
233.03	51002.52
233.09	51071.90
233.14	51146.71
233.19	51209.70
233.24	51268.12
233.29	51318.40
233.34	51348.06
233.39	51362.36
233.45	51384.70
233.50	51427.45
233.55	51472.16
233.60	51536.87
233.65	51604.79
233.70	51665.22
233.75	51709.80
233.80	51764.66
233.86	51819.37
233.91	51859.67
233.96	51908.12
234.01	51964.97
234.06	52022.27
234.11	52076.29
234.16	52135.90
234.21	52200.79
234.26	52241.78
234.32	52277.10
234.37	52313.43
234.42	52354.22
234.47	52377.18
234.52	52409.69
234.57	52448.43
234.62	52483.54
234.67	52531.35
234.73	52584.87
234.78	52643.75
234.83	52699.53
234.88	52752.37
234.93	52789.77
234.98	52829.12
235.03	52881.98
235.08	52934.42
235.13	52994.06
235.19	53061.65
235.24	53122.19
235.29	53173.49
235.34	53226.16
235.39	53258.62
235.44	53286.38
235.49	53328.29
235.54	53360.12
235.59	53377.05
235.65	53410.03
235.70	53440.05
235.75	53475.49
235.80	53531.68
235.85	53588.23
235.90	53627.89
235.95	53669.47
236.00	53702.96
236.05	53713.12
236.11	53737.95
236.16	53774.49
236.21	53814.44
236.26	53843.82
236.31	53881.87
236.36	53908.32
236.41	53926.24
236.46	53939.43
236.51	53966.62
236.56	53993.62
236.62	54019.78
236.67	54052.19
236.72	54097.71
236.77	54119.83
236.82	54155.07
236.87	54181.30
236.92	54210.14
236.97	54242.72
237.02	54288.94
237.07	54339.89
237.13	54399.76
237.18	54459.57
237.23	54502.60
237.28	54541.62
237.33	54578.11
237.38	54603.89
237.43	54624.58
237.48	54632.00
237.53	54655.32
237.58	54684.94
237.63	54727.98
237.69	54766.24
237.74	54817.18
237.79	54861.22
237.84	54871.11
237.89	54873.43
237.94	54879.47
237.99	54898.65
238.04	54916.71
238.09	54941.98
238.14	54966.87
238.19	54994.37
238.25	55009.57
238.30	55003.49
238.35	55002.14
238.40	55009.86
238.45	55013.25
238.50	55018.97
238.55	55032.13
238.60	55061.43
238.65	55086.08
238.70	55102.17
238.75	55113.85
238.80	55137.33
238.86	55142.86
238.91	55152.15
238.96	55180.33
239.01	55213.67
239.06	55245.20
239.11	55274.40
239.16	55300.97
239.21	55307.63
239.26	55301.80
239.31	55310.30
239.36	55318.82
239.41	55334.69
239.46	55361.99
239.52	55395.62
239.57	55422.77
239.62	55446.77
239.67	55464.98
239.72	55491.68
239.77	55506.97
239.82	55514.54
239.87	55523.18
239.92	55531.22
239.97	55519.31
240.02	55509.76
240.07	55498.37
240.12	55490.34
240.17	55488.95
240.23	55488.71
240.28	55492.11
240.33	55506.84
240.38	55509.61
240.43	55522.36
240.48	55544.31
240.53	55567.08
240.58	55581.44
240.63	55614.16
240.68	55623.92
240.73	55613.03
240.78	55609.72
240.83	55610.77
240.88	55588.03
240.93	55573.32
240.98	55570.99
241.04	55584.15
241.09	55604.14
241.14	55628.32
241.19	55660.35
241.24	55691.91
241.29	55710.51
241.34	55715.42
241.39	55736.30
241.44	55747.17
241.49	55754.12
241.54	55751.65
241.59	55745.67
241.64	55749.87
241.69	55735.47
241.74	55723.07
241.79	55714.74
241.84	55703.73
241.90	55674.34
241.95	55656.01
242.00	55634.02
242.05	55605.61
242.10	55597.28
242.15	55580.26
242.20	55574.34
242.25	55568.67
242.30	55566.33
242.35	55553.70
242.40	55544.61
242.45	55530.73
242.50	55522.71
242.55	55519.52
242.60	55520.82
242.65	55528.93
242.70	55546.37
242.75	55568.90
242.80	55605.17
242.85	55632.34
242.91	55645.68
242.96	55640.21
243.01	55623.33
243.06	55600.33
243.11	55562.74
243.16	55543.99
243.21	55537.87
243.26	55547.34
243.31	55559.62
243.36	55577.03
243.41	55589.92
243.46	55585.22
243.51	55549.53
243.56	55490.63
243.61	55438.77
243.66	55397.23
243.71	55368.35
243.76	55371.77
243.81	55391.26
243.86	55392.72
243.91	55401.99
243.96	55396.81
244.01	55367.39
244.06	55337.20
244.12	55327.22
244.17	55302.96
244.22	55304.61
244.27	55333.76
244.32	55361.79
244.37	55384.02
244.42	55387.51
244.47	55384.15
244.52	55358.29
244.57	55330.01
244.62	55300.25
244.67	55286.75
244.72	55260.02
244.77	55260.31
244.82	55271.43
244.87	55306.20
244.92	55325.77
244.97	55343.51
245.02	55337.35
245.07	55308.21
245.12	55279.15
245.17	55262.56
245.22	55262.93
245.27	55261.85
245.32	55239.02
245.37	55198.40
245.42	55151.15
245.47	55098.89
245.52	55051.24
245.57	55040.21
245.62	55019.28
245.67	55011.33
245.72	55004.25
245.77	54983.75
245.82	54965.00
245.87	54968.29
245.92	54974.82
245.98	54969.24
246.03	54978.66
246.08	54979.70
246.13	54976.22
246.18	54973.08
246.23	54967.86
246.28	54950.93
246.33	54940.99
246.38	54909.66
246.43	54882.71
246.48	54856.99
246.53	54856.82
246.58	54864.55
246.63	54882.98
246.68	54870.52
246.73	54860.52
246.78	54830.15
246.83	54775.00
246.88	54712.09
246.93	54664.38
246.98	54623.88
247.03	54595.20
247.08	54577.02
247.13	54570.81
247.18	54569.33
247.23	54577.81
247.28	54584.52
247.33	54572.32
247.38	54550.92
247.43	54539.18
247.48	54518.86
247.53	54483.77
247.58	54449.63
247.63	54419.42
247.68	54374.51
247.73	54320.16
247.78	54278.90
247.83	54251.48
247.88	54231.62
247.93	54216.57
247.98	54220.79
248.03	54226.46
248.08	54244.32
248.13	54239.67
248.18	54236.71
248.23	54229.69
248.28	54201.92
248.33	54154.67
248.38	54130.88
248.43	54111.27
248.48	54079.48
248.53	54061.12
248.58	54045.98
248.63	54031.78
248.68	53995.73
248.73	53966.22
248.78	53939.03
248.83	53896.45
248.88	53835.12
248.93	53771.29
248.98	53703.75
249.03	53650.45
249.08	53621.52
249.13	53606.36
249.18	53612.43
249.23	53624.38
249.28	53622.03
249.33	53619.54
249.38	53613.57
249.43	53590.88
249.48	53557.47
249.53	53545.13
249.58	53517.24
249.63	53491.79
249.68	53477.52
249.73	53474.55
249.78	53446.16
249.83	53446.59
249.88	53422.44
249.93	53406.44
249.98	53389.43
250.03	53384.82
250.08	53349.09
250.13	53339.77
250.18	53312.72
250.23	53269.11
250.28	53212.24
250.33	53168.78
250.37	53122.61
250.42	53085.18
250.47	53061.44
250.52	53044.93
250.57	53019.80
250.62	52986.42
250.67	52952.82
250.72	52928.51
250.77	52894.29
250.82	52878.91
250.87	52876.53
250.92	52863.74
250.97	52848.67
251.02	52847.42
251.07	52842.41
251.12	52821.47
251.17	52799.04
251.22	52760.67
251.27	52720.74
251.32	52666.24
251.37	52609.27
251.42	52558.91
251.47	52523.16
251.52	52498.81
251.57	52482.06
251.62	52478.17
251.67	52469.17
251.72	52443.99
251.77	52401.64
251.82	52360.67
251.87	52315.12
251.92	52272.12
251.97	52224.48
252.02	52186.32
252.07	52159.63
252.12	52141.72
252.16	52128.59
252.21	52129.16
252.26	52129.38
252.31	52124.89
252.36	52113.39
252.41	52091.98
252.46	52072.20
252.51	52049.63
252.56	52012.34
252.61	51984.70
252.66	51954.25
252.71	51934.94
252.76	51903.37
252.81	51872.20
252.86	51809.84
252.91	51764.72
252.96	51688.80
253.01	51619.29
253.06	51553.75
253.11	51512.42
253.16	51468.04
253.21	51424.63
253.26	51389.37
253.31	51361.65
253.36	51342.11
253.40	51314.00
253.45	51300.84
253.50	51265.55
253.55	51229.81
253.60	51174.67
253.65	51135.75
253.70	51102.31
253.75	51089.02
253.80	51065.48
253.85	51069.07
253.90	51066.68
253.95	51058.71
254.00	51050.67
254.05	51042.23
254.10	50999.11
254.15	50956.58
254.20	50925.12
254.25	50883.82
254.30	50857.22
254.35	50823.44
254.39	50770.10
254.44	50688.96
254.49	50616.15
254.54	50581.01
254.59	50550.27
254.64	50540.37
254.69	50538.86
254.74	50538.72
254.79	50497.07
254.84	50461.88
254.89	50437.01
254.94	50417.90
254.99	50402.42
255.04	50389.17
255.09	50380.50
255.14	50350.93
255.19	50347.22
255.23	50335.43
255.28	50327.53
255.33	50319.83
255.38	50320.22
255.43	50293.16
255.48	50263.62
255.53	50217.39
255.58	50186.42
255.63	50143.74
255.68	50102.89
255.73	50062.29
255.78	50035.38
255.83	50006.22
255.88	49992.07
255.93	49960.18
255.97	49943.36
256.02	49912.37
256.07	49862.93
256.12	49791.50
256.17	49736.27
256.22	49675.44
256.27	49619.66
256.32	49582.84
256.37	49558.98
256.42	49546.08
256.47	49523.03
256.52	49496.40
256.57	49465.10
256.62	49440.68
256.66	49419.86
256.71	49390.64
256.76	49354.22
256.81	49300.07
256.86	49256.21
256.91	49201.86
256.96	49156.71
257.01	49129.33
257.06	49118.07
257.11	49084.63
257.16	49037.74
257.21	48992.92
257.26	48954.18
257.30	48908.33
257.35	48872.56
257.40	48851.34
257.45	48844.66
257.50	48811.77
257.55	48793.34
257.60	48772.65
257.65	48744.89
257.70	48700.05
257.75	48666.21
257.80	48630.91
257.85	48585.42
257.89	48544.14
257.94	48490.69
257.99	48433.18
258.04	48370.75
258.09	48334.38
258.14	48302.70
258.19	48286.44
258.24	48263.92
258.29	48232.00
258.34	48188.41
258.39	48151.29
258.44	48093.06
258.48	48042.90
258.53	48006.98
258.58	47963.23
258.63	47905.71
258.68	47863.50
258.73	47829.23
258.78	47785.84
258.83	47749.25
258.88	47709.57
258.93	47675.02
258.97	47647.03
259.02	47618.82
259.07	47589.08
259.12	47574.53
259.17	47564.08
259.22	47540.91
259.27	47517.40
259.32	47499.73
259.37	47451.88
259.42	47410.79
259.47	47364.49
259.51	47308.87
259.56	47244.97
259.61	47184.44
259.66	47105.69
259.71	47029.75
259.76	46969.16
259.81	46910.87
259.86	46873.49
259.91	46841.41
259.95	46819.59
260.00	46796.24
260.05	46777.92
260.10	46757.37
260.15	46739.67
260.20	46721.96
260.25	46719.22
260.30	46710.66
260.35	46687.23
260.40	46647.02
260.44	46626.61
260.49	46602.00
260.54	46555.51
260.59	46532.38
260.64	46533.20
260.69	46525.31
260.74	46485.11
260.79	46456.41
260.84	46403.82
260.88	46344.41
260.93	46272.38
260.98	46235.31
261.03	46194.28
261.08	46168.58
261.13	46130.50
261.18	46080.37
261.23	46025.55
261.28	45984.99
261.32	45942.60
261.37	45899.20
261.42	45879.40
261.47	45852.89
261.52	45801.66
261.57	45759.30
261.62	45715.07
261.67	45657.65
261.71	45585.23
261.76	45552.32
261.81	45499.47
261.86	45449.15
261.91	45399.05
261.96	45363.49
262.01	45318.02
262.06	45292.48
262.10	45278.78
262.15	45265.08
262.20	45253.04
262.25	45233.06
262.30	45210.02
262.35	45188.41
262.40	45165.76
262.45	45136.51
262.49	45107.47
262.54	45073.65
262.59	45038.32
262.64	45001.77
262.69	44962.28
262.74	44918.71
262.79	44864.91
262.84	44819.50
262.88	44779.27
262.93	44725.02
262.98	44687.47
263.03	44646.68
263.08	44590.06
263.13	44515.70
263.18	44466.08
263.23	44397.29
263.27	44347.96
263.32	44315.75
263.37	44305.47
263.42	44285.95
263.47	44254.40
263.52	44236.60
263.57	44195.26
263.61	44143.52
263.66	44097.39
263.71	44070.98
263.76	44030.76
263.81	43989.27
263.86	43965.63
263.91	43927.31
263.95	43863.37
264.00	43800.87
264.05	43752.67
264.10	43687.76
264.15	43614.77
264.20	43576.73
264.25	43528.09
264.29	43484.37
264.34	43427.40
264.39	43396.15
264.44	43343.27
264.49	43303.79
264.54	43260.35
264.59	43228.14
264.63	43187.19
264.68	43143.08
264.73	43095.24
264.78	43053.19
264.83	42995.30
264.88	42948.10
264.93	42926.44
264.97	42896.51
265.02	42861.98
265.07	42847.19
265.12	42808.32
265.17	42755.89
265.22	42716.18
265.27	42665.43
265.31	42605.44
265.36	42545.09
265.41	42485.02
265.46	42413.89
265.51	42342.72
265.56	42276.64
265.60	42226.44
265.65	42167.45
265.70	42117.57
265.75	42065.97
265.80	42024.80
265.85	41962.01
265.90	41906.72
265.94	41845.06
265.99	41776.39
266.04	41723.29
266.09	41690.08
266.14	41658.01
266.19	41622.22
266.23	41602.12
266.28	41552.73
266.33	41514.85
266.38	41484.00
266.43	41468.07
266.48	41447.60
266.52	41424.21
266.57	41386.58
266.62	41345.51
266.67	41290.71
266.72	41237.81
266.77	41207.03
266.81	41181.44
266.86	41150.13
266.91	41125.22
266.96	41089.15
267.01	41044.50
267.06	40993.49
267.10	40948.58
267.15	40888.92
267.20	40854.71
267.25	40814.66
267.30	40778.12
267.35	40740.27
267.39	40708.17
267.44	40667.97
267.49	40622.73
267.54	40577.52
267.59	40527.31
267.64	40472.87
267.68	40409.65
267.73	40352.73
267.78	40305.86
267.83	40276.86
267.88	40266.15
267.93	40264.15
267.97	40256.77
268.02	40228.86
268.07	40184.59
268.12	40127.53
268.17	40059.22
268.21	40011.08
268.26	39962.93
268.31	39914.57
268.36	39867.13
268.41	39823.11
268.46	39773.32
268.50	39738.39
268.55	39690.79
268.60	39637.29
268.65	39575.86
268.70	39494.91
268.74	39418.22
268.79	39344.57
268.84	39288.11
268.89	39245.24
268.94	39223.19
268.99	39187.13
269.03	39153.43
269.08	39105.58
269.13	39026.43
269.18	38938.40
269.23	38838.38
269.27	38735.97
269.32	38607.77
269.37	38495.01
269.42	38358.01
269.47	38217.82
269.51	38071.62
269.56	37934.30
269.61	37790.30
269.66	37643.05
269.71	37498.08
269.76	37352.69
269.80	37199.51
269.85	37049.56
269.90	36905.82
269.95	36753.18
270.00	36590.27
270.04	36442.75
270.09	36297.43
270.14	36150.01
270.19	36015.59
270.24	35881.17
270.28	35727.23
270.33	35561.06
270.38	35384.64
270.43	35208.86
270.48	35036.59
270.52	34877.81
270.57	34718.29
270.62	34561.60
270.67	34404.17
270.72	34247.46
270.76	34072.15
270.81	33905.75
270.86	33735.44
270.91	33561.07
270.96	33394.74
271.00	33237.17
271.05	33082.40
271.10	32944.97
271.15	32815.28
271.20	32681.40
271.24	32541.12
271.29	32402.88
271.34	32252.18
271.39	32099.27
271.44	31946.22
271.48	31816.16
271.53	31669.03
271.58	31529.65
271.63	31383.01
271.67	31240.10
271.72	31091.25
271.77	30952.95
271.82	30815.12
271.87	30678.22
271.91	30524.00
271.96	30377.88
272.01	30232.90
272.06	30093.32
272.11	29966.26
272.15	29862.00
272.20	29753.18
272.25	29660.94
272.30	29563.80
272.35	29458.66
272.39	29347.45
272.44	29226.83
272.49	29087.69
272.54	28947.45
272.58	28798.08
272.63	28646.01
272.68	28492.40
272.73	28331.34
272.78	28160.85
272.82	27965.54
272.87	27744.16
272.92	27456.13
272.97	26932.53
273.01	23963.15
273.06	18999.11
273.11	13530.29
273.16	8166.19
273.21	3073.91
273.25	464.42
273.30	-88.11
273.35	-89.34
