165.32	3374.95
165.38	-246.50
165.44	594.87
165.50	-78.28
165.55	-21.24
165.61	-0.74
165.67	25.54
165.72	33.61
165.78	38.16
165.84	36.40
165.89	33.55
165.95	31.99
166.01	31.21
166.06	33.05
166.12	35.68
166.18	33.80
166.23	35.52
166.29	34.58
166.35	31.14
166.40	30.11
166.46	36.75
166.52	39.36
166.57	40.49
166.63	41.25
166.69	43.78
166.74	38.16
166.80	38.65
166.86	40.22
166.91	40.58
166.97	35.26
167.03	37.52
167.08	31.58
167.14	31.23
167.20	29.67
167.25	41.58
167.31	41.78
167.37	47.28
167.42	48.76
167.48	54.70
167.54	49.37
167.59	49.01
167.65	45.03
167.71	45.20
167.76	43.88
167.82	38.98
167.88	38.48
167.93	46.11
167.99	44.46
168.05	46.75
168.10	54.97
168.16	54.21
168.21	52.11
168.27	57.12
168.33	58.90
168.38	51.43
168.44	56.70
168.50	55.57
168.55	53.99
168.61	54.95
168.67	57.06
168.72	54.04
168.78	53.94
168.84	49.72
168.89	48.15
168.95	49.10
169.01	48.43
169.06	47.85
169.12	47.10
169.18	45.05
169.23	44.58
169.29	49.10
169.34	53.50
169.40	56.15
169.46	60.53
169.51	63.08
169.57	58.11
169.63	53.69
169.68	59.15
169.74	55.56
169.80	60.77
169.85	62.58
169.91	67.21
169.97	62.72
170.02	62.63
170.08	62.13
170.13	62.43
170.19	61.62
170.25	63.37
170.30	67.55
170.36	58.83
170.42	60.84
170.47	62.17
170.53	63.60
170.59	60.23
170.64	64.63
170.70	62.80
170.76	60.07
170.81	61.51
170.87	61.19
170.92	61.37
170.98	64.28
171.04	66.75
171.09	62.78
171.15	69.85
171.21	70.55
171.26	67.28
171.32	64.72
171.37	67.66
171.43	62.28
171.49	67.33
171.54	70.86
171.60	72.46
171.66	75.03
171.71	75.72
171.77	73.21
171.83	78.98
171.88	78.39
171.94	77.75
171.99	82.14
172.05	80.95
172.11	81.69
172.16	90.03
172.22	90.32
172.28	90.01
172.33	88.15
172.39	85.62
172.44	82.58
172.50	87.89
172.56	88.12
172.61	96.21
172.67	95.86
172.72	95.10
172.78	89.87
172.84	84.77
172.89	78.22
172.95	77.56
173.01	78.70
173.06	77.57
173.12	83.40
173.17	84.85
173.23	84.08
173.29	84.37
173.34	86.16
173.40	80.42
173.46	80.94
173.51	83.35
173.57	83.73
173.62	78.23
173.68	84.47
173.74	83.50
173.79	85.12
173.85	82.13
173.90	84.76
173.96	81.69
174.02	78.73
174.07	70.32
174.13	69.50
174.18	71.68
174.24	65.13
174.30	65.65
174.35	71.39
174.41	68.92
174.47	63.05
174.52	64.07
174.58	62.97
174.63	58.47
174.69	56.72
174.75	58.38
174.80	69.34
174.86	66.90
174.91	67.92
174.97	68.03
175.03	65.46
175.08	53.25
175.14	59.81
175.19	56.03
175.25	56.43
175.31	60.76
175.36	62.08
175.42	58.92
175.47	63.15
175.53	63.62
175.59	60.39
175.64	62.37
175.70	60.40
175.75	55.73
175.81	54.49
175.87	55.58
175.92	51.39
175.98	53.26
176.03	53.32
176.09	53.23
176.15	52.94
176.20	54.32
176.26	53.79
176.31	57.19
176.37	54.95
176.42	56.43
176.48	59.80
176.54	57.49
176.59	54.43
176.65	57.17
176.70	58.17
176.76	57.59
176.82	55.89
176.87	52.79
176.93	52.43
176.98	51.25
177.04	46.43
177.10	50.83
177.15	52.72
177.21	53.61
177.26	52.65
177.32	56.38
177.37	58.39
177.43	61.79
177.49	58.63
177.54	56.08
177.60	56.12
177.65	56.39
177.71	51.23
177.77	54.52
177.82	56.16
177.88	59.97
177.93	55.35
177.99	61.63
178.04	57.13
178.10	57.72
178.16	51.32
178.21	52.28
178.27	49.43
178.32	53.25
178.38	51.82
178.43	53.67
178.49	53.38
178.55	52.93
178.60	51.37
178.66	51.03
178.71	52.15
178.77	50.66
178.82	51.37
178.88	51.57
178.94	52.23
178.99	53.02
179.05	57.26
179.10	53.56
179.16	56.07
179.21	58.23
179.27	57.38
179.33	52.97
179.38	56.55
179.44	54.83
179.49	54.47
179.55	52.62
179.60	52.86
179.66	52.13
179.72	54.69
179.77	52.87
179.83	51.77
179.88	53.25
179.94	54.52
179.99	50.94
180.05	51.20
180.11	51.82
180.16	54.50
180.22	56.59
180.27	61.18
180.33	61.82
180.38	66.40
180.44	61.73
180.49	61.75
180.55	59.55
180.61	63.90
180.66	57.98
180.72	56.29
180.77	54.51
180.83	54.46
180.88	51.36
180.94	51.58
180.99	55.41
181.05	55.25
181.11	56.49
181.16	56.37
181.22	57.85
181.27	60.08
181.33	58.75
181.38	55.52
181.44	56.79
181.49	61.46
181.55	62.08
181.61	68.37
181.66	71.18
181.72	69.39
181.77	66.54
181.83	64.50
181.88	69.42
181.94	70.85
181.99	75.45
182.05	76.32
182.11	76.97
182.16	67.91
182.22	66.20
182.27	61.74
182.33	64.33
182.38	63.95
182.44	69.29
182.49	71.54
182.55	74.24
182.60	73.75
182.66	77.34
182.72	79.22
182.77	81.24
182.83	84.24
182.88	87.05
182.94	88.19
182.99	85.51
183.05	84.14
183.10	86.54
183.16	86.20
183.21	87.90
183.27	95.37
183.32	100.41
183.38	103.88
183.44	111.15
183.49	116.70
183.55	119.63
183.60	126.63
183.66	133.79
183.71	143.60
183.77	152.26
183.82	161.71
183.88	173.28
183.93	185.71
183.99	200.25
184.04	217.48
184.10	230.28
184.15	243.13
184.21	257.06
184.27	260.03
184.32	260.01
184.38	257.47
184.43	252.19
184.49	233.67
184.54	214.04
184.60	203.72
184.65	189.52
184.71	179.68
184.76	181.76
184.82	199.71
184.87	217.89
184.93	244.32
184.98	273.63
185.04	307.41
185.09	333.96
185.15	361.30
185.20	395.37
185.26	431.32
185.31	460.73
185.37	490.07
185.43	511.41
185.48	531.34
185.54	555.25
185.59	581.67
185.65	608.35
185.70	650.73
185.76	698.18
185.81	734.09
185.87	772.34
185.92	817.63
185.98	853.46
186.03	870.60
186.09	871.62
186.14	845.97
186.20	790.13
186.25	700.88
186.31	610.81
186.36	542.10
186.42	510.79
186.47	519.84
186.53	568.34
186.58	639.56
186.64	715.62
186.69	790.04
186.75	851.78
186.80	913.27
186.86	972.34
186.91	1031.68
186.97	1087.36
187.02	1155.93
187.08	1218.78
187.13	1273.68
187.19	1330.89
187.24	1387.81
187.30	1425.50
187.35	1460.98
187.41	1508.51
187.47	1555.73
187.52	1596.26
187.58	1651.44
187.63	1728.20
187.69	1810.07
187.74	1881.80
187.80	1945.39
187.85	1998.71
187.91	2021.01
187.96	2006.13
188.02	1948.18
188.07	1849.59
188.13	1702.85
188.18	1549.41
188.24	1436.16
188.29	1383.84
188.35	1398.13
188.40	1481.46
188.46	1609.95
188.51	1738.63
188.57	1869.87
188.62	1997.46
188.67	2117.36
188.73	2229.81
188.78	2337.07
188.84	2440.53
188.89	2544.86
188.95	2651.27
189.00	2742.63
189.06	2840.83
189.11	2938.48
189.17	3022.68
189.22	3097.15
189.28	3186.57
189.33	3264.45
189.39	3328.26
189.44	3392.91
189.50	3466.44
189.55	3534.65
189.61	3588.98
189.66	3647.69
189.72	3708.35
189.77	3760.39
189.83	3789.37
189.88	3798.83
189.94	3767.27
189.99	3683.13
190.05	3523.97
190.10	3297.65
190.16	3036.58
190.21	2806.97
190.27	2652.21
190.32	2603.44
190.38	2658.58
190.43	2796.58
190.49	2958.89
190.54	3102.11
190.60	3221.55
190.65	3318.80
190.71	3402.04
190.76	3479.29
190.81	3560.64
190.87	3652.57
190.92	3774.78
190.98	3911.06
191.03	4056.23
191.09	4206.94
191.14	4340.29
191.20	4443.27
191.25	4546.31
191.31	4652.09
191.36	4764.44
191.42	4887.53
191.47	5026.32
191.53	5163.18
191.58	5278.30
191.64	5368.03
191.69	5442.90
191.75	5494.79
191.80	5527.89
191.85	5547.58
191.91	5568.92
191.96	5590.44
192.02	5621.36
192.07	5634.19
192.13	5630.46
192.18	5581.88
192.24	5466.39
192.29	5269.65
192.35	5043.00
192.40	4854.88
192.46	4744.73
192.51	4739.16
192.57	4835.54
192.62	5014.72
192.67	5203.45
192.73	5385.18
192.78	5549.53
192.84	5702.40
192.89	5841.61
192.95	5971.36
193.00	6087.62
193.06	6199.29
193.11	6305.05
193.17	6393.56
193.22	6481.33
193.28	6572.60
193.33	6647.35
193.38	6718.42
193.44	6789.81
193.49	6864.74
193.55	6925.25
193.60	6986.39
193.66	7037.05
193.71	7086.12
193.77	7113.25
193.82	7131.51
193.88	7149.43
193.93	7177.64
193.98	7201.47
194.04	7236.22
194.09	7283.62
194.15	7334.58
194.20	7376.44
194.26	7418.99
194.31	7462.98
194.37	7485.07
194.42	7489.49
194.47	7476.72
194.53	7429.43
194.58	7334.59
194.64	7223.83
194.69	7124.36
194.75	7053.71
194.80	7037.25
194.86	7077.75
194.91	7168.87
194.97	7273.16
195.02	7383.32
195.07	7487.26
195.13	7587.86
195.18	7691.40
195.24	7789.17
195.29	7884.03
195.35	7968.06
195.40	8055.55
195.46	8129.00
195.51	8213.85
195.56	8299.37
195.62	8392.05
195.67	8476.77
195.73	8557.79
195.78	8617.20
195.84	8662.28
195.89	8692.39
195.94	8721.73
196.00	8758.38
196.05	8807.69
196.11	8865.55
196.16	8930.38
196.22	8998.20
196.27	9063.37
196.32	9113.50
196.38	9162.98
196.43	9211.63
196.49	9249.41
196.54	9290.98
196.60	9342.17
196.65	9388.08
196.71	9432.22
196.76	9480.79
196.81	9512.67
196.87	9549.52
196.92	9576.85
196.98	9594.30
197.03	9601.52
197.09	9596.88
197.14	9582.23
197.19	9587.50
197.25	9603.59
197.30	9631.36
197.36	9686.35
197.41	9752.25
197.47	9814.15
197.52	9876.59
197.57	9941.65
197.63	9997.15
197.68	10049.92
197.74	10101.34
197.79	10148.52
197.84	10195.73
197.90	10244.97
197.95	10286.83
198.01	10325.25
198.06	10368.85
198.12	10414.38
198.17	10449.62
198.22	10486.75
198.28	10522.16
198.33	10559.94
198.39	10592.64
198.44	10639.20
198.49	10688.28
198.55	10739.62
198.60	10789.40
198.66	10838.19
198.71	10890.76
198.77	10937.71
198.82	10989.40
198.87	11037.33
198.93	11085.12
198.98	11123.59
199.04	11173.44
199.09	11214.31
199.14	11256.91
199.20	11297.69
199.25	11344.53
199.31	11389.59
199.36	11433.67
199.42	11475.49
199.47	11520.63
199.52	11559.00
199.58	11590.78
199.63	11620.07
199.69	11653.58
199.74	11684.58
199.79	11707.55
199.85	11737.25
199.90	11779.67
199.96	11818.50
200.01	11865.28
200.06	11920.64
200.12	11970.58
200.17	12018.83
200.23	12073.57
200.28	12111.13
200.33	12161.10
200.39	12208.28
200.44	12249.63
200.50	12288.74
200.55	12337.75
200.60	12373.71
200.66	12413.47
200.71	12450.55
200.77	12490.60
200.82	12528.86
200.87	12568.13
200.93	12604.71
200.98	12646.88
201.04	12685.73
201.09	12730.34
201.14	12783.12
201.20	12836.22
201.25	12894.03
201.31	12948.48
201.36	13008.07
201.41	13063.52
201.47	13123.00
201.52	13172.63
201.58	13233.45
201.63	13283.48
201.68	13329.36
201.74	13373.21
201.79	13420.41
201.84	13469.43
201.90	13514.68
201.95	13568.45
202.01	13625.09
202.06	13679.21
202.11	13716.94
202.17	13765.31
202.22	13808.77
202.28	13850.27
202.33	13889.23
202.38	13932.93
202.44	13978.81
202.49	14026.71
202.54	14076.05
202.60	14125.57
202.65	14174.93
202.71	14221.09
202.76	14259.94
202.81	14294.65
202.87	14341.78
202.92	14390.52
202.98	14440.20
203.03	14492.56
203.08	14551.57
203.14	14605.32
203.19	14661.41
203.24	14713.94
203.30	14770.70
203.35	14819.40
203.41	14867.13
203.46	14912.90
203.51	14956.68
203.57	14994.42
203.62	15040.61
203.67	15092.27
203.73	15134.59
203.78	15177.03
203.84	15227.65
203.89	15266.57
203.94	15303.33
204.00	15336.36
204.05	15374.54
204.10	15397.71
204.16	15424.22
204.21	15441.21
204.27	15454.60
204.32	15447.63
204.37	15437.80
204.43	15404.88
204.48	15361.43
204.53	15325.65
204.59	15333.13
204.64	15389.13
204.69	15499.76
204.75	15642.63
204.80	15802.71
204.86	15930.92
204.91	16018.93
204.96	16075.99
205.02	16105.29
205.07	16139.53
205.12	16200.63
205.18	16284.66
205.23	16386.82
205.28	16513.61
205.34	16630.60
205.39	16727.45
205.45	16813.03
205.50	16885.23
205.55	16948.05
205.61	17007.15
205.66	17065.81
205.71	17127.97
205.77	17188.28
205.82	17249.39
205.87	17305.53
205.93	17360.33
205.98	17410.54
206.03	17457.88
206.09	17504.48
206.14	17555.12
206.20	17611.27
206.25	17662.20
206.30	17718.69
206.36	17775.26
206.41	17836.83
206.46	17889.38
206.52	17940.15
206.57	17994.70
206.62	18043.16
206.68	18089.98
206.73	18138.09
206.78	18198.55
206.84	18253.36
206.89	18311.62
206.94	18369.81
207.00	18442.83
207.05	18505.20
207.11	18572.34
207.16	18625.01
207.21	18683.17
207.27	18734.13
207.32	18790.66
207.37	18841.30
207.43	18905.72
207.48	18963.18
207.53	19015.75
207.59	19066.61
207.64	19121.47
207.69	19189.49
207.75	19257.09
207.80	19317.57
207.85	19376.73
207.91	19434.56
207.96	19484.87
208.01	19540.09
208.07	19601.01
208.12	19666.94
208.17	19724.20
208.23	19777.45
208.28	19830.24
208.33	19887.71
208.39	19942.28
208.44	20008.31
208.49	20069.27
208.55	20125.61
208.60	20179.64
208.65	20225.92
208.71	20276.40
208.76	20332.79
208.81	20394.14
208.87	20455.18
208.92	20521.69
208.97	20584.31
209.03	20647.60
209.08	20705.08
209.13	20764.61
209.19	20824.83
209.24	20885.57
209.29	20942.72
209.35	20999.82
209.40	21064.27
209.45	21130.97
209.51	21192.82
209.56	21256.77
209.61	21327.35
209.67	21390.99
209.72	21450.24
209.77	21513.75
209.83	21573.36
209.88	21637.86
209.93	21702.38
209.99	21772.26
210.04	21837.24
210.09	21905.53
210.15	21964.36
210.20	22024.10
210.25	22082.49
210.31	22143.43
210.36	22191.83
210.41	22240.31
210.46	22301.22
210.52	22354.38
210.57	22405.89
210.62	22470.21
210.68	22540.68
210.73	22588.80
210.78	22646.99
210.84	22710.82
210.89	22772.48
210.94	22826.64
211.00	22889.58
211.05	22942.88
211.10	23002.47
211.16	23058.93
211.21	23127.16
211.26	23195.62
211.32	23272.12
211.37	23341.78
211.42	23413.42
211.47	23478.71
211.53	23542.53
211.58	23596.15
211.63	23648.84
211.69	23712.11
211.74	23768.80
211.79	23817.50
211.85	23881.44
211.90	23945.95
211.95	24008.05
212.01	24072.70
212.06	24153.80
212.11	24232.08
212.16	24306.99
212.22	24374.93
212.27	24444.01
212.32	24507.71
212.38	24571.92
212.43	24633.93
212.48	24699.85
212.54	24767.78
212.59	24841.43
212.64	24907.65
212.69	24970.35
212.75	25037.69
212.80	25104.24
212.85	25168.22
212.91	25224.30
212.96	25285.90
213.01	25347.78
213.07	25401.83
213.12	25462.58
213.17	25527.02
213.22	25594.79
213.28	25660.89
213.33	25715.39
213.38	25765.54
213.44	25820.03
213.49	25882.43
213.54	25942.42
213.60	26026.42
213.65	26108.87
213.70	26191.19
213.75	26259.22
213.81	26319.38
213.86	26374.11
213.91	26419.00
213.97	26453.58
214.02	26492.67
214.07	26527.36
214.12	26557.33
214.18	26583.21
214.23	26624.99
214.28	26648.81
214.34	26665.19
214.39	26671.05
214.44	26658.30
214.49	26606.27
214.55	26529.67
214.60	26426.20
214.65	26294.88
214.71	26177.43
214.76	26157.42
214.81	26240.67
214.86	26433.94
214.92	26702.91
214.97	26994.10
215.02	27223.21
215.08	27381.75
215.13	27469.12
215.18	27487.97
215.23	27489.91
215.29	27505.29
215.34	27570.01
215.39	27682.75
215.45	27862.47
215.50	28066.35
215.55	28268.79
215.60	28431.75
215.66	28545.97
215.71	28636.09
215.76	28714.67
215.81	28772.80
215.87	28828.29
215.92	28891.90
215.97	28942.15
216.03	28994.87
216.08	29054.61
216.13	29114.06
216.18	29174.48
216.24	29243.32
216.29	29295.84
216.34	29350.31
216.39	29414.37
216.45	29476.78
216.50	29530.05
216.55	29597.67
216.61	29674.94
216.66	29734.56
216.71	29799.60
216.76	29868.28
216.82	29944.90
216.87	30007.87
216.92	30087.80
216.97	30152.31
217.03	30225.59
217.08	30294.34
217.13	30375.46
217.18	30442.90
217.24	30518.69
217.29	30587.91
217.34	30636.99
217.39	30679.57
217.45	30725.78
217.50	30773.36
217.55	30830.37
217.61	30901.73
217.66	30961.96
217.71	31026.23
217.76	31106.41
217.82	31176.20
217.87	31247.39
217.92	31333.83
217.97	31408.93
218.03	31470.72
218.08	31522.88
218.13	31569.16
218.18	31606.83
218.24	31672.92
218.29	31725.54
218.34	31786.66
218.39	31859.62
218.45	31931.28
218.50	31984.57
218.55	32050.30
218.60	32118.99
218.66	32177.21
218.71	32243.38
218.76	32311.53
218.81	32378.04
218.87	32445.06
218.92	32514.05
218.97	32583.65
219.02	32651.45
219.08	32717.09
219.13	32784.50
219.18	32846.40
219.23	32906.84
219.29	32967.13
219.34	33035.92
219.39	33099.95
219.44	33166.81
219.50	33231.28
219.55	33300.79
219.60	33356.03
219.65	33420.21
219.71	33487.74
219.76	33546.47
219.81	33598.48
219.86	33659.35
219.92	33708.89
219.97	33757.25
220.02	33807.61
220.07	33869.57
220.13	33924.20
220.18	33995.22
220.23	34067.75
220.28	34160.13
220.33	34238.98
220.39	34310.23
220.44	34372.17
220.49	34429.91
220.54	34465.61
220.60	34513.67
220.65	34573.96
220.70	34638.98
220.75	34706.95
220.81	34789.05
220.86	34861.66
220.91	34933.67
220.96	35002.18
221.02	35073.45
221.07	35135.58
221.12	35196.75
221.17	35255.60
221.22	35314.08
221.28	35371.33
221.33	35438.08
221.38	35500.82
221.43	35577.39
221.49	35642.83
221.54	35706.79
221.59	35770.82
221.64	35858.42
221.69	35942.26
221.75	36042.76
221.80	36138.11
221.85	36218.22
221.90	36275.62
221.96	36334.42
222.01	36368.86
222.06	36406.97
222.11	36454.41
222.17	36500.49
222.22	36523.17
222.27	36573.63
222.32	36624.42
222.37	36676.76
222.43	36743.21
222.48	36815.94
222.53	36887.10
222.58	36962.74
222.63	37030.58
222.69	37096.71
222.74	37171.26
222.79	37234.11
222.84	37282.35
222.90	37338.55
222.95	37385.48
223.00	37422.80
223.05	37475.81
223.10	37534.64
223.16	37591.45
223.21	37642.02
223.26	37693.81
223.31	37729.65
223.36	37770.21
223.42	37807.54
223.47	37840.54
223.52	37885.80
223.57	37936.80
223.63	37993.27
223.68	38044.11
223.73	38120.80
223.78	38193.62
223.83	38263.71
223.89	38317.57
223.94	38388.15
223.99	38450.99
224.04	38526.72
224.09	38599.70
224.15	38691.90
224.20	38776.43
224.25	38865.35
224.30	38945.57
224.35	39039.66
224.41	39139.88
224.46	39236.70
224.51	39326.35
224.56	39410.16
224.61	39488.58
224.67	39561.47
224.72	39631.13
224.77	39719.00
224.82	39815.19
224.87	39898.33
224.93	39977.71
224.98	40070.74
225.03	40152.73
225.08	40233.33
225.13	40314.74
225.19	40395.96
225.24	40471.96
225.29	40538.54
225.34	40604.06
225.39	40672.60
225.45	40747.46
225.50	40816.46
225.55	40883.38
225.60	40941.89
225.65	41004.81
225.71	41053.30
225.76	41088.87
225.81	41120.73
225.86	41145.51
225.91	41144.79
225.97	41134.36
226.02	41101.74
226.07	41035.66
226.12	41009.12
226.17	41043.88
226.22	41147.86
226.28	41340.68
226.33	41608.94
226.38	41848.21
226.43	42043.84
226.48	42182.43
226.54	42258.31
226.59	42304.22
226.64	42335.79
226.69	42347.77
226.74	42371.43
226.80	42437.23
226.85	42519.57
226.90	42641.49
226.95	42816.96
227.00	42985.51
227.05	43137.82
227.11	43278.46
227.16	43396.88
227.21	43481.51
227.26	43568.59
227.31	43652.01
227.37	43711.31
227.42	43783.50
227.47	43872.08
227.52	43944.52
227.57	43998.71
227.62	44087.65
227.68	44158.68
227.73	44226.57
227.78	44302.86
227.83	44395.82
227.88	44461.47
227.93	44537.01
227.99	44614.32
228.04	44698.80
228.09	44777.51
228.14	44854.69
228.19	44934.55
228.24	45000.96
228.30	45063.29
228.35	45121.84
228.40	45187.72
228.45	45244.98
228.50	45316.91
228.56	45382.67
228.61	45440.72
228.66	45493.26
228.71	45548.17
228.76	45587.83
228.81	45632.93
228.87	45678.30
228.92	45748.77
228.97	45818.93
229.02	45914.67
229.07	45994.00
229.12	46085.63
229.17	46160.36
229.23	46229.82
229.28	46302.46
229.33	46383.46
229.38	46453.64
229.43	46521.19
229.48	46602.06
229.54	46663.57
229.59	46735.71
229.64	46819.65
229.69	46903.65
229.74	46991.02
229.79	47065.15
229.85	47137.67
229.90	47204.23
229.95	47264.79
230.00	47320.85
230.05	47400.59
230.10	47470.72
230.16	47540.95
230.21	47599.88
230.26	47663.18
230.31	47704.43
230.36	47765.05
230.41	47820.55
230.46	47914.86
230.52	48001.00
230.57	48081.75
230.62	48160.76
230.67	48229.32
230.72	48278.70
230.77	48317.89
230.82	48366.78
230.88	48400.06
230.93	48444.40
230.98	48493.60
231.03	48549.16
231.08	48608.26
231.13	48662.80
231.19	48736.81
231.24	48803.13
231.29	48884.29
231.34	48952.27
231.39	49025.17
231.44	49086.12
231.49	49143.37
231.55	49178.48
231.60	49225.17
231.65	49280.89
231.70	49328.16
231.75	49377.19
231.80	49439.63
231.85	49500.26
231.91	49544.61
231.96	49597.67
232.01	49658.06
232.06	49711.28
232.11	49770.33
232.16	49851.13
232.21	49941.00
232.26	50032.93
232.32	50122.20
232.37	50200.08
232.42	50266.10
232.47	50302.13
232.52	50339.88
232.57	50387.61
232.62	50441.28
232.68	50507.46
232.73	50588.96
232.78	50668.41
232.83	50748.55
232.88	50826.43
232.93	50886.42
232.98	50953.13
233.03	51007.75
233.09	51060.21
233.14	51133.84
233.19	51197.50
233.24	51249.92
233.29	51301.41
233.34	51337.55
233.39	51346.28
233.45	51376.50
233.50	51418.88
233.55	51470.15
233.60	51545.96
233.65	51620.97
233.70	51680.43
233.75	51729.90
233.80	51784.17
233.86	51823.96
233.91	51863.04
233.96	51909.97
234.01	51965.16
234.06	52014.96
234.11	52070.25
234.16	52131.63
234.21	52191.83
234.26	52242.19
234.32	52284.04
234.37	52320.29
234.42	52355.68
234.47	52381.19
234.52	52412.09
234.57	52448.02
234.62	52486.08
234.67	52541.07
234.73	52603.31
234.78	52660.60
234.83	52711.55
234.88	52764.29
234.93	52794.73
234.98	52831.39
235.03	52868.60
235.08	52929.68
235.13	52986.33
235.19	53059.22
235.24	53126.43
235.29	53193.33
235.34	53234.64
235.39	53270.15
235.44	53294.68
235.49	53317.36
235.54	53346.79
235.59	53369.79
235.65	53407.22
235.70	53444.78
235.75	53486.48
235.80	53544.83
235.85	53598.65
235.90	53640.05
235.95	53665.76
236.00	53696.08
236.05	53710.02
236.11	53739.65
236.16	53770.38
236.21	53818.85
236.26	53855.84
236.31	53883.53
236.36	53907.42
236.41	53923.05
236.46	53929.61
236.51	53953.11
236.56	53979.00
236.62	54007.49
236.67	54047.20
236.72	54095.12
236.77	54118.54
236.82	54163.22
236.87	54187.29
236.92	54211.29
236.97	54248.88
237.02	54294.01
237.07	54337.57
237.13	54400.66
237.18	54454.94
237.23	54497.10
237.28	54542.23
237.33	54581.20
237.38	54607.56
237.43	54636.30
237.48	54647.75
237.53	54674.36
237.58	54699.13
237.63	54736.91
237.69	54774.51
237.74	54824.60
237.79	54860.60
237.84	54865.02
237.89	54871.18
237.94	54878.92
237.99	54894.70
238.04	54908.08
238.09	54944.93
238.14	54974.16
238.19	54999.73
238.25	55013.90
238.30	55007.52
238.35	55000.48
238.40	54999.07
238.45	55002.43
238.50	55005.47
238.55	55015.76
238.60	55049.95
238.65	55076.64
238.70	55087.76
238.75	55106.29
238.80	55151.08
238.86	55159.50
238.91	55173.70
238.96	55204.78
239.01	55244.49
239.06	55265.42
239.11	55285.66
239.16	55308.01
239.21	55312.24
239.26	55307.05
239.31	55314.64
239.36	55329.98
239.41	55347.93
239.46	55380.65
239.52	55407.35
239.57	55426.92
239.62	55445.24
239.67	55469.83
239.72	55492.45
239.77	55506.13
239.82	55525.57
239.87	55536.23
239.92	55529.34
239.97	55532.80
240.02	55525.36
240.07	55509.61
240.12	55511.80
240.17	55526.55
240.23	55515.83
240.28	55514.35
240.33	55514.59
240.38	55500.67
240.43	55500.17
240.48	55523.29
240.53	55543.26
240.58	55568.10
240.63	55612.46
240.68	55615.53
240.73	55603.41
240.78	55607.73
240.83	55609.40
240.88	55584.85
240.93	55579.11
240.98	55574.15
241.04	55583.30
241.09	55600.55
241.14	55623.94
241.19	55662.64
241.24	55700.89
241.29	55722.88
241.34	55738.12
241.39	55751.32
241.44	55753.98
241.49	55745.59
241.54	55733.85
241.59	55727.27
241.64	55731.16
241.69	55727.73
241.74	55728.38
241.79	55733.73
241.84	55717.25
241.90	55694.39
241.95	55662.76
242.00	55635.85
242.05	55610.50
242.10	55597.17
242.15	55582.97
242.20	55583.07
242.25	55581.17
242.30	55572.54
242.35	55563.15
242.40	55557.41
242.45	55541.98
242.50	55531.39
242.55	55526.14
242.60	55531.60
242.65	55537.69
242.70	55558.31
242.75	55574.85
242.80	55612.65
242.85	55638.96
242.91	55651.80
242.96	55635.62
243.01	55633.14
243.06	55611.18
243.11	55581.33
243.16	55565.37
243.21	55569.99
243.26	55572.17
243.31	55571.28
243.36	55580.32
243.41	55587.20
243.46	55580.54
243.51	55548.45
243.56	55498.08
243.61	55439.78
243.66	55396.70
243.71	55365.61
243.76	55363.31
243.81	55383.18
243.86	55390.82
243.91	55398.34
243.96	55398.53
244.01	55375.35
244.06	55344.60
244.12	55342.63
244.17	55319.51
244.22	55311.70
244.27	55339.76
244.32	55366.88
244.37	55384.60
244.42	55393.93
244.47	55392.48
244.52	55368.30
244.57	55338.25
244.62	55309.07
244.67	55285.60
244.72	55267.98
244.77	55260.38
244.82	55276.46
244.87	55306.82
244.92	55335.96
244.97	55349.83
245.02	55342.44
245.07	55314.27
245.12	55286.45
245.17	55266.46
245.22	55261.93
245.27	55262.21
245.32	55234.84
245.37	55199.21
245.42	55152.92
245.47	55098.71
245.52	55047.14
245.57	55029.98
245.62	55010.10
245.67	55002.93
245.72	54997.60
245.77	54989.11
245.82	54976.54
245.87	54967.37
245.92	54970.61
245.98	54968.21
246.03	54970.60
246.08	54974.65
246.13	54975.44
246.18	54973.72
246.23	54963.30
246.28	54948.98
246.33	54939.20
246.38	54907.39
246.43	54874.45
246.48	54857.33
246.53	54856.42
246.58	54858.60
246.63	54871.84
246.68	54866.34
246.73	54860.83
246.78	54835.66
246.83	54787.41
246.88	54730.78
246.93	54679.11
246.98	54622.76
247.03	54584.89
247.08	54567.88
247.13	54563.51
247.18	54567.37
247.23	54586.93
247.28	54589.58
247.33	54570.18
247.38	54550.64
247.43	54525.90
247.48	54504.99
247.53	54479.03
247.58	54453.24
247.63	54425.67
247.68	54384.65
247.73	54329.93
247.78	54292.33
247.83	54261.61
247.88	54234.49
247.93	54235.45
247.98	54232.37
248.03	54237.17
248.08	54255.17
248.13	54256.71
248.18	54238.42
248.23	54228.31
248.28	54191.35
248.33	54145.81
248.38	54105.85
248.43	54086.64
248.48	54067.36
248.53	54058.90
248.58	54040.23
248.63	54041.08
248.68	54014.96
248.73	53985.59
248.78	53952.89
248.83	53914.03
248.88	53841.78
248.93	53778.30
248.98	53702.99
249.03	53652.82
249.08	53623.20
249.13	53620.32
249.18	53615.03
249.23	53623.41
249.28	53617.56
249.33	53612.15
249.38	53592.51
249.43	53585.65
249.48	53561.22
249.53	53542.80
249.58	53517.85
249.63	53502.83
249.68	53486.84
249.73	53474.69
249.78	53452.68
249.83	53450.41
249.88	53420.82
249.93	53390.95
249.98	53375.81
250.03	53373.61
250.08	53335.59
250.13	53328.76
250.18	53309.66
250.23	53270.94
250.28	53215.93
250.33	53165.22
250.37	53122.57
250.42	53083.48
250.47	53054.69
250.52	53042.22
250.57	53034.05
250.62	53004.32
250.67	52975.79
250.72	52958.61
250.77	52914.28
250.82	52891.63
250.87	52889.51
250.92	52874.31
250.97	52852.98
251.02	52850.59
251.07	52845.34
251.12	52814.98
251.17	52790.94
251.22	52759.97
251.27	52722.02
251.32	52668.59
251.37	52619.47
251.42	52567.51
251.47	52526.21
251.52	52496.78
251.57	52485.04
251.62	52475.79
251.67	52470.68
251.72	52449.75
251.77	52420.66
251.82	52369.45
251.87	52321.86
251.92	52271.36
251.97	52215.80
252.02	52170.68
252.07	52149.87
252.12	52131.32
252.16	52122.23
252.21	52124.80
252.26	52125.59
252.31	52120.69
252.36	52113.08
252.41	52095.23
252.46	52069.18
252.51	52041.87
252.56	52009.41
252.61	51977.98
252.66	51947.23
252.71	51928.89
252.76	51901.97
252.81	51854.49
252.86	51803.06
252.91	51759.76
252.96	51697.26
253.01	51625.61
253.06	51567.43
253.11	51516.00
253.16	51467.02
253.21	51414.93
253.26	51381.07
253.31	51359.79
253.36	51343.99
253.40	51317.88
253.45	51318.86
253.50	51279.01
253.55	51231.36
253.60	51179.36
253.65	51134.65
253.70	51088.83
253.75	51074.36
253.80	51062.18
253.85	51060.15
253.90	51064.98
253.95	51055.56
254.00	51056.59
254.05	51042.24
254.10	51002.80
254.15	50964.86
254.20	50936.77
254.25	50894.16
254.30	50855.70
254.35	50816.68
254.39	50753.43
254.44	50673.29
254.49	50596.70
254.54	50567.46
254.59	50539.00
254.64	50526.32
254.69	50528.08
254.74	50529.87
254.79	50499.18
254.84	50462.18
254.89	50446.00
254.94	50426.91
254.99	50410.25
255.04	50391.22
255.09	50388.58
255.14	50356.17
255.19	50346.35
255.23	50344.04
255.28	50338.40
255.33	50323.80
255.38	50326.45
255.43	50307.19
255.48	50275.04
255.53	50229.36
255.58	50200.91
255.63	50154.45
255.68	50101.47
255.73	50050.67
255.78	50020.77
255.83	49996.41
255.88	49981.75
255.93	49962.40
255.97	49943.08
256.02	49907.74
256.07	49861.07
256.12	49787.65
256.17	49729.53
256.22	49675.27
256.27	49629.08
256.32	49577.63
256.37	49557.13
256.42	49539.68
256.47	49509.58
256.52	49481.07
256.57	49466.50
256.62	49446.30
256.66	49439.76
256.71	49418.02
256.76	49384.48
256.81	49332.36
256.86	49281.38
256.91	49218.33
256.96	49171.07
257.01	49139.73
257.06	49117.03
257.11	49081.57
257.16	49038.74
257.21	49008.45
257.26	48966.68
257.30	48931.64
257.35	48899.14
257.40	48875.40
257.45	48855.30
257.50	48831.02
257.55	48795.09
257.60	48767.86
257.65	48736.80
257.70	48692.33
257.75	48652.97
257.80	48620.52
257.85	48584.77
257.89	48542.93
257.94	48488.57
257.99	48433.82
258.04	48381.55
258.09	48341.48
258.14	48310.16
258.19	48293.22
258.24	48271.78
258.29	48227.38
258.34	48184.71
258.39	48146.70
258.44	48090.48
258.48	48040.78
258.53	48008.34
258.58	47971.61
258.63	47915.91
258.68	47870.61
258.73	47835.12
258.78	47793.23
258.83	47748.78
258.88	47718.10
258.93	47687.21
258.97	47654.48
259.02	47626.70
259.07	47601.09
259.12	47576.38
259.17	47561.30
259.22	47542.53
259.27	47517.77
259.32	47496.61
259.37	47454.97
259.42	47417.21
259.47	47365.47
259.51	47318.86
259.56	47258.03
259.61	47187.04
259.66	47109.70
259.71	47039.59
259.76	46980.52
259.81	46919.21
259.86	46885.14
259.91	46845.69
259.95	46817.78
260.00	46796.76
260.05	46780.31
260.10	46767.59
260.15	46759.04
260.20	46751.97
260.25	46737.87
260.30	46725.35
260.35	46689.81
260.40	46655.94
260.44	46625.75
260.49	46602.18
260.54	46565.43
260.59	46542.92
260.64	46531.53
260.69	46525.30
260.74	46489.66
260.79	46459.42
260.84	46409.77
260.88	46353.44
260.93	46268.93
260.98	46226.37
261.03	46178.24
261.08	46151.71
261.13	46112.28
261.18	46086.63
261.23	46023.96
261.28	45984.77
261.32	45944.55
261.37	45903.12
261.42	45869.28
261.47	45853.20
261.52	45812.71
261.57	45765.00
261.62	45726.17
261.67	45676.47
261.71	45608.52
261.76	45556.50
261.81	45500.85
261.86	45441.54
261.91	45393.24
261.96	45358.60
262.01	45319.65
262.06	45304.19
262.10	45298.78
262.15	45277.07
262.20	45255.58
262.25	45238.51
262.30	45216.64
262.35	45189.06
262.40	45166.28
262.45	45132.08
262.49	45099.53
262.54	45059.28
262.59	45022.70
262.64	44993.04
262.69	44959.98
262.74	44914.84
262.79	44863.77
262.84	44820.40
262.88	44775.26
262.93	44728.30
262.98	44692.84
263.03	44656.33
263.08	44605.03
263.13	44527.33
263.18	44469.32
263.23	44407.80
263.27	44364.17
263.32	44327.52
263.37	44314.72
263.42	44292.98
263.47	44262.12
263.52	44227.35
263.57	44184.74
263.61	44149.21
263.66	44103.87
263.71	44072.09
263.76	44035.69
263.81	43996.56
263.86	43958.85
263.91	43928.86
263.95	43873.27
264.00	43813.26
264.05	43760.51
264.10	43697.34
264.15	43625.65
264.20	43588.27
264.25	43549.70
264.29	43514.53
264.34	43459.86
264.39	43427.85
264.44	43367.86
264.49	43318.51
264.54	43268.79
264.59	43239.33
264.63	43195.11
264.68	43151.98
264.73	43105.88
264.78	43053.00
264.83	42994.31
264.88	42945.15
264.93	42914.19
264.97	42888.72
265.02	42865.78
265.07	42853.66
265.12	42813.15
265.17	42768.38
265.22	42726.71
265.27	42671.53
265.31	42604.16
265.36	42549.28
265.41	42489.33
265.46	42421.01
265.51	42352.36
265.56	42290.66
265.60	42237.53
265.65	42181.40
265.70	42124.86
265.75	42067.69
265.80	42022.93
265.85	41963.91
265.90	41911.54
265.94	41855.73
265.99	41805.73
266.04	41757.76
266.09	41714.50
266.14	41672.18
266.19	41640.61
266.23	41605.44
266.28	41552.78
266.33	41521.17
266.38	41503.02
266.43	41478.42
266.48	41467.96
266.52	41445.38
266.57	41404.89
266.62	41358.13
266.67	41300.01
266.72	41241.05
266.77	41204.37
266.81	41181.41
266.86	41151.01
266.91	41126.09
266.96	41081.97
267.01	41041.29
267.06	40990.94
267.10	40937.16
267.15	40888.63
267.20	40863.42
267.25	40826.38
267.30	40790.68
267.35	40755.40
267.39	40714.15
267.44	40675.09
267.49	40630.15
267.54	40581.94
267.59	40529.32
267.64	40474.76
267.68	40413.82
267.73	40359.66
267.78	40314.88
267.83	40292.47
267.88	40280.79
267.93	40272.88
267.97	40260.89
268.02	40226.16
268.07	40178.54
268.12	40118.41
268.17	40054.24
268.21	40006.62
268.26	39959.10
268.31	39910.73
268.36	39869.11
268.41	39822.49
268.46	39770.94
268.50	39738.04
268.55	39691.92
268.60	39632.92
268.65	39574.48
268.70	39496.07
268.74	39424.28
268.79	39355.08
268.84	39304.63
268.89	39262.52
268.94	39227.59
268.99	39185.83
269.03	39141.74
269.08	39090.79
269.13	39013.20
269.18	38935.93
269.23	38847.27
269.27	38739.75
269.32	38616.50
269.37	38500.78
269.42	38361.93
269.47	38216.35
269.51	38079.47
269.56	37940.60
269.61	37791.83
269.66	37646.44
269.71	37494.78
269.76	37350.32
269.80	37196.37
269.85	37049.19
269.90	36910.74
269.95	36765.76
270.00	36604.63
270.04	36461.16
270.09	36315.15
270.14	36167.05
270.19	36026.40
270.24	35893.74
270.28	35734.73
270.33	35571.82
270.38	35395.42
270.43	35221.85
270.48	35044.75
270.52	34892.55
270.57	34726.74
270.62	34572.70
270.67	34413.70
270.72	34258.49
270.76	34075.22
270.81	33905.22
270.86	33730.88
270.91	33557.94
270.96	33386.61
271.00	33231.94
271.05	33079.47
271.10	32937.76
271.15	32807.66
271.20	32685.02
271.24	32544.08
271.29	32407.53
271.34	32263.55
271.39	32109.50
271.44	31953.22
271.48	31813.72
271.53	31669.82
271.58	31525.84
271.63	31378.86
271.67	31234.84
271.72	31097.00
271.77	30951.55
271.82	30813.23
271.87	30679.74
271.91	30517.90
271.96	30370.51
272.01	30231.87
272.06	30091.86
272.11	29968.71
272.15	29867.82
272.20	29762.17
272.25	29665.19
272.30	29568.52
272.35	29458.68
272.39	29350.13
272.44	29225.44
272.49	29089.85
272.54	28947.75
272.58	28796.94
272.63	28649.22
272.68	28494.83
272.73	28330.99
272.78	28160.17
272.82	27962.43
272.87	27739.66
272.92	27459.04
272.97	26942.02
273.01	23974.34
273.06	19014.10
273.11	13541.38
273.16	8169.72
273.21	3073.87
273.25	464.46
273.30	-88.34
273.35	-88.73
