165.32	3375.06
165.38	-246.25
165.44	594.82
165.50	-78.01
165.55	-21.43
165.61	-0.58
165.67	25.55
165.72	33.73
165.78	38.24
165.84	37.04
165.89	33.70
165.95	32.15
166.01	31.62
166.06	33.15
166.12	35.68
166.18	33.75
166.23	35.81
166.29	35.28
166.35	31.75
166.40	30.43
166.46	37.18
166.52	39.51
166.57	39.80
166.63	40.52
166.69	43.60
166.74	37.41
166.80	37.89
166.86	40.09
166.91	40.56
166.97	34.60
167.03	37.50
167.08	32.10
167.14	31.24
167.20	29.63
167.25	41.49
167.31	41.72
167.37	47.13
167.42	48.93
167.48	54.61
167.54	49.24
167.59	48.60
167.65	44.31
167.71	43.93
167.76	42.73
167.82	38.65
167.88	38.16
167.93	45.80
167.99	44.63
168.05	47.36
168.10	55.11
168.16	54.81
168.21	52.97
168.27	57.95
168.33	59.55
168.38	51.98
168.44	57.11
168.50	55.41
168.55	53.49
168.61	53.70
168.67	56.02
168.72	52.85
168.78	52.91
168.84	49.11
168.89	47.85
168.95	48.77
169.01	48.14
169.06	47.82
169.12	46.84
169.18	45.00
169.23	44.95
169.29	49.55
169.34	54.06
169.40	56.57
169.46	61.25
169.51	63.10
169.57	58.40
169.63	53.97
169.68	58.80
169.74	55.30
169.80	60.70
169.85	62.27
169.91	66.65
169.97	62.92
170.02	62.62
170.08	61.82
170.13	61.93
170.19	61.55
170.25	62.88
170.30	66.98
170.36	58.90
170.42	60.80
170.47	62.10
170.53	64.11
170.59	61.28
170.64	64.90
170.70	63.22
170.76	60.37
170.81	61.80
170.87	60.93
170.92	61.83
170.98	64.96
171.04	67.31
171.09	62.91
171.15	70.23
171.21	70.94
171.26	67.57
171.32	64.91
171.37	68.79
171.43	63.18
171.49	67.87
171.54	71.61
171.60	73.29
171.66	75.29
171.71	76.12
171.77	73.96
171.83	79.46
171.88	78.50
171.94	77.75
171.99	82.07
172.05	80.33
172.11	80.99
172.16	89.60
172.22	90.24
172.28	90.59
172.33	88.97
172.39	86.67
172.44	83.47
172.50	88.42
172.56	87.61
172.61	95.46
172.67	94.35
172.72	94.04
172.78	89.06
172.84	84.28
172.89	77.89
172.95	77.65
173.01	78.88
173.06	77.79
173.12	83.77
173.17	85.40
173.23	84.75
173.29	84.54
173.34	85.90
173.40	80.51
173.46	81.05
173.51	83.69
173.57	83.76
173.62	78.68
173.68	84.58
173.74	83.72
173.79	85.43
173.85	82.39
173.90	84.74
173.96	81.40
174.02	78.37
174.07	70.01
174.13	69.84
174.18	72.06
174.24	65.49
174.30	65.67
174.35	70.90
174.41	67.36
174.47	61.15
174.52	61.99
174.58	60.88
174.63	56.71
174.69	56.13
174.75	58.45
174.80	69.60
174.86	67.27
174.91	68.05
174.97	67.63
175.03	64.67
175.08	52.49
175.14	59.06
175.19	55.19
175.25	56.06
175.31	60.49
175.36	61.87
175.42	58.91
175.47	63.29
175.53	63.50
175.59	60.04
175.64	61.89
175.70	59.85
175.75	55.23
175.81	53.90
175.87	55.17
175.92	51.22
175.98	52.89
176.03	53.01
176.09	53.05
176.15	52.95
176.20	54.20
176.26	54.08
176.31	57.20
176.37	55.34
176.42	56.45
176.48	59.72
176.54	57.17
176.59	54.30
176.65	56.75
176.70	58.07
176.76	57.53
176.82	55.72
176.87	52.84
176.93	52.78
176.98	51.56
177.04	47.12
177.10	51.69
177.15	53.06
177.21	54.14
177.26	52.67
177.32	56.12
177.37	58.18
177.43	61.93
177.49	58.34
177.54	56.29
177.60	56.62
177.65	56.67
177.71	51.21
177.77	53.65
177.82	55.16
177.88	58.60
177.93	53.97
177.99	60.60
178.04	56.54
178.10	57.46
178.16	51.09
178.21	51.93
178.27	48.97
178.32	53.13
178.38	51.79
178.43	53.92
178.49	53.97
178.55	53.08
178.60	51.60
178.66	50.90
178.71	51.62
178.77	50.20
178.82	51.49
178.88	51.69
178.94	52.44
178.99	53.74
179.05	57.92
179.10	53.94
179.16	56.39
179.21	58.29
179.27	57.28
179.33	53.08
179.38	56.83
179.44	55.29
179.49	55.40
179.55	53.23
179.60	52.79
179.66	51.58
179.72	53.61
179.77	51.00
179.83	49.82
179.88	51.61
179.94	53.24
179.99	49.90
180.05	50.45
180.11	51.62
180.16	54.09
180.22	56.41
180.27	61.17
180.33	62.30
180.38	66.78
180.44	62.84
180.49	62.32
180.55	59.99
180.61	63.55
180.66	58.00
180.72	55.92
180.77	54.65
180.83	54.27
180.88	51.34
180.94	50.92
180.99	54.74
181.05	54.67
181.11	55.81
181.16	56.66
181.22	58.20
181.27	60.60
181.33	59.21
181.38	56.00
181.44	56.63
181.49	61.04
181.55	61.51
181.61	67.49
181.66	70.47
181.72	68.22
181.77	65.72
181.83	63.33
181.88	68.48
181.94	69.82
181.99	75.12
182.05	75.80
182.11	76.46
182.16	67.61
182.22	66.28
182.27	61.94
182.33	64.42
182.38	64.71
182.44	69.50
182.49	71.72
182.55	73.83
182.60	73.65
182.66	76.74
182.72	79.00
182.77	81.26
182.83	84.89
182.88	87.47
182.94	88.56
182.99	85.75
183.05	84.09
183.10	85.83
183.16	85.45
183.21	87.67
183.27	95.45
183.32	100.46
183.38	104.55
183.44	111.84
183.49	117.00
183.55	119.20
183.60	126.24
183.66	133.21
183.71	143.19
183.77	151.42
183.82	161.89
183.88	174.25
183.93	187.10
183.99	201.68
184.04	220.11
184.10	233.79
184.15	246.92
184.21	260.36
184.27	262.93
184.32	262.70
184.38	259.50
184.43	253.55
184.49	235.51
184.54	216.66
184.60	205.32
184.65	190.22
184.71	179.89
184.76	181.26
184.82	199.44
184.87	218.21
184.93	245.14
184.98	274.49
185.04	308.41
185.09	334.63
185.15	360.92
185.20	394.77
185.26	431.68
185.31	462.46
185.37	491.83
185.43	514.83
185.48	535.14
185.54	558.12
185.59	583.35
185.65	610.64
185.70	653.13
185.76	700.96
185.81	736.76
185.87	775.44
185.92	820.65
185.98	857.67
186.03	874.45
186.09	877.18
186.14	851.35
186.20	794.95
186.25	704.36
186.31	613.95
186.36	542.86
186.42	510.56
186.47	519.45
186.53	568.26
186.58	640.24
186.64	718.65
186.69	794.51
186.75	856.30
186.80	916.11
186.86	975.35
186.91	1034.43
186.97	1089.56
187.02	1159.93
187.08	1225.05
187.13	1278.55
187.19	1335.29
187.24	1391.20
187.30	1427.37
187.35	1463.91
187.41	1512.19
187.47	1558.99
187.52	1602.26
187.58	1659.56
187.63	1737.08
187.69	1819.18
187.74	1891.86
187.80	1956.26
187.85	2006.99
187.91	2027.54
187.96	2012.50
188.02	1954.90
188.07	1856.30
188.13	1711.02
188.18	1556.84
188.24	1442.95
188.29	1389.56
188.35	1402.18
188.40	1485.46
188.46	1613.58
188.51	1743.41
188.57	1876.93
188.62	2005.33
188.67	2124.39
188.73	2237.63
188.78	2345.77
188.84	2450.69
188.89	2553.49
188.95	2661.34
189.00	2752.81
189.06	2849.75
189.11	2945.26
189.17	3028.57
189.22	3103.35
189.28	3193.18
189.33	3272.47
189.39	3335.94
189.44	3405.15
189.50	3481.29
189.55	3550.69
189.61	3603.84
189.66	3661.44
189.72	3720.00
189.77	3768.34
189.83	3794.23
189.88	3803.14
189.94	3770.76
189.99	3686.61
190.05	3527.93
190.10	3302.54
190.16	3042.71
190.21	2811.78
190.27	2658.85
190.32	2608.39
190.38	2664.05
190.43	2799.90
190.49	2963.23
190.54	3102.79
190.60	3222.26
190.65	3321.75
190.71	3407.08
190.76	3486.09
190.81	3566.71
190.87	3658.94
190.92	3776.42
190.98	3911.03
191.03	4056.77
191.09	4210.42
191.14	4345.88
191.20	4451.15
191.25	4551.99
191.31	4657.33
191.36	4768.48
191.42	4891.26
191.47	5032.46
191.53	5174.12
191.58	5288.45
191.64	5377.01
191.69	5450.20
191.75	5500.71
191.80	5531.72
191.85	5554.36
191.91	5576.52
191.96	5602.00
192.02	5632.88
192.07	5650.90
192.13	5646.10
192.18	5597.70
192.24	5476.37
192.29	5276.51
192.35	5045.60
192.40	4858.90
192.46	4748.96
192.51	4742.93
192.57	4839.80
192.62	5014.91
192.67	5202.76
192.73	5383.78
192.78	5551.75
192.84	5704.59
192.89	5846.30
192.95	5974.05
193.00	6090.67
193.06	6199.30
193.11	6306.14
193.17	6395.07
193.22	6483.54
193.28	6573.76
193.33	6653.42
193.38	6721.04
193.44	6794.35
193.49	6864.07
193.55	6925.77
193.60	6981.57
193.66	7037.52
193.71	7083.35
193.77	7112.66
193.82	7133.45
193.88	7153.05
193.93	7177.32
193.98	7204.85
194.04	7244.50
194.09	7289.16
194.15	7343.25
194.20	7388.08
194.26	7426.35
194.31	7468.61
194.37	7491.75
194.42	7493.11
194.47	7478.29
194.53	7429.71
194.58	7333.89
194.64	7222.82
194.69	7124.88
194.75	7054.39
194.80	7039.05
194.86	7079.80
194.91	7171.24
194.97	7275.54
195.02	7385.06
195.07	7492.55
195.13	7591.82
195.18	7694.23
195.24	7791.85
195.29	7887.74
195.35	7968.79
195.40	8056.99
195.46	8126.51
195.51	8209.53
195.56	8298.02
195.62	8391.87
195.67	8474.49
195.73	8561.11
195.78	8626.98
195.84	8669.84
195.89	8704.80
195.94	8738.10
196.00	8775.30
196.05	8820.22
196.11	8877.31
196.16	8937.46
196.22	9004.36
196.27	9064.36
196.32	9117.95
196.38	9167.84
196.43	9216.39
196.49	9255.49
196.54	9295.52
196.60	9338.10
196.65	9387.22
196.71	9431.61
196.76	9476.61
196.81	9514.33
196.87	9549.14
196.92	9574.08
196.98	9593.28
197.03	9604.24
197.09	9601.10
197.14	9595.74
197.19	9597.30
197.25	9608.75
197.30	9635.37
197.36	9688.32
197.41	9750.98
197.47	9812.77
197.52	9877.57
197.57	9941.76
197.63	9995.19
197.68	10051.72
197.74	10105.05
197.79	10148.21
197.84	10192.88
197.90	10239.45
197.95	10277.67
198.01	10317.91
198.06	10366.67
198.12	10408.91
198.17	10446.25
198.22	10485.58
198.28	10519.70
198.33	10555.57
198.39	10592.25
198.44	10641.18
198.49	10688.17
198.55	10737.95
198.60	10785.64
198.66	10832.50
198.71	10880.36
198.77	10928.26
198.82	10981.15
198.87	11032.35
198.93	11084.43
198.98	11129.38
199.04	11176.24
199.09	11216.65
199.14	11255.58
199.20	11297.10
199.25	11339.72
199.31	11381.10
199.36	11427.05
199.42	11470.95
199.47	11514.71
199.52	11555.31
199.58	11592.81
199.63	11620.30
199.69	11655.15
199.74	11686.60
199.79	11711.77
199.85	11741.49
199.90	11781.67
199.96	11818.25
200.01	11860.39
200.06	11910.79
200.12	11960.14
200.17	12011.23
200.23	12067.63
200.28	12112.40
200.33	12164.05
200.39	12212.45
200.44	12253.75
200.50	12293.41
200.55	12331.30
200.60	12369.57
200.66	12406.52
200.71	12444.05
200.77	12485.90
200.82	12529.55
200.87	12567.93
200.93	12603.55
200.98	12646.01
201.04	12682.97
201.09	12731.86
201.14	12782.35
201.20	12834.89
201.25	12889.48
201.31	12943.57
201.36	13000.29
201.41	13054.10
201.47	13113.45
201.52	13164.18
201.58	13225.90
201.63	13274.27
201.68	13321.61
201.74	13368.10
201.79	13417.13
201.84	13463.27
201.90	13506.57
201.95	13558.09
202.01	13613.90
202.06	13664.45
202.11	13704.94
202.17	13757.58
202.22	13801.35
202.28	13843.38
202.33	13887.64
202.38	13928.89
202.44	13971.46
202.49	14020.47
202.54	14066.20
202.60	14112.62
202.65	14165.96
202.71	14213.77
202.76	14252.22
202.81	14293.29
202.87	14337.72
202.92	14382.36
202.98	14430.04
203.03	14483.00
203.08	14533.00
203.14	14588.19
203.19	14642.03
203.24	14701.32
203.30	14755.59
203.35	14809.55
203.41	14854.87
203.46	14903.37
203.51	14941.37
203.57	14980.30
203.62	15030.30
203.67	15084.72
203.73	15127.44
203.78	15177.29
203.84	15234.11
203.89	15270.51
203.94	15302.23
204.00	15345.08
204.05	15379.08
204.10	15397.14
204.16	15415.14
204.21	15437.38
204.27	15440.91
204.32	15432.94
204.37	15422.68
204.43	15397.37
204.48	15356.42
204.53	15321.98
204.59	15328.22
204.64	15383.71
204.69	15497.67
204.75	15638.97
204.80	15797.61
204.86	15924.37
204.91	16014.38
204.96	16071.38
205.02	16100.76
205.07	16128.32
205.12	16186.20
205.18	16268.98
205.23	16367.30
205.28	16494.37
205.34	16614.45
205.39	16714.25
205.45	16799.89
205.50	16867.29
205.55	16932.05
205.61	16998.54
205.66	17059.52
205.71	17124.85
205.77	17183.65
205.82	17239.14
205.87	17296.45
205.93	17354.18
205.98	17400.08
206.03	17449.70
206.09	17500.48
206.14	17549.72
206.20	17597.65
206.25	17652.11
206.30	17713.80
206.36	17767.80
206.41	17826.84
206.46	17889.47
206.52	17935.76
206.57	17984.70
206.62	18029.35
206.68	18068.47
206.73	18111.80
206.78	18167.71
206.84	18220.43
206.89	18283.69
206.94	18348.32
207.00	18417.66
207.05	18484.19
207.11	18551.01
207.16	18611.94
207.21	18673.14
207.27	18728.20
207.32	18782.43
207.37	18840.50
207.43	18895.12
207.48	18945.88
207.53	18997.28
207.59	19053.60
207.64	19109.78
207.69	19179.94
207.75	19251.10
207.80	19313.65
207.85	19373.79
207.91	19431.82
207.96	19485.05
208.01	19539.95
208.07	19600.85
208.12	19663.27
208.17	19717.38
208.23	19765.79
208.28	19813.25
208.33	19872.82
208.39	19930.28
208.44	19994.75
208.49	20058.52
208.55	20123.92
208.60	20171.73
208.65	20219.97
208.71	20272.08
208.76	20323.34
208.81	20378.42
208.87	20444.18
208.92	20502.83
208.97	20562.49
209.03	20623.19
209.08	20683.73
209.13	20739.53
209.19	20805.23
209.24	20864.57
209.29	20931.20
209.35	20981.73
209.40	21043.07
209.45	21109.09
209.51	21175.11
209.56	21230.11
209.61	21297.68
209.67	21362.78
209.72	21419.52
209.77	21478.56
209.83	21545.15
209.88	21618.00
209.93	21679.52
209.99	21740.99
210.04	21807.16
210.09	21876.18
210.15	21935.33
210.20	21999.94
210.25	22067.46
210.31	22129.87
210.36	22174.89
210.41	22224.69
210.46	22286.07
210.52	22336.48
210.57	22390.62
210.62	22454.75
210.68	22524.45
210.73	22572.04
210.78	22640.10
210.84	22700.38
210.89	22766.06
210.94	22819.36
211.00	22879.58
211.05	22928.85
211.10	22992.91
211.16	23049.75
211.21	23116.17
211.26	23186.97
211.32	23259.99
211.37	23321.61
211.42	23390.42
211.47	23467.37
211.53	23530.30
211.58	23588.15
211.63	23650.75
211.69	23709.66
211.74	23753.90
211.79	23807.72
211.85	23869.35
211.90	23931.60
211.95	23998.93
212.01	24063.10
212.06	24141.69
212.11	24223.65
212.16	24298.30
212.22	24366.50
212.27	24432.86
212.32	24492.95
212.38	24550.77
212.43	24616.32
212.48	24682.41
212.54	24757.08
212.59	24828.64
212.64	24897.94
212.69	24958.48
212.75	25023.62
212.80	25088.54
212.85	25153.55
212.91	25207.50
212.96	25263.29
213.01	25330.04
213.07	25389.21
213.12	25449.15
213.17	25512.13
213.22	25579.01
213.28	25635.49
213.33	25686.46
213.38	25740.55
213.44	25804.91
213.49	25873.24
213.54	25940.43
213.60	26020.71
213.65	26099.79
213.70	26179.27
213.75	26245.36
213.81	26304.18
213.86	26363.25
213.91	26413.68
213.97	26452.60
214.02	26488.00
214.07	26516.55
214.12	26540.03
214.18	26570.51
214.23	26603.70
214.28	26625.00
214.34	26643.83
214.39	26655.84
214.44	26633.57
214.49	26577.44
214.55	26511.71
214.60	26412.19
214.65	26278.65
214.71	26164.76
214.76	26146.59
214.81	26232.05
214.86	26428.69
214.92	26699.74
214.97	26990.69
215.02	27223.90
215.08	27371.38
215.13	27454.82
215.18	27480.35
215.23	27478.80
215.29	27491.40
215.34	27567.75
215.39	27681.78
215.45	27851.34
215.50	28066.44
215.55	28270.22
215.60	28427.43
215.66	28538.60
215.71	28627.25
215.76	28696.49
215.81	28756.41
215.87	28815.45
215.92	28875.25
215.97	28934.12
216.03	28995.50
216.08	29052.62
216.13	29106.27
216.18	29169.47
216.24	29232.38
216.29	29281.79
216.34	29339.03
216.39	29408.75
216.45	29474.80
216.50	29534.33
216.55	29598.75
216.61	29670.16
216.66	29723.90
216.71	29783.54
216.76	29842.11
216.82	29916.69
216.87	29979.97
216.92	30057.92
216.97	30124.43
217.03	30205.07
217.08	30269.84
217.13	30348.68
217.18	30418.65
217.24	30490.78
217.29	30556.66
217.34	30612.51
217.39	30656.35
217.45	30701.38
217.50	30750.69
217.55	30808.21
217.61	30877.05
217.66	30946.21
217.71	31011.58
217.76	31096.63
217.82	31176.70
217.87	31253.40
217.92	31332.83
217.97	31407.25
218.03	31463.45
218.08	31510.00
218.13	31554.12
218.18	31595.00
218.24	31662.92
218.29	31720.94
218.34	31782.50
218.39	31846.65
218.45	31918.35
218.50	31971.21
218.55	32031.93
218.60	32092.33
218.66	32148.62
218.71	32209.06
218.76	32271.90
218.81	32338.45
218.87	32405.30
218.92	32478.12
218.97	32549.77
219.02	32619.66
219.08	32691.95
219.13	32766.09
219.18	32831.68
219.23	32895.11
219.29	32959.32
219.34	33020.44
219.39	33087.45
219.44	33155.61
219.50	33224.05
219.55	33286.07
219.60	33346.26
219.65	33408.51
219.71	33469.09
219.76	33518.24
219.81	33574.96
219.86	33631.42
219.92	33676.84
219.97	33731.16
220.02	33788.32
220.07	33846.50
220.13	33908.41
220.18	33977.08
220.23	34046.57
220.28	34133.08
220.33	34216.08
220.39	34282.00
220.44	34337.35
220.49	34392.95
220.54	34437.90
220.60	34488.48
220.65	34554.07
220.70	34621.30
220.75	34693.80
220.81	34774.60
220.86	34852.99
220.91	34920.65
220.96	34993.39
221.02	35057.95
221.07	35121.97
221.12	35174.80
221.17	35235.92
221.22	35294.74
221.28	35359.17
221.33	35417.54
221.38	35476.88
221.43	35552.12
221.49	35618.87
221.54	35686.16
221.59	35751.00
221.64	35834.22
221.69	35919.13
221.75	36016.38
221.80	36108.96
221.85	36188.81
221.90	36257.52
221.96	36313.40
222.01	36344.97
222.06	36381.88
222.11	36429.38
222.17	36472.62
222.22	36496.92
222.27	36549.96
222.32	36596.25
222.37	36651.14
222.43	36716.64
222.48	36791.26
222.53	36864.48
222.58	36946.94
222.63	37027.64
222.69	37089.12
222.74	37165.35
222.79	37233.08
222.84	37279.33
222.90	37316.41
222.95	37367.12
223.00	37399.05
223.05	37445.49
223.10	37505.37
223.16	37567.13
223.21	37614.46
223.26	37663.93
223.31	37700.90
223.36	37739.59
223.42	37783.52
223.47	37828.21
223.52	37874.57
223.57	37923.22
223.63	37979.11
223.68	38022.84
223.73	38094.14
223.78	38174.71
223.83	38249.25
223.89	38306.14
223.94	38377.11
223.99	38436.75
224.04	38507.17
224.09	38580.98
224.15	38666.09
224.20	38747.04
224.25	38839.67
224.30	38922.41
224.35	39011.02
224.41	39112.40
224.46	39215.49
224.51	39303.10
224.56	39382.62
224.61	39458.42
224.67	39526.14
224.72	39591.29
224.77	39674.42
224.82	39772.27
224.87	39860.88
224.93	39945.39
224.98	40033.46
225.03	40117.49
225.08	40194.57
225.13	40277.71
225.19	40364.70
225.24	40453.48
225.29	40524.74
225.34	40595.85
225.39	40668.72
225.45	40741.69
225.50	40805.34
225.55	40873.90
225.60	40934.71
225.65	40992.01
225.71	41039.04
225.76	41077.52
225.81	41106.25
225.86	41126.47
225.91	41132.68
225.97	41121.70
226.02	41085.44
226.07	41020.50
226.12	40988.81
226.17	41019.91
226.22	41126.57
226.28	41320.48
226.33	41589.32
226.38	41841.70
226.43	42032.25
226.48	42167.09
226.54	42243.57
226.59	42283.17
226.64	42306.36
226.69	42324.53
226.74	42349.84
226.80	42419.50
226.85	42512.86
226.90	42627.71
226.95	42796.24
227.00	42961.28
227.05	43104.29
227.11	43236.06
227.16	43363.21
227.21	43451.69
227.26	43554.73
227.31	43634.17
227.37	43691.14
227.42	43761.86
227.47	43836.94
227.52	43894.60
227.57	43956.77
227.62	44047.28
227.68	44118.76
227.73	44206.47
227.78	44291.35
227.83	44376.38
227.88	44449.60
227.93	44524.91
227.99	44600.45
228.04	44675.08
228.09	44762.18
228.14	44832.46
228.19	44907.77
228.24	44973.66
228.30	45036.02
228.35	45096.01
228.40	45169.75
228.45	45227.25
228.50	45297.70
228.56	45364.02
228.61	45422.91
228.66	45469.72
228.71	45534.31
228.76	45571.53
228.81	45623.63
228.87	45666.62
228.92	45739.09
228.97	45797.43
229.02	45895.56
229.07	45974.78
229.12	46067.96
229.17	46136.89
229.23	46215.75
229.28	46279.36
229.33	46357.59
229.38	46429.82
229.43	46505.84
229.48	46584.43
229.54	46644.38
229.59	46710.46
229.64	46782.37
229.69	46863.29
229.74	46947.70
229.79	47022.30
229.85	47097.40
229.90	47171.65
229.95	47237.98
230.00	47295.50
230.05	47374.14
230.10	47436.10
230.16	47504.71
230.21	47556.36
230.26	47615.60
230.31	47656.30
230.36	47716.34
230.41	47770.56
230.46	47858.27
230.52	47951.65
230.57	48042.64
230.62	48129.35
230.67	48202.75
230.72	48255.58
230.77	48296.61
230.82	48347.60
230.88	48377.30
230.93	48419.59
230.98	48467.08
231.03	48521.92
231.08	48575.23
231.13	48633.76
231.19	48705.18
231.24	48777.18
231.29	48850.02
231.34	48923.95
231.39	49006.07
231.44	49081.09
231.49	49134.76
231.55	49182.42
231.60	49224.65
231.65	49277.33
231.70	49308.74
231.75	49361.53
231.80	49411.03
231.85	49464.34
231.91	49499.36
231.96	49555.80
232.01	49613.44
232.06	49676.73
232.11	49744.40
232.16	49836.84
232.21	49926.10
232.26	50016.31
232.32	50094.00
232.37	50164.95
232.42	50223.63
232.47	50270.91
232.52	50323.90
232.57	50378.18
232.62	50441.04
232.68	50499.80
232.73	50572.10
232.78	50640.78
232.83	50719.61
232.88	50794.28
232.93	50871.01
232.98	50936.86
233.03	50994.74
233.09	51049.64
233.14	51118.92
233.19	51174.23
233.24	51225.66
233.29	51270.85
233.34	51305.15
233.39	51325.62
233.45	51354.49
233.50	51391.87
233.55	51434.53
233.60	51510.01
233.65	51574.76
233.70	51640.81
233.75	51697.57
233.80	51760.41
233.86	51799.30
233.91	51842.95
233.96	51883.77
234.01	51934.58
234.06	51983.27
234.11	52042.35
234.16	52102.83
234.21	52168.35
234.26	52221.42
234.32	52257.75
234.37	52295.81
234.42	52327.98
234.47	52343.23
234.52	52370.63
234.57	52418.87
234.62	52459.55
234.67	52509.70
234.73	52568.68
234.78	52623.88
234.83	52668.81
234.88	52713.51
234.93	52748.77
234.98	52792.24
235.03	52843.14
235.08	52901.96
235.13	52950.94
235.19	53020.02
235.24	53079.02
235.29	53143.21
235.34	53191.73
235.39	53231.29
235.44	53264.67
235.49	53307.75
235.54	53327.19
235.59	53345.95
235.65	53391.53
235.70	53427.48
235.75	53467.72
235.80	53528.18
235.85	53584.10
235.90	53619.76
235.95	53646.65
236.00	53669.90
236.05	53684.20
236.11	53706.22
236.16	53743.52
236.21	53794.61
236.26	53836.76
236.31	53869.53
236.36	53898.29
236.41	53912.93
236.46	53919.54
236.51	53928.75
236.56	53948.94
236.62	53974.97
236.67	54007.67
236.72	54050.70
236.77	54082.62
236.82	54132.55
236.87	54154.55
236.92	54179.77
236.97	54214.55
237.02	54260.72
237.07	54298.65
237.13	54374.00
237.18	54436.06
237.23	54481.59
237.28	54530.06
237.33	54573.12
237.38	54587.91
237.43	54607.51
237.48	54614.46
237.53	54635.36
237.58	54657.77
237.63	54703.70
237.69	54745.09
237.74	54798.29
237.79	54830.85
237.84	54843.29
237.89	54841.79
237.94	54849.94
237.99	54869.79
238.04	54883.45
238.09	54908.08
238.14	54946.61
238.19	54970.57
238.25	54991.32
238.30	54993.40
238.35	55000.97
238.40	54990.06
238.45	54988.92
238.50	54976.48
238.55	54988.57
238.60	55011.99
238.65	55038.51
238.70	55057.07
238.75	55084.33
238.80	55110.46
238.86	55112.95
238.91	55131.75
238.96	55164.01
239.01	55193.19
239.06	55229.57
239.11	55266.07
239.16	55290.63
239.21	55290.25
239.26	55285.80
239.31	55289.16
239.36	55298.50
239.41	55312.04
239.46	55337.66
239.52	55369.68
239.57	55388.25
239.62	55408.93
239.67	55426.07
239.72	55456.87
239.77	55469.81
239.82	55486.86
239.87	55496.34
239.92	55509.53
239.97	55497.15
240.02	55477.75
240.07	55458.02
240.12	55453.11
240.17	55450.87
240.23	55454.95
240.28	55466.20
240.33	55483.69
240.38	55481.05
240.43	55479.40
240.48	55496.36
240.53	55520.23
240.58	55533.73
240.63	55564.97
240.68	55573.46
240.73	55567.55
240.78	55566.87
240.83	55575.53
240.88	55558.06
240.93	55556.22
240.98	55548.35
241.04	55564.71
241.09	55580.13
241.14	55602.73
241.19	55644.14
241.24	55681.98
241.29	55690.86
241.34	55698.00
241.39	55716.76
241.44	55713.60
241.49	55717.68
241.54	55719.80
241.59	55715.94
241.64	55711.93
241.69	55700.86
241.74	55685.99
241.79	55678.41
241.84	55665.02
241.90	55640.15
241.95	55613.02
242.00	55587.85
242.05	55559.57
242.10	55545.07
242.15	55530.26
242.20	55537.60
242.25	55544.94
242.30	55540.01
242.35	55537.20
242.40	55536.81
242.45	55531.06
242.50	55515.96
242.55	55517.69
242.60	55511.60
242.65	55505.71
242.70	55505.25
242.75	55531.80
242.80	55573.23
242.85	55607.58
242.91	55620.22
242.96	55614.21
243.01	55605.13
243.06	55571.72
243.11	55540.07
243.16	55524.74
243.21	55533.87
243.26	55525.74
243.31	55537.31
243.36	55547.50
243.41	55565.49
243.46	55553.77
243.51	55531.33
243.56	55471.99
243.61	55416.51
243.66	55373.08
243.71	55341.93
243.76	55338.55
243.81	55358.53
243.86	55363.13
243.91	55365.01
243.96	55370.73
244.01	55343.98
244.06	55322.69
244.12	55318.93
244.17	55307.34
244.22	55299.09
244.27	55328.06
244.32	55353.83
244.37	55370.89
244.42	55376.34
244.47	55368.91
244.52	55342.67
244.57	55312.88
244.62	55282.02
244.67	55263.11
244.72	55238.13
244.77	55236.45
244.82	55247.10
244.87	55279.85
244.92	55297.37
244.97	55312.81
245.02	55308.32
245.07	55282.84
245.12	55255.00
245.17	55239.40
245.22	55246.19
245.27	55245.22
245.32	55223.59
245.37	55187.98
245.42	55144.08
245.47	55094.99
245.52	55039.89
245.57	55020.92
245.62	54998.16
245.67	54988.14
245.72	54971.25
245.77	54958.43
245.82	54939.74
245.87	54942.34
245.92	54944.60
245.98	54940.35
246.03	54945.27
246.08	54950.30
246.13	54944.09
246.18	54941.37
246.23	54940.22
246.28	54930.55
246.33	54911.69
246.38	54878.70
246.43	54844.64
246.48	54822.39
246.53	54819.12
246.58	54825.25
246.63	54843.02
246.68	54836.82
246.73	54818.41
246.78	54786.48
246.83	54739.61
246.88	54682.16
246.93	54640.50
246.98	54598.07
247.03	54563.41
247.08	54550.05
247.13	54542.07
247.18	54534.71
247.23	54557.90
247.28	54565.47
247.33	54544.53
247.38	54516.83
247.43	54510.41
247.48	54481.45
247.53	54447.38
247.58	54423.87
247.63	54409.03
247.68	54361.46
247.73	54314.98
247.78	54284.34
247.83	54258.09
247.88	54230.40
247.93	54230.24
247.98	54229.63
248.03	54231.77
248.08	54246.54
248.13	54248.47
248.18	54232.41
248.23	54220.22
248.28	54188.73
248.33	54136.11
248.38	54087.31
248.43	54055.79
248.48	54034.89
248.53	54020.55
248.58	54008.94
248.63	54012.30
248.68	53989.54
248.73	53958.36
248.78	53924.45
248.83	53878.50
248.88	53814.45
248.93	53754.90
248.98	53675.80
249.03	53634.29
249.08	53608.89
249.13	53605.41
249.18	53598.61
249.23	53620.76
249.28	53608.12
249.33	53604.02
249.38	53584.97
249.43	53570.89
249.48	53544.32
249.53	53529.93
249.58	53509.50
249.63	53493.08
249.68	53477.86
249.73	53448.38
249.78	53425.82
249.83	53417.37
249.88	53387.58
249.93	53368.23
249.98	53371.01
250.03	53368.82
250.08	53342.32
250.13	53334.35
250.18	53304.83
250.23	53264.59
250.28	53207.39
250.33	53159.57
250.37	53117.89
250.42	53082.15
250.47	53044.71
250.52	53039.20
250.57	53009.21
250.62	52976.44
250.67	52948.37
250.72	52930.14
250.77	52881.51
250.82	52862.80
250.87	52850.21
250.92	52840.95
250.97	52822.60
251.02	52819.06
251.07	52818.74
251.12	52802.01
251.17	52770.85
251.22	52737.02
251.27	52694.32
251.32	52640.25
251.37	52591.33
251.42	52544.83
251.47	52510.04
251.52	52485.09
251.57	52477.65
251.62	52460.95
251.67	52447.07
251.72	52425.83
251.77	52395.29
251.82	52345.13
251.87	52301.90
251.92	52256.72
251.97	52200.85
252.02	52157.06
252.07	52137.72
252.12	52124.15
252.16	52115.59
252.21	52116.12
252.26	52119.99
252.31	52106.36
252.36	52086.43
252.41	52072.10
252.46	52053.04
252.51	52022.36
252.56	51995.68
252.61	51975.50
252.66	51950.42
252.71	51925.47
252.76	51902.99
252.81	51853.37
252.86	51788.16
252.91	51737.58
252.96	51673.39
253.01	51597.83
253.06	51544.30
253.11	51508.68
253.16	51461.61
253.21	51410.25
253.26	51377.96
253.31	51350.75
253.36	51327.83
253.40	51301.21
253.45	51292.55
253.50	51247.40
253.55	51203.23
253.60	51153.65
253.65	51107.40
253.70	51075.15
253.75	51065.51
253.80	51048.29
253.85	51045.70
253.90	51045.19
253.95	51033.14
254.00	51030.33
254.05	51013.11
254.10	50974.55
254.15	50937.40
254.20	50911.16
254.25	50872.19
254.30	50844.35
254.35	50805.30
254.39	50746.77
254.44	50666.61
254.49	50592.64
254.54	50553.94
254.59	50524.32
254.64	50520.00
254.69	50513.00
254.74	50511.96
254.79	50476.17
254.84	50442.30
254.89	50411.77
254.94	50396.93
254.99	50382.00
255.04	50372.82
255.09	50365.81
255.14	50345.29
255.19	50329.23
255.23	50312.49
255.28	50298.42
255.33	50290.53
255.38	50281.15
255.43	50267.22
255.48	50241.80
255.53	50205.09
255.58	50172.82
255.63	50139.35
255.68	50089.94
255.73	50046.55
255.78	50015.72
255.83	49983.13
255.88	49952.88
255.93	49927.10
255.97	49910.75
256.02	49878.20
256.07	49838.23
256.12	49770.14
256.17	49714.46
256.22	49653.71
256.27	49602.89
256.32	49551.57
256.37	49539.01
256.42	49524.09
256.47	49499.37
256.52	49473.20
256.57	49453.76
256.62	49430.29
256.66	49411.98
256.71	49388.97
256.76	49356.91
256.81	49306.11
256.86	49255.25
256.91	49202.16
256.96	49161.28
257.01	49124.96
257.06	49106.14
257.11	49065.98
257.16	49013.88
257.21	48966.23
257.26	48926.10
257.30	48881.97
257.35	48852.59
257.40	48832.55
257.45	48820.40
257.50	48797.76
257.55	48762.39
257.60	48734.70
257.65	48711.53
257.70	48665.42
257.75	48628.98
257.80	48603.26
257.85	48571.35
257.89	48519.06
257.94	48463.03
257.99	48401.19
258.04	48349.25
258.09	48302.61
258.14	48281.77
258.19	48275.04
258.24	48262.63
258.29	48220.78
258.34	48178.13
258.39	48134.11
258.44	48072.80
258.48	48016.56
258.53	47985.25
258.58	47945.85
258.63	47895.00
258.68	47850.63
258.73	47811.00
258.78	47770.98
258.83	47733.50
258.88	47700.54
258.93	47669.22
258.97	47641.51
259.02	47610.09
259.07	47581.21
259.12	47561.62
259.17	47549.99
259.22	47528.73
259.27	47506.82
259.32	47490.29
259.37	47448.14
259.42	47403.07
259.47	47362.17
259.51	47311.36
259.56	47243.61
259.61	47176.25
259.66	47100.01
259.71	47026.43
259.76	46966.22
259.81	46906.88
259.86	46868.00
259.91	46831.17
259.95	46799.66
260.00	46771.79
260.05	46757.10
260.10	46727.83
260.15	46718.95
260.20	46708.73
260.25	46702.25
260.30	46691.87
260.35	46671.29
260.40	46637.68
260.44	46611.05
260.49	46592.28
260.54	46550.40
260.59	46531.99
260.64	46523.99
260.69	46518.17
260.74	46472.11
260.79	46441.82
260.84	46390.32
260.88	46332.39
260.93	46257.05
260.98	46220.65
261.03	46175.31
261.08	46148.23
261.13	46107.40
261.18	46070.38
261.23	46010.65
261.28	45972.85
261.32	45931.05
261.37	45891.89
261.42	45859.51
261.47	45837.07
261.52	45789.39
261.57	45737.39
261.62	45695.18
261.67	45638.31
261.71	45571.55
261.76	45531.68
261.81	45483.82
261.86	45428.31
261.91	45382.39
261.96	45346.78
262.01	45300.05
262.06	45280.10
262.10	45268.05
262.15	45257.18
262.20	45238.43
262.25	45222.56
262.30	45198.92
262.35	45175.00
262.40	45141.02
262.45	45113.79
262.49	45087.97
262.54	45051.48
262.59	45016.80
262.64	44993.35
262.69	44956.99
262.74	44909.35
262.79	44854.99
262.84	44803.46
262.88	44751.37
262.93	44696.53
262.98	44661.67
263.03	44623.20
263.08	44571.40
263.13	44493.86
263.18	44435.77
263.23	44377.31
263.27	44335.91
263.32	44310.58
263.37	44298.86
263.42	44283.66
263.47	44248.45
263.52	44210.40
263.57	44163.59
263.61	44128.30
263.66	44081.42
263.71	44048.18
263.76	44022.05
263.81	43983.55
263.86	43952.05
263.91	43917.20
263.95	43851.66
264.00	43790.50
264.05	43740.48
264.10	43668.47
264.15	43602.13
264.20	43571.81
264.25	43526.66
264.29	43484.49
264.34	43435.27
264.39	43398.68
264.44	43346.70
264.49	43295.84
264.54	43246.02
264.59	43218.71
264.63	43175.64
264.68	43125.37
264.73	43078.71
264.78	43035.02
264.83	42973.68
264.88	42929.15
264.93	42903.64
264.97	42877.61
265.02	42847.76
265.07	42833.84
265.12	42797.33
265.17	42745.40
265.22	42704.02
265.27	42646.35
265.31	42585.89
265.36	42525.27
265.41	42470.70
265.46	42401.47
265.51	42331.89
265.56	42257.55
265.60	42202.86
265.65	42146.20
265.70	42098.37
265.75	42050.43
265.80	42010.12
265.85	41950.86
265.90	41894.76
265.94	41835.88
265.99	41772.12
266.04	41723.97
266.09	41688.25
266.14	41653.56
266.19	41615.54
266.23	41592.41
266.28	41545.59
266.33	41514.10
266.38	41483.92
266.43	41461.64
266.48	41438.34
266.52	41411.77
266.57	41368.86
266.62	41319.60
266.67	41266.64
266.72	41214.02
266.77	41179.25
266.81	41153.57
266.86	41130.12
266.91	41101.00
266.96	41059.36
267.01	41020.80
267.06	40965.17
267.10	40914.94
267.15	40867.96
267.20	40844.88
267.25	40805.51
267.30	40777.86
267.35	40748.53
267.39	40714.32
267.44	40668.41
267.49	40628.22
267.54	40572.11
267.59	40514.15
267.64	40456.70
267.68	40394.58
267.73	40335.00
267.78	40295.06
267.83	40276.22
267.88	40262.72
267.93	40263.56
267.97	40246.52
268.02	40214.22
268.07	40159.96
268.12	40100.39
268.17	40030.04
268.21	39989.37
268.26	39936.32
268.31	39890.82
268.36	39843.07
268.41	39803.76
268.46	39751.30
268.50	39717.31
268.55	39670.67
268.60	39615.23
268.65	39556.41
268.70	39478.53
268.74	39409.30
268.79	39341.10
268.84	39294.53
268.89	39243.95
268.94	39212.89
268.99	39171.32
269.03	39129.92
269.08	39074.67
269.13	39012.33
269.18	38929.68
269.23	38837.66
269.27	38728.47
269.32	38604.45
269.37	38471.69
269.42	38342.40
269.47	38202.51
269.51	38064.40
269.56	37926.71
269.61	37789.18
269.66	37642.00
269.71	37488.82
269.76	37343.96
269.80	37191.54
269.85	37039.58
269.90	36890.95
269.95	36744.65
270.00	36582.92
270.04	36437.11
270.09	36294.01
270.14	36155.95
270.19	36016.11
270.24	35887.06
270.28	35728.51
270.33	35557.70
270.38	35375.67
270.43	35195.80
270.48	35018.88
270.52	34859.64
270.57	34699.51
270.62	34544.19
270.67	34394.38
270.72	34232.48
270.76	34058.04
270.81	33893.17
270.86	33721.40
270.91	33544.75
270.96	33371.06
271.00	33210.07
271.05	33050.12
271.10	32913.04
271.15	32784.39
271.20	32663.31
271.24	32528.47
271.29	32395.11
271.34	32244.30
271.39	32088.05
271.44	31934.03
271.48	31800.75
271.53	31655.29
271.58	31509.55
271.63	31367.90
271.67	31221.59
271.72	31073.63
271.77	30929.92
271.82	30794.57
271.87	30654.17
271.91	30496.18
271.96	30348.83
272.01	30207.84
272.06	30074.51
272.11	29952.96
272.15	29853.03
272.20	29749.82
272.25	29660.99
272.30	29558.10
272.35	29448.96
272.39	29337.36
272.44	29217.33
272.49	29072.94
272.54	28928.80
272.58	28783.54
272.63	28632.83
272.68	28481.21
272.73	28325.39
272.78	28154.18
272.82	27956.17
272.87	27732.95
272.92	27447.82
272.97	26921.93
273.01	23959.35
273.06	18998.51
273.11	13533.45
273.16	8163.50
273.21	3073.83
273.25	464.15
273.30	-88.34
273.35	-88.73
