165.32	3375.64
165.38	-245.88
165.44	595.24
165.50	-78.39
165.55	-21.49
165.61	-0.76
165.67	25.48
165.72	33.79
165.78	38.95
165.84	37.22
165.89	34.11
165.95	32.80
166.01	31.80
166.06	33.40
166.12	36.04
166.18	34.32
166.23	35.50
166.29	35.22
166.35	32.01
166.40	30.95
166.46	37.52
166.52	40.51
166.57	41.49
166.63	41.60
166.69	43.84
166.74	38.04
166.80	38.34
166.86	40.11
166.91	41.11
166.97	35.69
167.03	37.75
167.08	31.89
167.14	31.12
167.20	29.23
167.25	41.67
167.31	42.48
167.37	48.03
167.42	50.02
167.48	56.23
167.54	50.85
167.59	50.08
167.65	45.95
167.71	45.17
167.76	43.78
167.82	39.23
167.88	38.56
167.93	45.73
167.99	45.19
168.05	47.71
168.10	55.37
168.16	55.13
168.21	53.30
168.27	57.46
168.33	59.09
168.38	51.99
168.44	56.99
168.50	55.80
168.55	53.93
168.61	54.58
168.67	56.56
168.72	53.26
168.78	53.40
168.84	49.54
168.89	47.68
168.95	48.47
169.01	47.82
169.06	47.32
169.12	46.68
169.18	44.82
169.23	44.81
169.29	49.46
169.34	53.93
169.40	56.82
169.46	61.71
169.51	63.83
169.57	59.64
169.63	55.41
169.68	60.11
169.74	55.90
169.80	61.42
169.85	62.07
169.91	66.44
169.97	62.14
170.02	62.52
170.08	61.65
170.13	62.38
170.19	61.87
170.25	64.07
170.30	67.89
170.36	59.42
170.42	61.32
170.47	62.26
170.53	63.60
170.59	61.01
170.64	64.73
170.70	63.40
170.76	61.05
170.81	62.23
170.87	61.41
170.92	62.69
170.98	64.90
171.04	67.42
171.09	63.40
171.15	70.87
171.21	71.59
171.26	68.82
171.32	65.68
171.37	69.14
171.43	63.71
171.49	67.97
171.54	71.00
171.60	72.72
171.66	74.82
171.71	74.82
171.77	72.12
171.83	78.13
171.88	77.30
171.94	76.67
171.99	81.27
172.05	80.72
172.11	81.96
172.16	90.41
172.22	91.18
172.28	91.36
172.33	89.12
172.39	86.09
172.44	83.12
172.50	88.16
172.56	87.62
172.61	95.65
172.67	94.86
172.72	94.44
172.78	89.61
172.84	84.77
172.89	78.79
172.95	78.19
173.01	79.27
173.06	77.55
173.12	83.28
173.17	84.24
173.23	83.96
173.29	84.03
173.34	85.74
173.40	80.23
173.46	80.72
173.51	83.35
173.57	83.22
173.62	78.15
173.68	84.77
173.74	83.77
173.79	85.22
173.85	82.14
173.90	84.53
173.96	80.99
174.02	78.41
174.07	70.46
174.13	70.14
174.18	72.95
174.24	66.17
174.30	66.31
174.35	71.29
174.41	68.70
174.47	61.80
174.52	63.18
174.58	62.27
174.63	58.11
174.69	56.83
174.75	59.34
174.80	70.31
174.86	67.51
174.91	68.45
174.97	68.26
175.03	65.47
175.08	53.09
175.14	59.57
175.19	55.14
175.25	55.71
175.31	60.05
175.36	61.71
175.42	58.72
175.47	63.49
175.53	63.53
175.59	59.55
175.64	60.84
175.70	59.30
175.75	54.83
175.81	53.69
175.87	55.02
175.92	51.39
175.98	52.93
176.03	52.96
176.09	53.33
176.15	53.16
176.20	54.12
176.26	54.23
176.31	57.64
176.37	55.32
176.42	56.53
176.48	60.16
176.54	57.19
176.59	54.06
176.65	56.82
176.70	58.02
176.76	57.33
176.82	55.90
176.87	53.13
176.93	52.74
176.98	51.78
177.04	46.73
177.10	51.25
177.15	52.53
177.21	53.33
177.26	52.14
177.32	55.70
177.37	57.52
177.43	61.54
177.49	58.30
177.54	55.37
177.60	56.10
177.65	56.37
177.71	50.72
177.77	53.47
177.82	55.62
177.88	59.85
177.93	55.31
177.99	62.11
178.04	58.01
178.10	58.67
178.16	51.58
178.21	52.50
178.27	49.55
178.32	53.66
178.38	52.63
178.43	54.57
178.49	54.05
178.55	53.33
178.60	51.63
178.66	50.70
178.71	51.98
178.77	50.49
178.82	51.12
178.88	51.44
178.94	52.12
178.99	53.25
179.05	57.34
179.10	53.58
179.16	56.28
179.21	58.87
179.27	57.75
179.33	53.68
179.38	57.40
179.44	55.53
179.49	55.54
179.55	53.76
179.60	53.77
179.66	53.31
179.72	55.78
179.77	53.06
179.83	51.40
179.88	53.16
179.94	53.93
179.99	50.04
180.05	50.51
180.11	51.67
180.16	53.85
180.22	55.93
180.27	60.36
180.33	61.24
180.38	65.57
180.44	61.34
180.49	61.29
180.55	59.82
180.61	63.68
180.66	58.19
180.72	57.02
180.77	55.22
180.83	54.65
180.88	51.74
180.94	51.49
180.99	54.93
181.05	54.71
181.11	55.94
181.16	56.27
181.22	57.80
181.27	60.42
181.33	59.48
181.38	56.43
181.44	57.48
181.49	62.33
181.55	62.81
181.61	68.58
181.66	70.92
181.72	68.51
181.77	65.17
181.83	62.51
181.88	67.52
181.94	69.02
181.99	74.31
182.05	74.81
182.11	75.96
182.16	67.01
182.22	65.72
182.27	61.53
182.33	64.48
182.38	64.19
182.44	69.62
182.49	71.55
182.55	73.63
182.60	72.93
182.66	76.07
182.72	78.71
182.77	81.05
182.83	84.35
182.88	87.51
182.94	88.50
182.99	85.05
183.05	83.50
183.10	85.57
183.16	84.82
183.21	86.56
183.27	94.11
183.32	98.96
183.38	102.40
183.44	109.97
183.49	115.38
183.55	117.71
183.60	124.90
183.66	132.14
183.71	141.80
183.77	150.04
183.82	159.53
183.88	170.35
183.93	182.46
183.99	197.22
184.04	215.10
184.10	228.48
184.15	240.78
184.21	253.69
184.27	255.69
184.32	255.74
184.38	252.95
184.43	248.67
184.49	231.22
184.54	212.45
184.60	201.41
184.65	186.94
184.71	176.89
184.76	179.02
184.82	196.66
184.87	214.52
184.93	240.95
184.98	270.59
185.04	302.94
185.09	329.53
185.15	356.90
185.20	390.28
185.26	424.63
185.31	454.61
185.37	482.66
185.43	503.76
185.48	523.21
185.54	547.19
185.59	572.86
185.65	599.17
185.70	641.48
185.76	688.47
185.81	723.44
185.87	761.90
185.92	807.25
185.98	843.05
186.03	859.54
186.09	860.87
186.14	834.93
186.20	779.39
186.25	691.67
186.31	603.24
186.36	535.12
186.42	503.42
186.47	512.24
186.53	559.32
186.58	630.81
186.64	707.17
186.69	781.67
186.75	843.75
186.80	904.39
186.86	961.51
186.91	1020.34
186.97	1073.93
187.02	1142.53
187.08	1204.44
187.13	1257.06
187.19	1313.16
187.24	1369.37
187.30	1403.92
187.35	1439.62
187.41	1487.99
187.47	1533.57
187.52	1576.98
187.58	1634.51
187.63	1710.95
187.69	1792.66
187.74	1866.28
187.80	1929.78
187.85	1980.74
187.91	2004.19
187.96	1992.31
188.02	1933.16
188.07	1836.24
188.13	1693.66
188.18	1539.76
188.24	1426.43
188.29	1374.60
188.35	1387.33
188.40	1468.72
188.46	1595.90
188.51	1721.75
188.57	1853.57
188.62	1978.59
188.67	2098.55
188.73	2209.50
188.78	2315.60
188.84	2417.68
188.89	2521.09
188.95	2625.50
189.00	2716.60
189.06	2814.86
189.11	2910.52
189.17	2993.25
189.22	3065.92
189.28	3155.58
189.33	3233.38
189.39	3296.65
189.44	3364.36
189.50	3440.26
189.55	3507.93
189.61	3563.70
189.66	3623.50
189.72	3682.88
189.77	3732.75
189.83	3761.17
189.88	3767.86
189.94	3734.70
189.99	3650.05
190.05	3492.48
190.10	3267.22
190.16	3010.42
190.21	2783.73
190.27	2632.64
190.32	2583.58
190.38	2640.42
190.43	2777.92
190.49	2940.28
190.54	3078.67
190.60	3197.90
190.65	3294.51
190.71	3376.28
190.76	3453.94
190.81	3537.52
190.87	3630.07
190.92	3752.47
190.98	3888.57
191.03	4033.54
191.09	4186.40
191.14	4318.80
191.20	4420.10
191.25	4520.35
191.31	4623.60
191.36	4733.05
191.42	4856.27
191.47	4998.24
191.53	5135.49
191.58	5250.57
191.64	5341.54
191.69	5416.17
191.75	5462.35
191.80	5499.16
191.85	5519.86
191.91	5539.89
191.96	5565.00
192.02	5598.97
192.07	5613.40
192.13	5612.21
192.18	5562.37
192.24	5444.09
192.29	5247.51
192.35	5018.34
192.40	4831.34
192.46	4725.95
192.51	4721.56
192.57	4818.17
192.62	4997.99
192.67	5182.99
192.73	5364.05
192.78	5529.46
192.84	5681.34
192.89	5819.28
192.95	5952.82
193.00	6067.88
193.06	6174.74
193.11	6282.92
193.17	6370.28
193.22	6455.55
193.28	6546.93
193.33	6625.18
193.38	6691.96
193.44	6766.42
193.49	6842.77
193.55	6900.49
193.60	6960.36
193.66	7013.49
193.71	7060.88
193.77	7083.64
193.82	7103.01
193.88	7120.84
193.93	7148.11
193.98	7173.19
194.04	7213.42
194.09	7258.87
194.15	7308.96
194.20	7354.52
194.26	7395.05
194.31	7434.09
194.37	7458.97
194.42	7466.89
194.47	7451.98
194.53	7406.16
194.58	7315.42
194.64	7206.26
194.69	7105.14
194.75	7038.62
194.80	7023.47
194.86	7064.92
194.91	7154.62
194.97	7260.72
195.02	7365.22
195.07	7469.99
195.13	7570.65
195.18	7674.59
195.24	7773.65
195.29	7871.36
195.35	7949.97
195.40	8036.44
195.46	8105.26
195.51	8187.10
195.56	8272.34
195.62	8366.00
195.67	8443.46
195.73	8529.14
195.78	8594.26
195.84	8640.99
195.89	8675.12
195.94	8712.40
196.00	8748.58
196.05	8788.25
196.11	8846.88
196.16	8909.18
196.22	8977.03
196.27	9040.92
196.32	9101.45
196.38	9146.42
196.43	9195.51
196.49	9231.80
196.54	9272.74
196.60	9315.35
196.65	9360.84
196.71	9406.30
196.76	9454.48
196.81	9492.30
196.87	9524.19
196.92	9556.39
196.98	9578.04
197.03	9590.23
197.09	9586.84
197.14	9584.02
197.19	9582.68
197.25	9596.94
197.30	9622.25
197.36	9675.28
197.41	9739.62
197.47	9803.96
197.52	9864.87
197.57	9929.65
197.63	9984.84
197.68	10038.89
197.74	10093.37
197.79	10137.91
197.84	10182.02
197.90	10230.88
197.95	10269.46
198.01	10310.56
198.06	10352.24
198.12	10398.12
198.17	10432.89
198.22	10475.00
198.28	10511.33
198.33	10553.72
198.39	10590.57
198.44	10635.85
198.49	10680.85
198.55	10725.93
198.60	10773.02
198.66	10818.89
198.71	10872.23
198.77	10921.82
198.82	10976.58
198.87	11024.50
198.93	11073.86
198.98	11116.76
199.04	11163.58
199.09	11203.28
199.14	11248.73
199.20	11287.77
199.25	11327.31
199.31	11368.84
199.36	11414.40
199.42	11458.88
199.47	11506.42
199.52	11547.75
199.58	11588.60
199.63	11617.65
199.69	11643.35
199.74	11674.49
199.79	11700.29
199.85	11726.07
199.90	11765.45
199.96	11809.17
200.01	11851.91
200.06	11905.76
200.12	11957.48
200.17	12008.35
200.23	12058.29
200.28	12104.11
200.33	12154.08
200.39	12200.35
200.44	12243.24
200.50	12290.31
200.55	12331.83
200.60	12371.11
200.66	12404.36
200.71	12438.75
200.77	12476.83
200.82	12513.70
200.87	12550.67
200.93	12593.91
200.98	12642.51
201.04	12682.59
201.09	12729.67
201.14	12782.28
201.20	12833.55
201.25	12886.17
201.31	12938.68
201.36	13002.00
201.41	13057.47
201.47	13112.67
201.52	13158.60
201.58	13219.73
201.63	13267.62
201.68	13311.78
201.74	13360.89
201.79	13413.42
201.84	13461.89
201.90	13507.95
201.95	13563.11
202.01	13618.27
202.06	13675.02
202.11	13719.87
202.17	13766.97
202.22	13810.87
202.28	13849.56
202.33	13885.96
202.38	13926.02
202.44	13967.74
202.49	14010.12
202.54	14062.53
202.60	14109.02
202.65	14161.32
202.71	14213.75
202.76	14256.24
202.81	14295.55
202.87	14345.08
202.92	14388.80
202.98	14437.85
203.03	14495.13
203.08	14550.35
203.14	14603.57
203.19	14659.09
203.24	14717.18
203.30	14767.62
203.35	14816.08
203.41	14863.43
203.46	14905.50
203.51	14943.14
203.57	14984.55
203.62	15030.71
203.67	15079.57
203.73	15130.13
203.78	15175.69
203.84	15227.11
203.89	15264.70
203.94	15302.03
204.00	15344.97
204.05	15378.31
204.10	15400.99
204.16	15426.12
204.21	15444.94
204.27	15443.02
204.32	15439.87
204.37	15429.74
204.43	15404.85
204.48	15363.17
204.53	15327.95
204.59	15329.33
204.64	15388.22
204.69	15496.59
204.75	15639.43
204.80	15798.70
204.86	15930.32
204.91	16015.83
204.96	16075.35
205.02	16106.46
205.07	16137.38
205.12	16195.66
205.18	16277.48
205.23	16376.68
205.28	16503.70
205.34	16628.01
205.39	16732.90
205.45	16820.90
205.50	16890.61
205.55	16951.22
205.61	17007.62
205.66	17061.62
205.71	17125.45
205.77	17189.03
205.82	17245.48
205.87	17300.67
205.93	17356.55
205.98	17401.18
206.03	17438.90
206.09	17488.22
206.14	17544.91
206.20	17595.61
206.25	17649.55
206.30	17716.07
206.36	17772.49
206.41	17830.52
206.46	17894.78
206.52	17943.99
206.57	17992.18
206.62	18038.90
206.68	18080.24
206.73	18123.42
206.78	18180.26
206.84	18234.21
206.89	18290.50
206.94	18353.28
207.00	18420.96
207.05	18484.68
207.11	18555.03
207.16	18622.48
207.21	18689.91
207.27	18743.25
207.32	18803.67
207.37	18862.07
207.43	18920.67
207.48	18967.29
207.53	19023.25
207.59	19080.10
207.64	19134.11
207.69	19199.49
207.75	19270.37
207.80	19334.77
207.85	19394.09
207.91	19445.80
207.96	19500.06
208.01	19554.61
208.07	19609.40
208.12	19662.75
208.17	19718.52
208.23	19764.78
208.28	19815.58
208.33	19871.08
208.39	19935.22
208.44	20004.49
208.49	20072.97
208.55	20134.75
208.60	20193.36
208.65	20247.47
208.71	20293.64
208.76	20344.80
208.81	20401.28
208.87	20463.58
208.92	20520.31
208.97	20586.52
209.03	20649.57
209.08	20712.25
209.13	20772.65
209.19	20836.60
209.24	20891.89
209.29	20947.53
209.35	20997.94
209.40	21057.94
209.45	21117.17
209.51	21185.17
209.56	21249.06
209.61	21321.32
209.67	21379.78
209.72	21443.30
209.77	21503.51
209.83	21570.48
209.88	21637.46
209.93	21703.64
209.99	21767.46
210.04	21834.78
210.09	21901.95
210.15	21960.09
210.20	22021.47
210.25	22085.93
210.31	22150.27
210.36	22200.06
210.41	22251.83
210.46	22311.28
210.52	22367.68
210.57	22409.53
210.62	22471.38
210.68	22542.24
210.73	22597.43
210.78	22653.59
210.84	22721.37
210.89	22782.30
210.94	22829.89
211.00	22889.41
211.05	22938.15
211.10	22999.93
211.16	23058.72
211.21	23130.76
211.26	23203.05
211.32	23282.40
211.37	23349.48
211.42	23414.01
211.47	23482.44
211.53	23542.46
211.58	23599.19
211.63	23656.51
211.69	23722.86
211.74	23776.89
211.79	23826.09
211.85	23887.22
211.90	23950.22
211.95	24006.50
212.01	24069.84
212.06	24150.74
212.11	24225.25
212.16	24299.13
212.22	24374.44
212.27	24440.05
212.32	24501.86
212.38	24572.71
212.43	24639.60
212.48	24705.30
212.54	24774.98
212.59	24846.68
212.64	24909.27
212.69	24968.83
212.75	25037.33
212.80	25102.38
212.85	25164.42
212.91	25222.45
212.96	25278.67
213.01	25337.68
213.07	25396.42
213.12	25464.39
213.17	25526.89
213.22	25596.00
213.28	25656.31
213.33	25709.66
213.38	25759.87
213.44	25820.20
213.49	25888.58
213.54	25959.42
213.60	26040.42
213.65	26119.14
213.70	26200.98
213.75	26269.42
213.81	26323.74
213.86	26380.75
213.91	26424.00
213.97	26461.71
214.02	26492.41
214.07	26528.69
214.12	26556.16
214.18	26591.88
214.23	26620.46
214.28	26645.50
214.34	26655.33
214.39	26662.12
214.44	26642.46
214.49	26586.97
214.55	26515.42
214.60	26418.85
214.65	26283.92
214.71	26167.59
214.76	26151.71
214.81	26235.69
214.86	26426.48
214.92	26699.27
214.97	26992.68
215.02	27224.62
215.08	27376.76
215.13	27467.73
215.18	27496.53
215.23	27493.36
215.29	27514.95
215.34	27589.75
215.39	27705.65
215.45	27875.86
215.50	28087.25
215.55	28283.72
215.60	28439.53
215.66	28549.20
215.71	28633.54
215.76	28703.76
215.81	28767.62
215.87	28828.98
215.92	28891.46
215.97	28951.02
216.03	29014.71
216.08	29067.35
216.13	29124.80
216.18	29191.99
216.24	29253.14
216.29	29305.39
216.34	29363.20
216.39	29426.09
216.45	29481.06
216.50	29541.02
216.55	29596.79
216.61	29670.42
216.66	29728.98
216.71	29790.67
216.76	29855.93
216.82	29937.03
216.87	30005.16
216.92	30082.89
216.97	30148.27
217.03	30219.09
217.08	30288.89
217.13	30371.04
217.18	30441.44
217.24	30519.92
217.29	30590.33
217.34	30640.28
217.39	30680.16
217.45	30729.82
217.50	30778.39
217.55	30842.35
217.61	30914.69
217.66	30977.56
217.71	31041.13
217.76	31122.38
217.82	31194.36
217.87	31272.10
217.92	31351.52
217.97	31426.30
218.03	31482.34
218.08	31531.24
218.13	31570.54
218.18	31613.75
218.24	31676.54
218.29	31734.30
218.34	31798.97
218.39	31870.88
218.45	31944.50
218.50	32004.12
218.55	32069.79
218.60	32132.63
218.66	32183.93
218.71	32245.57
218.76	32308.82
218.81	32374.34
218.87	32439.33
218.92	32505.07
218.97	32575.67
219.02	32638.96
219.08	32704.42
219.13	32768.89
219.18	32839.01
219.23	32898.67
219.29	32963.42
219.34	33022.89
219.39	33090.53
219.44	33153.38
219.50	33220.07
219.55	33283.98
219.60	33354.36
219.65	33419.68
219.71	33486.85
219.76	33536.10
219.81	33590.43
219.86	33642.73
219.92	33691.30
219.97	33743.08
220.02	33807.07
220.07	33865.55
220.13	33935.63
220.18	34006.92
220.23	34077.59
220.28	34159.96
220.33	34241.54
220.39	34302.70
220.44	34364.54
220.49	34426.19
220.54	34469.30
220.60	34511.59
220.65	34571.85
220.70	34633.27
220.75	34703.48
220.81	34788.26
220.86	34876.43
220.91	34949.82
220.96	35016.57
221.02	35090.35
221.07	35156.20
221.12	35207.20
221.17	35265.56
221.22	35330.20
221.28	35390.94
221.33	35443.52
221.38	35504.41
221.43	35570.74
221.49	35636.49
221.54	35696.27
221.59	35771.09
221.64	35855.81
221.69	35945.18
221.75	36040.64
221.80	36134.65
221.85	36209.03
221.90	36273.94
221.96	36330.67
222.01	36360.21
222.06	36394.31
222.11	36443.77
222.17	36491.94
222.22	36526.24
222.27	36582.01
222.32	36628.84
222.37	36678.56
222.43	36740.43
222.48	36808.45
222.53	36882.24
222.58	36966.55
222.63	37042.81
222.69	37107.30
222.74	37183.28
222.79	37246.61
222.84	37291.34
222.90	37338.59
222.95	37387.55
223.00	37423.33
223.05	37473.34
223.10	37534.07
223.16	37589.18
223.21	37645.39
223.26	37694.21
223.31	37743.58
223.36	37782.18
223.42	37822.76
223.47	37862.92
223.52	37917.22
223.57	37959.12
223.63	38013.43
223.68	38063.30
223.73	38127.66
223.78	38197.65
223.83	38261.89
223.89	38321.26
223.94	38395.97
223.99	38460.46
224.04	38531.57
224.09	38611.56
224.15	38700.54
224.20	38775.64
224.25	38867.98
224.30	38945.75
224.35	39036.22
224.41	39133.52
224.46	39236.28
224.51	39318.04
224.56	39399.96
224.61	39478.12
224.67	39542.78
224.72	39615.79
224.77	39710.94
224.82	39807.54
224.87	39887.53
224.93	39976.68
224.98	40062.38
225.03	40146.74
225.08	40231.39
225.13	40321.30
225.19	40404.24
225.24	40484.80
225.29	40552.41
225.34	40624.56
225.39	40685.44
225.45	40753.01
225.50	40818.42
225.55	40879.50
225.60	40939.62
225.65	41007.45
225.71	41064.47
225.76	41103.61
225.81	41140.64
225.86	41158.71
225.91	41160.94
225.97	41151.42
226.02	41116.69
226.07	41050.78
226.12	41020.72
226.17	41051.07
226.22	41151.81
226.28	41342.35
226.33	41601.58
226.38	41849.95
226.43	42051.83
226.48	42183.83
226.54	42260.24
226.59	42304.08
226.64	42329.51
226.69	42340.49
226.74	42376.59
226.80	42444.85
226.85	42535.30
226.90	42648.12
226.95	42812.22
227.00	42978.67
227.05	43127.07
227.11	43265.65
227.16	43385.50
227.21	43474.68
227.26	43559.02
227.31	43638.70
227.37	43697.45
227.42	43769.92
227.47	43856.69
227.52	43928.28
227.57	43991.12
227.62	44073.12
227.68	44147.33
227.73	44217.12
227.78	44299.56
227.83	44393.65
227.88	44469.72
227.93	44552.16
227.99	44629.93
228.04	44702.63
228.09	44780.62
228.14	44860.13
228.19	44925.50
228.24	44989.56
228.30	45062.44
228.35	45123.45
228.40	45186.22
228.45	45250.52
228.50	45328.63
228.56	45392.59
228.61	45453.37
228.66	45513.54
228.71	45576.12
228.76	45618.22
228.81	45659.22
228.87	45699.34
228.92	45756.02
228.97	45813.74
229.02	45899.61
229.07	45981.84
229.12	46075.91
229.17	46154.11
229.23	46232.35
229.28	46303.13
229.33	46379.06
229.38	46456.87
229.43	46527.62
229.48	46607.57
229.54	46677.43
229.59	46751.27
229.64	46814.64
229.69	46898.98
229.74	46988.18
229.79	47057.17
229.85	47130.51
229.90	47200.92
229.95	47259.53
230.00	47313.73
230.05	47395.93
230.10	47462.85
230.16	47538.19
230.21	47601.74
230.26	47657.22
230.31	47691.70
230.36	47748.68
230.41	47810.32
230.46	47897.81
230.52	47992.51
230.57	48084.48
230.62	48171.45
230.67	48236.82
230.72	48288.79
230.77	48327.75
230.82	48374.04
230.88	48403.38
230.93	48451.87
230.98	48492.97
231.03	48551.01
231.08	48605.51
231.13	48665.74
231.19	48733.05
231.24	48807.64
231.29	48885.85
231.34	48958.25
231.39	49035.62
231.44	49095.56
231.49	49147.33
231.55	49192.11
231.60	49234.10
231.65	49286.32
231.70	49338.73
231.75	49389.70
231.80	49440.55
231.85	49500.02
231.91	49538.25
231.96	49580.23
232.01	49639.91
232.06	49698.28
232.11	49762.56
232.16	49842.97
232.21	49938.34
232.26	50025.74
232.32	50105.69
232.37	50183.18
232.42	50247.41
232.47	50295.18
232.52	50338.22
232.57	50389.43
232.62	50444.24
232.68	50512.05
232.73	50579.48
232.78	50661.91
232.83	50739.10
232.88	50813.49
232.93	50886.82
232.98	50957.87
233.03	51011.24
233.09	51063.43
233.14	51132.19
233.19	51181.82
233.24	51226.50
233.29	51274.00
233.34	51316.27
233.39	51337.58
233.45	51379.94
233.50	51428.67
233.55	51481.98
233.60	51547.29
233.65	51611.54
233.70	51664.02
233.75	51716.00
233.80	51762.05
233.86	51814.92
233.91	51866.52
233.96	51910.94
234.01	51966.57
234.06	52025.38
234.11	52083.72
234.16	52144.97
234.21	52208.34
234.26	52251.53
234.32	52294.95
234.37	52328.57
234.42	52360.09
234.47	52375.57
234.52	52410.92
234.57	52452.08
234.62	52498.31
234.67	52539.50
234.73	52604.29
234.78	52657.67
234.83	52704.32
234.88	52745.27
234.93	52786.74
234.98	52833.19
235.03	52885.68
235.08	52952.17
235.13	53009.41
235.19	53080.47
235.24	53140.31
235.29	53197.99
235.34	53240.47
235.39	53270.89
235.44	53304.30
235.49	53344.43
235.54	53371.00
235.59	53384.03
235.65	53420.37
235.70	53444.07
235.75	53478.36
235.80	53526.20
235.85	53587.19
235.90	53631.75
235.95	53672.28
236.00	53697.76
236.05	53716.82
236.11	53742.21
236.16	53780.66
236.21	53819.20
236.26	53856.40
236.31	53896.31
236.36	53913.05
236.41	53927.89
236.46	53940.23
236.51	53956.18
236.56	53983.34
236.62	54015.96
236.67	54045.68
236.72	54090.46
236.77	54115.88
236.82	54152.71
236.87	54176.44
236.92	54199.62
236.97	54230.72
237.02	54281.41
237.07	54323.14
237.13	54395.39
237.18	54458.76
237.23	54508.86
237.28	54555.92
237.33	54593.50
237.38	54605.24
237.43	54629.24
237.48	54633.56
237.53	54647.80
237.58	54676.52
237.63	54723.28
237.69	54765.75
237.74	54817.63
237.79	54859.78
237.84	54860.14
237.89	54863.32
237.94	54861.84
237.99	54879.73
238.04	54894.33
238.09	54923.78
238.14	54947.36
238.19	54978.71
238.25	55001.90
238.30	55004.63
238.35	55013.09
238.40	55017.31
238.45	55014.95
238.50	55014.98
238.55	55025.75
238.60	55051.72
238.65	55081.96
238.70	55100.78
238.75	55104.42
238.80	55132.74
238.86	55142.69
238.91	55148.38
238.96	55181.25
239.01	55228.77
239.06	55253.55
239.11	55279.68
239.16	55305.20
239.21	55304.98
239.26	55305.40
239.31	55315.19
239.36	55331.94
239.41	55351.30
239.46	55377.49
239.52	55392.13
239.57	55410.30
239.62	55425.98
239.67	55451.67
239.72	55479.81
239.77	55504.60
239.82	55528.15
239.87	55534.89
239.92	55536.47
239.97	55529.11
240.02	55510.43
240.07	55488.85
240.12	55487.60
240.17	55486.66
240.23	55481.99
240.28	55494.55
240.33	55510.78
240.38	55504.37
240.43	55509.64
240.48	55532.56
240.53	55551.52
240.58	55577.68
240.63	55622.18
240.68	55631.92
240.73	55625.96
240.78	55627.18
240.83	55613.95
240.88	55585.77
240.93	55571.45
240.98	55570.42
241.04	55577.78
241.09	55598.62
241.14	55630.53
241.19	55681.29
241.24	55719.29
241.29	55740.37
241.34	55751.08
241.39	55765.02
241.44	55762.82
241.49	55761.35
241.54	55758.77
241.59	55753.35
241.64	55747.99
241.69	55735.77
241.74	55720.39
241.79	55706.00
241.84	55691.49
241.90	55675.73
241.95	55655.84
242.00	55629.62
242.05	55610.63
242.10	55600.15
242.15	55575.46
242.20	55563.55
242.25	55560.74
242.30	55555.07
242.35	55548.98
242.40	55554.83
242.45	55545.07
242.50	55539.81
242.55	55536.58
242.60	55529.13
242.65	55513.98
242.70	55532.52
242.75	55562.27
242.80	55607.13
242.85	55654.78
242.91	55673.62
242.96	55663.15
243.01	55643.45
243.06	55606.06
243.11	55560.33
243.16	55547.09
243.21	55546.98
243.26	55554.65
243.31	55567.79
243.36	55576.32
243.41	55588.99
243.46	55582.28
243.51	55546.49
243.56	55494.61
243.61	55444.08
243.66	55402.38
243.71	55369.85
243.76	55372.00
243.81	55391.65
243.86	55391.63
243.91	55392.57
243.96	55394.61
244.01	55372.48
244.06	55344.01
244.12	55338.18
244.17	55327.12
244.22	55321.14
244.27	55345.35
244.32	55371.32
244.37	55397.39
244.42	55408.49
244.47	55406.05
244.52	55380.67
244.57	55342.98
244.62	55306.89
244.67	55278.62
244.72	55253.03
244.77	55249.08
244.82	55278.17
244.87	55317.57
244.92	55343.07
244.97	55367.42
245.02	55369.44
245.07	55334.40
245.12	55311.25
245.17	55292.28
245.22	55286.24
245.27	55274.97
245.32	55244.50
245.37	55198.50
245.42	55159.72
245.47	55113.33
245.52	55068.92
245.57	55050.99
245.62	55034.89
245.67	55014.17
245.72	54995.70
245.77	54981.15
245.82	54966.55
245.87	54964.15
245.92	54972.59
245.98	54972.44
246.03	54971.74
246.08	54977.87
246.13	54969.48
246.18	54973.06
246.23	54971.74
246.28	54957.50
246.33	54952.58
246.38	54924.58
246.43	54889.51
246.48	54871.41
246.53	54872.03
246.58	54874.24
246.63	54895.28
246.68	54884.64
246.73	54868.03
246.78	54839.52
246.83	54784.39
246.88	54715.03
246.93	54670.98
246.98	54625.17
247.03	54592.10
247.08	54577.46
247.13	54568.78
247.18	54563.18
247.23	54582.87
247.28	54592.13
247.33	54576.68
247.38	54564.42
247.43	54551.24
247.48	54525.50
247.53	54485.15
247.58	54458.61
247.63	54434.37
247.68	54395.04
247.73	54338.54
247.78	54299.81
247.83	54263.09
247.88	54230.50
247.93	54215.02
247.98	54215.29
248.03	54218.77
248.08	54234.98
248.13	54234.93
248.18	54221.21
248.23	54217.02
248.28	54190.25
248.33	54143.94
248.38	54111.01
248.43	54092.54
248.48	54069.53
248.53	54058.29
248.58	54051.91
248.63	54048.89
248.68	54023.46
248.73	53989.19
248.78	53958.70
248.83	53911.07
248.88	53838.24
248.93	53772.53
248.98	53696.34
249.03	53649.34
249.08	53621.02
249.13	53618.05
249.18	53613.62
249.23	53630.15
249.28	53622.25
249.33	53616.23
249.38	53600.94
249.43	53591.62
249.48	53563.72
249.53	53551.66
249.58	53528.28
249.63	53507.38
249.68	53484.39
249.73	53471.98
249.78	53439.50
249.83	53437.37
249.88	53416.44
249.93	53404.32
249.98	53391.52
250.03	53393.66
250.08	53359.31
250.13	53344.98
250.18	53319.92
250.23	53276.32
250.28	53218.41
250.33	53167.69
250.37	53121.11
250.42	53072.71
250.47	53043.85
250.52	53032.38
250.57	53013.86
250.62	52987.66
250.67	52970.46
250.72	52963.35
250.77	52915.07
250.82	52895.19
250.87	52887.66
250.92	52872.47
250.97	52841.02
251.02	52845.52
251.07	52843.86
251.12	52820.96
251.17	52787.46
251.22	52754.00
251.27	52715.12
251.32	52660.22
251.37	52611.08
251.42	52556.40
251.47	52518.91
251.52	52490.77
251.57	52475.11
251.62	52464.17
251.67	52461.41
251.72	52436.12
251.77	52398.81
251.82	52356.07
251.87	52306.00
251.92	52262.71
251.97	52221.46
252.02	52181.11
252.07	52154.73
252.12	52140.68
252.16	52134.76
252.21	52132.61
252.26	52140.69
252.31	52133.20
252.36	52125.36
252.41	52104.70
252.46	52070.97
252.51	52034.84
252.56	52008.45
252.61	51973.27
252.66	51944.23
252.71	51926.33
252.76	51901.78
252.81	51858.39
252.86	51809.49
252.91	51759.40
252.96	51700.20
253.01	51627.44
253.06	51561.92
253.11	51514.17
253.16	51473.51
253.21	51427.51
253.26	51397.45
253.31	51366.26
253.36	51335.44
253.40	51304.66
253.45	51286.43
253.50	51243.27
253.55	51212.10
253.60	51168.02
253.65	51129.71
253.70	51100.26
253.75	51093.84
253.80	51072.58
253.85	51072.97
253.90	51068.90
253.95	51062.75
254.00	51050.90
254.05	51035.93
254.10	51004.70
254.15	50970.63
254.20	50938.13
254.25	50904.45
254.30	50874.52
254.35	50831.46
254.39	50758.03
254.44	50681.18
254.49	50599.73
254.54	50564.64
254.59	50528.17
254.64	50533.47
254.69	50524.80
254.74	50526.53
254.79	50498.78
254.84	50471.13
254.89	50447.31
254.94	50433.09
254.99	50420.08
255.04	50404.35
255.09	50397.05
255.14	50371.08
255.19	50356.35
255.23	50351.81
255.28	50341.38
255.33	50323.25
255.38	50311.99
255.43	50291.13
255.48	50256.34
255.53	50212.86
255.58	50186.49
255.63	50151.91
255.68	50103.73
255.73	50058.94
255.78	50026.95
255.83	49996.31
255.88	49969.26
255.93	49943.26
255.97	49919.14
256.02	49893.67
256.07	49856.66
256.12	49790.70
256.17	49742.14
256.22	49689.37
256.27	49633.66
256.32	49584.96
256.37	49566.36
256.42	49547.71
256.47	49524.72
256.52	49502.34
256.57	49478.12
256.62	49455.50
256.66	49438.67
256.71	49407.68
256.76	49369.10
256.81	49314.34
256.86	49261.70
256.91	49207.97
256.96	49172.12
257.01	49132.83
257.06	49114.76
257.11	49082.44
257.16	49032.80
257.21	48989.49
257.26	48957.18
257.30	48918.08
257.35	48877.95
257.40	48856.75
257.45	48836.49
257.50	48809.49
257.55	48778.61
257.60	48766.04
257.65	48743.69
257.70	48707.56
257.75	48672.92
257.80	48645.17
257.85	48601.30
257.89	48553.39
257.94	48499.27
257.99	48436.77
258.04	48378.84
258.09	48338.97
258.14	48305.73
258.19	48286.54
258.24	48275.08
258.29	48240.22
258.34	48196.12
258.39	48156.18
258.44	48091.64
258.48	48027.86
258.53	47995.86
258.58	47958.06
258.63	47914.40
258.68	47873.36
258.73	47844.33
258.78	47794.92
258.83	47750.60
258.88	47704.71
258.93	47672.10
258.97	47640.47
259.02	47613.48
259.07	47587.78
259.12	47570.49
259.17	47555.95
259.22	47534.71
259.27	47508.55
259.32	47496.36
259.37	47454.12
259.42	47417.28
259.47	47373.17
259.51	47330.00
259.56	47260.54
259.61	47198.94
259.66	47124.69
259.71	47052.26
259.76	46988.59
259.81	46929.43
259.86	46887.88
259.91	46850.58
259.95	46827.13
260.00	46797.41
260.05	46780.52
260.10	46759.29
260.15	46739.97
260.20	46726.18
260.25	46721.73
260.30	46707.88
260.35	46674.02
260.40	46653.91
260.44	46616.88
260.49	46588.16
260.54	46555.78
260.59	46538.17
260.64	46523.02
260.69	46523.26
260.74	46489.46
260.79	46450.38
260.84	46408.06
260.88	46350.70
260.93	46272.42
260.98	46234.39
261.03	46199.96
261.08	46170.04
261.13	46134.41
261.18	46100.66
261.23	46042.68
261.28	45994.49
261.32	45951.40
261.37	45904.16
261.42	45866.23
261.47	45847.58
261.52	45800.91
261.57	45754.62
261.62	45715.48
261.67	45663.81
261.71	45592.38
261.76	45553.81
261.81	45501.92
261.86	45444.25
261.91	45404.46
261.96	45366.56
262.01	45321.83
262.06	45297.28
262.10	45289.75
262.15	45268.92
262.20	45253.92
262.25	45237.14
262.30	45217.62
262.35	45187.35
262.40	45162.85
262.45	45133.25
262.49	45103.81
262.54	45067.43
262.59	45033.27
262.64	45003.52
262.69	44967.38
262.74	44920.18
262.79	44865.99
262.84	44821.67
262.88	44774.86
262.93	44721.91
262.98	44684.15
263.03	44644.57
263.08	44589.44
263.13	44516.34
263.18	44462.52
263.23	44402.68
263.27	44355.31
263.32	44325.40
263.37	44307.88
263.42	44288.12
263.47	44260.64
263.52	44237.83
263.57	44198.88
263.61	44159.08
263.66	44114.25
263.71	44076.64
263.76	44039.51
263.81	43999.46
263.86	43967.22
263.91	43929.18
263.95	43871.78
264.00	43811.00
264.05	43757.92
264.10	43691.84
264.15	43621.19
264.20	43581.53
264.25	43533.74
264.29	43493.95
264.34	43441.72
264.39	43408.38
264.44	43356.73
264.49	43311.73
264.54	43263.35
264.59	43236.66
264.63	43196.75
264.68	43141.18
264.73	43093.44
264.78	43047.49
264.83	42991.86
264.88	42944.75
264.93	42930.19
264.97	42902.14
265.02	42872.65
265.07	42853.83
265.12	42814.93
265.17	42760.19
265.22	42720.05
265.27	42663.67
265.31	42597.01
265.36	42539.24
265.41	42485.00
265.46	42418.11
265.51	42351.78
265.56	42293.56
265.60	42243.62
265.65	42188.04
265.70	42131.69
265.75	42081.40
265.80	42028.75
265.85	41956.15
265.90	41896.23
265.94	41843.90
265.99	41777.44
266.04	41725.40
266.09	41697.38
266.14	41659.52
266.19	41623.72
266.23	41598.01
266.28	41559.78
266.33	41515.33
266.38	41488.39
266.43	41460.07
266.48	41442.19
266.52	41415.23
266.57	41379.15
266.62	41336.68
266.67	41285.81
266.72	41230.53
266.77	41200.35
266.81	41181.67
266.86	41155.17
266.91	41132.38
266.96	41092.14
267.01	41047.17
267.06	40995.06
267.10	40941.95
267.15	40885.17
267.20	40861.17
267.25	40824.70
267.30	40788.19
267.35	40753.52
267.39	40719.17
267.44	40677.70
267.49	40630.26
267.54	40583.57
267.59	40535.79
267.64	40482.76
267.68	40420.65
267.73	40369.46
267.78	40327.15
267.83	40300.74
267.88	40291.38
267.93	40284.61
267.97	40267.47
268.02	40231.73
268.07	40182.15
268.12	40116.16
268.17	40052.09
268.21	40003.70
268.26	39961.35
268.31	39910.85
268.36	39866.77
268.41	39825.87
268.46	39780.08
268.50	39739.72
268.55	39699.44
268.60	39649.39
268.65	39586.13
268.70	39505.37
268.74	39437.33
268.79	39367.51
268.84	39315.06
268.89	39267.37
268.94	39238.82
268.99	39195.41
269.03	39153.61
269.08	39103.79
269.13	39030.65
269.18	38951.93
269.23	38855.73
269.27	38751.14
269.32	38614.82
269.37	38498.06
269.42	38361.98
269.47	38223.82
269.51	38081.45
269.56	37944.67
269.61	37806.32
269.66	37645.40
269.71	37495.94
269.76	37351.32
269.80	37204.66
269.85	37049.57
269.90	36915.03
269.95	36767.82
270.00	36608.31
270.04	36461.01
270.09	36316.82
270.14	36178.30
270.19	36041.31
270.24	35906.88
270.28	35752.59
270.33	35581.79
270.38	35397.09
270.43	35216.76
270.48	35031.92
270.52	34871.21
270.57	34713.71
270.62	34562.47
270.67	34405.22
270.72	34257.47
270.76	34085.87
270.81	33918.32
270.86	33744.52
270.91	33574.02
270.96	33403.38
271.00	33242.95
271.05	33083.63
271.10	32943.46
271.15	32811.11
271.20	32683.08
271.24	32541.40
271.29	32411.98
271.34	32267.17
271.39	32116.12
271.44	31964.70
271.48	31837.74
271.53	31686.51
271.58	31539.65
271.63	31391.11
271.67	31241.34
271.72	31089.30
271.77	30946.22
271.82	30806.72
271.87	30670.75
271.91	30513.02
271.96	30366.62
272.01	30225.16
272.06	30089.62
272.11	29972.18
272.15	29877.86
272.20	29767.15
272.25	29672.88
272.30	29573.84
272.35	29460.46
272.39	29349.84
272.44	29228.52
272.49	29089.74
272.54	28951.58
272.58	28806.88
272.63	28654.67
272.68	28505.53
272.73	28350.62
272.78	28175.72
272.82	27968.48
272.87	27744.37
272.92	27458.63
272.97	26928.39
273.01	23962.83
273.06	19004.45
273.11	13532.90
273.16	8164.51
273.21	3075.68
273.25	464.79
273.30	-88.78
273.35	-89.36
