165.32	3375.06
165.38	-246.21
165.44	595.07
165.50	-78.07
165.55	-21.34
165.61	-0.52
165.67	25.59
165.72	33.31
165.78	38.54
165.84	37.21
165.89	34.00
165.95	32.33
166.01	32.23
166.06	33.55
166.12	35.56
166.18	33.65
166.23	35.56
166.29	34.38
166.35	30.69
166.40	30.06
166.46	36.95
166.52	39.54
166.57	40.59
166.63	41.36
166.69	43.85
166.74	37.86
166.80	38.81
166.86	40.66
166.91	41.33
166.97	35.74
167.03	38.42
167.08	32.16
167.14	31.26
167.20	29.35
167.25	41.49
167.31	41.94
167.37	47.44
167.42	49.18
167.48	55.21
167.54	49.93
167.59	48.94
167.65	44.81
167.71	44.83
167.76	43.48
167.82	38.94
167.88	39.09
167.93	47.02
167.99	45.90
168.05	48.53
168.10	56.46
168.16	55.58
168.21	53.35
168.27	57.67
168.33	59.02
168.38	51.67
168.44	56.11
168.50	54.87
168.55	53.59
168.61	54.13
168.67	56.26
168.72	53.56
168.78	53.39
168.84	48.81
168.89	47.46
168.95	48.22
169.01	48.22
169.06	47.71
169.12	47.26
169.18	45.60
169.23	45.63
169.29	49.46
169.34	54.33
169.40	57.17
169.46	61.49
169.51	63.51
169.57	59.06
169.63	54.62
169.68	59.58
169.74	55.91
169.80	61.37
169.85	62.61
169.91	66.15
169.97	62.23
170.02	62.16
170.08	60.95
170.13	61.74
170.19	61.61
170.25	62.80
170.30	67.15
170.36	59.21
170.42	61.00
170.47	62.26
170.53	64.04
170.59	60.58
170.64	64.39
170.70	62.48
170.76	60.17
170.81	61.69
170.87	60.99
170.92	61.63
170.98	64.74
171.04	66.94
171.09	62.65
171.15	70.26
171.21	71.23
171.26	68.26
171.32	65.36
171.37	68.57
171.43	63.22
171.49	67.58
171.54	70.56
171.60	72.48
171.66	74.96
171.71	75.54
171.77	73.57
171.83	79.76
171.88	79.37
171.94	78.60
171.99	82.68
172.05	81.24
172.11	81.90
172.16	89.93
172.22	90.40
172.28	90.87
172.33	88.59
172.39	85.87
172.44	82.51
172.50	87.42
172.56	86.95
172.61	95.51
172.67	94.81
172.72	94.56
172.78	89.76
172.84	84.81
172.89	78.41
172.95	77.73
173.01	78.96
173.06	77.94
173.12	83.23
173.17	84.48
173.23	84.03
173.29	84.04
173.34	85.96
173.40	81.49
173.46	82.16
173.51	85.22
173.57	85.38
173.62	79.59
173.68	85.77
173.74	84.38
173.79	85.18
173.85	82.22
173.90	84.75
173.96	80.58
174.02	77.86
174.07	70.04
174.13	69.13
174.18	71.44
174.24	65.39
174.30	65.77
174.35	71.16
174.41	68.36
174.47	62.42
174.52	63.67
174.58	62.90
174.63	58.35
174.69	57.54
174.75	59.23
174.80	70.13
174.86	67.44
174.91	68.43
174.97	68.04
175.03	65.73
175.08	53.20
175.14	59.98
175.19	56.22
175.25	57.04
175.31	61.39
175.36	62.84
175.42	59.53
175.47	64.09
175.53	64.30
175.59	60.51
175.64	62.40
175.70	60.50
175.75	55.46
175.81	53.99
175.87	55.51
175.92	51.46
175.98	52.57
176.03	52.87
176.09	53.17
176.15	53.01
176.20	53.96
176.26	54.25
176.31	57.74
176.37	55.73
176.42	56.69
176.48	60.46
176.54	58.31
176.59	55.10
176.65	57.34
176.70	58.70
176.76	58.28
176.82	56.08
176.87	53.71
176.93	53.70
176.98	52.40
177.04	47.51
177.10	52.86
177.15	54.10
177.21	54.95
177.26	53.95
177.32	57.46
177.37	58.66
177.43	62.26
177.49	58.87
177.54	56.42
177.60	56.37
177.65	56.79
177.71	51.05
177.77	53.77
177.82	55.03
177.88	58.86
177.93	54.29
177.99	60.97
178.04	56.99
178.10	57.81
178.16	51.76
178.21	52.71
178.27	49.82
178.32	53.87
178.38	52.96
178.43	54.30
178.49	54.40
178.55	53.89
178.60	52.67
178.66	51.69
178.71	53.64
178.77	51.54
178.82	52.24
178.88	52.19
178.94	52.80
178.99	53.50
179.05	58.02
179.10	54.04
179.16	56.52
179.21	59.02
179.27	57.47
179.33	53.01
179.38	57.10
179.44	55.19
179.49	54.52
179.55	52.66
179.60	52.59
179.66	51.68
179.72	54.19
179.77	52.43
179.83	51.71
179.88	53.64
179.94	54.62
179.99	50.86
180.05	51.24
180.11	52.45
180.16	54.45
180.22	57.10
180.27	62.07
180.33	62.88
180.38	66.62
180.44	62.53
180.49	62.29
180.55	60.07
180.61	63.66
180.66	58.47
180.72	56.87
180.77	54.83
180.83	55.08
180.88	52.32
180.94	52.15
180.99	55.98
181.05	56.20
181.11	56.57
181.16	56.88
181.22	58.28
181.27	60.44
181.33	58.86
181.38	55.98
181.44	57.34
181.49	61.53
181.55	62.14
181.61	68.65
181.66	71.30
181.72	69.34
181.77	66.97
181.83	64.71
181.88	69.75
181.94	71.39
181.99	76.75
182.05	77.28
182.11	78.04
182.16	68.94
182.22	67.33
182.27	62.79
182.33	65.28
182.38	64.99
182.44	69.93
182.49	72.23
182.55	74.31
182.60	73.81
182.66	77.04
182.72	79.13
182.77	81.25
182.83	84.59
182.88	87.68
182.94	88.83
182.99	86.15
183.05	84.37
183.10	86.38
183.16	86.11
183.21	87.86
183.27	95.49
183.32	100.24
183.38	103.73
183.44	111.31
183.49	117.39
183.55	119.75
183.60	127.55
183.66	134.75
183.71	144.70
183.77	153.53
183.82	163.47
183.88	174.91
183.93	187.28
183.99	202.23
184.04	219.12
184.10	232.61
184.15	245.32
184.21	259.39
184.27	261.12
184.32	262.05
184.38	258.94
184.43	253.87
184.49	235.26
184.54	216.50
184.60	204.66
184.65	189.32
184.71	179.26
184.76	180.76
184.82	198.27
184.87	216.42
184.93	244.40
184.98	273.70
185.04	306.78
185.09	333.44
185.15	360.76
185.20	393.60
185.26	429.01
185.31	459.13
185.37	488.37
185.43	509.59
185.48	529.43
185.54	553.39
185.59	579.93
185.65	606.27
185.70	648.86
185.76	696.61
185.81	730.95
185.87	769.31
185.92	814.61
185.98	850.22
186.03	866.71
186.09	870.27
186.14	844.46
186.20	788.38
186.25	700.06
186.31	610.59
186.36	539.63
186.42	508.26
186.47	517.34
186.53	566.16
186.58	638.00
186.64	715.86
186.69	789.69
186.75	852.17
186.80	911.73
186.86	969.81
186.91	1029.11
186.97	1084.74
187.02	1153.01
187.08	1216.76
187.13	1269.73
187.19	1325.95
187.24	1382.22
187.30	1418.25
187.35	1453.74
187.41	1501.58
187.47	1549.02
187.52	1591.59
187.58	1648.57
187.63	1724.58
187.69	1807.48
187.74	1879.49
187.80	1941.39
187.85	1994.17
187.91	2017.13
187.96	2003.01
188.02	1944.90
188.07	1848.74
188.13	1701.88
188.18	1547.10
188.24	1432.53
188.29	1380.01
188.35	1392.32
188.40	1475.30
188.46	1604.04
188.51	1731.18
188.57	1861.28
188.62	1988.87
188.67	2109.55
188.73	2220.88
188.78	2331.87
188.84	2437.56
188.89	2541.98
188.95	2646.76
189.00	2739.91
189.06	2835.59
189.11	2930.23
189.17	3010.86
189.22	3084.70
189.28	3172.01
189.33	3249.69
189.39	3314.95
189.44	3384.73
189.50	3459.48
189.55	3529.81
189.61	3583.86
189.66	3640.23
189.72	3696.04
189.77	3745.95
189.83	3771.13
189.88	3780.87
189.94	3749.03
189.99	3667.48
190.05	3510.10
190.10	3285.42
190.16	3024.79
190.21	2795.01
190.27	2641.41
190.32	2593.35
190.38	2650.11
190.43	2789.25
190.49	2954.56
190.54	3093.06
190.60	3210.49
190.65	3307.77
190.71	3388.22
190.76	3466.14
190.81	3549.70
190.87	3644.53
190.92	3765.49
190.98	3901.22
191.03	4047.30
191.09	4200.48
191.14	4331.30
191.20	4432.33
191.25	4535.20
191.31	4636.46
191.36	4741.66
191.42	4863.93
191.47	5005.04
191.53	5141.32
191.58	5257.53
191.64	5350.13
191.69	5426.39
191.75	5478.53
191.80	5515.50
191.85	5533.39
191.91	5556.60
191.96	5576.36
192.02	5604.75
192.07	5617.84
192.13	5615.94
192.18	5569.21
192.24	5453.76
192.29	5257.25
192.35	5030.46
192.40	4845.38
192.46	4735.98
192.51	4731.37
192.57	4828.87
192.62	5004.46
192.67	5190.46
192.73	5369.53
192.78	5534.27
192.84	5683.08
192.89	5822.54
192.95	5954.04
193.00	6070.04
193.06	6180.12
193.11	6291.65
193.17	6383.96
193.22	6467.74
193.28	6558.03
193.33	6637.34
193.38	6704.63
193.44	6775.13
193.49	6849.45
193.55	6907.46
193.60	6963.29
193.66	7017.69
193.71	7062.11
193.77	7090.68
193.82	7112.86
193.88	7130.18
193.93	7155.07
193.98	7180.67
194.04	7219.21
194.09	7265.00
194.15	7319.23
194.20	7364.36
194.26	7408.54
194.31	7448.11
194.37	7471.86
194.42	7474.36
194.47	7461.00
194.53	7412.76
194.58	7318.62
194.64	7209.84
194.69	7112.07
194.75	7040.59
194.80	7027.20
194.86	7066.74
194.91	7157.01
194.97	7263.26
195.02	7372.03
195.07	7473.11
195.13	7578.09
195.18	7677.54
195.24	7774.16
195.29	7871.51
195.35	7956.22
195.40	8040.33
195.46	8112.57
195.51	8194.23
195.56	8279.03
195.62	8369.11
195.67	8450.53
195.73	8534.21
195.78	8599.35
195.84	8644.47
195.89	8679.10
195.94	8714.29
196.00	8752.03
196.05	8792.96
196.11	8850.62
196.16	8914.33
196.22	8979.65
196.27	9046.32
196.32	9103.51
196.38	9153.04
196.43	9198.74
196.49	9240.47
196.54	9276.15
196.60	9320.20
196.65	9363.63
196.71	9409.29
196.76	9453.70
196.81	9494.05
196.87	9528.95
196.92	9560.86
196.98	9579.80
197.03	9591.19
197.09	9586.66
197.14	9580.40
197.19	9577.44
197.25	9591.21
197.30	9613.76
197.36	9669.27
197.41	9737.46
197.47	9800.23
197.52	9860.46
197.57	9927.39
197.63	9978.77
197.68	10025.98
197.74	10081.88
197.79	10128.97
197.84	10175.97
197.90	10220.91
197.95	10257.73
198.01	10297.69
198.06	10343.85
198.12	10386.83
198.17	10426.45
198.22	10474.62
198.28	10511.42
198.33	10551.90
198.39	10587.99
198.44	10632.59
198.49	10678.21
198.55	10724.33
198.60	10773.04
198.66	10821.45
198.71	10876.33
198.77	10927.79
198.82	10983.14
198.87	11029.27
198.93	11076.36
198.98	11115.90
199.04	11158.19
199.09	11195.27
199.14	11241.86
199.20	11284.17
199.25	11329.51
199.31	11371.81
199.36	11417.29
199.42	11459.41
199.47	11504.11
199.52	11543.51
199.58	11581.80
199.63	11611.85
199.69	11639.38
199.74	11672.92
199.79	11698.96
199.85	11725.33
199.90	11767.51
199.96	11806.51
200.01	11849.74
200.06	11897.83
200.12	11949.54
200.17	12001.75
200.23	12055.77
200.28	12100.79
200.33	12155.93
200.39	12203.83
200.44	12246.10
200.50	12289.77
200.55	12328.45
200.60	12364.55
200.66	12403.61
200.71	12439.83
200.77	12479.23
200.82	12520.05
200.87	12556.71
200.93	12596.97
200.98	12639.61
201.04	12678.13
201.09	12721.84
201.14	12776.19
201.20	12825.08
201.25	12880.10
201.31	12931.07
201.36	12992.34
201.41	13045.45
201.47	13101.71
201.52	13150.32
201.58	13214.18
201.63	13261.63
201.68	13310.34
201.74	13360.54
201.79	13413.44
201.84	13465.15
201.90	13513.40
201.95	13563.54
202.01	13616.43
202.06	13666.71
202.11	13704.47
202.17	13749.99
202.22	13797.46
202.28	13837.58
202.33	13875.51
202.38	13918.67
202.44	13964.66
202.49	14010.71
202.54	14059.81
202.60	14109.92
202.65	14159.63
202.71	14209.43
202.76	14243.78
202.81	14282.80
202.87	14327.66
202.92	14371.52
202.98	14419.65
203.03	14478.52
203.08	14534.51
203.14	14584.55
203.19	14641.07
203.24	14697.41
203.30	14747.38
203.35	14796.09
203.41	14844.06
203.46	14888.70
203.51	14927.00
203.57	14968.02
203.62	15017.25
203.67	15074.48
203.73	15116.02
203.78	15163.80
203.84	15214.54
203.89	15252.32
203.94	15282.04
204.00	15329.78
204.05	15365.64
204.10	15390.36
204.16	15409.06
204.21	15430.67
204.27	15428.40
204.32	15423.49
204.37	15415.66
204.43	15388.01
204.48	15345.24
204.53	15314.59
204.59	15315.23
204.64	15372.03
204.69	15486.54
204.75	15631.55
204.80	15792.63
204.86	15928.03
204.91	16013.19
204.96	16065.76
205.02	16093.39
205.07	16118.75
205.12	16175.37
205.18	16259.00
205.23	16365.42
205.28	16493.81
205.34	16614.79
205.39	16711.29
205.45	16794.31
205.50	16865.04
205.55	16924.87
205.61	16989.46
205.66	17050.26
205.71	17117.94
205.77	17181.46
205.82	17244.55
205.87	17295.21
205.93	17349.67
205.98	17395.43
206.03	17436.82
206.09	17481.41
206.14	17536.73
206.20	17593.71
206.25	17642.30
206.30	17705.62
206.36	17763.96
206.41	17825.61
206.46	17876.49
206.52	17930.41
206.57	17976.66
206.62	18020.80
206.68	18062.74
206.73	18112.39
206.78	18172.25
206.84	18228.05
206.89	18288.25
206.94	18349.07
207.00	18415.27
207.05	18474.03
207.11	18539.71
207.16	18597.78
207.21	18663.50
207.27	18719.76
207.32	18781.31
207.37	18839.37
207.43	18899.09
207.48	18945.56
207.53	18997.20
207.59	19053.91
207.64	19106.12
207.69	19179.33
207.75	19249.50
207.80	19311.27
207.85	19370.24
207.91	19430.83
207.96	19477.85
208.01	19532.15
208.07	19599.13
208.12	19660.46
208.17	19717.26
208.23	19768.00
208.28	19820.73
208.33	19874.12
208.39	19925.96
208.44	19987.35
208.49	20049.63
208.55	20111.39
208.60	20161.58
208.65	20216.37
208.71	20266.37
208.76	20322.16
208.81	20381.80
208.87	20451.73
208.92	20513.82
208.97	20574.77
209.03	20634.39
209.08	20691.25
209.13	20745.26
209.19	20802.30
209.24	20860.14
209.29	20923.92
209.35	20980.35
209.40	21039.94
209.45	21103.82
209.51	21168.16
209.56	21227.56
209.61	21293.07
209.67	21361.49
209.72	21428.08
209.77	21491.86
209.83	21554.27
209.88	21625.63
209.93	21691.77
209.99	21752.91
210.04	21821.76
210.09	21889.46
210.15	21953.31
210.20	22009.56
210.25	22072.55
210.31	22135.48
210.36	22183.48
210.41	22234.40
210.46	22292.70
210.52	22346.10
210.57	22391.43
210.62	22458.43
210.68	22526.11
210.73	22579.02
210.78	22637.93
210.84	22701.46
210.89	22764.04
210.94	22813.02
211.00	22874.57
211.05	22927.68
211.10	22990.74
211.16	23045.47
211.21	23112.11
211.26	23179.80
211.32	23249.62
211.37	23316.15
211.42	23383.55
211.47	23450.04
211.53	23511.88
211.58	23578.08
211.63	23640.55
211.69	23703.65
211.74	23756.83
211.79	23810.77
211.85	23867.86
211.90	23924.57
211.95	23987.69
212.01	24055.60
212.06	24135.98
212.11	24206.30
212.16	24290.14
212.22	24367.46
212.27	24434.91
212.32	24498.22
212.38	24564.06
212.43	24618.56
212.48	24681.70
212.54	24750.56
212.59	24821.50
212.64	24894.61
212.69	24956.30
212.75	25020.78
212.80	25085.76
212.85	25144.76
212.91	25197.35
212.96	25256.82
213.01	25319.57
213.07	25381.54
213.12	25445.28
213.17	25510.35
213.22	25577.07
213.28	25634.92
213.33	25686.32
213.38	25739.75
213.44	25801.03
213.49	25866.22
213.54	25929.15
213.60	26011.05
213.65	26089.94
213.70	26167.16
213.75	26231.22
213.81	26289.62
213.86	26343.69
213.91	26392.09
213.97	26433.79
214.02	26477.92
214.07	26518.85
214.12	26552.43
214.18	26578.79
214.23	26611.14
214.28	26635.97
214.34	26650.01
214.39	26650.37
214.44	26634.74
214.49	26581.56
214.55	26504.49
214.60	26401.10
214.65	26268.03
214.71	26154.06
214.76	26135.44
214.81	26217.99
214.86	26413.00
214.92	26683.90
214.97	26979.91
215.02	27211.62
215.08	27374.09
215.13	27457.87
215.18	27481.52
215.23	27474.87
215.29	27489.91
215.34	27557.70
215.39	27677.25
215.45	27856.25
215.50	28070.17
215.55	28273.62
215.60	28429.94
215.66	28540.81
215.71	28619.05
215.76	28687.51
215.81	28746.55
215.87	28802.45
215.92	28864.41
215.97	28929.00
216.03	28987.77
216.08	29043.44
216.13	29104.51
216.18	29163.58
216.24	29224.25
216.29	29273.35
216.34	29336.03
216.39	29402.05
216.45	29463.41
216.50	29525.11
216.55	29596.28
216.61	29667.33
216.66	29724.61
216.71	29785.82
216.76	29851.55
216.82	29919.19
216.87	29979.57
216.92	30050.73
216.97	30125.47
217.03	30200.28
217.08	30274.90
217.13	30354.74
217.18	30429.95
217.24	30503.30
217.29	30560.08
217.34	30609.52
217.39	30653.12
217.45	30697.07
217.50	30741.78
217.55	30800.21
217.61	30869.33
217.66	30937.37
217.71	31001.65
217.76	31079.76
217.82	31162.78
217.87	31240.03
217.92	31315.80
217.97	31390.63
218.03	31454.37
218.08	31499.05
218.13	31543.16
218.18	31589.13
218.24	31652.44
218.29	31708.27
218.34	31772.35
218.39	31839.82
218.45	31908.39
218.50	31965.64
218.55	32031.43
218.60	32096.94
218.66	32148.89
218.71	32213.07
218.76	32282.80
218.81	32344.75
218.87	32407.92
218.92	32477.66
218.97	32543.29
219.02	32607.74
219.08	32679.49
219.13	32748.79
219.18	32823.27
219.23	32885.58
219.29	32946.14
219.34	33004.49
219.39	33072.22
219.44	33130.98
219.50	33208.90
219.55	33279.34
219.60	33343.72
219.65	33407.01
219.71	33478.15
219.76	33522.08
219.81	33577.78
219.86	33636.10
219.92	33688.93
219.97	33738.21
220.02	33800.38
220.07	33858.90
220.13	33921.76
220.18	33985.17
220.23	34056.79
220.28	34140.56
220.33	34215.76
220.39	34272.20
220.44	34333.39
220.49	34387.07
220.54	34432.02
220.60	34485.21
220.65	34554.59
220.70	34624.92
220.75	34693.78
220.81	34772.09
220.86	34854.05
220.91	34923.16
220.96	34991.84
221.02	35065.34
221.07	35132.10
221.12	35177.84
221.17	35231.79
221.22	35287.82
221.28	35340.48
221.33	35398.42
221.38	35463.43
221.43	35543.83
221.49	35605.87
221.54	35671.66
221.59	35733.51
221.64	35818.54
221.69	35902.86
221.75	36007.52
221.80	36110.40
221.85	36188.43
221.90	36246.47
221.96	36303.27
222.01	36333.40
222.06	36362.16
222.11	36413.68
222.17	36461.18
222.22	36494.67
222.27	36551.10
222.32	36604.61
222.37	36657.20
222.43	36717.33
222.48	36784.85
222.53	36850.66
222.58	36930.75
222.63	37004.32
222.69	37077.72
222.74	37148.37
222.79	37216.77
222.84	37261.19
222.90	37308.01
222.95	37362.51
223.00	37401.75
223.05	37450.36
223.10	37510.07
223.16	37576.42
223.21	37624.72
223.26	37674.38
223.31	37715.87
223.36	37758.76
223.42	37791.54
223.47	37821.51
223.52	37877.34
223.57	37923.14
223.63	37976.30
223.68	38025.84
223.73	38105.52
223.78	38170.89
223.83	38243.95
223.89	38302.58
223.94	38376.88
223.99	38431.67
224.04	38506.85
224.09	38583.51
224.15	38675.38
224.20	38749.30
224.25	38841.54
224.30	38929.12
224.35	39012.52
224.41	39103.14
224.46	39203.26
224.51	39290.34
224.56	39366.19
224.61	39445.67
224.67	39520.44
224.72	39596.21
224.77	39687.88
224.82	39783.40
224.87	39868.42
224.93	39946.84
224.98	40039.71
225.03	40125.53
225.08	40204.80
225.13	40296.29
225.19	40383.72
225.24	40463.00
225.29	40528.27
225.34	40599.73
225.39	40662.42
225.45	40735.07
225.50	40801.06
225.55	40867.26
225.60	40928.80
225.65	40998.99
225.71	41051.14
225.76	41084.95
225.81	41114.45
225.86	41128.91
225.91	41124.43
225.97	41108.82
226.02	41077.87
226.07	41018.79
226.12	40995.72
226.17	41026.15
226.22	41128.73
226.28	41322.72
226.33	41590.49
226.38	41840.18
226.43	42038.94
226.48	42173.60
226.54	42246.79
226.59	42287.46
226.64	42302.51
226.69	42318.72
226.74	42349.95
226.80	42414.76
226.85	42502.93
226.90	42631.63
226.95	42796.59
227.00	42968.83
227.05	43126.29
227.11	43257.51
227.16	43375.16
227.21	43464.23
227.26	43547.32
227.31	43625.35
227.37	43679.81
227.42	43750.41
227.47	43834.16
227.52	43913.50
227.57	43963.31
227.62	44051.03
227.68	44128.02
227.73	44201.88
227.78	44281.58
227.83	44379.65
227.88	44451.75
227.93	44521.89
227.99	44601.85
228.04	44667.44
228.09	44747.57
228.14	44821.52
228.19	44898.24
228.24	44963.80
228.30	45040.10
228.35	45101.36
228.40	45171.51
228.45	45228.59
228.50	45295.75
228.56	45355.26
228.61	45413.42
228.66	45473.87
228.71	45533.21
228.76	45576.00
228.81	45634.39
228.87	45686.30
228.92	45749.13
228.97	45819.76
229.02	45907.90
229.07	45972.34
229.12	46058.14
229.17	46130.26
229.23	46198.15
229.28	46270.43
229.33	46348.52
229.38	46419.00
229.43	46494.42
229.48	46576.26
229.54	46648.06
229.59	46720.71
229.64	46793.54
229.69	46875.31
229.74	46964.11
229.79	47031.41
229.85	47104.56
229.90	47174.22
229.95	47237.06
230.00	47292.59
230.05	47370.86
230.10	47437.93
230.16	47509.25
230.21	47572.33
230.26	47627.26
230.31	47666.83
230.36	47730.32
230.41	47788.44
230.46	47873.56
230.52	47964.94
230.57	48047.73
230.62	48129.56
230.67	48206.55
230.72	48259.63
230.77	48301.69
230.82	48351.49
230.88	48383.49
230.93	48418.88
230.98	48460.11
231.03	48514.56
231.08	48577.08
231.13	48637.22
231.19	48713.10
231.24	48784.94
231.29	48863.16
231.34	48932.08
231.39	49006.78
231.44	49069.28
231.49	49122.49
231.55	49164.21
231.60	49207.87
231.65	49264.09
231.70	49306.96
231.75	49362.66
231.80	49419.69
231.85	49476.62
231.91	49510.23
231.96	49564.57
232.01	49622.18
232.06	49682.07
232.11	49747.25
232.16	49837.04
232.21	49927.74
232.26	50012.27
232.32	50090.16
232.37	50160.89
232.42	50220.21
232.47	50266.38
232.52	50316.33
232.57	50372.93
232.62	50434.35
232.68	50495.73
232.73	50566.22
232.78	50643.01
232.83	50720.71
232.88	50790.30
232.93	50868.83
232.98	50932.41
233.03	50984.70
233.09	51039.10
233.14	51108.15
233.19	51168.98
233.24	51226.75
233.29	51281.28
233.34	51315.49
233.39	51335.66
233.45	51357.56
233.50	51391.83
233.55	51434.17
233.60	51497.95
233.65	51564.44
233.70	51630.10
233.75	51685.50
233.80	51742.56
233.86	51794.93
233.91	51846.81
233.96	51887.82
234.01	51940.98
234.06	51998.47
234.11	52056.17
234.16	52106.75
234.21	52176.22
234.26	52221.20
234.32	52253.93
234.37	52293.99
234.42	52343.04
234.47	52358.92
234.52	52392.37
234.57	52439.81
234.62	52474.02
234.67	52511.56
234.73	52568.54
234.78	52630.50
234.83	52675.87
234.88	52719.23
234.93	52751.08
234.98	52793.12
235.03	52824.18
235.08	52881.10
235.13	52944.51
235.19	53025.26
235.24	53087.16
235.29	53158.83
235.34	53205.49
235.39	53240.60
235.44	53266.41
235.49	53306.59
235.54	53323.92
235.59	53341.29
235.65	53372.01
235.70	53408.27
235.75	53443.77
235.80	53511.72
235.85	53569.09
235.90	53616.07
235.95	53650.47
236.00	53680.69
236.05	53696.09
236.11	53720.82
236.16	53750.61
236.21	53791.00
236.26	53828.72
236.31	53859.40
236.36	53889.44
236.41	53908.56
236.46	53916.49
236.51	53928.99
236.56	53954.77
236.62	53987.48
236.67	54023.02
236.72	54074.20
236.77	54104.67
236.82	54147.41
236.87	54160.31
236.92	54184.70
236.97	54215.82
237.02	54268.58
237.07	54315.49
237.13	54386.89
237.18	54447.42
237.23	54495.99
237.28	54541.86
237.33	54577.12
237.38	54595.75
237.43	54619.93
237.48	54619.07
237.53	54626.19
237.58	54652.89
237.63	54698.36
237.69	54735.84
237.74	54788.29
237.79	54832.56
237.84	54834.28
237.89	54833.03
237.94	54839.16
237.99	54862.91
238.04	54877.52
238.09	54911.64
238.14	54941.11
238.19	54971.07
238.25	54989.80
238.30	54988.70
238.35	54993.09
238.40	54994.51
238.45	54991.39
238.50	54981.81
238.55	54992.63
238.60	55013.81
238.65	55037.87
238.70	55056.39
238.75	55082.83
238.80	55109.32
238.86	55115.56
238.91	55124.10
238.96	55154.75
239.01	55183.78
239.06	55216.45
239.11	55252.42
239.16	55285.72
239.21	55284.80
239.26	55271.56
239.31	55282.33
239.36	55293.10
239.41	55309.60
239.46	55341.48
239.52	55378.46
239.57	55396.03
239.62	55413.15
239.67	55436.47
239.72	55457.73
239.77	55482.01
239.82	55503.96
239.87	55515.92
239.92	55516.86
239.97	55508.61
240.02	55490.59
240.07	55471.81
240.12	55470.33
240.17	55474.79
240.23	55482.13
240.28	55496.03
240.33	55507.23
240.38	55498.05
240.43	55492.44
240.48	55510.67
240.53	55532.03
240.58	55551.13
240.63	55589.29
240.68	55604.11
240.73	55594.81
240.78	55579.64
240.83	55576.76
240.88	55556.09
240.93	55549.17
240.98	55551.53
241.04	55575.08
241.09	55599.24
241.14	55614.27
241.19	55653.28
241.24	55686.28
241.29	55697.74
241.34	55701.75
241.39	55727.21
241.44	55727.77
241.49	55728.51
241.54	55732.07
241.59	55725.47
241.64	55723.06
241.69	55716.07
241.74	55702.75
241.79	55684.74
241.84	55670.78
241.90	55648.49
241.95	55625.00
242.00	55599.21
242.05	55580.48
242.10	55572.56
242.15	55553.15
242.20	55549.04
242.25	55549.32
242.30	55543.51
242.35	55539.06
242.40	55542.69
242.45	55530.68
242.50	55520.06
242.55	55523.15
242.60	55515.41
242.65	55512.98
242.70	55534.11
242.75	55559.55
242.80	55591.11
242.85	55624.98
242.91	55637.72
242.96	55621.64
243.01	55602.87
243.06	55575.27
243.11	55535.90
243.16	55521.68
243.21	55519.19
243.26	55524.00
243.31	55533.87
243.36	55548.45
243.41	55557.75
243.46	55556.26
243.51	55534.53
243.56	55481.42
243.61	55422.10
243.66	55376.78
243.71	55345.99
243.76	55343.75
243.81	55359.56
243.86	55370.62
243.91	55372.47
243.96	55367.44
244.01	55337.47
244.06	55310.29
244.12	55300.12
244.17	55294.83
244.22	55297.00
244.27	55325.25
244.32	55351.74
244.37	55368.17
244.42	55365.97
244.47	55359.88
244.52	55335.72
244.57	55295.68
244.62	55271.10
244.67	55254.97
244.72	55228.04
244.77	55221.41
244.82	55241.56
244.87	55271.44
244.92	55296.94
244.97	55317.22
245.02	55312.59
245.07	55293.45
245.12	55275.02
245.17	55253.93
245.22	55257.88
245.27	55247.86
245.32	55219.60
245.37	55179.91
245.42	55135.04
245.47	55073.38
245.52	55031.21
245.57	55011.63
245.62	54982.78
245.67	54974.81
245.72	54977.26
245.77	54959.22
245.82	54945.85
245.87	54951.36
245.92	54954.65
245.98	54938.71
246.03	54942.51
246.08	54950.75
246.13	54944.31
246.18	54942.62
246.23	54946.99
246.28	54938.62
246.33	54920.67
246.38	54891.33
246.43	54858.09
246.48	54834.93
246.53	54830.75
246.58	54842.44
246.63	54860.32
246.68	54854.88
246.73	54833.04
246.78	54815.10
246.83	54758.95
246.88	54699.41
246.93	54648.70
246.98	54611.53
247.03	54571.26
247.08	54559.16
247.13	54548.91
247.18	54546.93
247.23	54558.41
247.28	54556.90
247.33	54540.97
247.38	54514.61
247.43	54504.02
247.48	54480.81
247.53	54456.78
247.58	54420.54
247.63	54400.35
247.68	54357.23
247.73	54302.43
247.78	54265.41
247.83	54248.07
247.88	54225.72
247.93	54215.70
247.98	54214.09
248.03	54214.17
248.08	54222.52
248.13	54221.11
248.18	54203.57
248.23	54204.91
248.28	54178.72
248.33	54133.52
248.38	54095.91
248.43	54077.65
248.48	54054.06
248.53	54038.49
248.58	54026.52
248.63	54022.95
248.68	54005.31
248.73	53973.42
248.78	53932.78
248.83	53885.75
248.88	53813.33
248.93	53742.44
248.98	53667.55
249.03	53626.22
249.08	53602.65
249.13	53603.18
249.18	53599.11
249.23	53611.70
249.28	53601.19
249.33	53590.47
249.38	53570.22
249.43	53551.35
249.48	53524.78
249.53	53517.16
249.58	53497.18
249.63	53482.08
249.68	53466.50
249.73	53446.61
249.78	53428.08
249.83	53417.90
249.88	53392.71
249.93	53376.24
249.98	53371.68
250.03	53359.31
250.08	53330.18
250.13	53317.59
250.18	53301.55
250.23	53255.07
250.28	53208.32
250.33	53159.50
250.37	53113.89
250.42	53071.60
250.47	53044.79
250.52	53028.59
250.57	53017.64
250.62	52990.97
250.67	52957.87
250.72	52942.04
250.77	52897.88
250.82	52872.91
250.87	52866.71
250.92	52858.89
250.97	52831.64
251.02	52822.59
251.07	52815.38
251.12	52788.68
251.17	52758.17
251.22	52732.73
251.27	52697.20
251.32	52655.44
251.37	52608.73
251.42	52561.25
251.47	52515.00
251.52	52489.34
251.57	52468.75
251.62	52459.05
251.67	52446.81
251.72	52434.50
251.77	52401.87
251.82	52355.80
251.87	52305.79
251.92	52256.80
251.97	52198.34
252.02	52156.34
252.07	52126.89
252.12	52109.18
252.16	52104.15
252.21	52102.53
252.26	52104.36
252.31	52102.02
252.36	52097.16
252.41	52072.48
252.46	52054.19
252.51	52018.68
252.56	51981.46
252.61	51948.54
252.66	51918.30
252.71	51891.97
252.76	51870.49
252.81	51832.30
252.86	51774.31
252.91	51736.62
252.96	51674.35
253.01	51606.04
253.06	51537.47
253.11	51499.09
253.16	51451.02
253.21	51406.52
253.26	51369.69
253.31	51355.55
253.36	51331.72
253.40	51302.25
253.45	51290.60
253.50	51254.59
253.55	51213.12
253.60	51166.56
253.65	51130.35
253.70	51089.13
253.75	51071.39
253.80	51046.78
253.85	51042.60
253.90	51043.24
253.95	51033.99
254.00	51035.30
254.05	51031.31
254.10	50994.77
254.15	50956.47
254.20	50933.00
254.25	50887.81
254.30	50848.79
254.35	50806.11
254.39	50739.83
254.44	50660.52
254.49	50592.81
254.54	50554.24
254.59	50530.21
254.64	50520.72
254.69	50516.26
254.74	50510.46
254.79	50486.58
254.84	50447.19
254.89	50428.45
254.94	50419.90
254.99	50404.97
255.04	50383.19
255.09	50381.87
255.14	50347.40
255.19	50325.20
255.23	50318.56
255.28	50308.79
255.33	50288.48
255.38	50283.32
255.43	50271.61
255.48	50239.92
255.53	50199.13
255.58	50169.27
255.63	50134.10
255.68	50083.50
255.73	50039.35
255.78	50011.53
255.83	49994.03
255.88	49975.55
255.93	49946.70
255.97	49921.69
256.02	49887.72
256.07	49834.75
256.12	49763.52
256.17	49715.34
256.22	49667.92
256.27	49623.73
256.32	49583.23
256.37	49559.33
256.42	49538.37
256.47	49510.33
256.52	49479.03
256.57	49448.67
256.62	49432.60
256.66	49416.95
256.71	49385.75
256.76	49342.43
256.81	49297.70
256.86	49243.95
256.91	49187.69
256.96	49143.66
257.01	49118.00
257.06	49093.15
257.11	49060.82
257.16	49018.25
257.21	48985.59
257.26	48956.39
257.30	48916.88
257.35	48883.55
257.40	48855.15
257.45	48829.59
257.50	48797.45
257.55	48766.86
257.60	48744.51
257.65	48716.22
257.70	48679.23
257.75	48638.66
257.80	48611.71
257.85	48577.58
257.89	48536.65
257.94	48480.66
257.99	48419.01
258.04	48362.88
258.09	48316.03
258.14	48278.88
258.19	48265.91
258.24	48251.10
258.29	48206.13
258.34	48162.54
258.39	48131.18
258.44	48070.62
258.48	48014.79
258.53	47983.18
258.58	47943.51
258.63	47889.00
258.68	47849.39
258.73	47818.82
258.78	47782.02
258.83	47742.67
258.88	47704.19
258.93	47673.47
258.97	47640.33
259.02	47610.03
259.07	47582.96
259.12	47567.91
259.17	47542.91
259.22	47530.50
259.27	47506.70
259.32	47484.36
259.37	47440.24
259.42	47404.91
259.47	47351.51
259.51	47300.05
259.56	47239.11
259.61	47173.85
259.66	47098.72
259.71	47019.89
259.76	46958.37
259.81	46896.76
259.86	46858.66
259.91	46822.92
259.95	46804.11
260.00	46783.11
260.05	46771.35
260.10	46748.66
260.15	46735.96
260.20	46719.52
260.25	46705.49
260.30	46690.51
260.35	46660.43
260.40	46628.59
260.44	46600.90
260.49	46579.73
260.54	46542.83
260.59	46518.36
260.64	46509.18
260.69	46502.91
260.74	46462.54
260.79	46422.84
260.84	46383.51
260.88	46322.85
260.93	46252.55
260.98	46213.84
261.03	46176.72
261.08	46150.97
261.13	46117.06
261.18	46071.53
261.23	46009.05
261.28	45969.75
261.32	45922.27
261.37	45873.31
261.42	45844.60
261.47	45824.64
261.52	45784.66
261.57	45741.35
261.62	45710.54
261.67	45654.27
261.71	45589.89
261.76	45544.84
261.81	45491.99
261.86	45437.90
261.91	45396.87
261.96	45364.96
262.01	45318.18
262.06	45296.54
262.10	45280.70
262.15	45261.31
262.20	45248.97
262.25	45231.04
262.30	45205.92
262.35	45174.66
262.40	45148.32
262.45	45111.04
262.49	45079.57
262.54	45048.99
262.59	45016.92
262.64	44989.86
262.69	44949.49
262.74	44909.60
262.79	44847.86
262.84	44802.16
262.88	44756.10
262.93	44704.04
262.98	44663.93
263.03	44625.71
263.08	44566.92
263.13	44492.70
263.18	44437.77
263.23	44374.67
263.27	44332.76
263.32	44300.58
263.37	44293.05
263.42	44271.20
263.47	44241.28
263.52	44221.86
263.57	44188.85
263.61	44141.65
263.66	44107.21
263.71	44080.07
263.76	44033.49
263.81	43984.36
263.86	43956.20
263.91	43917.78
263.95	43850.44
264.00	43791.55
264.05	43745.24
264.10	43679.13
264.15	43610.44
264.20	43576.20
264.25	43532.74
264.29	43489.46
264.34	43431.44
264.39	43393.58
264.44	43337.26
264.49	43289.76
264.54	43250.19
264.59	43226.31
264.63	43181.21
264.68	43139.37
264.73	43086.58
264.78	43029.58
264.83	42965.42
264.88	42918.04
264.93	42892.10
264.97	42865.60
265.02	42845.94
265.07	42832.91
265.12	42795.25
265.17	42748.07
265.22	42709.26
265.27	42650.66
265.31	42585.94
265.36	42530.64
265.41	42473.39
265.46	42409.55
265.51	42338.48
265.56	42279.77
265.60	42227.53
265.65	42165.35
265.70	42107.08
265.75	42059.54
265.80	42005.82
265.85	41942.83
265.90	41886.18
265.94	41826.35
265.99	41769.02
266.04	41716.97
266.09	41681.13
266.14	41647.00
266.19	41627.12
266.23	41596.06
266.28	41551.79
266.33	41513.34
266.38	41486.28
266.43	41451.58
266.48	41430.46
266.52	41407.35
266.57	41372.07
266.62	41328.35
266.67	41281.81
266.72	41226.04
266.77	41196.39
266.81	41175.46
266.86	41148.75
266.91	41110.34
266.96	41078.01
267.01	41032.66
267.06	40972.57
267.10	40921.19
267.15	40873.17
267.20	40840.94
267.25	40807.09
267.30	40775.85
267.35	40738.21
267.39	40706.14
267.44	40671.79
267.49	40619.10
267.54	40568.24
267.59	40515.13
267.64	40463.50
267.68	40396.28
267.73	40342.75
267.78	40303.21
267.83	40275.93
267.88	40263.36
267.93	40261.01
267.97	40246.88
268.02	40208.11
268.07	40160.93
268.12	40099.02
268.17	40029.51
268.21	39986.37
268.26	39941.19
268.31	39897.93
268.36	39851.24
268.41	39811.60
268.46	39762.88
268.50	39731.42
268.55	39685.16
268.60	39631.48
268.65	39566.91
268.70	39491.21
268.74	39416.14
268.79	39339.98
268.84	39286.26
268.89	39240.19
268.94	39211.41
268.99	39171.28
269.03	39137.78
269.08	39090.68
269.13	39023.58
269.18	38935.96
269.23	38842.28
269.27	38735.77
269.32	38603.02
269.37	38482.04
269.42	38348.87
269.47	38212.00
269.51	38071.41
269.56	37939.00
269.61	37793.40
269.66	37641.59
269.71	37494.67
269.76	37344.72
269.80	37188.91
269.85	37038.05
269.90	36896.39
269.95	36746.34
270.00	36587.01
270.04	36444.38
270.09	36301.26
270.14	36167.85
270.19	36025.68
270.24	35896.41
270.28	35742.42
270.33	35571.40
270.38	35385.39
270.43	35210.34
270.48	35032.62
270.52	34874.04
270.57	34712.67
270.62	34550.65
270.67	34394.41
270.72	34237.83
270.76	34061.73
270.81	33899.98
270.86	33733.59
270.91	33559.86
270.96	33388.96
271.00	33225.89
271.05	33064.20
271.10	32919.08
271.15	32786.95
271.20	32660.93
271.24	32529.11
271.29	32396.93
271.34	32254.76
271.39	32102.29
271.44	31946.06
271.48	31810.20
271.53	31661.34
271.58	31511.03
271.63	31365.45
271.67	31221.87
271.72	31070.82
271.77	30931.19
271.82	30806.19
271.87	30666.07
271.91	30514.72
271.96	30367.99
272.01	30226.26
272.06	30085.26
272.11	29960.91
272.15	29851.59
272.20	29749.31
272.25	29648.91
272.30	29550.62
272.35	29447.70
272.39	29342.65
272.44	29217.17
272.49	29086.36
272.54	28940.10
272.58	28792.41
272.63	28640.75
272.68	28496.15
272.73	28337.06
272.78	28169.99
272.82	27968.26
272.87	27743.94
272.92	27451.35
272.97	26922.76
273.01	23951.75
273.06	18993.11
273.11	13524.94
273.16	8159.10
273.21	3071.46
273.25	464.71
273.30	-88.23
273.35	-89.37
