165.32	3374.52
165.38	-246.53
165.44	595.11
165.50	-77.77
165.55	-21.15
165.61	-0.25
165.67	26.06
165.72	33.76
165.78	38.47
165.84	37.51
165.89	34.07
165.95	32.26
166.01	32.03
166.06	33.52
166.12	35.91
166.18	34.19
166.23	36.03
166.29	35.01
166.35	31.42
166.40	30.22
166.46	37.02
166.52	39.72
166.57	40.66
166.63	41.26
166.69	43.76
166.74	37.51
166.80	38.22
166.86	40.38
166.91	41.46
166.97	36.00
167.03	38.84
167.08	33.06
167.14	31.55
167.20	29.67
167.25	41.82
167.31	42.06
167.37	47.16
167.42	48.82
167.48	54.47
167.54	48.85
167.59	48.35
167.65	43.93
167.71	44.13
167.76	43.25
167.82	39.01
167.88	38.56
167.93	46.39
167.99	45.24
168.05	47.44
168.10	55.21
168.16	54.65
168.21	52.90
168.27	57.79
168.33	59.34
168.38	52.14
168.44	57.14
168.50	55.91
168.55	54.05
168.61	54.61
168.67	57.07
168.72	53.81
168.78	53.94
168.84	49.91
168.89	48.43
168.95	48.50
169.01	48.19
169.06	47.41
169.12	46.87
169.18	45.46
169.23	45.68
169.29	49.92
169.34	54.31
169.40	56.95
169.46	61.34
169.51	63.70
169.57	59.32
169.63	55.01
169.68	60.03
169.74	56.31
169.80	61.84
169.85	63.16
169.91	67.27
169.97	62.99
170.02	62.81
170.08	61.67
170.13	62.26
170.19	61.97
170.25	63.69
170.30	67.71
170.36	59.27
170.42	61.05
170.47	62.18
170.53	63.63
170.59	60.54
170.64	64.57
170.70	62.99
170.76	60.41
170.81	62.16
170.87	61.75
170.92	62.38
170.98	65.41
171.04	67.73
171.09	63.45
171.15	70.60
171.21	71.36
171.26	68.07
171.32	65.38
171.37	68.93
171.43	64.28
171.49	68.97
171.54	72.65
171.60	74.12
171.66	76.04
171.71	76.09
171.77	73.92
171.83	79.41
171.88	78.92
171.94	78.56
171.99	82.59
172.05	81.75
172.11	82.75
172.16	91.20
172.22	91.78
172.28	92.25
172.33	89.73
172.39	86.61
172.44	83.28
172.50	88.00
172.56	87.56
172.61	95.81
172.67	95.38
172.72	95.11
172.78	90.33
172.84	85.63
172.89	79.11
172.95	78.19
173.01	79.46
173.06	77.92
173.12	83.27
173.17	84.32
173.23	83.85
173.29	83.80
173.34	85.67
173.40	80.15
173.46	80.82
173.51	83.78
173.57	84.07
173.62	78.33
173.68	84.18
173.74	83.44
173.79	84.92
173.85	81.95
173.90	85.01
173.96	81.94
174.02	79.16
174.07	70.81
174.13	70.22
174.18	72.21
174.24	65.95
174.30	65.92
174.35	71.57
174.41	68.62
174.47	62.51
174.52	63.22
174.58	62.77
174.63	58.23
174.69	56.83
174.75	58.93
174.80	69.90
174.86	67.48
174.91	68.41
174.97	68.62
175.03	65.84
175.08	53.80
175.14	59.68
175.19	55.35
175.25	55.67
175.31	60.77
175.36	62.49
175.42	59.28
175.47	64.16
175.53	64.29
175.59	60.19
175.64	61.69
175.70	59.96
175.75	55.30
175.81	53.96
175.87	55.45
175.92	51.68
175.98	53.43
176.03	53.49
176.09	54.03
176.15	53.30
176.20	54.35
176.26	54.57
176.31	57.66
176.37	55.26
176.42	56.77
176.48	60.42
176.54	58.00
176.59	55.16
176.65	58.11
176.70	59.19
176.76	58.42
176.82	56.41
176.87	53.55
176.93	53.19
176.98	51.88
177.04	46.91
177.10	51.61
177.15	53.01
177.21	53.85
177.26	53.42
177.32	56.64
177.37	57.70
177.43	61.52
177.49	57.83
177.54	54.75
177.60	55.80
177.65	56.57
177.71	51.11
177.77	54.44
177.82	55.99
177.88	59.39
177.93	54.88
177.99	61.09
178.04	56.63
178.10	57.51
178.16	51.08
178.21	52.03
178.27	49.64
178.32	53.79
178.38	52.42
178.43	54.10
178.49	53.86
178.55	52.73
178.60	51.70
178.66	51.25
178.71	52.96
178.77	51.49
178.82	52.45
178.88	51.94
178.94	52.41
178.99	53.51
179.05	57.53
179.10	53.70
179.16	56.80
179.21	59.50
179.27	58.08
179.33	53.80
179.38	57.98
179.44	55.67
179.49	55.11
179.55	53.30
179.60	53.71
179.66	52.35
179.72	55.00
179.77	52.63
179.83	51.70
179.88	53.04
179.94	54.16
179.99	50.76
180.05	51.35
180.11	52.41
180.16	54.48
180.22	56.81
180.27	61.21
180.33	61.69
180.38	65.69
180.44	61.48
180.49	61.59
180.55	59.20
180.61	63.57
180.66	58.15
180.72	56.82
180.77	54.71
180.83	54.93
180.88	52.08
180.94	51.92
180.99	55.86
181.05	56.17
181.11	56.94
181.16	56.82
181.22	58.45
181.27	60.69
181.33	59.40
181.38	56.38
181.44	57.83
181.49	61.98
181.55	62.57
181.61	68.70
181.66	71.31
181.72	68.84
181.77	65.75
181.83	63.02
181.88	67.81
181.94	69.80
181.99	75.19
182.05	76.38
182.11	77.46
182.16	68.51
182.22	66.30
182.27	62.09
182.33	64.86
182.38	64.78
182.44	69.78
182.49	72.45
182.55	74.69
182.60	74.25
182.66	77.32
182.72	79.94
182.77	81.90
182.83	85.07
182.88	88.07
182.94	89.19
182.99	85.92
183.05	84.50
183.10	86.34
183.16	85.94
183.21	87.73
183.27	95.91
183.32	100.76
183.38	104.60
183.44	111.80
183.49	117.07
183.55	119.60
183.60	127.19
183.66	134.32
183.71	144.43
183.77	153.60
183.82	163.78
183.88	176.20
183.93	189.31
183.99	204.20
184.04	222.12
184.10	235.75
184.15	247.99
184.21	261.40
184.27	263.50
184.32	263.45
184.38	259.87
184.43	254.08
184.49	236.41
184.54	217.71
184.60	206.48
184.65	192.00
184.71	182.77
184.76	184.50
184.82	202.55
184.87	220.90
184.93	248.20
184.98	277.01
185.04	310.06
185.09	336.56
185.15	363.86
185.20	397.34
185.26	432.95
185.31	462.40
185.37	491.76
185.43	514.44
185.48	534.95
185.54	559.65
185.59	587.16
185.65	613.80
185.70	656.28
185.76	703.31
185.81	738.90
185.87	777.47
185.92	823.21
185.98	859.57
186.03	876.63
186.09	879.51
186.14	852.76
186.20	796.13
186.25	705.44
186.31	614.37
186.36	543.69
186.42	512.41
186.47	521.72
186.53	570.58
186.58	643.34
186.64	719.36
186.69	794.37
186.75	855.46
186.80	915.51
186.86	975.06
186.91	1034.13
186.97	1089.10
187.02	1159.25
187.08	1225.67
187.13	1278.46
187.19	1336.76
187.24	1392.45
187.30	1427.11
187.35	1460.73
187.41	1509.50
187.47	1556.16
187.52	1599.87
187.58	1659.07
187.63	1735.70
187.69	1818.88
187.74	1890.34
187.80	1954.02
187.85	2004.11
187.91	2026.84
187.96	2011.25
188.02	1952.47
188.07	1852.37
188.13	1707.36
188.18	1551.86
188.24	1437.72
188.29	1386.57
188.35	1401.63
188.40	1485.22
188.46	1614.13
188.51	1743.01
188.57	1875.44
188.62	2002.20
188.67	2121.25
188.73	2235.75
188.78	2342.74
188.84	2446.00
188.89	2550.96
188.95	2656.44
189.00	2747.29
189.06	2848.22
189.11	2942.64
189.17	3025.58
189.22	3101.89
189.28	3190.83
189.33	3267.02
189.39	3334.29
189.44	3402.27
189.50	3477.64
189.55	3547.63
189.61	3602.46
189.66	3658.81
189.72	3717.20
189.77	3767.22
189.83	3795.17
189.88	3801.91
189.94	3770.26
189.99	3686.78
190.05	3528.73
190.10	3300.86
190.16	3040.05
190.21	2811.24
190.27	2656.81
190.32	2607.07
190.38	2662.28
190.43	2802.72
190.49	2965.94
190.54	3105.58
190.60	3224.88
190.65	3321.69
190.71	3401.21
190.76	3478.00
190.81	3563.14
190.87	3656.43
190.92	3777.71
190.98	3916.50
191.03	4062.63
191.09	4214.27
191.14	4344.35
191.20	4447.33
191.25	4546.58
191.31	4650.38
191.36	4759.18
191.42	4883.56
191.47	5029.64
191.53	5169.71
191.58	5285.19
191.64	5376.56
191.69	5454.61
191.75	5500.63
191.80	5535.18
191.85	5557.29
191.91	5579.23
191.96	5599.30
192.02	5632.23
192.07	5647.68
192.13	5643.66
192.18	5593.77
192.24	5475.89
192.29	5277.91
192.35	5047.60
192.40	4858.28
192.46	4751.56
192.51	4745.12
192.57	4840.53
192.62	5020.30
192.67	5209.99
192.73	5391.23
192.78	5558.24
192.84	5708.70
192.89	5844.10
192.95	5975.32
193.00	6089.73
193.06	6198.76
193.11	6307.86
193.17	6401.63
193.22	6486.58
193.28	6577.07
193.33	6656.80
193.38	6725.42
193.44	6797.01
193.49	6872.41
193.55	6929.21
193.60	6983.02
193.66	7035.41
193.71	7078.40
193.77	7100.75
193.82	7124.13
193.88	7144.17
193.93	7171.80
193.98	7201.88
194.04	7242.59
194.09	7289.98
194.15	7345.03
194.20	7389.86
194.26	7431.01
194.31	7471.03
194.37	7493.91
194.42	7499.01
194.47	7483.88
194.53	7435.16
194.58	7344.87
194.64	7232.77
194.69	7129.96
194.75	7060.55
194.80	7045.15
194.86	7085.04
194.91	7174.73
194.97	7282.71
195.02	7392.06
195.07	7497.18
195.13	7599.58
195.18	7705.38
195.24	7800.89
195.29	7898.33
195.35	7979.69
195.40	8062.52
195.46	8129.13
195.51	8212.92
195.56	8300.59
195.62	8391.91
195.67	8474.78
195.73	8561.76
195.78	8623.44
195.84	8665.60
195.89	8700.54
195.94	8734.14
196.00	8767.52
196.05	8810.04
196.11	8868.49
196.16	8932.62
196.22	9001.87
196.27	9069.41
196.32	9129.49
196.38	9177.62
196.43	9226.43
196.49	9262.04
196.54	9300.85
196.60	9341.63
196.65	9386.35
196.71	9428.61
196.76	9477.91
196.81	9514.13
196.87	9549.45
196.92	9577.92
196.98	9593.08
197.03	9598.11
197.09	9594.67
197.14	9589.55
197.19	9589.18
197.25	9606.34
197.30	9635.69
197.36	9690.16
197.41	9752.97
197.47	9817.63
197.52	9879.02
197.57	9944.66
197.63	9995.76
197.68	10050.12
197.74	10099.52
197.79	10148.14
197.84	10194.66
197.90	10246.29
197.95	10284.57
198.01	10326.90
198.06	10369.86
198.12	10408.91
198.17	10444.55
198.22	10488.34
198.28	10526.75
198.33	10565.09
198.39	10605.70
198.44	10653.23
198.49	10696.72
198.55	10744.15
198.60	10790.46
198.66	10837.20
198.71	10889.51
198.77	10939.90
198.82	10988.41
198.87	11038.53
198.93	11090.99
198.98	11134.36
199.04	11180.66
199.09	11221.40
199.14	11263.87
199.20	11300.16
199.25	11332.81
199.31	11372.66
199.36	11420.59
199.42	11464.40
199.47	11509.33
199.52	11554.32
199.58	11597.49
199.63	11624.75
199.69	11656.95
199.74	11690.19
199.79	11718.15
199.85	11745.71
199.90	11787.71
199.96	11827.14
200.01	11868.98
200.06	11922.61
200.12	11967.07
200.17	12020.86
200.23	12070.40
200.28	12115.66
200.33	12165.16
200.39	12216.43
200.44	12255.18
200.50	12303.89
200.55	12343.77
200.60	12378.38
200.66	12416.20
200.71	12452.75
200.77	12492.49
200.82	12532.05
200.87	12571.91
200.93	12607.45
200.98	12654.47
201.04	12689.68
201.09	12740.16
201.14	12792.85
201.20	12844.65
201.25	12895.88
201.31	12950.10
201.36	13007.08
201.41	13060.26
201.47	13119.57
201.52	13171.78
201.58	13235.64
201.63	13280.08
201.68	13330.23
201.74	13379.16
201.79	13431.47
201.84	13482.17
201.90	13536.32
201.95	13587.55
202.01	13641.75
202.06	13686.55
202.11	13723.96
202.17	13767.00
202.22	13810.11
202.28	13852.31
202.33	13895.70
202.38	13934.88
202.44	13981.18
202.49	14024.75
202.54	14072.45
202.60	14122.87
202.65	14174.33
202.71	14222.47
202.76	14266.61
202.81	14302.32
202.87	14350.42
202.92	14397.26
202.98	14447.74
203.03	14500.04
203.08	14558.47
203.14	14606.62
203.19	14661.06
203.24	14711.94
203.30	14766.41
203.35	14817.84
203.41	14864.74
203.46	14909.08
203.51	14954.24
203.57	14994.93
203.62	15039.25
203.67	15091.10
203.73	15135.95
203.78	15180.63
203.84	15230.13
203.89	15269.09
203.94	15306.04
204.00	15350.79
204.05	15379.08
204.10	15401.19
204.16	15424.76
204.21	15441.31
204.27	15441.01
204.32	15443.61
204.37	15434.71
204.43	15404.81
204.48	15365.00
204.53	15330.30
204.59	15331.49
204.64	15388.54
204.69	15499.23
204.75	15647.47
204.80	15810.87
204.86	15939.94
204.91	16028.87
204.96	16085.35
205.02	16110.09
205.07	16137.00
205.12	16194.10
205.18	16273.59
205.23	16374.54
205.28	16500.95
205.34	16620.80
205.39	16724.97
205.45	16817.13
205.50	16891.66
205.55	16955.65
205.61	17015.75
205.66	17071.59
205.71	17130.62
205.77	17187.93
205.82	17249.86
205.87	17312.49
205.93	17370.61
205.98	17417.61
206.03	17459.42
206.09	17502.38
206.14	17551.11
206.20	17603.69
206.25	17654.18
206.30	17718.35
206.36	17773.12
206.41	17833.22
206.46	17889.20
206.52	17939.36
206.57	17990.02
206.62	18035.15
206.68	18080.20
206.73	18125.56
206.78	18182.67
206.84	18239.14
206.89	18302.00
206.94	18363.39
207.00	18437.36
207.05	18504.47
207.11	18568.76
207.16	18625.05
207.21	18685.94
207.27	18738.33
207.32	18796.02
207.37	18857.19
207.43	18919.82
207.48	18970.72
207.53	19022.43
207.59	19078.71
207.64	19130.69
207.69	19200.41
207.75	19270.26
207.80	19334.50
207.85	19394.68
207.91	19452.52
207.96	19499.74
208.01	19551.13
208.07	19605.83
208.12	19660.45
208.17	19717.65
208.23	19766.37
208.28	19813.41
208.33	19870.91
208.39	19934.51
208.44	19999.75
208.49	20064.43
208.55	20127.78
208.60	20183.05
208.65	20231.84
208.71	20278.03
208.76	20332.46
208.81	20392.36
208.87	20461.84
208.92	20521.23
208.97	20585.72
209.03	20652.43
209.08	20716.56
209.13	20771.89
209.19	20836.43
209.24	20891.34
209.29	20952.29
209.35	21001.95
209.40	21062.03
209.45	21122.72
209.51	21185.93
209.56	21248.36
209.61	21316.84
209.67	21381.00
209.72	21444.10
209.77	21505.55
209.83	21570.83
209.88	21643.56
209.93	21707.89
209.99	21773.83
210.04	21844.28
210.09	21910.21
210.15	21965.71
210.20	22028.05
210.25	22084.55
210.31	22147.89
210.36	22197.13
210.41	22251.01
210.46	22307.97
210.52	22368.59
210.57	22418.48
210.62	22477.71
210.68	22545.69
210.73	22594.45
210.78	22652.43
210.84	22714.16
210.89	22778.28
210.94	22837.62
211.00	22902.27
211.05	22949.57
211.10	23011.71
211.16	23068.17
211.21	23131.81
211.26	23202.64
211.32	23283.23
211.37	23350.64
211.42	23416.74
211.47	23479.75
211.53	23539.90
211.58	23597.82
211.63	23657.45
211.69	23720.55
211.74	23774.52
211.79	23825.00
211.85	23887.12
211.90	23948.76
211.95	24013.27
212.01	24083.93
212.06	24163.46
212.11	24239.70
212.16	24309.16
212.22	24383.28
212.27	24449.69
212.32	24513.58
212.38	24575.31
212.43	24636.94
212.48	24693.26
212.54	24759.71
212.59	24836.26
212.64	24907.36
212.69	24975.86
212.75	25046.98
212.80	25113.71
212.85	25172.16
212.91	25222.53
212.96	25282.51
213.01	25340.64
213.07	25398.64
213.12	25458.11
213.17	25520.84
213.22	25585.76
213.28	25652.36
213.33	25704.68
213.38	25765.21
213.44	25827.43
213.49	25891.51
213.54	25955.52
213.60	26038.27
213.65	26111.41
213.70	26193.99
213.75	26261.26
213.81	26318.21
213.86	26377.91
213.91	26427.28
213.97	26466.36
214.02	26503.53
214.07	26535.31
214.12	26559.71
214.18	26587.94
214.23	26615.94
214.28	26639.54
214.34	26660.53
214.39	26662.82
214.44	26649.72
214.49	26600.02
214.55	26525.23
214.60	26421.81
214.65	26295.94
214.71	26175.84
214.76	26156.18
214.81	26245.51
214.86	26439.66
214.92	26707.96
214.97	27000.65
215.02	27231.18
215.08	27383.45
215.13	27466.85
215.18	27488.86
215.23	27487.83
215.29	27501.15
215.34	27576.32
215.39	27692.97
215.45	27868.53
215.50	28077.68
215.55	28284.61
215.60	28440.48
215.66	28551.68
215.71	28642.20
215.76	28721.97
215.81	28780.51
215.87	28836.22
215.92	28904.24
215.97	28955.78
216.03	29003.34
216.08	29062.28
216.13	29118.56
216.18	29175.04
216.24	29243.13
216.29	29302.10
216.34	29354.71
216.39	29424.62
216.45	29491.27
216.50	29552.63
216.55	29613.07
216.61	29689.59
216.66	29745.83
216.71	29805.46
216.76	29865.11
216.82	29936.93
216.87	29996.85
216.92	30073.54
216.97	30146.61
217.03	30225.69
217.08	30298.11
217.13	30384.81
217.18	30457.53
217.24	30526.66
217.29	30591.70
217.34	30646.70
217.39	30686.45
217.45	30729.64
217.50	30773.32
217.55	30824.79
217.61	30886.50
217.66	30952.78
217.71	31023.27
217.76	31108.40
217.82	31192.89
217.87	31271.00
217.92	31348.12
217.97	31416.49
218.03	31473.97
218.08	31517.92
218.13	31562.80
218.18	31611.71
218.24	31681.78
218.29	31744.55
218.34	31805.54
218.39	31875.49
218.45	31947.97
218.50	32000.21
218.55	32057.25
218.60	32124.20
218.66	32180.54
218.71	32238.45
218.76	32305.10
218.81	32369.49
218.87	32434.72
218.92	32506.07
218.97	32572.26
219.02	32643.26
219.08	32713.91
219.13	32786.04
219.18	32851.50
219.23	32913.33
219.29	32968.58
219.34	33032.31
219.39	33092.20
219.44	33152.41
219.50	33228.76
219.55	33296.16
219.60	33360.55
219.65	33430.16
219.71	33505.88
219.76	33550.51
219.81	33609.16
219.86	33668.36
219.92	33713.93
219.97	33761.77
220.02	33821.95
220.07	33878.28
220.13	33939.54
220.18	34006.39
220.23	34071.69
220.28	34152.01
220.33	34226.65
220.39	34283.83
220.44	34339.80
220.49	34403.04
220.54	34451.65
220.60	34497.98
220.65	34564.55
220.70	34636.69
220.75	34704.91
220.81	34785.20
220.86	34873.34
220.91	34946.46
220.96	35013.76
221.02	35083.25
221.07	35149.18
221.12	35204.77
221.17	35264.06
221.22	35326.23
221.28	35382.45
221.33	35440.24
221.38	35498.04
221.43	35570.48
221.49	35634.80
221.54	35700.84
221.59	35764.87
221.64	35850.73
221.69	35934.18
221.75	36031.26
221.80	36129.16
221.85	36204.06
221.90	36266.11
221.96	36321.79
222.01	36362.35
222.06	36394.17
222.11	36450.54
222.17	36500.19
222.22	36529.99
222.27	36576.36
222.32	36633.68
222.37	36685.05
222.43	36748.44
222.48	36816.88
222.53	36889.76
222.58	36958.12
222.63	37029.22
222.69	37090.52
222.74	37168.14
222.79	37228.25
222.84	37274.80
222.90	37323.90
222.95	37373.05
223.00	37413.19
223.05	37468.36
223.10	37535.47
223.16	37592.14
223.21	37643.57
223.26	37690.93
223.31	37733.68
223.36	37771.70
223.42	37812.86
223.47	37851.03
223.52	37901.81
223.57	37947.82
223.63	38005.12
223.68	38056.91
223.73	38125.43
223.78	38193.81
223.83	38254.22
223.89	38310.82
223.94	38384.62
223.99	38455.97
224.04	38528.47
224.09	38609.85
224.15	38701.91
224.20	38782.14
224.25	38869.53
224.30	38952.59
224.35	39042.13
224.41	39140.15
224.46	39233.24
224.51	39309.94
224.56	39393.59
224.61	39468.01
224.67	39537.78
224.72	39615.90
224.77	39712.88
224.82	39813.76
224.87	39898.39
224.93	39969.86
224.98	40053.44
225.03	40133.77
225.08	40200.11
225.13	40289.88
225.19	40381.04
225.24	40461.17
225.29	40534.20
225.34	40616.37
225.39	40687.63
225.45	40763.62
225.50	40836.72
225.55	40903.31
225.60	40964.92
225.65	41027.41
225.71	41072.36
225.76	41104.22
225.81	41133.56
225.86	41149.64
225.91	41150.28
225.97	41141.81
226.02	41114.14
226.07	41051.59
226.12	41020.81
226.17	41048.98
226.22	41157.79
226.28	41343.99
226.33	41610.68
226.38	41851.87
226.43	42056.26
226.48	42178.56
226.54	42252.71
226.59	42295.86
226.64	42334.02
226.69	42342.83
226.74	42376.57
226.80	42445.00
226.85	42529.73
226.90	42641.71
226.95	42806.64
227.00	42973.43
227.05	43125.38
227.11	43266.94
227.16	43388.68
227.21	43476.80
227.26	43568.24
227.31	43644.08
227.37	43699.00
227.42	43770.76
227.47	43851.81
227.52	43927.84
227.57	43986.70
227.62	44075.53
227.68	44144.59
227.73	44219.03
227.78	44295.34
227.83	44388.32
227.88	44449.56
227.93	44533.61
227.99	44612.19
228.04	44694.30
228.09	44778.44
228.14	44856.57
228.19	44926.66
228.24	44993.95
228.30	45056.44
228.35	45114.92
228.40	45189.08
228.45	45247.67
228.50	45320.65
228.56	45377.87
228.61	45431.04
228.66	45483.96
228.71	45541.59
228.76	45582.73
228.81	45639.27
228.87	45685.27
228.92	45751.83
228.97	45814.62
229.02	45904.35
229.07	45975.94
229.12	46076.24
229.17	46143.67
229.23	46222.16
229.28	46292.24
229.33	46371.74
229.38	46435.94
229.43	46515.67
229.48	46598.46
229.54	46667.05
229.59	46733.95
229.64	46807.26
229.69	46885.91
229.74	46970.31
229.79	47041.39
229.85	47116.81
229.90	47188.19
229.95	47250.37
230.00	47305.34
230.05	47386.63
230.10	47463.55
230.16	47535.51
230.21	47595.02
230.26	47650.59
230.31	47683.66
230.36	47735.33
230.41	47795.75
230.46	47887.56
230.52	47979.15
230.57	48071.66
230.62	48158.08
230.67	48225.31
230.72	48279.71
230.77	48322.81
230.82	48375.97
230.88	48406.06
230.93	48446.81
230.98	48475.85
231.03	48525.25
231.08	48574.11
231.13	48634.85
231.19	48708.33
231.24	48793.06
231.29	48875.81
231.34	48946.20
231.39	49018.85
231.44	49092.91
231.49	49150.64
231.55	49194.20
231.60	49239.93
231.65	49291.96
231.70	49328.98
231.75	49372.39
231.80	49423.44
231.85	49484.02
231.91	49530.16
231.96	49585.43
232.01	49657.00
232.06	49719.90
232.11	49783.89
232.16	49859.86
232.21	49937.36
232.26	50020.31
232.32	50103.85
232.37	50181.51
232.42	50246.23
232.47	50303.89
232.52	50345.66
232.57	50393.49
232.62	50445.71
232.68	50511.85
232.73	50581.25
232.78	50661.66
232.83	50740.62
232.88	50817.11
232.93	50886.72
232.98	50952.58
233.03	51000.03
233.09	51056.85
233.14	51127.10
233.19	51182.18
233.24	51233.85
233.29	51287.41
233.34	51322.05
233.39	51334.65
233.45	51364.64
233.50	51408.00
233.55	51456.45
233.60	51524.43
233.65	51584.76
233.70	51647.67
233.75	51690.94
233.80	51743.05
233.86	51790.11
233.91	51857.18
233.96	51908.45
234.01	51972.45
234.06	52024.97
234.11	52086.38
234.16	52133.41
234.21	52194.30
234.26	52242.59
234.32	52284.17
234.37	52318.52
234.42	52350.97
234.47	52378.71
234.52	52410.30
234.57	52452.58
234.62	52486.99
234.67	52540.95
234.73	52589.40
234.78	52645.85
234.83	52691.45
234.88	52741.79
234.93	52781.46
234.98	52825.12
235.03	52867.20
235.08	52925.70
235.13	52989.20
235.19	53047.95
235.24	53101.97
235.29	53169.46
235.34	53215.95
235.39	53245.64
235.44	53285.11
235.49	53327.57
235.54	53353.75
235.59	53380.77
235.65	53417.16
235.70	53447.39
235.75	53486.54
235.80	53539.41
235.85	53585.91
235.90	53624.19
235.95	53649.74
236.00	53680.80
236.05	53701.01
236.11	53726.65
236.16	53759.16
236.21	53805.02
236.26	53842.41
236.31	53867.80
236.36	53894.60
236.41	53918.31
236.46	53940.51
236.51	53958.14
236.56	53983.04
236.62	54008.02
236.67	54040.50
236.72	54082.69
236.77	54107.91
236.82	54153.41
236.87	54186.39
236.92	54208.45
236.97	54237.21
237.02	54283.59
237.07	54330.97
237.13	54393.78
237.18	54459.65
237.23	54508.04
237.28	54558.86
237.33	54590.26
237.38	54608.50
237.43	54634.66
237.48	54637.21
237.53	54653.07
237.58	54680.35
237.63	54720.92
237.69	54753.12
237.74	54805.85
237.79	54842.78
237.84	54852.83
237.89	54858.42
237.94	54869.32
237.99	54884.85
238.04	54901.14
238.09	54927.55
238.14	54952.68
238.19	54974.41
238.25	54995.80
238.30	54991.56
238.35	54997.08
238.40	55003.21
238.45	55007.67
238.50	55004.38
238.55	55019.08
238.60	55044.20
238.65	55062.11
238.70	55064.82
238.75	55088.33
238.80	55115.64
238.86	55122.93
238.91	55142.13
238.96	55180.38
239.01	55210.46
239.06	55236.07
239.11	55266.99
239.16	55294.27
239.21	55298.11
239.26	55290.34
239.31	55306.32
239.36	55313.84
239.41	55331.74
239.46	55356.52
239.52	55390.55
239.57	55405.99
239.62	55424.46
239.67	55445.89
239.72	55476.01
239.77	55492.34
239.82	55512.51
239.87	55526.87
239.92	55529.28
239.97	55518.49
240.02	55502.41
240.07	55490.07
240.12	55490.04
240.17	55497.92
240.23	55499.49
240.28	55506.89
240.33	55520.49
240.38	55512.84
240.43	55505.07
240.48	55524.19
240.53	55552.48
240.58	55566.96
240.63	55604.01
240.68	55620.59
240.73	55613.23
240.78	55609.23
240.83	55604.88
240.88	55576.62
240.93	55558.14
240.98	55563.12
241.04	55572.95
241.09	55591.40
241.14	55620.66
241.19	55657.06
241.24	55683.43
241.29	55700.93
241.34	55710.60
241.39	55723.18
241.44	55737.84
241.49	55750.65
241.54	55750.34
241.59	55749.71
241.64	55752.67
241.69	55737.80
241.74	55717.15
241.79	55708.58
241.84	55699.70
241.90	55670.44
241.95	55644.91
242.00	55616.20
242.05	55593.26
242.10	55570.78
242.15	55562.15
242.20	55556.83
242.25	55559.53
242.30	55550.41
242.35	55547.93
242.40	55542.06
242.45	55533.41
242.50	55526.54
242.55	55534.16
242.60	55532.31
242.65	55532.34
242.70	55553.38
242.75	55577.45
242.80	55606.05
242.85	55643.63
242.91	55658.41
242.96	55646.08
243.01	55632.02
243.06	55603.04
243.11	55558.81
243.16	55541.05
243.21	55544.36
243.26	55547.94
243.31	55562.00
243.36	55573.61
243.41	55586.28
243.46	55575.49
243.51	55540.97
243.56	55482.67
243.61	55432.16
243.66	55388.20
243.71	55357.41
243.76	55355.35
243.81	55381.15
243.86	55388.71
243.91	55394.70
243.96	55395.54
244.01	55372.83
244.06	55337.27
244.12	55327.18
244.17	55307.30
244.22	55308.31
244.27	55334.60
244.32	55363.16
244.37	55381.26
244.42	55394.31
244.47	55376.59
244.52	55357.66
244.57	55323.88
244.62	55290.79
244.67	55264.00
244.72	55254.49
244.77	55249.32
244.82	55267.46
244.87	55302.51
244.92	55334.68
244.97	55347.09
245.02	55337.66
245.07	55310.31
245.12	55282.20
245.17	55261.16
245.22	55261.03
245.27	55265.28
245.32	55240.18
245.37	55199.14
245.42	55147.13
245.47	55095.11
245.52	55040.87
245.57	55027.82
245.62	55018.25
245.67	55020.07
245.72	55013.13
245.77	54999.41
245.82	54974.45
245.87	54967.86
245.92	54963.72
245.98	54952.87
246.03	54955.36
246.08	54969.66
246.13	54965.06
246.18	54968.12
246.23	54967.36
246.28	54953.96
246.33	54934.97
246.38	54906.40
246.43	54870.97
246.48	54851.24
246.53	54850.10
246.58	54856.39
246.63	54868.18
246.68	54860.06
246.73	54838.87
246.78	54814.37
246.83	54763.88
246.88	54701.91
246.93	54654.13
246.98	54615.36
247.03	54591.86
247.08	54573.74
247.13	54573.16
247.18	54572.34
247.23	54592.84
247.28	54585.09
247.33	54575.68
247.38	54556.28
247.43	54541.93
247.48	54518.49
247.53	54485.87
247.58	54449.94
247.63	54421.66
247.68	54382.55
247.73	54322.51
247.78	54289.64
247.83	54265.04
247.88	54231.91
247.93	54220.55
247.98	54218.84
248.03	54218.31
248.08	54226.92
248.13	54230.52
248.18	54211.94
248.23	54209.06
248.28	54180.76
248.33	54143.15
248.38	54117.98
248.43	54098.45
248.48	54069.95
248.53	54055.45
248.58	54044.30
248.63	54034.15
248.68	54017.15
248.73	53990.49
248.78	53953.51
248.83	53905.28
248.88	53837.55
248.93	53762.66
248.98	53691.75
249.03	53651.32
249.08	53619.56
249.13	53623.81
249.18	53626.80
249.23	53642.78
249.28	53631.64
249.33	53623.51
249.38	53593.51
249.43	53575.67
249.48	53541.78
249.53	53527.17
249.58	53506.66
249.63	53491.48
249.68	53478.07
249.73	53466.09
249.78	53437.37
249.83	53431.99
249.88	53399.86
249.93	53378.16
249.98	53366.83
250.03	53368.18
250.08	53336.07
250.13	53332.40
250.18	53310.07
250.23	53268.94
250.28	53214.83
250.33	53162.61
250.37	53117.43
250.42	53074.81
250.47	53042.69
250.52	53024.26
250.57	53012.68
250.62	52969.54
250.67	52935.98
250.72	52920.84
250.77	52882.47
250.82	52858.60
250.87	52864.76
250.92	52853.27
250.97	52826.85
251.02	52820.16
251.07	52822.03
251.12	52799.79
251.17	52778.41
251.22	52747.90
251.27	52718.18
251.32	52666.03
251.37	52607.97
251.42	52555.50
251.47	52518.96
251.52	52485.28
251.57	52469.91
251.62	52463.67
251.67	52453.37
251.72	52435.42
251.77	52399.93
251.82	52352.78
251.87	52311.88
251.92	52273.94
251.97	52218.34
252.02	52174.10
252.07	52149.12
252.12	52134.36
252.16	52119.76
252.21	52115.06
252.26	52128.10
252.31	52119.71
252.36	52105.70
252.41	52090.72
252.46	52077.15
252.51	52047.50
252.56	52021.89
252.61	51993.50
252.66	51963.47
252.71	51943.53
252.76	51915.31
252.81	51873.66
252.86	51813.34
252.91	51770.79
252.96	51703.52
253.01	51632.72
253.06	51565.41
253.11	51529.43
253.16	51474.39
253.21	51429.42
253.26	51393.66
253.31	51370.81
253.36	51337.36
253.40	51314.10
253.45	51293.66
253.50	51252.30
253.55	51209.59
253.60	51159.86
253.65	51117.49
253.70	51092.83
253.75	51081.87
253.80	51066.15
253.85	51070.58
253.90	51066.45
253.95	51046.48
254.00	51047.01
254.05	51032.02
254.10	50992.27
254.15	50963.62
254.20	50936.30
254.25	50895.41
254.30	50865.91
254.35	50827.78
254.39	50762.59
254.44	50680.71
254.49	50602.63
254.54	50574.84
254.59	50545.56
254.64	50535.28
254.69	50543.43
254.74	50548.76
254.79	50506.60
254.84	50470.17
254.89	50452.21
254.94	50433.71
254.99	50410.61
255.04	50393.77
255.09	50387.97
255.14	50357.41
255.19	50340.47
255.23	50331.41
255.28	50321.36
255.33	50309.63
255.38	50306.72
255.43	50283.46
255.48	50253.09
255.53	50208.15
255.58	50177.69
255.63	50129.14
255.68	50090.42
255.73	50045.65
255.78	50016.36
255.83	49987.88
255.88	49973.92
255.93	49943.31
255.97	49926.23
256.02	49898.15
256.07	49856.53
256.12	49788.41
256.17	49732.96
256.22	49672.06
256.27	49620.31
256.32	49572.69
256.37	49549.88
256.42	49531.62
256.47	49508.67
256.52	49486.08
256.57	49453.69
256.62	49440.67
256.66	49427.42
256.71	49398.64
256.76	49354.94
256.81	49307.23
256.86	49248.96
256.91	49197.56
256.96	49160.57
257.01	49134.26
257.06	49118.74
257.11	49088.21
257.16	49041.30
257.21	49001.88
257.26	48961.46
257.30	48918.97
257.35	48881.25
257.40	48848.58
257.45	48831.69
257.50	48800.20
257.55	48775.88
257.60	48752.91
257.65	48732.42
257.70	48688.93
257.75	48656.39
257.80	48625.50
257.85	48590.44
257.89	48538.97
257.94	48487.12
257.99	48430.16
258.04	48371.03
258.09	48321.96
258.14	48294.99
258.19	48275.39
258.24	48255.86
258.29	48214.83
258.34	48177.87
258.39	48145.43
258.44	48087.40
258.48	48041.76
258.53	48015.20
258.58	47977.79
258.63	47917.99
258.68	47880.12
258.73	47839.43
258.78	47791.31
258.83	47745.09
258.88	47714.84
258.93	47679.96
258.97	47644.56
259.02	47616.79
259.07	47586.96
259.12	47566.10
259.17	47546.56
259.22	47527.99
259.27	47504.69
259.32	47491.83
259.37	47443.72
259.42	47410.55
259.47	47371.88
259.51	47324.76
259.56	47260.14
259.61	47195.98
259.66	47111.38
259.71	47034.26
259.76	46969.16
259.81	46909.71
259.86	46869.78
259.91	46835.27
259.95	46811.91
260.00	46791.97
260.05	46773.84
260.10	46755.25
260.15	46743.94
260.20	46723.53
260.25	46707.28
260.30	46696.52
260.35	46673.81
260.40	46637.89
260.44	46611.17
260.49	46591.39
260.54	46555.37
260.59	46529.49
260.64	46518.66
260.69	46509.60
260.74	46467.83
260.79	46429.68
260.84	46382.64
260.88	46325.55
260.93	46254.50
260.98	46217.92
261.03	46176.36
261.08	46152.21
261.13	46118.02
261.18	46078.95
261.23	46026.79
261.28	45990.21
261.32	45942.01
261.37	45898.21
261.42	45866.44
261.47	45844.96
261.52	45798.23
261.57	45749.87
261.62	45709.41
261.67	45656.97
261.71	45585.36
261.76	45539.48
261.81	45491.78
261.86	45439.39
261.91	45396.07
261.96	45362.20
262.01	45324.61
262.06	45302.75
262.10	45295.96
262.15	45282.68
262.20	45265.34
262.25	45238.19
262.30	45214.43
262.35	45182.16
262.40	45147.86
262.45	45114.33
262.49	45093.71
262.54	45052.41
262.59	45023.14
262.64	44999.67
262.69	44966.59
262.74	44917.03
262.79	44866.45
262.84	44820.44
262.88	44769.71
262.93	44715.72
262.98	44683.12
263.03	44642.52
263.08	44579.38
263.13	44507.20
263.18	44448.47
263.23	44386.81
263.27	44350.65
263.32	44322.57
263.37	44305.66
263.42	44287.53
263.47	44256.11
263.52	44230.80
263.57	44195.02
263.61	44156.74
263.66	44115.09
263.71	44079.64
263.76	44037.22
263.81	43990.21
263.86	43959.09
263.91	43916.67
263.95	43862.67
264.00	43802.33
264.05	43752.92
264.10	43686.11
264.15	43625.67
264.20	43586.52
264.25	43540.37
264.29	43502.37
264.34	43445.88
264.39	43410.91
264.44	43355.38
264.49	43306.74
264.54	43264.90
264.59	43238.51
264.63	43191.13
264.68	43136.97
264.73	43093.18
264.78	43039.97
264.83	42978.66
264.88	42936.44
264.93	42914.90
264.97	42889.47
265.02	42864.74
265.07	42849.81
265.12	42809.20
265.17	42761.59
265.22	42720.82
265.27	42666.68
265.31	42604.66
265.36	42550.75
265.41	42498.92
265.46	42435.26
265.51	42360.51
265.56	42297.35
265.60	42240.43
265.65	42180.65
265.70	42121.78
265.75	42072.17
265.80	42022.63
265.85	41952.87
265.90	41890.98
265.94	41835.39
265.99	41774.37
266.04	41722.36
266.09	41698.05
266.14	41669.32
266.19	41636.59
266.23	41606.67
266.28	41561.33
266.33	41523.72
266.38	41491.50
266.43	41462.93
266.48	41445.09
266.52	41419.01
266.57	41374.61
266.62	41335.01
266.67	41281.53
266.72	41232.83
266.77	41211.59
266.81	41186.92
266.86	41158.34
266.91	41134.53
266.96	41093.25
267.01	41049.23
267.06	41005.08
267.10	40952.14
267.15	40899.95
267.20	40869.89
267.25	40824.81
267.30	40783.91
267.35	40750.14
267.39	40711.27
267.44	40667.79
267.49	40622.04
267.54	40570.09
267.59	40516.76
267.64	40460.44
267.68	40402.95
267.73	40352.65
267.78	40315.14
267.83	40287.96
267.88	40278.57
267.93	40269.65
267.97	40256.33
268.02	40223.29
268.07	40174.07
268.12	40115.47
268.17	40046.09
268.21	39997.83
268.26	39949.99
268.31	39910.82
268.36	39869.01
268.41	39828.19
268.46	39777.10
268.50	39742.74
268.55	39683.59
268.60	39625.88
268.65	39561.17
268.70	39479.66
268.74	39410.14
268.79	39344.56
268.84	39287.17
268.89	39244.54
268.94	39219.37
268.99	39175.46
269.03	39140.82
269.08	39100.06
269.13	39029.42
269.18	38947.41
269.23	38849.82
269.27	38737.75
269.32	38601.13
269.37	38481.83
269.42	38344.92
269.47	38207.76
269.51	38074.31
269.56	37936.83
269.61	37794.78
269.66	37646.69
269.71	37497.53
269.76	37350.05
269.80	37200.03
269.85	37048.89
269.90	36909.53
269.95	36763.92
270.00	36597.58
270.04	36449.51
270.09	36308.94
270.14	36163.25
270.19	36023.90
270.24	35898.98
270.28	35741.49
270.33	35566.43
270.38	35383.57
270.43	35206.22
270.48	35028.28
270.52	34876.08
270.57	34719.23
270.62	34566.80
270.67	34409.80
270.72	34250.61
270.76	34069.30
270.81	33898.90
270.86	33728.85
270.91	33552.20
270.96	33385.13
271.00	33230.45
271.05	33078.66
271.10	32938.39
271.15	32809.36
271.20	32682.46
271.24	32550.62
271.29	32413.13
271.34	32266.46
271.39	32113.73
271.44	31963.25
271.48	31827.12
271.53	31681.81
271.58	31535.99
271.63	31391.93
271.67	31239.28
271.72	31085.13
271.77	30941.99
271.82	30802.65
271.87	30659.77
271.91	30506.86
271.96	30362.64
272.01	30221.66
272.06	30086.79
272.11	29967.14
272.15	29856.81
272.20	29749.76
272.25	29651.14
272.30	29550.40
272.35	29442.96
272.39	29341.90
272.44	29221.29
272.49	29085.15
272.54	28948.86
272.58	28801.68
272.63	28648.16
272.68	28499.22
272.73	28341.54
272.78	28163.54
272.82	27963.50
272.87	27738.97
272.92	27448.74
272.97	26922.74
273.01	23961.69
273.06	19000.48
273.11	13532.19
273.16	8165.08
273.21	3075.63
273.25	464.72
273.30	-87.95
273.35	-88.60
