165.32	3382.70
165.38	-247.29
165.44	596.59
165.50	-77.22
165.55	-19.18
165.61	2.97
165.67	30.28
165.72	39.34
165.78	44.32
165.84	43.25
165.89	40.37
165.95	39.23
166.01	38.27
166.06	39.87
166.12	42.23
166.18	40.37
166.23	42.06
166.29	41.41
166.35	38.39
166.40	37.11
166.46	43.45
166.52	45.63
166.57	46.38
166.63	46.41
166.69	49.07
166.74	42.94
166.80	43.77
166.86	45.75
166.91	46.98
166.97	41.49
167.03	44.27
167.08	38.28
167.14	37.53
167.20	35.58
167.25	47.88
167.31	48.15
167.37	53.70
167.42	55.34
167.48	61.11
167.54	55.81
167.59	55.32
167.65	51.35
167.71	51.09
167.76	50.06
167.82	45.32
167.88	45.28
167.93	52.36
167.99	51.10
168.05	53.22
168.10	61.36
168.16	60.32
168.21	59.12
168.27	63.93
168.33	65.71
168.38	58.08
168.44	62.87
168.50	61.36
168.55	59.49
168.61	60.25
168.67	62.29
168.72	59.46
168.78	59.16
168.84	55.07
168.89	53.72
168.95	54.42
169.01	53.94
169.06	53.78
169.12	53.38
169.18	51.65
169.23	51.84
169.29	56.54
169.34	61.08
169.40	63.63
169.46	67.74
169.51	70.04
169.57	65.29
169.63	61.12
169.68	66.54
169.74	63.16
169.80	68.42
169.85	70.02
169.91	74.27
169.97	69.94
170.02	69.64
170.08	68.80
170.13	68.69
170.19	68.08
170.25	69.35
170.30	73.34
170.36	64.93
170.42	66.88
170.47	67.72
170.53	69.26
170.59	66.42
170.64	69.83
170.70	68.71
170.76	66.14
170.81	68.07
170.87	67.59
170.92	68.70
170.98	71.48
171.04	74.17
171.09	69.90
171.15	76.92
171.21	77.73
171.26	74.36
171.32	71.42
171.37	75.17
171.43	70.11
171.49	74.81
171.54	78.07
171.60	80.17
171.66	82.12
171.71	82.46
171.77	80.01
171.83	85.62
171.88	84.71
171.94	83.99
171.99	88.07
172.05	86.95
172.11	88.54
172.16	97.02
172.22	97.31
172.28	97.69
172.33	95.50
172.39	92.09
172.44	89.02
172.50	94.13
172.56	94.17
172.61	102.85
172.67	102.73
172.72	101.92
172.78	97.12
172.84	91.93
172.89	85.22
172.95	84.02
173.01	84.97
173.06	83.95
173.12	89.99
173.17	91.50
173.23	91.15
173.29	91.61
173.34	92.85
173.40	87.02
173.46	87.28
173.51	90.62
173.57	90.96
173.62	85.47
173.68	92.07
173.74	91.42
173.79	92.27
173.85	89.36
173.90	92.60
173.96	89.12
174.02	86.08
174.07	78.27
174.13	77.60
174.18	79.35
174.24	72.32
174.30	72.70
174.35	78.11
174.41	74.85
174.47	69.31
174.52	70.47
174.58	69.22
174.63	64.54
174.69	63.57
174.75	65.23
174.80	76.42
174.86	74.38
174.91	75.45
174.97	75.02
175.03	72.06
175.08	60.08
175.14	66.29
175.19	62.06
175.25	63.16
175.31	68.05
175.36	69.21
175.42	66.37
175.47	71.27
175.53	71.16
175.59	67.50
175.64	68.94
175.70	67.27
175.75	62.34
175.81	61.21
175.87	62.33
175.92	58.44
175.98	59.52
176.03	59.67
176.09	59.67
176.15	59.47
176.20	60.71
176.26	61.23
176.31	64.61
176.37	62.16
176.42	63.32
176.48	66.84
176.54	64.26
176.59	61.06
176.65	63.88
176.70	65.32
176.76	64.90
176.82	62.70
176.87	59.99
176.93	60.01
176.98	58.82
177.04	53.79
177.10	58.66
177.15	60.19
177.21	60.92
177.26	59.57
177.32	63.33
177.37	64.76
177.43	68.27
177.49	65.23
177.54	62.56
177.60	63.14
177.65	63.75
177.71	58.67
177.77	61.43
177.82	63.39
177.88	67.15
177.93	62.36
177.99	68.72
178.04	64.29
178.10	65.02
178.16	58.84
178.21	60.57
178.27	57.70
178.32	62.15
178.38	60.86
178.43	62.03
178.49	61.80
178.55	61.07
178.60	59.65
178.66	58.85
178.71	60.02
178.77	57.44
178.82	58.56
178.88	58.12
178.94	58.96
178.99	60.06
179.05	64.56
179.10	60.40
179.16	63.56
179.21	65.73
179.27	64.51
179.33	60.08
179.38	63.87
179.44	61.33
179.49	61.38
179.55	59.81
179.60	60.10
179.66	58.95
179.72	61.80
179.77	59.38
179.83	58.08
179.88	60.00
179.94	61.53
179.99	57.37
180.05	57.52
180.11	58.24
180.16	60.57
180.22	62.76
180.27	67.95
180.33	69.11
180.38	73.80
180.44	69.24
180.49	69.13
180.55	67.00
180.61	70.77
180.66	65.24
180.72	63.74
180.77	61.64
180.83	61.46
180.88	58.31
180.94	58.01
180.99	61.55
181.05	62.15
181.11	62.95
181.16	63.39
181.22	64.92
181.27	67.22
181.33	65.33
181.38	62.42
181.44	63.37
181.49	67.82
181.55	68.54
181.61	74.75
181.66	77.25
181.72	75.29
181.77	72.45
181.83	69.87
181.88	75.41
181.94	77.29
181.99	82.29
182.05	83.06
182.11	84.28
182.16	74.37
182.22	72.21
182.27	67.82
182.33	70.22
182.38	69.11
182.44	74.27
182.49	76.86
182.55	79.00
182.60	78.44
182.66	81.95
182.72	84.38
182.77	86.37
182.83	89.80
182.88	92.49
182.94	93.86
182.99	90.75
183.05	89.51
183.10	91.34
183.16	90.51
183.21	91.29
183.27	98.88
183.32	102.63
183.38	105.82
183.44	112.99
183.49	118.17
183.55	118.94
183.60	125.46
183.66	131.24
183.71	139.76
183.77	147.34
183.82	156.67
183.88	167.23
183.93	178.15
183.99	191.40
184.04	207.28
184.10	219.47
184.15	230.76
184.21	244.48
184.27	246.73
184.32	247.72
184.38	245.69
184.43	242.31
184.49	225.35
184.54	208.97
184.60	200.56
184.65	187.39
184.71	178.29
184.76	180.72
184.82	197.91
184.87	214.32
184.93	239.54
184.98	266.74
185.04	297.14
185.09	321.61
185.15	346.44
185.20	377.57
185.26	411.76
185.31	440.01
185.37	467.26
185.43	487.95
185.48	506.57
185.54	529.39
185.59	555.18
185.65	580.29
185.70	621.20
185.76	667.00
185.81	700.72
185.87	737.38
185.92	780.83
185.98	815.56
186.03	832.47
186.09	835.15
186.14	810.82
186.20	759.33
186.25	674.24
186.31	590.14
186.36	524.93
186.42	496.95
186.47	505.59
186.53	554.42
186.58	622.75
186.64	696.82
186.69	769.94
186.75	830.20
186.80	888.65
186.86	947.57
186.91	1006.91
186.97	1061.64
187.02	1134.34
187.08	1202.14
187.13	1259.70
187.19	1322.84
187.24	1387.73
187.30	1434.65
187.35	1482.84
187.41	1547.60
187.47	1610.70
187.52	1663.14
187.58	1722.59
187.63	1794.53
187.69	1865.59
187.74	1922.60
187.80	1978.15
187.85	2025.38
187.91	2046.02
187.96	2030.35
188.02	1969.68
188.07	1863.99
188.13	1708.14
188.18	1544.76
188.24	1422.37
188.29	1363.35
188.35	1370.79
188.40	1451.37
188.46	1575.76
188.51	1700.45
188.57	1828.90
188.62	1954.17
188.67	2070.63
188.73	2181.72
188.78	2287.43
188.84	2390.01
188.89	2491.42
188.95	2595.02
189.00	2685.48
189.06	2783.51
189.11	2878.47
189.17	2961.79
189.22	3033.70
189.28	3122.34
189.33	3198.32
189.39	3262.49
189.44	3329.81
189.50	3407.98
189.55	3475.02
189.61	3528.50
189.66	3586.46
189.72	3643.33
189.77	3691.77
189.83	3719.19
189.88	3730.57
189.94	3700.39
189.99	3622.99
190.05	3469.13
190.10	3251.62
190.16	3000.01
190.21	2780.81
190.27	2636.35
190.32	2599.67
190.38	2665.41
190.43	2815.34
190.49	2994.61
190.54	3153.89
190.60	3295.71
190.65	3423.45
190.71	3537.65
190.76	3644.92
190.81	3753.03
190.87	3860.72
190.92	3980.07
190.98	4098.77
191.03	4218.80
191.09	4346.11
191.14	4460.63
191.20	4555.72
191.25	4656.42
191.31	4754.45
191.36	4848.77
191.42	4945.77
191.47	5051.06
191.53	5155.51
191.58	5243.29
191.64	5313.73
191.69	5378.09
191.75	5423.84
191.80	5455.43
191.85	5476.93
191.91	5498.96
191.96	5521.54
192.02	5551.54
192.07	5565.56
192.13	5560.72
192.18	5515.36
192.24	5398.08
192.29	5202.07
192.35	4975.57
192.40	4792.72
192.46	4683.27
192.51	4681.12
192.57	4777.77
192.62	4955.20
192.67	5138.33
192.73	5314.75
192.78	5474.55
192.84	5625.42
192.89	5762.60
192.95	5891.36
193.00	6006.97
193.06	6117.78
193.11	6223.83
193.17	6312.87
193.22	6395.80
193.28	6488.51
193.33	6565.72
193.38	6633.01
193.44	6702.98
193.49	6777.53
193.55	6833.89
193.60	6890.32
193.66	6943.68
193.71	6987.41
193.77	7015.48
193.82	7035.79
193.88	7051.63
193.93	7081.44
193.98	7108.67
194.04	7147.55
194.09	7195.30
194.15	7248.11
194.20	7288.03
194.26	7330.05
194.31	7372.59
194.37	7397.17
194.42	7407.61
194.47	7399.63
194.53	7359.42
194.58	7268.68
194.64	7159.64
194.69	7059.65
194.75	6991.23
194.80	6973.31
194.86	7015.52
194.91	7108.47
194.97	7216.93
195.02	7326.91
195.07	7435.35
195.13	7540.01
195.18	7647.08
195.24	7748.71
195.29	7853.96
195.35	7949.72
195.40	8048.66
195.46	8123.80
195.51	8211.56
195.56	8294.82
195.62	8371.60
195.67	8437.56
195.73	8513.02
195.78	8566.96
195.84	8606.30
195.89	8641.72
195.94	8673.52
196.00	8705.75
196.05	8742.21
196.11	8791.54
196.16	8843.85
196.22	8903.22
196.27	8962.37
196.32	9018.53
196.38	9065.08
196.43	9113.33
196.49	9149.62
196.54	9185.78
196.60	9226.66
196.65	9271.66
196.71	9315.55
196.76	9364.56
196.81	9404.70
196.87	9439.20
196.92	9468.35
196.98	9484.62
197.03	9493.10
197.09	9490.95
197.14	9487.38
197.19	9487.35
197.25	9501.59
197.30	9529.44
197.36	9579.97
197.41	9639.18
197.47	9700.91
197.52	9763.40
197.57	9828.07
197.63	9883.12
197.68	9938.22
197.74	9990.01
197.79	10035.08
197.84	10076.68
197.90	10122.84
197.95	10164.09
198.01	10204.82
198.06	10250.53
198.12	10299.15
198.17	10338.95
198.22	10380.07
198.28	10419.62
198.33	10459.87
198.39	10500.06
198.44	10544.35
198.49	10591.68
198.55	10639.57
198.60	10690.80
198.66	10733.52
198.71	10785.70
198.77	10830.41
198.82	10881.47
198.87	10926.79
198.93	10973.30
198.98	11012.77
199.04	11060.30
199.09	11098.76
199.14	11142.06
199.20	11183.57
199.25	11227.89
199.31	11268.17
199.36	11314.06
199.42	11354.86
199.47	11399.04
199.52	11439.68
199.58	11476.29
199.63	11503.20
199.69	11534.85
199.74	11565.70
199.79	11585.02
199.85	11613.96
199.90	11657.01
199.96	11698.26
200.01	11739.55
200.06	11797.10
200.12	11850.86
200.17	11898.48
200.23	11947.33
200.28	11994.27
200.33	12043.97
200.39	12086.59
200.44	12132.69
200.50	12173.08
200.55	12215.44
200.60	12251.55
200.66	12291.42
200.71	12322.21
200.77	12365.89
200.82	12403.91
200.87	12443.02
200.93	12478.77
200.98	12521.55
201.04	12555.76
201.09	12600.95
201.14	12653.40
201.20	12707.61
201.25	12762.40
201.31	12817.10
201.36	12876.42
201.41	12928.52
201.47	12984.73
201.52	13034.59
201.58	13097.38
201.63	13145.70
201.68	13190.46
201.74	13237.00
201.79	13285.49
201.84	13336.34
201.90	13381.61
201.95	13437.84
202.01	13491.33
202.06	13547.63
202.11	13589.13
202.17	13641.91
202.22	13683.17
202.28	13726.70
202.33	13765.57
202.38	13802.67
202.44	13842.08
202.49	13886.10
202.54	13932.19
202.60	13979.99
202.65	14032.35
202.71	14084.60
202.76	14126.47
202.81	14166.82
202.87	14215.21
202.92	14256.69
202.98	14304.28
203.03	14358.16
203.08	14415.36
203.14	14466.16
203.19	14529.83
203.24	14583.39
203.30	14640.82
203.35	14690.28
203.41	14736.91
203.46	14779.02
203.51	14818.97
203.57	14857.96
203.62	14902.86
203.67	14959.66
203.73	15000.17
203.78	15049.70
203.84	15102.18
203.89	15146.51
203.94	15182.57
204.00	15233.23
204.05	15276.44
204.10	15311.96
204.16	15345.05
204.21	15380.68
204.27	15406.93
204.32	15429.12
204.37	15454.12
204.43	15473.00
204.48	15487.11
204.53	15503.28
204.59	15541.07
204.64	15604.01
204.69	15687.58
204.75	15776.62
204.80	15880.01
204.86	15960.55
204.91	16022.34
204.96	16080.28
205.02	16125.67
205.07	16172.36
205.12	16231.19
205.18	16297.91
205.23	16364.42
205.28	16447.85
205.34	16523.26
205.39	16602.20
205.45	16673.72
205.50	16741.12
205.55	16807.87
205.61	16871.10
205.66	16924.03
205.71	16982.02
205.77	17041.99
205.82	17096.80
205.87	17149.45
205.93	17203.06
205.98	17248.47
206.03	17289.29
206.09	17339.36
206.14	17390.17
206.20	17445.22
206.25	17499.56
206.30	17561.62
206.36	17611.08
206.41	17669.02
206.46	17721.07
206.52	17769.19
206.57	17821.07
206.62	17868.52
206.68	17911.38
206.73	17957.92
206.78	18017.38
206.84	18069.12
206.89	18126.57
206.94	18189.72
207.00	18260.92
207.05	18326.72
207.11	18389.11
207.16	18456.15
207.21	18523.79
207.27	18575.80
207.32	18630.62
207.37	18690.07
207.43	18739.96
207.48	18785.18
207.53	18838.78
207.59	18891.80
207.64	18947.32
207.69	19017.21
207.75	19085.62
207.80	19145.21
207.85	19202.41
207.91	19262.04
207.96	19309.26
208.01	19365.41
208.07	19426.28
208.12	19487.64
208.17	19535.25
208.23	19590.16
208.28	19639.25
208.33	19698.31
208.39	19759.16
208.44	19826.30
208.49	19893.77
208.55	19955.94
208.60	20005.23
208.65	20050.96
208.71	20100.13
208.76	20148.20
208.81	20207.16
208.87	20275.96
208.92	20341.01
208.97	20404.60
209.03	20463.16
209.08	20523.58
209.13	20575.15
209.19	20632.28
209.24	20692.13
209.29	20756.98
209.35	20807.25
209.40	20870.39
209.45	20931.33
209.51	20992.41
209.56	21057.97
209.61	21127.93
209.67	21196.17
209.72	21260.27
209.77	21315.57
209.83	21372.23
209.88	21436.50
209.93	21496.22
209.99	21556.32
210.04	21629.25
210.09	21701.30
210.15	21760.92
210.20	21821.47
210.25	21889.46
210.31	21949.15
210.36	21998.46
210.41	22054.02
210.46	22110.14
210.52	22164.11
210.57	22209.51
210.62	22267.14
210.68	22332.68
210.73	22384.27
210.78	22444.83
210.84	22516.00
210.89	22578.90
210.94	22628.52
211.00	22691.06
211.05	22736.64
211.10	22793.27
211.16	22850.49
211.21	22919.08
211.26	22990.55
211.32	23072.60
211.37	23142.40
211.42	23207.06
211.47	23279.08
211.53	23340.13
211.58	23392.05
211.63	23444.46
211.69	23505.46
211.74	23553.52
211.79	23600.40
211.85	23660.54
211.90	23728.43
211.95	23794.58
212.01	23862.30
212.06	23942.29
212.11	24018.66
212.16	24090.00
212.22	24165.78
212.27	24234.50
212.32	24299.41
212.38	24366.32
212.43	24430.75
212.48	24486.12
212.54	24553.40
212.59	24627.17
212.64	24688.83
212.69	24752.30
212.75	24817.72
212.80	24887.00
212.85	24952.78
212.91	25006.80
212.96	25067.93
213.01	25135.83
213.07	25191.10
213.12	25250.86
213.17	25322.58
213.22	25389.05
213.28	25449.67
213.33	25501.12
213.38	25547.57
213.44	25606.33
213.49	25668.66
213.54	25736.87
213.60	25821.26
213.65	25904.40
213.70	25988.29
213.75	26061.02
213.81	26119.93
213.86	26179.19
213.91	26231.25
213.97	26272.67
214.02	26314.99
214.07	26363.58
214.12	26404.30
214.18	26451.59
214.23	26505.36
214.28	26557.66
214.34	26610.12
214.39	26657.51
214.44	26695.85
214.49	26709.10
214.55	26708.55
214.60	26693.00
214.65	26668.54
214.71	26648.17
214.76	26679.13
214.81	26759.38
214.86	26887.68
214.92	27038.58
214.97	27198.48
215.02	27333.97
215.08	27435.78
215.13	27506.48
215.18	27556.56
215.23	27605.17
215.29	27652.12
215.34	27726.47
215.39	27817.43
215.45	27933.26
215.50	28055.18
215.55	28172.67
215.60	28270.32
215.66	28341.15
215.71	28409.48
215.76	28477.31
215.81	28539.33
215.87	28598.94
215.92	28662.36
215.97	28717.64
216.03	28773.72
216.08	28830.08
216.13	28883.07
216.18	28946.42
216.24	29007.57
216.29	29056.06
216.34	29109.12
216.39	29174.24
216.45	29233.50
216.50	29291.28
216.55	29352.85
216.61	29424.12
216.66	29477.25
216.71	29533.08
216.76	29595.77
216.82	29671.59
216.87	29739.36
216.92	29816.05
216.97	29891.19
217.03	29966.72
217.08	30029.06
217.13	30103.28
217.18	30178.87
217.24	30248.43
217.29	30314.13
217.34	30378.02
217.39	30428.08
217.45	30472.22
217.50	30522.17
217.55	30581.79
217.61	30646.71
217.66	30710.38
217.71	30777.76
217.76	30856.01
217.82	30932.83
217.87	31009.40
217.92	31085.96
217.97	31156.81
218.03	31216.35
218.08	31255.33
218.13	31296.66
218.18	31342.78
218.24	31409.94
218.29	31464.01
218.34	31534.16
218.39	31598.93
218.45	31665.55
218.50	31716.62
218.55	31788.98
218.60	31848.96
218.66	31907.49
218.71	31971.50
218.76	32035.34
218.81	32096.03
218.87	32162.90
218.92	32231.27
218.97	32300.10
219.02	32371.06
219.08	32437.02
219.13	32505.48
219.18	32571.19
219.23	32629.89
219.29	32689.40
219.34	32752.29
219.39	32814.91
219.44	32884.12
219.50	32959.98
219.55	33027.47
219.60	33094.04
219.65	33164.50
219.71	33223.18
219.76	33270.75
219.81	33320.75
219.86	33370.76
219.92	33412.37
219.97	33464.31
220.02	33518.36
220.07	33575.67
220.13	33640.37
220.18	33711.97
220.23	33784.61
220.28	33868.95
220.33	33949.01
220.39	34010.84
220.44	34066.72
220.49	34118.73
220.54	34158.78
220.60	34202.48
220.65	34259.96
220.70	34335.92
220.75	34411.90
220.81	34497.82
220.86	34577.49
220.91	34650.42
220.96	34711.02
221.02	34776.26
221.07	34835.20
221.12	34894.63
221.17	34951.46
221.22	35013.29
221.28	35075.82
221.33	35138.37
221.38	35201.55
221.43	35277.07
221.49	35337.18
221.54	35401.43
221.59	35469.70
221.64	35552.93
221.69	35638.95
221.75	35741.34
221.80	35837.37
221.85	35914.53
221.90	35982.15
221.96	36038.76
222.01	36074.71
222.06	36104.93
222.11	36147.50
222.17	36191.10
222.22	36221.81
222.27	36271.08
222.32	36321.99
222.37	36372.96
222.43	36435.67
222.48	36500.25
222.53	36569.62
222.58	36646.39
222.63	36718.00
222.69	36778.24
222.74	36857.47
222.79	36918.95
222.84	36964.24
222.90	37017.43
222.95	37068.94
223.00	37104.70
223.05	37154.24
223.10	37218.39
223.16	37275.37
223.21	37326.04
223.26	37377.57
223.31	37424.88
223.36	37459.66
223.42	37500.65
223.47	37538.08
223.52	37581.47
223.57	37630.92
223.63	37684.96
223.68	37733.27
223.73	37801.31
223.78	37876.07
223.83	37939.20
223.89	37998.82
223.94	38070.84
223.99	38132.02
224.04	38208.77
224.09	38278.89
224.15	38370.11
224.20	38452.34
224.25	38549.63
224.30	38632.97
224.35	38728.86
224.41	38827.12
224.46	38918.66
224.51	38995.43
224.56	39073.60
224.61	39153.38
224.67	39226.43
224.72	39304.63
224.77	39402.67
224.82	39494.20
224.87	39576.89
224.93	39655.16
224.98	39740.03
225.03	39819.89
225.08	39895.04
225.13	39981.54
225.19	40077.17
225.24	40166.88
225.29	40235.98
225.34	40319.99
225.39	40399.85
225.45	40474.51
225.50	40550.52
225.55	40640.68
225.60	40715.66
225.65	40800.07
225.71	40878.13
225.76	40946.92
225.81	41013.64
225.86	41091.24
225.91	41149.56
225.97	41199.40
226.02	41247.62
226.07	41270.13
226.12	41300.91
226.17	41346.42
226.22	41423.05
226.28	41542.61
226.33	41692.03
226.38	41825.53
226.43	41950.21
226.48	42039.32
226.54	42095.03
226.59	42154.42
226.64	42208.85
226.69	42264.13
226.74	42325.09
226.80	42401.23
226.85	42473.86
226.90	42544.72
226.95	42633.92
227.00	42733.85
227.05	42831.76
227.11	42930.02
227.16	43035.89
227.21	43116.79
227.26	43212.04
227.31	43289.88
227.37	43351.91
227.42	43421.85
227.47	43509.80
227.52	43575.33
227.57	43634.88
227.62	43718.99
227.68	43794.39
227.73	43865.76
227.78	43940.86
227.83	44030.92
227.88	44104.24
227.93	44183.88
227.99	44261.89
228.04	44338.55
228.09	44415.24
228.14	44484.80
228.19	44551.70
228.24	44611.61
228.30	44680.33
228.35	44741.79
228.40	44815.34
228.45	44875.97
228.50	44951.81
228.56	45010.08
228.61	45066.54
228.66	45125.90
228.71	45177.12
228.76	45217.37
228.81	45267.15
228.87	45324.58
228.92	45377.27
228.97	45449.69
229.02	45538.81
229.07	45615.58
229.12	45699.27
229.17	45777.76
229.23	45850.28
229.28	45921.70
229.33	46000.39
229.38	46072.55
229.43	46143.38
229.48	46221.95
229.54	46287.56
229.59	46351.66
229.64	46427.02
229.69	46505.83
229.74	46596.03
229.79	46663.10
229.85	46744.27
229.90	46806.07
229.95	46865.59
230.00	46917.69
230.05	47004.32
230.10	47067.48
230.16	47138.23
230.21	47199.35
230.26	47253.93
230.31	47287.97
230.36	47348.07
230.41	47407.89
230.46	47498.22
230.52	47592.82
230.57	47686.21
230.62	47772.86
230.67	47847.64
230.72	47895.69
230.77	47933.94
230.82	47980.35
230.88	48007.59
230.93	48046.37
230.98	48093.28
231.03	48150.47
231.08	48202.75
231.13	48261.93
231.19	48328.25
231.24	48402.45
231.29	48480.38
231.34	48557.25
231.39	48642.08
231.44	48716.52
231.49	48762.53
231.55	48806.33
231.60	48845.43
231.65	48890.49
231.70	48928.52
231.75	48988.16
231.80	49036.65
231.85	49093.05
231.91	49135.99
231.96	49189.34
232.01	49243.26
232.06	49319.33
232.11	49392.55
232.16	49471.58
232.21	49556.11
232.26	49645.41
232.32	49713.50
232.37	49771.25
232.42	49830.96
232.47	49879.34
232.52	49918.38
232.57	49974.67
232.62	50041.01
232.68	50102.93
232.73	50175.32
232.78	50260.15
232.83	50327.51
232.88	50398.34
232.93	50475.89
232.98	50539.37
233.03	50583.33
233.09	50645.87
233.14	50714.16
233.19	50771.77
233.24	50820.63
233.29	50879.12
233.34	50910.33
233.39	50932.89
233.45	50959.94
233.50	51003.67
233.55	51047.37
233.60	51113.38
233.65	51174.10
233.70	51239.15
233.75	51290.37
233.80	51347.97
233.86	51402.98
233.91	51452.67
233.96	51501.05
234.01	51561.10
234.06	51608.61
234.11	51667.03
234.16	51717.58
234.21	51772.58
234.26	51818.86
234.32	51867.97
234.37	51898.58
234.42	51939.44
234.47	51958.19
234.52	51992.24
234.57	52031.87
234.62	52071.27
234.67	52119.49
234.73	52182.51
234.78	52235.81
234.83	52276.22
234.88	52325.27
234.93	52359.68
234.98	52399.42
235.03	52436.97
235.08	52508.67
235.13	52568.64
235.19	52642.99
235.24	52708.04
235.29	52782.24
235.34	52824.41
235.39	52848.49
235.44	52877.18
235.49	52908.10
235.54	52927.50
235.59	52939.61
235.65	52973.87
235.70	53012.94
235.75	53051.32
235.80	53109.05
235.85	53167.18
235.90	53222.15
235.95	53247.35
236.00	53273.36
236.05	53286.09
236.11	53312.07
236.16	53340.54
236.21	53392.30
236.26	53431.57
236.31	53468.22
236.36	53489.08
236.41	53496.86
236.46	53499.23
236.51	53517.72
236.56	53541.92
236.62	53572.93
236.67	53617.23
236.72	53658.55
236.77	53690.69
236.82	53735.13
236.87	53760.74
236.92	53780.47
236.97	53821.37
237.02	53870.27
237.07	53912.55
237.13	53971.57
237.18	54045.60
237.23	54090.82
237.28	54127.88
237.33	54166.81
237.38	54187.42
237.43	54205.70
237.48	54214.74
237.53	54232.91
237.58	54252.84
237.63	54298.74
237.69	54333.15
237.74	54377.88
237.79	54416.64
237.84	54424.86
237.89	54431.23
237.94	54438.71
237.99	54459.16
238.04	54476.95
238.09	54506.15
238.14	54531.01
238.19	54554.46
238.25	54569.80
238.30	54566.53
238.35	54568.10
238.40	54576.28
238.45	54578.06
238.50	54585.37
238.55	54593.27
238.60	54623.78
238.65	54644.09
238.70	54661.90
238.75	54670.41
238.80	54704.92
238.86	54710.26
238.91	54721.36
238.96	54751.66
239.01	54793.20
239.06	54820.45
239.11	54848.17
239.16	54878.22
239.21	54883.90
239.26	54875.80
239.31	54884.28
239.36	54893.37
239.41	54907.24
239.46	54931.03
239.52	54962.66
239.57	54982.85
239.62	55011.72
239.67	55033.74
239.72	55064.02
239.77	55075.02
239.82	55091.70
239.87	55101.06
239.92	55102.28
239.97	55082.02
240.02	55073.11
240.07	55060.60
240.12	55058.14
240.17	55062.95
240.23	55076.99
240.28	55088.57
240.33	55106.92
240.38	55097.30
240.43	55098.08
240.48	55115.53
240.53	55132.47
240.58	55150.33
240.63	55192.13
240.68	55203.98
240.73	55197.11
240.78	55191.72
240.83	55187.46
240.88	55159.27
240.93	55154.96
240.98	55151.93
241.04	55175.33
241.09	55195.47
241.14	55224.56
241.19	55264.21
241.24	55291.04
241.29	55301.39
241.34	55304.23
241.39	55316.78
241.44	55320.42
241.49	55329.93
241.54	55325.78
241.59	55317.53
241.64	55314.21
241.69	55297.05
241.74	55280.97
241.79	55271.93
241.84	55266.50
241.90	55247.56
241.95	55222.25
242.00	55202.73
242.05	55178.53
242.10	55165.05
242.15	55151.37
242.20	55148.65
242.25	55144.98
242.30	55149.10
242.35	55140.69
242.40	55136.33
242.45	55130.71
242.50	55122.82
242.55	55111.65
242.60	55116.72
242.65	55117.10
242.70	55127.80
242.75	55154.59
242.80	55199.65
242.85	55231.78
242.91	55250.00
242.96	55241.50
243.01	55225.43
243.06	55193.97
243.11	55153.87
243.16	55136.52
243.21	55140.15
243.26	55149.97
243.31	55161.65
243.36	55175.88
243.41	55187.12
243.46	55183.89
243.51	55148.41
243.56	55096.21
243.61	55038.56
243.66	54994.17
243.71	54960.11
243.76	54957.18
243.81	54975.88
243.86	54979.22
243.91	54991.27
243.96	54989.08
244.01	54960.88
244.06	54930.45
244.12	54921.64
244.17	54901.92
244.22	54906.67
244.27	54934.01
244.32	54969.88
244.37	54993.33
244.42	55001.12
244.47	54994.34
244.52	54972.65
244.57	54929.66
244.62	54902.94
244.67	54884.76
244.72	54855.55
244.77	54850.10
244.82	54873.59
244.87	54902.58
244.92	54919.14
244.97	54938.85
245.02	54937.47
245.07	54912.04
245.12	54882.24
245.17	54861.34
245.22	54865.61
245.27	54859.22
245.32	54828.35
245.37	54795.04
245.42	54756.25
245.47	54699.53
245.52	54652.51
245.57	54637.68
245.62	54620.80
245.67	54606.63
245.72	54600.32
245.77	54587.78
245.82	54574.79
245.87	54572.80
245.92	54581.22
245.98	54575.82
246.03	54571.94
246.08	54574.07
246.13	54570.69
246.18	54567.81
246.23	54560.20
246.28	54553.46
246.33	54534.82
246.38	54509.75
246.43	54477.31
246.48	54463.29
246.53	54464.28
246.58	54470.63
246.63	54476.69
246.68	54470.77
246.73	54449.10
246.78	54427.83
246.83	54379.86
246.88	54327.05
246.93	54284.62
246.98	54237.08
247.03	54202.41
247.08	54189.20
247.13	54180.42
247.18	54167.99
247.23	54191.14
247.28	54193.24
247.33	54174.15
247.38	54157.63
247.43	54146.19
247.48	54132.83
247.53	54099.52
247.58	54072.72
247.63	54043.53
247.68	54008.86
247.73	53937.29
247.78	53900.98
247.83	53867.19
247.88	53846.38
247.93	53828.63
247.98	53835.83
248.03	53842.21
248.08	53859.00
248.13	53855.65
248.18	53849.57
248.23	53850.97
248.28	53811.12
248.33	53767.88
248.38	53732.03
248.43	53704.63
248.48	53678.55
248.53	53673.46
248.58	53661.70
248.63	53660.62
248.68	53637.95
248.73	53601.36
248.78	53564.64
248.83	53518.72
248.88	53451.65
248.93	53386.89
248.98	53315.64
249.03	53273.15
249.08	53247.40
249.13	53244.33
249.18	53241.18
249.23	53255.08
249.28	53241.35
249.33	53238.55
249.38	53218.15
249.43	53206.22
249.48	53182.87
249.53	53176.16
249.58	53155.85
249.63	53137.95
249.68	53125.42
249.73	53110.15
249.78	53089.05
249.83	53081.23
249.88	53053.23
249.93	53031.42
249.98	53017.85
250.03	53006.87
250.08	52976.37
250.13	52971.35
250.18	52952.62
250.23	52908.75
250.28	52861.55
250.33	52812.24
250.37	52765.52
250.42	52719.69
250.47	52701.78
250.52	52683.92
250.57	52668.37
250.62	52633.01
250.67	52607.64
250.72	52581.86
250.77	52538.65
250.82	52516.28
250.87	52516.23
250.92	52503.00
250.97	52479.08
251.02	52474.08
251.07	52474.30
251.12	52452.89
251.17	52416.15
251.22	52385.85
251.27	52349.24
251.32	52297.60
251.37	52242.61
251.42	52200.54
251.47	52163.24
251.52	52132.24
251.57	52109.14
251.62	52099.71
251.67	52098.40
251.72	52080.37
251.77	52056.76
251.82	52018.83
251.87	51976.77
251.92	51931.72
251.97	51883.72
252.02	51835.01
252.07	51801.38
252.12	51783.57
252.16	51764.29
252.21	51762.57
252.26	51768.88
252.31	51768.83
252.36	51763.17
252.41	51749.54
252.46	51722.92
252.51	51695.47
252.56	51664.60
252.61	51631.11
252.66	51606.58
252.71	51585.29
252.76	51557.38
252.81	51512.66
252.86	51459.10
252.91	51408.49
252.96	51349.48
253.01	51284.10
253.06	51228.61
253.11	51184.89
253.16	51143.79
253.21	51094.60
253.26	51048.02
253.31	51017.91
253.36	50993.39
253.40	50962.33
253.45	50947.09
253.50	50912.77
253.55	50876.31
253.60	50824.03
253.65	50783.22
253.70	50749.02
253.75	50738.82
253.80	50721.25
253.85	50721.20
253.90	50722.35
253.95	50712.79
254.00	50705.39
254.05	50689.17
254.10	50655.90
254.15	50615.99
254.20	50583.08
254.25	50548.69
254.30	50523.06
254.35	50482.46
254.39	50422.17
254.44	50348.07
254.49	50277.59
254.54	50230.97
254.59	50197.15
254.64	50189.61
254.69	50194.11
254.74	50196.83
254.79	50175.57
254.84	50146.43
254.89	50121.48
254.94	50095.42
254.99	50080.02
255.04	50060.52
255.09	50051.14
255.14	50031.52
255.19	50022.22
255.23	50006.38
255.28	49995.25
255.33	49981.09
255.38	49973.99
255.43	49956.82
255.48	49930.51
255.53	49899.62
255.58	49874.59
255.63	49832.33
255.68	49782.74
255.73	49739.72
255.78	49695.12
255.83	49667.76
255.88	49642.77
255.93	49615.51
255.97	49597.42
256.02	49577.09
256.07	49530.91
256.12	49464.42
256.17	49416.89
256.22	49348.47
256.27	49290.21
256.32	49249.41
256.37	49230.51
256.42	49209.46
256.47	49192.72
256.52	49169.22
256.57	49141.01
256.62	49123.39
256.66	49108.50
256.71	49084.37
256.76	49043.55
256.81	48995.09
256.86	48950.31
256.91	48897.85
256.96	48846.33
257.01	48821.85
257.06	48798.73
257.11	48760.12
257.16	48709.57
257.21	48677.63
257.26	48646.56
257.30	48614.70
257.35	48578.70
257.40	48560.47
257.45	48538.75
257.50	48502.18
257.55	48461.38
257.60	48439.32
257.65	48413.14
257.70	48376.64
257.75	48341.73
257.80	48319.36
257.85	48283.55
257.89	48234.19
257.94	48172.31
257.99	48109.91
258.04	48054.10
258.09	48010.62
258.14	47977.47
258.19	47968.23
258.24	47955.17
258.29	47912.85
258.34	47869.94
258.39	47834.42
258.44	47776.52
258.48	47719.45
258.53	47689.04
258.58	47649.33
258.63	47595.43
258.68	47554.38
258.73	47516.92
258.78	47478.39
258.83	47432.88
258.88	47398.52
258.93	47365.25
258.97	47346.47
259.02	47317.08
259.07	47295.58
259.12	47279.41
259.17	47261.33
259.22	47233.12
259.27	47209.77
259.32	47190.97
259.37	47146.28
259.42	47106.89
259.47	47069.27
259.51	47023.15
259.56	46958.98
259.61	46899.28
259.66	46822.88
259.71	46742.62
259.76	46678.47
259.81	46618.50
259.86	46574.31
259.91	46535.70
259.95	46514.83
260.00	46484.81
260.05	46470.74
260.10	46449.33
260.15	46444.40
260.20	46431.10
260.25	46424.76
260.30	46413.27
260.35	46390.19
260.40	46353.72
260.44	46328.36
260.49	46307.61
260.54	46272.65
260.59	46250.52
260.64	46243.33
260.69	46232.38
260.74	46186.09
260.79	46153.87
260.84	46110.91
260.88	46049.66
260.93	45974.57
260.98	45942.90
261.03	45899.12
261.08	45870.34
261.13	45836.42
261.18	45800.22
261.23	45739.69
261.28	45698.53
261.32	45653.92
261.37	45611.94
261.42	45575.52
261.47	45557.53
261.52	45510.90
261.57	45460.54
261.62	45420.74
261.67	45370.33
261.71	45301.56
261.76	45259.81
261.81	45210.37
261.86	45155.79
261.91	45111.67
261.96	45072.07
262.01	45027.03
262.06	45007.11
262.10	44990.67
262.15	44974.78
262.20	44962.02
262.25	44946.23
262.30	44923.01
262.35	44902.71
262.40	44874.67
262.45	44850.31
262.49	44825.53
262.54	44784.72
262.59	44750.11
262.64	44725.19
262.69	44684.99
262.74	44641.03
262.79	44589.07
262.84	44546.65
262.88	44496.04
262.93	44439.78
262.98	44394.53
263.03	44360.14
263.08	44301.23
263.13	44229.33
263.18	44173.00
263.23	44115.12
263.27	44066.86
263.32	44038.15
263.37	44019.47
263.42	43999.32
263.47	43969.57
263.52	43945.23
263.57	43906.80
263.61	43870.54
263.66	43831.26
263.71	43802.54
263.76	43766.45
263.81	43725.92
263.86	43691.36
263.91	43648.89
263.95	43581.07
264.00	43517.58
264.05	43466.22
264.10	43402.55
264.15	43344.50
264.20	43314.89
264.25	43275.60
264.29	43234.79
264.34	43174.56
264.39	43136.68
264.44	43085.30
264.49	43040.08
264.54	42992.97
264.59	42968.00
264.63	42914.56
264.68	42863.19
264.73	42812.77
264.78	42764.03
264.83	42715.69
264.88	42680.84
264.93	42656.51
264.97	42628.80
265.02	42599.47
265.07	42580.35
265.12	42538.28
265.17	42493.95
265.22	42459.68
265.27	42403.32
265.31	42339.94
265.36	42277.35
265.41	42216.43
265.46	42143.39
265.51	42078.51
265.56	42019.75
265.60	41971.75
265.65	41909.64
265.70	41855.31
265.75	41803.61
265.80	41746.66
265.85	41690.52
265.90	41641.37
265.94	41588.69
265.99	41528.91
266.04	41480.60
266.09	41439.06
266.14	41400.29
266.19	41364.24
266.23	41339.17
266.28	41300.48
266.33	41267.81
266.38	41236.96
266.43	41212.11
266.48	41190.27
266.52	41160.31
266.57	41123.21
266.62	41085.58
266.67	41035.77
266.72	40986.59
266.77	40958.00
266.81	40935.36
266.86	40909.30
266.91	40876.05
266.96	40834.13
267.01	40794.39
267.06	40737.14
267.10	40684.60
267.15	40643.64
267.20	40612.54
267.25	40571.35
267.30	40541.69
267.35	40500.83
267.39	40459.95
267.44	40415.08
267.49	40366.85
267.54	40321.16
267.59	40270.31
267.64	40215.95
267.68	40158.54
267.73	40103.23
267.78	40057.97
267.83	40032.63
267.88	40021.99
267.93	40020.55
267.97	40008.74
268.02	39976.44
268.07	39933.34
268.12	39870.01
268.17	39799.64
268.21	39753.67
268.26	39704.88
268.31	39658.90
268.36	39618.22
268.41	39566.70
268.46	39516.67
268.50	39478.14
268.55	39427.47
268.60	39365.22
268.65	39317.02
268.70	39237.07
268.74	39168.43
268.79	39101.07
268.84	39049.63
268.89	39009.75
268.94	38980.21
268.99	38940.28
269.03	38895.40
269.08	38849.85
269.13	38773.37
269.18	38687.73
269.23	38591.92
269.27	38492.06
269.32	38369.03
269.37	38244.08
269.42	38117.21
269.47	37975.46
269.51	37835.69
269.56	37697.33
269.61	37561.46
269.66	37416.17
269.71	37268.17
269.76	37124.81
269.80	36971.22
269.85	36817.91
269.90	36668.66
269.95	36528.19
270.00	36367.65
270.04	36221.71
270.09	36076.07
270.14	35932.30
270.19	35793.31
270.24	35663.43
270.28	35510.97
270.33	35344.57
270.38	35168.89
270.43	34994.52
270.48	34813.25
270.52	34657.47
270.57	34506.04
270.62	34359.42
270.67	34207.14
270.72	34055.37
270.76	33882.35
270.81	33710.28
270.86	33533.43
270.91	33356.13
270.96	33185.24
271.00	33019.42
271.05	32869.54
271.10	32730.63
271.15	32597.66
271.20	32473.56
271.24	32344.95
271.29	32205.48
271.34	32061.01
271.39	31907.46
271.44	31753.02
271.48	31615.53
271.53	31469.52
271.58	31327.26
271.63	31184.75
271.67	31040.85
271.72	30889.03
271.77	30751.60
271.82	30616.83
271.87	30480.47
271.91	30327.24
271.96	30182.75
272.01	30038.57
272.06	29903.95
272.11	29781.29
272.15	29678.20
272.20	29576.05
272.25	29484.77
272.30	29380.99
272.35	29272.47
272.39	29166.52
272.44	29050.34
272.49	28911.66
272.54	28773.28
272.58	28628.43
272.63	28469.99
272.68	28317.27
272.73	28160.30
272.78	27990.97
272.82	27795.77
272.87	27576.19
272.92	27288.52
272.97	26762.42
273.01	23811.14
273.06	18878.56
273.11	13444.52
273.16	8110.66
273.21	3053.96
273.25	461.32
273.30	-88.63
273.35	-90.03
