165.32	3382.42
165.38	-247.49
165.44	596.87
165.50	-77.01
165.55	-18.65
165.61	3.23
165.67	31.02
165.72	39.75
165.78	44.96
165.84	43.33
165.89	41.01
165.95	39.04
166.01	38.18
166.06	39.96
166.12	42.27
166.18	39.58
166.23	41.45
166.29	40.68
166.35	36.77
166.40	36.27
166.46	43.15
166.52	46.15
166.57	47.26
166.63	48.06
166.69	50.40
166.74	44.40
166.80	44.81
166.86	46.52
166.91	47.17
166.97	41.33
167.03	43.97
167.08	37.89
167.14	37.07
167.20	35.63
167.25	48.16
167.31	48.35
167.37	54.02
167.42	55.90
167.48	61.48
167.54	56.08
167.59	55.49
167.65	51.06
167.71	50.81
167.76	49.78
167.82	45.34
167.88	45.46
167.93	53.15
167.99	52.24
168.05	54.19
168.10	61.72
168.16	60.74
168.21	58.98
168.27	63.62
168.33	65.79
168.38	58.72
168.44	63.86
168.50	61.96
168.55	60.15
168.61	60.92
168.67	63.00
168.72	59.71
168.78	60.11
168.84	55.81
168.89	54.69
168.95	55.51
169.01	55.28
169.06	54.80
169.12	54.26
169.18	51.81
169.23	51.77
169.29	55.85
169.34	60.59
169.40	63.15
169.46	67.74
169.51	69.76
169.57	65.11
169.63	61.07
169.68	66.24
169.74	62.63
169.80	68.47
169.85	70.31
169.91	74.13
169.97	69.91
170.02	69.89
170.08	68.63
170.13	69.12
170.19	68.95
170.25	70.56
170.30	74.70
170.36	66.30
170.42	68.26
170.47	69.25
170.53	70.70
170.59	67.50
170.64	71.42
170.70	69.21
170.76	66.61
170.81	68.59
170.87	67.87
170.92	68.71
170.98	72.05
171.04	74.38
171.09	70.24
171.15	77.78
171.21	78.26
171.26	74.91
171.32	72.41
171.37	75.79
171.43	70.28
171.49	74.85
171.54	78.53
171.60	79.96
171.66	81.92
171.71	82.03
171.77	80.07
171.83	85.53
171.88	84.67
171.94	84.10
171.99	89.09
172.05	87.87
172.11	88.98
172.16	97.28
172.22	97.78
172.28	97.91
172.33	95.86
172.39	92.94
172.44	89.87
172.50	95.22
172.56	94.56
172.61	102.84
172.67	103.13
172.72	103.06
172.78	97.86
172.84	92.77
172.89	86.01
172.95	84.28
173.01	85.46
173.06	83.75
173.12	89.57
173.17	91.37
173.23	90.75
173.29	90.86
173.34	92.53
173.40	87.47
173.46	87.95
173.51	90.72
173.57	90.51
173.62	85.52
173.68	91.83
173.74	90.74
173.79	92.08
173.85	89.36
173.90	92.06
173.96	88.63
174.02	85.79
174.07	77.53
174.13	76.51
174.18	78.49
174.24	71.52
174.30	71.74
174.35	77.63
174.41	74.71
174.47	69.01
174.52	70.34
174.58	69.50
174.63	65.10
174.69	64.53
174.75	65.95
174.80	77.26
174.86	74.77
174.91	75.70
174.97	75.58
175.03	73.05
175.08	60.20
175.14	66.32
175.19	62.21
175.25	62.76
175.31	67.37
175.36	69.27
175.42	66.76
175.47	71.39
175.53	71.75
175.59	68.19
175.64	69.73
175.70	67.76
175.75	63.31
175.81	61.55
175.87	62.98
175.92	59.40
175.98	61.04
176.03	60.62
176.09	60.81
176.15	60.29
176.20	61.24
176.26	60.73
176.31	64.52
176.37	62.58
176.42	63.60
176.48	67.04
176.54	65.26
176.59	62.43
176.65	64.67
176.70	66.04
176.76	65.44
176.82	63.17
176.87	60.00
176.93	60.16
176.98	58.95
177.04	54.10
177.10	59.04
177.15	60.08
177.21	60.73
177.26	59.55
177.32	63.54
177.37	65.11
177.43	68.95
177.49	65.56
177.54	63.38
177.60	63.58
177.65	64.31
177.71	59.03
177.77	62.13
177.82	63.88
177.88	67.39
177.93	61.97
177.99	68.33
178.04	64.23
178.10	64.72
178.16	58.24
178.21	59.80
178.27	57.09
178.32	61.35
178.38	60.11
178.43	61.93
178.49	61.95
178.55	61.12
178.60	59.39
178.66	58.92
178.71	60.11
178.77	58.11
178.82	58.97
178.88	59.11
178.94	59.47
178.99	60.29
179.05	64.83
179.10	61.25
179.16	63.95
179.21	66.59
179.27	65.58
179.33	60.86
179.38	64.45
179.44	62.48
179.49	62.16
179.55	60.37
179.60	60.73
179.66	59.92
179.72	62.03
179.77	59.34
179.83	58.38
179.88	59.79
179.94	61.09
179.99	57.72
180.05	58.44
180.11	59.39
180.16	61.96
180.22	63.96
180.27	68.55
180.33	69.11
180.38	73.05
180.44	68.25
180.49	68.06
180.55	66.33
180.61	70.37
180.66	65.27
180.72	64.03
180.77	62.45
180.83	62.07
180.88	59.24
180.94	59.05
180.99	62.53
181.05	62.57
181.11	63.51
181.16	64.22
181.22	65.93
181.27	68.41
181.33	66.82
181.38	63.59
181.44	64.46
181.49	68.67
181.55	69.14
181.61	75.34
181.66	77.91
181.72	75.86
181.77	72.96
181.83	70.48
181.88	75.34
181.94	77.02
181.99	81.77
182.05	82.36
182.11	83.47
182.16	74.78
182.22	72.91
182.27	68.78
182.33	71.05
182.38	70.65
182.44	75.02
182.49	77.06
182.55	78.83
182.60	78.97
182.66	82.32
182.72	85.21
182.77	86.90
182.83	90.44
182.88	92.82
182.94	94.15
182.99	91.25
183.05	90.46
183.10	92.18
183.16	91.63
183.21	92.65
183.27	99.91
183.32	104.01
183.38	107.24
183.44	113.13
183.49	118.20
183.55	118.91
183.60	125.02
183.66	131.06
183.71	139.85
183.77	146.69
183.82	155.85
183.88	166.35
183.93	176.88
183.99	191.01
184.04	207.39
184.10	219.64
184.15	231.63
184.21	244.84
184.27	246.74
184.32	247.70
184.38	245.84
184.43	241.70
184.49	225.91
184.54	209.42
184.60	200.79
184.65	187.88
184.71	179.35
184.76	181.35
184.82	198.44
184.87	214.35
184.93	239.01
184.98	265.97
185.04	296.77
185.09	321.46
185.15	347.40
185.20	379.10
185.26	412.77
185.31	441.20
185.37	468.23
185.43	488.38
185.48	507.03
185.54	530.21
185.59	555.08
185.65	579.80
185.70	620.07
185.76	665.35
185.81	699.27
185.87	736.95
185.92	781.64
185.98	817.82
186.03	834.81
186.09	838.26
186.14	815.11
186.20	762.90
186.25	678.92
186.31	594.37
186.36	528.00
186.42	498.21
186.47	507.99
186.53	553.76
186.58	623.34
186.64	698.65
186.69	770.43
186.75	831.14
186.80	890.71
186.86	949.01
186.91	1008.24
186.97	1065.02
187.02	1135.27
187.08	1202.93
187.13	1261.54
187.19	1324.10
187.24	1390.55
187.30	1439.31
187.35	1489.31
187.41	1553.53
187.47	1614.32
187.52	1666.83
187.58	1726.42
187.63	1797.57
187.69	1868.17
187.74	1927.63
187.80	1981.96
187.85	2027.50
187.91	2048.75
187.96	2034.65
188.02	1973.81
188.07	1865.89
188.13	1711.36
188.18	1547.63
188.24	1424.75
188.29	1367.02
188.35	1377.61
188.40	1457.48
188.46	1580.82
188.51	1704.77
188.57	1835.06
188.62	1959.71
188.67	2077.91
188.73	2190.78
188.78	2296.57
188.84	2398.94
188.89	2501.07
188.95	2605.77
189.00	2694.61
189.06	2792.96
189.11	2885.74
189.17	2968.24
189.22	3038.85
189.28	3128.01
189.33	3202.62
189.39	3265.57
189.44	3333.93
189.50	3410.68
189.55	3476.63
189.61	3532.92
189.66	3593.00
189.72	3648.52
189.77	3698.78
189.83	3726.63
189.88	3736.31
189.94	3707.41
189.99	3628.81
190.05	3474.43
190.10	3257.34
190.16	3005.65
190.21	2782.45
190.27	2638.39
190.32	2601.20
190.38	2669.14
190.43	2820.93
190.49	3003.40
190.54	3164.99
190.60	3307.18
190.65	3432.11
190.71	3544.81
190.76	3651.08
190.81	3759.07
190.87	3867.19
190.92	3987.80
190.98	4109.56
191.03	4229.09
191.09	4356.10
191.14	4469.32
191.20	4565.41
191.25	4665.59
191.31	4765.93
191.36	4859.45
191.42	4954.40
191.47	5058.75
191.53	5160.68
191.58	5248.51
191.64	5321.30
191.69	5391.98
191.75	5437.63
191.80	5469.82
191.85	5489.74
191.91	5507.56
191.96	5527.05
192.02	5557.45
192.07	5570.96
192.13	5564.74
192.18	5520.76
192.24	5405.35
192.29	5211.64
192.35	4988.64
192.40	4806.93
192.46	4695.90
192.51	4688.77
192.57	4783.33
192.62	4957.04
192.67	5141.99
192.73	5319.79
192.78	5484.86
192.84	5635.85
192.89	5773.79
192.95	5902.71
193.00	6020.26
193.06	6128.18
193.11	6236.76
193.17	6324.35
193.22	6408.83
193.28	6500.43
193.33	6576.63
193.38	6644.62
193.44	6716.79
193.49	6791.35
193.55	6845.86
193.60	6902.79
193.66	6955.53
193.71	7002.65
193.77	7027.11
193.82	7048.82
193.88	7067.61
193.93	7094.36
193.98	7120.58
194.04	7160.90
194.09	7205.83
194.15	7258.50
194.20	7301.46
194.26	7338.98
194.31	7380.35
194.37	7408.49
194.42	7415.97
194.47	7404.21
194.53	7364.42
194.58	7275.66
194.64	7164.57
194.69	7065.79
194.75	6999.44
194.80	6982.78
194.86	7023.49
194.91	7117.52
194.97	7224.25
195.02	7332.17
195.07	7438.20
195.13	7540.82
195.18	7648.09
195.24	7754.59
195.29	7860.12
195.35	7957.38
195.40	8054.93
195.46	8132.40
195.51	8213.94
195.56	8293.64
195.62	8372.66
195.67	8440.35
195.73	8513.54
195.78	8571.55
195.84	8616.59
195.89	8651.06
195.94	8686.29
196.00	8716.66
196.05	8755.08
196.11	8803.36
196.16	8858.20
196.22	8916.89
196.27	8976.99
196.32	9028.60
196.38	9074.86
196.43	9117.79
196.49	9154.62
196.54	9192.42
196.60	9235.64
196.65	9278.33
196.71	9323.72
196.76	9371.24
196.81	9408.33
196.87	9441.30
196.92	9470.64
196.98	9489.82
197.03	9499.81
197.09	9493.83
197.14	9490.55
197.19	9489.90
197.25	9503.51
197.30	9526.30
197.36	9583.12
197.41	9643.17
197.47	9707.29
197.52	9767.77
197.57	9835.50
197.63	9889.50
197.68	9941.48
197.74	9991.53
197.79	10038.60
197.84	10080.78
197.90	10129.84
197.95	10174.14
198.01	10218.62
198.06	10263.42
198.12	10308.95
198.17	10345.76
198.22	10388.79
198.28	10425.66
198.33	10467.46
198.39	10505.48
198.44	10553.90
198.49	10599.34
198.55	10646.74
198.60	10695.80
198.66	10739.17
198.71	10789.32
198.77	10836.53
198.82	10887.26
198.87	10931.01
198.93	10982.67
198.98	11021.91
199.04	11067.03
199.09	11108.20
199.14	11150.81
199.20	11188.95
199.25	11231.96
199.31	11274.24
199.36	11317.94
199.42	11359.07
199.47	11406.54
199.52	11446.50
199.58	11481.70
199.63	11509.66
199.69	11539.72
199.74	11570.75
199.79	11595.02
199.85	11622.53
199.90	11663.51
199.96	11703.91
200.01	11746.95
200.06	11799.53
200.12	11852.73
200.17	11906.57
200.23	11962.59
200.28	12006.70
200.33	12056.69
200.39	12104.15
200.44	12141.40
200.50	12179.25
200.55	12220.28
200.60	12259.56
200.66	12294.21
200.71	12331.63
200.77	12372.26
200.82	12410.66
200.87	12446.38
200.93	12484.42
200.98	12525.24
201.04	12565.77
201.09	12613.23
201.14	12664.38
201.20	12714.30
201.25	12769.91
201.31	12823.00
201.36	12881.71
201.41	12938.94
201.47	13000.68
201.52	13051.25
201.58	13109.84
201.63	13156.74
201.68	13201.39
201.74	13243.75
201.79	13293.12
201.84	13343.70
201.90	13391.06
201.95	13443.22
202.01	13498.90
202.06	13552.85
202.11	13594.34
202.17	13642.80
202.22	13687.34
202.28	13731.52
202.33	13767.21
202.38	13804.02
202.44	13844.74
202.49	13887.55
202.54	13933.14
202.60	13985.18
202.65	14037.00
202.71	14085.71
202.76	14129.08
202.81	14168.98
202.87	14215.24
202.92	14263.65
202.98	14319.77
203.03	14370.29
203.08	14421.41
203.14	14476.60
203.19	14533.01
203.24	14581.62
203.30	14634.61
203.35	14686.76
203.41	14730.21
203.46	14773.82
203.51	14814.56
203.57	14860.55
203.62	14907.52
203.67	14962.25
203.73	15005.35
203.78	15049.31
203.84	15097.88
203.89	15141.35
203.94	15178.12
204.00	15226.02
204.05	15279.23
204.10	15311.14
204.16	15344.44
204.21	15379.92
204.27	15407.61
204.32	15428.36
204.37	15459.97
204.43	15479.18
204.48	15497.63
204.53	15513.11
204.59	15548.12
204.64	15605.33
204.69	15692.33
204.75	15778.22
204.80	15885.70
204.86	15966.24
204.91	16029.24
204.96	16079.72
205.02	16122.81
205.07	16162.35
205.12	16220.82
205.18	16292.06
205.23	16364.42
205.28	16455.60
205.34	16534.06
205.39	16611.06
205.45	16677.58
205.50	16742.37
205.55	16797.16
205.61	16856.73
205.66	16912.27
205.71	16975.54
205.77	17038.08
205.82	17101.17
205.87	17158.36
205.93	17213.11
205.98	17262.24
206.03	17304.52
206.09	17345.21
206.14	17393.56
206.20	17443.30
206.25	17492.56
206.30	17554.51
206.36	17613.62
206.41	17676.19
206.46	17734.40
206.52	17783.13
206.57	17827.58
206.62	17872.05
206.68	17915.73
206.73	17963.06
206.78	18025.08
206.84	18083.04
206.89	18143.77
206.94	18205.69
207.00	18276.46
207.05	18338.25
207.11	18399.23
207.16	18461.42
207.21	18524.66
207.27	18575.66
207.32	18631.49
207.37	18694.06
207.43	18747.72
207.48	18793.73
207.53	18846.99
207.59	18899.52
207.64	18950.67
207.69	19018.34
207.75	19090.69
207.80	19150.45
207.85	19206.50
207.91	19262.04
207.96	19313.69
208.01	19365.16
208.07	19424.84
208.12	19489.37
208.17	19544.86
208.23	19593.61
208.28	19647.36
208.33	19707.06
208.39	19767.21
208.44	19831.95
208.49	19895.42
208.55	19954.16
208.60	20001.42
208.65	20048.03
208.71	20098.14
208.76	20154.26
208.81	20214.06
208.87	20277.34
208.92	20338.71
208.97	20400.93
209.03	20460.07
209.08	20517.50
209.13	20575.66
209.19	20636.79
209.24	20696.40
209.29	20758.98
209.35	20813.15
209.40	20878.27
209.45	20937.85
209.51	20999.80
209.56	21062.38
209.61	21129.93
209.67	21191.45
209.72	21256.43
209.77	21317.92
209.83	21381.72
209.88	21456.34
209.93	21521.90
209.99	21582.73
210.04	21651.64
210.09	21716.66
210.15	21772.54
210.20	21831.40
210.25	21899.40
210.31	21959.34
210.36	22010.25
210.41	22055.13
210.46	22114.66
210.52	22167.18
210.57	22216.22
210.62	22277.90
210.68	22347.31
210.73	22399.64
210.78	22460.43
210.84	22524.24
210.89	22584.47
210.94	22635.81
211.00	22695.37
211.05	22748.10
211.10	22814.03
211.16	22871.23
211.21	22944.53
211.26	23013.78
211.32	23088.12
211.37	23148.64
211.42	23215.54
211.47	23277.28
211.53	23340.78
211.58	23398.01
211.63	23462.26
211.69	23523.67
211.74	23579.97
211.79	23625.08
211.85	23680.61
211.90	23730.38
211.95	23798.10
212.01	23864.91
212.06	23940.89
212.11	24013.92
212.16	24093.03
212.22	24166.87
212.27	24232.54
212.32	24302.28
212.38	24368.90
212.43	24430.30
212.48	24487.54
212.54	24556.96
212.59	24626.15
212.64	24695.41
212.69	24759.37
212.75	24824.91
212.80	24890.69
212.85	24952.41
212.91	25002.93
212.96	25059.02
213.01	25118.20
213.07	25166.94
213.12	25235.11
213.17	25303.38
213.22	25371.59
213.28	25433.98
213.33	25489.42
213.38	25537.87
213.44	25592.69
213.49	25655.11
213.54	25726.81
213.60	25817.94
213.65	25898.20
213.70	25978.82
213.75	26056.78
213.81	26117.54
213.86	26171.71
213.91	26226.24
213.97	26275.67
214.02	26315.47
214.07	26359.21
214.12	26404.39
214.18	26454.56
214.23	26507.41
214.28	26556.78
214.34	26605.30
214.39	26649.41
214.44	26680.41
214.49	26691.12
214.55	26699.67
214.60	26695.65
214.65	26678.95
214.71	26661.97
214.76	26696.74
214.81	26768.48
214.86	26890.34
214.92	27034.38
214.97	27196.76
215.02	27334.19
215.08	27434.68
215.13	27509.20
215.18	27562.48
215.23	27604.68
215.29	27648.03
215.34	27726.86
215.39	27815.32
215.45	27932.18
215.50	28053.11
215.55	28171.23
215.60	28267.94
215.66	28341.88
215.71	28404.97
215.76	28471.12
215.81	28535.16
215.87	28596.16
215.92	28654.42
215.97	28712.43
216.03	28773.12
216.08	28830.25
216.13	28891.70
216.18	28953.25
216.24	29021.01
216.29	29073.53
216.34	29125.85
216.39	29183.42
216.45	29244.13
216.50	29299.88
216.55	29362.89
216.61	29434.57
216.66	29493.10
216.71	29558.91
216.76	29615.83
216.82	29687.83
216.87	29754.10
216.92	29827.14
216.97	29891.11
217.03	29971.86
217.08	30039.80
217.13	30116.54
217.18	30188.64
217.24	30255.54
217.29	30322.58
217.34	30378.02
217.39	30422.23
217.45	30472.44
217.50	30521.20
217.55	30568.05
217.61	30637.30
217.66	30705.94
217.71	30767.02
217.76	30854.16
217.82	30935.83
217.87	31002.73
217.92	31076.46
217.97	31150.24
218.03	31206.32
218.08	31246.30
218.13	31293.14
218.18	31342.52
218.24	31409.08
218.29	31465.28
218.34	31537.54
218.39	31611.31
218.45	31671.95
218.50	31722.55
218.55	31790.52
218.60	31856.73
218.66	31905.42
218.71	31973.40
218.76	32040.96
218.81	32107.05
218.87	32168.65
218.92	32240.17
218.97	32309.05
219.02	32376.59
219.08	32449.05
219.13	32517.90
219.18	32583.72
219.23	32647.74
219.29	32709.65
219.34	32764.96
219.39	32832.53
219.44	32893.76
219.50	32964.44
219.55	33026.91
219.60	33088.41
219.65	33143.60
219.71	33211.98
219.76	33257.12
219.81	33313.39
219.86	33368.57
219.92	33426.96
219.97	33479.89
220.02	33539.00
220.07	33599.68
220.13	33664.21
220.18	33730.75
220.23	33800.54
220.28	33877.52
220.33	33950.66
220.39	34005.19
220.44	34058.28
220.49	34111.61
220.54	34156.23
220.60	34204.64
220.65	34271.46
220.70	34333.53
220.75	34409.48
220.81	34493.53
220.86	34567.85
220.91	34635.52
220.96	34711.63
221.02	34778.57
221.07	34847.87
221.12	34913.46
221.17	34980.34
221.22	35037.06
221.28	35089.31
221.33	35142.89
221.38	35203.06
221.43	35262.52
221.49	35329.47
221.54	35399.86
221.59	35468.73
221.64	35544.69
221.69	35640.35
221.75	35738.70
221.80	35834.98
221.85	35911.00
221.90	35978.31
221.96	36038.91
222.01	36071.56
222.06	36106.20
222.11	36151.00
222.17	36195.86
222.22	36221.76
222.27	36274.01
222.32	36325.62
222.37	36374.41
222.43	36432.96
222.48	36499.75
222.53	36570.26
222.58	36643.39
222.63	36721.64
222.69	36794.41
222.74	36872.53
222.79	36935.83
222.84	36983.82
222.90	37035.41
222.95	37091.63
223.00	37130.65
223.05	37183.87
223.10	37248.21
223.16	37308.30
223.21	37348.91
223.26	37396.83
223.31	37436.47
223.36	37473.57
223.42	37506.24
223.47	37538.79
223.52	37585.35
223.57	37631.88
223.63	37682.41
223.68	37732.60
223.73	37811.17
223.78	37882.02
223.83	37951.20
223.89	38013.93
223.94	38091.01
223.99	38155.48
224.04	38223.49
224.09	38300.74
224.15	38390.06
224.20	38469.78
224.25	38558.55
224.30	38640.41
224.35	38728.41
224.41	38823.81
224.46	38919.55
224.51	38999.03
224.56	39079.59
224.61	39156.38
224.67	39225.30
224.72	39290.36
224.77	39384.39
224.82	39488.10
224.87	39568.98
224.93	39647.21
224.98	39744.16
225.03	39823.91
225.08	39896.56
225.13	39985.54
225.19	40075.64
225.24	40158.27
225.29	40231.52
225.34	40310.24
225.39	40397.71
225.45	40486.08
225.50	40553.14
225.55	40639.97
225.60	40716.12
225.65	40792.62
225.71	40857.14
225.76	40946.15
225.81	41010.40
225.86	41081.61
225.91	41140.47
225.97	41203.90
226.02	41241.67
226.07	41269.26
226.12	41306.35
226.17	41351.51
226.22	41432.32
226.28	41543.51
226.33	41691.40
226.38	41826.46
226.43	41952.11
226.48	42034.89
226.54	42106.07
226.59	42167.46
226.64	42221.49
226.69	42269.66
226.74	42327.55
226.80	42392.37
226.85	42457.79
226.90	42531.60
226.95	42626.26
227.00	42729.60
227.05	42829.48
227.11	42933.76
227.16	43041.20
227.21	43130.08
227.26	43218.57
227.31	43297.18
227.37	43353.70
227.42	43421.83
227.47	43503.75
227.52	43571.04
227.57	43634.42
227.62	43722.70
227.68	43794.32
227.73	43864.31
227.78	43946.26
227.83	44028.22
227.88	44100.25
227.93	44182.59
227.99	44262.64
228.04	44336.18
228.09	44418.51
228.14	44491.69
228.19	44555.40
228.24	44613.86
228.30	44678.21
228.35	44736.53
228.40	44799.09
228.45	44856.82
228.50	44930.32
228.56	44994.08
228.61	45059.27
228.66	45118.25
228.71	45181.10
228.76	45228.86
228.81	45280.41
228.87	45325.33
228.92	45390.98
228.97	45447.88
229.02	45538.32
229.07	45613.43
229.12	45702.43
229.17	45778.31
229.23	45864.11
229.28	45932.01
229.33	46012.34
229.38	46077.23
229.43	46147.61
229.48	46220.06
229.54	46285.27
229.59	46349.63
229.64	46433.44
229.69	46508.41
229.74	46600.40
229.79	46671.31
229.85	46746.90
229.90	46814.51
229.95	46878.38
230.00	46933.84
230.05	47017.03
230.10	47084.00
230.16	47155.53
230.21	47223.95
230.26	47276.71
230.31	47309.18
230.36	47360.51
230.41	47415.83
230.46	47495.23
230.52	47588.43
230.57	47680.46
230.62	47772.05
230.67	47843.46
230.72	47902.87
230.77	47940.34
230.82	47987.19
230.88	48016.77
230.93	48060.99
230.98	48100.04
231.03	48155.54
231.08	48209.66
231.13	48263.26
231.19	48330.61
231.24	48402.28
231.29	48481.65
231.34	48555.48
231.39	48640.78
231.44	48712.72
231.49	48767.65
231.55	48809.94
231.60	48844.02
231.65	48888.06
231.70	48930.03
231.75	48978.49
231.80	49035.56
231.85	49099.83
231.91	49150.24
231.96	49193.98
232.01	49254.60
232.06	49314.60
232.11	49378.76
232.16	49451.85
232.21	49550.25
232.26	49640.46
232.32	49719.73
232.37	49788.13
232.42	49853.81
232.47	49893.28
232.52	49938.22
232.57	49989.80
232.62	50051.31
232.68	50116.70
232.73	50183.88
232.78	50255.87
232.83	50330.20
232.88	50407.59
232.93	50479.54
232.98	50553.96
233.03	50601.06
233.09	50658.43
233.14	50719.06
233.19	50774.52
233.24	50826.19
233.29	50887.24
233.34	50924.51
233.39	50946.55
233.45	50980.12
233.50	51017.06
233.55	51064.16
233.60	51133.16
233.65	51196.80
233.70	51256.84
233.75	51309.61
233.80	51360.42
233.86	51403.30
233.91	51454.00
233.96	51499.53
234.01	51555.12
234.06	51605.97
234.11	51669.78
234.16	51728.46
234.21	51788.59
234.26	51832.74
234.32	51874.16
234.37	51897.12
234.42	51934.94
234.47	51953.61
234.52	51981.35
234.57	52020.63
234.62	52068.13
234.67	52109.16
234.73	52171.65
234.78	52229.66
234.83	52276.68
234.88	52325.97
234.93	52371.46
234.98	52412.18
235.03	52463.76
235.08	52525.28
235.13	52587.09
235.19	52657.79
235.24	52714.26
235.29	52773.34
235.34	52821.96
235.39	52845.30
235.44	52869.04
235.49	52904.36
235.54	52926.75
235.59	52942.11
235.65	52977.34
235.70	53010.36
235.75	53051.42
235.80	53113.48
235.85	53172.95
235.90	53224.64
235.95	53258.06
236.00	53283.50
236.05	53301.74
236.11	53329.34
236.16	53359.95
236.21	53406.13
236.26	53444.91
236.31	53476.72
236.36	53496.20
236.41	53510.25
236.46	53511.70
236.51	53534.13
236.56	53559.57
236.62	53597.34
236.67	53634.58
236.72	53692.57
236.77	53721.18
236.82	53758.80
236.87	53772.60
236.92	53794.54
236.97	53818.86
237.02	53861.74
237.07	53906.00
237.13	53976.31
237.18	54039.02
237.23	54094.06
237.28	54136.15
237.33	54176.78
237.38	54191.77
237.43	54212.28
237.48	54220.66
237.53	54243.39
237.58	54267.22
237.63	54312.52
237.69	54346.36
237.74	54393.89
237.79	54436.21
237.84	54443.43
237.89	54453.04
237.94	54461.36
237.99	54474.28
238.04	54482.51
238.09	54510.05
238.14	54532.59
238.19	54556.74
238.25	54573.05
238.30	54575.21
238.35	54578.42
238.40	54580.94
238.45	54585.75
238.50	54588.56
238.55	54600.89
238.60	54626.94
238.65	54645.13
238.70	54666.60
238.75	54679.85
238.80	54708.77
238.86	54717.54
238.91	54736.48
238.96	54769.19
239.01	54810.91
239.06	54840.94
239.11	54876.02
239.16	54904.95
239.21	54906.57
239.26	54889.90
239.31	54897.80
239.36	54902.28
239.41	54914.41
239.46	54937.66
239.52	54977.13
239.57	54991.76
239.62	55011.27
239.67	55034.63
239.72	55058.14
239.77	55072.21
239.82	55088.18
239.87	55093.81
239.92	55099.08
239.97	55104.32
240.02	55090.76
240.07	55083.28
240.12	55090.12
240.17	55088.07
240.23	55083.04
240.28	55093.04
240.33	55108.12
240.38	55101.76
240.43	55097.96
240.48	55109.24
240.53	55130.76
240.58	55148.64
240.63	55179.80
240.68	55195.13
240.73	55191.10
240.78	55182.09
240.83	55172.96
240.88	55153.40
240.93	55147.52
240.98	55147.36
241.04	55166.86
241.09	55187.03
241.14	55216.16
241.19	55259.02
241.24	55300.51
241.29	55317.49
241.34	55331.60
241.39	55338.55
241.44	55338.97
241.49	55337.86
241.54	55336.37
241.59	55332.70
241.64	55333.95
241.69	55318.94
241.74	55304.86
241.79	55289.03
241.84	55269.26
241.90	55246.85
241.95	55226.75
242.00	55200.23
242.05	55183.58
242.10	55181.55
242.15	55162.20
242.20	55153.81
242.25	55150.57
242.30	55152.26
242.35	55131.06
242.40	55143.92
242.45	55142.33
242.50	55139.50
242.55	55130.82
242.60	55133.65
242.65	55122.34
242.70	55132.74
242.75	55151.05
242.80	55187.64
242.85	55219.90
242.91	55237.61
242.96	55228.87
243.01	55216.36
243.06	55189.76
243.11	55157.01
243.16	55134.64
243.21	55137.88
243.26	55152.66
243.31	55162.96
243.36	55179.30
243.41	55199.51
243.46	55192.52
243.51	55145.66
243.56	55084.28
243.61	55028.25
243.66	54980.96
243.71	54949.61
243.76	54956.72
243.81	54981.60
243.86	54977.53
243.91	54989.33
243.96	54986.49
244.01	54961.04
244.06	54939.21
244.12	54938.53
244.17	54913.42
244.22	54916.43
244.27	54947.11
244.32	54970.32
244.37	54992.32
244.42	55006.65
244.47	55001.56
244.52	54972.50
244.57	54937.28
244.62	54904.93
244.67	54886.70
244.72	54861.86
244.77	54853.27
244.82	54864.75
244.87	54895.38
244.92	54914.57
244.97	54934.90
245.02	54931.78
245.07	54914.01
245.12	54892.33
245.17	54866.73
245.22	54862.42
245.27	54861.27
245.32	54835.41
245.37	54793.05
245.42	54754.71
245.47	54704.90
245.52	54660.88
245.57	54644.08
245.62	54626.64
245.67	54617.56
245.72	54610.10
245.77	54588.94
245.82	54566.74
245.87	54569.67
245.92	54578.85
245.98	54569.73
246.03	54575.59
246.08	54586.79
246.13	54584.82
246.18	54582.74
246.23	54588.52
246.28	54583.62
246.33	54571.43
246.38	54543.62
246.43	54510.54
246.48	54482.91
246.53	54475.42
246.58	54483.24
246.63	54490.22
246.68	54481.05
246.73	54468.46
246.78	54441.35
246.83	54386.75
246.88	54333.26
246.93	54284.88
246.98	54234.01
247.03	54200.06
247.08	54189.58
247.13	54178.68
247.18	54179.40
247.23	54208.25
247.28	54216.26
247.33	54200.60
247.38	54178.46
247.43	54170.23
247.48	54145.27
247.53	54115.18
247.58	54074.22
247.63	54051.72
247.68	53994.21
247.73	53933.65
247.78	53891.76
247.83	53867.97
247.88	53834.09
247.93	53832.03
247.98	53833.41
248.03	53841.13
248.08	53863.11
248.13	53876.52
248.18	53866.32
248.23	53861.37
248.28	53826.77
248.33	53771.03
248.38	53732.19
248.43	53710.37
248.48	53681.04
248.53	53667.59
248.58	53659.85
248.63	53658.89
248.68	53633.81
248.73	53610.68
248.78	53582.62
248.83	53533.99
248.88	53454.18
248.93	53388.09
248.98	53314.07
249.03	53266.21
249.08	53251.52
249.13	53253.88
249.18	53244.43
249.23	53255.69
249.28	53244.17
249.33	53232.63
249.38	53215.87
249.43	53200.50
249.48	53176.18
249.53	53168.80
249.58	53141.96
249.63	53131.47
249.68	53126.06
249.73	53108.48
249.78	53078.63
249.83	53074.52
249.88	53040.86
249.93	53028.01
249.98	53015.34
250.03	53012.21
250.08	52985.26
250.13	52982.33
250.18	52952.34
250.23	52914.53
250.28	52866.71
250.33	52814.11
250.37	52763.17
250.42	52722.29
250.47	52689.76
250.52	52674.74
250.57	52658.10
250.62	52618.16
250.67	52589.07
250.72	52568.42
250.77	52520.67
250.82	52503.84
250.87	52506.53
250.92	52502.34
250.97	52482.03
251.02	52483.89
251.07	52474.53
251.12	52452.75
251.17	52417.09
251.22	52386.61
251.27	52351.56
251.32	52308.68
251.37	52264.79
251.42	52214.74
251.47	52178.78
251.52	52149.63
251.57	52130.88
251.62	52116.67
251.67	52108.56
251.72	52083.81
251.77	52041.64
251.82	51997.76
251.87	51952.94
251.92	51902.76
251.97	51852.99
252.02	51817.03
252.07	51787.80
252.12	51768.99
252.16	51766.00
252.21	51768.01
252.26	51779.25
252.31	51777.05
252.36	51771.69
252.41	51755.28
252.46	51735.53
252.51	51699.53
252.56	51663.31
252.61	51634.70
252.66	51604.90
252.71	51587.26
252.76	51562.80
252.81	51523.26
252.86	51459.53
252.91	51411.91
252.96	51345.87
253.01	51282.52
253.06	51221.25
253.11	51177.25
253.16	51129.06
253.21	51085.27
253.26	51037.42
253.31	51010.49
253.36	50994.65
253.40	50964.43
253.45	50951.68
253.50	50920.13
253.55	50886.29
253.60	50845.81
253.65	50811.86
253.70	50765.54
253.75	50750.19
253.80	50735.16
253.85	50722.02
253.90	50722.65
253.95	50719.38
254.00	50719.10
254.05	50698.42
254.10	50664.21
254.15	50629.67
254.20	50602.80
254.25	50566.57
254.30	50536.96
254.35	50493.92
254.39	50422.22
254.44	50346.61
254.49	50265.24
254.54	50229.22
254.59	50205.65
254.64	50203.46
254.69	50196.78
254.74	50197.84
254.79	50165.55
254.84	50127.12
254.89	50106.85
254.94	50091.56
254.99	50078.81
255.04	50063.13
255.09	50060.42
255.14	50030.03
255.19	50016.83
255.23	50000.94
255.28	49988.51
255.33	49969.92
255.38	49963.74
255.43	49944.59
255.48	49914.51
255.53	49878.22
255.58	49849.85
255.63	49817.44
255.68	49768.79
255.73	49727.14
255.78	49696.48
255.83	49675.27
255.88	49650.27
255.93	49620.78
255.97	49599.96
256.02	49567.15
256.07	49516.36
256.12	49448.36
256.17	49407.70
256.22	49359.77
256.27	49312.11
256.32	49273.26
256.37	49257.41
256.42	49237.22
256.47	49206.34
256.52	49179.71
256.57	49151.05
256.62	49131.76
256.66	49115.16
256.71	49092.16
256.76	49057.87
256.81	49013.96
256.86	48958.38
256.91	48904.92
256.96	48859.68
257.01	48825.14
257.06	48801.56
257.11	48768.56
257.16	48716.29
257.21	48677.98
257.26	48642.13
257.30	48606.95
257.35	48571.77
257.40	48554.27
257.45	48537.43
257.50	48508.97
257.55	48474.44
257.60	48443.41
257.65	48427.10
257.70	48390.70
257.75	48357.15
257.80	48329.00
257.85	48303.77
257.89	48250.75
257.94	48188.27
257.99	48128.41
258.04	48070.51
258.09	48029.60
258.14	47991.87
258.19	47975.64
258.24	47956.57
258.29	47918.05
258.34	47868.43
258.39	47836.58
258.44	47779.72
258.48	47722.88
258.53	47696.40
258.58	47661.14
258.63	47604.39
258.68	47561.71
258.73	47531.23
258.78	47481.33
258.83	47439.77
258.88	47404.69
258.93	47372.40
258.97	47335.98
259.02	47309.45
259.07	47286.75
259.12	47268.42
259.17	47256.31
259.22	47247.49
259.27	47227.01
259.32	47201.66
259.37	47160.12
259.42	47121.54
259.47	47072.51
259.51	47027.26
259.56	46962.12
259.61	46893.11
259.66	46818.95
259.71	46743.05
259.76	46676.52
259.81	46622.10
259.86	46589.29
259.91	46550.46
259.95	46525.09
260.00	46495.43
260.05	46479.62
260.10	46453.12
260.15	46444.65
260.20	46436.91
260.25	46436.23
260.30	46425.77
260.35	46397.95
260.40	46365.33
260.44	46332.77
260.49	46301.27
260.54	46259.82
260.59	46242.72
260.64	46236.52
260.69	46234.60
260.74	46199.93
260.79	46168.09
260.84	46122.09
260.88	46051.78
260.93	45970.54
260.98	45934.96
261.03	45890.58
261.08	45858.10
261.13	45826.76
261.18	45791.97
261.23	45733.13
261.28	45699.08
261.32	45655.15
261.37	45607.40
261.42	45575.28
261.47	45551.53
261.52	45501.90
261.57	45458.28
261.62	45421.76
261.67	45368.42
261.71	45299.36
261.76	45260.24
261.81	45209.73
261.86	45157.22
261.91	45118.00
261.96	45085.36
262.01	45040.21
262.06	45018.62
262.10	45009.84
262.15	44993.08
262.20	44982.51
262.25	44964.31
262.30	44942.88
262.35	44910.22
262.40	44873.32
262.45	44835.07
262.49	44804.08
262.54	44772.44
262.59	44745.87
262.64	44724.66
262.69	44693.04
262.74	44654.10
262.79	44590.05
262.84	44537.84
262.88	44486.05
262.93	44431.94
262.98	44390.46
263.03	44356.32
263.08	44303.67
263.13	44231.47
263.18	44175.80
263.23	44114.95
263.27	44068.70
263.32	44039.87
263.37	44025.19
263.42	44007.11
263.47	43975.68
263.52	43945.76
263.57	43908.74
263.61	43872.08
263.66	43830.59
263.71	43792.94
263.76	43757.11
263.81	43712.42
263.86	43679.75
263.91	43643.08
263.95	43591.71
264.00	43537.06
264.05	43484.41
264.10	43421.33
264.15	43349.00
264.20	43314.52
264.25	43269.78
264.29	43235.03
264.34	43178.66
264.39	43148.01
264.44	43089.55
264.49	43040.82
264.54	42992.07
264.59	42967.05
264.63	42920.52
264.68	42873.30
264.73	42832.81
264.78	42788.97
264.83	42728.70
264.88	42686.17
264.93	42662.25
264.97	42634.15
265.02	42598.72
265.07	42579.17
265.12	42540.13
265.17	42494.14
265.22	42445.12
265.27	42392.31
265.31	42334.62
265.36	42276.37
265.41	42219.17
265.46	42157.03
265.51	42089.68
265.56	42025.44
265.60	41970.54
265.65	41915.14
265.70	41866.01
265.75	41814.73
265.80	41764.36
265.85	41703.14
265.90	41643.02
265.94	41588.08
265.99	41525.59
266.04	41474.18
266.09	41440.52
266.14	41399.61
266.19	41359.89
266.23	41334.04
266.28	41291.64
266.33	41249.25
266.38	41224.85
266.43	41198.92
266.48	41179.47
266.52	41155.12
266.57	41118.52
266.62	41080.20
266.67	41029.52
266.72	40981.92
266.77	40951.44
266.81	40934.79
266.86	40903.83
266.91	40872.99
266.96	40831.46
267.01	40784.77
267.06	40721.98
267.10	40672.72
267.15	40627.64
267.20	40598.34
267.25	40568.09
267.30	40542.76
267.35	40507.27
267.39	40465.31
267.44	40421.40
267.49	40368.43
267.54	40318.40
267.59	40264.54
267.64	40212.45
267.68	40159.06
267.73	40099.66
267.78	40057.40
267.83	40042.17
267.88	40025.66
267.93	40014.89
267.97	40011.82
268.02	39978.23
268.07	39925.49
268.12	39872.30
268.17	39809.78
268.21	39764.79
268.26	39720.41
268.31	39674.53
268.36	39630.44
268.41	39587.69
268.46	39538.17
268.50	39498.35
268.55	39442.53
268.60	39387.17
268.65	39327.44
268.70	39251.36
268.74	39180.49
268.79	39118.86
268.84	39063.82
268.89	39016.76
268.94	38982.63
268.99	38942.57
269.03	38902.13
269.08	38859.03
269.13	38785.44
269.18	38704.06
269.23	38607.04
269.27	38501.85
269.32	38366.86
269.37	38245.12
269.42	38106.21
269.47	37970.99
269.51	37829.88
269.56	37699.78
269.61	37562.64
269.66	37415.66
269.71	37258.16
269.76	37115.62
269.80	36965.21
269.85	36813.95
269.90	36675.11
269.95	36536.77
270.00	36381.56
270.04	36234.63
270.09	36091.86
270.14	35947.66
270.19	35810.88
270.24	35676.45
270.28	35520.29
270.33	35351.45
270.38	35174.66
270.43	34999.95
270.48	34819.36
270.52	34661.27
270.57	34504.74
270.62	34351.08
270.67	34197.19
270.72	34043.98
270.76	33875.72
270.81	33708.02
270.86	33533.72
270.91	33357.86
270.96	33183.63
271.00	33015.72
271.05	32858.57
271.10	32722.04
271.15	32592.94
271.20	32469.23
271.24	32341.32
271.29	32214.02
271.34	32069.93
271.39	31918.38
271.44	31771.19
271.48	31631.71
271.53	31480.26
271.58	31338.64
271.63	31190.35
271.67	31040.89
271.72	30900.67
271.77	30760.19
271.82	30623.66
271.87	30489.51
271.91	30336.25
271.96	30187.61
272.01	30051.33
272.06	29918.54
272.11	29791.05
272.15	29685.51
272.20	29577.42
272.25	29474.94
272.30	29368.96
272.35	29266.59
272.39	29161.92
272.44	29043.64
272.49	28904.40
272.54	28771.46
272.58	28622.89
272.63	28474.21
272.68	28326.28
272.73	28173.90
272.78	27995.15
272.82	27801.07
272.87	27577.74
272.92	27293.72
272.97	26770.67
273.01	23823.95
273.06	18890.42
273.11	13453.34
273.16	8113.40
273.21	3054.31
273.25	461.20
273.30	-88.68
273.35	-89.94
