165.32	3375.44
165.38	-246.70
165.44	595.13
165.50	-77.96
165.55	-20.82
165.61	-0.27
165.67	26.10
165.72	34.00
165.78	38.69
165.84	36.89
165.89	34.27
165.95	32.86
166.01	32.51
166.06	34.22
166.12	36.87
166.18	34.72
166.23	36.18
166.29	35.51
166.35	31.85
166.40	30.99
166.46	37.95
166.52	41.15
166.57	41.79
166.63	42.82
166.69	44.99
166.74	39.10
166.80	39.28
166.86	41.51
166.91	42.06
166.97	36.60
167.03	39.20
167.08	33.50
167.14	32.23
167.20	30.34
167.25	42.70
167.31	42.63
167.37	48.19
167.42	50.23
167.48	56.64
167.54	51.20
167.59	50.68
167.65	46.24
167.71	46.05
167.76	43.88
167.82	39.63
167.88	39.26
167.93	46.81
167.99	45.50
168.05	48.31
168.10	56.11
168.16	55.70
168.21	53.86
168.27	58.60
168.33	60.62
168.38	53.04
168.44	57.60
168.50	55.81
168.55	54.31
168.61	54.57
168.67	56.79
168.72	53.58
168.78	53.72
168.84	49.13
168.89	48.10
168.95	48.51
169.01	48.67
169.06	48.67
169.12	48.11
169.18	46.03
169.23	46.44
169.29	50.59
169.34	54.98
169.40	58.06
169.46	62.26
169.51	64.12
169.57	59.16
169.63	54.64
169.68	59.63
169.74	56.20
169.80	62.01
169.85	63.59
169.91	67.94
169.97	63.71
170.02	63.47
170.08	62.20
170.13	62.42
170.19	61.82
170.25	63.70
170.30	67.43
170.36	59.32
170.42	61.48
170.47	62.69
170.53	64.04
170.59	61.29
170.64	64.77
170.70	63.16
170.76	60.46
170.81	61.80
170.87	61.19
170.92	62.39
170.98	65.82
171.04	68.22
171.09	63.87
171.15	71.19
171.21	72.01
171.26	68.35
171.32	66.15
171.37	69.96
171.43	64.76
171.49	69.08
171.54	72.48
171.60	73.90
171.66	75.80
171.71	75.91
171.77	73.76
171.83	79.55
171.88	78.96
171.94	78.47
171.99	83.28
172.05	82.13
172.11	83.17
172.16	91.43
172.22	91.92
172.28	91.79
172.33	89.66
172.39	86.66
172.44	83.43
172.50	88.97
172.56	88.99
172.61	97.41
172.67	96.85
172.72	96.44
172.78	91.20
172.84	86.46
172.89	79.84
172.95	79.49
173.01	80.89
173.06	79.55
173.12	84.75
173.17	85.96
173.23	85.38
173.29	85.62
173.34	87.10
173.40	81.58
173.46	82.35
173.51	84.60
173.57	84.18
173.62	78.53
173.68	85.39
173.74	84.22
173.79	86.10
173.85	82.96
173.90	85.66
173.96	81.83
174.02	79.09
174.07	70.73
174.13	70.31
174.18	72.91
174.24	66.58
174.30	66.36
174.35	71.59
174.41	68.68
174.47	62.50
174.52	63.28
174.58	63.05
174.63	58.73
174.69	58.07
174.75	59.78
174.80	71.41
174.86	68.63
174.91	70.10
174.97	69.76
175.03	67.25
175.08	54.72
175.14	61.51
175.19	57.18
175.25	57.68
175.31	62.30
175.36	63.46
175.42	59.98
175.47	64.32
175.53	64.42
175.59	61.04
175.64	62.72
175.70	61.16
175.75	56.92
175.81	55.28
175.87	56.06
175.92	52.60
175.98	54.09
176.03	53.60
176.09	54.53
176.15	54.21
176.20	54.80
176.26	54.30
176.31	58.26
176.37	55.73
176.42	57.08
176.48	61.00
176.54	59.35
176.59	56.13
176.65	58.86
176.70	60.42
176.76	59.29
176.82	56.77
176.87	53.24
176.93	52.67
176.98	51.35
177.04	46.66
177.10	51.45
177.15	53.52
177.21	54.08
177.26	52.67
177.32	56.07
177.37	58.09
177.43	61.46
177.49	58.92
177.54	56.39
177.60	56.99
177.65	57.09
177.71	52.12
177.77	54.52
177.82	56.66
177.88	60.31
177.93	56.08
177.99	62.26
178.04	57.97
178.10	58.59
178.16	52.15
178.21	53.29
178.27	50.37
178.32	54.37
178.38	52.88
178.43	54.50
178.49	54.11
178.55	53.79
178.60	52.65
178.66	52.04
178.71	53.60
178.77	51.53
178.82	52.04
178.88	52.18
178.94	52.81
178.99	53.89
179.05	57.82
179.10	53.99
179.16	56.44
179.21	58.91
179.27	57.91
179.33	53.83
179.38	57.47
179.44	55.75
179.49	55.58
179.55	53.59
179.60	53.66
179.66	53.01
179.72	55.57
179.77	53.31
179.83	51.86
179.88	53.53
179.94	54.91
179.99	51.02
180.05	51.04
180.11	52.08
180.16	54.68
180.22	56.93
180.27	61.52
180.33	62.26
180.38	66.79
180.44	62.27
180.49	61.92
180.55	59.94
180.61	64.11
180.66	58.43
180.72	57.17
180.77	55.27
180.83	54.77
180.88	52.09
180.94	52.01
180.99	55.68
181.05	56.07
181.11	57.34
181.16	57.31
181.22	58.71
181.27	61.33
181.33	60.09
181.38	56.87
181.44	58.11
181.49	62.40
181.55	62.50
181.61	68.69
181.66	71.89
181.72	69.60
181.77	66.81
181.83	64.44
181.88	68.93
181.94	70.37
181.99	75.78
182.05	76.85
182.11	78.03
182.16	69.08
182.22	67.52
182.27	62.88
182.33	65.80
182.38	65.28
182.44	70.50
182.49	72.44
182.55	74.83
182.60	74.53
182.66	78.41
182.72	80.76
182.77	82.80
182.83	86.13
182.88	89.03
182.94	89.50
182.99	86.89
183.05	85.60
183.10	88.12
183.16	87.55
183.21	89.79
183.27	97.41
183.32	102.67
183.38	106.58
183.44	114.47
183.49	120.01
183.55	122.88
183.60	130.26
183.66	137.21
183.71	147.40
183.77	156.55
183.82	167.17
183.88	179.61
183.93	192.75
183.99	207.69
184.04	225.64
184.10	239.14
184.15	252.07
184.21	265.94
184.27	267.77
184.32	268.09
184.38	265.23
184.43	259.80
184.49	241.70
184.54	222.52
184.60	210.70
184.65	195.26
184.71	184.84
184.76	185.90
184.82	204.36
184.87	222.70
184.93	249.70
184.98	279.34
185.04	313.99
185.09	341.09
185.15	370.13
185.20	405.17
185.26	442.56
185.31	472.17
185.37	501.65
185.43	522.77
185.48	542.52
185.54	565.88
185.59	592.76
185.65	619.54
185.70	663.54
185.76	710.74
185.81	747.76
185.87	787.04
185.92	834.28
185.98	870.82
186.03	888.90
186.09	889.53
186.14	861.81
186.20	802.58
186.25	710.44
186.31	618.17
186.36	547.41
186.42	515.86
186.47	524.42
186.53	574.53
186.58	648.02
186.64	726.35
186.69	802.39
186.75	866.66
186.80	925.37
186.86	983.81
186.91	1042.75
186.97	1097.22
187.02	1166.66
187.08	1231.76
187.13	1285.05
187.19	1341.31
187.24	1396.77
187.30	1430.80
187.35	1464.01
187.41	1510.74
187.47	1556.35
187.52	1599.34
187.58	1657.36
187.63	1736.13
187.69	1820.56
187.74	1893.28
187.80	1956.08
187.85	2006.87
187.91	2029.61
187.96	2014.49
188.02	1957.86
188.07	1860.85
188.13	1715.55
188.18	1560.96
188.24	1447.12
188.29	1394.38
188.35	1406.37
188.40	1490.01
188.46	1620.61
188.51	1750.86
188.57	1884.59
188.62	2014.47
188.67	2134.68
188.73	2247.66
188.78	2356.43
188.84	2458.56
188.89	2565.01
188.95	2672.92
189.00	2764.87
189.06	2863.56
189.11	2960.58
189.17	3042.50
189.22	3114.68
189.28	3204.62
189.33	3280.92
189.39	3347.17
189.44	3414.64
189.50	3489.66
189.55	3556.65
189.61	3611.59
189.66	3667.88
189.72	3726.16
189.77	3777.02
189.83	3804.11
189.88	3810.85
189.94	3778.46
189.99	3694.79
190.05	3536.59
190.10	3307.66
190.16	3046.57
190.21	2813.88
190.27	2659.01
190.32	2608.71
190.38	2665.40
190.43	2801.42
190.49	2964.93
190.54	3101.31
190.60	3217.03
190.65	3312.21
190.71	3391.86
190.76	3464.75
190.81	3544.31
190.87	3634.70
190.92	3755.72
190.98	3894.96
191.03	4045.19
191.09	4202.58
191.14	4339.96
191.20	4442.77
191.25	4544.35
191.31	4647.34
191.36	4757.39
191.42	4879.68
191.47	5026.14
191.53	5167.70
191.58	5288.08
191.64	5379.77
191.69	5462.18
191.75	5512.99
191.80	5546.96
191.85	5568.17
191.91	5592.42
191.96	5612.59
192.02	5641.75
192.07	5652.17
192.13	5644.23
192.18	5591.62
192.24	5470.91
192.29	5272.03
192.35	5045.20
192.40	4861.17
192.46	4754.19
192.51	4750.37
192.57	4846.40
192.62	5025.94
192.67	5214.39
192.73	5396.35
192.78	5563.59
192.84	5717.75
192.89	5857.76
192.95	5986.21
193.00	6101.16
193.06	6209.75
193.11	6317.48
193.17	6407.33
193.22	6495.03
193.28	6587.81
193.33	6662.47
193.38	6730.70
193.44	6805.43
193.49	6881.42
193.55	6938.69
193.60	6999.52
193.66	7053.78
193.71	7095.57
193.77	7118.75
193.82	7139.03
193.88	7157.52
193.93	7183.74
193.98	7210.51
194.04	7251.75
194.09	7298.40
194.15	7349.94
194.20	7391.06
194.26	7431.42
194.31	7470.70
194.37	7494.89
194.42	7498.02
194.47	7487.35
194.53	7442.70
194.58	7347.99
194.64	7235.62
194.69	7136.62
194.75	7065.01
194.80	7049.61
194.86	7089.33
194.91	7181.60
194.97	7287.12
195.02	7396.86
195.07	7500.26
195.13	7603.89
195.18	7704.85
195.24	7799.64
195.29	7895.80
195.35	7977.48
195.40	8062.28
195.46	8129.68
195.51	8212.52
195.56	8293.39
195.62	8384.50
195.67	8465.67
195.73	8552.86
195.78	8617.36
195.84	8665.49
195.89	8696.05
195.94	8729.27
196.00	8764.28
196.05	8809.67
196.11	8870.34
196.16	8940.27
196.22	9009.88
196.27	9077.29
196.32	9135.09
196.38	9183.12
196.43	9228.18
196.49	9266.19
196.54	9303.28
196.60	9342.73
196.65	9388.86
196.71	9432.22
196.76	9480.49
196.81	9521.22
196.87	9557.76
196.92	9583.96
196.98	9602.87
197.03	9609.75
197.09	9603.05
197.14	9599.82
197.19	9601.42
197.25	9615.26
197.30	9642.75
197.36	9693.55
197.41	9756.26
197.47	9817.72
197.52	9879.81
197.57	9945.63
197.63	10000.65
197.68	10049.92
197.74	10102.50
197.79	10149.40
197.84	10192.32
197.90	10242.06
197.95	10285.68
198.01	10331.13
198.06	10377.23
198.12	10420.96
198.17	10456.67
198.22	10497.48
198.28	10528.62
198.33	10566.88
198.39	10599.59
198.44	10645.92
198.49	10691.70
198.55	10742.25
198.60	10787.52
198.66	10840.06
198.71	10894.45
198.77	10943.76
198.82	10993.26
198.87	11041.73
198.93	11086.18
198.98	11127.13
199.04	11172.78
199.09	11211.81
199.14	11258.00
199.20	11302.36
199.25	11340.48
199.31	11382.11
199.36	11431.31
199.42	11474.69
199.47	11517.94
199.52	11558.76
199.58	11597.70
199.63	11625.65
199.69	11660.61
199.74	11696.78
199.79	11724.47
199.85	11755.26
199.90	11797.41
199.96	11830.17
200.01	11871.33
200.06	11926.38
200.12	11972.04
200.17	12023.82
200.23	12076.47
200.28	12120.47
200.33	12171.96
200.39	12218.73
200.44	12260.89
200.50	12305.56
200.55	12349.57
200.60	12388.30
200.66	12425.78
200.71	12461.92
200.77	12504.89
200.82	12544.82
200.87	12581.10
200.93	12621.59
200.98	12660.96
201.04	12699.21
201.09	12742.06
201.14	12793.24
201.20	12842.68
201.25	12899.73
201.31	12952.24
201.36	13015.32
201.41	13070.10
201.47	13134.54
201.52	13187.24
201.58	13248.55
201.63	13293.48
201.68	13339.62
201.74	13382.38
201.79	13430.49
201.84	13479.69
201.90	13529.13
201.95	13582.61
202.01	13634.47
202.06	13683.70
202.11	13721.30
202.17	13765.67
202.22	13806.77
202.28	13849.15
202.33	13886.26
202.38	13929.28
202.44	13977.98
202.49	14029.91
202.54	14077.84
202.60	14129.81
202.65	14178.58
202.71	14225.78
202.76	14259.00
202.81	14301.51
202.87	14351.96
202.92	14401.39
202.98	14449.53
203.03	14506.03
203.08	14562.27
203.14	14613.30
203.19	14665.94
203.24	14716.63
203.30	14768.76
203.35	14819.56
203.41	14865.71
203.46	14908.63
203.51	14955.22
203.57	14992.26
203.62	15038.70
203.67	15088.11
203.73	15136.86
203.78	15179.53
203.84	15234.68
203.89	15272.28
203.94	15304.49
204.00	15341.13
204.05	15377.79
204.10	15397.74
204.16	15411.19
204.21	15429.96
204.27	15436.46
204.32	15426.43
204.37	15413.35
204.43	15384.92
204.48	15336.31
204.53	15292.31
204.59	15288.31
204.64	15342.33
204.69	15455.67
204.75	15608.92
204.80	15781.34
204.86	15921.51
204.91	16018.04
204.96	16074.92
205.02	16098.33
205.07	16123.90
205.12	16183.49
205.18	16267.75
205.23	16372.29
205.28	16508.72
205.34	16630.08
205.39	16733.66
205.45	16820.91
205.50	16894.94
205.55	16956.43
205.61	17014.30
205.66	17069.08
205.71	17129.12
205.77	17190.58
205.82	17252.27
205.87	17310.92
205.93	17365.34
205.98	17412.30
206.03	17452.71
206.09	17497.96
206.14	17549.40
206.20	17608.20
206.25	17661.68
206.30	17727.91
206.36	17784.28
206.41	17846.90
206.46	17899.32
206.52	17951.95
206.57	18000.87
206.62	18045.54
206.68	18086.50
206.73	18137.16
206.78	18189.61
206.84	18243.63
206.89	18299.72
206.94	18359.87
207.00	18424.49
207.05	18493.50
207.11	18557.48
207.16	18621.03
207.21	18685.18
207.27	18738.88
207.32	18794.02
207.37	18852.44
207.43	18909.06
207.48	18959.73
207.53	19016.26
207.59	19070.58
207.64	19122.18
207.69	19194.36
207.75	19264.78
207.80	19320.50
207.85	19378.94
207.91	19438.43
207.96	19487.05
208.01	19545.19
208.07	19609.22
208.12	19673.97
208.17	19728.53
208.23	19781.99
208.28	19832.08
208.33	19885.11
208.39	19940.26
208.44	20004.69
208.49	20067.71
208.55	20126.04
208.60	20181.57
208.65	20230.66
208.71	20284.34
208.76	20338.78
208.81	20398.95
208.87	20469.76
208.92	20535.83
208.97	20597.90
209.03	20656.50
209.08	20717.02
209.13	20770.23
209.19	20826.89
209.24	20882.51
209.29	20946.74
209.35	21001.36
209.40	21065.80
209.45	21128.99
209.51	21193.60
209.56	21257.21
209.61	21321.67
209.67	21381.88
209.72	21446.06
209.77	21502.46
209.83	21561.56
209.88	21631.96
209.93	21699.28
209.99	21764.63
210.04	21841.43
210.09	21909.13
210.15	21967.49
210.20	22025.53
210.25	22084.43
210.31	22144.38
210.36	22193.54
210.41	22243.00
210.46	22306.23
210.52	22366.41
210.57	22412.95
210.62	22480.66
210.68	22551.03
210.73	22603.84
210.78	22661.74
210.84	22730.78
210.89	22790.11
210.94	22845.56
211.00	22904.46
211.05	22952.99
211.10	23013.73
211.16	23071.56
211.21	23138.02
211.26	23203.91
211.32	23281.36
211.37	23350.01
211.42	23414.11
211.47	23477.20
211.53	23538.12
211.58	23596.72
211.63	23648.24
211.69	23707.10
211.74	23761.05
211.79	23815.77
211.85	23876.60
211.90	23942.14
211.95	24011.97
212.01	24083.36
212.06	24161.14
212.11	24238.14
212.16	24314.91
212.22	24390.40
212.27	24461.49
212.32	24527.30
212.38	24589.84
212.43	24649.26
212.48	24712.61
212.54	24778.74
212.59	24853.26
212.64	24923.40
212.69	24985.51
212.75	25045.50
212.80	25110.24
212.85	25170.13
212.91	25220.35
212.96	25282.73
213.01	25346.38
213.07	25402.76
213.12	25460.89
213.17	25528.92
213.22	25595.43
213.28	25655.19
213.33	25709.01
213.38	25768.83
213.44	25824.00
213.49	25887.68
213.54	25950.48
213.60	26031.33
213.65	26106.67
213.70	26181.02
213.75	26246.66
213.81	26309.74
213.86	26369.48
213.91	26421.13
213.97	26464.86
214.02	26498.58
214.07	26531.21
214.12	26552.48
214.18	26570.31
214.23	26598.98
214.28	26616.48
214.34	26624.97
214.39	26622.46
214.44	26602.84
214.49	26544.31
214.55	26472.68
214.60	26360.22
214.65	26218.73
214.71	26094.89
214.76	26066.26
214.81	26145.83
214.86	26354.49
214.92	26641.93
214.97	26952.72
215.02	27198.69
215.08	27356.61
215.13	27438.38
215.18	27458.34
215.23	27449.05
215.29	27466.93
215.34	27543.98
215.39	27666.09
215.45	27841.89
215.50	28056.45
215.55	28264.00
215.60	28425.86
215.66	28540.72
215.71	28636.86
215.76	28714.66
215.81	28776.44
215.87	28834.34
215.92	28889.69
215.97	28946.12
216.03	29002.73
216.08	29060.41
216.13	29126.16
216.18	29192.95
216.24	29257.60
216.29	29306.57
216.34	29368.98
216.39	29429.19
216.45	29489.82
216.50	29547.65
216.55	29613.50
216.61	29677.66
216.66	29736.77
216.71	29803.46
216.76	29862.39
216.82	29939.21
216.87	30010.93
216.92	30083.96
216.97	30152.80
217.03	30229.35
217.08	30297.09
217.13	30372.86
217.18	30446.00
217.24	30517.01
217.29	30588.12
217.34	30643.31
217.39	30686.24
217.45	30732.01
217.50	30782.85
217.55	30835.29
217.61	30902.17
217.66	30964.71
217.71	31033.86
217.76	31113.13
217.82	31193.94
217.87	31271.06
217.92	31351.56
217.97	31424.21
218.03	31482.26
218.08	31526.20
218.13	31566.34
218.18	31618.60
218.24	31678.37
218.29	31739.35
218.34	31799.62
218.39	31868.89
218.45	31934.29
218.50	31994.72
218.55	32061.54
218.60	32129.51
218.66	32182.53
218.71	32241.17
218.76	32304.56
218.81	32361.21
218.87	32428.76
218.92	32505.86
218.97	32575.29
219.02	32649.20
219.08	32724.19
219.13	32797.98
219.18	32863.45
219.23	32930.67
219.29	32986.46
219.34	33047.12
219.39	33108.83
219.44	33173.23
219.50	33237.71
219.55	33298.45
219.60	33365.52
219.65	33430.56
219.71	33493.27
219.76	33543.69
219.81	33601.98
219.86	33647.64
219.92	33693.04
219.97	33747.50
220.02	33812.00
220.07	33873.68
220.13	33940.15
220.18	34010.09
220.23	34084.08
220.28	34159.83
220.33	34239.81
220.39	34303.48
220.44	34360.71
220.49	34412.36
220.54	34462.54
220.60	34509.04
220.65	34570.86
220.70	34641.65
220.75	34714.31
220.81	34793.34
220.86	34871.45
220.91	34942.89
220.96	35016.26
221.02	35081.89
221.07	35147.76
221.12	35205.60
221.17	35264.23
221.22	35317.97
221.28	35377.55
221.33	35435.41
221.38	35497.19
221.43	35571.93
221.49	35639.39
221.54	35703.24
221.59	35768.51
221.64	35849.66
221.69	35938.61
221.75	36039.78
221.80	36140.42
221.85	36215.74
221.90	36284.15
221.96	36334.23
222.01	36368.44
222.06	36404.96
222.11	36457.51
222.17	36497.01
222.22	36528.22
222.27	36567.26
222.32	36614.12
222.37	36661.70
222.43	36727.70
222.48	36797.10
222.53	36873.39
222.58	36951.42
222.63	37025.14
222.69	37090.30
222.74	37169.67
222.79	37235.22
222.84	37283.94
222.90	37338.53
222.95	37391.74
223.00	37430.31
223.05	37489.63
223.10	37546.51
223.16	37608.10
223.21	37659.20
223.26	37713.10
223.31	37742.97
223.36	37780.18
223.42	37812.59
223.47	37847.11
223.52	37896.29
223.57	37951.40
223.63	38009.89
223.68	38063.04
223.73	38136.11
223.78	38203.53
223.83	38266.51
223.89	38320.06
223.94	38393.16
223.99	38454.11
224.04	38525.07
224.09	38604.38
224.15	38703.34
224.20	38788.81
224.25	38879.70
224.30	38954.49
224.35	39044.02
224.41	39141.16
224.46	39238.12
224.51	39320.87
224.56	39409.13
224.61	39481.41
224.67	39549.08
224.72	39611.43
224.77	39704.22
224.82	39805.43
224.87	39901.19
224.93	39979.26
224.98	40071.98
225.03	40155.17
225.08	40222.68
225.13	40295.64
225.19	40381.00
225.24	40465.68
225.29	40537.38
225.34	40614.24
225.39	40689.46
225.45	40764.05
225.50	40828.02
225.55	40882.64
225.60	40942.62
225.65	41005.42
225.71	41041.69
225.76	41068.53
225.81	41098.76
225.86	41114.04
225.91	41103.48
225.97	41088.54
226.02	41043.94
226.07	40964.23
226.12	40921.05
226.17	40954.67
226.22	41065.07
226.28	41270.45
226.33	41561.34
226.38	41818.88
226.43	42025.98
226.48	42162.66
226.54	42242.80
226.59	42281.99
226.64	42305.06
226.69	42306.40
226.74	42336.15
226.80	42397.90
226.85	42486.54
226.90	42615.68
226.95	42789.09
227.00	42957.70
227.05	43123.11
227.11	43262.11
227.16	43386.52
227.21	43485.22
227.26	43582.19
227.31	43655.38
227.37	43718.56
227.42	43791.53
227.47	43867.12
227.52	43936.96
227.57	43991.91
227.62	44075.26
227.68	44147.67
227.73	44230.71
227.78	44312.30
227.83	44404.61
227.88	44472.36
227.93	44544.34
227.99	44624.65
228.04	44702.59
228.09	44783.96
228.14	44852.96
228.19	44928.11
228.24	44978.43
228.30	45046.42
228.35	45106.12
228.40	45186.49
228.45	45246.06
228.50	45320.09
228.56	45377.23
228.61	45435.33
228.66	45491.41
228.71	45552.42
228.76	45595.22
228.81	45650.60
228.87	45695.69
228.92	45751.95
228.97	45810.99
229.02	45901.57
229.07	45973.79
229.12	46070.83
229.17	46149.44
229.23	46225.78
229.28	46296.97
229.33	46379.92
229.38	46446.92
229.43	46520.10
229.48	46603.03
229.54	46678.33
229.59	46742.35
229.64	46822.44
229.69	46906.30
229.74	46991.92
229.79	47058.03
229.85	47142.92
229.90	47218.01
229.95	47279.96
230.00	47340.92
230.05	47428.19
230.10	47486.61
230.16	47542.24
230.21	47599.56
230.26	47648.35
230.31	47678.05
230.36	47733.24
230.41	47793.15
230.46	47880.21
230.52	47975.01
230.57	48068.98
230.62	48163.51
230.67	48240.50
230.72	48294.94
230.77	48342.48
230.82	48387.88
230.88	48423.95
230.93	48469.24
230.98	48514.10
231.03	48563.23
231.08	48623.09
231.13	48671.22
231.19	48736.42
231.24	48809.77
231.29	48888.56
231.34	48956.22
231.39	49034.96
231.44	49102.58
231.49	49149.86
231.55	49198.83
231.60	49241.39
231.65	49296.31
231.70	49339.58
231.75	49392.08
231.80	49436.25
231.85	49494.60
231.91	49532.66
231.96	49587.29
232.01	49653.99
232.06	49718.10
232.11	49778.62
232.16	49857.27
232.21	49941.21
232.26	50026.63
232.32	50106.82
232.37	50185.82
232.42	50253.14
232.47	50302.41
232.52	50344.16
232.57	50400.16
232.62	50454.50
232.68	50513.52
232.73	50584.29
232.78	50660.25
232.83	50732.91
232.88	50808.35
232.93	50882.61
232.98	50951.42
233.03	51010.78
233.09	51065.31
233.14	51136.18
233.19	51199.86
233.24	51253.36
233.29	51311.81
233.34	51343.81
233.39	51357.68
233.45	51384.91
233.50	51426.95
233.55	51464.25
233.60	51539.86
233.65	51611.67
233.70	51672.49
233.75	51718.28
233.80	51775.98
233.86	51825.70
233.91	51873.97
233.96	51916.18
234.01	51973.90
234.06	52025.09
234.11	52076.48
234.16	52133.05
234.21	52202.68
234.26	52249.26
234.32	52289.94
234.37	52324.62
234.42	52354.52
234.47	52367.63
234.52	52401.29
234.57	52440.37
234.62	52480.57
234.67	52531.02
234.73	52599.74
234.78	52656.52
234.83	52704.51
234.88	52752.91
234.93	52790.62
234.98	52818.52
235.03	52860.20
235.08	52918.41
235.13	52971.90
235.19	53039.14
235.24	53104.95
235.29	53169.04
235.34	53218.26
235.39	53261.65
235.44	53289.58
235.49	53328.61
235.54	53356.29
235.59	53375.24
235.65	53404.16
235.70	53442.69
235.75	53477.19
235.80	53533.62
235.85	53592.08
235.90	53645.42
235.95	53679.59
236.00	53716.55
236.05	53735.67
236.11	53758.27
236.16	53784.76
236.21	53824.01
236.26	53858.12
236.31	53887.07
236.36	53914.46
236.41	53937.95
236.46	53948.09
236.51	53957.33
236.56	53977.31
236.62	54002.11
236.67	54037.81
236.72	54084.44
236.77	54116.14
236.82	54159.97
236.87	54192.33
236.92	54206.06
236.97	54237.70
237.02	54282.62
237.07	54338.78
237.13	54396.12
237.18	54463.75
237.23	54515.61
237.28	54573.51
237.33	54605.14
237.38	54628.80
237.43	54645.73
237.48	54655.66
237.53	54664.57
237.58	54688.43
237.63	54724.91
237.69	54768.67
237.74	54819.59
237.79	54858.34
237.84	54867.92
237.89	54875.36
237.94	54879.90
237.99	54891.49
238.04	54905.02
238.09	54929.09
238.14	54958.98
238.19	54981.54
238.25	54996.14
238.30	54988.19
238.35	54990.18
238.40	54989.44
238.45	54993.59
238.50	55001.34
238.55	55024.04
238.60	55062.69
238.65	55090.67
238.70	55117.24
238.75	55134.76
238.80	55162.61
238.86	55158.71
238.91	55169.69
238.96	55194.47
239.01	55226.08
239.06	55259.06
239.11	55293.99
239.16	55327.46
239.21	55319.13
239.26	55310.85
239.31	55313.86
239.36	55324.30
239.41	55334.19
239.46	55370.22
239.52	55406.25
239.57	55425.87
239.62	55438.24
239.67	55453.21
239.72	55483.11
239.77	55498.34
239.82	55512.89
239.87	55528.55
239.92	55536.26
239.97	55525.68
240.02	55519.04
240.07	55497.51
240.12	55493.78
240.17	55501.38
240.23	55496.78
240.28	55499.14
240.33	55526.23
240.38	55520.18
240.43	55513.30
240.48	55537.49
240.53	55558.47
240.58	55568.05
240.63	55608.34
240.68	55622.04
240.73	55609.54
240.78	55601.91
240.83	55606.78
240.88	55576.65
240.93	55563.53
240.98	55576.30
241.04	55591.25
241.09	55609.08
241.14	55641.82
241.19	55687.46
241.24	55716.63
241.29	55740.86
241.34	55752.83
241.39	55764.66
241.44	55766.86
241.49	55763.64
241.54	55750.36
241.59	55741.59
241.64	55743.01
241.69	55733.37
241.74	55713.26
241.79	55706.29
241.84	55693.10
241.90	55672.52
241.95	55646.83
242.00	55633.24
242.05	55615.24
242.10	55599.70
242.15	55579.33
242.20	55572.11
242.25	55569.30
242.30	55562.26
242.35	55553.69
242.40	55557.37
242.45	55551.77
242.50	55534.85
242.55	55531.19
242.60	55532.73
242.65	55526.45
242.70	55543.77
242.75	55567.03
242.80	55611.26
242.85	55643.33
242.91	55658.67
242.96	55646.81
243.01	55636.47
243.06	55605.40
243.11	55571.73
243.16	55546.98
243.21	55550.49
243.26	55559.68
243.31	55574.61
243.36	55584.22
243.41	55606.40
243.46	55594.87
243.51	55560.52
243.56	55493.58
243.61	55438.21
243.66	55391.99
243.71	55365.30
243.76	55361.70
243.81	55388.37
243.86	55392.71
243.91	55397.54
243.96	55390.26
244.01	55368.30
244.06	55331.30
244.12	55322.06
244.17	55305.87
244.22	55308.06
244.27	55341.37
244.32	55374.44
244.37	55400.12
244.42	55405.46
244.47	55400.10
244.52	55369.85
244.57	55338.42
244.62	55308.07
244.67	55281.95
244.72	55257.68
244.77	55249.78
244.82	55265.18
244.87	55299.58
244.92	55331.37
244.97	55353.05
245.02	55349.11
245.07	55320.27
245.12	55285.72
245.17	55266.22
245.22	55263.33
245.27	55262.36
245.32	55236.95
245.37	55207.77
245.42	55163.42
245.47	55114.39
245.52	55064.20
245.57	55051.11
245.62	55031.33
245.67	55019.70
245.72	55006.49
245.77	54987.08
245.82	54970.13
245.87	54962.22
245.92	54973.39
245.98	54965.04
246.03	54971.41
246.08	54972.42
246.13	54969.95
246.18	54964.37
246.23	54966.50
246.28	54948.97
246.33	54932.89
246.38	54900.76
246.43	54868.26
246.48	54841.28
246.53	54842.61
246.58	54856.49
246.63	54872.84
246.68	54867.17
246.73	54856.02
246.78	54829.71
246.83	54780.96
246.88	54723.39
246.93	54678.41
246.98	54636.20
247.03	54613.56
247.08	54592.35
247.13	54591.10
247.18	54588.51
247.23	54605.55
247.28	54606.64
247.33	54592.96
247.38	54570.45
247.43	54557.12
247.48	54533.70
247.53	54499.67
247.58	54464.48
247.63	54442.15
247.68	54395.43
247.73	54338.66
247.78	54297.10
247.83	54269.01
247.88	54233.03
247.93	54227.81
247.98	54231.50
248.03	54237.10
248.08	54256.02
248.13	54255.06
248.18	54240.79
248.23	54226.73
248.28	54200.91
248.33	54156.49
248.38	54128.34
248.43	54093.43
248.48	54077.96
248.53	54055.46
248.58	54039.32
248.63	54036.92
248.68	54024.19
248.73	53996.27
248.78	53967.67
248.83	53921.97
248.88	53850.67
248.93	53779.36
248.98	53700.49
249.03	53657.73
249.08	53629.28
249.13	53620.40
249.18	53624.74
249.23	53630.92
249.28	53615.78
249.33	53610.44
249.38	53593.91
249.43	53574.28
249.48	53559.19
249.53	53553.31
249.58	53529.17
249.63	53512.51
249.68	53497.37
249.73	53475.86
249.78	53445.98
249.83	53441.76
249.88	53411.65
249.93	53392.81
249.98	53379.90
250.03	53376.45
250.08	53346.40
250.13	53338.31
250.18	53315.42
250.23	53275.49
250.28	53221.36
250.33	53170.11
250.37	53127.46
250.42	53085.65
250.47	53057.61
250.52	53043.18
250.57	53022.32
250.62	52992.57
250.67	52960.74
250.72	52937.44
250.77	52893.15
250.82	52882.57
250.87	52880.15
250.92	52872.32
250.97	52855.13
251.02	52856.29
251.07	52848.13
251.12	52820.32
251.17	52793.98
251.22	52758.37
251.27	52725.46
251.32	52670.65
251.37	52622.51
251.42	52570.19
251.47	52533.12
251.52	52496.94
251.57	52483.85
251.62	52474.76
251.67	52468.88
251.72	52453.44
251.77	52420.56
251.82	52376.03
251.87	52329.64
251.92	52283.42
251.97	52225.75
252.02	52180.02
252.07	52154.35
252.12	52136.02
252.16	52127.28
252.21	52132.07
252.26	52136.76
252.31	52126.66
252.36	52116.20
252.41	52096.46
252.46	52069.17
252.51	52037.45
252.56	52009.16
252.61	51972.56
252.66	51939.61
252.71	51913.31
252.76	51893.86
252.81	51856.40
252.86	51810.25
252.91	51766.95
252.96	51702.17
253.01	51634.72
253.06	51566.55
253.11	51518.01
253.16	51467.49
253.21	51431.69
253.26	51395.83
253.31	51368.42
253.36	51343.01
253.40	51317.69
253.45	51305.27
253.50	51270.36
253.55	51241.47
253.60	51194.72
253.65	51154.84
253.70	51114.91
253.75	51091.18
253.80	51067.07
253.85	51067.88
253.90	51067.12
253.95	51062.25
254.00	51062.26
254.05	51050.70
254.10	51012.23
254.15	50975.11
254.20	50941.47
254.25	50901.24
254.30	50866.67
254.35	50826.82
254.39	50762.79
254.44	50673.18
254.49	50598.57
254.54	50554.76
254.59	50516.01
254.64	50507.75
254.69	50513.35
254.74	50510.71
254.79	50481.82
254.84	50454.10
254.89	50427.91
254.94	50412.33
254.99	50395.19
255.04	50390.06
255.09	50386.49
255.14	50359.76
255.19	50342.09
255.23	50332.65
255.28	50320.41
255.33	50307.14
255.38	50302.11
255.43	50285.31
255.48	50256.02
255.53	50208.51
255.58	50183.90
255.63	50153.00
255.68	50106.25
255.73	50064.21
255.78	50040.79
255.83	50007.91
255.88	49981.65
255.93	49958.63
255.97	49941.13
256.02	49905.86
256.07	49859.66
256.12	49789.60
256.17	49737.74
256.22	49679.87
256.27	49628.16
256.32	49584.09
256.37	49564.34
256.42	49542.35
256.47	49518.04
256.52	49492.69
256.57	49459.96
256.62	49442.80
256.66	49422.93
256.71	49395.04
256.76	49359.56
256.81	49329.73
256.86	49274.34
256.91	49230.75
256.96	49183.78
257.01	49154.62
257.06	49129.99
257.11	49099.11
257.16	49039.22
257.21	48999.59
257.26	48955.65
257.30	48909.27
257.35	48872.37
257.40	48857.30
257.45	48849.74
257.50	48820.72
257.55	48789.23
257.60	48767.22
257.65	48741.49
257.70	48696.32
257.75	48667.74
257.80	48639.57
257.85	48600.32
257.89	48552.76
257.94	48497.82
257.99	48432.59
258.04	48372.51
258.09	48332.54
258.14	48305.51
258.19	48292.28
258.24	48274.79
258.29	48240.17
258.34	48207.28
258.39	48163.77
258.44	48102.43
258.48	48052.84
258.53	48021.85
258.58	47968.80
258.63	47924.64
258.68	47880.72
258.73	47844.31
258.78	47800.80
258.83	47764.31
258.88	47724.81
258.93	47687.09
258.97	47654.48
259.02	47624.66
259.07	47601.65
259.12	47581.06
259.17	47571.81
259.22	47554.43
259.27	47530.41
259.32	47505.57
259.37	47451.94
259.42	47405.83
259.47	47356.56
259.51	47301.45
259.56	47240.56
259.61	47185.46
259.66	47114.53
259.71	47040.06
259.76	46982.62
259.81	46923.08
259.86	46880.48
259.91	46843.53
259.95	46823.71
260.00	46796.10
260.05	46779.82
260.10	46765.72
260.15	46757.89
260.20	46738.64
260.25	46730.35
260.30	46715.33
260.35	46680.93
260.40	46643.39
260.44	46621.83
260.49	46600.18
260.54	46567.71
260.59	46542.01
260.64	46533.86
260.69	46523.69
260.74	46481.63
260.79	46444.36
260.84	46406.75
260.88	46349.21
260.93	46271.44
260.98	46226.62
261.03	46184.96
261.08	46159.49
261.13	46124.06
261.18	46087.33
261.23	46039.10
261.28	45994.24
261.32	45945.84
261.37	45894.04
261.42	45868.39
261.47	45847.73
261.52	45803.54
261.57	45758.20
261.62	45725.72
261.67	45666.77
261.71	45593.33
261.76	45551.25
261.81	45496.57
261.86	45441.97
261.91	45398.36
261.96	45365.45
262.01	45324.16
262.06	45301.30
262.10	45281.59
262.15	45269.05
262.20	45252.66
262.25	45230.87
262.30	45207.82
262.35	45180.50
262.40	45143.48
262.45	45112.01
262.49	45084.18
262.54	45058.65
262.59	45027.90
262.64	45007.89
262.69	44974.05
262.74	44931.65
262.79	44867.03
262.84	44825.05
262.88	44768.47
262.93	44717.83
262.98	44682.55
263.03	44651.82
263.08	44599.87
263.13	44532.01
263.18	44471.35
263.23	44405.11
263.27	44352.89
263.32	44315.35
263.37	44295.10
263.42	44280.82
263.47	44260.42
263.52	44243.48
263.57	44207.70
263.61	44172.47
263.66	44127.31
263.71	44090.32
263.76	44042.71
263.81	43997.80
263.86	43969.99
263.91	43923.72
263.95	43852.68
264.00	43791.54
264.05	43744.92
264.10	43677.21
264.15	43612.73
264.20	43584.06
264.25	43548.77
264.29	43499.27
264.34	43447.68
264.39	43419.86
264.44	43364.02
264.49	43312.62
264.54	43273.15
264.59	43235.09
264.63	43188.12
264.68	43137.28
264.73	43086.23
264.78	43032.84
264.83	42980.74
264.88	42938.48
264.93	42915.34
264.97	42888.39
265.02	42867.24
265.07	42848.66
265.12	42802.98
265.17	42754.54
265.22	42719.06
265.27	42663.06
265.31	42602.08
265.36	42550.04
265.41	42494.17
265.46	42428.25
265.51	42361.31
265.56	42301.35
265.60	42249.21
265.65	42193.32
265.70	42134.29
265.75	42083.01
265.80	42025.54
265.85	41963.10
265.90	41902.72
265.94	41844.57
265.99	41780.21
266.04	41728.45
266.09	41685.49
266.14	41651.78
266.19	41620.84
266.23	41593.55
266.28	41546.78
266.33	41511.75
266.38	41480.27
266.43	41455.15
266.48	41435.75
266.52	41418.38
266.57	41384.60
266.62	41349.57
266.67	41292.83
266.72	41241.51
266.77	41204.69
266.81	41173.04
266.86	41137.04
266.91	41118.25
266.96	41078.87
267.01	41040.06
267.06	40991.47
267.10	40943.53
267.15	40884.70
267.20	40850.98
267.25	40807.82
267.30	40777.35
267.35	40747.31
267.39	40715.23
267.44	40677.50
267.49	40633.23
267.54	40585.21
267.59	40530.88
267.64	40471.91
267.68	40407.84
267.73	40356.88
267.78	40316.87
267.83	40291.46
267.88	40286.28
267.93	40285.12
267.97	40274.44
268.02	40231.43
268.07	40178.99
268.12	40118.43
268.17	40054.06
268.21	40002.42
268.26	39960.61
268.31	39921.21
268.36	39875.06
268.41	39833.65
268.46	39787.21
268.50	39749.83
268.55	39698.31
268.60	39635.72
268.65	39567.47
268.70	39480.56
268.74	39410.31
268.79	39342.12
268.84	39293.25
268.89	39255.92
268.94	39232.76
268.99	39189.21
269.03	39143.86
269.08	39090.04
269.13	39010.65
269.18	38925.12
269.23	38828.47
269.27	38723.89
269.32	38605.72
269.37	38485.81
269.42	38353.67
269.47	38215.31
269.51	38081.23
269.56	37936.49
269.61	37795.21
269.66	37648.79
269.71	37498.62
269.76	37347.15
269.80	37195.50
269.85	37039.99
269.90	36898.62
269.95	36750.68
270.00	36589.07
270.04	36443.16
270.09	36303.15
270.14	36161.32
270.19	36023.60
270.24	35895.51
270.28	35740.15
270.33	35573.31
270.38	35390.24
270.43	35217.83
270.48	35041.17
270.52	34883.66
270.57	34728.00
270.62	34574.20
270.67	34417.29
270.72	34257.31
270.76	34079.52
270.81	33909.03
270.86	33737.61
270.91	33561.81
270.96	33387.94
271.00	33230.81
271.05	33073.50
271.10	32933.65
271.15	32802.44
271.20	32683.02
271.24	32549.25
271.29	32410.06
271.34	32264.85
271.39	32111.12
271.44	31955.90
271.48	31821.79
271.53	31678.48
271.58	31531.61
271.63	31388.41
271.67	31241.84
271.72	31094.23
271.77	30948.56
271.82	30813.59
271.87	30677.90
271.91	30525.89
271.96	30377.16
272.01	30242.79
272.06	30107.34
272.11	29981.56
272.15	29877.28
272.20	29766.84
272.25	29665.31
272.30	29564.71
272.35	29457.36
272.39	29346.62
272.44	29230.92
272.49	29093.45
272.54	28956.04
272.58	28808.78
272.63	28653.56
272.68	28501.27
272.73	28351.31
272.78	28172.07
272.82	27974.20
272.87	27752.55
272.92	27464.62
272.97	26930.52
273.01	23963.84
273.06	18999.53
273.11	13530.63
273.16	8162.27
273.21	3072.88
273.25	464.54
273.30	-88.06
273.35	-88.49
