165.32	3375.50
165.38	-246.46
165.44	595.07
165.50	-77.88
165.55	-20.81
165.61	0.12
165.67	26.47
165.72	34.27
165.78	38.87
165.84	37.40
165.89	34.42
165.95	33.06
166.01	32.83
166.06	34.67
166.12	37.05
166.18	34.99
166.23	36.66
166.29	35.70
166.35	32.08
166.40	31.22
166.46	37.71
166.52	40.48
166.57	41.96
166.63	42.27
166.69	44.81
166.74	38.94
166.80	39.00
166.86	40.74
166.91	41.63
166.97	35.97
167.03	38.76
167.08	33.37
167.14	32.28
167.20	30.58
167.25	42.87
167.31	42.75
167.37	47.99
167.42	49.34
167.48	55.37
167.54	49.85
167.59	49.41
167.65	45.60
167.71	45.77
167.76	44.07
167.82	39.60
167.88	39.27
167.93	46.60
167.99	45.42
168.05	48.21
168.10	56.34
168.16	55.78
168.21	53.88
168.27	58.17
168.33	59.86
168.38	52.46
168.44	57.52
168.50	56.03
168.55	54.58
168.61	55.01
168.67	56.88
168.72	53.98
168.78	54.13
168.84	49.92
168.89	48.58
168.95	49.46
169.01	48.87
169.06	48.68
169.12	48.73
169.18	46.85
169.23	46.59
169.29	51.02
169.34	55.35
169.40	57.30
169.46	61.48
169.51	63.44
169.57	58.83
169.63	54.32
169.68	59.63
169.74	56.18
169.80	62.10
169.85	63.49
169.91	68.08
169.97	63.96
170.02	64.26
170.08	63.23
170.13	63.81
170.19	62.97
170.25	64.77
170.30	68.43
170.36	59.68
170.42	61.16
170.47	62.64
170.53	63.73
170.59	61.02
170.64	64.93
170.70	63.53
170.76	60.62
170.81	62.38
170.87	61.37
170.92	62.21
170.98	65.08
171.04	68.05
171.09	64.02
171.15	71.68
171.21	72.74
171.26	69.67
171.32	66.68
171.37	70.50
171.43	64.44
171.49	68.83
171.54	72.05
171.60	73.77
171.66	75.24
171.71	76.01
171.77	74.07
171.83	80.63
171.88	79.46
171.94	78.77
171.99	83.21
172.05	81.73
172.11	82.31
172.16	90.77
172.22	91.28
172.28	91.75
172.33	89.84
172.39	86.73
172.44	83.94
172.50	89.02
172.56	88.49
172.61	97.14
172.67	96.34
172.72	95.92
172.78	91.43
172.84	86.45
172.89	79.69
172.95	78.84
173.01	80.13
173.06	78.54
173.12	84.46
173.17	86.07
173.23	85.99
173.29	85.73
173.34	87.48
173.40	81.91
173.46	82.16
173.51	84.55
173.57	84.72
173.62	79.35
173.68	86.13
173.74	84.72
173.79	86.18
173.85	83.03
173.90	85.82
173.96	82.01
174.02	79.57
174.07	71.33
174.13	70.60
174.18	72.64
174.24	66.07
174.30	65.92
174.35	71.13
174.41	67.94
174.47	62.30
174.52	63.30
174.58	62.43
174.63	58.10
174.69	57.54
174.75	58.92
174.80	69.83
174.86	67.41
174.91	68.50
174.97	68.64
175.03	65.95
175.08	54.17
175.14	60.48
175.19	56.42
175.25	56.83
175.31	61.66
175.36	62.57
175.42	59.97
175.47	64.99
175.53	65.36
175.59	61.56
175.64	64.01
175.70	62.05
175.75	57.21
175.81	55.52
175.87	56.75
175.92	52.59
175.98	54.03
176.03	53.93
176.09	54.47
176.15	54.15
176.20	55.39
176.26	55.27
176.31	58.67
176.37	56.09
176.42	57.86
176.48	61.32
176.54	58.97
176.59	55.88
176.65	58.38
176.70	59.04
176.76	58.02
176.82	56.07
176.87	53.51
176.93	53.61
176.98	52.24
177.04	47.00
177.10	51.59
177.15	53.02
177.21	53.78
177.26	52.81
177.32	56.87
177.37	58.70
177.43	62.36
177.49	59.04
177.54	56.98
177.60	57.37
177.65	57.97
177.71	52.87
177.77	55.89
177.82	57.33
177.88	61.06
177.93	56.37
177.99	62.62
178.04	58.45
178.10	58.99
178.16	52.15
178.21	53.06
178.27	50.03
178.32	53.93
178.38	52.75
178.43	54.33
178.49	54.33
178.55	53.87
178.60	52.44
178.66	52.00
178.71	53.97
178.77	51.91
178.82	52.49
178.88	52.74
178.94	52.75
178.99	53.27
179.05	57.81
179.10	54.13
179.16	56.58
179.21	59.35
179.27	58.58
179.33	54.19
179.38	57.77
179.44	56.06
179.49	55.86
179.55	53.88
179.60	53.63
179.66	53.17
179.72	55.55
179.77	53.40
179.83	52.04
179.88	54.04
179.94	54.74
179.99	51.12
180.05	51.22
180.11	52.70
180.16	54.88
180.22	57.32
180.27	61.56
180.33	62.60
180.38	66.95
180.44	62.57
180.49	62.35
180.55	60.53
180.61	64.29
180.66	58.64
180.72	57.03
180.77	55.38
180.83	55.27
180.88	52.22
180.94	52.26
180.99	56.49
181.05	56.48
181.11	57.13
181.16	57.90
181.22	59.26
181.27	61.09
181.33	59.81
181.38	57.26
181.44	57.87
181.49	62.18
181.55	63.24
181.61	69.07
181.66	71.73
181.72	70.00
181.77	67.42
181.83	64.98
181.88	69.77
181.94	71.04
181.99	76.37
182.05	76.88
182.11	77.76
182.16	69.11
182.22	67.75
182.27	63.48
182.33	66.14
182.38	66.12
182.44	71.48
182.49	73.58
182.55	75.22
182.60	74.73
182.66	77.76
182.72	79.89
182.77	81.93
182.83	85.53
182.88	88.28
182.94	89.58
182.99	86.49
183.05	84.88
183.10	86.53
183.16	86.47
183.21	88.09
183.27	95.89
183.32	101.48
183.38	105.90
183.44	113.64
183.49	119.42
183.55	122.30
183.60	129.44
183.66	136.93
183.71	146.66
183.77	155.34
183.82	166.04
183.88	177.86
183.93	189.82
183.99	204.72
184.04	222.34
184.10	235.68
184.15	249.29
184.21	263.83
184.27	266.35
184.32	266.82
184.38	264.18
184.43	258.67
184.49	239.73
184.54	220.56
184.60	209.04
184.65	193.28
184.71	182.41
184.76	184.54
184.82	202.27
184.87	220.95
184.93	248.43
184.98	278.81
185.04	312.03
185.09	339.63
185.15	366.89
185.20	400.47
185.26	435.40
185.31	465.99
185.37	495.05
185.43	518.73
185.48	539.29
185.54	564.97
185.59	591.68
185.65	617.89
185.70	659.62
185.76	706.79
185.81	741.53
185.87	778.81
185.92	823.70
185.98	858.95
186.03	875.32
186.09	875.46
186.14	850.79
186.20	794.62
186.25	704.54
186.31	614.19
186.36	545.22
186.42	512.70
186.47	521.55
186.53	570.29
186.58	641.48
186.64	718.23
186.69	794.12
186.75	857.50
186.80	917.16
186.86	977.19
186.91	1037.77
186.97	1091.03
187.02	1160.37
187.08	1224.54
187.13	1277.14
187.19	1331.78
187.24	1386.18
187.30	1419.12
187.35	1452.79
187.41	1499.66
187.47	1544.61
187.52	1587.01
187.58	1645.08
187.63	1724.20
187.69	1807.91
187.74	1881.47
187.80	1946.01
187.85	1997.03
187.91	2017.96
187.96	2002.42
188.02	1944.58
188.07	1848.19
188.13	1704.65
188.18	1551.38
188.24	1438.84
188.29	1388.04
188.35	1400.98
188.40	1483.71
188.46	1611.96
188.51	1740.31
188.57	1871.87
188.62	1998.68
188.67	2118.68
188.73	2230.37
188.78	2337.79
188.84	2441.07
188.89	2547.89
188.95	2652.76
189.00	2747.18
189.06	2847.15
189.11	2942.20
189.17	3021.73
189.22	3095.24
189.28	3181.75
189.33	3259.02
189.39	3325.21
189.44	3393.08
189.50	3467.96
189.55	3537.92
189.61	3590.08
189.66	3648.51
189.72	3708.89
189.77	3760.29
189.83	3787.70
189.88	3796.08
189.94	3764.41
189.99	3677.43
190.05	3518.37
190.10	3291.50
190.16	3032.12
190.21	2799.30
190.27	2647.93
190.32	2598.47
190.38	2654.86
190.43	2790.49
190.49	2953.42
190.54	3089.78
190.60	3207.28
190.65	3299.20
190.71	3377.60
190.76	3450.04
190.81	3528.94
190.87	3618.47
190.92	3740.38
190.98	3878.14
191.03	4027.48
191.09	4183.44
191.14	4316.21
191.20	4420.42
191.25	4523.39
191.31	4629.23
191.36	4741.46
191.42	4868.66
191.47	5010.27
191.53	5152.97
191.58	5268.98
191.64	5363.31
191.69	5442.74
191.75	5495.76
191.80	5528.40
191.85	5550.73
191.91	5571.18
191.96	5593.00
192.02	5625.95
192.07	5642.28
192.13	5636.35
192.18	5586.62
192.24	5465.31
192.29	5264.48
192.35	5036.33
192.40	4852.32
192.46	4743.21
192.51	4738.68
192.57	4835.33
192.62	5015.02
192.67	5200.56
192.73	5384.26
192.78	5548.75
192.84	5704.42
192.89	5841.23
192.95	5974.85
193.00	6089.45
193.06	6201.03
193.11	6306.87
193.17	6397.23
193.22	6482.63
193.28	6572.35
193.33	6651.19
193.38	6720.72
193.44	6790.55
193.49	6863.01
193.55	6919.72
193.60	6975.93
193.66	7024.85
193.71	7070.85
193.77	7097.68
193.82	7121.70
193.88	7141.26
193.93	7170.89
193.98	7196.74
194.04	7233.11
194.09	7277.47
194.15	7327.94
194.20	7374.99
194.26	7418.14
194.31	7460.31
194.37	7484.94
194.42	7489.54
194.47	7477.13
194.53	7430.34
194.58	7335.74
194.64	7223.71
194.69	7125.79
194.75	7050.53
194.80	7032.25
194.86	7074.81
194.91	7164.96
194.97	7272.42
195.02	7380.73
195.07	7484.85
195.13	7587.96
195.18	7693.08
195.24	7787.89
195.29	7883.75
195.35	7968.43
195.40	8052.16
195.46	8119.42
195.51	8205.56
195.56	8291.06
195.62	8382.59
195.67	8464.04
195.73	8551.64
195.78	8609.66
195.84	8653.73
195.89	8685.99
195.94	8717.52
196.00	8752.10
196.05	8795.06
196.11	8856.44
196.16	8921.56
196.22	8989.86
196.27	9054.49
196.32	9113.32
196.38	9159.55
196.43	9212.64
196.49	9252.32
196.54	9291.01
196.60	9337.66
196.65	9383.88
196.71	9424.22
196.76	9470.89
196.81	9507.31
196.87	9540.06
196.92	9569.41
196.98	9585.57
197.03	9593.57
197.09	9593.89
197.14	9583.04
197.19	9585.09
197.25	9600.24
197.30	9625.95
197.36	9676.65
197.41	9745.95
197.47	9807.29
197.52	9868.66
197.57	9941.31
197.63	9998.57
197.68	10048.73
197.74	10099.91
197.79	10144.75
197.84	10186.77
197.90	10229.96
197.95	10273.14
198.01	10316.58
198.06	10368.68
198.12	10409.30
198.17	10444.49
198.22	10484.98
198.28	10519.92
198.33	10556.45
198.39	10597.09
198.44	10647.52
198.49	10696.73
198.55	10741.71
198.60	10788.50
198.66	10835.29
198.71	10885.70
198.77	10930.55
198.82	10985.42
198.87	11035.78
198.93	11084.34
198.98	11129.88
199.04	11176.57
199.09	11217.79
199.14	11257.56
199.20	11297.75
199.25	11338.79
199.31	11381.77
199.36	11424.23
199.42	11467.17
199.47	11513.73
199.52	11554.23
199.58	11592.39
199.63	11624.28
199.69	11654.60
199.74	11687.41
199.79	11710.28
199.85	11738.11
199.90	11780.66
199.96	11822.13
200.01	11863.35
200.06	11919.05
200.12	11968.12
200.17	12019.14
200.23	12068.22
200.28	12113.24
200.33	12161.47
200.39	12208.81
200.44	12252.13
200.50	12300.45
200.55	12339.07
200.60	12377.03
200.66	12417.48
200.71	12449.88
200.77	12487.07
200.82	12530.90
200.87	12566.63
200.93	12600.63
200.98	12646.48
201.04	12690.17
201.09	12736.68
201.14	12794.56
201.20	12852.38
201.25	12906.97
201.31	12956.46
201.36	13013.05
201.41	13068.22
201.47	13124.43
201.52	13172.62
201.58	13233.09
201.63	13280.63
201.68	13321.82
201.74	13366.71
201.79	13417.66
201.84	13468.50
201.90	13516.31
201.95	13571.86
202.01	13627.46
202.06	13677.23
202.11	13716.90
202.17	13768.45
202.22	13813.80
202.28	13855.37
202.33	13900.36
202.38	13942.77
202.44	13984.10
202.49	14029.89
202.54	14079.53
202.60	14126.12
202.65	14176.17
202.71	14224.91
202.76	14263.89
202.81	14303.17
202.87	14351.36
202.92	14395.73
202.98	14445.47
203.03	14501.41
203.08	14556.22
203.14	14605.59
203.19	14664.32
203.24	14718.76
203.30	14769.33
203.35	14814.66
203.41	14863.84
203.46	14907.10
203.51	14948.40
203.57	14986.09
203.62	15033.17
203.67	15083.46
203.73	15124.25
203.78	15167.35
203.84	15218.30
203.89	15260.73
203.94	15292.70
204.00	15334.20
204.05	15368.90
204.10	15395.96
204.16	15418.83
204.21	15439.43
204.27	15442.06
204.32	15434.27
204.37	15416.66
204.43	15374.15
204.48	15322.96
204.53	15283.87
204.59	15281.04
204.64	15335.29
204.69	15456.71
204.75	15606.31
204.80	15771.42
204.86	15910.72
204.91	16005.47
204.96	16058.54
205.02	16089.27
205.07	16118.81
205.12	16178.63
205.18	16263.54
205.23	16371.07
205.28	16501.63
205.34	16628.47
205.39	16731.98
205.45	16818.09
205.50	16888.55
205.55	16948.99
205.61	17006.88
205.66	17069.50
205.71	17134.25
205.77	17196.20
205.82	17256.61
205.87	17315.22
205.93	17365.41
205.98	17411.31
206.03	17449.14
206.09	17500.86
206.14	17546.97
206.20	17602.65
206.25	17661.97
206.30	17728.56
206.36	17784.03
206.41	17845.43
206.46	17895.18
206.52	17938.47
206.57	17989.25
206.62	18030.86
206.68	18075.73
206.73	18121.55
206.78	18181.38
206.84	18238.42
206.89	18301.26
206.94	18363.88
207.00	18446.87
207.05	18517.55
207.11	18582.50
207.16	18644.24
207.21	18707.27
207.27	18752.29
207.32	18806.55
207.37	18862.45
207.43	18918.82
207.48	18964.28
207.53	19014.69
207.59	19061.21
207.64	19115.06
207.69	19186.39
207.75	19263.59
207.80	19328.15
207.85	19390.57
207.91	19447.03
207.96	19494.91
208.01	19547.53
208.07	19604.25
208.12	19663.34
208.17	19723.19
208.23	19769.28
208.28	19820.30
208.33	19882.02
208.39	19944.83
208.44	20013.18
208.49	20080.42
208.55	20144.50
208.60	20193.87
208.65	20241.28
208.71	20282.91
208.76	20339.94
208.81	20392.53
208.87	20461.28
208.92	20517.26
208.97	20586.07
209.03	20645.23
209.08	20707.93
209.13	20768.70
209.19	20832.64
209.24	20892.05
209.29	20955.23
209.35	21013.64
209.40	21070.26
209.45	21132.88
209.51	21196.00
209.56	21257.09
209.61	21316.87
209.67	21382.62
209.72	21451.97
209.77	21509.29
209.83	21577.22
209.88	21648.70
209.93	21711.33
209.99	21768.92
210.04	21840.62
210.09	21904.93
210.15	21966.13
210.20	22029.15
210.25	22091.78
210.31	22152.21
210.36	22204.85
210.41	22252.88
210.46	22308.06
210.52	22363.14
210.57	22408.17
210.62	22464.93
210.68	22532.97
210.73	22586.07
210.78	22651.14
210.84	22717.02
210.89	22775.45
210.94	22830.69
211.00	22895.26
211.05	22939.66
211.10	23002.90
211.16	23063.95
211.21	23131.20
211.26	23197.32
211.32	23272.97
211.37	23337.94
211.42	23405.75
211.47	23477.24
211.53	23541.61
211.58	23608.00
211.63	23665.43
211.69	23726.94
211.74	23773.30
211.79	23821.96
211.85	23876.34
211.90	23943.33
211.95	24007.34
212.01	24077.89
212.06	24156.76
212.11	24234.77
212.16	24306.65
212.22	24379.28
212.27	24440.29
212.32	24502.49
212.38	24567.92
212.43	24628.38
212.48	24690.23
212.54	24767.31
212.59	24844.24
212.64	24907.79
212.69	24972.91
212.75	25041.28
212.80	25105.08
212.85	25168.40
212.91	25224.81
212.96	25278.65
213.01	25336.87
213.07	25396.10
213.12	25453.31
213.17	25513.06
213.22	25580.53
213.28	25644.74
213.33	25696.73
213.38	25753.53
213.44	25816.17
213.49	25885.38
213.54	25951.63
213.60	26033.59
213.65	26108.78
213.70	26186.87
213.75	26253.47
213.81	26313.09
213.86	26363.91
213.91	26413.07
213.97	26457.75
214.02	26493.83
214.07	26526.78
214.12	26558.41
214.18	26582.74
214.23	26604.36
214.28	26623.27
214.34	26634.89
214.39	26639.10
214.44	26618.58
214.49	26568.48
214.55	26492.19
214.60	26380.68
214.65	26229.02
214.71	26096.99
214.76	26064.37
214.81	26143.23
214.86	26343.44
214.92	26631.61
214.97	26942.15
215.02	27189.78
215.08	27347.41
215.13	27428.05
215.18	27446.64
215.23	27436.92
215.29	27447.07
215.34	27520.76
215.39	27644.63
215.45	27825.12
215.50	28045.33
215.55	28255.44
215.60	28419.48
215.66	28536.57
215.71	28627.45
215.76	28709.63
215.81	28769.43
215.87	28834.11
215.92	28897.04
215.97	28951.88
216.03	29005.28
216.08	29068.12
216.13	29126.94
216.18	29187.70
216.24	29258.73
216.29	29311.86
216.34	29362.75
216.39	29425.83
216.45	29485.88
216.50	29541.10
216.55	29603.70
216.61	29684.65
216.66	29740.34
216.71	29809.50
216.76	29872.43
216.82	29953.68
216.87	30014.06
216.92	30099.49
216.97	30164.02
217.03	30236.35
217.08	30299.66
217.13	30381.07
217.18	30442.71
217.24	30516.05
217.29	30587.91
217.34	30637.12
217.39	30679.75
217.45	30723.61
217.50	30771.51
217.55	30822.91
217.61	30893.19
217.66	30965.13
217.71	31035.62
217.76	31111.65
217.82	31193.93
217.87	31273.65
217.92	31344.50
217.97	31420.16
218.03	31482.98
218.08	31530.91
218.13	31576.08
218.18	31624.61
218.24	31688.32
218.29	31747.62
218.34	31804.71
218.39	31872.93
218.45	31936.55
218.50	31988.72
218.55	32051.58
218.60	32121.88
218.66	32175.98
218.71	32239.35
218.76	32311.94
218.81	32379.03
218.87	32439.94
218.92	32507.18
218.97	32584.65
219.02	32643.48
219.08	32711.00
219.13	32786.32
219.18	32855.04
219.23	32908.93
219.29	32976.54
219.34	33039.29
219.39	33099.46
219.44	33163.87
219.50	33233.04
219.55	33293.17
219.60	33357.06
219.65	33420.42
219.71	33480.18
219.76	33533.17
219.81	33583.48
219.86	33636.06
219.92	33685.01
219.97	33739.30
220.02	33800.53
220.07	33873.61
220.13	33935.17
220.18	34004.65
220.23	34078.55
220.28	34156.13
220.33	34232.66
220.39	34297.05
220.44	34354.88
220.49	34405.76
220.54	34450.40
220.60	34493.09
220.65	34554.41
220.70	34631.20
220.75	34706.79
220.81	34793.05
220.86	34876.72
220.91	34947.88
220.96	35007.98
221.02	35082.03
221.07	35148.20
221.12	35203.16
221.17	35264.38
221.22	35325.84
221.28	35379.97
221.33	35434.41
221.38	35500.60
221.43	35580.80
221.49	35642.51
221.54	35704.67
221.59	35777.31
221.64	35855.36
221.69	35935.78
221.75	36045.65
221.80	36144.12
221.85	36219.69
221.90	36286.52
221.96	36344.53
222.01	36372.38
222.06	36404.93
222.11	36445.73
222.17	36494.19
222.22	36515.44
222.27	36565.88
222.32	36617.45
222.37	36675.79
222.43	36735.62
222.48	36814.08
222.53	36885.49
222.58	36967.64
222.63	37036.92
222.69	37102.23
222.74	37174.44
222.79	37239.39
222.84	37284.68
222.90	37339.43
222.95	37391.95
223.00	37433.99
223.05	37486.87
223.10	37548.58
223.16	37602.78
223.21	37647.58
223.26	37698.19
223.31	37731.68
223.36	37770.67
223.42	37807.58
223.47	37846.16
223.52	37890.09
223.57	37938.35
223.63	37989.89
223.68	38041.17
223.73	38118.75
223.78	38196.40
223.83	38266.32
223.89	38328.57
223.94	38405.57
223.99	38470.08
224.04	38540.74
224.09	38624.44
224.15	38713.01
224.20	38792.39
224.25	38877.82
224.30	38960.38
224.35	39043.94
224.41	39145.43
224.46	39245.64
224.51	39323.95
224.56	39399.01
224.61	39473.68
224.67	39547.23
224.72	39611.33
224.77	39704.73
224.82	39801.59
224.87	39892.73
224.93	39962.26
224.98	40053.57
225.03	40134.36
225.08	40207.73
225.13	40286.59
225.19	40378.26
225.24	40462.11
225.29	40534.57
225.34	40614.48
225.39	40692.05
225.45	40760.03
225.50	40823.50
225.55	40886.23
225.60	40941.21
225.65	41005.63
225.71	41051.82
225.76	41086.21
225.81	41113.10
225.86	41130.38
225.91	41118.74
225.97	41097.04
226.02	41056.78
226.07	40979.58
226.12	40941.26
226.17	40963.90
226.22	41073.27
226.28	41279.67
226.33	41565.20
226.38	41823.09
226.43	42035.79
226.48	42174.70
226.54	42244.82
226.59	42277.12
226.64	42301.92
226.69	42305.57
226.74	42333.25
226.80	42390.34
226.85	42485.50
226.90	42605.44
226.95	42780.14
227.00	42956.74
227.05	43114.19
227.11	43260.37
227.16	43382.06
227.21	43475.47
227.26	43558.07
227.31	43641.43
227.37	43695.71
227.42	43775.43
227.47	43853.96
227.52	43928.67
227.57	43989.70
227.62	44071.29
227.68	44136.72
227.73	44214.30
227.78	44296.45
227.83	44388.01
227.88	44458.82
227.93	44535.27
227.99	44617.44
228.04	44695.47
228.09	44773.39
228.14	44854.63
228.19	44930.87
228.24	44993.98
228.30	45057.56
228.35	45118.03
228.40	45191.77
228.45	45248.32
228.50	45317.98
228.56	45379.27
228.61	45438.36
228.66	45489.27
228.71	45556.73
228.76	45596.15
228.81	45648.63
228.87	45701.06
228.92	45765.98
228.97	45828.59
229.02	45917.05
229.07	45996.52
229.12	46082.68
229.17	46157.73
229.23	46235.40
229.28	46314.43
229.33	46394.00
229.38	46465.15
229.43	46537.85
229.48	46610.93
229.54	46670.62
229.59	46734.57
229.64	46808.53
229.69	46889.23
229.74	46972.49
229.79	47042.41
229.85	47121.18
229.90	47184.70
229.95	47239.39
230.00	47296.90
230.05	47384.73
230.10	47451.71
230.16	47524.26
230.21	47590.15
230.26	47644.89
230.31	47681.88
230.36	47735.51
230.41	47803.15
230.46	47891.12
230.52	47986.84
230.57	48072.45
230.62	48161.63
230.67	48230.85
230.72	48292.29
230.77	48326.03
230.82	48383.29
230.88	48419.85
230.93	48465.72
230.98	48496.85
231.03	48564.64
231.08	48615.68
231.13	48668.25
231.19	48728.83
231.24	48809.10
231.29	48883.02
231.34	48951.59
231.39	49032.42
231.44	49108.84
231.49	49159.18
231.55	49210.64
231.60	49250.38
231.65	49303.57
231.70	49347.75
231.75	49398.20
231.80	49442.75
231.85	49502.13
231.91	49542.39
231.96	49592.02
232.01	49658.71
232.06	49716.35
232.11	49779.83
232.16	49861.38
232.21	49945.45
232.26	50036.80
232.32	50123.30
232.37	50199.92
232.42	50258.07
232.47	50308.21
232.52	50346.42
232.57	50395.44
232.62	50452.56
232.68	50516.42
232.73	50585.45
232.78	50655.62
232.83	50731.26
232.88	50806.23
232.93	50879.61
232.98	50942.63
233.03	50995.95
233.09	51059.94
233.14	51123.68
233.19	51185.43
233.24	51239.95
233.29	51299.53
233.34	51336.41
233.39	51367.07
233.45	51394.15
233.50	51432.06
233.55	51487.02
233.60	51550.72
233.65	51613.53
233.70	51675.32
233.75	51730.96
233.80	51770.38
233.86	51813.87
233.91	51859.47
233.96	51910.70
234.01	51965.64
234.06	52024.52
234.11	52084.05
234.16	52139.23
234.21	52193.92
234.26	52249.63
234.32	52287.76
234.37	52318.97
234.42	52363.49
234.47	52388.18
234.52	52414.10
234.57	52461.19
234.62	52511.99
234.67	52558.68
234.73	52615.90
234.78	52676.14
234.83	52718.70
234.88	52762.57
234.93	52799.44
234.98	52843.19
235.03	52883.16
235.08	52939.22
235.13	52992.71
235.19	53051.72
235.24	53110.98
235.29	53173.22
235.34	53228.25
235.39	53268.63
235.44	53304.82
235.49	53343.71
235.54	53375.24
235.59	53389.46
235.65	53421.28
235.70	53455.25
235.75	53486.02
235.80	53533.22
235.85	53589.65
235.90	53637.52
235.95	53663.27
236.00	53697.16
236.05	53723.63
236.11	53744.35
236.16	53769.73
236.21	53819.04
236.26	53856.44
236.31	53877.67
236.36	53899.21
236.41	53920.33
236.46	53931.29
236.51	53952.05
236.56	53982.21
236.62	54022.46
236.67	54062.98
236.72	54104.76
236.77	54129.26
236.82	54172.19
236.87	54195.17
236.92	54207.86
236.97	54242.74
237.02	54284.58
237.07	54334.31
237.13	54396.73
237.18	54457.45
237.23	54494.13
237.28	54538.33
237.33	54573.23
237.38	54588.21
237.43	54616.05
237.48	54642.26
237.53	54660.12
237.58	54685.21
237.63	54732.47
237.69	54778.20
237.74	54819.48
237.79	54866.48
237.84	54872.27
237.89	54882.28
237.94	54884.08
237.99	54898.78
238.04	54905.88
238.09	54932.53
238.14	54952.87
238.19	54971.67
238.25	54997.36
238.30	55004.49
238.35	55006.83
238.40	55009.96
238.45	55015.05
238.50	55007.04
238.55	55008.13
238.60	55040.33
238.65	55056.43
238.70	55072.97
238.75	55100.00
238.80	55135.39
238.86	55138.60
238.91	55161.15
238.96	55197.11
239.01	55229.81
239.06	55259.18
239.11	55284.23
239.16	55303.13
239.21	55295.49
239.26	55281.53
239.31	55288.86
239.36	55309.10
239.41	55335.56
239.46	55371.81
239.52	55407.34
239.57	55433.21
239.62	55451.61
239.67	55464.96
239.72	55485.97
239.77	55500.31
239.82	55509.83
239.87	55516.16
239.92	55528.19
239.97	55524.42
240.02	55513.00
240.07	55500.11
240.12	55495.95
240.17	55493.55
240.23	55490.10
240.28	55497.26
240.33	55514.41
240.38	55509.96
240.43	55509.59
240.48	55534.13
240.53	55549.59
240.58	55563.04
240.63	55600.57
240.68	55614.31
240.73	55602.75
240.78	55600.07
240.83	55591.42
240.88	55567.47
240.93	55551.17
240.98	55555.61
241.04	55572.53
241.09	55598.19
241.14	55623.22
241.19	55662.55
241.24	55690.13
241.29	55706.11
241.34	55713.13
241.39	55730.26
241.44	55740.27
241.49	55739.88
241.54	55741.43
241.59	55736.43
241.64	55738.89
241.69	55730.31
241.74	55717.53
241.79	55701.70
241.84	55692.20
241.90	55670.43
241.95	55637.79
242.00	55618.28
242.05	55604.44
242.10	55591.70
242.15	55576.37
242.20	55577.53
242.25	55569.33
242.30	55560.79
242.35	55557.87
242.40	55550.39
242.45	55544.49
242.50	55542.37
242.55	55540.53
242.60	55528.00
242.65	55534.46
242.70	55547.37
242.75	55570.51
242.80	55605.39
242.85	55640.24
242.91	55646.04
242.96	55632.77
243.01	55616.30
243.06	55588.24
243.11	55560.46
243.16	55542.30
243.21	55543.54
243.26	55555.65
243.31	55566.84
243.36	55580.07
243.41	55592.18
243.46	55587.93
243.51	55547.72
243.56	55490.86
243.61	55430.58
243.66	55391.26
243.71	55355.06
243.76	55354.65
243.81	55379.13
243.86	55385.57
243.91	55393.68
243.96	55391.72
244.01	55370.15
244.06	55337.44
244.12	55327.63
244.17	55301.12
244.22	55313.36
244.27	55338.82
244.32	55368.98
244.37	55390.09
244.42	55403.66
244.47	55390.59
244.52	55364.57
244.57	55329.53
244.62	55293.68
244.67	55271.53
244.72	55248.74
244.77	55244.89
244.82	55261.13
244.87	55293.33
244.92	55313.73
244.97	55332.85
245.02	55331.37
245.07	55306.38
245.12	55285.62
245.17	55275.76
245.22	55268.22
245.27	55262.44
245.32	55239.81
245.37	55205.34
245.42	55158.90
245.47	55115.47
245.52	55073.36
245.57	55056.58
245.62	55031.70
245.67	55019.83
245.72	55006.21
245.77	54977.64
245.82	54955.78
245.87	54956.75
245.92	54961.75
245.98	54952.77
246.03	54960.70
246.08	54974.69
246.13	54970.61
246.18	54962.68
246.23	54960.16
246.28	54951.40
246.33	54929.08
246.38	54905.91
246.43	54877.63
246.48	54862.01
246.53	54862.59
246.58	54873.02
246.63	54877.51
246.68	54869.04
246.73	54845.91
246.78	54815.75
246.83	54759.50
246.88	54701.82
246.93	54651.26
246.98	54610.93
247.03	54579.07
247.08	54568.88
247.13	54566.30
247.18	54572.93
247.23	54595.44
247.28	54598.30
247.33	54579.29
247.38	54555.86
247.43	54535.61
247.48	54508.58
247.53	54478.96
247.58	54449.38
247.63	54420.11
247.68	54376.18
247.73	54315.73
247.78	54275.43
247.83	54247.85
247.88	54224.55
247.93	54220.07
247.98	54230.01
248.03	54232.91
248.08	54246.27
248.13	54250.83
248.18	54244.99
248.23	54237.12
248.28	54208.52
248.33	54159.42
248.38	54120.24
248.43	54085.10
248.48	54058.44
248.53	54047.90
248.58	54046.38
248.63	54038.72
248.68	54022.65
248.73	53990.11
248.78	53953.45
248.83	53900.17
248.88	53836.22
248.93	53767.88
248.98	53701.93
249.03	53658.70
249.08	53629.34
249.13	53628.96
249.18	53632.75
249.23	53643.24
249.28	53637.03
249.33	53637.71
249.38	53617.08
249.43	53592.21
249.48	53562.05
249.53	53542.74
249.58	53518.35
249.63	53502.33
249.68	53495.67
249.73	53482.87
249.78	53458.52
249.83	53447.77
249.88	53418.63
249.93	53395.87
249.98	53386.59
250.03	53383.18
250.08	53351.29
250.13	53343.59
250.18	53316.51
250.23	53264.64
250.28	53214.88
250.33	53164.45
250.37	53116.88
250.42	53076.90
250.47	53055.20
250.52	53040.74
250.57	53025.23
250.62	52988.67
250.67	52957.88
250.72	52937.45
250.77	52893.81
250.82	52882.88
250.87	52888.22
250.92	52876.70
250.97	52854.39
251.02	52845.70
251.07	52830.77
251.12	52804.49
251.17	52775.55
251.22	52748.68
251.27	52712.59
251.32	52671.20
251.37	52619.69
251.42	52570.83
251.47	52529.74
251.52	52508.86
251.57	52481.06
251.62	52470.94
251.67	52469.91
251.72	52445.97
251.77	52409.85
251.82	52377.98
251.87	52327.36
251.92	52270.81
251.97	52222.79
252.02	52169.07
252.07	52135.09
252.12	52124.14
252.16	52118.63
252.21	52116.11
252.26	52131.29
252.31	52128.50
252.36	52112.46
252.41	52092.72
252.46	52066.59
252.51	52031.40
252.56	51998.19
252.61	51977.57
252.66	51949.69
252.71	51925.65
252.76	51901.49
252.81	51856.05
252.86	51803.73
252.91	51758.36
252.96	51691.01
253.01	51623.89
253.06	51561.52
253.11	51518.15
253.16	51472.17
253.21	51432.94
253.26	51393.33
253.31	51370.25
253.36	51335.06
253.40	51308.71
253.45	51298.68
253.50	51260.01
253.55	51224.27
253.60	51178.05
253.65	51134.06
253.70	51092.75
253.75	51078.90
253.80	51065.67
253.85	51063.95
253.90	51068.73
253.95	51063.56
254.00	51057.71
254.05	51041.78
254.10	51003.07
254.15	50966.74
254.20	50939.33
254.25	50903.83
254.30	50864.52
254.35	50821.36
254.39	50750.47
254.44	50667.58
254.49	50594.39
254.54	50549.61
254.59	50522.19
254.64	50522.07
254.69	50523.87
254.74	50525.95
254.79	50498.42
254.84	50465.61
254.89	50432.67
254.94	50414.58
254.99	50399.85
255.04	50389.16
255.09	50386.21
255.14	50368.59
255.19	50356.00
255.23	50339.24
255.28	50328.01
255.33	50311.14
255.38	50299.13
255.43	50275.13
255.48	50249.59
255.53	50207.66
255.58	50184.60
255.63	50146.26
255.68	50103.09
255.73	50055.86
255.78	50030.17
255.83	49996.74
255.88	49982.07
255.93	49958.35
255.97	49938.90
256.02	49904.98
256.07	49858.69
256.12	49788.78
256.17	49734.69
256.22	49680.15
256.27	49635.12
256.32	49592.38
256.37	49574.36
256.42	49550.95
256.47	49521.00
256.52	49496.86
256.57	49466.63
256.62	49436.17
256.66	49428.03
256.71	49411.89
256.76	49365.35
256.81	49323.90
256.86	49272.49
256.91	49218.43
256.96	49177.37
257.01	49147.62
257.06	49127.47
257.11	49102.16
257.16	49052.80
257.21	49008.54
257.26	48968.78
257.30	48927.92
257.35	48882.16
257.40	48853.46
257.45	48831.36
257.50	48809.46
257.55	48773.05
257.60	48753.03
257.65	48731.97
257.70	48689.32
257.75	48649.85
257.80	48621.97
257.85	48589.80
257.89	48537.61
257.94	48484.90
257.99	48427.07
258.04	48369.78
258.09	48329.63
258.14	48307.99
258.19	48295.02
258.24	48277.04
258.29	48244.45
258.34	48199.16
258.39	48152.01
258.44	48090.51
258.48	48039.20
258.53	48008.73
258.58	47966.24
258.63	47914.98
258.68	47876.69
258.73	47839.22
258.78	47788.72
258.83	47747.34
258.88	47710.86
258.93	47672.21
258.97	47643.46
259.02	47615.19
259.07	47594.06
259.12	47579.47
259.17	47561.13
259.22	47540.67
259.27	47521.08
259.32	47496.58
259.37	47450.95
259.42	47416.57
259.47	47371.62
259.51	47320.17
259.56	47260.63
259.61	47194.92
259.66	47117.18
259.71	47038.35
259.76	46979.43
259.81	46912.55
259.86	46872.35
259.91	46831.44
259.95	46803.27
260.00	46773.67
260.05	46759.75
260.10	46742.60
260.15	46733.23
260.20	46725.03
260.25	46722.25
260.30	46709.67
260.35	46683.93
260.40	46654.11
260.44	46621.06
260.49	46586.65
260.54	46551.22
260.59	46523.70
260.64	46513.47
260.69	46514.87
260.74	46479.98
260.79	46442.77
260.84	46401.45
260.88	46342.84
260.93	46263.83
260.98	46225.51
261.03	46190.73
261.08	46160.50
261.13	46129.35
261.18	46092.59
261.23	46036.92
261.28	45994.99
261.32	45949.63
261.37	45897.13
261.42	45862.51
261.47	45840.05
261.52	45794.02
261.57	45747.03
261.62	45716.17
261.67	45672.27
261.71	45602.82
261.76	45555.89
261.81	45505.70
261.86	45449.73
261.91	45398.07
261.96	45366.56
262.01	45325.99
262.06	45302.98
262.10	45283.95
262.15	45269.03
262.20	45249.50
262.25	45234.99
262.30	45214.23
262.35	45192.22
262.40	45158.23
262.45	45130.32
262.49	45099.80
262.54	45072.78
262.59	45037.20
262.64	45012.84
262.69	44975.99
262.74	44929.59
262.79	44870.19
262.84	44825.95
262.88	44777.63
262.93	44724.46
262.98	44690.22
263.03	44653.41
263.08	44601.59
263.13	44531.73
263.18	44468.35
263.23	44400.87
263.27	44352.52
263.32	44318.98
263.37	44306.58
263.42	44288.59
263.47	44257.95
263.52	44226.27
263.57	44197.02
263.61	44147.66
263.66	44110.00
263.71	44085.09
263.76	44046.75
263.81	43992.05
263.86	43962.05
263.91	43922.50
263.95	43859.77
264.00	43800.03
264.05	43755.51
264.10	43689.45
264.15	43621.95
264.20	43582.07
264.25	43545.87
264.29	43495.71
264.34	43444.08
264.39	43410.18
264.44	43355.68
264.49	43308.35
264.54	43264.70
264.59	43238.30
264.63	43193.51
264.68	43145.30
264.73	43093.06
264.78	43045.07
264.83	42989.99
264.88	42951.39
264.93	42924.49
264.97	42896.86
265.02	42870.68
265.07	42847.88
265.12	42805.83
265.17	42761.70
265.22	42719.38
265.27	42663.15
265.31	42606.09
265.36	42539.70
265.41	42482.07
265.46	42421.31
265.51	42350.22
265.56	42280.56
265.60	42235.05
265.65	42174.31
265.70	42116.56
265.75	42072.78
265.80	42025.41
265.85	41965.05
265.90	41908.30
265.94	41849.78
265.99	41780.69
266.04	41734.01
266.09	41691.27
266.14	41658.16
266.19	41627.61
266.23	41608.86
266.28	41562.98
266.33	41530.63
266.38	41504.03
266.43	41474.33
266.48	41447.24
266.52	41421.02
266.57	41382.95
266.62	41338.88
266.67	41289.63
266.72	41239.77
266.77	41205.79
266.81	41185.46
266.86	41157.83
266.91	41132.37
266.96	41091.22
267.01	41051.98
267.06	40991.69
267.10	40938.82
267.15	40881.67
267.20	40848.24
267.25	40807.37
267.30	40777.91
267.35	40742.49
267.39	40708.66
267.44	40670.45
267.49	40617.48
267.54	40567.69
267.59	40516.92
267.64	40464.48
267.68	40407.56
267.73	40357.67
267.78	40312.23
267.83	40287.69
267.88	40274.32
267.93	40266.55
267.97	40253.64
268.02	40220.93
268.07	40167.98
268.12	40113.16
268.17	40044.43
268.21	40001.28
268.26	39955.63
268.31	39919.59
268.36	39873.09
268.41	39836.84
268.46	39788.60
268.50	39748.85
268.55	39695.50
268.60	39634.53
268.65	39568.55
268.70	39488.58
268.74	39414.75
268.79	39344.79
268.84	39290.38
268.89	39247.88
268.94	39220.43
268.99	39187.47
269.03	39147.58
269.08	39100.23
269.13	39027.41
269.18	38944.60
269.23	38840.78
269.27	38739.90
269.32	38613.49
269.37	38494.66
269.42	38358.47
269.47	38230.03
269.51	38086.20
269.56	37953.37
269.61	37804.77
269.66	37654.09
269.71	37495.56
269.76	37348.45
269.80	37192.46
269.85	37045.51
269.90	36908.87
269.95	36760.11
270.00	36600.48
270.04	36449.21
270.09	36298.72
270.14	36154.09
270.19	36020.37
270.24	35891.25
270.28	35738.26
270.33	35576.91
270.38	35394.86
270.43	35221.71
270.48	35040.87
270.52	34891.40
270.57	34729.81
270.62	34573.74
270.67	34416.96
270.72	34255.79
270.76	34071.48
270.81	33902.55
270.86	33727.64
270.91	33552.07
270.96	33385.24
271.00	33227.54
271.05	33070.91
271.10	32939.77
271.15	32809.56
271.20	32684.34
271.24	32545.90
271.29	32411.02
271.34	32255.36
271.39	32101.98
271.44	31948.20
271.48	31813.52
271.53	31666.87
271.58	31524.46
271.63	31377.54
271.67	31227.97
271.72	31082.95
271.77	30941.40
271.82	30810.19
271.87	30672.81
271.91	30523.16
271.96	30375.84
272.01	30233.80
272.06	30091.51
272.11	29966.46
272.15	29861.47
272.20	29753.63
272.25	29657.80
272.30	29557.47
272.35	29451.37
272.39	29342.41
272.44	29225.16
272.49	29089.36
272.54	28948.08
272.58	28796.29
272.63	28636.37
272.68	28483.09
272.73	28322.78
272.78	28149.94
272.82	27952.24
272.87	27739.98
272.92	27455.26
272.97	26931.25
273.01	23968.61
273.06	19009.34
273.11	13536.71
273.16	8165.72
273.21	3075.38
273.25	464.46
273.30	-87.68
273.35	-89.43
