165.32	3376.14
165.38	-245.86
165.44	595.50
165.50	-77.82
165.55	-21.09
165.61	-0.75
165.67	25.35
165.72	33.69
165.78	38.59
165.84	36.89
165.89	34.34
165.95	32.79
166.01	31.87
166.06	33.13
166.12	35.82
166.18	34.24
166.23	36.11
166.29	35.51
166.35	32.50
166.40	31.61
166.46	37.80
166.52	40.61
166.57	41.20
166.63	41.73
166.69	44.26
166.74	38.32
166.80	38.90
166.86	41.59
166.91	42.65
166.97	36.91
167.03	39.45
167.08	33.44
167.14	32.11
167.20	29.89
167.25	42.60
167.31	42.81
167.37	48.41
167.42	50.29
167.48	56.25
167.54	50.41
167.59	50.07
167.65	45.72
167.71	45.57
167.76	44.56
167.82	40.14
167.88	39.58
167.93	47.11
167.99	45.62
168.05	48.01
168.10	56.03
168.16	55.49
168.21	53.78
168.27	58.89
168.33	60.45
168.38	53.10
168.44	58.26
168.50	56.86
168.55	55.24
168.61	55.63
168.67	57.56
168.72	54.56
168.78	54.67
168.84	50.10
168.89	48.97
168.95	50.17
169.01	49.61
169.06	49.03
169.12	48.47
169.18	46.49
169.23	46.11
169.29	50.31
169.34	54.77
169.40	57.12
169.46	61.51
169.51	63.36
169.57	58.82
169.63	54.61
169.68	59.88
169.74	56.17
169.80	61.89
169.85	63.45
169.91	67.76
169.97	63.59
170.02	63.69
170.08	62.82
170.13	62.74
170.19	62.06
170.25	63.63
170.30	67.23
170.36	58.95
170.42	61.07
170.47	62.29
170.53	64.40
170.59	61.75
170.64	65.15
170.70	63.81
170.76	60.97
170.81	62.39
170.87	61.61
170.92	63.17
170.98	66.05
171.04	68.50
171.09	63.54
171.15	71.28
171.21	71.75
171.26	68.76
171.32	66.09
171.37	70.18
171.43	64.73
171.49	68.94
171.54	72.13
171.60	73.94
171.66	75.94
171.71	75.83
171.77	74.15
171.83	79.62
171.88	78.81
171.94	77.66
171.99	82.31
172.05	81.22
172.11	82.48
172.16	90.76
172.22	92.02
172.28	92.32
172.33	89.82
172.39	86.48
172.44	83.79
172.50	88.59
172.56	88.21
172.61	96.47
172.67	96.05
172.72	95.38
172.78	90.45
172.84	85.57
172.89	79.12
172.95	78.31
173.01	79.63
173.06	78.51
173.12	84.08
173.17	85.55
173.23	84.80
173.29	84.77
173.34	86.52
173.40	81.00
173.46	81.27
173.51	84.29
173.57	84.24
173.62	78.43
173.68	84.84
173.74	83.87
173.79	85.20
173.85	82.07
173.90	85.02
173.96	81.45
174.02	78.51
174.07	70.79
174.13	70.30
174.18	72.45
174.24	66.18
174.30	67.02
174.35	72.44
174.41	70.02
174.47	63.72
174.52	64.94
174.58	63.77
174.63	59.07
174.69	57.37
174.75	59.22
174.80	70.22
174.86	67.71
174.91	69.07
174.97	69.02
175.03	66.25
175.08	53.73
175.14	60.22
175.19	55.64
175.25	56.34
175.31	61.39
175.36	63.17
175.42	59.85
175.47	64.94
175.53	65.24
175.59	61.19
175.64	62.60
175.70	60.83
175.75	56.19
175.81	54.71
175.87	55.95
175.92	51.83
175.98	53.36
176.03	53.46
176.09	53.86
176.15	53.87
176.20	55.23
176.26	55.11
176.31	58.45
176.37	55.92
176.42	56.66
176.48	59.53
176.54	57.19
176.59	53.68
176.65	56.38
176.70	58.35
176.76	58.23
176.82	56.39
176.87	53.42
176.93	53.61
176.98	52.05
177.04	46.97
177.10	51.51
177.15	53.39
177.21	54.12
177.26	52.72
177.32	56.97
177.37	58.40
177.43	61.67
177.49	58.42
177.54	56.48
177.60	56.49
177.65	57.28
177.71	52.14
177.77	54.92
177.82	56.19
177.88	60.51
177.93	55.68
177.99	62.08
178.04	58.16
178.10	58.94
178.16	51.91
178.21	53.15
178.27	50.13
178.32	53.83
178.38	52.78
178.43	54.62
178.49	54.55
178.55	54.06
178.60	52.96
178.66	52.25
178.71	53.80
178.77	51.63
178.82	52.68
178.88	52.03
178.94	52.65
178.99	53.00
179.05	57.49
179.10	53.31
179.16	56.56
179.21	58.63
179.27	57.66
179.33	53.22
179.38	57.34
179.44	55.32
179.49	55.65
179.55	54.02
179.60	54.40
179.66	53.15
179.72	55.74
179.77	53.19
179.83	51.81
179.88	53.54
179.94	55.09
179.99	51.26
180.05	51.61
180.11	52.73
180.16	55.14
180.22	57.45
180.27	62.50
180.33	62.96
180.38	67.28
180.44	62.36
180.49	62.04
180.55	59.35
180.61	63.64
180.66	58.13
180.72	56.91
180.77	55.28
180.83	55.06
180.88	52.52
180.94	52.43
180.99	56.11
181.05	55.80
181.11	57.41
181.16	57.45
181.22	58.90
181.27	61.35
181.33	60.40
181.38	57.04
181.44	57.85
181.49	62.26
181.55	62.83
181.61	68.43
181.66	71.14
181.72	68.80
181.77	66.31
181.83	63.66
181.88	69.29
181.94	71.22
181.99	76.83
182.05	77.50
182.11	78.28
182.16	69.04
182.22	67.18
182.27	62.85
182.33	65.10
182.38	65.66
182.44	70.79
182.49	72.61
182.55	75.04
182.60	75.29
182.66	78.23
182.72	80.62
182.77	83.09
182.83	86.33
182.88	89.31
182.94	90.61
182.99	87.53
183.05	85.88
183.10	88.02
183.16	87.05
183.21	88.69
183.27	96.94
183.32	101.95
183.38	105.70
183.44	113.31
183.49	119.00
183.55	121.47
183.60	128.71
183.66	135.98
183.71	146.47
183.77	155.30
183.82	165.64
183.88	178.64
183.93	192.03
183.99	207.08
184.04	224.49
184.10	237.69
184.15	250.39
184.21	263.59
184.27	264.53
184.32	266.03
184.38	263.41
184.43	257.65
184.49	239.42
184.54	220.46
184.60	208.00
184.65	192.59
184.71	182.11
184.76	183.60
184.82	201.63
184.87	220.03
184.93	247.02
184.98	277.02
185.04	310.24
185.09	337.21
185.15	365.89
185.20	400.82
185.26	436.91
185.31	467.40
185.37	497.36
185.43	518.62
185.48	537.69
185.54	561.37
185.59	587.06
185.65	613.04
185.70	654.77
185.76	702.44
185.81	738.17
185.87	777.69
185.92	825.01
185.98	861.05
186.03	877.34
186.09	879.55
186.14	852.30
186.20	794.36
186.25	704.67
186.31	613.99
186.36	543.47
186.42	512.51
186.47	520.74
186.53	569.61
186.58	642.93
186.64	720.52
186.69	797.18
186.75	860.85
186.80	920.82
186.86	978.89
186.91	1037.44
186.97	1090.06
187.02	1157.96
187.08	1221.40
187.13	1273.20
187.19	1329.21
187.24	1384.62
187.30	1418.36
187.35	1453.15
187.41	1501.85
187.47	1547.17
187.52	1589.33
187.58	1647.65
187.63	1725.07
187.69	1807.04
187.74	1879.20
187.80	1944.66
187.85	1996.25
187.91	2018.01
187.96	2002.90
188.02	1945.36
188.07	1847.96
188.13	1704.04
188.18	1550.71
188.24	1440.34
188.29	1389.00
188.35	1401.81
188.40	1485.14
188.46	1614.76
188.51	1741.21
188.57	1874.52
188.62	2000.53
188.67	2119.50
188.73	2231.43
188.78	2339.41
188.84	2443.78
188.89	2550.23
188.95	2655.35
189.00	2747.79
189.06	2846.50
189.11	2939.47
189.17	3021.29
189.22	3096.14
189.28	3185.63
189.33	3263.94
189.39	3329.98
189.44	3398.59
189.50	3473.78
189.55	3543.26
189.61	3597.95
189.66	3657.13
189.72	3714.04
189.77	3765.06
189.83	3789.55
189.88	3795.64
189.94	3762.38
189.99	3678.37
190.05	3520.08
190.10	3295.04
190.16	3035.57
190.21	2804.35
190.27	2651.36
190.32	2600.18
190.38	2653.14
190.43	2787.41
190.49	2949.19
190.54	3084.09
190.60	3200.81
190.65	3295.50
190.71	3377.83
190.76	3453.11
190.81	3534.14
190.87	3622.25
190.92	3743.96
190.98	3879.69
191.03	4026.76
191.09	4180.38
191.14	4316.13
191.20	4420.19
191.25	4524.27
191.31	4630.22
191.36	4742.62
191.42	4869.04
191.47	5015.03
191.53	5155.37
191.58	5271.99
191.64	5364.94
191.69	5443.80
191.75	5494.23
191.80	5529.34
191.85	5551.93
191.91	5572.91
191.96	5595.95
192.02	5626.25
192.07	5638.48
192.13	5633.21
192.18	5585.79
192.24	5466.62
192.29	5268.79
192.35	5042.51
192.40	4854.37
192.46	4745.67
192.51	4739.61
192.57	4837.03
192.62	5016.30
192.67	5204.10
192.73	5381.56
192.78	5546.47
192.84	5697.64
192.89	5833.07
192.95	5966.04
193.00	6084.13
193.06	6194.26
193.11	6298.26
193.17	6388.95
193.22	6476.52
193.28	6568.15
193.33	6642.81
193.38	6714.28
193.44	6787.26
193.49	6858.71
193.55	6916.62
193.60	6979.20
193.66	7033.30
193.71	7078.46
193.77	7104.00
193.82	7124.28
193.88	7142.22
193.93	7169.00
193.98	7194.50
194.04	7237.06
194.09	7286.91
194.15	7337.39
194.20	7381.02
194.26	7425.66
194.31	7462.13
194.37	7481.83
194.42	7486.21
194.47	7472.48
194.53	7421.36
194.58	7331.15
194.64	7224.36
194.69	7125.17
194.75	7055.16
194.80	7042.09
194.86	7082.88
194.91	7172.46
194.97	7280.26
195.02	7387.99
195.07	7492.91
195.13	7592.12
195.18	7693.59
195.24	7786.18
195.29	7880.77
195.35	7959.21
195.40	8039.73
195.46	8108.70
195.51	8194.13
195.56	8280.95
195.62	8374.88
195.67	8460.71
195.73	8545.41
195.78	8603.64
195.84	8648.21
195.89	8680.36
195.94	8715.05
196.00	8750.13
196.05	8796.98
196.11	8859.97
196.16	8923.75
196.22	8990.84
196.27	9059.44
196.32	9120.50
196.38	9166.48
196.43	9218.16
196.49	9256.98
196.54	9293.20
196.60	9336.98
196.65	9381.39
196.71	9423.75
196.76	9471.32
196.81	9511.29
196.87	9544.68
196.92	9576.24
196.98	9595.65
197.03	9603.48
197.09	9598.31
197.14	9590.50
197.19	9588.10
197.25	9603.56
197.30	9630.79
197.36	9686.13
197.41	9751.29
197.47	9812.91
197.52	9875.35
197.57	9940.79
197.63	9991.93
197.68	10042.85
197.74	10094.65
197.79	10137.82
197.84	10183.82
197.90	10234.31
197.95	10278.42
198.01	10319.86
198.06	10364.94
198.12	10409.29
198.17	10440.48
198.22	10479.33
198.28	10519.16
198.33	10560.35
198.39	10595.30
198.44	10646.17
198.49	10691.98
198.55	10736.84
198.60	10783.45
198.66	10830.44
198.71	10881.24
198.77	10930.33
198.82	10983.06
198.87	11032.49
198.93	11081.77
198.98	11125.52
199.04	11169.84
199.09	11211.85
199.14	11251.37
199.20	11292.34
199.25	11332.27
199.31	11378.01
199.36	11422.00
199.42	11466.13
199.47	11510.67
199.52	11555.14
199.58	11595.72
199.63	11622.83
199.69	11654.50
199.74	11687.14
199.79	11714.33
199.85	11737.07
199.90	11779.63
199.96	11820.94
200.01	11865.63
200.06	11911.99
200.12	11961.93
200.17	12015.69
200.23	12068.04
200.28	12113.40
200.33	12166.29
200.39	12217.33
200.44	12260.73
200.50	12299.35
200.55	12336.62
200.60	12376.70
200.66	12413.58
200.71	12444.83
200.77	12492.07
200.82	12533.63
200.87	12570.50
200.93	12609.54
200.98	12653.08
201.04	12688.06
201.09	12735.60
201.14	12785.79
201.20	12833.83
201.25	12887.69
201.31	12937.90
201.36	12998.82
201.41	13053.36
201.47	13112.01
201.52	13164.43
201.58	13230.87
201.63	13273.35
201.68	13320.13
201.74	13368.11
201.79	13417.78
201.84	13467.33
201.90	13518.65
201.95	13570.22
202.01	13624.60
202.06	13678.37
202.11	13717.09
202.17	13760.90
202.22	13805.14
202.28	13844.12
202.33	13881.16
202.38	13923.14
202.44	13968.22
202.49	14011.74
202.54	14062.04
202.60	14113.66
202.65	14165.42
202.71	14216.94
202.76	14262.22
202.81	14303.42
202.87	14347.92
202.92	14390.68
202.98	14441.25
203.03	14497.52
203.08	14556.81
203.14	14613.89
203.19	14671.87
203.24	14723.94
203.30	14774.36
203.35	14815.90
203.41	14859.16
203.46	14903.52
203.51	14945.41
203.57	14986.41
203.62	15038.87
203.67	15092.62
203.73	15134.36
203.78	15178.21
203.84	15228.38
203.89	15263.91
203.94	15298.02
204.00	15339.34
204.05	15378.95
204.10	15400.70
204.16	15418.99
204.21	15430.40
204.27	15428.89
204.32	15409.44
204.37	15393.19
204.43	15361.65
204.48	15320.89
204.53	15284.26
204.59	15293.44
204.64	15347.65
204.69	15461.18
204.75	15606.64
204.80	15769.97
204.86	15901.95
204.91	15994.38
204.96	16049.11
205.02	16071.91
205.07	16101.65
205.12	16159.91
205.18	16244.15
205.23	16355.66
205.28	16493.52
205.34	16617.48
205.39	16725.93
205.45	16813.50
205.50	16881.86
205.55	16947.17
205.61	17009.34
205.66	17064.86
205.71	17129.48
205.77	17193.08
205.82	17246.76
205.87	17303.59
205.93	17355.70
205.98	17401.39
206.03	17446.45
206.09	17498.13
206.14	17547.85
206.20	17607.47
206.25	17663.83
206.30	17723.52
206.36	17781.10
206.41	17845.10
206.46	17896.56
206.52	17943.84
206.57	17993.80
206.62	18035.55
206.68	18080.34
206.73	18130.94
206.78	18187.36
206.84	18243.26
206.89	18304.30
206.94	18365.95
207.00	18431.88
207.05	18503.41
207.11	18566.79
207.16	18625.57
207.21	18686.92
207.27	18745.24
207.32	18795.86
207.37	18851.96
207.43	18914.42
207.48	18965.52
207.53	19014.23
207.59	19072.45
207.64	19131.73
207.69	19196.89
207.75	19267.07
207.80	19326.51
207.85	19380.85
207.91	19431.24
207.96	19485.13
208.01	19540.13
208.07	19598.78
208.12	19660.59
208.17	19716.72
208.23	19770.37
208.28	19816.41
208.33	19876.76
208.39	19936.42
208.44	20007.65
208.49	20068.04
208.55	20130.13
208.60	20188.89
208.65	20243.79
208.71	20293.91
208.76	20347.34
208.81	20406.47
208.87	20468.28
208.92	20525.44
208.97	20582.25
209.03	20641.97
209.08	20706.12
209.13	20757.73
209.19	20819.44
209.24	20882.28
209.29	20945.57
209.35	20993.75
209.40	21060.86
209.45	21123.86
209.51	21187.89
209.56	21247.72
209.61	21317.47
209.67	21381.68
209.72	21446.32
209.77	21499.49
209.83	21561.79
209.88	21632.78
209.93	21693.84
209.99	21754.54
210.04	21828.20
210.09	21898.59
210.15	21956.57
210.20	22022.74
210.25	22086.12
210.31	22147.08
210.36	22192.94
210.41	22244.72
210.46	22299.69
210.52	22351.43
210.57	22404.12
210.62	22470.54
210.68	22537.79
210.73	22590.14
210.78	22652.11
210.84	22715.85
210.89	22775.70
210.94	22829.79
211.00	22891.30
211.05	22951.06
211.10	23009.67
211.16	23067.61
211.21	23129.53
211.26	23197.12
211.32	23265.43
211.37	23325.13
211.42	23392.44
211.47	23466.21
211.53	23532.75
211.58	23590.59
211.63	23657.56
211.69	23712.44
211.74	23764.33
211.79	23812.91
211.85	23873.44
211.90	23936.58
211.95	24010.08
212.01	24076.76
212.06	24158.96
212.11	24232.02
212.16	24303.28
212.22	24375.44
212.27	24444.34
212.32	24507.09
212.38	24577.03
212.43	24644.31
212.48	24705.93
212.54	24775.60
212.59	24849.17
212.64	24919.19
212.69	24981.92
212.75	25044.91
212.80	25107.40
212.85	25166.09
212.91	25215.50
212.96	25274.53
213.01	25340.26
213.07	25404.16
213.12	25465.99
213.17	25534.83
213.22	25602.23
213.28	25654.92
213.33	25694.86
213.38	25752.46
213.44	25804.96
213.49	25871.01
213.54	25946.11
213.60	26042.25
213.65	26116.39
213.70	26197.69
213.75	26263.13
213.81	26314.83
213.86	26362.00
213.91	26407.07
213.97	26447.58
214.02	26476.28
214.07	26514.23
214.12	26543.78
214.18	26571.74
214.23	26600.01
214.28	26627.66
214.34	26645.59
214.39	26649.68
214.44	26627.57
214.49	26566.51
214.55	26484.02
214.60	26368.24
214.65	26216.43
214.71	26090.78
214.76	26067.84
214.81	26153.38
214.86	26352.91
214.92	26639.11
214.97	26946.34
215.02	27189.78
215.08	27344.43
215.13	27429.80
215.18	27450.88
215.23	27446.86
215.29	27460.55
215.34	27537.98
215.39	27659.41
215.45	27846.15
215.50	28060.08
215.55	28271.97
215.60	28434.55
215.66	28549.98
215.71	28635.01
215.76	28711.68
215.81	28765.12
215.87	28824.82
215.92	28890.57
215.97	28949.02
216.03	29005.66
216.08	29069.70
216.13	29128.08
216.18	29187.75
216.24	29253.03
216.29	29305.06
216.34	29366.30
216.39	29433.90
216.45	29494.47
216.50	29546.82
216.55	29610.49
216.61	29680.40
216.66	29727.17
216.71	29792.21
216.76	29854.67
216.82	29932.92
216.87	29990.73
216.92	30075.67
216.97	30139.70
217.03	30218.76
217.08	30287.32
217.13	30369.87
217.18	30439.44
217.24	30511.56
217.29	30580.74
217.34	30626.51
217.39	30667.28
217.45	30710.08
217.50	30756.81
217.55	30807.93
217.61	30881.07
217.66	30957.29
217.71	31031.95
217.76	31113.92
217.82	31195.27
217.87	31274.13
217.92	31346.98
217.97	31415.36
218.03	31478.94
218.08	31528.28
218.13	31572.86
218.18	31620.32
218.24	31690.14
218.29	31750.68
218.34	31814.15
218.39	31876.39
218.45	31941.94
218.50	31989.87
218.55	32047.60
218.60	32109.44
218.66	32171.04
218.71	32233.68
218.76	32303.14
218.81	32370.63
218.87	32435.93
218.92	32506.76
218.97	32582.18
219.02	32651.20
219.08	32719.12
219.13	32790.72
219.18	32855.51
219.23	32908.91
219.29	32963.38
219.34	33018.43
219.39	33076.03
219.44	33138.99
219.50	33210.47
219.55	33274.62
219.60	33343.05
219.65	33414.41
219.71	33476.89
219.76	33532.53
219.81	33593.43
219.86	33650.45
219.92	33696.82
219.97	33749.74
220.02	33800.24
220.07	33861.84
220.13	33928.09
220.18	34009.14
220.23	34085.16
220.28	34164.02
220.33	34236.00
220.39	34290.73
220.44	34341.23
220.49	34388.89
220.54	34440.02
220.60	34491.42
220.65	34563.60
220.70	34634.58
220.75	34716.24
220.81	34803.55
220.86	34885.05
220.91	34954.35
220.96	35022.59
221.02	35088.82
221.07	35149.71
221.12	35205.20
221.17	35260.91
221.22	35319.85
221.28	35376.05
221.33	35433.50
221.38	35498.50
221.43	35571.29
221.49	35632.67
221.54	35698.38
221.59	35764.92
221.64	35843.90
221.69	35932.26
221.75	36034.48
221.80	36136.79
221.85	36212.33
221.90	36278.87
221.96	36333.87
222.01	36369.38
222.06	36401.95
222.11	36452.74
222.17	36503.64
222.22	36533.03
222.27	36577.45
222.32	36628.38
222.37	36681.05
222.43	36732.67
222.48	36800.05
222.53	36874.89
222.58	36948.37
222.63	37019.23
222.69	37086.66
222.74	37168.39
222.79	37230.05
222.84	37275.59
222.90	37328.01
222.95	37385.38
223.00	37430.48
223.05	37483.32
223.10	37550.53
223.16	37609.43
223.21	37653.23
223.26	37695.19
223.31	37728.55
223.36	37756.90
223.42	37788.32
223.47	37829.27
223.52	37875.04
223.57	37929.03
223.63	37986.74
223.68	38042.76
223.73	38112.96
223.78	38183.89
223.83	38249.35
223.89	38310.91
223.94	38380.70
223.99	38450.94
224.04	38525.87
224.09	38606.19
224.15	38700.00
224.20	38785.31
224.25	38873.15
224.30	38956.76
224.35	39046.49
224.41	39146.00
224.46	39248.06
224.51	39324.99
224.56	39404.82
224.61	39480.21
224.67	39546.49
224.72	39613.14
224.77	39701.98
224.82	39797.20
224.87	39881.84
224.93	39961.04
224.98	40050.14
225.03	40138.97
225.08	40218.93
225.13	40301.16
225.19	40385.14
225.24	40469.09
225.29	40530.94
225.34	40596.18
225.39	40667.09
225.45	40739.53
225.50	40796.81
225.55	40866.66
225.60	40931.59
225.65	40993.07
225.71	41039.63
225.76	41082.62
225.81	41108.12
225.86	41123.90
225.91	41123.13
225.97	41100.51
226.02	41050.12
226.07	40975.83
226.12	40933.36
226.17	40958.54
226.22	41070.83
226.28	41275.07
226.33	41555.83
226.38	41819.14
226.43	42023.38
226.48	42151.91
226.54	42228.07
226.59	42268.98
226.64	42288.48
226.69	42295.67
226.74	42328.68
226.80	42394.69
226.85	42487.35
226.90	42611.14
226.95	42790.77
227.00	42965.25
227.05	43122.30
227.11	43264.23
227.16	43388.36
227.21	43479.43
227.26	43572.87
227.31	43648.69
227.37	43703.58
227.42	43774.91
227.47	43857.89
227.52	43920.25
227.57	43981.24
227.62	44069.89
227.68	44141.68
227.73	44213.25
227.78	44302.28
227.83	44393.46
227.88	44461.48
227.93	44539.93
227.99	44619.24
228.04	44694.92
228.09	44772.94
228.14	44848.66
228.19	44921.96
228.24	44986.80
228.30	45045.74
228.35	45107.31
228.40	45174.68
228.45	45236.80
228.50	45300.56
228.56	45375.28
228.61	45434.79
228.66	45488.65
228.71	45549.36
228.76	45598.29
228.81	45637.91
228.87	45682.80
228.92	45751.35
228.97	45808.41
229.02	45891.79
229.07	45970.24
229.12	46060.27
229.17	46130.99
229.23	46203.08
229.28	46282.74
229.33	46363.42
229.38	46433.20
229.43	46508.16
229.48	46599.25
229.54	46665.89
229.59	46734.58
229.64	46818.18
229.69	46898.36
229.74	46975.93
229.79	47042.04
229.85	47116.06
229.90	47180.86
229.95	47249.49
230.00	47311.32
230.05	47392.37
230.10	47467.59
230.16	47539.88
230.21	47597.87
230.26	47648.74
230.31	47695.96
230.36	47751.99
230.41	47810.99
230.46	47895.41
230.52	47988.59
230.57	48067.68
230.62	48155.56
230.67	48222.00
230.72	48277.60
230.77	48324.75
230.82	48376.71
230.88	48401.08
230.93	48447.19
230.98	48486.90
231.03	48535.62
231.08	48590.64
231.13	48649.89
231.19	48719.95
231.24	48803.13
231.29	48884.70
231.34	48959.68
231.39	49040.03
231.44	49103.06
231.49	49146.06
231.55	49190.23
231.60	49223.55
231.65	49267.75
231.70	49321.48
231.75	49378.87
231.80	49427.12
231.85	49493.14
231.91	49544.14
231.96	49592.48
232.01	49650.98
232.06	49711.93
232.11	49764.69
232.16	49838.78
232.21	49920.73
232.26	50007.73
232.32	50091.19
232.37	50169.00
232.42	50238.38
232.47	50285.98
232.52	50320.97
232.57	50378.22
232.62	50449.17
232.68	50509.46
232.73	50580.55
232.78	50666.17
232.83	50740.20
232.88	50807.03
232.93	50890.21
232.98	50955.95
233.03	51007.06
233.09	51065.27
233.14	51132.44
233.19	51184.75
233.24	51245.75
233.29	51306.06
233.34	51338.25
233.39	51353.28
233.45	51380.24
233.50	51414.37
233.55	51455.75
233.60	51527.47
233.65	51598.37
233.70	51657.00
233.75	51715.33
233.80	51765.72
233.86	51812.53
233.91	51864.77
233.96	51913.75
234.01	51958.94
234.06	52012.98
234.11	52068.50
234.16	52120.33
234.21	52180.77
234.26	52238.25
234.32	52285.69
234.37	52323.51
234.42	52364.90
234.47	52381.73
234.52	52410.20
234.57	52450.05
234.62	52492.13
234.67	52541.27
234.73	52610.50
234.78	52671.18
234.83	52716.14
234.88	52764.82
234.93	52798.46
234.98	52831.02
235.03	52869.09
235.08	52932.00
235.13	52987.27
235.19	53058.23
235.24	53123.68
235.29	53183.44
235.34	53232.66
235.39	53265.95
235.44	53288.68
235.49	53326.63
235.54	53357.11
235.59	53369.25
235.65	53399.63
235.70	53436.44
235.75	53470.18
235.80	53523.52
235.85	53580.49
235.90	53625.74
235.95	53659.92
236.00	53687.30
236.05	53708.18
236.11	53733.87
236.16	53764.94
236.21	53810.08
236.26	53844.82
236.31	53880.86
236.36	53896.36
236.41	53919.29
236.46	53925.48
236.51	53945.45
236.56	53963.22
236.62	54002.75
236.67	54032.91
236.72	54080.06
236.77	54106.54
236.82	54148.45
236.87	54176.37
236.92	54199.34
236.97	54239.29
237.02	54292.35
237.07	54344.20
237.13	54402.49
237.18	54459.55
237.23	54510.09
237.28	54546.38
237.33	54580.97
237.38	54603.87
237.43	54634.50
237.48	54624.75
237.53	54652.66
237.58	54678.84
237.63	54716.58
237.69	54755.12
237.74	54815.64
237.79	54850.49
237.84	54856.36
237.89	54861.79
237.94	54868.30
237.99	54882.17
238.04	54901.34
238.09	54923.90
238.14	54952.65
238.19	54977.71
238.25	54999.34
238.30	54997.91
238.35	55009.67
238.40	55015.12
238.45	55010.09
238.50	55010.54
238.55	55017.55
238.60	55046.90
238.65	55063.47
238.70	55084.12
238.75	55094.09
238.80	55128.18
238.86	55134.14
238.91	55158.88
238.96	55190.55
239.01	55232.17
239.06	55259.71
239.11	55280.50
239.16	55296.07
239.21	55295.00
239.26	55283.32
239.31	55294.82
239.36	55302.79
239.41	55327.19
239.46	55363.47
239.52	55389.29
239.57	55404.07
239.62	55423.18
239.67	55436.53
239.72	55453.17
239.77	55482.16
239.82	55504.50
239.87	55521.43
239.92	55534.23
239.97	55529.62
240.02	55509.66
240.07	55488.48
240.12	55486.14
240.17	55481.83
240.23	55480.04
240.28	55489.23
240.33	55506.99
240.38	55491.43
240.43	55491.64
240.48	55516.58
240.53	55540.59
240.58	55555.79
240.63	55596.62
240.68	55609.10
240.73	55599.95
240.78	55594.13
240.83	55598.20
240.88	55579.91
240.93	55570.33
240.98	55565.90
241.04	55586.95
241.09	55601.67
241.14	55631.25
241.19	55665.52
241.24	55699.68
241.29	55705.46
241.34	55710.97
241.39	55720.96
241.44	55732.16
241.49	55736.38
241.54	55735.86
241.59	55727.17
241.64	55725.02
241.69	55709.84
241.74	55692.73
241.79	55681.46
241.84	55677.38
241.90	55658.40
241.95	55634.59
242.00	55618.59
242.05	55596.02
242.10	55585.55
242.15	55568.46
242.20	55565.94
242.25	55561.34
242.30	55561.90
242.35	55544.06
242.40	55545.59
242.45	55530.71
242.50	55524.41
242.55	55523.25
242.60	55527.88
242.65	55525.42
242.70	55543.25
242.75	55563.20
242.80	55595.67
242.85	55624.22
242.91	55648.34
242.96	55644.93
243.01	55631.48
243.06	55599.57
243.11	55565.53
243.16	55529.20
243.21	55528.53
243.26	55531.46
243.31	55547.33
243.36	55562.32
243.41	55582.48
243.46	55577.93
243.51	55554.97
243.56	55502.32
243.61	55442.81
243.66	55400.61
243.71	55366.91
243.76	55360.74
243.81	55377.55
243.86	55383.24
243.91	55389.43
243.96	55386.30
244.01	55362.49
244.06	55331.21
244.12	55324.76
244.17	55301.49
244.22	55311.60
244.27	55332.99
244.32	55361.10
244.37	55374.76
244.42	55386.47
244.47	55363.10
244.52	55337.17
244.57	55307.94
244.62	55281.24
244.67	55261.59
244.72	55247.94
244.77	55243.81
244.82	55260.43
244.87	55298.89
244.92	55321.12
244.97	55336.02
245.02	55334.77
245.07	55305.28
245.12	55276.01
245.17	55257.78
245.22	55265.23
245.27	55259.61
245.32	55229.86
245.37	55187.47
245.42	55142.27
245.47	55081.06
245.52	55033.68
245.57	55025.75
245.62	55016.32
245.67	55006.78
245.72	54991.37
245.77	54975.38
245.82	54952.86
245.87	54942.86
245.92	54949.93
245.98	54946.35
246.03	54951.56
246.08	54960.28
246.13	54957.81
246.18	54957.25
246.23	54959.59
246.28	54947.42
246.33	54933.86
246.38	54909.14
246.43	54875.65
246.48	54853.37
246.53	54850.71
246.58	54860.98
246.63	54868.99
246.68	54857.59
246.73	54844.18
246.78	54819.54
246.83	54763.63
246.88	54713.60
246.93	54672.19
246.98	54622.74
247.03	54584.89
247.08	54572.79
247.13	54558.79
247.18	54557.28
247.23	54578.57
247.28	54583.85
247.33	54566.31
247.38	54548.47
247.43	54528.41
247.48	54509.72
247.53	54482.19
247.58	54445.37
247.63	54416.05
247.68	54371.91
247.73	54316.13
247.78	54277.40
247.83	54251.91
247.88	54223.91
247.93	54213.79
247.98	54215.90
248.03	54220.07
248.08	54238.89
248.13	54245.93
248.18	54239.05
248.23	54227.97
248.28	54200.90
248.33	54154.78
248.38	54118.61
248.43	54090.02
248.48	54064.48
248.53	54042.23
248.58	54027.46
248.63	54026.01
248.68	54012.23
248.73	53984.99
248.78	53954.59
248.83	53907.26
248.88	53832.89
248.93	53766.40
248.98	53691.34
249.03	53646.57
249.08	53615.54
249.13	53611.54
249.18	53602.64
249.23	53621.88
249.28	53619.66
249.33	53619.66
249.38	53601.60
249.43	53593.90
249.48	53561.80
249.53	53543.72
249.58	53524.67
249.63	53503.74
249.68	53479.79
249.73	53466.44
249.78	53442.47
249.83	53433.39
249.88	53412.19
249.93	53400.39
249.98	53391.40
250.03	53388.00
250.08	53356.91
250.13	53341.08
250.18	53307.85
250.23	53257.10
250.28	53205.20
250.33	53151.63
250.37	53117.43
250.42	53077.25
250.47	53053.36
250.52	53034.76
250.57	53022.88
250.62	52977.85
250.67	52950.50
250.72	52930.80
250.77	52890.60
250.82	52868.77
250.87	52875.02
250.92	52863.21
250.97	52834.71
251.02	52828.10
251.07	52822.74
251.12	52792.61
251.17	52768.05
251.22	52738.21
251.27	52698.21
251.32	52649.28
251.37	52599.98
251.42	52545.43
251.47	52506.09
251.52	52478.67
251.57	52459.77
251.62	52459.47
251.67	52455.41
251.72	52438.37
251.77	52408.49
251.82	52361.17
251.87	52309.88
251.92	52264.19
251.97	52216.34
252.02	52177.10
252.07	52160.23
252.12	52139.14
252.16	52133.80
252.21	52130.68
252.26	52130.96
252.31	52129.34
252.36	52125.42
252.41	52103.42
252.46	52080.96
252.51	52044.44
252.56	52008.46
252.61	51974.10
252.66	51944.43
252.71	51921.87
252.76	51905.04
252.81	51859.43
252.86	51803.72
252.91	51761.51
252.96	51702.14
253.01	51627.53
253.06	51563.71
253.11	51518.31
253.16	51473.20
253.21	51422.54
253.26	51394.92
253.31	51367.39
253.36	51343.22
253.40	51309.54
253.45	51297.94
253.50	51257.59
253.55	51220.03
253.60	51174.15
253.65	51129.11
253.70	51090.60
253.75	51075.31
253.80	51063.79
253.85	51061.91
253.90	51069.06
253.95	51060.36
254.00	51048.53
254.05	51030.47
254.10	50995.03
254.15	50959.87
254.20	50929.56
254.25	50898.86
254.30	50864.72
254.35	50824.54
254.39	50753.04
254.44	50678.32
254.49	50596.04
254.54	50550.70
254.59	50519.91
254.64	50509.37
254.69	50492.55
254.74	50497.69
254.79	50476.76
254.84	50442.98
254.89	50423.17
254.94	50421.26
254.99	50404.89
255.04	50392.59
255.09	50397.83
255.14	50375.11
255.19	50351.61
255.23	50343.83
255.28	50330.46
255.33	50299.86
255.38	50286.99
255.43	50279.01
255.48	50249.89
255.53	50203.39
255.58	50181.60
255.63	50145.00
255.68	50089.62
255.73	50040.24
255.78	50014.75
255.83	49981.92
255.88	49962.67
255.93	49940.97
255.97	49923.57
256.02	49893.12
256.07	49849.15
256.12	49775.53
256.17	49723.00
256.22	49668.24
256.27	49619.29
256.32	49577.32
256.37	49556.30
256.42	49535.65
256.47	49508.21
256.52	49482.17
256.57	49452.17
256.62	49441.46
256.66	49430.49
256.71	49407.96
256.76	49372.03
256.81	49324.13
256.86	49271.83
256.91	49219.33
256.96	49168.35
257.01	49136.88
257.06	49122.31
257.11	49089.71
257.16	49036.15
257.21	49003.83
257.26	48961.39
257.30	48917.49
257.35	48876.20
257.40	48855.16
257.45	48837.04
257.50	48805.65
257.55	48779.02
257.60	48760.38
257.65	48731.79
257.70	48689.70
257.75	48656.41
257.80	48623.57
257.85	48579.18
257.89	48536.84
257.94	48479.86
257.99	48426.47
258.04	48367.04
258.09	48327.39
258.14	48293.50
258.19	48277.13
258.24	48258.36
258.29	48225.03
258.34	48180.01
258.39	48142.76
258.44	48083.25
258.48	48024.19
258.53	47992.07
258.58	47956.86
258.63	47902.93
258.68	47860.96
258.73	47823.80
258.78	47775.35
258.83	47735.79
258.88	47699.58
258.93	47660.35
258.97	47633.96
259.02	47605.24
259.07	47577.74
259.12	47558.90
259.17	47548.57
259.22	47526.85
259.27	47499.18
259.32	47477.39
259.37	47437.70
259.42	47397.82
259.47	47353.23
259.51	47314.34
259.56	47245.11
259.61	47181.14
259.66	47110.70
259.71	47041.71
259.76	46973.55
259.81	46925.92
259.86	46880.79
259.91	46841.07
259.95	46804.11
260.00	46782.98
260.05	46758.72
260.10	46741.66
260.15	46726.19
260.20	46717.40
260.25	46705.06
260.30	46695.89
260.35	46663.34
260.40	46632.90
260.44	46606.69
260.49	46583.73
260.54	46549.32
260.59	46528.87
260.64	46527.86
260.69	46521.70
260.74	46484.81
260.79	46454.20
260.84	46409.38
260.88	46345.22
260.93	46266.53
260.98	46226.61
261.03	46173.83
261.08	46141.89
261.13	46103.91
261.18	46066.74
261.23	46007.27
261.28	45969.90
261.32	45931.01
261.37	45888.03
261.42	45860.76
261.47	45839.23
261.52	45794.38
261.57	45746.89
261.62	45710.34
261.67	45655.05
261.71	45589.25
261.76	45542.46
261.81	45484.82
261.86	45425.07
261.91	45380.20
261.96	45340.21
262.01	45299.24
262.06	45286.57
262.10	45281.73
262.15	45260.79
262.20	45250.78
262.25	45235.42
262.30	45210.21
262.35	45174.72
262.40	45151.61
262.45	45118.60
262.49	45095.95
262.54	45062.72
262.59	45039.56
262.64	45009.47
262.69	44967.92
262.74	44915.22
262.79	44862.13
262.84	44803.61
262.88	44751.04
262.93	44698.74
262.98	44662.85
263.03	44617.81
263.08	44573.23
263.13	44509.84
263.18	44458.34
263.23	44396.99
263.27	44359.03
263.32	44325.09
263.37	44300.33
263.42	44279.16
263.47	44254.21
263.52	44221.32
263.57	44179.89
263.61	44145.30
263.66	44106.89
263.71	44067.33
263.76	44037.23
263.81	43991.61
263.86	43962.61
263.91	43922.01
263.95	43866.58
264.00	43804.28
264.05	43759.06
264.10	43691.77
264.15	43615.31
264.20	43571.61
264.25	43528.06
264.29	43483.39
264.34	43429.03
264.39	43401.27
264.44	43354.99
264.49	43306.36
264.54	43258.33
264.59	43230.14
264.63	43186.10
264.68	43141.36
264.73	43093.68
264.78	43046.54
264.83	42988.93
264.88	42948.85
264.93	42914.30
264.97	42883.26
265.02	42856.64
265.07	42835.98
265.12	42800.32
265.17	42751.34
265.22	42712.09
265.27	42658.61
265.31	42602.25
265.36	42541.10
265.41	42489.05
265.46	42420.14
265.51	42349.32
265.56	42280.82
265.60	42225.07
265.65	42165.68
265.70	42114.75
265.75	42064.02
265.80	42016.37
265.85	41950.75
265.90	41895.02
265.94	41837.97
265.99	41778.28
266.04	41729.35
266.09	41694.26
266.14	41655.50
266.19	41620.00
266.23	41588.97
266.28	41545.02
266.33	41504.34
266.38	41482.49
266.43	41458.15
266.48	41433.10
266.52	41411.66
266.57	41381.59
266.62	41332.92
266.67	41283.17
266.72	41236.32
266.77	41195.88
266.81	41169.19
266.86	41142.48
266.91	41115.06
266.96	41077.39
267.01	41039.04
267.06	40982.98
267.10	40931.58
267.15	40873.71
267.20	40845.41
267.25	40809.04
267.30	40783.82
267.35	40750.21
267.39	40722.08
267.44	40681.27
267.49	40637.41
267.54	40580.51
267.59	40526.06
267.64	40471.26
267.68	40404.40
267.73	40342.29
267.78	40306.90
267.83	40284.19
267.88	40269.22
267.93	40269.32
267.97	40261.20
268.02	40226.85
268.07	40175.04
268.12	40115.35
268.17	40047.16
268.21	40001.95
268.26	39949.81
268.31	39909.43
268.36	39862.65
268.41	39817.97
268.46	39766.70
268.50	39727.56
268.55	39673.73
268.60	39618.05
268.65	39561.92
268.70	39478.98
268.74	39408.98
268.79	39342.03
268.84	39289.75
268.89	39242.99
268.94	39211.83
268.99	39177.17
269.03	39144.68
269.08	39094.71
269.13	39022.26
269.18	38945.27
269.23	38848.54
269.27	38740.04
269.32	38612.88
269.37	38491.69
269.42	38356.30
269.47	38217.16
269.51	38071.92
269.56	37934.24
269.61	37795.78
269.66	37647.04
269.71	37493.79
269.76	37349.09
269.80	37196.79
269.85	37041.12
269.90	36902.43
269.95	36761.04
270.00	36600.13
270.04	36455.75
270.09	36315.39
270.14	36161.83
270.19	36017.37
270.24	35884.43
270.28	35730.50
270.33	35559.99
270.38	35382.55
270.43	35208.26
270.48	35030.21
270.52	34870.93
270.57	34711.44
270.62	34559.82
270.67	34405.94
270.72	34251.08
270.76	34077.52
270.81	33913.13
270.86	33744.66
270.91	33570.73
270.96	33396.34
271.00	33231.23
271.05	33072.24
271.10	32928.59
271.15	32792.58
271.20	32671.58
271.24	32540.51
271.29	32402.37
271.34	32253.88
271.39	32104.26
271.44	31946.47
271.48	31807.47
271.53	31665.30
271.58	31523.27
271.63	31373.73
271.67	31225.34
271.72	31079.81
271.77	30934.99
271.82	30795.11
271.87	30662.03
271.91	30505.80
271.96	30365.14
272.01	30223.44
272.06	30088.38
272.11	29959.99
272.15	29862.39
272.20	29749.60
272.25	29653.18
272.30	29552.96
272.35	29446.30
272.39	29336.18
272.44	29215.16
272.49	29078.19
272.54	28935.38
272.58	28787.99
272.63	28636.93
272.68	28484.47
272.73	28329.26
272.78	28162.99
272.82	27963.80
272.87	27745.79
272.92	27467.76
272.97	26939.45
273.01	23969.59
273.06	19011.30
273.11	13538.27
273.16	8162.97
273.21	3073.46
273.25	465.38
273.30	-87.91
273.35	-89.26
