165.32	3375.73
165.38	-246.49
165.44	595.25
165.50	-77.86
165.55	-20.94
165.61	-0.21
165.67	25.60
165.72	33.69
165.78	38.23
165.84	36.66
165.89	33.66
165.95	32.54
166.01	31.99
166.06	33.77
166.12	36.51
166.18	34.59
166.23	35.90
166.29	35.18
166.35	31.88
166.40	30.86
166.46	37.47
166.52	40.31
166.57	41.11
166.63	41.45
166.69	44.01
166.74	38.06
166.80	38.82
166.86	41.03
166.91	41.79
166.97	35.94
167.03	38.49
167.08	32.36
167.14	31.21
167.20	29.28
167.25	41.46
167.31	41.80
167.37	47.33
167.42	49.15
167.48	55.54
167.54	50.52
167.59	49.90
167.65	45.64
167.71	45.23
167.76	44.02
167.82	39.10
167.88	38.52
167.93	45.96
167.99	45.22
168.05	47.03
168.10	55.14
168.16	54.86
168.21	53.28
168.27	57.52
168.33	59.26
168.38	51.72
168.44	56.68
168.50	55.23
168.55	53.64
168.61	54.37
168.67	56.23
168.72	53.06
168.78	53.29
168.84	49.33
168.89	48.11
168.95	49.26
169.01	48.86
169.06	48.47
169.12	47.71
169.18	45.78
169.23	45.65
169.29	50.14
169.34	54.36
169.40	57.35
169.46	61.41
169.51	63.34
169.57	58.69
169.63	54.56
169.68	59.50
169.74	56.14
169.80	61.97
169.85	63.24
169.91	67.19
169.97	62.91
170.02	62.73
170.08	61.69
170.13	62.23
170.19	61.69
170.25	63.45
170.30	67.79
170.36	59.55
170.42	61.91
170.47	63.00
170.53	64.49
170.59	61.28
170.64	65.17
170.70	62.73
170.76	60.24
170.81	61.65
170.87	60.66
170.92	61.49
170.98	64.66
171.04	67.05
171.09	63.17
171.15	70.97
171.21	71.56
171.26	68.49
171.32	65.84
171.37	69.14
171.43	63.76
171.49	68.19
171.54	71.29
171.60	73.07
171.66	75.17
171.71	75.57
171.77	73.50
171.83	79.61
171.88	78.63
171.94	78.04
171.99	82.56
172.05	81.56
172.11	82.29
172.16	90.69
172.22	91.46
172.28	91.31
172.33	89.26
172.39	86.42
172.44	83.43
172.50	88.29
172.56	88.03
172.61	96.06
172.67	96.02
172.72	95.83
172.78	90.91
172.84	85.67
172.89	79.36
172.95	78.21
173.01	79.14
173.06	77.68
173.12	83.60
173.17	84.53
173.23	83.96
173.29	84.09
173.34	85.74
173.40	80.09
173.46	80.49
173.51	83.19
173.57	83.34
173.62	77.77
173.68	84.39
173.74	83.89
173.79	85.20
173.85	82.06
173.90	84.76
173.96	81.14
174.02	78.23
174.07	70.49
174.13	70.01
174.18	72.43
174.24	66.21
174.30	66.67
174.35	71.98
174.41	69.05
174.47	63.38
174.52	64.14
174.58	62.52
174.63	58.11
174.69	57.00
174.75	58.13
174.80	69.32
174.86	66.92
174.91	67.31
174.97	67.28
175.03	64.89
175.08	52.73
175.14	59.46
175.19	55.87
175.25	56.48
175.31	61.19
175.36	62.77
175.42	59.74
175.47	64.16
175.53	64.16
175.59	60.31
175.64	61.64
175.70	59.69
175.75	55.12
175.81	53.65
175.87	54.99
175.92	50.90
175.98	52.90
176.03	53.24
176.09	53.77
176.15	53.44
176.20	54.97
176.26	54.64
176.31	58.07
176.37	55.70
176.42	56.93
176.48	60.30
176.54	58.05
176.59	54.62
176.65	57.09
176.70	58.44
176.76	58.02
176.82	55.73
176.87	52.68
176.93	52.53
176.98	51.21
177.04	45.83
177.10	50.76
177.15	52.55
177.21	53.21
177.26	51.63
177.32	55.68
177.37	57.36
177.43	61.00
177.49	58.18
177.54	56.40
177.60	56.76
177.65	57.04
177.71	51.85
177.77	55.14
177.82	56.45
177.88	60.44
177.93	56.02
177.99	62.07
178.04	57.15
178.10	58.16
178.16	51.44
178.21	52.44
178.27	49.76
178.32	53.55
178.38	51.93
178.43	53.54
178.49	53.35
178.55	52.78
178.60	52.01
178.66	51.59
178.71	53.09
178.77	50.86
178.82	51.96
178.88	51.71
178.94	52.07
178.99	53.15
179.05	57.72
179.10	53.56
179.16	56.45
179.21	58.89
179.27	57.48
179.33	53.31
179.38	57.04
179.44	55.42
179.49	55.76
179.55	54.54
179.60	54.56
179.66	53.44
179.72	55.58
179.77	52.83
179.83	51.16
179.88	53.13
179.94	54.69
179.99	50.75
180.05	51.32
180.11	52.23
180.16	54.53
180.22	57.32
180.27	62.23
180.33	62.82
180.38	67.31
180.44	62.36
180.49	61.69
180.55	59.15
180.61	63.30
180.66	57.64
180.72	56.26
180.77	54.35
180.83	54.66
180.88	52.05
180.94	51.71
180.99	55.87
181.05	56.09
181.11	56.84
181.16	57.01
181.22	58.94
181.27	60.35
181.33	58.52
181.38	55.48
181.44	56.54
181.49	60.91
181.55	62.24
181.61	68.84
181.66	71.82
181.72	69.19
181.77	66.44
181.83	64.14
181.88	69.35
181.94	70.52
181.99	75.65
182.05	76.25
182.11	77.19
182.16	68.00
182.22	66.36
182.27	62.17
182.33	64.68
182.38	64.44
182.44	69.31
182.49	71.84
182.55	73.91
182.60	73.64
182.66	76.81
182.72	79.33
182.77	81.58
182.83	85.21
182.88	87.91
182.94	88.62
182.99	85.64
183.05	84.44
183.10	86.52
183.16	86.49
183.21	88.46
183.27	96.30
183.32	101.29
183.38	104.80
183.44	111.79
183.49	117.62
183.55	119.89
183.60	126.56
183.66	133.55
183.71	143.73
183.77	152.24
183.82	162.29
183.88	174.46
183.93	187.25
183.99	201.83
184.04	219.14
184.10	232.54
184.15	244.65
184.21	258.51
184.27	260.10
184.32	261.42
184.38	258.81
184.43	253.86
184.49	235.56
184.54	217.28
184.60	205.51
184.65	189.84
184.71	179.59
184.76	180.69
184.82	198.30
184.87	215.46
184.93	242.24
184.98	272.32
185.04	306.09
185.09	333.25
185.15	362.25
185.20	397.08
185.26	432.19
185.31	462.75
185.37	492.42
185.43	513.42
185.48	533.31
185.54	557.19
185.59	583.16
185.65	609.07
185.70	651.18
185.76	697.44
185.81	732.95
185.87	770.36
185.92	815.15
185.98	851.80
186.03	868.62
186.09	870.29
186.14	845.23
186.20	789.23
186.25	699.03
186.31	609.55
186.36	540.62
186.42	509.40
186.47	519.09
186.53	568.16
186.58	640.05
186.64	717.04
186.69	791.99
186.75	853.92
186.80	914.30
186.86	973.78
186.91	1032.85
186.97	1086.61
187.02	1156.57
187.08	1220.54
187.13	1273.11
187.19	1331.33
187.24	1389.52
187.30	1426.30
187.35	1463.05
187.41	1513.39
187.47	1560.04
187.52	1604.78
187.58	1662.58
187.63	1740.82
187.69	1823.29
187.74	1893.86
187.80	1954.88
187.85	2004.08
187.91	2023.34
187.96	2007.03
188.02	1949.99
188.07	1852.16
188.13	1707.96
188.18	1553.59
188.24	1439.72
188.29	1384.84
188.35	1396.80
188.40	1478.80
188.46	1607.56
188.51	1735.04
188.57	1868.47
188.62	1995.50
188.67	2113.66
188.73	2227.80
188.78	2334.62
188.84	2436.56
188.89	2541.69
188.95	2648.86
189.00	2739.06
189.06	2839.71
189.11	2936.31
189.17	3019.86
189.22	3093.64
189.28	3181.20
189.33	3258.83
189.39	3324.31
189.44	3389.29
189.50	3464.73
189.55	3533.91
189.61	3587.96
189.66	3645.55
189.72	3704.04
189.77	3754.01
189.83	3781.54
189.88	3788.95
189.94	3757.27
189.99	3672.77
190.05	3514.38
190.10	3289.62
190.16	3030.11
190.21	2800.23
190.27	2650.29
190.32	2603.71
190.38	2659.38
190.43	2798.17
190.49	2965.21
190.54	3106.12
190.60	3226.61
190.65	3326.29
190.71	3411.12
190.76	3486.57
190.81	3571.18
190.87	3661.87
190.92	3783.87
190.98	3918.60
191.03	4065.90
191.09	4215.70
191.14	4350.89
191.20	4455.04
191.25	4557.41
191.31	4663.08
191.36	4774.11
191.42	4893.58
191.47	5029.04
191.53	5164.29
191.58	5275.94
191.64	5362.42
191.69	5436.95
191.75	5486.26
191.80	5518.87
191.85	5538.42
191.91	5562.52
191.96	5584.14
192.02	5616.26
192.07	5631.09
192.13	5627.34
192.18	5576.95
192.24	5458.24
192.29	5259.01
192.35	5032.11
192.40	4844.49
192.46	4733.76
192.51	4729.44
192.57	4826.09
192.62	5002.95
192.67	5190.10
192.73	5372.74
192.78	5538.10
192.84	5691.73
192.89	5831.08
192.95	5963.94
193.00	6077.74
193.06	6188.76
193.11	6295.84
193.17	6386.26
193.22	6473.22
193.28	6565.32
193.33	6640.18
193.38	6706.61
193.44	6780.87
193.49	6852.41
193.55	6911.83
193.60	6972.09
193.66	7029.39
193.71	7071.74
193.77	7099.77
193.82	7118.33
193.88	7137.27
193.93	7162.08
193.98	7190.09
194.04	7226.91
194.09	7274.53
194.15	7324.60
194.20	7367.91
194.26	7408.32
194.31	7448.75
194.37	7473.45
194.42	7479.17
194.47	7468.78
194.53	7420.13
194.58	7327.35
194.64	7215.02
194.69	7114.21
194.75	7042.85
194.80	7028.09
194.86	7066.62
194.91	7159.16
194.97	7266.27
195.02	7372.80
195.07	7477.59
195.13	7582.31
195.18	7686.20
195.24	7782.22
195.29	7882.44
195.35	7969.36
195.40	8057.44
195.46	8127.93
195.51	8213.98
195.56	8298.21
195.62	8389.22
195.67	8467.18
195.73	8551.24
195.78	8613.15
195.84	8655.75
195.89	8688.19
195.94	8721.05
196.00	8756.95
196.05	8798.55
196.11	8859.43
196.16	8919.04
196.22	8986.38
196.27	9050.04
196.32	9108.62
196.38	9154.19
196.43	9204.64
196.49	9239.71
196.54	9277.01
196.60	9318.26
196.65	9365.29
196.71	9405.70
196.76	9455.43
196.81	9494.51
196.87	9530.44
196.92	9560.56
196.98	9583.20
197.03	9593.19
197.09	9588.83
197.14	9584.04
197.19	9581.21
197.25	9595.84
197.30	9625.01
197.36	9680.64
197.41	9747.00
197.47	9815.27
197.52	9876.47
197.57	9943.36
197.63	9995.07
197.68	10044.12
197.74	10094.05
197.79	10141.42
197.84	10183.62
197.90	10233.42
197.95	10274.08
198.01	10314.44
198.06	10355.94
198.12	10397.07
198.17	10432.19
198.22	10470.72
198.28	10506.32
198.33	10546.39
198.39	10587.70
198.44	10638.04
198.49	10691.32
198.55	10738.80
198.60	10786.84
198.66	10832.87
198.71	10879.70
198.77	10920.93
198.82	10971.94
198.87	11020.28
198.93	11066.41
198.98	11109.19
199.04	11156.86
199.09	11198.35
199.14	11242.19
199.20	11283.71
199.25	11328.29
199.31	11372.37
199.36	11419.84
199.42	11462.65
199.47	11511.14
199.52	11552.15
199.58	11590.72
199.63	11615.86
199.69	11646.48
199.74	11673.79
199.79	11696.35
199.85	11722.25
199.90	11761.56
199.96	11799.46
200.01	11844.01
200.06	11897.70
200.12	11949.31
200.17	12002.81
200.23	12058.37
200.28	12104.32
200.33	12157.01
200.39	12202.40
200.44	12248.34
200.50	12292.30
200.55	12333.62
200.60	12368.37
200.66	12410.26
200.71	12443.11
200.77	12479.42
200.82	12518.49
200.87	12557.85
200.93	12594.45
200.98	12634.16
201.04	12672.75
201.09	12719.81
201.14	12772.66
201.20	12820.37
201.25	12883.03
201.31	12942.19
201.36	13001.72
201.41	13052.11
201.47	13114.33
201.52	13159.47
201.58	13214.29
201.63	13256.50
201.68	13305.61
201.74	13347.98
201.79	13397.77
201.84	13452.11
201.90	13502.37
201.95	13551.55
202.01	13610.32
202.06	13663.29
202.11	13703.32
202.17	13753.85
202.22	13800.83
202.28	13838.45
202.33	13879.96
202.38	13917.36
202.44	13963.74
202.49	14012.73
202.54	14063.88
202.60	14110.26
202.65	14160.73
202.71	14203.62
202.76	14239.86
202.81	14284.06
202.87	14330.90
202.92	14378.66
202.98	14428.94
203.03	14485.49
203.08	14539.13
203.14	14592.75
203.19	14647.02
203.24	14703.39
203.30	14755.50
203.35	14801.81
203.41	14847.86
203.46	14890.94
203.51	14930.39
203.57	14969.94
203.62	15017.57
203.67	15072.30
203.73	15120.76
203.78	15167.15
203.84	15220.77
203.89	15260.02
203.94	15293.94
204.00	15331.99
204.05	15371.31
204.10	15398.18
204.16	15422.35
204.21	15442.60
204.27	15453.03
204.32	15443.35
204.37	15425.11
204.43	15397.37
204.48	15360.78
204.53	15329.66
204.59	15341.53
204.64	15400.95
204.69	15512.61
204.75	15655.05
204.80	15814.89
204.86	15942.29
204.91	16033.88
204.96	16088.62
205.02	16116.31
205.07	16144.77
205.12	16203.58
205.18	16289.29
205.23	16394.32
205.28	16512.56
205.34	16627.45
205.39	16725.80
205.45	16807.46
205.50	16872.27
205.55	16939.29
205.61	17002.15
205.66	17057.65
205.71	17116.65
205.77	17179.51
205.82	17238.67
205.87	17293.42
205.93	17351.10
205.98	17397.77
206.03	17438.92
206.09	17486.25
206.14	17538.33
206.20	17587.61
206.25	17640.14
206.30	17705.22
206.36	17761.30
206.41	17817.66
206.46	17874.26
206.52	17923.03
206.57	17970.24
206.62	18013.59
206.68	18062.10
206.73	18112.79
206.78	18174.39
206.84	18228.43
206.89	18291.69
206.94	18347.02
207.00	18416.67
207.05	18485.41
207.11	18553.53
207.16	18611.23
207.21	18678.48
207.27	18729.02
207.32	18780.28
207.37	18836.41
207.43	18894.48
207.48	18944.11
207.53	18999.78
207.59	19053.15
207.64	19108.04
207.69	19176.41
207.75	19245.92
207.80	19304.25
207.85	19363.18
207.91	19418.45
207.96	19466.71
208.01	19520.33
208.07	19581.32
208.12	19644.41
208.17	19699.58
208.23	19754.15
208.28	19804.16
208.33	19858.59
208.39	19918.51
208.44	19985.28
208.49	20048.86
208.55	20110.12
208.60	20163.56
208.65	20210.26
208.71	20262.10
208.76	20316.34
208.81	20379.70
208.87	20448.09
208.92	20511.41
208.97	20576.28
209.03	20636.94
209.08	20696.44
209.13	20752.91
209.19	20811.63
209.24	20869.34
209.29	20933.74
209.35	20990.07
209.40	21051.03
209.45	21114.82
209.51	21176.79
209.56	21239.76
209.61	21305.30
209.67	21372.61
209.72	21435.11
209.77	21496.66
209.83	21557.18
209.88	21617.28
209.93	21682.20
209.99	21748.30
210.04	21817.54
210.09	21884.06
210.15	21945.68
210.20	22001.59
210.25	22060.45
210.31	22115.25
210.36	22165.27
210.41	22217.74
210.46	22272.97
210.52	22328.04
210.57	22378.82
210.62	22441.32
210.68	22506.39
210.73	22561.82
210.78	22625.21
210.84	22692.56
210.89	22754.59
210.94	22813.54
211.00	22875.28
211.05	22926.07
211.10	22990.92
211.16	23048.82
211.21	23114.58
211.26	23189.70
211.32	23269.77
211.37	23331.90
211.42	23403.49
211.47	23470.23
211.53	23528.02
211.58	23585.44
211.63	23647.32
211.69	23705.07
211.74	23754.24
211.79	23806.97
211.85	23865.20
211.90	23922.82
211.95	23989.49
212.01	24057.27
212.06	24133.78
212.11	24202.78
212.16	24279.86
212.22	24352.76
212.27	24425.52
212.32	24491.47
212.38	24560.63
212.43	24617.21
212.48	24678.81
212.54	24746.20
212.59	24815.03
212.64	24880.01
212.69	24948.11
212.75	25009.55
212.80	25071.97
212.85	25136.74
212.91	25190.84
212.96	25249.76
213.01	25313.44
213.07	25375.64
213.12	25441.32
213.17	25508.06
213.22	25578.57
213.28	25642.56
213.33	25692.04
213.38	25737.93
213.44	25797.72
213.49	25855.27
213.54	25923.73
213.60	26008.69
213.65	26086.97
213.70	26167.66
213.75	26236.87
213.81	26292.32
213.86	26347.18
213.91	26400.07
213.97	26438.34
214.02	26469.05
214.07	26496.78
214.12	26527.11
214.18	26556.30
214.23	26592.41
214.28	26627.39
214.34	26651.41
214.39	26659.99
214.44	26647.08
214.49	26604.52
214.55	26537.27
214.60	26448.18
214.65	26329.81
214.71	26220.99
214.76	26198.89
214.81	26280.41
214.86	26468.00
214.92	26723.20
214.97	27008.82
215.02	27238.99
215.08	27396.00
215.13	27477.53
215.18	27507.63
215.23	27511.73
215.29	27523.71
215.34	27589.60
215.39	27705.66
215.45	27872.45
215.50	28067.62
215.55	28261.55
215.60	28414.46
215.66	28515.62
215.71	28604.14
215.76	28681.60
215.81	28738.16
215.87	28798.28
215.92	28862.43
215.97	28913.59
216.03	28969.08
216.08	29035.46
216.13	29095.59
216.18	29160.65
216.24	29231.09
216.29	29282.40
216.34	29335.23
216.39	29396.32
216.45	29458.49
216.50	29521.00
216.55	29591.03
216.61	29665.33
216.66	29721.72
216.71	29775.42
216.76	29832.45
216.82	29901.12
216.87	29967.73
216.92	30046.11
216.97	30118.99
217.03	30192.26
217.08	30261.94
217.13	30346.49
217.18	30419.11
217.24	30488.39
217.29	30558.16
217.34	30612.29
217.39	30649.15
217.45	30697.99
217.50	30749.34
217.55	30802.19
217.61	30873.64
217.66	30938.49
217.71	31005.34
217.76	31085.11
217.82	31167.40
217.87	31241.39
217.92	31317.13
217.97	31390.48
218.03	31458.23
218.08	31504.25
218.13	31549.38
218.18	31598.84
218.24	31664.50
218.29	31717.09
218.34	31783.69
218.39	31847.98
218.45	31917.50
218.50	31968.36
218.55	32038.92
218.60	32106.80
218.66	32158.86
218.71	32218.26
218.76	32280.08
218.81	32338.84
218.87	32390.11
218.92	32464.14
218.97	32536.20
219.02	32604.41
219.08	32665.87
219.13	32741.87
219.18	32806.01
219.23	32869.65
219.29	32937.40
219.34	33008.41
219.39	33078.01
219.44	33144.74
219.50	33207.63
219.55	33275.31
219.60	33343.02
219.65	33405.67
219.71	33474.29
219.76	33532.43
219.81	33586.18
219.86	33637.49
219.92	33688.69
219.97	33742.10
220.02	33795.48
220.07	33848.85
220.13	33913.45
220.18	33976.62
220.23	34045.07
220.28	34127.54
220.33	34206.19
220.39	34266.85
220.44	34324.67
220.49	34381.97
220.54	34427.54
220.60	34479.62
220.65	34540.46
220.70	34608.28
220.75	34677.08
220.81	34760.15
220.86	34839.34
220.91	34906.00
220.96	34975.27
221.02	35047.25
221.07	35115.26
221.12	35171.87
221.17	35235.44
221.22	35290.72
221.28	35343.11
221.33	35402.56
221.38	35458.11
221.43	35531.24
221.49	35601.59
221.54	35667.13
221.59	35726.29
221.64	35815.81
221.69	35901.18
221.75	36001.67
221.80	36101.94
221.85	36178.34
221.90	36244.49
221.96	36304.62
222.01	36334.52
222.06	36362.99
222.11	36419.78
222.17	36457.09
222.22	36488.83
222.27	36539.65
222.32	36596.16
222.37	36649.11
222.43	36716.85
222.48	36780.64
222.53	36846.76
222.58	36921.06
222.63	36986.40
222.69	37048.90
222.74	37122.83
222.79	37192.59
222.84	37239.57
222.90	37293.05
222.95	37351.13
223.00	37393.36
223.05	37443.78
223.10	37501.51
223.16	37561.04
223.21	37603.39
223.26	37655.77
223.31	37700.02
223.36	37741.06
223.42	37775.85
223.47	37808.76
223.52	37855.33
223.57	37900.93
223.63	37960.16
223.68	38014.00
223.73	38092.99
223.78	38165.14
223.83	38237.61
223.89	38297.18
223.94	38370.84
223.99	38433.61
224.04	38504.46
224.09	38577.50
224.15	38668.82
224.20	38747.11
224.25	38839.70
224.30	38921.15
224.35	39009.57
224.41	39099.12
224.46	39193.31
224.51	39275.17
224.56	39359.00
224.61	39436.34
224.67	39515.65
224.72	39594.39
224.77	39684.08
224.82	39779.88
224.87	39864.54
224.93	39935.13
224.98	40020.88
225.03	40104.78
225.08	40180.49
225.13	40264.65
225.19	40359.22
225.24	40440.34
225.29	40506.35
225.34	40582.13
225.39	40655.96
225.45	40723.46
225.50	40780.12
225.55	40849.15
225.60	40903.69
225.65	40963.83
225.71	41015.49
225.76	41071.94
225.81	41106.31
225.86	41131.49
225.91	41142.60
225.97	41141.88
226.02	41113.14
226.07	41060.79
226.12	41041.37
226.17	41074.39
226.22	41176.15
226.28	41355.74
226.33	41610.04
226.38	41843.16
226.43	42035.08
226.48	42164.74
226.54	42242.23
226.59	42288.30
226.64	42323.35
226.69	42336.19
226.74	42364.23
226.80	42429.05
226.85	42517.96
226.90	42632.40
226.95	42787.02
227.00	42952.46
227.05	43101.67
227.11	43231.87
227.16	43350.09
227.21	43447.21
227.26	43540.19
227.31	43621.38
227.37	43677.15
227.42	43745.13
227.47	43820.47
227.52	43882.69
227.57	43931.81
227.62	44022.69
227.68	44099.04
227.73	44178.36
227.78	44261.72
227.83	44355.01
227.88	44428.79
227.93	44505.49
227.99	44588.54
228.04	44667.04
228.09	44744.13
228.14	44814.17
228.19	44885.43
228.24	44945.02
228.30	45006.55
228.35	45074.70
228.40	45144.40
228.45	45204.34
228.50	45279.83
228.56	45347.21
228.61	45405.96
228.66	45460.64
228.71	45519.95
228.76	45557.24
228.81	45603.89
228.87	45651.54
228.92	45712.18
228.97	45776.01
229.02	45865.97
229.07	45944.73
229.12	46031.12
229.17	46106.57
229.23	46188.09
229.28	46260.40
229.33	46338.57
229.38	46413.34
229.43	46489.33
229.48	46568.56
229.54	46635.87
229.59	46701.81
229.64	46772.87
229.69	46844.31
229.74	46925.43
229.79	46996.29
229.85	47075.12
229.90	47149.24
229.95	47217.68
230.00	47270.09
230.05	47343.70
230.10	47405.98
230.16	47466.97
230.21	47534.63
230.26	47593.81
230.31	47641.21
230.36	47707.45
230.41	47779.03
230.46	47859.55
230.52	47956.47
230.57	48044.07
230.62	48126.30
230.67	48192.45
230.72	48248.90
230.77	48286.43
230.82	48340.71
230.88	48372.74
230.93	48413.48
230.98	48454.74
231.03	48509.76
231.08	48557.89
231.13	48615.39
231.19	48689.12
231.24	48765.88
231.29	48840.85
231.34	48914.04
231.39	48993.62
231.44	49061.80
231.49	49109.89
231.55	49153.45
231.60	49196.91
231.65	49244.69
231.70	49281.26
231.75	49330.50
231.80	49380.94
231.85	49436.62
231.91	49476.80
231.96	49530.62
232.01	49601.93
232.06	49675.83
232.11	49746.58
232.16	49823.74
232.21	49913.51
232.26	49990.53
232.32	50061.95
232.37	50124.76
232.42	50194.11
232.47	50236.77
232.52	50287.63
232.57	50343.18
232.62	50403.38
232.68	50469.35
232.73	50537.34
232.78	50615.85
232.83	50688.88
232.88	50766.42
232.93	50838.57
232.98	50908.09
233.03	50960.63
233.09	51024.34
233.14	51097.66
233.19	51152.74
233.24	51205.39
233.29	51253.35
233.34	51280.69
233.39	51295.69
233.45	51336.36
233.50	51383.99
233.55	51429.28
233.60	51504.32
233.65	51571.64
233.70	51619.22
233.75	51667.34
233.80	51722.16
233.86	51771.67
233.91	51816.79
233.96	51867.47
234.01	51923.98
234.06	51979.78
234.11	52030.06
234.16	52081.84
234.21	52146.29
234.26	52191.92
234.32	52235.68
234.37	52273.15
234.42	52318.64
234.47	52335.63
234.52	52376.94
234.57	52407.99
234.62	52444.84
234.67	52488.08
234.73	52553.73
234.78	52608.18
234.83	52653.24
234.88	52704.81
234.93	52739.24
234.98	52772.96
235.03	52814.79
235.08	52887.27
235.13	52939.11
235.19	53010.30
235.24	53075.78
235.29	53138.07
235.34	53178.65
235.39	53219.72
235.44	53254.94
235.49	53292.47
235.54	53315.34
235.59	53336.81
235.65	53371.70
235.70	53404.49
235.75	53442.73
235.80	53498.49
235.85	53548.21
235.90	53594.00
235.95	53624.20
236.00	53655.11
236.05	53672.95
236.11	53701.02
236.16	53732.24
236.21	53774.33
236.26	53808.59
236.31	53838.99
236.36	53862.34
236.41	53875.40
236.46	53885.98
236.51	53904.81
236.56	53923.72
236.62	53950.49
236.67	53987.39
236.72	54034.88
236.77	54056.38
236.82	54108.44
236.87	54141.12
236.92	54163.60
236.97	54199.92
237.02	54250.67
237.07	54299.91
237.13	54361.14
237.18	54421.89
237.23	54466.55
237.28	54501.52
237.33	54542.51
237.38	54560.03
237.43	54589.36
237.48	54596.05
237.53	54626.10
237.58	54640.71
237.63	54683.48
237.69	54720.71
237.74	54775.97
237.79	54812.77
237.84	54820.91
237.89	54832.47
237.94	54832.40
237.99	54844.64
238.04	54861.17
238.09	54894.59
238.14	54927.28
238.19	54954.25
238.25	54978.87
238.30	54978.64
238.35	54973.35
238.40	54970.81
238.45	54972.72
238.50	54965.36
238.55	54972.46
238.60	55004.93
238.65	55024.06
238.70	55044.90
238.75	55062.96
238.80	55100.19
238.86	55102.97
238.91	55119.64
238.96	55149.70
239.01	55181.04
239.06	55203.21
239.11	55230.01
239.16	55255.64
239.21	55255.93
239.26	55251.32
239.31	55257.94
239.36	55272.33
239.41	55294.31
239.46	55321.61
239.52	55346.29
239.57	55366.87
239.62	55378.78
239.67	55390.79
239.72	55415.25
239.77	55440.69
239.82	55458.09
239.87	55482.45
239.92	55485.21
239.97	55480.44
240.02	55471.69
240.07	55462.24
240.12	55452.57
240.17	55453.95
240.23	55458.81
240.28	55462.08
240.33	55468.36
240.38	55467.08
240.43	55463.72
240.48	55482.50
240.53	55507.88
240.58	55528.46
240.63	55562.89
240.68	55583.83
240.73	55579.64
240.78	55572.29
240.83	55567.80
240.88	55545.24
240.93	55533.68
240.98	55533.33
241.04	55544.94
241.09	55571.56
241.14	55596.35
241.19	55636.09
241.24	55654.35
241.29	55674.64
241.34	55676.29
241.39	55691.81
241.44	55696.08
241.49	55715.70
241.54	55709.68
241.59	55714.58
241.64	55713.24
241.69	55700.46
241.74	55675.04
241.79	55669.28
241.84	55660.04
241.90	55638.44
241.95	55611.92
242.00	55588.34
242.05	55559.96
242.10	55540.10
242.15	55529.32
242.20	55529.70
242.25	55529.78
242.30	55519.94
242.35	55506.69
242.40	55501.77
242.45	55491.11
242.50	55484.04
242.55	55492.85
242.60	55498.11
242.65	55491.13
242.70	55503.43
242.75	55527.93
242.80	55563.44
242.85	55590.83
242.91	55615.76
242.96	55609.60
243.01	55587.82
243.06	55558.06
243.11	55531.76
243.16	55507.46
243.21	55505.40
243.26	55515.63
243.31	55532.08
243.36	55536.14
243.41	55556.23
243.46	55560.85
243.51	55522.88
243.56	55464.78
243.61	55412.02
243.66	55359.98
243.71	55319.84
243.76	55329.99
243.81	55346.99
243.86	55349.62
243.91	55358.29
243.96	55359.87
244.01	55333.39
244.06	55301.54
244.12	55294.51
244.17	55274.25
244.22	55272.10
244.27	55288.02
244.32	55319.61
244.37	55341.35
244.42	55347.38
244.47	55346.10
244.52	55328.16
244.57	55293.74
244.62	55263.88
244.67	55244.50
244.72	55211.95
244.77	55204.63
244.82	55220.18
244.87	55243.03
244.92	55269.83
244.97	55295.15
245.02	55294.34
245.07	55268.75
245.12	55244.43
245.17	55230.76
245.22	55226.57
245.27	55218.39
245.32	55189.03
245.37	55153.92
245.42	55104.35
245.47	55052.46
245.52	55008.60
245.57	54990.11
245.62	54975.84
245.67	54963.46
245.72	54955.29
245.77	54937.41
245.82	54927.59
245.87	54923.71
245.92	54929.84
245.98	54915.78
246.03	54920.72
246.08	54925.63
246.13	54921.45
246.18	54922.08
246.23	54920.60
246.28	54908.28
246.33	54888.33
246.38	54857.64
246.43	54827.10
246.48	54810.15
246.53	54810.03
246.58	54822.32
246.63	54829.40
246.68	54823.74
246.73	54817.12
246.78	54793.10
246.83	54737.24
246.88	54684.05
246.93	54629.02
246.98	54574.26
247.03	54536.90
247.08	54528.29
247.13	54518.44
247.18	54515.06
247.23	54536.39
247.28	54541.94
247.33	54524.11
247.38	54508.53
247.43	54498.83
247.48	54474.24
247.53	54446.19
247.58	54412.35
247.63	54391.35
247.68	54348.94
247.73	54292.11
247.78	54247.85
247.83	54221.16
247.88	54191.56
247.93	54177.98
247.98	54181.57
248.03	54187.24
248.08	54203.54
248.13	54201.07
248.18	54189.52
248.23	54180.75
248.28	54151.04
248.33	54105.56
248.38	54070.14
248.43	54048.60
248.48	54024.55
248.53	54002.09
248.58	53985.56
248.63	53985.69
248.68	53962.73
248.73	53935.31
248.78	53913.70
248.83	53877.64
248.88	53806.52
248.93	53744.57
248.98	53664.20
249.03	53617.16
249.08	53584.54
249.13	53577.15
249.18	53566.57
249.23	53580.32
249.28	53572.48
249.33	53573.06
249.38	53553.68
249.43	53542.48
249.48	53524.09
249.53	53507.97
249.58	53478.02
249.63	53465.03
249.68	53453.80
249.73	53436.48
249.78	53417.79
249.83	53407.81
249.88	53378.56
249.93	53356.77
249.98	53343.37
250.03	53328.58
250.08	53300.18
250.13	53290.16
250.18	53262.29
250.23	53217.02
250.28	53172.85
250.33	53118.88
250.37	53072.36
250.42	53031.99
250.47	53008.38
250.52	52992.77
250.57	52985.37
250.62	52960.32
250.67	52936.34
250.72	52919.84
250.77	52868.81
250.82	52848.47
250.87	52844.90
250.92	52835.09
250.97	52807.83
251.02	52808.09
251.07	52801.53
251.12	52778.72
251.17	52747.99
251.22	52724.30
251.27	52688.98
251.32	52636.70
251.37	52580.79
251.42	52533.31
251.47	52482.79
251.52	52450.95
251.57	52435.60
251.62	52429.56
251.67	52415.46
251.72	52399.71
251.77	52372.41
251.82	52326.99
251.87	52276.79
251.92	52228.29
251.97	52177.85
252.02	52132.42
252.07	52109.70
252.12	52096.59
252.16	52092.47
252.21	52096.30
252.26	52104.55
252.31	52103.60
252.36	52090.59
252.41	52070.10
252.46	52039.73
252.51	52004.32
252.56	51968.89
252.61	51944.06
252.66	51918.74
252.71	51903.49
252.76	51886.02
252.81	51842.30
252.86	51786.94
252.91	51740.48
252.96	51673.89
253.01	51598.05
253.06	51535.09
253.11	51486.76
253.16	51438.61
253.21	51395.43
253.26	51359.73
253.31	51332.04
253.36	51299.89
253.40	51273.91
253.45	51260.90
253.50	51218.24
253.55	51177.69
253.60	51135.97
253.65	51089.26
253.70	51051.71
253.75	51045.63
253.80	51031.54
253.85	51027.46
253.90	51030.14
253.95	51023.11
254.00	51017.34
254.05	51002.82
254.10	50968.93
254.15	50930.45
254.20	50897.14
254.25	50852.77
254.30	50820.50
254.35	50777.58
254.39	50715.82
254.44	50639.13
254.49	50569.87
254.54	50540.13
254.59	50512.74
254.64	50502.89
254.69	50495.46
254.74	50491.13
254.79	50452.13
254.84	50420.14
254.89	50399.26
254.94	50384.78
254.99	50375.38
255.04	50360.48
255.09	50354.47
255.14	50324.00
255.19	50306.98
255.23	50290.65
255.28	50281.36
255.33	50270.17
255.38	50272.78
255.43	50254.94
255.48	50225.82
255.53	50177.98
255.58	50142.90
255.63	50107.86
255.68	50063.38
255.73	50019.80
255.78	49992.52
255.83	49964.93
255.88	49938.22
255.93	49909.00
255.97	49889.38
256.02	49864.24
256.07	49822.21
256.12	49747.89
256.17	49701.84
256.22	49644.26
256.27	49588.59
256.32	49540.24
256.37	49525.42
256.42	49506.59
256.47	49479.09
256.52	49453.56
256.57	49430.69
256.62	49410.45
256.66	49396.88
256.71	49373.98
256.76	49334.22
256.81	49292.00
256.86	49238.33
256.91	49180.35
256.96	49137.13
257.01	49111.45
257.06	49086.52
257.11	49058.91
257.16	49010.21
257.21	48975.47
257.26	48937.23
257.30	48896.89
257.35	48854.07
257.40	48830.19
257.45	48809.80
257.50	48778.86
257.55	48748.71
257.60	48733.23
257.65	48709.79
257.70	48670.48
257.75	48634.86
257.80	48605.34
257.85	48561.46
257.89	48517.10
257.94	48459.80
257.99	48398.00
258.04	48342.54
258.09	48304.67
258.14	48270.37
258.19	48255.91
258.24	48243.62
258.29	48199.45
258.34	48151.52
258.39	48115.89
258.44	48056.05
258.48	47999.38
258.53	47969.36
258.58	47930.06
258.63	47871.89
258.68	47829.53
258.73	47795.83
258.78	47755.64
258.83	47714.71
258.88	47677.95
258.93	47640.03
258.97	47606.50
259.02	47574.11
259.07	47545.96
259.12	47533.76
259.17	47523.68
259.22	47506.92
259.27	47483.04
259.32	47466.48
259.37	47427.73
259.42	47386.53
259.47	47346.84
259.51	47293.65
259.56	47230.56
259.61	47156.16
259.66	47079.88
259.71	47002.86
259.76	46952.21
259.81	46891.50
259.86	46856.51
259.91	46819.39
259.95	46791.34
260.00	46762.49
260.05	46742.39
260.10	46724.14
260.15	46709.43
260.20	46696.20
260.25	46690.67
260.30	46684.65
260.35	46654.94
260.40	46625.86
260.44	46600.36
260.49	46569.89
260.54	46531.15
260.59	46508.84
260.64	46498.63
260.69	46489.43
260.74	46450.27
260.79	46414.72
260.84	46366.59
260.88	46308.30
260.93	46229.49
260.98	46190.41
261.03	46150.96
261.08	46131.13
261.13	46094.83
261.18	46060.96
261.23	46000.51
261.28	45958.93
261.32	45904.44
261.37	45863.53
261.42	45829.18
261.47	45816.47
261.52	45773.47
261.57	45730.59
261.62	45691.16
261.67	45638.15
261.71	45563.29
261.76	45517.51
261.81	45460.78
261.86	45409.14
261.91	45367.50
261.96	45332.69
262.01	45292.39
262.06	45282.31
262.10	45264.09
262.15	45241.03
262.20	45231.49
262.25	45210.46
262.30	45181.34
262.35	45152.20
262.40	45130.20
262.45	45088.94
262.49	45059.19
262.54	45021.50
262.59	44988.96
262.64	44959.86
262.69	44928.01
262.74	44883.85
262.79	44827.41
262.84	44785.02
262.88	44736.02
262.93	44685.76
262.98	44650.30
263.03	44619.32
263.08	44568.75
263.13	44498.31
263.18	44438.85
263.23	44377.19
263.27	44328.19
263.32	44296.05
263.37	44286.25
263.42	44264.55
263.47	44237.52
263.52	44211.21
263.57	44172.31
263.61	44124.95
263.66	44089.89
263.71	44054.44
263.76	44022.80
263.81	43974.45
263.86	43947.37
263.91	43902.29
263.95	43838.49
264.00	43773.01
264.05	43727.77
264.10	43651.62
264.15	43589.61
264.20	43556.85
264.25	43517.46
264.29	43475.13
264.34	43431.79
264.39	43393.65
264.44	43336.55
264.49	43290.40
264.54	43239.21
264.59	43203.34
264.63	43160.22
264.68	43110.65
264.73	43055.62
264.78	43013.49
264.83	42958.97
264.88	42918.49
264.93	42897.98
264.97	42873.47
265.02	42841.04
265.07	42825.18
265.12	42785.65
265.17	42742.76
265.22	42696.25
265.27	42643.04
265.31	42577.75
265.36	42512.41
265.41	42447.99
265.46	42385.99
265.51	42317.08
265.56	42260.62
265.60	42213.50
265.65	42153.15
265.70	42099.44
265.75	42046.09
265.80	41994.24
265.85	41932.72
265.90	41877.53
265.94	41820.03
265.99	41756.53
266.04	41702.98
266.09	41666.19
266.14	41630.47
266.19	41596.53
266.23	41574.72
266.28	41534.09
266.33	41495.59
266.38	41471.67
266.43	41444.79
266.48	41421.70
266.52	41392.69
266.57	41357.58
266.62	41306.17
266.67	41256.18
266.72	41205.72
266.77	41177.98
266.81	41156.04
266.86	41133.85
266.91	41105.58
266.96	41068.04
267.01	41023.96
267.06	40963.68
267.10	40912.01
267.15	40860.01
267.20	40827.83
267.25	40790.42
267.30	40761.68
267.35	40728.52
267.39	40692.57
267.44	40650.79
267.49	40603.31
267.54	40554.35
267.59	40499.69
267.64	40447.86
267.68	40386.54
267.73	40332.41
267.78	40289.69
267.83	40266.84
267.88	40250.31
267.93	40240.36
267.97	40226.25
268.02	40188.60
268.07	40140.20
268.12	40083.40
268.17	40026.30
268.21	39982.64
268.26	39939.81
268.31	39894.66
268.36	39848.09
268.41	39803.50
268.46	39751.24
268.50	39710.37
268.55	39665.41
268.60	39610.36
268.65	39547.14
268.70	39464.69
268.74	39397.24
268.79	39323.11
268.84	39273.57
268.89	39233.49
268.94	39206.62
268.99	39167.42
269.03	39125.90
269.08	39074.03
269.13	38994.61
269.18	38915.28
269.23	38819.21
269.27	38715.42
269.32	38587.32
269.37	38469.67
269.42	38336.16
269.47	38196.76
269.51	38054.08
269.56	37917.64
269.61	37782.79
269.66	37631.70
269.71	37477.54
269.76	37333.15
269.80	37180.59
269.85	37031.90
269.90	36893.21
269.95	36748.26
270.00	36589.38
270.04	36443.70
270.09	36288.21
270.14	36138.39
270.19	36001.44
270.24	35869.57
270.28	35713.64
270.33	35548.39
270.38	35371.28
270.43	35191.17
270.48	35007.35
270.52	34852.78
270.57	34690.57
270.62	34537.92
270.67	34386.02
270.72	34236.48
270.76	34061.98
270.81	33896.15
270.86	33718.54
270.91	33543.75
270.96	33375.16
271.00	33207.15
271.05	33051.25
271.10	32907.65
271.15	32774.53
271.20	32653.05
271.24	32525.80
271.29	32389.20
271.34	32247.15
271.39	32098.86
271.44	31938.38
271.48	31795.36
271.53	31650.96
271.58	31512.07
271.63	31361.91
271.67	31215.05
271.72	31069.08
271.77	30926.53
271.82	30785.29
271.87	30649.88
271.91	30498.97
271.96	30357.09
272.01	30218.19
272.06	30084.66
272.11	29962.23
272.15	29860.29
272.20	29751.12
272.25	29651.35
272.30	29549.02
272.35	29438.65
272.39	29328.20
272.44	29211.05
272.49	29076.61
272.54	28938.55
272.58	28791.74
272.63	28631.67
272.68	28477.10
272.73	28321.27
272.78	28149.03
272.82	27949.19
272.87	27730.74
272.92	27442.77
272.97	26911.71
273.01	23943.44
273.06	18987.30
273.11	13521.60
273.16	8157.48
273.21	3071.33
273.25	464.72
273.30	-88.28
273.35	-88.89
