165.32	3376.02
165.38	-245.89
165.44	595.47
165.50	-77.94
165.55	-21.21
165.61	-0.42
165.67	26.22
165.72	34.03
165.78	39.02
165.84	37.34
165.89	34.17
165.95	32.04
166.01	31.42
166.06	33.27
166.12	35.65
166.18	33.56
166.23	35.64
166.29	35.34
166.35	31.60
166.40	30.96
166.46	37.68
166.52	40.13
166.57	40.95
166.63	41.91
166.69	44.17
166.74	38.47
166.80	39.32
166.86	40.80
166.91	40.85
166.97	35.48
167.03	37.92
167.08	31.93
167.14	31.38
167.20	29.60
167.25	41.97
167.31	42.18
167.37	48.03
167.42	49.69
167.48	55.74
167.54	49.92
167.59	49.29
167.65	44.67
167.71	44.50
167.76	43.42
167.82	39.30
167.88	38.95
167.93	46.54
167.99	45.54
168.05	47.89
168.10	55.90
168.16	55.48
168.21	53.63
168.27	57.95
168.33	59.67
168.38	52.52
168.44	57.31
168.50	55.58
168.55	53.96
168.61	54.88
168.67	56.60
168.72	54.13
168.78	55.01
168.84	51.24
168.89	49.64
168.95	50.54
169.01	49.41
169.06	48.53
169.12	47.47
169.18	45.20
169.23	44.80
169.29	49.29
169.34	53.56
169.40	56.54
169.46	61.48
169.51	63.32
169.57	59.11
169.63	55.17
169.68	59.85
169.74	56.36
169.80	62.41
169.85	63.53
169.91	67.63
169.97	63.64
170.02	63.39
170.08	62.52
170.13	62.88
170.19	62.15
170.25	63.68
170.30	67.63
170.36	59.25
170.42	61.30
170.47	62.77
170.53	64.23
170.59	61.53
170.64	65.19
170.70	63.55
170.76	60.64
170.81	62.34
170.87	61.02
170.92	62.22
170.98	65.07
171.04	67.82
171.09	63.74
171.15	71.53
171.21	72.53
171.26	69.55
171.32	67.00
171.37	70.43
171.43	65.08
171.49	68.87
171.54	72.23
171.60	73.32
171.66	75.22
171.71	75.39
171.77	73.25
171.83	78.71
171.88	77.94
171.94	77.40
171.99	81.91
172.05	80.73
172.11	81.89
172.16	90.48
172.22	90.94
172.28	91.06
172.33	89.52
172.39	86.59
172.44	83.69
172.50	88.83
172.56	88.46
172.61	96.47
172.67	95.68
172.72	95.51
172.78	90.63
172.84	85.75
172.89	78.78
172.95	77.82
173.01	78.29
173.06	76.71
173.12	82.72
173.17	84.17
173.23	84.31
173.29	84.64
173.34	86.60
173.40	80.74
173.46	81.81
173.51	84.72
173.57	84.70
173.62	79.35
173.68	85.75
173.74	84.19
173.79	85.32
173.85	82.79
173.90	85.37
173.96	81.99
174.02	79.58
174.07	71.63
174.13	70.61
174.18	73.10
174.24	66.39
174.30	66.39
174.35	71.54
174.41	68.68
174.47	62.44
174.52	63.47
174.58	62.47
174.63	57.84
174.69	56.61
174.75	58.53
174.80	69.64
174.86	67.08
174.91	68.26
174.97	68.47
175.03	65.87
175.08	53.57
175.14	60.25
175.19	56.06
175.25	56.71
175.31	60.96
175.36	62.46
175.42	59.31
175.47	63.80
175.53	63.69
175.59	60.44
175.64	62.29
175.70	60.73
175.75	56.17
175.81	55.09
175.87	56.04
175.92	52.47
175.98	53.71
176.03	54.33
176.09	54.47
176.15	54.17
176.20	54.88
176.26	54.98
176.31	57.97
176.37	55.79
176.42	57.47
176.48	60.85
176.54	58.61
176.59	55.59
176.65	58.37
176.70	59.78
176.76	59.24
176.82	57.17
176.87	53.97
176.93	53.17
176.98	51.52
177.04	46.57
177.10	51.20
177.15	52.99
177.21	54.09
177.26	52.79
177.32	56.74
177.37	58.30
177.43	61.85
177.49	58.58
177.54	56.18
177.60	56.22
177.65	56.85
177.71	51.43
177.77	54.63
177.82	56.54
177.88	60.60
177.93	56.02
177.99	62.83
178.04	58.38
178.10	58.83
178.16	52.20
178.21	53.21
178.27	50.10
178.32	54.19
178.38	52.71
178.43	54.18
178.49	53.98
178.55	53.23
178.60	51.67
178.66	51.60
178.71	53.62
178.77	51.57
178.82	52.98
178.88	53.07
178.94	53.12
178.99	53.70
179.05	57.82
179.10	53.56
179.16	56.48
179.21	59.06
179.27	57.61
179.33	53.57
179.38	57.24
179.44	55.29
179.49	55.02
179.55	53.35
179.60	53.56
179.66	52.50
179.72	54.83
179.77	52.19
179.83	51.12
179.88	52.46
179.94	54.21
179.99	50.73
180.05	51.70
180.11	52.42
180.16	55.05
180.22	57.24
180.27	61.50
180.33	62.22
180.38	66.86
180.44	62.18
180.49	61.97
180.55	59.76
180.61	64.07
180.66	58.72
180.72	57.43
180.77	55.60
180.83	55.74
180.88	52.70
180.94	52.18
180.99	55.69
181.05	55.78
181.11	57.20
181.16	57.18
181.22	58.54
181.27	61.40
181.33	59.64
181.38	55.90
181.44	56.91
181.49	61.64
181.55	61.99
181.61	68.45
181.66	71.23
181.72	69.27
181.77	66.60
181.83	64.28
181.88	69.46
181.94	71.48
181.99	77.06
182.05	77.37
182.11	78.10
182.16	68.79
182.22	66.85
182.27	62.13
182.33	64.90
182.38	64.79
182.44	69.64
182.49	72.24
182.55	74.42
182.60	74.12
182.66	77.75
182.72	80.39
182.77	82.27
182.83	85.59
182.88	88.44
182.94	89.51
182.99	86.47
183.05	85.02
183.10	87.40
183.16	87.25
183.21	88.71
183.27	96.50
183.32	101.38
183.38	105.40
183.44	112.99
183.49	119.35
183.55	122.40
183.60	130.15
183.66	137.05
183.71	147.09
183.77	155.74
183.82	165.51
183.88	177.86
183.93	190.47
183.99	205.61
184.04	223.52
184.10	237.34
184.15	249.97
184.21	264.34
184.27	267.04
184.32	267.57
184.38	264.27
184.43	258.99
184.49	240.12
184.54	220.36
184.60	207.99
184.65	193.42
184.71	183.03
184.76	185.04
184.82	203.05
184.87	221.85
184.93	249.23
184.98	279.31
185.04	314.10
185.09	342.01
185.15	370.69
185.20	405.26
185.26	441.20
185.31	471.08
185.37	500.68
185.43	523.26
185.48	542.92
185.54	567.55
185.59	594.48
185.65	620.20
185.70	662.18
185.76	710.30
185.81	746.84
185.87	785.38
185.92	832.11
185.98	869.18
186.03	887.39
186.09	888.38
186.14	861.79
186.20	804.46
186.25	712.19
186.31	620.10
186.36	549.28
186.42	517.98
186.47	527.30
186.53	577.23
186.58	650.04
186.64	728.35
186.69	804.33
186.75	868.08
186.80	929.57
186.86	989.34
186.91	1050.76
186.97	1105.96
187.02	1176.13
187.08	1241.83
187.13	1295.84
187.19	1352.21
187.24	1409.90
187.30	1446.85
187.35	1481.53
187.41	1531.69
187.47	1580.48
187.52	1625.45
187.58	1683.08
187.63	1762.46
187.69	1845.25
187.74	1917.39
187.80	1981.24
187.85	2033.46
187.91	2056.32
187.96	2040.22
188.02	1980.66
188.07	1877.99
188.13	1730.09
188.18	1570.45
188.24	1453.63
188.29	1400.16
188.35	1412.55
188.40	1494.93
188.46	1626.76
188.51	1756.66
188.57	1889.69
188.62	2018.58
188.67	2139.23
188.73	2251.76
188.78	2360.87
188.84	2464.89
188.89	2570.57
188.95	2677.52
189.00	2772.18
189.06	2872.16
189.11	2969.59
189.17	3052.67
189.22	3126.14
189.28	3211.62
189.33	3288.57
189.39	3350.68
189.44	3418.85
189.50	3492.35
189.55	3562.95
189.61	3618.34
189.66	3678.20
189.72	3737.26
189.77	3791.87
189.83	3820.71
189.88	3829.17
189.94	3796.85
189.99	3709.50
190.05	3545.30
190.10	3314.91
190.16	3049.97
190.21	2817.65
190.27	2665.23
190.32	2619.16
190.38	2678.73
190.43	2820.34
190.49	2986.13
190.54	3128.09
190.60	3250.20
190.65	3348.84
190.71	3433.05
190.76	3512.69
190.81	3597.42
190.87	3688.93
190.92	3810.65
190.98	3946.54
191.03	4093.50
191.09	4245.47
191.14	4376.05
191.20	4478.24
191.25	4580.58
191.31	4679.84
191.36	4788.42
191.42	4912.85
191.47	5053.17
191.53	5186.88
191.58	5304.26
191.64	5392.02
191.69	5467.29
191.75	5514.88
191.80	5552.29
191.85	5573.70
191.91	5597.12
191.96	5620.44
192.02	5653.61
192.07	5665.81
192.13	5660.42
192.18	5610.25
192.24	5488.79
192.29	5286.14
192.35	5056.66
192.40	4868.89
192.46	4756.72
192.51	4751.26
192.57	4849.33
192.62	5028.72
192.67	5215.57
192.73	5399.35
192.78	5564.46
192.84	5717.32
192.89	5854.57
192.95	5985.77
193.00	6100.53
193.06	6213.36
193.11	6322.24
193.17	6414.32
193.22	6500.45
193.28	6590.81
193.33	6666.02
193.38	6732.01
193.44	6802.44
193.49	6876.10
193.55	6934.22
193.60	6993.95
193.66	7049.71
193.71	7094.46
193.77	7118.53
193.82	7139.99
193.88	7154.87
193.93	7179.95
193.98	7208.76
194.04	7249.93
194.09	7296.53
194.15	7350.34
194.20	7391.98
194.26	7430.86
194.31	7469.31
194.37	7495.45
194.42	7499.24
194.47	7488.88
194.53	7443.00
194.58	7351.44
194.64	7239.60
194.69	7140.09
194.75	7066.36
194.80	7047.72
194.86	7086.69
194.91	7176.63
194.97	7282.41
195.02	7394.65
195.07	7501.17
195.13	7604.71
195.18	7707.73
195.24	7805.03
195.29	7899.87
195.35	7983.20
195.40	8069.83
195.46	8141.81
195.51	8225.76
195.56	8308.19
195.62	8401.37
195.67	8479.44
195.73	8562.93
195.78	8623.94
195.84	8667.84
195.89	8696.78
195.94	8732.52
196.00	8760.75
196.05	8804.82
196.11	8868.27
196.16	8931.21
196.22	8994.89
196.27	9063.94
196.32	9121.02
196.38	9164.47
196.43	9216.07
196.49	9254.87
196.54	9292.77
196.60	9335.90
196.65	9382.52
196.71	9422.75
196.76	9468.44
196.81	9509.22
196.87	9543.54
196.92	9570.00
196.98	9590.61
197.03	9601.64
197.09	9595.20
197.14	9586.75
197.19	9585.71
197.25	9596.28
197.30	9619.44
197.36	9671.05
197.41	9734.59
197.47	9800.41
197.52	9867.68
197.57	9937.54
197.63	9992.03
197.68	10045.41
197.74	10098.03
197.79	10145.42
197.84	10183.17
197.90	10231.43
197.95	10271.21
198.01	10312.90
198.06	10355.07
198.12	10404.80
198.17	10442.73
198.22	10485.82
198.28	10523.83
198.33	10563.91
198.39	10601.64
198.44	10648.79
198.49	10698.08
198.55	10743.93
198.60	10789.74
198.66	10836.96
198.71	10886.18
198.77	10932.22
198.82	10984.74
198.87	11032.97
198.93	11080.70
198.98	11122.02
199.04	11166.06
199.09	11203.77
199.14	11244.62
199.20	11281.54
199.25	11324.53
199.31	11367.53
199.36	11414.25
199.42	11458.21
199.47	11505.47
199.52	11544.49
199.58	11583.44
199.63	11611.42
199.69	11640.20
199.74	11669.45
199.79	11699.02
199.85	11726.85
199.90	11767.39
199.96	11808.91
200.01	11853.89
200.06	11903.02
200.12	11952.78
200.17	12006.09
200.23	12056.52
200.28	12100.82
200.33	12153.10
200.39	12195.84
200.44	12237.81
200.50	12282.65
200.55	12321.97
200.60	12357.56
200.66	12394.97
200.71	12428.51
200.77	12472.58
200.82	12519.78
200.87	12560.72
200.93	12604.60
200.98	12649.61
201.04	12684.52
201.09	12729.35
201.14	12776.58
201.20	12824.97
201.25	12878.86
201.31	12935.66
201.36	12989.80
201.41	13047.09
201.47	13104.31
201.52	13154.42
201.58	13208.34
201.63	13256.50
201.68	13301.72
201.74	13349.07
201.79	13398.82
201.84	13452.25
201.90	13501.50
201.95	13553.46
202.01	13609.41
202.06	13659.71
202.11	13696.58
202.17	13745.24
202.22	13788.43
202.28	13826.82
202.33	13870.55
202.38	13912.98
202.44	13953.04
202.49	13997.11
202.54	14042.62
202.60	14089.42
202.65	14140.19
202.71	14188.02
202.76	14232.49
202.81	14275.48
202.87	14320.26
202.92	14367.27
202.98	14417.26
203.03	14470.29
203.08	14524.80
203.14	14578.33
203.19	14632.32
203.24	14688.49
203.30	14740.86
203.35	14789.81
203.41	14834.61
203.46	14881.78
203.51	14924.52
203.57	14963.68
203.62	15012.51
203.67	15066.59
203.73	15106.49
203.78	15150.72
203.84	15203.18
203.89	15239.71
203.94	15271.67
204.00	15316.68
204.05	15351.94
204.10	15375.31
204.16	15401.16
204.21	15422.62
204.27	15428.43
204.32	15423.76
204.37	15415.36
204.43	15391.30
204.48	15353.71
204.53	15321.79
204.59	15329.53
204.64	15385.43
204.69	15492.70
204.75	15632.46
204.80	15792.17
204.86	15917.89
204.91	16007.64
204.96	16062.52
205.02	16089.98
205.07	16113.28
205.12	16169.45
205.18	16253.30
205.23	16351.41
205.28	16482.19
205.34	16599.74
205.39	16699.56
205.45	16780.82
205.50	16852.40
205.55	16908.98
205.61	16973.79
205.66	17032.32
205.71	17095.93
205.77	17155.58
205.82	17215.60
205.87	17271.07
205.93	17324.63
205.98	17370.30
206.03	17419.28
206.09	17467.36
206.14	17515.87
206.20	17571.55
206.25	17621.16
206.30	17674.86
206.36	17727.72
206.41	17786.99
206.46	17844.02
206.52	17894.85
206.57	17952.27
206.62	18000.30
206.68	18044.19
206.73	18089.32
206.78	18150.39
206.84	18205.74
206.89	18268.13
206.94	18333.61
207.00	18405.09
207.05	18470.15
207.11	18533.37
207.16	18589.68
207.21	18651.51
207.27	18706.99
207.32	18761.12
207.37	18817.30
207.43	18879.42
207.48	18928.81
207.53	18979.56
207.59	19037.81
207.64	19088.72
207.69	19156.94
207.75	19222.89
207.80	19282.15
207.85	19338.74
207.91	19399.45
207.96	19447.21
208.01	19502.11
208.07	19564.53
208.12	19624.28
208.17	19679.03
208.23	19726.46
208.28	19780.46
208.33	19835.63
208.39	19894.21
208.44	19963.38
208.49	20032.55
208.55	20089.02
208.60	20144.69
208.65	20196.64
208.71	20241.99
208.76	20293.96
208.81	20361.25
208.87	20424.49
208.92	20486.88
208.97	20551.25
209.03	20608.27
209.08	20667.23
209.13	20723.34
209.19	20785.52
209.24	20842.16
209.29	20910.43
209.35	20960.71
209.40	21022.58
209.45	21082.87
209.51	21153.11
209.56	21217.36
209.61	21285.45
209.67	21350.45
209.72	21413.92
209.77	21471.11
209.83	21527.06
209.88	21598.82
209.93	21661.15
209.99	21723.33
210.04	21792.70
210.09	21863.38
210.15	21919.38
210.20	21976.41
210.25	22036.48
210.31	22098.81
210.36	22145.38
210.41	22196.95
210.46	22256.25
210.52	22308.09
210.57	22354.24
210.62	22417.72
210.68	22487.05
210.73	22547.20
210.78	22615.84
210.84	22679.41
210.89	22737.49
210.94	22790.56
211.00	22843.44
211.05	22888.89
211.10	22946.11
211.16	23010.10
211.21	23077.55
211.26	23151.91
211.32	23231.15
211.37	23304.13
211.42	23375.77
211.47	23438.75
211.53	23500.50
211.58	23554.56
211.63	23612.73
211.69	23662.36
211.74	23714.14
211.79	23761.99
211.85	23823.91
211.90	23880.65
211.95	23953.54
212.01	24027.63
212.06	24107.56
212.11	24178.48
212.16	24255.69
212.22	24326.69
212.27	24387.45
212.32	24454.41
212.38	24523.93
212.43	24589.81
212.48	24654.44
212.54	24725.55
212.59	24800.79
212.64	24864.77
212.69	24928.71
212.75	24992.70
212.80	25059.11
212.85	25117.58
212.91	25172.34
212.96	25225.12
213.01	25284.99
213.07	25339.98
213.12	25405.11
213.17	25473.91
213.22	25542.78
213.28	25606.02
213.33	25655.31
213.38	25706.01
213.44	25762.76
213.49	25829.90
213.54	25896.64
213.60	25983.44
213.65	26060.27
213.70	26146.27
213.75	26211.74
213.81	26265.93
213.86	26321.69
213.91	26368.83
213.97	26404.65
214.02	26437.30
214.07	26477.66
214.12	26513.57
214.18	26545.24
214.23	26573.11
214.28	26602.46
214.34	26615.75
214.39	26619.62
214.44	26607.60
214.49	26567.79
214.55	26501.89
214.60	26408.00
214.65	26281.45
214.71	26173.29
214.76	26154.10
214.81	26234.06
214.86	26426.15
214.92	26690.67
214.97	26973.20
215.02	27203.29
215.08	27362.67
215.13	27446.03
215.18	27471.26
215.23	27474.01
215.29	27490.39
215.34	27557.96
215.39	27673.54
215.45	27848.69
215.50	28052.39
215.55	28246.22
215.60	28394.43
215.66	28501.98
215.71	28583.64
215.76	28652.59
215.81	28707.04
215.87	28771.66
215.92	28830.27
215.97	28886.13
216.03	28950.17
216.08	29019.31
216.13	29077.49
216.18	29143.57
216.24	29209.44
216.29	29255.59
216.34	29306.57
216.39	29372.90
216.45	29434.95
216.50	29492.09
216.55	29555.74
216.61	29625.05
216.66	29677.88
216.71	29736.00
216.76	29800.42
216.82	29875.88
216.87	29944.49
216.92	30026.14
216.97	30094.84
217.03	30166.10
217.08	30235.61
217.13	30314.77
217.18	30380.25
217.24	30457.18
217.29	30527.20
217.34	30579.37
217.39	30623.75
217.45	30675.15
217.50	30722.87
217.55	30774.35
217.61	30845.85
217.66	30914.94
217.71	30980.53
217.76	31060.05
217.82	31146.24
217.87	31219.33
217.92	31287.15
217.97	31355.12
218.03	31412.51
218.08	31455.29
218.13	31500.07
218.18	31560.66
218.24	31626.80
218.29	31678.78
218.34	31740.63
218.39	31808.78
218.45	31867.49
218.50	31924.27
218.55	31997.99
218.60	32065.14
218.66	32115.03
218.71	32178.33
218.76	32241.51
218.81	32301.06
218.87	32365.15
218.92	32438.57
218.97	32509.92
219.02	32582.62
219.08	32655.05
219.13	32730.25
219.18	32798.00
219.23	32855.71
219.29	32916.04
219.34	32977.11
219.39	33035.01
219.44	33099.23
219.50	33174.53
219.55	33237.34
219.60	33299.16
219.65	33362.14
219.71	33430.88
219.76	33483.02
219.81	33534.95
219.86	33590.39
219.92	33643.87
219.97	33692.66
220.02	33743.91
220.07	33806.81
220.13	33871.60
220.18	33938.66
220.23	34008.06
220.28	34096.49
220.33	34179.57
220.39	34241.59
220.44	34302.30
220.49	34353.99
220.54	34399.33
220.60	34447.01
220.65	34510.83
220.70	34576.83
220.75	34653.52
220.81	34729.57
220.86	34808.04
220.91	34873.87
220.96	34944.44
221.02	35010.79
221.07	35080.18
221.12	35128.68
221.17	35194.89
221.22	35250.10
221.28	35312.67
221.33	35371.22
221.38	35435.67
221.43	35506.82
221.49	35576.26
221.54	35645.66
221.59	35706.45
221.64	35794.56
221.69	35881.04
221.75	35979.62
221.80	36076.90
221.85	36156.06
221.90	36220.26
221.96	36277.95
222.01	36307.63
222.06	36333.92
222.11	36384.92
222.17	36429.39
222.22	36456.27
222.27	36509.47
222.32	36560.76
222.37	36616.29
222.43	36675.53
222.48	36746.13
222.53	36815.09
222.58	36893.19
222.63	36956.16
222.69	37028.36
222.74	37105.70
222.79	37176.98
222.84	37229.64
222.90	37290.81
222.95	37340.07
223.00	37383.46
223.05	37434.22
223.10	37487.91
223.16	37540.78
223.21	37583.45
223.26	37630.49
223.31	37667.04
223.36	37709.93
223.42	37749.37
223.47	37788.96
223.52	37831.72
223.57	37876.74
223.63	37929.41
223.68	37976.97
223.73	38054.04
223.78	38129.27
223.83	38202.74
223.89	38265.73
223.94	38337.09
223.99	38394.06
224.04	38465.29
224.09	38536.31
224.15	38626.30
224.20	38709.40
224.25	38808.66
224.30	38887.69
224.35	38979.09
224.41	39073.52
224.46	39169.36
224.51	39248.54
224.56	39327.62
224.61	39405.29
224.67	39474.59
224.72	39547.14
224.77	39639.26
224.82	39743.09
224.87	39826.51
224.93	39906.13
224.98	39991.12
225.03	40070.32
225.08	40145.24
225.13	40233.27
225.19	40319.14
225.24	40406.00
225.29	40475.98
225.34	40552.88
225.39	40626.30
225.45	40705.76
225.50	40773.34
225.55	40840.65
225.60	40901.79
225.65	40963.29
225.71	41004.61
225.76	41039.97
225.81	41072.99
225.86	41092.04
225.91	41103.18
225.97	41101.37
226.02	41084.92
226.07	41033.33
226.12	41007.79
226.17	41035.16
226.22	41141.74
226.28	41318.40
226.33	41574.41
226.38	41812.10
226.43	42010.62
226.48	42137.60
226.54	42212.92
226.59	42257.36
226.64	42290.51
226.69	42295.03
226.74	42324.19
226.80	42392.88
226.85	42477.42
226.90	42589.55
226.95	42752.17
227.00	42922.04
227.05	43073.45
227.11	43208.78
227.16	43331.82
227.21	43425.75
227.26	43512.67
227.31	43584.39
227.37	43637.29
227.42	43710.71
227.47	43792.82
227.52	43863.59
227.57	43931.42
227.62	44022.30
227.68	44091.27
227.73	44166.56
227.78	44241.03
227.83	44327.50
227.88	44395.65
227.93	44469.64
227.99	44539.82
228.04	44617.05
228.09	44683.72
228.14	44761.99
228.19	44837.12
228.24	44905.99
228.30	44974.55
228.35	45050.38
228.40	45117.70
228.45	45173.23
228.50	45246.74
228.56	45314.56
228.61	45373.12
228.66	45430.21
228.71	45494.67
228.76	45530.67
228.81	45572.96
228.87	45618.87
228.92	45678.92
228.97	45739.45
229.02	45832.64
229.07	45908.84
229.12	45990.78
229.17	46066.09
229.23	46141.26
229.28	46215.63
229.33	46298.82
229.38	46375.27
229.43	46448.96
229.48	46533.51
229.54	46595.84
229.59	46667.49
229.64	46737.02
229.69	46811.72
229.74	46899.26
229.79	46976.09
229.85	47047.01
229.90	47126.79
229.95	47196.92
230.00	47253.17
230.05	47335.43
230.10	47403.39
230.16	47463.85
230.21	47521.37
230.26	47575.62
230.31	47618.49
230.36	47672.81
230.41	47739.74
230.46	47826.63
230.52	47917.00
230.57	47992.88
230.62	48079.68
230.67	48154.40
230.72	48207.88
230.77	48251.50
230.82	48304.65
230.88	48335.21
230.93	48367.16
230.98	48409.43
231.03	48466.44
231.08	48521.28
231.13	48582.47
231.19	48657.73
231.24	48733.05
231.29	48810.14
231.34	48890.43
231.39	48971.23
231.44	49042.02
231.49	49099.46
231.55	49142.34
231.60	49179.19
231.65	49224.34
231.70	49262.26
231.75	49307.68
231.80	49357.98
231.85	49405.41
231.91	49447.11
231.96	49504.43
232.01	49572.46
232.06	49636.08
232.11	49712.77
232.16	49795.75
232.21	49875.56
232.26	49958.65
232.32	50035.43
232.37	50110.34
232.42	50176.89
232.47	50218.67
232.52	50257.06
232.57	50312.04
232.62	50360.19
232.68	50414.55
232.73	50489.58
232.78	50572.13
232.83	50647.83
232.88	50724.89
232.93	50801.63
232.98	50873.93
233.03	50921.39
233.09	50976.47
233.14	51044.07
233.19	51105.15
233.24	51157.86
233.29	51220.58
233.34	51261.92
233.39	51287.68
233.45	51313.12
233.50	51354.86
233.55	51393.08
233.60	51456.26
233.65	51517.26
233.70	51586.94
233.75	51638.83
233.80	51697.71
233.86	51745.43
233.91	51792.98
233.96	51833.54
234.01	51887.57
234.06	51940.79
234.11	52004.86
234.16	52059.54
234.21	52124.65
234.26	52174.04
234.32	52210.34
234.37	52234.40
234.42	52273.27
234.47	52291.97
234.52	52319.54
234.57	52363.01
234.62	52410.24
234.67	52458.04
234.73	52518.32
234.78	52580.52
234.83	52627.81
234.88	52671.17
234.93	52702.30
234.98	52743.72
235.03	52785.21
235.08	52846.20
235.13	52904.31
235.19	52982.91
235.24	53041.54
235.29	53097.89
235.34	53144.19
235.39	53176.30
235.44	53207.01
235.49	53245.14
235.54	53281.19
235.59	53299.49
235.65	53335.34
235.70	53370.56
235.75	53409.00
235.80	53462.88
235.85	53517.08
235.90	53567.58
235.95	53592.74
236.00	53627.71
236.05	53638.00
236.11	53668.34
236.16	53689.51
236.21	53737.69
236.26	53769.85
236.31	53809.06
236.36	53829.20
236.41	53855.74
236.46	53864.99
236.51	53881.53
236.56	53901.37
236.62	53930.11
236.67	53965.94
236.72	54013.17
236.77	54046.31
236.82	54093.16
236.87	54122.11
236.92	54143.00
236.97	54177.34
237.02	54222.33
237.07	54263.92
237.13	54326.48
237.18	54392.19
237.23	54432.79
237.28	54465.72
237.33	54500.48
237.38	54522.16
237.43	54544.41
237.48	54551.88
237.53	54576.36
237.58	54606.68
237.63	54650.96
237.69	54692.38
237.74	54749.01
237.79	54786.55
237.84	54793.26
237.89	54797.26
237.94	54795.79
237.99	54812.69
238.04	54832.35
238.09	54856.48
238.14	54892.32
238.19	54923.09
238.25	54942.97
238.30	54943.12
238.35	54947.66
238.40	54938.90
238.45	54936.16
238.50	54937.49
238.55	54947.72
238.60	54983.49
238.65	55009.73
238.70	55028.60
238.75	55038.02
238.80	55068.67
238.86	55069.34
238.91	55079.28
238.96	55115.44
239.01	55145.80
239.06	55169.80
239.11	55206.43
239.16	55235.04
239.21	55234.65
239.26	55238.11
239.31	55244.75
239.36	55253.48
239.41	55270.81
239.46	55294.90
239.52	55320.02
239.57	55346.32
239.62	55356.78
239.67	55379.43
239.72	55402.26
239.77	55419.70
239.82	55435.19
239.87	55455.80
239.92	55453.87
239.97	55447.26
240.02	55442.79
240.07	55422.73
240.12	55412.31
240.17	55407.48
240.23	55413.80
240.28	55417.57
240.33	55436.51
240.38	55435.86
240.43	55445.84
240.48	55460.96
240.53	55477.90
240.58	55493.82
240.63	55531.33
240.68	55548.43
240.73	55541.87
240.78	55534.93
240.83	55535.34
240.88	55512.99
240.93	55500.27
240.98	55498.29
241.04	55519.82
241.09	55536.08
241.14	55556.86
241.19	55591.06
241.24	55623.37
241.29	55631.79
241.34	55649.89
241.39	55669.80
241.44	55674.46
241.49	55682.65
241.54	55686.63
241.59	55672.58
241.64	55666.64
241.69	55656.29
241.74	55641.95
241.79	55633.64
241.84	55623.40
241.90	55605.28
241.95	55579.76
242.00	55543.98
242.05	55512.45
242.10	55500.90
242.15	55476.02
242.20	55472.69
242.25	55479.09
242.30	55482.58
242.35	55481.82
242.40	55487.52
242.45	55477.14
242.50	55463.47
242.55	55455.55
242.60	55445.17
242.65	55440.91
242.70	55460.41
242.75	55485.48
242.80	55525.92
242.85	55560.85
242.91	55580.10
242.96	55574.75
243.01	55564.37
243.06	55531.80
243.11	55498.34
243.16	55475.83
243.21	55467.95
243.26	55476.97
243.31	55493.72
243.36	55503.57
243.41	55523.31
243.46	55530.28
243.51	55493.94
243.56	55441.45
243.61	55394.12
243.66	55349.56
243.71	55311.34
243.76	55311.11
243.81	55322.49
243.86	55317.51
243.91	55318.28
243.96	55318.67
244.01	55296.56
244.06	55266.92
244.12	55255.11
244.17	55237.74
244.22	55234.20
244.27	55263.41
244.32	55297.09
244.37	55313.14
244.42	55319.01
244.47	55304.20
244.52	55268.96
244.57	55235.94
244.62	55223.68
244.67	55205.16
244.72	55186.26
244.77	55185.38
244.82	55202.06
244.87	55221.14
244.92	55239.53
244.97	55260.66
245.02	55262.28
245.07	55236.94
245.12	55211.99
245.17	55204.88
245.22	55200.99
245.27	55199.79
245.32	55172.76
245.37	55138.08
245.42	55083.18
245.47	55032.64
245.52	54979.03
245.57	54970.02
245.62	54953.52
245.67	54945.04
245.72	54942.77
245.77	54927.73
245.82	54899.54
245.87	54897.19
245.92	54904.85
245.98	54898.98
246.03	54904.82
246.08	54911.11
246.13	54902.71
246.18	54906.45
246.23	54908.98
246.28	54896.36
246.33	54884.45
246.38	54860.02
246.43	54827.37
246.48	54797.25
246.53	54800.23
246.58	54810.60
246.63	54829.05
246.68	54816.75
246.73	54795.39
246.78	54763.08
246.83	54709.90
246.88	54642.67
246.93	54593.81
246.98	54549.36
247.03	54512.94
247.08	54503.75
247.13	54495.51
247.18	54497.13
247.23	54519.72
247.28	54531.93
247.33	54506.74
247.38	54485.93
247.43	54474.06
247.48	54455.90
247.53	54409.54
247.58	54381.18
247.63	54360.89
247.68	54309.78
247.73	54249.12
247.78	54218.94
247.83	54197.61
247.88	54168.79
247.93	54167.34
247.98	54166.19
248.03	54172.20
248.08	54176.98
248.13	54178.50
248.18	54166.49
248.23	54153.28
248.28	54117.76
248.33	54076.01
248.38	54040.62
248.43	54011.56
248.48	53998.78
248.53	53996.30
248.58	53980.82
248.63	53977.21
248.68	53948.93
248.73	53915.14
248.78	53871.54
248.83	53824.19
248.88	53761.92
248.93	53702.05
248.98	53633.78
249.03	53595.32
249.08	53572.57
249.13	53562.34
249.18	53560.21
249.23	53561.34
249.28	53540.19
249.33	53529.46
249.38	53514.57
249.43	53499.04
249.48	53481.61
249.53	53481.24
249.58	53466.07
249.63	53446.74
249.68	53421.53
249.73	53402.44
249.78	53379.84
249.83	53368.81
249.88	53344.61
249.93	53332.74
249.98	53328.85
250.03	53318.03
250.08	53294.14
250.13	53278.53
250.18	53255.65
250.23	53211.35
250.28	53154.95
250.33	53097.79
250.37	53059.20
250.42	53016.82
250.47	52986.79
250.52	52979.79
250.57	52965.78
250.62	52929.37
250.67	52898.71
250.72	52873.67
250.77	52828.25
250.82	52807.73
250.87	52797.05
250.92	52783.76
250.97	52763.75
251.02	52760.58
251.07	52757.04
251.12	52741.41
251.17	52715.60
251.22	52686.23
251.27	52648.74
251.32	52592.11
251.37	52536.53
251.42	52491.73
251.47	52452.49
251.52	52427.23
251.57	52415.90
251.62	52409.67
251.67	52400.85
251.72	52382.42
251.77	52349.17
251.82	52306.19
251.87	52254.59
251.92	52212.72
251.97	52156.17
252.02	52110.27
252.07	52081.57
252.12	52069.43
252.16	52050.94
252.21	52053.59
252.26	52060.04
252.31	52053.02
252.36	52046.17
252.41	52033.25
252.46	52011.02
252.51	51971.19
252.56	51939.62
252.61	51905.10
252.66	51875.73
252.71	51853.21
252.76	51832.46
252.81	51799.57
252.86	51746.30
252.91	51689.08
252.96	51623.37
253.01	51553.59
253.06	51482.13
253.11	51435.90
253.16	51403.02
253.21	51364.54
253.26	51331.88
253.31	51311.43
253.36	51292.59
253.40	51264.34
253.45	51243.18
253.50	51200.09
253.55	51156.73
253.60	51107.89
253.65	51060.99
253.70	51033.18
253.75	51028.43
253.80	51020.65
253.85	51019.77
253.90	51025.39
253.95	51012.10
254.00	51001.02
254.05	50980.79
254.10	50937.14
254.15	50897.60
254.20	50862.39
254.25	50823.29
254.30	50788.37
254.35	50747.29
254.39	50683.83
254.44	50608.63
254.49	50537.38
254.54	50501.08
254.59	50476.60
254.64	50464.38
254.69	50462.53
254.74	50462.29
254.79	50435.29
254.84	50398.05
254.89	50383.32
254.94	50369.29
254.99	50353.83
255.04	50329.35
255.09	50327.07
255.14	50300.54
255.19	50281.36
255.23	50269.51
255.28	50262.72
255.33	50243.49
255.38	50235.88
255.43	50219.38
255.48	50187.50
255.53	50151.38
255.58	50123.73
255.63	50088.12
255.68	50042.32
255.73	50002.96
255.78	49972.31
255.83	49938.41
255.88	49916.92
255.93	49895.79
255.97	49878.39
256.02	49845.00
256.07	49805.92
256.12	49733.94
256.17	49687.42
256.22	49626.44
256.27	49577.84
256.32	49538.53
256.37	49525.87
256.42	49500.78
256.47	49474.99
256.52	49442.78
256.57	49416.16
256.62	49393.67
256.66	49371.71
256.71	49343.75
256.76	49313.80
256.81	49262.46
256.86	49208.41
256.91	49162.66
256.96	49123.19
257.01	49083.16
257.06	49059.01
257.11	49027.39
257.16	48970.47
257.21	48929.66
257.26	48900.41
257.30	48866.37
257.35	48826.55
257.40	48807.33
257.45	48786.63
257.50	48758.24
257.55	48726.09
257.60	48707.32
257.65	48679.55
257.70	48642.83
257.75	48607.27
257.80	48581.85
257.85	48534.84
257.89	48488.41
257.94	48427.10
257.99	48365.59
258.04	48301.47
258.09	48267.81
258.14	48241.03
258.19	48230.90
258.24	48207.92
258.29	48169.85
258.34	48125.89
258.39	48091.66
258.44	48026.86
258.48	47986.21
258.53	47958.84
258.58	47919.74
258.63	47867.32
258.68	47827.89
258.73	47790.24
258.78	47744.32
258.83	47699.16
258.88	47655.99
258.93	47623.95
258.97	47585.57
259.02	47559.20
259.07	47545.32
259.12	47528.32
259.17	47519.06
259.22	47505.60
259.27	47480.99
259.32	47450.79
259.37	47406.79
259.42	47366.95
259.47	47320.55
259.51	47275.46
259.56	47214.11
259.61	47146.89
259.66	47060.64
259.71	46981.91
259.76	46911.32
259.81	46849.42
259.86	46816.38
259.91	46784.75
259.95	46765.91
260.00	46739.93
260.05	46722.40
260.10	46695.53
260.15	46685.63
260.20	46663.26
260.25	46667.46
260.30	46654.70
260.35	46627.83
260.40	46592.79
260.44	46572.12
260.49	46544.12
260.54	46508.22
260.59	46491.62
260.64	46483.83
260.69	46473.64
260.74	46434.84
260.79	46398.36
260.84	46345.62
260.88	46287.29
260.93	46207.08
260.98	46168.32
261.03	46131.40
261.08	46109.53
261.13	46073.06
261.18	46039.16
261.23	45982.81
261.28	45945.06
261.32	45893.12
261.37	45850.96
261.42	45823.32
261.47	45798.16
261.52	45751.43
261.57	45707.18
261.62	45662.31
261.67	45607.05
261.71	45535.39
261.76	45490.28
261.81	45438.51
261.86	45388.09
261.91	45345.54
261.96	45318.02
262.01	45274.52
262.06	45251.87
262.10	45242.21
262.15	45221.12
262.20	45195.91
262.25	45181.55
262.30	45166.10
262.35	45137.26
262.40	45111.00
262.45	45079.87
262.49	45048.07
262.54	45012.07
262.59	44975.66
262.64	44946.94
262.69	44916.80
262.74	44868.98
262.79	44817.23
262.84	44773.62
262.88	44722.46
262.93	44663.77
262.98	44624.67
263.03	44582.77
263.08	44528.12
263.13	44458.51
263.18	44406.17
263.23	44347.49
263.27	44303.23
263.32	44267.50
263.37	44253.22
263.42	44232.76
263.47	44209.49
263.52	44176.86
263.57	44145.11
263.61	44109.27
263.66	44063.90
263.71	44028.89
263.76	43991.63
263.81	43940.31
263.86	43904.27
263.91	43868.59
263.95	43805.12
264.00	43748.01
264.05	43707.69
264.10	43641.14
264.15	43573.13
264.20	43536.26
264.25	43488.12
264.29	43440.10
264.34	43387.89
264.39	43358.58
264.44	43308.63
264.49	43271.83
264.54	43228.62
264.59	43202.34
264.63	43156.40
264.68	43104.62
264.73	43051.52
264.78	42999.42
264.83	42936.60
264.88	42891.55
264.93	42860.02
264.97	42828.54
265.02	42802.41
265.07	42785.31
265.12	42742.34
265.17	42704.38
265.22	42666.93
265.27	42607.64
265.31	42550.14
265.36	42499.80
265.41	42438.83
265.46	42373.36
265.51	42306.34
265.56	42240.03
265.60	42183.53
265.65	42128.91
265.70	42069.67
265.75	42019.06
265.80	41974.80
265.85	41915.33
265.90	41849.73
265.94	41795.24
265.99	41737.67
266.04	41681.86
266.09	41638.35
266.14	41607.58
266.19	41568.51
266.23	41541.57
266.28	41494.19
266.33	41462.85
266.38	41437.07
266.43	41416.17
266.48	41399.70
266.52	41372.92
266.57	41335.70
266.62	41293.70
266.67	41241.77
266.72	41185.10
266.77	41160.83
266.81	41133.02
266.86	41101.02
266.91	41077.79
266.96	41039.54
267.01	40996.79
267.06	40943.19
267.10	40886.87
267.15	40832.78
267.20	40803.99
267.25	40769.04
267.30	40737.13
267.35	40708.05
267.39	40673.78
267.44	40631.64
267.49	40580.48
267.54	40529.53
267.59	40480.36
267.64	40427.35
267.68	40367.44
267.73	40311.93
267.78	40273.37
267.83	40250.13
267.88	40234.04
267.93	40223.39
267.97	40208.94
268.02	40173.89
268.07	40122.74
268.12	40064.53
268.17	40001.20
268.21	39951.88
268.26	39906.93
268.31	39863.28
268.36	39818.20
268.41	39773.62
268.46	39730.78
268.50	39683.27
268.55	39638.39
268.60	39578.09
268.65	39519.58
268.70	39435.05
268.74	39375.26
268.79	39302.94
268.84	39252.37
268.89	39213.11
268.94	39189.06
268.99	39149.04
269.03	39105.61
269.08	39059.80
269.13	38982.29
269.18	38902.72
269.23	38802.56
269.27	38699.23
269.32	38568.19
269.37	38447.57
269.42	38312.44
269.47	38175.12
269.51	38034.08
269.56	37906.22
269.61	37762.56
269.66	37613.29
269.71	37459.38
269.76	37312.68
269.80	37150.18
269.85	36996.04
269.90	36852.40
269.95	36710.88
270.00	36548.24
270.04	36402.75
270.09	36260.54
270.14	36108.06
270.19	35970.88
270.24	35842.03
270.28	35693.12
270.33	35526.84
270.38	35352.33
270.43	35170.53
270.48	34992.05
270.52	34837.90
270.57	34683.11
270.62	34531.83
270.67	34380.04
270.72	34222.49
270.76	34041.96
270.81	33873.70
270.86	33695.83
270.91	33517.94
270.96	33351.57
271.00	33189.38
271.05	33028.25
271.10	32895.21
271.15	32766.23
271.20	32643.17
271.24	32513.10
271.29	32376.50
271.34	32231.73
271.39	32079.26
271.44	31924.34
271.48	31785.34
271.53	31646.13
271.58	31502.00
271.63	31359.06
271.67	31206.91
271.72	31056.12
271.77	30912.81
271.82	30771.26
271.87	30632.93
271.91	30476.68
271.96	30333.71
272.01	30192.85
272.06	30060.05
272.11	29933.10
272.15	29835.92
272.20	29728.73
272.25	29631.71
272.30	29530.61
272.35	29426.50
272.39	29312.41
272.44	29191.81
272.49	29055.43
272.54	28917.69
272.58	28769.15
272.63	28618.14
272.68	28466.16
272.73	28302.99
272.78	28127.88
272.82	27931.45
272.87	27713.62
272.92	27432.66
272.97	26910.75
273.01	23947.42
273.06	18990.74
273.11	13524.80
273.16	8157.16
273.21	3071.81
273.25	464.94
273.30	-88.89
273.35	-88.72
