165.32	3380.70
165.38	-247.09
165.44	595.94
165.50	-77.88
165.55	-19.72
165.61	2.46
165.67	29.95
165.72	38.82
165.78	44.34
165.84	42.70
165.89	39.84
165.95	38.42
166.01	37.83
166.06	39.57
166.12	42.26
166.18	39.86
166.23	41.49
166.29	40.83
166.35	37.24
166.40	36.46
166.46	43.68
166.52	46.43
166.57	47.42
166.63	48.00
166.69	50.45
166.74	44.05
166.80	44.18
166.86	46.12
166.91	46.84
166.97	40.85
167.03	43.79
167.08	38.14
167.14	37.20
167.20	35.34
167.25	48.09
167.31	47.78
167.37	53.37
167.42	55.29
167.48	61.40
167.54	55.62
167.59	55.36
167.65	50.74
167.71	50.32
167.76	49.46
167.82	45.02
167.88	45.02
167.93	53.12
167.99	52.52
168.05	54.35
168.10	62.48
168.16	61.53
168.21	59.64
168.27	63.86
168.33	65.54
168.38	57.79
168.44	62.67
168.50	60.62
168.55	58.78
168.61	59.69
168.67	61.93
168.72	59.16
168.78	60.22
168.84	56.22
168.89	54.65
168.95	55.28
169.01	54.70
169.06	53.65
169.12	52.94
169.18	51.11
169.23	50.78
169.29	54.81
169.34	59.28
169.40	61.85
169.46	66.28
169.51	69.04
169.57	64.64
169.63	60.71
169.68	65.86
169.74	62.24
169.80	67.36
169.85	69.10
169.91	72.77
169.97	68.64
170.02	68.14
170.08	67.00
170.13	67.24
170.19	67.27
170.25	68.93
170.30	74.02
170.36	65.94
170.42	67.90
170.47	69.13
170.53	70.66
170.59	66.92
170.64	70.92
170.70	69.47
170.76	66.67
170.81	68.34
170.87	67.92
170.92	68.54
170.98	71.50
171.04	74.07
171.09	69.73
171.15	77.03
171.21	78.39
171.26	74.77
171.32	72.20
171.37	76.00
171.43	70.49
171.49	74.79
171.54	78.41
171.60	79.92
171.66	81.96
171.71	82.33
171.77	79.95
171.83	86.12
171.88	85.04
171.94	84.18
171.99	89.17
172.05	88.29
172.11	88.76
172.16	97.19
172.22	97.88
172.28	97.80
172.33	95.33
172.39	92.41
172.44	89.54
172.50	94.58
172.56	94.02
172.61	102.60
172.67	102.26
172.72	102.26
172.78	97.41
172.84	92.62
172.89	86.11
172.95	85.17
173.01	85.89
173.06	84.36
173.12	89.83
173.17	91.36
173.23	90.76
173.29	90.80
173.34	92.85
173.40	87.52
173.46	87.48
173.51	90.21
173.57	90.40
173.62	84.90
173.68	91.28
173.74	90.48
173.79	91.91
173.85	88.90
173.90	91.40
173.96	87.91
174.02	85.34
174.07	77.41
174.13	76.88
174.18	79.21
174.24	72.98
174.30	72.98
174.35	78.19
174.41	75.02
174.47	68.46
174.52	69.17
174.58	67.77
174.63	63.06
174.69	62.12
174.75	64.31
174.80	75.32
174.86	73.30
174.91	75.08
174.97	75.02
175.03	72.88
175.08	60.90
175.14	68.07
175.19	63.29
175.25	64.16
175.31	67.87
175.36	69.35
175.42	65.64
175.47	70.95
175.53	70.73
175.59	66.91
175.64	68.69
175.70	67.25
175.75	61.96
175.81	60.93
175.87	62.60
175.92	58.36
175.98	59.73
176.03	60.20
176.09	60.22
176.15	60.37
176.20	61.84
176.26	61.54
176.31	65.28
176.37	62.78
176.42	63.48
176.48	66.96
176.54	64.20
176.59	60.65
176.65	63.70
176.70	65.35
176.76	64.49
176.82	62.62
176.87	59.79
176.93	59.82
176.98	58.38
177.04	53.58
177.10	58.67
177.15	60.39
177.21	60.60
177.26	59.41
177.32	63.30
177.37	64.89
177.43	68.19
177.49	65.59
177.54	63.22
177.60	63.55
177.65	64.04
177.71	58.81
177.77	61.32
177.82	62.83
177.88	66.34
177.93	61.67
177.99	68.17
178.04	64.03
178.10	65.11
178.16	58.67
178.21	59.92
178.27	57.04
178.32	60.98
178.38	59.37
178.43	60.81
178.49	60.54
178.55	59.78
178.60	58.40
178.66	58.12
178.71	59.81
178.77	58.01
178.82	59.01
178.88	58.67
178.94	59.02
178.99	60.04
179.05	63.99
179.10	59.79
179.16	62.85
179.21	65.35
179.27	64.04
179.33	60.05
179.38	64.19
179.44	62.28
179.49	62.63
179.55	60.63
179.60	60.79
179.66	59.18
179.72	61.74
179.77	58.47
179.83	57.57
179.88	59.02
179.94	60.84
179.99	57.52
180.05	57.96
180.11	59.07
180.16	61.59
180.22	63.99
180.27	68.37
180.33	69.65
180.38	74.01
180.44	69.62
180.49	69.42
180.55	67.20
180.61	71.13
180.66	65.67
180.72	64.19
180.77	62.27
180.83	62.16
180.88	58.86
180.94	58.29
180.99	61.84
181.05	61.63
181.11	62.82
181.16	63.29
181.22	64.64
181.27	67.25
181.33	65.90
181.38	62.60
181.44	63.73
181.49	68.59
181.55	68.50
181.61	75.40
181.66	78.16
181.72	76.12
181.77	73.51
181.83	71.59
181.88	75.89
181.94	77.65
181.99	83.01
182.05	83.21
182.11	84.08
182.16	75.26
182.22	73.46
182.27	68.78
182.33	71.15
182.38	70.55
182.44	75.37
182.49	77.18
182.55	78.62
182.60	78.38
182.66	81.69
182.72	83.97
182.77	86.26
182.83	89.54
182.88	92.24
182.94	93.77
182.99	91.49
183.05	89.83
183.10	92.05
183.16	91.35
183.21	92.47
183.27	99.50
183.32	103.60
183.38	107.48
183.44	114.94
183.49	119.57
183.55	120.75
183.60	127.70
183.66	133.32
183.71	142.49
183.77	150.65
183.82	160.27
183.88	170.92
183.93	182.31
183.99	195.74
184.04	212.44
184.10	224.57
184.15	236.33
184.21	249.94
184.27	251.19
184.32	251.46
184.38	248.94
184.43	245.05
184.49	228.33
184.54	211.22
184.60	202.02
184.65	189.11
184.71	180.09
184.76	182.20
184.82	200.08
184.87	216.42
184.93	241.93
184.98	269.13
185.04	300.49
185.09	325.17
185.15	350.99
185.20	382.27
185.26	416.67
185.31	444.26
185.37	471.16
185.43	491.53
185.48	510.88
185.54	534.47
185.59	561.01
185.65	586.11
185.70	627.53
185.76	672.99
185.81	706.04
185.87	742.03
185.92	787.31
185.98	822.18
186.03	838.89
186.09	841.44
186.14	817.67
186.20	764.88
186.25	679.15
186.31	594.02
186.36	528.22
186.42	499.21
186.47	508.29
186.53	556.24
186.58	625.80
186.64	700.23
186.69	771.96
186.75	831.86
186.80	890.88
186.86	948.27
186.91	1006.67
186.97	1061.46
187.02	1131.70
187.08	1196.74
187.13	1253.22
187.19	1313.17
187.24	1373.93
187.30	1415.13
187.35	1458.58
187.41	1514.83
187.47	1569.09
187.52	1617.90
187.58	1677.91
187.63	1750.41
187.69	1824.62
187.74	1889.51
187.80	1946.94
187.85	1994.59
187.91	2018.33
187.96	2003.57
188.02	1944.43
188.07	1845.45
188.13	1696.54
188.18	1536.69
188.24	1420.47
188.29	1365.63
188.35	1372.92
188.40	1453.14
188.46	1578.04
188.51	1703.28
188.57	1830.89
188.62	1955.72
188.67	2072.15
188.73	2181.84
188.78	2286.58
188.84	2389.56
188.89	2493.89
188.95	2597.15
189.00	2688.29
189.06	2787.41
189.11	2880.97
189.17	2963.53
189.22	3037.36
189.28	3125.38
189.33	3200.29
189.39	3264.64
189.44	3329.67
189.50	3403.42
189.55	3470.21
189.61	3524.72
189.66	3584.78
189.72	3643.06
189.77	3695.10
189.83	3724.33
189.88	3732.19
189.94	3701.10
189.99	3620.80
190.05	3465.33
190.10	3245.82
190.16	2993.64
190.21	2769.88
190.27	2625.13
190.32	2585.15
190.38	2647.61
190.43	2793.77
190.49	2965.93
190.54	3114.35
190.60	3244.93
190.65	3357.03
190.71	3456.32
190.76	3550.96
190.81	3647.66
190.87	3747.66
190.92	3869.35
190.98	3996.13
191.03	4126.68
191.09	4264.52
191.14	4385.50
191.20	4481.03
191.25	4581.16
191.31	4682.61
191.36	4785.01
191.42	4892.95
191.47	5016.96
191.53	5132.59
191.58	5230.19
191.64	5308.62
191.69	5377.83
191.75	5424.56
191.80	5458.52
191.85	5480.19
191.91	5499.70
191.96	5524.65
192.02	5552.73
192.07	5567.55
192.13	5562.84
192.18	5516.49
192.24	5400.30
192.29	5205.53
192.35	4980.86
192.40	4797.05
192.46	4689.26
192.51	4684.43
192.57	4781.14
192.62	4958.03
192.67	5143.44
192.73	5323.21
192.78	5483.98
192.84	5633.96
192.89	5769.64
192.95	5898.67
193.00	6013.47
193.06	6126.08
193.11	6234.42
193.17	6324.70
193.22	6412.28
193.28	6503.75
193.33	6576.04
193.38	6643.78
193.44	6715.06
193.49	6783.72
193.55	6839.88
193.60	6900.74
193.66	6953.98
193.71	6999.78
193.77	7027.07
193.82	7048.64
193.88	7066.63
193.93	7093.34
193.98	7120.66
194.04	7162.35
194.09	7205.54
194.15	7258.60
194.20	7302.12
194.26	7342.53
194.31	7382.31
194.37	7410.10
194.42	7418.20
194.47	7408.56
194.53	7367.42
194.58	7279.64
194.64	7175.09
194.69	7074.83
194.75	7005.43
194.80	6989.98
194.86	7030.58
194.91	7117.49
194.97	7221.90
195.02	7331.42
195.07	7435.99
195.13	7539.19
195.18	7645.59
195.24	7748.67
195.29	7851.00
195.35	7941.60
195.40	8032.66
195.46	8108.83
195.51	8192.34
195.56	8271.69
195.62	8354.82
195.67	8428.55
195.73	8505.36
195.78	8568.05
195.84	8613.50
195.89	8644.21
195.94	8677.34
196.00	8708.47
196.05	8742.85
196.11	8798.00
196.16	8858.88
196.22	8919.26
196.27	8984.14
196.32	9043.44
196.38	9089.62
196.43	9137.35
196.49	9177.98
196.54	9213.22
196.60	9253.45
196.65	9300.71
196.71	9343.49
196.76	9391.01
196.81	9428.47
196.87	9466.52
196.92	9493.92
196.98	9512.82
197.03	9521.69
197.09	9519.61
197.14	9509.24
197.19	9506.79
197.25	9522.99
197.30	9547.80
197.36	9602.17
197.41	9668.76
197.47	9732.78
197.52	9795.12
197.57	9864.65
197.63	9918.98
197.68	9972.26
197.74	10025.89
197.79	10074.17
197.84	10118.64
197.90	10164.83
197.95	10204.92
198.01	10241.23
198.06	10282.04
198.12	10324.87
198.17	10363.84
198.22	10404.22
198.28	10445.02
198.33	10487.51
198.39	10526.02
198.44	10570.61
198.49	10620.38
198.55	10667.90
198.60	10710.83
198.66	10753.29
198.71	10807.75
198.77	10851.43
198.82	10901.91
198.87	10952.11
198.93	11003.03
198.98	11044.79
199.04	11090.91
199.09	11127.03
199.14	11169.93
199.20	11210.20
199.25	11248.93
199.31	11292.65
199.36	11343.24
199.42	11385.90
199.47	11427.54
199.52	11467.66
199.58	11507.02
199.63	11536.69
199.69	11566.35
199.74	11600.36
199.79	11625.43
199.85	11653.82
199.90	11693.77
199.96	11736.79
200.01	11781.16
200.06	11834.41
200.12	11883.31
200.17	11935.56
200.23	11986.30
200.28	12031.30
200.33	12082.10
200.39	12125.16
200.44	12168.04
200.50	12208.49
200.55	12248.45
200.60	12286.21
200.66	12330.80
200.71	12362.84
200.77	12404.03
200.82	12447.35
200.87	12487.12
200.93	12519.96
200.98	12565.06
201.04	12601.67
201.09	12644.01
201.14	12697.17
201.20	12746.22
201.25	12800.62
201.31	12859.13
201.36	12921.77
201.41	12975.58
201.47	13038.08
201.52	13087.82
201.58	13145.94
201.63	13189.74
201.68	13235.91
201.74	13282.63
201.79	13332.25
201.84	13385.44
201.90	13433.10
201.95	13480.99
202.01	13535.40
202.06	13586.12
202.11	13619.94
202.17	13667.19
202.22	13713.80
202.28	13752.28
202.33	13791.74
202.38	13835.76
202.44	13884.69
202.49	13930.22
202.54	13978.41
202.60	14029.78
202.65	14083.68
202.71	14130.36
202.76	14168.55
202.81	14210.32
202.87	14257.86
202.92	14303.13
202.98	14352.83
203.03	14412.59
203.08	14469.54
203.14	14526.07
203.19	14580.30
203.24	14637.91
203.30	14690.10
203.35	14736.99
203.41	14778.99
203.46	14823.07
203.51	14857.69
203.57	14893.21
203.62	14943.20
203.67	14994.04
203.73	15039.79
203.78	15088.25
203.84	15144.04
203.89	15178.68
203.94	15214.20
204.00	15259.74
204.05	15301.38
204.10	15328.87
204.16	15362.01
204.21	15392.71
204.27	15407.97
204.32	15422.72
204.37	15434.53
204.43	15440.26
204.48	15434.06
204.53	15430.69
204.59	15451.52
204.64	15510.16
204.69	15599.37
204.75	15711.01
204.80	15839.67
204.86	15944.58
204.91	16020.71
204.96	16080.13
205.02	16118.89
205.07	16153.28
205.12	16207.48
205.18	16282.61
205.23	16362.35
205.28	16466.15
205.34	16563.34
205.39	16649.93
205.45	16724.49
205.50	16790.85
205.55	16846.77
205.61	16909.49
205.66	16969.18
205.71	17031.89
205.77	17095.17
205.82	17160.61
205.87	17213.28
205.93	17264.69
205.98	17311.82
206.03	17351.05
206.09	17390.95
206.14	17442.06
206.20	17500.74
206.25	17555.59
206.30	17622.53
206.36	17686.48
206.41	17751.09
206.46	17798.01
206.52	17839.38
206.57	17886.78
206.62	17934.76
206.68	17974.41
206.73	18024.68
206.78	18089.08
206.84	18147.56
206.89	18199.34
206.94	18258.32
207.00	18326.05
207.05	18391.59
207.11	18455.48
207.16	18515.07
207.21	18577.66
207.27	18635.01
207.32	18688.08
207.37	18743.04
207.43	18802.47
207.48	18853.99
207.53	18906.27
207.59	18962.87
207.64	19015.54
207.69	19085.18
207.75	19153.26
207.80	19214.70
207.85	19276.37
207.91	19330.32
207.96	19380.09
208.01	19437.51
208.07	19493.58
208.12	19552.25
208.17	19608.61
208.23	19660.60
208.28	19711.06
208.33	19768.55
208.39	19828.57
208.44	19900.34
208.49	19959.20
208.55	20017.83
208.60	20069.95
208.65	20112.29
208.71	20157.04
208.76	20214.55
208.81	20272.60
208.87	20344.61
208.92	20408.11
208.97	20467.97
209.03	20528.94
209.08	20588.17
209.13	20641.06
209.19	20706.54
209.24	20766.14
209.29	20826.19
209.35	20883.87
209.40	20944.13
209.45	21005.97
209.51	21076.08
209.56	21136.49
209.61	21204.59
209.67	21270.60
209.72	21331.77
209.77	21388.78
209.83	21455.52
209.88	21520.89
209.93	21582.19
209.99	21645.45
210.04	21714.35
210.09	21777.04
210.15	21840.03
210.20	21900.01
210.25	21959.26
210.31	22020.18
210.36	22065.96
210.41	22114.48
210.46	22170.23
210.52	22221.17
210.57	22271.01
210.62	22338.57
210.68	22402.72
210.73	22463.41
210.78	22530.69
210.84	22592.51
210.89	22653.05
210.94	22710.74
211.00	22764.80
211.05	22811.53
211.10	22875.31
211.16	22929.78
211.21	22995.32
211.26	23064.62
211.32	23141.58
211.37	23201.52
211.42	23274.26
211.47	23340.22
211.53	23404.99
211.58	23469.46
211.63	23529.35
211.69	23591.34
211.74	23643.99
211.79	23694.72
211.85	23748.64
211.90	23812.24
211.95	23872.57
212.01	23939.13
212.06	24015.89
212.11	24085.83
212.16	24158.10
212.22	24229.62
212.27	24298.14
212.32	24363.99
212.38	24436.45
212.43	24502.14
212.48	24565.33
212.54	24638.80
212.59	24707.98
212.64	24773.78
212.69	24835.60
212.75	24903.34
212.80	24969.89
212.85	25030.73
212.91	25081.41
212.96	25136.63
213.01	25196.25
213.07	25251.84
213.12	25314.85
213.17	25382.19
213.22	25453.18
213.28	25510.64
213.33	25558.78
213.38	25610.93
213.44	25669.47
213.49	25735.41
213.54	25811.69
213.60	25896.31
213.65	25980.42
213.70	26064.28
213.75	26130.64
213.81	26190.90
213.86	26245.55
213.91	26290.70
213.97	26334.53
214.02	26380.38
214.07	26418.36
214.12	26457.97
214.18	26498.97
214.23	26539.44
214.28	26573.19
214.34	26609.22
214.39	26643.59
214.44	26655.19
214.49	26644.09
214.55	26624.94
214.60	26578.18
214.65	26502.81
214.71	26451.07
214.76	26466.15
214.81	26541.18
214.86	26697.90
214.92	26898.34
214.97	27111.87
215.02	27282.33
215.08	27404.24
215.13	27480.67
215.18	27522.57
215.23	27552.54
215.29	27589.81
215.34	27659.44
215.39	27754.10
215.45	27899.30
215.50	28051.73
215.55	28209.83
215.60	28335.63
215.66	28429.96
215.71	28501.28
215.76	28570.39
215.81	28616.14
215.87	28673.94
215.92	28729.46
215.97	28785.71
216.03	28848.49
216.08	28917.55
216.13	28979.51
216.18	29049.32
216.24	29110.71
216.29	29162.46
216.34	29212.49
216.39	29275.10
216.45	29329.29
216.50	29385.36
216.55	29440.03
216.61	29514.43
216.66	29570.10
216.71	29632.64
216.76	29698.87
216.82	29776.06
216.87	29839.39
216.92	29918.56
216.97	29990.45
217.03	30059.56
217.08	30129.06
217.13	30208.89
217.18	30279.80
217.24	30351.38
217.29	30422.50
217.34	30480.15
217.39	30521.18
217.45	30565.89
217.50	30614.69
217.55	30666.89
217.61	30736.23
217.66	30808.79
217.71	30872.33
217.76	30947.99
217.82	31034.98
217.87	31104.82
217.92	31171.60
217.97	31243.19
218.03	31307.36
218.08	31342.61
218.13	31388.13
218.18	31435.50
218.24	31506.60
218.29	31562.39
218.34	31634.52
218.39	31699.30
218.45	31769.29
218.50	31817.25
218.55	31883.99
218.60	31940.08
218.66	31997.70
218.71	32060.09
218.76	32120.19
218.81	32179.41
218.87	32249.11
218.92	32314.91
218.97	32382.23
219.02	32457.54
219.08	32524.72
219.13	32595.64
219.18	32666.21
219.23	32732.76
219.29	32797.04
219.34	32860.12
219.39	32924.41
219.44	32987.05
219.50	33053.78
219.55	33116.13
219.60	33182.93
219.65	33245.87
219.71	33310.47
219.76	33364.48
219.81	33417.07
219.86	33467.24
219.92	33520.85
219.97	33574.62
220.02	33626.18
220.07	33685.59
220.13	33747.20
220.18	33808.56
220.23	33883.72
220.28	33966.86
220.33	34041.85
220.39	34108.01
220.44	34162.77
220.49	34204.99
220.54	34249.97
220.60	34305.81
220.65	34372.26
220.70	34446.75
220.75	34522.96
220.81	34603.11
220.86	34679.06
220.91	34749.06
220.96	34824.72
221.02	34904.21
221.07	34975.24
221.12	35033.64
221.17	35087.22
221.22	35139.34
221.28	35195.93
221.33	35250.74
221.38	35310.68
221.43	35384.84
221.49	35444.29
221.54	35499.45
221.59	35560.72
221.64	35647.05
221.69	35735.46
221.75	35836.34
221.80	35938.76
221.85	36017.18
221.90	36077.28
221.96	36137.19
222.01	36169.06
222.06	36199.22
222.11	36256.61
222.17	36309.00
222.22	36328.37
222.27	36380.10
222.32	36429.24
222.37	36476.00
222.43	36526.04
222.48	36602.39
222.53	36675.23
222.58	36751.98
222.63	36823.60
222.69	36897.84
222.74	36977.56
222.79	37042.29
222.84	37090.84
222.90	37140.19
222.95	37181.79
223.00	37221.93
223.05	37278.72
223.10	37342.62
223.16	37403.60
223.21	37456.89
223.26	37501.10
223.31	37535.29
223.36	37565.98
223.42	37600.91
223.47	37633.77
223.52	37681.77
223.57	37734.15
223.63	37794.91
223.68	37845.43
223.73	37930.98
223.78	37998.15
223.83	38072.05
223.89	38132.37
223.94	38206.00
223.99	38260.48
224.04	38335.00
224.09	38399.97
224.15	38486.86
224.20	38563.45
224.25	38651.46
224.30	38734.77
224.35	38824.63
224.41	38919.95
224.46	39018.94
224.51	39100.89
224.56	39183.75
224.61	39263.99
224.67	39340.24
224.72	39409.55
224.77	39507.32
224.82	39600.52
224.87	39683.25
224.93	39761.29
224.98	39854.79
225.03	39938.24
225.08	40009.19
225.13	40093.16
225.19	40174.04
225.24	40257.39
225.29	40327.59
225.34	40412.74
225.39	40487.87
225.45	40570.46
225.50	40640.12
225.55	40715.24
225.60	40779.31
225.65	40859.74
225.71	40926.84
225.76	40987.82
225.81	41035.36
225.86	41089.87
225.91	41122.34
225.97	41146.23
226.02	41159.19
226.07	41148.54
226.12	41156.22
226.17	41198.25
226.22	41284.63
226.28	41427.16
226.33	41622.18
226.38	41804.49
226.43	41955.43
226.48	42066.83
226.54	42136.51
226.59	42197.17
226.64	42235.58
226.69	42267.10
226.74	42310.55
226.80	42377.67
226.85	42448.48
226.90	42546.55
226.95	42678.69
227.00	42813.32
227.05	42935.45
227.11	43054.31
227.16	43163.39
227.21	43245.39
227.26	43337.59
227.31	43421.47
227.37	43476.89
227.42	43547.99
227.47	43627.41
227.52	43693.74
227.57	43745.15
227.62	43831.59
227.68	43902.63
227.73	43985.04
227.78	44059.60
227.83	44153.54
227.88	44223.87
227.93	44298.50
227.99	44371.27
228.04	44447.97
228.09	44521.47
228.14	44597.37
228.19	44670.94
228.24	44741.94
228.30	44806.03
228.35	44879.24
228.40	44948.37
228.45	45004.86
228.50	45064.92
228.56	45135.15
228.61	45188.86
228.66	45244.95
228.71	45309.72
228.76	45352.36
228.81	45398.40
228.87	45439.89
228.92	45500.23
228.97	45558.10
229.02	45657.31
229.07	45729.69
229.12	45825.19
229.17	45900.14
229.23	45981.40
229.28	46050.30
229.33	46133.94
229.38	46203.36
229.43	46278.53
229.48	46354.07
229.54	46411.79
229.59	46483.44
229.64	46556.68
229.69	46634.65
229.74	46717.07
229.79	46796.61
229.85	46864.82
229.90	46941.29
229.95	47006.11
230.00	47061.55
230.05	47139.83
230.10	47211.27
230.16	47271.28
230.21	47333.86
230.26	47391.79
230.31	47424.24
230.36	47481.97
230.41	47543.70
230.46	47627.67
230.52	47720.96
230.57	47812.16
230.62	47898.49
230.67	47967.62
230.72	48021.35
230.77	48060.59
230.82	48110.98
230.88	48144.98
230.93	48196.86
230.98	48237.15
231.03	48299.74
231.08	48354.78
231.13	48398.21
231.19	48452.14
231.24	48529.52
231.29	48603.48
231.34	48674.27
231.39	48763.84
231.44	48839.92
231.49	48881.34
231.55	48925.63
231.60	48970.07
231.65	49021.02
231.70	49063.62
231.75	49126.12
231.80	49172.40
231.85	49229.08
231.91	49261.11
231.96	49308.90
232.01	49368.59
232.06	49439.37
232.11	49508.50
232.16	49591.04
232.21	49673.31
232.26	49762.82
232.32	49842.24
232.37	49908.56
232.42	49980.68
232.47	50035.09
232.52	50074.66
232.57	50126.74
232.62	50193.50
232.68	50243.37
232.73	50317.12
232.78	50397.66
232.83	50467.17
232.88	50531.04
232.93	50607.74
232.98	50678.18
233.03	50723.67
233.09	50780.75
233.14	50853.25
233.19	50911.93
233.24	50959.87
233.29	51015.64
233.34	51046.00
233.39	51061.62
233.45	51092.23
233.50	51135.76
233.55	51188.54
233.60	51264.91
233.65	51327.40
233.70	51385.67
233.75	51434.99
233.80	51488.66
233.86	51534.77
233.91	51592.16
233.96	51637.71
234.01	51689.43
234.06	51740.81
234.11	51801.06
234.16	51857.24
234.21	51919.89
234.26	51970.22
234.32	52010.86
234.37	52047.24
234.42	52076.53
234.47	52098.14
234.52	52130.38
234.57	52168.32
234.62	52201.97
234.67	52249.75
234.73	52316.41
234.78	52374.83
234.83	52424.49
234.88	52475.01
234.93	52505.64
234.98	52540.44
235.03	52579.63
235.08	52639.39
235.13	52695.61
235.19	52772.56
235.24	52836.22
235.29	52901.05
235.34	52938.78
235.39	52973.59
235.44	53008.11
235.49	53049.79
235.54	53071.03
235.59	53094.61
235.65	53127.94
235.70	53161.70
235.75	53196.39
235.80	53250.08
235.85	53309.86
235.90	53359.42
235.95	53387.74
236.00	53408.36
236.05	53430.22
236.11	53451.52
236.16	53482.13
236.21	53530.92
236.26	53572.47
236.31	53604.88
236.36	53636.18
236.41	53649.27
236.46	53660.69
236.51	53678.51
236.56	53695.34
236.62	53714.21
236.67	53750.40
236.72	53790.52
236.77	53820.57
236.82	53867.49
236.87	53890.34
236.92	53909.84
236.97	53942.44
237.02	53990.33
237.07	54043.47
237.13	54118.41
237.18	54177.92
237.23	54220.17
237.28	54254.28
237.33	54284.01
237.38	54299.31
237.43	54324.89
237.48	54340.66
237.53	54361.28
237.58	54389.49
237.63	54441.00
237.69	54481.60
237.74	54534.16
237.79	54579.13
237.84	54594.86
237.89	54583.40
237.94	54590.15
237.99	54600.30
238.04	54612.25
238.09	54639.37
238.14	54676.44
238.19	54701.36
238.25	54723.44
238.30	54732.53
238.35	54730.92
238.40	54726.14
238.45	54728.91
238.50	54729.63
238.55	54728.99
238.60	54748.19
238.65	54773.85
238.70	54787.79
238.75	54805.24
238.80	54844.34
238.86	54859.57
238.91	54877.92
238.96	54918.82
239.01	54955.36
239.06	54980.68
239.11	55009.57
239.16	55036.39
239.21	55032.46
239.26	55017.63
239.31	55027.72
239.36	55042.99
239.41	55058.22
239.46	55082.96
239.52	55118.32
239.57	55136.08
239.62	55144.49
239.67	55168.85
239.72	55194.52
239.77	55215.72
239.82	55228.47
239.87	55243.75
239.92	55235.70
239.97	55226.95
240.02	55212.31
240.07	55199.58
240.12	55201.85
240.17	55207.43
240.23	55207.94
240.28	55218.79
240.33	55232.20
240.38	55224.10
240.43	55226.84
240.48	55241.65
240.53	55262.70
240.58	55282.47
240.63	55319.02
240.68	55332.80
240.73	55335.65
240.78	55327.36
240.83	55321.63
240.88	55301.93
240.93	55289.41
240.98	55286.34
241.04	55302.73
241.09	55327.17
241.14	55350.71
241.19	55397.92
241.24	55426.99
241.29	55432.42
241.34	55439.99
241.39	55453.56
241.44	55451.27
241.49	55456.72
241.54	55460.80
241.59	55456.24
241.64	55459.62
241.69	55455.87
241.74	55445.09
241.79	55439.52
241.84	55418.86
241.90	55391.43
241.95	55362.22
242.00	55340.73
242.05	55311.68
242.10	55307.62
242.15	55294.75
242.20	55296.39
242.25	55298.10
242.30	55297.51
242.35	55294.05
242.40	55291.64
242.45	55274.54
242.50	55263.59
242.55	55258.28
242.60	55246.66
242.65	55240.48
242.70	55261.30
242.75	55285.02
242.80	55318.65
242.85	55358.30
242.91	55381.10
242.96	55366.47
243.01	55345.02
243.06	55317.97
243.11	55277.43
243.16	55253.07
243.21	55256.82
243.26	55264.51
243.31	55278.42
243.36	55291.64
243.41	55304.21
243.46	55298.15
243.51	55278.56
243.56	55218.17
243.61	55165.29
243.66	55126.87
243.71	55092.35
243.76	55081.77
243.81	55105.97
243.86	55107.48
243.91	55106.00
243.96	55109.79
244.01	55081.00
244.06	55056.31
244.12	55056.67
244.17	55040.92
244.22	55034.01
244.27	55065.13
244.32	55086.85
244.37	55103.95
244.42	55114.30
244.47	55114.17
244.52	55090.45
244.57	55062.65
244.62	55029.61
244.67	55009.25
244.72	54981.65
244.77	54972.80
244.82	54996.88
244.87	55033.43
244.92	55051.14
244.97	55065.54
245.02	55062.87
245.07	55029.66
245.12	54994.27
245.17	54982.87
245.22	54985.73
245.27	54985.01
245.32	54952.10
245.37	54914.56
245.42	54871.59
245.47	54823.78
245.52	54777.14
245.57	54774.01
245.62	54761.03
245.67	54749.18
245.72	54734.30
245.77	54713.27
245.82	54690.09
245.87	54694.86
245.92	54703.04
245.98	54695.92
246.03	54706.41
246.08	54708.77
246.13	54697.29
246.18	54689.04
246.23	54685.85
246.28	54662.78
246.33	54646.40
246.38	54619.54
246.43	54588.34
246.48	54571.29
246.53	54577.12
246.58	54591.58
246.63	54598.82
246.68	54591.96
246.73	54580.75
246.78	54557.22
246.83	54510.63
246.88	54456.38
246.93	54414.35
246.98	54372.87
247.03	54337.46
247.08	54314.60
247.13	54302.14
247.18	54300.09
247.23	54315.26
247.28	54313.18
247.33	54296.64
247.38	54285.17
247.43	54263.55
247.48	54243.62
247.53	54215.94
247.58	54188.52
247.63	54157.68
247.68	54119.27
247.73	54062.57
247.78	54024.18
247.83	53994.85
247.88	53971.40
247.93	53961.60
247.98	53960.83
248.03	53966.96
248.08	53984.43
248.13	53989.36
248.18	53982.21
248.23	53974.31
248.28	53951.03
248.33	53907.93
248.38	53876.29
248.43	53848.29
248.48	53818.20
248.53	53794.13
248.58	53773.85
248.63	53762.30
248.68	53747.84
248.73	53723.52
248.78	53697.30
248.83	53653.70
248.88	53588.83
248.93	53515.94
248.98	53437.78
249.03	53386.96
249.08	53361.14
249.13	53354.00
249.18	53351.44
249.23	53374.83
249.28	53371.14
249.33	53367.02
249.38	53355.37
249.43	53337.92
249.48	53311.63
249.53	53296.94
249.58	53274.46
249.63	53252.50
249.68	53231.91
249.73	53208.94
249.78	53186.46
249.83	53179.29
249.88	53151.51
249.93	53138.20
249.98	53126.30
250.03	53116.57
250.08	53084.45
250.13	53076.90
250.18	53053.54
250.23	53013.40
250.28	52964.21
250.33	52914.47
250.37	52868.44
250.42	52832.84
250.47	52807.95
250.52	52792.75
250.57	52780.81
250.62	52743.63
250.67	52710.20
250.72	52686.99
250.77	52644.34
250.82	52619.55
250.87	52618.58
250.92	52609.64
250.97	52587.58
251.02	52584.39
251.07	52582.57
251.12	52560.79
251.17	52536.88
251.22	52511.68
251.27	52479.86
251.32	52424.28
251.37	52368.51
251.42	52316.89
251.47	52271.82
251.52	52236.23
251.57	52226.59
251.62	52222.45
251.67	52211.39
251.72	52191.59
251.77	52159.32
251.82	52113.04
251.87	52066.93
251.92	52020.47
251.97	51972.91
252.02	51930.52
252.07	51900.90
252.12	51882.17
252.16	51876.76
252.21	51878.75
252.26	51884.74
252.31	51884.18
252.36	51877.98
252.41	51860.93
252.46	51841.14
252.51	51814.82
252.56	51783.91
252.61	51758.32
252.66	51721.43
252.71	51692.07
252.76	51659.66
252.81	51622.41
252.86	51564.59
252.91	51519.98
252.96	51448.13
253.01	51376.93
253.06	51312.84
253.11	51270.26
253.16	51232.21
253.21	51189.44
253.26	51156.98
253.31	51127.25
253.36	51099.99
253.40	51069.85
253.45	51066.44
253.50	51027.22
253.55	50989.95
253.60	50939.05
253.65	50894.64
253.70	50850.31
253.75	50838.75
253.80	50818.55
253.85	50819.18
253.90	50829.18
253.95	50826.18
254.00	50820.17
254.05	50808.37
254.10	50767.02
254.15	50725.85
254.20	50699.79
254.25	50663.37
254.30	50632.14
254.35	50599.75
254.39	50529.99
254.44	50448.64
254.49	50370.59
254.54	50336.74
254.59	50301.65
254.64	50297.70
254.69	50299.67
254.74	50298.94
254.79	50263.97
254.84	50234.68
254.89	50202.54
254.94	50181.84
254.99	50167.24
255.04	50157.43
255.09	50149.30
255.14	50127.43
255.19	50113.15
255.23	50107.16
255.28	50082.54
255.33	50068.69
255.38	50070.47
255.43	50044.14
255.48	50008.38
255.53	49979.47
255.58	49953.85
255.63	49908.89
255.68	49871.41
255.73	49833.45
255.78	49805.36
255.83	49780.64
255.88	49763.78
255.93	49739.92
255.97	49715.77
256.02	49676.85
256.07	49624.34
256.12	49554.03
256.17	49493.19
256.22	49442.30
256.27	49397.54
256.32	49362.25
256.37	49339.49
256.42	49325.16
256.47	49299.76
256.52	49270.66
256.57	49235.53
256.62	49216.41
256.66	49202.79
256.71	49174.26
256.76	49145.29
256.81	49097.08
256.86	49048.68
256.91	48993.42
256.96	48948.79
257.01	48905.43
257.06	48883.53
257.11	48852.92
257.16	48804.92
257.21	48764.22
257.26	48725.49
257.30	48688.32
257.35	48641.49
257.40	48617.50
257.45	48605.15
257.50	48582.41
257.55	48550.65
257.60	48538.66
257.65	48523.00
257.70	48483.26
257.75	48447.72
257.80	48421.44
257.85	48376.08
257.89	48322.66
257.94	48264.46
257.99	48207.94
258.04	48151.69
258.09	48115.79
258.14	48084.28
258.19	48070.56
258.24	48046.38
258.29	48003.49
258.34	47961.52
258.39	47927.75
258.44	47875.15
258.48	47830.35
258.53	47804.93
258.58	47765.77
258.63	47704.91
258.68	47656.68
258.73	47614.17
258.78	47571.81
258.83	47528.90
258.88	47495.22
258.93	47460.97
258.97	47437.73
259.02	47406.26
259.07	47381.73
259.12	47362.14
259.17	47346.36
259.22	47319.73
259.27	47299.25
259.32	47277.21
259.37	47237.27
259.42	47201.16
259.47	47164.19
259.51	47115.59
259.56	47053.86
259.61	46986.07
259.66	46910.19
259.71	46838.05
259.76	46772.92
259.81	46713.99
259.86	46676.69
259.91	46636.04
259.95	46598.69
260.00	46577.11
260.05	46562.74
260.10	46546.30
260.15	46538.73
260.20	46531.11
260.25	46521.88
260.30	46507.28
260.35	46479.79
260.40	46443.77
260.44	46413.64
260.49	46387.12
260.54	46356.60
260.59	46330.88
260.64	46327.21
260.69	46320.59
260.74	46284.31
260.79	46248.38
260.84	46203.42
260.88	46142.41
260.93	46068.89
260.98	46031.48
261.03	45987.23
261.08	45961.44
261.13	45924.45
261.18	45888.63
261.23	45827.78
261.28	45786.25
261.32	45742.61
261.37	45700.91
261.42	45667.46
261.47	45652.94
261.52	45605.75
261.57	45563.61
261.62	45518.10
261.67	45466.29
261.71	45393.85
261.76	45351.28
261.81	45293.91
261.86	45243.35
261.91	45190.05
261.96	45154.05
262.01	45111.79
262.06	45088.65
262.10	45079.19
262.15	45068.17
262.20	45046.39
262.25	45031.18
262.30	45011.99
262.35	44985.71
262.40	44964.75
262.45	44936.19
262.49	44912.03
262.54	44874.79
262.59	44840.69
262.64	44804.99
262.69	44767.73
262.74	44717.26
262.79	44667.06
262.84	44617.00
262.88	44564.44
262.93	44519.84
262.98	44481.78
263.03	44438.37
263.08	44387.49
263.13	44324.71
263.18	44263.65
263.23	44202.62
263.27	44158.74
263.32	44121.21
263.37	44101.25
263.42	44079.72
263.47	44049.96
263.52	44021.37
263.57	43986.19
263.61	43948.82
263.66	43914.70
263.71	43883.99
263.76	43846.51
263.81	43803.38
263.86	43778.24
263.91	43731.72
263.95	43669.74
264.00	43615.31
264.05	43574.72
264.10	43506.39
264.15	43444.71
264.20	43404.00
264.25	43361.89
264.29	43309.99
264.34	43257.41
264.39	43222.39
264.44	43172.02
264.49	43121.73
264.54	43084.65
264.59	43050.51
264.63	43001.57
264.68	42951.86
264.73	42903.64
264.78	42850.05
264.83	42793.03
264.88	42752.30
264.93	42730.66
264.97	42700.46
265.02	42672.92
265.07	42657.20
265.12	42618.19
265.17	42571.21
265.22	42529.98
265.27	42470.72
265.31	42412.59
265.36	42355.85
265.41	42306.00
265.46	42242.24
265.51	42173.45
265.56	42112.32
265.60	42057.58
265.65	41988.14
265.70	41936.54
265.75	41888.23
265.80	41833.86
265.85	41772.99
265.90	41715.81
265.94	41652.76
265.99	41595.24
266.04	41541.74
266.09	41504.98
266.14	41473.87
266.19	41439.29
266.23	41415.64
266.28	41378.51
266.33	41338.53
266.38	41306.10
266.43	41290.87
266.48	41263.67
266.52	41234.60
266.57	41196.06
266.62	41156.74
266.67	41094.24
266.72	41041.27
266.77	41005.53
266.81	40983.58
266.86	40953.65
266.91	40929.23
266.96	40892.21
267.01	40859.70
267.06	40808.98
267.10	40763.82
267.15	40713.44
267.20	40686.45
267.25	40644.96
267.30	40613.40
267.35	40575.59
267.39	40542.61
267.44	40502.74
267.49	40455.20
267.54	40402.87
267.59	40346.77
267.64	40288.59
267.68	40227.01
267.73	40169.79
267.78	40129.84
267.83	40111.26
267.88	40105.13
267.93	40097.87
267.97	40086.03
268.02	40054.01
268.07	40005.51
268.12	39941.02
268.17	39876.11
268.21	39829.89
268.26	39774.14
268.31	39726.81
268.36	39687.64
268.41	39641.67
268.46	39591.85
268.50	39560.27
268.55	39512.50
268.60	39453.05
268.65	39393.83
268.70	39314.51
268.74	39243.16
268.79	39171.70
268.84	39126.26
268.89	39082.71
268.94	39052.68
268.99	39016.87
269.03	38980.19
269.08	38924.82
269.13	38856.96
269.18	38776.54
269.23	38679.31
269.27	38574.35
269.32	38441.82
269.37	38317.92
269.42	38184.41
269.47	38044.96
269.51	37904.78
269.56	37773.95
269.61	37637.66
269.66	37487.20
269.71	37333.00
269.76	37184.12
269.80	37033.07
269.85	36878.02
269.90	36746.08
269.95	36603.32
270.00	36445.16
270.04	36293.98
270.09	36150.37
270.14	36005.59
270.19	35874.04
270.24	35742.07
270.28	35591.23
270.33	35423.77
270.38	35242.84
270.43	35059.67
270.48	34884.23
270.52	34723.50
270.57	34564.60
270.62	34402.48
270.67	34250.21
270.72	34091.70
270.76	33917.46
270.81	33752.24
270.86	33583.57
270.91	33411.93
270.96	33244.63
271.00	33084.26
271.05	32927.97
271.10	32795.84
271.15	32659.81
271.20	32533.56
271.24	32405.05
271.29	32270.83
271.34	32120.90
271.39	31974.26
271.44	31825.90
271.48	31685.74
271.53	31541.44
271.58	31396.51
271.63	31249.02
271.67	31100.74
271.72	30957.19
271.77	30815.03
271.82	30676.45
271.87	30547.92
271.91	30389.44
271.96	30245.17
272.01	30096.78
272.06	29967.12
272.11	29833.60
272.15	29730.26
272.20	29621.37
272.25	29527.45
272.30	29423.40
272.35	29317.34
272.39	29208.95
272.44	29087.20
272.49	28953.20
272.54	28815.09
272.58	28668.72
272.63	28518.89
272.68	28371.84
272.73	28219.11
272.78	28047.81
272.82	27849.86
272.87	27627.38
272.92	27336.28
272.97	26804.09
273.01	23849.65
273.06	18909.48
273.11	13465.61
273.16	8124.31
273.21	3059.73
273.25	460.71
273.30	-88.32
273.35	-89.15
