165.32	3385.58
165.38	-248.87
165.44	597.01
165.50	-76.77
165.55	-17.12
165.61	6.31
165.67	35.25
165.72	44.82
165.78	50.54
165.84	49.13
165.89	45.93
165.95	44.17
166.01	43.59
166.06	44.79
166.12	47.40
166.18	45.45
166.23	47.30
166.29	46.41
166.35	43.45
166.40	42.03
166.46	48.90
166.52	51.40
166.57	52.54
166.63	53.17
166.69	56.22
166.74	50.46
166.80	50.69
166.86	52.42
166.91	53.22
166.97	47.40
167.03	49.55
167.08	44.24
167.14	43.29
167.20	41.27
167.25	53.41
167.31	53.49
167.37	59.21
167.42	60.80
167.48	66.90
167.54	61.52
167.59	61.10
167.65	56.74
167.71	56.61
167.76	55.00
167.82	50.62
167.88	50.59
167.93	58.17
167.99	57.26
168.05	59.52
168.10	67.38
168.16	66.71
168.21	64.42
168.27	68.98
168.33	71.24
168.38	64.20
168.44	69.19
168.50	68.12
168.55	66.65
168.61	67.18
168.67	68.78
168.72	65.81
168.78	65.76
168.84	61.43
168.89	60.13
168.95	61.40
169.01	60.78
169.06	60.23
169.12	59.69
169.18	57.15
169.23	56.56
169.29	60.73
169.34	65.38
169.40	67.96
169.46	72.76
169.51	74.88
169.57	70.68
169.63	66.24
169.68	71.24
169.74	68.03
169.80	73.62
169.85	74.83
169.91	79.12
169.97	75.03
170.02	74.71
170.08	73.83
170.13	74.14
170.19	73.64
170.25	75.66
170.30	79.49
170.36	71.42
170.42	73.33
170.47	74.65
170.53	75.53
170.59	72.88
170.64	76.28
170.70	74.70
170.76	72.10
170.81	73.97
170.87	72.93
170.92	73.91
170.98	76.88
171.04	79.34
171.09	75.39
171.15	83.16
171.21	83.63
171.26	80.74
171.32	78.00
171.37	81.45
171.43	76.08
171.49	81.47
171.54	84.62
171.60	86.17
171.66	88.14
171.71	88.64
171.77	85.95
171.83	91.97
171.88	91.49
171.94	90.88
171.99	94.99
172.05	93.98
172.11	94.16
172.16	102.42
172.22	102.78
172.28	102.73
172.33	100.74
172.39	98.32
172.44	94.93
172.50	99.96
172.56	99.68
172.61	108.24
172.67	107.44
172.72	107.34
172.78	102.57
172.84	97.85
172.89	91.20
172.95	91.12
173.01	92.04
173.06	90.54
173.12	96.31
173.17	97.34
173.23	96.46
173.29	96.82
173.34	98.77
173.40	92.80
173.46	93.13
173.51	96.11
173.57	96.08
173.62	90.26
173.68	97.18
173.74	96.12
173.79	97.63
173.85	94.77
173.90	97.86
173.96	94.16
174.02	91.88
174.07	83.47
174.13	82.96
174.18	84.92
174.24	78.78
174.30	79.01
174.35	84.30
174.41	80.97
174.47	75.45
174.52	76.31
174.58	74.96
174.63	70.64
174.69	69.90
174.75	71.45
174.80	82.26
174.86	79.78
174.91	80.75
174.97	80.74
175.03	78.07
175.08	66.44
175.14	73.53
175.19	69.50
175.25	70.50
175.31	75.60
175.36	76.54
175.42	72.87
175.47	77.70
175.53	77.75
175.59	73.88
175.64	76.17
175.70	75.03
175.75	70.57
175.81	69.21
175.87	70.70
175.92	66.57
175.98	67.68
176.03	67.41
176.09	67.46
176.15	67.00
176.20	67.92
176.26	67.80
176.31	71.44
176.37	69.24
176.42	70.41
176.48	74.11
176.54	71.70
176.59	68.63
176.65	71.47
176.70	72.87
176.76	71.67
176.82	69.79
176.87	66.81
176.93	66.68
176.98	65.46
177.04	61.01
177.10	66.16
177.15	67.98
177.21	68.77
177.26	67.27
177.32	70.82
177.37	72.71
177.43	76.18
177.49	72.89
177.54	70.57
177.60	71.03
177.65	71.15
177.71	65.58
177.77	68.19
177.82	69.97
177.88	73.53
177.93	69.04
177.99	75.64
178.04	71.20
178.10	71.72
178.16	65.70
178.21	66.43
178.27	63.73
178.32	68.01
178.38	66.82
178.43	68.67
178.49	68.35
178.55	67.41
178.60	66.23
178.66	65.65
178.71	66.50
178.77	64.77
178.82	65.67
178.88	65.44
178.94	65.82
178.99	67.29
179.05	71.56
179.10	68.01
179.16	70.97
179.21	73.25
179.27	71.86
179.33	67.38
179.38	70.85
179.44	68.83
179.49	69.28
179.55	66.95
179.60	67.43
179.66	66.57
179.72	69.64
179.77	66.82
179.83	66.19
179.88	68.04
179.94	69.30
179.99	65.14
180.05	65.31
180.11	66.11
180.16	68.37
180.22	70.98
180.27	75.28
180.33	76.69
180.38	80.84
180.44	76.46
180.49	75.56
180.55	73.48
180.61	76.76
180.66	71.34
180.72	69.74
180.77	68.27
180.83	67.80
180.88	64.80
180.94	64.64
180.99	68.06
181.05	68.34
181.11	69.67
181.16	70.67
181.22	72.17
181.27	74.45
181.33	72.24
181.38	68.92
181.44	70.23
181.49	74.97
181.55	75.51
181.61	82.36
181.66	85.56
181.72	82.62
181.77	79.45
181.83	76.87
181.88	81.57
181.94	82.68
181.99	87.69
182.05	88.16
182.11	89.19
182.16	79.74
182.22	77.47
182.27	72.95
182.33	75.05
182.38	74.31
182.44	78.82
182.49	80.94
182.55	83.28
182.60	83.07
182.66	86.28
182.72	89.10
182.77	91.56
182.83	94.44
182.88	97.59
182.94	98.85
182.99	95.83
183.05	94.20
183.10	96.54
183.16	95.23
183.21	96.40
183.27	103.47
183.32	106.82
183.38	108.15
183.44	113.91
183.49	117.08
183.55	116.93
183.60	121.94
183.66	126.58
183.71	133.86
183.77	139.44
183.82	146.33
183.88	154.77
183.93	164.21
183.99	175.65
184.04	190.63
184.10	201.33
184.15	211.85
184.21	223.55
184.27	224.98
184.32	225.99
184.38	224.95
184.43	222.82
184.49	210.28
184.54	197.33
184.60	192.53
184.65	182.78
184.71	175.57
184.76	177.58
184.82	193.69
184.87	206.86
184.93	228.99
184.98	252.95
185.04	280.19
185.09	301.48
185.15	324.11
185.20	352.90
185.26	384.51
185.31	410.38
185.37	435.18
185.43	453.91
185.48	471.24
185.54	491.87
185.59	515.78
185.65	539.33
185.70	577.37
185.76	619.60
185.81	652.02
185.87	687.24
185.92	730.05
185.98	763.45
186.03	780.33
186.09	785.44
186.14	764.33
186.20	716.27
186.25	640.07
186.31	563.14
186.36	502.53
186.42	475.98
186.47	486.18
186.53	531.01
186.58	596.46
186.64	667.15
186.69	737.72
186.75	795.68
186.80	852.03
186.86	908.39
186.91	965.01
186.97	1019.46
187.02	1090.76
187.08	1159.96
187.13	1219.78
187.19	1289.38
187.24	1361.18
187.30	1415.80
187.35	1474.95
187.41	1548.17
187.47	1616.48
187.52	1673.78
187.58	1734.52
187.63	1797.86
187.69	1861.91
187.74	1912.23
187.80	1959.48
187.85	2003.50
187.91	2028.08
187.96	2013.58
188.02	1951.54
188.07	1844.49
188.13	1686.25
188.18	1518.64
188.24	1394.31
188.29	1334.93
188.35	1341.31
188.40	1418.58
188.46	1540.44
188.51	1661.38
188.57	1785.50
188.62	1906.68
188.67	2018.19
188.73	2123.09
188.78	2226.03
188.84	2327.23
188.89	2428.87
188.95	2531.28
189.00	2620.43
189.06	2717.48
189.11	2808.00
189.17	2886.18
189.22	2960.35
189.28	3047.28
189.33	3119.70
189.39	3185.02
189.44	3253.68
189.50	3327.92
189.55	3397.68
189.61	3453.28
189.66	3511.13
189.72	3569.77
189.77	3617.57
189.83	3644.48
189.88	3655.66
189.94	3628.80
189.99	3552.52
190.05	3407.67
190.10	3198.14
190.16	2955.98
190.21	2743.87
190.27	2606.31
190.32	2572.76
190.38	2642.72
190.43	2800.29
190.49	2986.52
190.54	3156.62
190.60	3318.03
190.65	3464.78
190.71	3599.10
190.76	3728.54
190.81	3855.29
190.87	3972.67
190.92	4094.29
190.98	4199.31
191.03	4302.04
191.09	4411.97
191.14	4508.33
191.20	4595.68
191.25	4695.96
191.31	4790.93
191.36	4875.68
191.42	4960.09
191.47	5046.03
191.53	5127.75
191.58	5199.70
191.64	5259.92
191.69	5318.85
191.75	5357.95
191.80	5387.86
191.85	5405.66
191.91	5425.19
191.96	5445.32
192.02	5477.43
192.07	5491.99
192.13	5489.38
192.18	5443.82
192.24	5328.19
192.29	5135.04
192.35	4914.94
192.40	4732.63
192.46	4626.84
192.51	4623.07
192.57	4717.72
192.62	4889.99
192.67	5072.52
192.73	5248.50
192.78	5409.28
192.84	5557.04
192.89	5690.98
192.95	5819.46
193.00	5931.53
193.06	6039.88
193.11	6146.02
193.17	6236.09
193.22	6320.03
193.28	6410.60
193.33	6483.84
193.38	6550.92
193.44	6622.45
193.49	6694.99
193.55	6748.47
193.60	6808.63
193.66	6862.37
193.71	6907.33
193.77	6932.36
193.82	6958.46
193.88	6975.69
193.93	6999.83
193.98	7024.89
194.04	7064.12
194.09	7107.59
194.15	7158.27
194.20	7205.15
194.26	7246.04
194.31	7289.77
194.37	7317.90
194.42	7327.37
194.47	7317.85
194.53	7277.63
194.58	7192.26
194.64	7086.74
194.69	6990.24
194.75	6922.85
194.80	6907.87
194.86	6946.56
194.91	7035.36
194.97	7144.42
195.02	7254.61
195.07	7363.09
195.13	7468.43
195.18	7583.93
195.24	7690.99
195.29	7805.02
195.35	7909.89
195.40	8015.65
195.46	8099.62
195.51	8188.68
195.56	8263.62
195.62	8335.88
195.67	8395.35
195.73	8458.69
195.78	8509.73
195.84	8552.47
195.89	8586.79
195.94	8622.05
196.00	8649.93
196.05	8679.59
196.11	8723.13
196.16	8768.27
196.22	8822.44
196.27	8879.48
196.32	8932.73
196.38	8979.47
196.43	9031.41
196.49	9063.61
196.54	9099.88
196.60	9142.41
196.65	9182.78
196.71	9221.97
196.76	9274.03
196.81	9312.68
196.87	9346.62
196.92	9375.47
196.98	9395.68
197.03	9403.05
197.09	9399.60
197.14	9392.52
197.19	9392.55
197.25	9406.33
197.30	9431.41
197.36	9487.19
197.41	9550.71
197.47	9615.27
197.52	9675.32
197.57	9738.65
197.63	9786.69
197.68	9839.63
197.74	9892.17
197.79	9937.35
197.84	9983.33
197.90	10034.53
197.95	10076.89
198.01	10114.78
198.06	10160.20
198.12	10207.67
198.17	10245.74
198.22	10283.80
198.28	10325.95
198.33	10369.44
198.39	10411.13
198.44	10459.30
198.49	10509.80
198.55	10555.73
198.60	10601.18
198.66	10642.10
198.71	10689.72
198.77	10735.96
198.82	10785.76
198.87	10833.04
198.93	10877.12
198.98	10921.04
199.04	10962.61
199.09	11004.19
199.14	11043.28
199.20	11085.68
199.25	11127.27
199.31	11173.48
199.36	11216.63
199.42	11260.18
199.47	11305.94
199.52	11344.20
199.58	11377.41
199.63	11408.63
199.69	11438.28
199.74	11471.18
199.79	11496.45
199.85	11528.21
199.90	11565.13
199.96	11607.25
200.01	11653.07
200.06	11703.99
200.12	11753.09
200.17	11804.89
200.23	11856.42
200.28	11890.78
200.33	11944.03
200.39	11990.03
200.44	12031.03
200.50	12072.97
200.55	12117.64
200.60	12146.94
200.66	12186.48
200.71	12221.24
200.77	12256.80
200.82	12295.50
200.87	12338.11
200.93	12373.18
200.98	12413.78
201.04	12454.66
201.09	12499.71
201.14	12549.49
201.20	12599.49
201.25	12655.21
201.31	12711.18
201.36	12774.30
201.41	12828.73
201.47	12889.02
201.52	12939.37
201.58	12996.38
201.63	13040.00
201.68	13086.49
201.74	13133.60
201.79	13182.64
201.84	13237.01
201.90	13283.25
201.95	13336.77
202.01	13390.21
202.06	13447.54
202.11	13483.80
202.17	13539.33
202.22	13585.45
202.28	13626.00
202.33	13664.02
202.38	13704.80
202.44	13746.11
202.49	13790.41
202.54	13837.56
202.60	13884.72
202.65	13935.14
202.71	13981.87
202.76	14019.43
202.81	14059.29
202.87	14107.07
202.92	14153.53
202.98	14200.28
203.03	14253.26
203.08	14309.19
203.14	14363.39
203.19	14423.27
203.24	14484.02
203.30	14543.60
203.35	14591.17
203.41	14636.39
203.46	14679.45
203.51	14717.34
203.57	14754.19
203.62	14803.67
203.67	14854.98
203.73	14899.78
203.78	14948.80
203.84	15006.73
203.89	15052.93
203.94	15096.17
204.00	15147.47
204.05	15194.38
204.10	15232.59
204.16	15276.22
204.21	15324.14
204.27	15364.91
204.32	15407.53
204.37	15459.51
204.43	15511.55
204.48	15561.28
204.53	15611.22
204.59	15667.11
204.64	15720.43
204.69	15779.03
204.75	15834.16
204.80	15897.29
204.86	15953.71
204.91	16012.26
204.96	16067.66
205.02	16119.20
205.07	16172.86
205.12	16231.43
205.18	16287.56
205.23	16341.33
205.28	16406.18
205.34	16462.81
205.39	16521.23
205.45	16578.34
205.50	16637.49
205.55	16692.78
205.61	16751.69
205.66	16803.01
205.71	16866.38
205.77	16927.43
205.82	16987.50
205.87	17044.73
205.93	17101.76
205.98	17148.87
206.03	17186.70
206.09	17232.54
206.14	17279.12
206.20	17329.63
206.25	17382.87
206.30	17448.01
206.36	17501.59
206.41	17565.08
206.46	17617.88
206.52	17662.31
206.57	17708.42
206.62	17753.90
206.68	17793.68
206.73	17844.99
206.78	17909.08
206.84	17965.72
206.89	18029.81
206.94	18092.03
207.00	18160.73
207.05	18229.63
207.11	18297.81
207.16	18355.95
207.21	18420.32
207.27	18475.82
207.32	18519.61
207.37	18573.17
207.43	18624.91
207.48	18670.60
207.53	18718.99
207.59	18768.60
207.64	18822.22
207.69	18895.70
207.75	18964.64
207.80	19021.26
207.85	19085.88
207.91	19143.33
207.96	19189.38
208.01	19238.98
208.07	19303.24
208.12	19359.62
208.17	19410.08
208.23	19457.77
208.28	19515.07
208.33	19569.46
208.39	19632.33
208.44	19702.69
208.49	19770.98
208.55	19829.19
208.60	19883.75
208.65	19928.28
208.71	19973.20
208.76	20024.05
208.81	20074.96
208.87	20137.93
208.92	20199.27
208.97	20261.08
209.03	20325.87
209.08	20390.49
209.13	20447.05
209.19	20511.32
209.24	20568.69
209.29	20627.57
209.35	20682.71
209.40	20745.03
209.45	20807.14
209.51	20874.78
209.56	20937.08
209.61	21003.60
209.67	21068.15
209.72	21133.61
209.77	21197.64
209.83	21259.59
209.88	21330.88
209.93	21396.14
209.99	21454.90
210.04	21520.40
210.09	21589.46
210.15	21649.25
210.20	21706.54
210.25	21772.02
210.31	21835.03
210.36	21882.12
210.41	21935.67
210.46	21997.95
210.52	22048.67
210.57	22093.31
210.62	22157.40
210.68	22218.34
210.73	22261.98
210.78	22325.63
210.84	22386.78
210.89	22450.21
210.94	22508.83
211.00	22576.44
211.05	22628.05
211.10	22690.79
211.16	22749.64
211.21	22815.41
211.26	22880.52
211.32	22953.23
211.37	23023.33
211.42	23087.94
211.47	23153.47
211.53	23222.18
211.58	23282.55
211.63	23340.21
211.69	23396.34
211.74	23448.85
211.79	23495.59
211.85	23554.45
211.90	23612.96
211.95	23675.85
212.01	23741.32
212.06	23819.98
212.11	23894.27
212.16	23970.24
212.22	24042.32
212.27	24108.21
212.32	24165.31
212.38	24231.64
212.43	24292.35
212.48	24355.97
212.54	24424.93
212.59	24502.07
212.64	24559.63
212.69	24622.73
212.75	24690.17
212.80	24756.00
212.85	24812.28
212.91	24869.43
212.96	24930.41
213.01	24987.32
213.07	25041.63
213.12	25109.19
213.17	25181.53
213.22	25251.04
213.28	25313.48
213.33	25366.42
213.38	25421.47
213.44	25475.80
213.49	25536.16
213.54	25613.93
213.60	25704.71
213.65	25780.98
213.70	25861.93
213.75	25933.28
213.81	25989.34
213.86	26048.13
213.91	26104.92
213.97	26157.27
214.02	26203.99
214.07	26259.87
214.12	26311.73
214.18	26373.69
214.23	26439.36
214.28	26510.93
214.34	26581.64
214.39	26655.93
214.44	26723.18
214.49	26783.89
214.55	26843.37
214.60	26902.86
214.65	26959.78
214.71	27011.44
214.76	27072.13
214.81	27139.38
214.86	27216.32
214.92	27279.05
214.97	27344.97
215.02	27405.86
215.08	27467.91
215.13	27528.89
215.18	27600.07
215.23	27677.33
215.29	27756.54
215.34	27834.42
215.39	27906.17
215.45	27987.66
215.50	28055.37
215.55	28124.71
215.60	28184.40
215.66	28231.56
215.71	28281.20
215.76	28344.34
215.81	28392.13
215.87	28449.16
215.92	28508.04
215.97	28561.87
216.03	28620.56
216.08	28681.86
216.13	28743.07
216.18	28808.93
216.24	28872.03
216.29	28923.74
216.34	28980.97
216.39	29042.12
216.45	29098.75
216.50	29151.86
216.55	29205.52
216.61	29277.82
216.66	29332.46
216.71	29397.86
216.76	29457.55
216.82	29538.04
216.87	29602.23
216.92	29678.80
216.97	29748.11
217.03	29827.23
217.08	29896.17
217.13	29972.12
217.18	30037.28
217.24	30104.42
217.29	30171.31
217.34	30224.56
217.39	30263.95
217.45	30316.93
217.50	30370.46
217.55	30428.41
217.61	30489.96
217.66	30564.30
217.71	30632.37
217.76	30703.00
217.82	30781.27
217.87	30859.54
217.92	30935.14
217.97	31005.22
218.03	31072.11
218.08	31118.66
218.13	31160.76
218.18	31202.59
218.24	31268.83
218.29	31322.23
218.34	31379.70
218.39	31450.70
218.45	31523.71
218.50	31578.27
218.55	31647.83
218.60	31714.25
218.66	31766.52
218.71	31829.15
218.76	31892.93
218.81	31950.02
218.87	32015.82
218.92	32089.79
218.97	32153.57
219.02	32219.83
219.08	32288.70
219.13	32354.01
219.18	32417.60
219.23	32481.17
219.29	32544.74
219.34	32604.61
219.39	32676.41
219.44	32738.42
219.50	32803.82
219.55	32864.68
219.60	32930.26
219.65	32989.94
219.71	33057.67
219.76	33107.76
219.81	33166.53
219.86	33227.31
219.92	33272.40
219.97	33320.28
220.02	33382.04
220.07	33436.58
220.13	33493.14
220.18	33566.25
220.23	33638.87
220.28	33720.65
220.33	33798.30
220.39	33865.21
220.44	33922.30
220.49	33979.63
220.54	34022.98
220.60	34073.18
220.65	34132.23
220.70	34195.01
220.75	34261.63
220.81	34339.93
220.86	34408.51
220.91	34474.20
220.96	34544.60
221.02	34618.47
221.07	34682.36
221.12	34749.84
221.17	34806.43
221.22	34867.48
221.28	34919.22
221.33	34977.10
221.38	35027.52
221.43	35098.03
221.49	35158.63
221.54	35228.15
221.59	35294.09
221.64	35379.82
221.69	35472.87
221.75	35571.22
221.80	35664.90
221.85	35741.15
221.90	35811.92
221.96	35863.03
222.01	35903.10
222.06	35935.63
222.11	35986.34
222.17	36028.08
222.22	36061.17
222.27	36110.71
222.32	36164.27
222.37	36213.53
222.43	36283.15
222.48	36350.08
222.53	36413.12
222.58	36485.39
222.63	36563.18
222.69	36621.26
222.74	36699.06
222.79	36765.84
222.84	36819.48
222.90	36861.59
222.95	36909.06
223.00	36952.97
223.05	37004.75
223.10	37062.55
223.16	37127.25
223.21	37182.97
223.26	37226.31
223.31	37267.96
223.36	37305.43
223.42	37342.78
223.47	37377.45
223.52	37420.47
223.57	37462.88
223.63	37514.64
223.68	37561.62
223.73	37635.33
223.78	37709.56
223.83	37778.80
223.89	37838.86
223.94	37908.09
223.99	37972.71
224.04	38041.92
224.09	38113.68
224.15	38205.62
224.20	38292.71
224.25	38376.22
224.30	38460.02
224.35	38556.28
224.41	38647.57
224.46	38745.50
224.51	38825.44
224.56	38907.98
224.61	38985.55
224.67	39056.30
224.72	39118.42
224.77	39215.71
224.82	39312.40
224.87	39398.32
224.93	39480.16
224.98	39577.70
225.03	39656.46
225.08	39734.99
225.13	39819.19
225.19	39915.68
225.24	39999.56
225.29	40083.36
225.34	40169.78
225.39	40260.54
225.45	40346.70
225.50	40434.43
225.55	40521.77
225.60	40613.86
225.65	40707.43
225.71	40802.29
225.76	40894.44
225.81	40986.89
225.86	41081.82
225.91	41174.90
225.97	41267.90
226.02	41366.68
226.07	41448.79
226.12	41522.47
226.17	41579.36
226.22	41641.92
226.28	41707.90
226.33	41783.54
226.38	41847.08
226.43	41930.34
226.48	41991.67
226.54	42043.89
226.59	42122.67
226.64	42204.20
226.69	42273.63
226.74	42347.70
226.80	42420.30
226.85	42468.30
226.90	42515.65
226.95	42571.65
227.00	42632.68
227.05	42709.79
227.11	42790.86
227.16	42878.22
227.21	42962.65
227.26	43047.83
227.31	43122.86
227.37	43180.07
227.42	43249.17
227.47	43329.96
227.52	43398.62
227.57	43454.26
227.62	43541.37
227.68	43620.11
227.73	43694.48
227.78	43770.33
227.83	43854.08
227.88	43918.78
227.93	43992.44
227.99	44067.62
228.04	44142.43
228.09	44224.83
228.14	44305.58
228.19	44378.87
228.24	44438.02
228.30	44508.40
228.35	44569.87
228.40	44635.49
228.45	44685.74
228.50	44757.83
228.56	44824.44
228.61	44888.97
228.66	44949.61
228.71	45008.85
228.76	45056.38
228.81	45105.70
228.87	45153.17
228.92	45215.17
228.97	45277.30
229.02	45358.96
229.07	45431.01
229.12	45520.17
229.17	45588.19
229.23	45671.40
229.28	45743.83
229.33	45825.27
229.38	45886.26
229.43	45969.62
229.48	46049.61
229.54	46117.10
229.59	46173.41
229.64	46256.77
229.69	46327.70
229.74	46414.86
229.79	46487.30
229.85	46573.40
229.90	46638.38
229.95	46701.04
230.00	46753.81
230.05	46829.46
230.10	46894.93
230.16	46968.36
230.21	47028.33
230.26	47086.72
230.31	47126.69
230.36	47184.76
230.41	47239.60
230.46	47329.61
230.52	47415.67
230.57	47502.98
230.62	47586.19
230.67	47656.58
230.72	47706.97
230.77	47754.93
230.82	47801.41
230.88	47826.07
230.93	47870.05
230.98	47913.92
231.03	47959.03
231.08	48016.92
231.13	48077.42
231.19	48151.20
231.24	48225.14
231.29	48303.79
231.34	48371.93
231.39	48449.82
231.44	48506.39
231.49	48555.47
231.55	48605.61
231.60	48648.62
231.65	48703.84
231.70	48753.11
231.75	48808.06
231.80	48852.83
231.85	48909.75
231.91	48950.92
231.96	48999.93
232.01	49057.94
232.06	49123.82
232.11	49185.29
232.16	49264.26
232.21	49354.92
232.26	49442.70
232.32	49528.47
232.37	49610.49
232.42	49675.50
232.47	49723.50
232.52	49761.36
232.57	49803.44
232.62	49859.83
232.68	49925.87
232.73	50004.50
232.78	50076.31
232.83	50151.57
232.88	50221.46
232.93	50289.18
232.98	50347.77
233.03	50412.50
233.09	50475.53
233.14	50543.82
233.19	50606.63
233.24	50654.67
233.29	50703.04
233.34	50738.26
233.39	50757.44
233.45	50775.07
233.50	50815.75
233.55	50864.41
233.60	50928.86
233.65	50992.69
233.70	51060.26
233.75	51109.01
233.80	51157.61
233.86	51212.14
233.91	51256.70
233.96	51305.78
234.01	51367.89
234.06	51423.25
234.11	51470.16
234.16	51532.97
234.21	51588.45
234.26	51629.13
234.32	51675.62
234.37	51707.30
234.42	51743.29
234.47	51763.32
234.52	51800.06
234.57	51838.21
234.62	51888.71
234.67	51938.95
234.73	51994.47
234.78	52051.66
234.83	52103.98
234.88	52151.47
234.93	52185.82
234.98	52236.24
235.03	52275.58
235.08	52327.24
235.13	52375.28
235.19	52445.62
235.24	52502.17
235.29	52570.08
235.34	52616.64
235.39	52658.15
235.44	52694.82
235.49	52737.27
235.54	52760.72
235.59	52786.69
235.65	52820.73
235.70	52852.40
235.75	52890.58
235.80	52943.87
235.85	52991.87
235.90	53042.12
235.95	53067.22
236.00	53092.12
236.05	53119.71
236.11	53152.36
236.16	53180.84
236.21	53235.50
236.26	53277.14
236.31	53292.67
236.36	53315.80
236.41	53326.20
236.46	53322.43
236.51	53336.20
236.56	53366.80
236.62	53388.19
236.67	53428.78
236.72	53481.52
236.77	53511.45
236.82	53555.48
236.87	53583.46
236.92	53603.93
236.97	53644.30
237.02	53690.58
237.07	53741.74
237.13	53811.20
237.18	53868.89
237.23	53906.19
237.28	53950.97
237.33	53981.95
237.38	54000.47
237.43	54030.02
237.48	54042.52
237.53	54061.16
237.58	54089.28
237.63	54136.36
237.69	54177.48
237.74	54223.19
237.79	54262.67
237.84	54268.59
237.89	54266.43
237.94	54266.42
237.99	54280.64
238.04	54300.43
238.09	54330.17
238.14	54358.52
238.19	54384.91
238.25	54414.06
238.30	54404.08
238.35	54408.22
238.40	54408.89
238.45	54421.14
238.50	54424.70
238.55	54439.41
238.60	54465.28
238.65	54485.23
238.70	54498.91
238.75	54505.23
238.80	54535.53
238.86	54545.63
238.91	54571.80
238.96	54594.94
239.01	54637.21
239.06	54662.85
239.11	54690.83
239.16	54708.73
239.21	54711.44
239.26	54698.14
239.31	54714.92
239.36	54721.83
239.41	54744.40
239.46	54775.88
239.52	54808.09
239.57	54821.55
239.62	54841.92
239.67	54861.11
239.72	54891.92
239.77	54906.88
239.82	54926.17
239.87	54940.84
239.92	54938.47
239.97	54923.91
240.02	54915.67
240.07	54901.32
240.12	54899.78
240.17	54914.72
240.23	54917.75
240.28	54924.25
240.33	54942.39
240.38	54936.06
240.43	54934.85
240.48	54950.78
240.53	54975.16
240.58	54984.84
240.63	55019.23
240.68	55027.39
240.73	55026.99
240.78	55024.83
240.83	55019.05
240.88	54998.37
240.93	54990.81
240.98	54983.79
241.04	54994.52
241.09	55018.53
241.14	55039.98
241.19	55083.30
241.24	55123.33
241.29	55142.33
241.34	55154.58
241.39	55178.31
241.44	55181.86
241.49	55180.51
241.54	55172.12
241.59	55163.36
241.64	55158.38
241.69	55145.25
241.74	55138.98
241.79	55132.19
241.84	55133.02
241.90	55111.90
241.95	55084.42
242.00	55057.63
242.05	55030.68
242.10	55017.37
242.15	55010.63
242.20	55007.41
242.25	55008.54
242.30	55008.06
242.35	54991.67
242.40	54982.58
242.45	54971.06
242.50	54962.20
242.55	54964.79
242.60	54963.01
242.65	54963.92
242.70	54982.31
242.75	55004.16
242.80	55044.66
242.85	55080.98
242.91	55091.99
242.96	55079.14
243.01	55061.14
243.06	55029.53
243.11	54997.33
243.16	54981.40
243.21	54986.90
243.26	54991.72
243.31	54998.46
243.36	55008.08
243.41	55017.59
243.46	55009.75
243.51	54985.01
243.56	54935.11
243.61	54876.97
243.66	54842.89
243.71	54816.03
243.76	54814.14
243.81	54833.30
243.86	54842.84
243.91	54854.69
243.96	54854.57
244.01	54827.36
244.06	54800.66
244.12	54796.73
244.17	54761.48
244.22	54758.24
244.27	54789.04
244.32	54813.34
244.37	54832.88
244.42	54853.23
244.47	54844.38
244.52	54822.66
244.57	54786.61
244.62	54754.67
244.67	54731.97
244.72	54716.69
244.77	54704.17
244.82	54721.95
244.87	54748.64
244.92	54769.60
244.97	54781.28
245.02	54779.47
245.07	54760.54
245.12	54741.84
245.17	54725.88
245.22	54719.62
245.27	54717.49
245.32	54689.13
245.37	54647.32
245.42	54601.06
245.47	54559.03
245.52	54517.48
245.57	54500.82
245.62	54487.94
245.67	54476.14
245.72	54467.84
245.77	54443.74
245.82	54430.61
245.87	54427.98
245.92	54441.17
245.98	54436.08
246.03	54441.66
246.08	54451.17
246.13	54451.52
246.18	54448.59
246.23	54442.43
246.28	54430.16
246.33	54411.39
246.38	54375.47
246.43	54336.29
246.48	54314.67
246.53	54314.83
246.58	54321.78
246.63	54330.04
246.68	54331.01
246.73	54316.05
246.78	54296.36
246.83	54241.76
246.88	54188.31
246.93	54138.91
246.98	54100.46
247.03	54064.20
247.08	54053.49
247.13	54049.90
247.18	54046.18
247.23	54063.50
247.28	54065.21
247.33	54044.07
247.38	54027.21
247.43	54006.22
247.48	53982.81
247.53	53958.70
247.58	53935.28
247.63	53910.29
247.68	53878.16
247.73	53829.73
247.78	53787.25
247.83	53759.26
247.88	53729.03
247.93	53724.58
247.98	53723.29
248.03	53729.52
248.08	53748.37
248.13	53750.27
248.18	53735.63
248.23	53723.31
248.28	53694.34
248.33	53653.15
248.38	53624.14
248.43	53594.04
248.48	53573.60
248.53	53561.01
248.58	53538.97
248.63	53531.89
248.68	53514.43
248.73	53484.05
248.78	53455.28
248.83	53418.10
248.88	53347.53
248.93	53280.47
248.98	53206.22
249.03	53157.61
249.08	53124.13
249.13	53115.07
249.18	53114.02
249.23	53134.41
249.28	53134.18
249.33	53126.85
249.38	53120.10
249.43	53101.21
249.48	53078.93
249.53	53061.14
249.58	53050.07
249.63	53031.13
249.68	53021.87
249.73	53004.32
249.78	52979.93
249.83	52963.69
249.88	52930.92
249.93	52906.25
249.98	52890.01
250.03	52877.67
250.08	52854.98
250.13	52854.30
250.18	52838.43
250.23	52798.66
250.28	52755.03
250.33	52705.23
250.37	52661.04
250.42	52621.82
250.47	52593.10
250.52	52581.80
250.57	52556.37
250.62	52528.35
250.67	52495.26
250.72	52477.41
250.77	52423.62
250.82	52411.00
250.87	52401.34
250.92	52397.74
250.97	52375.21
251.02	52377.12
251.07	52382.23
251.12	52357.91
251.17	52332.59
251.22	52308.80
251.27	52270.85
251.32	52209.81
251.37	52161.07
251.42	52101.14
251.47	52055.90
251.52	52028.48
251.57	52007.63
251.62	51998.93
251.67	51991.20
251.72	51970.08
251.77	51940.04
251.82	51905.31
251.87	51861.06
251.92	51821.31
251.97	51772.48
252.02	51726.41
252.07	51692.57
252.12	51680.87
252.16	51670.63
252.21	51666.06
252.26	51671.92
252.31	51667.99
252.36	51653.74
252.41	51639.68
252.46	51620.67
252.51	51595.81
252.56	51568.13
252.61	51536.55
252.66	51505.89
252.71	51479.83
252.76	51449.93
252.81	51413.44
252.86	51362.90
252.91	51315.84
252.96	51250.18
253.01	51178.26
253.06	51114.81
253.11	51069.21
253.16	51020.53
253.21	50978.40
253.26	50938.31
253.31	50913.78
253.36	50885.08
253.40	50868.43
253.45	50863.48
253.50	50827.37
253.55	50784.58
253.60	50739.77
253.65	50687.70
253.70	50657.72
253.75	50651.37
253.80	50634.60
253.85	50637.59
253.90	50646.93
253.95	50628.43
254.00	50625.60
254.05	50616.42
254.10	50577.70
254.15	50537.38
254.20	50512.22
254.25	50474.14
254.30	50440.89
254.35	50397.52
254.39	50331.26
254.44	50248.52
254.49	50174.25
254.54	50133.28
254.59	50105.89
254.64	50104.32
254.69	50104.33
254.74	50101.73
254.79	50074.43
254.84	50038.16
254.89	50015.73
254.94	50000.88
254.99	49993.28
255.04	49979.60
255.09	49974.59
255.14	49948.91
255.19	49935.72
255.23	49928.47
255.28	49911.61
255.33	49902.56
255.38	49893.35
255.43	49868.86
255.48	49832.65
255.53	49792.10
255.58	49762.34
255.63	49726.92
255.68	49685.57
255.73	49642.18
255.78	49616.93
255.83	49583.87
255.88	49563.14
255.93	49539.30
255.97	49514.53
256.02	49487.03
256.07	49448.71
256.12	49377.76
256.17	49322.64
256.22	49272.44
256.27	49219.06
256.32	49173.68
256.37	49152.23
256.42	49138.58
256.47	49115.55
256.52	49090.29
256.57	49067.40
256.62	49052.11
256.66	49038.05
256.71	49003.88
256.76	48961.84
256.81	48914.25
256.86	48858.47
256.91	48801.77
256.96	48762.08
257.01	48733.17
257.06	48713.09
257.11	48686.59
257.16	48638.65
257.21	48600.71
257.26	48565.21
257.30	48523.19
257.35	48481.75
257.40	48460.48
257.45	48444.35
257.50	48416.56
257.55	48389.17
257.60	48369.43
257.65	48339.11
257.70	48296.58
257.75	48259.63
257.80	48229.42
257.85	48194.40
257.89	48159.12
257.94	48108.84
257.99	48053.26
258.04	47995.47
258.09	47948.88
258.14	47906.43
258.19	47885.71
258.24	47871.38
258.29	47834.94
258.34	47800.43
258.39	47773.71
258.44	47722.87
258.48	47666.49
258.53	47634.32
258.58	47587.78
258.63	47529.26
258.68	47481.11
258.73	47448.08
258.78	47397.72
258.83	47364.35
258.88	47328.56
258.93	47309.95
258.97	47280.91
259.02	47260.76
259.07	47235.93
259.12	47221.10
259.17	47191.39
259.22	47170.13
259.27	47142.68
259.32	47123.83
259.37	47075.30
259.42	47038.04
259.47	46991.35
259.51	46942.51
259.56	46871.58
259.61	46807.95
259.66	46733.98
259.71	46665.14
259.76	46607.62
259.81	46555.81
259.86	46522.15
259.91	46487.19
259.95	46459.24
260.00	46434.95
260.05	46415.64
260.10	46396.08
260.15	46383.02
260.20	46372.62
260.25	46367.27
260.30	46365.58
260.35	46335.12
260.40	46306.77
260.44	46283.02
260.49	46255.56
260.54	46206.03
260.59	46186.25
260.64	46173.29
260.69	46157.77
260.74	46121.14
260.79	46086.82
260.84	46039.26
260.88	45984.30
260.93	45913.14
260.98	45875.28
261.03	45835.82
261.08	45810.75
261.13	45775.89
261.18	45733.54
261.23	45679.58
261.28	45642.75
261.32	45595.93
261.37	45550.24
261.42	45520.29
261.47	45499.00
261.52	45450.90
261.57	45409.14
261.62	45366.09
261.67	45314.44
261.71	45240.03
261.76	45197.77
261.81	45142.95
261.86	45095.54
261.91	45052.75
261.96	45014.01
262.01	44966.90
262.06	44947.95
262.10	44935.98
262.15	44913.91
262.20	44902.85
262.25	44885.68
262.30	44861.20
262.35	44832.03
262.40	44814.23
262.45	44789.78
262.49	44762.40
262.54	44731.05
262.59	44693.03
262.64	44656.53
262.69	44610.79
262.74	44572.06
262.79	44511.61
262.84	44467.66
262.88	44424.97
262.93	44379.04
262.98	44336.43
263.03	44304.19
263.08	44254.46
263.13	44179.97
263.18	44115.53
263.23	44044.56
263.27	43997.22
263.32	43962.19
263.37	43944.10
263.42	43931.95
263.47	43913.73
263.52	43885.33
263.57	43849.87
263.61	43811.47
263.66	43766.41
263.71	43738.59
263.76	43706.56
263.81	43660.78
263.86	43626.07
263.91	43585.96
263.95	43520.31
264.00	43457.78
264.05	43411.97
264.10	43353.01
264.15	43289.86
264.20	43249.79
264.25	43210.44
264.29	43167.08
264.34	43114.44
264.39	43082.87
264.44	43032.79
264.49	42988.78
264.54	42943.82
264.59	42909.28
264.63	42873.84
264.68	42824.15
264.73	42769.33
264.78	42719.13
264.83	42662.49
264.88	42609.18
264.93	42586.34
264.97	42560.62
265.02	42532.96
265.07	42517.33
265.12	42475.60
265.17	42429.36
265.22	42386.95
265.27	42335.11
265.31	42276.52
265.36	42219.04
265.41	42164.42
265.46	42097.33
265.51	42032.05
265.56	41980.68
265.60	41929.88
265.65	41868.57
265.70	41814.84
265.75	41759.24
265.80	41705.04
265.85	41643.58
265.90	41581.67
265.94	41524.98
265.99	41467.88
266.04	41409.15
266.09	41375.39
266.14	41348.43
266.19	41308.53
266.23	41279.35
266.28	41238.96
266.33	41200.58
266.38	41169.11
266.43	41151.82
266.48	41131.32
266.52	41106.47
266.57	41065.83
266.62	41029.80
266.67	40979.13
266.72	40927.01
266.77	40898.89
266.81	40879.52
266.86	40845.68
266.91	40817.37
266.96	40787.52
267.01	40746.60
267.06	40691.49
267.10	40639.32
267.15	40587.51
267.20	40550.85
267.25	40514.55
267.30	40474.87
267.35	40446.76
267.39	40412.74
267.44	40367.49
267.49	40318.64
267.54	40277.93
267.59	40226.39
267.64	40171.97
267.68	40113.51
267.73	40060.18
267.78	40016.71
267.83	39986.67
267.88	39978.36
267.93	39970.29
267.97	39955.49
268.02	39920.51
268.07	39874.93
268.12	39811.53
268.17	39749.56
268.21	39699.14
268.26	39653.33
268.31	39608.23
268.36	39561.40
268.41	39514.28
268.46	39470.90
268.50	39430.77
268.55	39381.76
268.60	39325.15
268.65	39268.67
268.70	39186.05
268.74	39121.09
268.79	39053.37
268.84	39003.72
268.89	38958.59
268.94	38926.28
268.99	38890.03
269.03	38853.92
269.08	38804.89
269.13	38735.89
269.18	38662.10
269.23	38567.99
269.27	38457.82
269.32	38339.26
269.37	38213.61
269.42	38076.65
269.47	37939.30
269.51	37798.11
269.56	37658.72
269.61	37521.60
269.66	37370.56
269.71	37212.25
269.76	37070.18
269.80	36915.90
269.85	36766.56
269.90	36629.35
269.95	36479.92
270.00	36323.68
270.04	36178.23
270.09	36033.28
270.14	35894.41
270.19	35759.24
270.24	35629.27
270.28	35478.14
270.33	35317.17
270.38	35130.13
270.43	34962.76
270.48	34785.46
270.52	34621.79
270.57	34455.26
270.62	34299.22
270.67	34139.05
270.72	33981.98
270.76	33807.41
270.81	33647.95
270.86	33479.83
270.91	33310.46
270.96	33141.19
271.00	32988.26
271.05	32829.56
271.10	32696.70
271.15	32563.53
271.20	32441.49
271.24	32309.84
271.29	32180.28
271.34	32032.05
271.39	31883.85
271.44	31726.64
271.48	31588.32
271.53	31436.56
271.58	31291.94
271.63	31147.09
271.67	31007.32
271.72	30858.13
271.77	30722.33
271.82	30589.73
271.87	30451.28
271.91	30292.93
271.96	30146.57
272.01	30005.39
272.06	29868.44
272.11	29747.50
272.15	29643.90
272.20	29542.29
272.25	29442.36
272.30	29345.47
272.35	29239.58
272.39	29137.04
272.44	29014.79
272.49	28879.47
272.54	28738.58
272.58	28587.88
272.63	28428.73
272.68	28278.18
272.73	28124.00
272.78	27950.40
272.82	27758.13
272.87	27537.87
272.92	27256.45
272.97	26734.64
273.01	23790.86
273.06	18861.97
273.11	13435.88
273.16	8104.08
273.21	3049.00
273.25	458.69
273.30	-89.02
273.35	-89.75
