165.32	3385.38
165.38	-249.51
165.44	596.90
165.50	-76.69
165.55	-16.57
165.61	7.56
165.67	36.96
165.72	46.41
165.78	52.07
165.84	50.46
165.89	47.27
165.95	45.48
166.01	45.19
166.06	47.22
166.12	49.89
166.18	47.94
166.23	50.25
166.29	49.24
166.35	45.60
166.40	44.96
166.46	51.48
166.52	53.78
166.57	55.12
166.63	55.98
166.69	58.45
166.74	52.33
166.80	52.95
166.86	54.55
166.91	55.42
166.97	49.44
167.03	52.21
167.08	46.36
167.14	45.69
167.20	43.72
167.25	56.22
167.31	56.63
167.37	61.79
167.42	63.96
167.48	69.81
167.54	64.33
167.59	63.45
167.65	59.01
167.71	58.14
167.76	56.48
167.82	52.08
167.88	52.26
167.93	60.47
167.99	59.57
168.05	62.33
168.10	69.79
168.16	68.83
168.21	66.79
168.27	71.35
168.33	73.20
168.38	66.35
168.44	71.28
168.50	70.03
168.55	68.70
168.61	68.96
168.67	70.83
168.72	67.80
168.78	67.52
168.84	63.09
168.89	61.76
168.95	62.52
169.01	62.16
169.06	62.10
169.12	61.54
169.18	59.57
169.23	59.69
169.29	64.00
169.34	68.43
169.40	70.76
169.46	75.18
169.51	77.16
169.57	72.68
169.63	68.00
169.68	73.18
169.74	69.70
169.80	75.35
169.85	76.26
169.91	80.64
169.97	76.91
170.02	76.66
170.08	75.66
170.13	76.18
170.19	75.84
170.25	76.93
170.30	81.73
170.36	73.73
170.42	75.64
170.47	76.68
170.53	78.52
170.59	74.93
170.64	78.29
170.70	76.66
170.76	74.16
170.81	75.79
170.87	75.44
170.92	76.23
170.98	79.65
171.04	81.80
171.09	77.46
171.15	84.65
171.21	86.07
171.26	82.73
171.32	80.10
171.37	83.91
171.43	78.72
171.49	82.89
171.54	86.07
171.60	87.90
171.66	89.67
171.71	89.85
171.77	87.19
171.83	93.05
171.88	92.31
171.94	91.84
171.99	96.36
172.05	95.57
172.11	96.67
172.16	104.94
172.22	105.25
172.28	105.01
172.33	103.13
172.39	100.48
172.44	97.50
172.50	102.58
172.56	102.22
172.61	110.33
172.67	109.52
172.72	109.36
172.78	104.71
172.84	99.80
172.89	93.16
172.95	92.34
173.01	93.02
173.06	91.85
173.12	97.94
173.17	99.80
173.23	99.44
173.29	100.25
173.34	101.67
173.40	95.98
173.46	96.05
173.51	99.03
173.57	98.80
173.62	93.55
173.68	100.55
173.74	99.58
173.79	100.37
173.85	97.67
173.90	99.55
173.96	96.01
174.02	93.39
174.07	86.03
174.13	85.17
174.18	88.06
174.24	81.05
174.30	80.62
174.35	85.77
174.41	82.71
174.47	77.01
174.52	78.22
174.58	77.48
174.63	73.32
174.69	72.33
174.75	73.59
174.80	84.98
174.86	82.85
174.91	83.55
174.97	83.65
175.03	81.57
175.08	69.14
175.14	75.81
175.19	71.85
175.25	72.12
175.31	76.60
175.36	78.33
175.42	75.13
175.47	79.87
175.53	80.31
175.59	77.10
175.64	78.54
175.70	76.92
175.75	72.11
175.81	71.03
175.87	71.66
175.92	68.05
175.98	69.73
176.03	69.86
176.09	69.82
176.15	69.99
176.20	71.10
176.26	70.60
176.31	73.98
176.37	71.58
176.42	72.56
176.48	76.28
176.54	74.09
176.59	71.13
176.65	74.00
176.70	75.42
176.76	74.55
176.82	72.46
176.87	69.35
176.93	69.76
176.98	68.17
177.04	63.04
177.10	68.07
177.15	69.70
177.21	70.15
177.26	69.19
177.32	73.30
177.37	75.30
177.43	78.70
177.49	75.32
177.54	72.97
177.60	72.88
177.65	73.05
177.71	68.02
177.77	71.18
177.82	72.95
177.88	77.11
177.93	72.48
177.99	79.03
178.04	74.45
178.10	74.96
178.16	68.36
178.21	69.35
178.27	66.57
178.32	70.41
178.38	68.94
178.43	70.24
178.49	70.05
178.55	68.93
178.60	67.56
178.66	67.23
178.71	68.82
178.77	66.78
178.82	68.07
178.88	68.19
178.94	68.82
178.99	69.84
179.05	74.17
179.10	69.92
179.16	72.50
179.21	74.65
179.27	73.36
179.33	68.99
179.38	72.70
179.44	70.64
179.49	70.37
179.55	68.23
179.60	68.55
179.66	67.66
179.72	70.67
179.77	68.40
179.83	67.74
179.88	69.31
179.94	70.95
179.99	67.30
180.05	68.10
180.11	69.28
180.16	71.77
180.22	73.56
180.27	77.93
180.33	78.85
180.38	82.52
180.44	78.00
180.49	78.00
180.55	76.21
180.61	79.80
180.66	74.76
180.72	73.25
180.77	71.14
180.83	70.80
180.88	67.61
180.94	67.53
180.99	70.85
181.05	71.21
181.11	71.87
181.16	72.57
181.22	73.96
181.27	76.62
181.33	75.50
181.38	72.56
181.44	73.36
181.49	77.41
181.55	77.88
181.61	83.54
181.66	86.36
181.72	83.96
181.77	81.59
181.83	79.24
181.88	84.69
181.94	86.19
181.99	91.61
182.05	91.92
182.11	92.42
182.16	82.81
182.22	80.05
182.27	75.00
182.33	77.43
182.38	77.10
182.44	81.50
182.49	83.82
182.55	86.09
182.60	84.99
182.66	87.96
182.72	90.98
182.77	93.54
182.83	97.10
182.88	100.77
182.94	102.18
182.99	99.34
183.05	97.55
183.10	98.82
183.16	97.01
183.21	97.72
183.27	103.64
183.32	107.20
183.38	109.83
183.44	115.76
183.49	119.27
183.55	119.21
183.60	124.07
183.66	128.68
183.71	136.10
183.77	142.33
183.82	150.58
183.88	159.57
183.93	168.58
183.99	179.90
184.04	194.65
184.10	205.37
184.15	215.78
184.21	228.58
184.27	231.09
184.32	232.50
184.38	231.13
184.43	228.90
184.49	214.82
184.54	201.66
184.60	195.87
184.65	185.14
184.71	177.92
184.76	180.10
184.82	196.00
184.87	210.25
184.93	232.87
184.98	257.71
185.04	286.27
185.09	307.83
185.15	330.78
185.20	359.38
185.26	391.16
185.31	416.30
185.37	442.38
185.43	461.27
185.48	479.36
185.54	500.17
185.59	525.35
185.65	548.33
185.70	587.32
185.76	631.13
185.81	663.34
185.87	698.41
185.92	741.13
185.98	774.21
186.03	790.57
186.09	794.48
186.14	773.14
186.20	725.12
186.25	647.56
186.31	568.88
186.36	508.91
186.42	483.82
186.47	494.50
186.53	539.47
186.58	605.15
186.64	676.22
186.69	745.40
186.75	803.48
186.80	861.49
186.86	919.09
186.91	977.51
186.97	1032.39
187.02	1103.67
187.08	1173.43
187.13	1236.10
187.19	1303.02
187.24	1374.65
187.30	1431.92
187.35	1491.34
187.41	1565.06
187.47	1637.90
187.52	1697.42
187.58	1756.90
187.63	1822.00
187.69	1882.38
187.74	1930.32
187.80	1976.59
187.85	2019.68
187.91	2042.79
187.96	2030.69
188.02	1970.71
188.07	1863.00
188.13	1703.89
188.18	1533.05
188.24	1407.49
188.29	1344.50
188.35	1350.84
188.40	1427.48
188.46	1550.05
188.51	1671.94
188.57	1799.50
188.62	1921.30
188.67	2036.97
188.73	2145.82
188.78	2247.34
188.84	2346.61
188.89	2447.50
188.95	2549.08
189.00	2636.73
189.06	2734.79
189.11	2828.48
189.17	2910.40
189.22	2983.40
189.28	3070.94
189.33	3145.04
189.39	3209.59
189.44	3275.45
189.50	3349.84
189.55	3417.73
189.61	3472.66
189.66	3530.19
189.72	3588.86
189.77	3638.49
189.83	3668.74
189.88	3679.55
189.94	3651.70
189.99	3574.46
190.05	3429.22
190.10	3215.14
190.16	2971.39
190.21	2757.96
190.27	2621.67
190.32	2587.10
190.38	2663.60
190.43	2821.89
190.49	3011.48
190.54	3183.25
190.60	3342.02
190.65	3485.35
190.71	3619.02
190.76	3746.68
190.81	3871.86
190.87	3992.16
190.92	4114.41
190.98	4224.95
191.03	4325.69
191.09	4436.01
191.14	4534.44
191.20	4618.76
191.25	4715.94
191.31	4814.16
191.36	4900.65
191.42	4980.90
191.47	5067.65
191.53	5150.85
191.58	5221.20
191.64	5278.28
191.69	5337.81
191.75	5380.19
191.80	5408.89
191.85	5429.08
191.91	5449.05
191.96	5471.30
192.02	5501.96
192.07	5515.64
192.13	5511.82
192.18	5465.55
192.24	5350.17
192.29	5156.29
192.35	4935.97
192.40	4753.30
192.46	4648.41
192.51	4643.06
192.57	4736.64
192.62	4909.83
192.67	5091.32
192.73	5266.77
192.78	5428.41
192.84	5579.26
192.89	5714.68
192.95	5842.66
193.00	5955.70
193.06	6062.47
193.11	6168.09
193.17	6258.00
193.22	6342.48
193.28	6430.41
193.33	6504.92
193.38	6569.95
193.44	6636.39
193.49	6707.63
193.55	6764.47
193.60	6821.87
193.66	6875.74
193.71	6923.71
193.77	6950.44
193.82	6973.33
193.88	6992.25
193.93	7017.49
193.98	7042.65
194.04	7079.74
194.09	7122.99
194.15	7174.30
194.20	7219.86
194.26	7261.55
194.31	7306.72
194.37	7337.84
194.42	7346.33
194.47	7338.06
194.53	7299.53
194.58	7213.62
194.64	7108.50
194.69	7013.65
194.75	6947.87
194.80	6929.73
194.86	6969.04
194.91	7060.01
194.97	7167.04
195.02	7274.80
195.07	7385.20
195.13	7492.59
195.18	7606.34
195.24	7717.45
195.29	7831.29
195.35	7934.80
195.40	8040.66
195.46	8124.38
195.51	8210.83
195.56	8280.96
195.62	8353.39
195.67	8409.14
195.73	8472.02
195.78	8521.38
195.84	8570.66
195.89	8604.80
195.94	8637.66
196.00	8668.12
196.05	8699.32
196.11	8738.69
196.16	8782.89
196.22	8836.26
196.27	8888.81
196.32	8943.98
196.38	8989.33
196.43	9036.89
196.49	9073.23
196.54	9109.93
196.60	9146.34
196.65	9189.55
196.71	9231.66
196.76	9281.07
196.81	9317.73
196.87	9354.01
196.92	9384.61
196.98	9403.09
197.03	9411.51
197.09	9410.61
197.14	9405.05
197.19	9401.05
197.25	9416.63
197.30	9446.10
197.36	9500.07
197.41	9564.38
197.47	9631.33
197.52	9692.85
197.57	9755.36
197.63	9803.02
197.68	9852.72
197.74	9902.82
197.79	9947.12
197.84	9991.44
197.90	10043.47
197.95	10086.05
198.01	10125.13
198.06	10168.47
198.12	10212.82
198.17	10249.44
198.22	10293.18
198.28	10335.01
198.33	10381.64
198.39	10423.06
198.44	10469.38
198.49	10512.38
198.55	10560.41
198.60	10601.17
198.66	10643.96
198.71	10695.58
198.77	10745.39
198.82	10796.16
198.87	10843.17
198.93	10890.06
198.98	10931.09
199.04	10975.63
199.09	11012.94
199.14	11056.37
199.20	11099.10
199.25	11139.48
199.31	11178.97
199.36	11223.88
199.42	11267.22
199.47	11305.05
199.52	11345.21
199.58	11381.66
199.63	11407.78
199.69	11438.05
199.74	11474.10
199.79	11500.46
199.85	11532.35
199.90	11577.38
199.96	11613.80
200.01	11656.92
200.06	11707.10
200.12	11756.08
200.17	11802.41
200.23	11857.58
200.28	11896.21
200.33	11945.16
200.39	11989.42
200.44	12032.75
200.50	12074.37
200.55	12116.45
200.60	12151.67
200.66	12188.71
200.71	12220.49
200.77	12258.41
200.82	12297.99
200.87	12338.39
200.93	12377.01
200.98	12417.91
201.04	12453.85
201.09	12499.35
201.14	12548.73
201.20	12598.54
201.25	12655.71
201.31	12710.87
201.36	12772.91
201.41	12829.70
201.47	12889.03
201.52	12941.20
201.58	13002.66
201.63	13045.89
201.68	13091.10
201.74	13136.14
201.79	13188.56
201.84	13240.82
201.90	13291.02
201.95	13342.21
202.01	13399.55
202.06	13448.96
202.11	13489.00
202.17	13538.05
202.22	13586.13
202.28	13624.10
202.33	13662.60
202.38	13704.85
202.44	13747.85
202.49	13787.75
202.54	13833.63
202.60	13881.10
202.65	13927.39
202.71	13973.26
202.76	14014.66
202.81	14056.81
202.87	14104.77
202.92	14151.47
202.98	14202.41
203.03	14256.63
203.08	14312.20
203.14	14361.16
203.19	14417.03
203.24	14471.93
203.30	14527.19
203.35	14577.51
203.41	14627.69
203.46	14672.63
203.51	14715.22
203.57	14755.34
203.62	14799.11
203.67	14852.35
203.73	14899.34
203.78	14947.89
203.84	15005.53
203.89	15052.19
203.94	15096.00
204.00	15145.30
204.05	15197.69
204.10	15236.26
204.16	15281.72
204.21	15327.73
204.27	15375.35
204.32	15411.52
204.37	15464.82
204.43	15513.58
204.48	15564.04
204.53	15610.50
204.59	15666.85
204.64	15724.15
204.69	15784.76
204.75	15837.25
204.80	15898.69
204.86	15952.99
204.91	15998.57
204.96	16056.33
205.02	16112.00
205.07	16166.24
205.12	16228.80
205.18	16295.56
205.23	16352.10
205.28	16418.61
205.34	16471.98
205.39	16523.34
205.45	16577.84
205.50	16631.44
205.55	16685.45
205.61	16743.93
205.66	16804.00
205.71	16867.85
205.77	16927.96
205.82	16985.91
205.87	17037.36
205.93	17087.35
205.98	17130.25
206.03	17171.07
206.09	17216.85
206.14	17273.20
206.20	17326.17
206.25	17379.66
206.30	17444.03
206.36	17497.98
206.41	17560.33
206.46	17620.43
206.52	17672.82
206.57	17718.57
206.62	17760.10
206.68	17800.26
206.73	17845.45
206.78	17899.04
206.84	17959.42
206.89	18023.00
206.94	18084.88
207.00	18150.70
207.05	18216.06
207.11	18274.08
207.16	18333.54
207.21	18394.78
207.27	18447.42
207.32	18499.08
207.37	18559.92
207.43	18620.19
207.48	18669.41
207.53	18727.96
207.59	18788.70
207.64	18842.90
207.69	18910.72
207.75	18981.52
207.80	19036.96
207.85	19089.43
207.91	19140.88
207.96	19186.70
208.01	19238.30
208.07	19300.08
208.12	19361.63
208.17	19417.16
208.23	19465.40
208.28	19513.75
208.33	19564.25
208.39	19623.00
208.44	19692.46
208.49	19756.97
208.55	19821.55
208.60	19877.58
208.65	19927.73
208.71	19975.83
208.76	20028.18
208.81	20085.16
208.87	20152.90
208.92	20208.61
208.97	20272.75
209.03	20333.79
209.08	20393.93
209.13	20448.16
209.19	20514.24
209.24	20571.15
209.29	20633.42
209.35	20685.76
209.40	20749.45
209.45	20809.68
209.51	20873.07
209.56	20937.35
209.61	21003.21
209.67	21064.47
209.72	21124.80
209.77	21180.75
209.83	21242.00
209.88	21309.98
209.93	21376.79
209.99	21440.93
210.04	21513.94
210.09	21584.49
210.15	21644.62
210.20	21701.39
210.25	21764.91
210.31	21821.56
210.36	21867.49
210.41	21918.02
210.46	21976.31
210.52	22026.59
210.57	22075.00
210.62	22143.47
210.68	22208.35
210.73	22260.99
210.78	22319.13
210.84	22377.89
210.89	22425.84
210.94	22478.69
211.00	22536.29
211.05	22589.40
211.10	22660.34
211.16	22721.62
211.21	22794.67
211.26	22864.21
211.32	22941.83
211.37	23003.00
211.42	23073.50
211.47	23135.20
211.53	23197.46
211.58	23251.88
211.63	23310.69
211.69	23367.73
211.74	23420.76
211.79	23469.15
211.85	23533.76
211.90	23594.47
211.95	23660.38
212.01	23724.40
212.06	23804.64
212.11	23881.26
212.16	23956.34
212.22	24034.95
212.27	24102.80
212.32	24165.51
212.38	24229.12
212.43	24289.84
212.48	24344.36
212.54	24415.63
212.59	24488.41
212.64	24553.24
212.69	24617.95
212.75	24685.98
212.80	24750.20
212.85	24813.15
212.91	24870.91
212.96	24929.84
213.01	24992.85
213.07	25051.90
213.12	25110.04
213.17	25177.92
213.22	25245.17
213.28	25301.45
213.33	25349.63
213.38	25406.27
213.44	25458.02
213.49	25523.69
213.54	25597.54
213.60	25687.87
213.65	25769.47
213.70	25853.37
213.75	25927.66
213.81	25992.02
213.86	26052.34
213.91	26108.35
213.97	26155.83
214.02	26210.13
214.07	26262.16
214.12	26316.56
214.18	26375.84
214.23	26444.85
214.28	26505.09
214.34	26572.00
214.39	26643.72
214.44	26714.18
214.49	26769.47
214.55	26823.99
214.60	26883.14
214.65	26935.35
214.71	26979.70
214.76	27040.99
214.81	27117.90
214.86	27193.69
214.92	27257.92
214.97	27332.01
215.02	27402.22
215.08	27460.40
215.13	27527.08
215.18	27598.79
215.23	27671.32
215.29	27748.41
215.34	27823.96
215.39	27893.33
215.45	27971.49
215.50	28042.85
215.55	28105.86
215.60	28169.40
215.66	28218.70
215.71	28269.92
215.76	28331.25
215.81	28391.36
215.87	28443.49
215.92	28502.73
215.97	28551.17
216.03	28608.28
216.08	28659.00
216.13	28722.03
216.18	28784.18
216.24	28859.22
216.29	28913.76
216.34	28972.77
216.39	29033.02
216.45	29094.16
216.50	29144.89
216.55	29196.48
216.61	29267.20
216.66	29326.70
216.71	29388.40
216.76	29453.33
216.82	29528.60
216.87	29590.24
216.92	29666.45
216.97	29732.14
217.03	29805.09
217.08	29877.36
217.13	29958.01
217.18	30028.36
217.24	30101.77
217.29	30168.15
217.34	30220.60
217.39	30261.30
217.45	30309.66
217.50	30359.29
217.55	30413.87
217.61	30486.88
217.66	30554.63
217.71	30616.14
217.76	30693.55
217.82	30773.70
217.87	30842.40
217.92	30917.24
217.97	30992.54
218.03	31052.40
218.08	31100.11
218.13	31145.57
218.18	31195.54
218.24	31262.17
218.29	31322.39
218.34	31382.70
218.39	31450.48
218.45	31515.48
218.50	31560.96
218.55	31615.65
218.60	31679.01
218.66	31733.93
218.71	31794.60
218.76	31862.49
218.81	31931.74
218.87	31994.79
218.92	32065.58
218.97	32138.27
219.02	32206.12
219.08	32275.63
219.13	32349.22
219.18	32407.83
219.23	32464.61
219.29	32526.27
219.34	32586.05
219.39	32646.77
219.44	32713.31
219.50	32786.66
219.55	32848.86
219.60	32912.44
219.65	32979.49
219.71	33053.46
219.76	33103.90
219.81	33165.49
219.86	33223.70
219.92	33266.52
219.97	33313.46
220.02	33368.15
220.07	33421.28
220.13	33476.19
220.18	33547.67
220.23	33615.35
220.28	33695.71
220.33	33776.26
220.39	33844.59
220.44	33903.19
220.49	33958.85
220.54	34010.93
220.60	34053.98
220.65	34111.74
220.70	34175.55
220.75	34249.75
220.81	34327.32
220.86	34408.77
220.91	34480.49
220.96	34555.38
221.02	34624.26
221.07	34690.71
221.12	34750.32
221.17	34811.80
221.22	34864.06
221.28	34912.09
221.33	34960.60
221.38	35019.75
221.43	35091.32
221.49	35158.45
221.54	35231.30
221.59	35300.75
221.64	35384.74
221.69	35468.47
221.75	35567.26
221.80	35656.05
221.85	35735.99
221.90	35799.11
221.96	35853.52
222.01	35884.46
222.06	35925.40
222.11	35967.59
222.17	36013.46
222.22	36041.47
222.27	36092.30
222.32	36136.90
222.37	36194.02
222.43	36253.49
222.48	36323.40
222.53	36389.68
222.58	36473.50
222.63	36544.12
222.69	36613.50
222.74	36692.29
222.79	36766.21
222.84	36810.34
222.90	36859.46
222.95	36898.95
223.00	36937.63
223.05	36988.71
223.10	37049.61
223.16	37109.37
223.21	37168.76
223.26	37215.96
223.31	37253.99
223.36	37291.09
223.42	37326.81
223.47	37353.73
223.52	37403.73
223.57	37452.69
223.63	37510.62
223.68	37562.14
223.73	37641.77
223.78	37711.00
223.83	37776.40
223.89	37832.03
223.94	37900.68
223.99	37964.17
224.04	38043.03
224.09	38120.78
224.15	38212.25
224.20	38293.40
224.25	38377.19
224.30	38452.85
224.35	38538.23
224.41	38633.51
224.46	38728.50
224.51	38812.90
224.56	38891.70
224.61	38969.09
224.67	39037.17
224.72	39114.56
224.77	39208.88
224.82	39307.66
224.87	39390.07
224.93	39470.14
224.98	39548.87
225.03	39636.03
225.08	39719.47
225.13	39805.02
225.19	39901.79
225.24	40001.32
225.29	40075.45
225.34	40158.77
225.39	40249.02
225.45	40336.22
225.50	40413.16
225.55	40504.85
225.60	40587.82
225.65	40690.66
225.71	40780.79
225.76	40882.38
225.81	40976.89
225.86	41078.67
225.91	41171.32
225.97	41269.60
226.02	41365.21
226.07	41443.25
226.12	41513.15
226.17	41565.43
226.22	41624.24
226.28	41688.04
226.33	41763.31
226.38	41835.90
226.43	41917.44
226.48	41976.81
226.54	42033.83
226.59	42112.60
226.64	42186.29
226.69	42260.90
226.74	42343.02
226.80	42416.01
226.85	42465.59
226.90	42507.79
226.95	42560.88
227.00	42613.29
227.05	42683.47
227.11	42765.96
227.16	42864.57
227.21	42933.50
227.26	43021.16
227.31	43096.12
227.37	43147.34
227.42	43217.78
227.47	43309.29
227.52	43381.30
227.57	43442.91
227.62	43531.75
227.68	43597.55
227.73	43671.38
227.78	43747.17
227.83	43835.94
227.88	43905.09
227.93	43983.77
227.99	44062.50
228.04	44143.58
228.09	44221.32
228.14	44299.77
228.19	44365.87
228.24	44421.25
228.30	44490.18
228.35	44554.59
228.40	44619.73
228.45	44684.08
228.50	44764.55
228.56	44821.78
228.61	44871.18
228.66	44921.96
228.71	44980.15
228.76	45021.79
228.81	45067.88
228.87	45124.45
228.92	45186.06
228.97	45252.86
229.02	45341.34
229.07	45411.15
229.12	45501.29
229.17	45577.11
229.23	45652.11
229.28	45717.54
229.33	45804.55
229.38	45870.94
229.43	45944.33
229.48	46017.24
229.54	46090.24
229.59	46153.46
229.64	46227.44
229.69	46307.69
229.74	46399.84
229.79	46466.32
229.85	46539.71
229.90	46610.24
229.95	46674.65
230.00	46727.69
230.05	46802.77
230.10	46872.47
230.16	46938.47
230.21	46996.49
230.26	47050.37
230.31	47088.28
230.36	47143.67
230.41	47200.21
230.46	47285.45
230.52	47372.20
230.57	47465.15
230.62	47559.03
230.67	47631.90
230.72	47681.98
230.77	47725.28
230.82	47767.88
230.88	47795.70
230.93	47841.48
230.98	47890.38
231.03	47951.15
231.08	48012.57
231.13	48069.80
231.19	48138.87
231.24	48213.30
231.29	48289.91
231.34	48368.83
231.39	48445.48
231.44	48505.02
231.49	48558.52
231.55	48605.81
231.60	48644.70
231.65	48701.94
231.70	48755.92
231.75	48808.85
231.80	48855.36
231.85	48904.76
231.91	48941.59
231.96	48987.05
232.01	49040.50
232.06	49098.62
232.11	49169.71
232.16	49243.50
232.21	49324.84
232.26	49413.81
232.32	49497.90
232.37	49570.80
232.42	49639.61
232.47	49692.13
232.52	49745.96
232.57	49798.40
232.62	49849.72
232.68	49913.44
232.73	49991.01
232.78	50059.25
232.83	50130.46
232.88	50205.69
232.93	50278.34
232.98	50333.98
233.03	50388.72
233.09	50452.29
233.14	50525.37
233.19	50580.91
233.24	50640.12
233.29	50689.68
233.34	50721.67
233.39	50733.04
233.45	50767.81
233.50	50808.47
233.55	50859.48
233.60	50928.86
233.65	50997.48
233.70	51056.57
233.75	51100.00
233.80	51147.50
233.86	51193.54
233.91	51245.62
233.96	51288.90
234.01	51354.20
234.06	51412.53
234.11	51471.55
234.16	51523.11
234.21	51583.94
234.26	51625.30
234.32	51658.76
234.37	51688.85
234.42	51726.31
234.47	51748.14
234.52	51788.72
234.57	51839.45
234.62	51882.68
234.67	51928.61
234.73	51990.83
234.78	52043.57
234.83	52088.28
234.88	52139.68
234.93	52179.84
234.98	52216.64
235.03	52255.69
235.08	52318.24
235.13	52368.49
235.19	52438.38
235.24	52498.33
235.29	52565.18
235.34	52600.42
235.39	52641.15
235.44	52672.92
235.49	52714.50
235.54	52738.80
235.59	52761.60
235.65	52792.66
235.70	52822.08
235.75	52852.40
235.80	52901.97
235.85	52969.43
235.90	53018.15
235.95	53050.81
236.00	53086.60
236.05	53111.22
236.11	53128.46
236.16	53156.27
236.21	53205.39
236.26	53240.07
236.31	53269.41
236.36	53289.42
236.41	53304.68
236.46	53309.36
236.51	53328.95
236.56	53357.15
236.62	53383.25
236.67	53412.90
236.72	53458.64
236.77	53486.22
236.82	53527.34
236.87	53564.22
236.92	53593.26
236.97	53632.25
237.02	53675.15
237.07	53724.53
237.13	53781.87
237.18	53848.15
237.23	53888.68
237.28	53938.32
237.33	53973.88
237.38	53995.58
237.43	54014.40
237.48	54023.05
237.53	54035.36
237.58	54053.91
237.63	54091.53
237.69	54132.65
237.74	54187.54
237.79	54232.26
237.84	54237.85
237.89	54249.29
237.94	54255.06
237.99	54270.05
238.04	54283.61
238.09	54318.20
238.14	54346.06
238.19	54368.10
238.25	54386.44
238.30	54383.98
238.35	54384.60
238.40	54382.42
238.45	54385.74
238.50	54388.49
238.55	54399.20
238.60	54431.38
238.65	54452.97
238.70	54469.62
238.75	54484.40
238.80	54520.11
238.86	54524.86
238.91	54544.30
238.96	54579.25
239.01	54609.36
239.06	54636.61
239.11	54664.39
239.16	54696.93
239.21	54698.35
239.26	54696.18
239.31	54700.65
239.36	54718.40
239.41	54725.12
239.46	54750.07
239.52	54783.51
239.57	54804.56
239.62	54826.23
239.67	54853.10
239.72	54878.45
239.77	54886.25
239.82	54904.53
239.87	54917.65
239.92	54918.86
239.97	54915.82
240.02	54913.36
240.07	54899.18
240.12	54889.93
240.17	54894.97
240.23	54896.94
240.28	54901.12
240.33	54926.97
240.38	54922.12
240.43	54926.67
240.48	54943.60
240.53	54966.66
240.58	54973.60
240.63	55017.68
240.68	55022.19
240.73	55019.87
240.78	55010.90
240.83	55008.64
240.88	54972.38
240.93	54966.19
240.98	54965.29
241.04	54984.92
241.09	55003.45
241.14	55030.55
241.19	55066.25
241.24	55096.95
241.29	55119.61
241.34	55130.75
241.39	55146.91
241.44	55158.83
241.49	55158.50
241.54	55149.70
241.59	55148.75
241.64	55149.79
241.69	55137.39
241.74	55125.63
241.79	55114.48
241.84	55098.80
241.90	55083.67
241.95	55057.94
242.00	55034.44
242.05	55015.78
242.10	55008.78
242.15	54996.91
242.20	54995.73
242.25	55003.09
242.30	54995.72
242.35	54989.68
242.40	54984.75
242.45	54976.83
242.50	54959.47
242.55	54962.93
242.60	54963.46
242.65	54968.10
242.70	54978.76
242.75	55005.29
242.80	55048.03
242.85	55072.48
242.91	55080.97
242.96	55081.65
243.01	55064.85
243.06	55033.04
243.11	55002.63
243.16	54972.37
243.21	54968.66
243.26	54981.32
243.31	54988.09
243.36	54996.14
243.41	55024.16
243.46	55014.84
243.51	54989.16
243.56	54936.46
243.61	54886.02
243.66	54844.63
243.71	54817.13
243.76	54809.79
243.81	54828.19
243.86	54831.96
243.91	54829.74
243.96	54828.32
244.01	54805.33
244.06	54779.25
244.12	54774.25
244.17	54762.99
244.22	54760.49
244.27	54786.85
244.32	54815.53
244.37	54831.34
244.42	54833.44
244.47	54826.99
244.52	54805.25
244.57	54769.93
244.62	54747.01
244.67	54732.43
244.72	54713.70
244.77	54698.68
244.82	54712.20
244.87	54735.00
244.92	54759.02
244.97	54770.83
245.02	54773.51
245.07	54752.90
245.12	54732.12
245.17	54707.85
245.22	54705.71
245.27	54704.35
245.32	54668.50
245.37	54626.96
245.42	54579.89
245.47	54529.45
245.52	54483.86
245.57	54474.77
245.62	54461.50
245.67	54451.34
245.72	54447.40
245.77	54430.11
245.82	54412.05
245.87	54414.72
245.92	54427.77
245.98	54416.21
246.03	54420.12
246.08	54434.62
246.13	54425.41
246.18	54423.21
246.23	54425.28
246.28	54413.28
246.33	54394.62
246.38	54366.56
246.43	54337.17
246.48	54316.39
246.53	54319.51
246.58	54326.01
246.63	54332.85
246.68	54324.96
246.73	54314.43
246.78	54283.57
246.83	54235.12
246.88	54180.35
246.93	54132.67
246.98	54076.58
247.03	54046.78
247.08	54027.41
247.13	54027.75
247.18	54029.24
247.23	54057.65
247.28	54061.29
247.33	54051.33
247.38	54024.36
247.43	54006.62
247.48	53986.25
247.53	53957.29
247.58	53925.21
247.63	53901.90
247.68	53858.20
247.73	53801.10
247.78	53760.97
247.83	53734.60
247.88	53709.58
247.93	53710.66
247.98	53712.07
248.03	53723.55
248.08	53744.20
248.13	53755.22
248.18	53732.64
248.23	53723.16
248.28	53682.48
248.33	53635.60
248.38	53595.28
248.43	53572.88
248.48	53552.66
248.53	53535.94
248.58	53518.90
248.63	53514.24
248.68	53494.65
248.73	53470.12
248.78	53439.62
248.83	53393.42
248.88	53327.99
248.93	53263.67
248.98	53192.12
249.03	53158.10
249.08	53132.58
249.13	53129.02
249.18	53132.95
249.23	53141.23
249.28	53131.26
249.33	53130.88
249.38	53113.02
249.43	53091.73
249.48	53065.30
249.53	53048.19
249.58	53023.74
249.63	53003.94
249.68	52986.42
249.73	52978.54
249.78	52956.32
249.83	52950.04
249.88	52927.71
249.93	52910.57
249.98	52899.20
250.03	52890.87
250.08	52865.62
250.13	52854.90
250.18	52835.08
250.23	52789.77
250.28	52743.17
250.33	52689.98
250.37	52642.04
250.42	52602.81
250.47	52574.80
250.52	52556.33
250.57	52546.75
250.62	52515.25
250.67	52485.44
250.72	52459.60
250.77	52425.17
250.82	52397.64
250.87	52403.10
250.92	52402.27
250.97	52386.89
251.02	52373.63
251.07	52362.44
251.12	52333.62
251.17	52297.96
251.22	52264.26
251.27	52236.10
251.32	52197.88
251.37	52147.02
251.42	52092.30
251.47	52053.24
251.52	52018.91
251.57	52001.21
251.62	51989.61
251.67	51983.12
251.72	51969.71
251.77	51937.63
251.82	51896.73
251.87	51857.32
251.92	51815.45
251.97	51755.05
252.02	51718.23
252.07	51683.58
252.12	51667.05
252.16	51660.71
252.21	51667.05
252.26	51667.50
252.31	51663.45
252.36	51644.03
252.41	51620.04
252.46	51595.09
252.51	51565.87
252.56	51541.90
252.61	51513.23
252.66	51481.25
252.71	51460.11
252.76	51427.22
252.81	51384.11
252.86	51328.48
252.91	51288.14
252.96	51232.05
253.01	51171.98
253.06	51110.90
253.11	51077.15
253.16	51034.71
253.21	50987.97
253.26	50952.53
253.31	50921.40
253.36	50897.42
253.40	50869.66
253.45	50850.83
253.50	50811.07
253.55	50777.51
253.60	50729.83
253.65	50678.56
253.70	50645.94
253.75	50638.90
253.80	50624.69
253.85	50623.20
253.90	50632.09
253.95	50622.01
254.00	50608.56
254.05	50592.50
254.10	50547.80
254.15	50507.85
254.20	50478.10
254.25	50447.58
254.30	50411.29
254.35	50375.41
254.39	50319.11
254.44	50240.69
254.49	50161.51
254.54	50122.88
254.59	50094.00
254.64	50089.11
254.69	50089.71
254.74	50092.89
254.79	50069.70
254.84	50040.44
254.89	50011.33
254.94	49996.60
254.99	49979.36
255.04	49958.81
255.09	49955.10
255.14	49934.46
255.19	49916.00
255.23	49907.99
255.28	49905.67
255.33	49893.18
255.38	49883.88
255.43	49864.75
255.48	49832.52
255.53	49784.65
255.58	49749.69
255.63	49713.16
255.68	49673.22
255.73	49632.80
255.78	49606.14
255.83	49579.09
255.88	49563.03
255.93	49539.72
255.97	49519.95
256.02	49489.41
256.07	49447.56
256.12	49371.62
256.17	49309.27
256.22	49253.28
256.27	49200.38
256.32	49150.57
256.37	49137.19
256.42	49124.51
256.47	49105.14
256.52	49083.56
256.57	49065.99
256.62	49042.77
256.66	49027.35
256.71	48992.60
256.76	48951.16
256.81	48896.44
256.86	48846.49
256.91	48801.35
256.96	48765.84
257.01	48739.90
257.06	48724.78
257.11	48688.25
257.16	48634.66
257.21	48591.35
257.26	48554.10
257.30	48511.63
257.35	48476.93
257.40	48453.48
257.45	48441.84
257.50	48411.28
257.55	48386.30
257.60	48364.06
257.65	48338.80
257.70	48291.74
257.75	48257.75
257.80	48224.81
257.85	48186.47
257.89	48141.14
257.94	48087.83
257.99	48031.13
258.04	47972.12
258.09	47930.05
258.14	47893.96
258.19	47880.39
258.24	47863.42
258.29	47820.15
258.34	47779.94
258.39	47750.51
258.44	47693.37
258.48	47640.74
258.53	47622.98
258.58	47585.02
258.63	47533.05
258.68	47495.94
258.73	47460.04
258.78	47411.09
258.83	47364.72
258.88	47323.40
258.93	47282.98
258.97	47250.00
259.02	47214.25
259.07	47194.66
259.12	47181.17
259.17	47170.64
259.22	47154.63
259.27	47140.67
259.32	47124.28
259.37	47076.61
259.42	47041.21
259.47	46999.50
259.51	46950.59
259.56	46885.06
259.61	46819.98
259.66	46737.36
259.71	46665.31
259.76	46603.41
259.81	46547.26
259.86	46506.09
259.91	46475.95
259.95	46446.82
260.00	46427.02
260.05	46409.75
260.10	46397.13
260.15	46377.86
260.20	46365.55
260.25	46355.00
260.30	46343.41
260.35	46316.84
260.40	46286.58
260.44	46259.78
260.49	46227.43
260.54	46190.98
260.59	46163.36
260.64	46153.01
260.69	46139.76
260.74	46104.95
260.79	46071.13
260.84	46029.50
260.88	45970.21
260.93	45900.41
260.98	45864.40
261.03	45816.20
261.08	45789.53
261.13	45757.60
261.18	45718.52
261.23	45664.23
261.28	45621.76
261.32	45573.47
261.37	45534.01
261.42	45501.99
261.47	45471.95
261.52	45433.32
261.57	45390.77
261.62	45352.54
261.67	45301.57
261.71	45242.01
261.76	45200.61
261.81	45153.70
261.86	45097.86
261.91	45054.59
261.96	45016.01
262.01	44967.33
262.06	44940.69
262.10	44927.20
262.15	44908.31
262.20	44890.26
262.25	44871.25
262.30	44845.81
262.35	44819.41
262.40	44792.83
262.45	44768.07
262.49	44745.67
262.54	44715.00
262.59	44677.39
262.64	44649.40
262.69	44607.07
262.74	44563.93
262.79	44506.69
262.84	44462.41
262.88	44413.87
262.93	44363.11
262.98	44325.47
263.03	44292.56
263.08	44234.97
263.13	44163.46
263.18	44105.49
263.23	44040.49
263.27	43985.73
263.32	43956.59
263.37	43940.74
263.42	43922.18
263.47	43894.55
263.52	43871.05
263.57	43829.84
263.61	43792.16
263.66	43753.79
263.71	43723.77
263.76	43688.13
263.81	43644.86
263.86	43609.31
263.91	43573.40
263.95	43508.02
264.00	43455.98
264.05	43419.30
264.10	43352.26
264.15	43279.62
264.20	43241.22
264.25	43188.98
264.29	43140.94
264.34	43087.46
264.39	43058.25
264.44	43014.01
264.49	42972.96
264.54	42927.82
264.59	42906.84
264.63	42861.67
264.68	42819.59
264.73	42764.60
264.78	42714.09
264.83	42653.30
264.88	42608.08
264.93	42568.97
264.97	42548.86
265.02	42524.85
265.07	42512.13
265.12	42476.22
265.17	42434.06
265.22	42391.33
265.27	42332.29
265.31	42267.94
265.36	42207.90
265.41	42152.15
265.46	42089.20
265.51	42022.28
265.56	41960.30
265.60	41909.16
265.65	41849.91
265.70	41794.74
265.75	41745.85
265.80	41695.38
265.85	41634.93
265.90	41574.70
265.94	41516.92
265.99	41453.24
266.04	41404.33
266.09	41363.87
266.14	41340.17
266.19	41306.67
266.23	41276.16
266.28	41229.92
266.33	41193.25
266.38	41154.92
266.43	41133.22
266.48	41116.00
266.52	41091.98
266.57	41055.74
266.62	41015.57
266.67	40968.54
266.72	40924.43
266.77	40893.97
266.81	40875.39
266.86	40847.01
266.91	40810.55
266.96	40768.97
267.01	40727.12
267.06	40670.37
267.10	40623.06
267.15	40575.45
267.20	40540.46
267.25	40504.76
267.30	40467.80
267.35	40428.23
267.39	40389.80
267.44	40353.36
267.49	40304.60
267.54	40259.26
267.59	40215.13
267.64	40163.75
267.68	40101.01
267.73	40044.75
267.78	40004.07
267.83	39977.32
267.88	39967.35
267.93	39965.90
267.97	39954.56
268.02	39922.37
268.07	39866.98
268.12	39803.88
268.17	39736.61
268.21	39693.18
268.26	39643.10
268.31	39603.48
268.36	39563.98
268.41	39517.28
268.46	39461.88
268.50	39425.27
268.55	39376.89
268.60	39314.01
268.65	39258.34
268.70	39186.31
268.74	39115.58
268.79	39044.44
268.84	38995.06
268.89	38951.55
268.94	38923.06
268.99	38889.63
269.03	38850.09
269.08	38803.00
269.13	38728.00
269.18	38649.73
269.23	38553.61
269.27	38449.91
269.32	38312.16
269.37	38197.88
269.42	38060.55
269.47	37917.75
269.51	37777.26
269.56	37651.47
269.61	37503.17
269.66	37356.00
269.71	37202.62
269.76	37060.90
269.80	36908.11
269.85	36761.35
269.90	36620.18
269.95	36480.08
270.00	36316.53
270.04	36170.74
270.09	36024.20
270.14	35879.47
270.19	35739.62
270.24	35615.37
270.28	35458.27
270.33	35293.46
270.38	35115.20
270.43	34941.32
270.48	34763.56
270.52	34610.27
270.57	34449.00
270.62	34292.42
270.67	34144.79
270.72	33986.85
270.76	33810.19
270.81	33651.45
270.86	33480.25
270.91	33301.54
270.96	33130.20
271.00	32975.15
271.05	32818.31
271.10	32686.10
271.15	32557.04
271.20	32437.50
271.24	32306.78
271.29	32163.34
271.34	32011.04
271.39	31860.50
271.44	31705.50
271.48	31566.52
271.53	31429.22
271.58	31289.10
271.63	31142.13
271.67	30994.86
271.72	30853.06
271.77	30709.93
271.82	30572.15
271.87	30436.25
271.91	30282.43
271.96	30136.48
272.01	29997.02
272.06	29864.46
272.11	29741.42
272.15	29644.94
272.20	29537.17
272.25	29443.43
272.30	29345.06
272.35	29238.37
272.39	29128.23
272.44	29009.27
272.49	28871.91
272.54	28732.83
272.58	28592.89
272.63	28440.64
272.68	28288.66
272.73	28129.44
272.78	27954.87
272.82	27753.73
272.87	27535.64
272.92	27250.31
272.97	26728.80
273.01	23783.49
273.06	18857.79
273.11	13426.08
273.16	8097.92
273.21	3047.48
273.25	460.03
273.30	-89.39
273.35	-88.98
