165.32	3386.31
165.38	-247.51
165.44	597.57
165.50	-76.19
165.55	-16.72
165.61	6.84
165.67	35.59
165.72	45.23
165.78	51.03
165.84	49.28
165.89	46.06
165.95	44.47
166.01	43.76
166.06	45.06
166.12	47.79
166.18	46.14
166.23	48.00
166.29	47.40
166.35	44.27
166.40	43.82
166.46	50.31
166.52	53.30
166.57	54.47
166.63	54.84
166.69	56.91
166.74	51.11
166.80	51.21
166.86	52.71
166.91	53.46
166.97	47.89
167.03	50.53
167.08	45.01
167.14	43.89
167.20	41.76
167.25	53.88
167.31	53.92
167.37	59.36
167.42	61.88
167.48	68.36
167.54	62.97
167.59	62.36
167.65	57.95
167.71	57.63
167.76	55.95
167.82	51.76
167.88	51.35
167.93	59.09
167.99	57.74
168.05	60.40
168.10	68.24
168.16	67.74
168.21	65.79
168.27	70.12
168.33	72.16
168.38	64.72
168.44	69.59
168.50	67.86
168.55	66.04
168.61	66.18
168.67	68.10
168.72	65.27
168.78	65.41
168.84	61.26
168.89	60.06
168.95	60.66
169.01	60.10
169.06	59.78
169.12	59.55
169.18	57.69
169.23	57.59
169.29	61.68
169.34	66.12
169.40	68.51
169.46	72.70
169.51	74.91
169.57	70.77
169.63	66.95
169.68	72.13
169.74	68.35
169.80	74.05
169.85	75.04
169.91	78.87
169.97	74.90
170.02	75.63
170.08	74.92
170.13	75.77
170.19	75.27
170.25	77.01
170.30	80.65
170.36	72.51
170.42	74.37
170.47	75.25
170.53	76.37
170.59	73.30
170.64	77.01
170.70	75.08
170.76	72.73
170.81	74.49
170.87	73.77
170.92	74.40
170.98	77.95
171.04	80.45
171.09	76.40
171.15	83.89
171.21	84.84
171.26	81.28
171.32	78.33
171.37	81.91
171.43	76.23
171.49	80.39
171.54	83.79
171.60	85.78
171.66	87.62
171.71	88.47
171.77	86.03
171.83	91.97
171.88	90.79
171.94	90.48
171.99	94.76
172.05	93.99
172.11	94.92
172.16	104.06
172.22	104.85
172.28	104.91
172.33	102.92
172.39	99.96
172.44	96.48
172.50	101.39
172.56	100.97
172.61	108.92
172.67	108.37
172.72	107.89
172.78	102.83
172.84	97.79
172.89	91.52
172.95	90.49
173.01	91.58
173.06	90.33
173.12	96.72
173.17	98.33
173.23	98.23
173.29	98.20
173.34	99.52
173.40	93.60
173.46	93.64
173.51	96.03
173.57	96.50
173.62	91.46
173.68	98.31
173.74	97.47
173.79	99.27
173.85	96.54
173.90	99.15
173.96	95.28
174.02	92.48
174.07	84.55
174.13	83.60
174.18	86.21
174.24	79.58
174.30	79.69
174.35	84.74
174.41	81.75
174.47	75.56
174.52	76.85
174.58	76.42
174.63	71.82
174.69	70.87
174.75	72.67
174.80	83.57
174.86	80.79
174.91	82.34
174.97	82.06
175.03	79.46
175.08	67.36
175.14	74.26
175.19	69.85
175.25	70.60
175.31	75.02
175.36	76.15
175.42	73.08
175.47	78.04
175.53	78.41
175.59	75.01
175.64	76.87
175.70	74.70
175.75	69.69
175.81	68.48
175.87	69.11
175.92	65.71
175.98	67.18
176.03	67.35
176.09	68.04
176.15	68.31
176.20	69.32
176.26	69.46
176.31	72.88
176.37	70.02
176.42	71.06
176.48	74.46
176.54	72.17
176.59	69.34
176.65	72.10
176.70	73.63
176.76	73.13
176.82	71.11
176.87	68.16
176.93	68.44
176.98	67.05
177.04	61.65
177.10	66.20
177.15	67.73
177.21	68.30
177.26	66.85
177.32	71.02
177.37	72.90
177.43	76.22
177.49	73.01
177.54	71.15
177.60	71.32
177.65	72.23
177.71	67.30
177.77	69.84
177.82	71.31
177.88	74.80
177.93	69.69
177.99	75.76
178.04	71.69
178.10	72.30
178.16	66.52
178.21	67.28
178.27	64.83
178.32	69.01
178.38	67.96
178.43	69.16
178.49	69.65
178.55	68.35
178.60	67.17
178.66	66.70
178.71	68.05
178.77	65.62
178.82	67.02
178.88	66.48
178.94	66.20
178.99	67.31
179.05	71.90
179.10	67.83
179.16	70.71
179.21	73.63
179.27	72.40
179.33	67.87
179.38	71.54
179.44	69.60
179.49	69.36
179.55	67.45
179.60	67.61
179.66	67.05
179.72	69.56
179.77	67.28
179.83	66.16
179.88	67.77
179.94	68.43
179.99	64.71
180.05	65.14
180.11	66.42
180.16	68.81
180.22	71.19
180.27	76.06
180.33	76.55
180.38	80.36
180.44	75.38
180.49	75.31
180.55	72.71
180.61	76.89
180.66	71.92
180.72	71.20
180.77	69.51
180.83	69.63
180.88	66.69
180.94	66.10
180.99	69.75
181.05	69.84
181.11	70.87
181.16	71.21
181.22	72.58
181.27	74.97
181.33	73.11
181.38	69.53
181.44	70.39
181.49	74.85
181.55	74.96
181.61	81.58
181.66	84.79
181.72	82.85
181.77	80.38
181.83	77.71
181.88	82.46
181.94	83.67
181.99	88.71
182.05	88.89
182.11	90.23
182.16	80.76
182.22	78.68
182.27	73.78
182.33	76.09
182.38	75.53
182.44	80.11
182.49	82.21
182.55	84.62
182.60	84.15
182.66	86.69
182.72	89.62
182.77	91.97
182.83	94.71
182.88	97.51
182.94	99.76
182.99	97.10
183.05	95.66
183.10	97.63
183.16	97.21
183.21	97.84
183.27	104.30
183.32	107.57
183.38	110.03
183.44	115.86
183.49	118.96
183.55	118.40
183.60	122.96
183.66	127.19
183.71	134.45
183.77	140.50
183.82	148.63
183.88	158.51
183.93	168.41
183.99	179.41
184.04	194.68
184.10	205.79
184.15	215.31
184.21	227.73
184.27	229.69
184.32	230.54
184.38	228.41
184.43	226.34
184.49	212.46
184.54	199.57
184.60	193.81
184.65	183.91
184.71	176.76
184.76	178.98
184.82	195.12
184.87	209.54
184.93	232.35
184.98	257.10
185.04	285.10
185.09	306.77
185.15	330.42
185.20	359.74
185.26	392.31
185.31	419.11
185.37	445.60
185.43	464.83
185.48	483.01
185.54	504.19
185.59	529.00
185.65	551.97
185.70	590.27
185.76	634.17
185.81	667.10
185.87	701.53
185.92	743.99
185.98	777.94
186.03	794.29
186.09	796.74
186.14	776.22
186.20	728.82
186.25	650.43
186.31	571.93
186.36	511.39
186.42	484.49
186.47	494.61
186.53	540.39
186.58	606.12
186.64	677.66
186.69	748.39
186.75	806.32
186.80	864.13
186.86	922.26
186.91	982.01
186.97	1037.69
187.02	1109.73
187.08	1179.43
187.13	1240.09
187.19	1308.11
187.24	1380.84
187.30	1437.57
187.35	1495.66
187.41	1571.11
187.47	1641.91
187.52	1698.86
187.58	1758.01
187.63	1824.57
187.69	1885.92
187.74	1935.36
187.80	1984.00
187.85	2028.62
187.91	2051.36
187.96	2038.64
188.02	1976.49
188.07	1867.20
188.13	1706.51
188.18	1536.14
188.24	1409.00
188.29	1347.96
188.35	1353.90
188.40	1432.95
188.46	1555.43
188.51	1677.85
188.57	1805.07
188.62	1929.39
188.67	2043.24
188.73	2150.98
188.78	2253.45
188.84	2352.30
188.89	2451.16
188.95	2554.78
189.00	2645.83
189.06	2740.31
189.11	2833.64
189.17	2914.36
189.22	2985.96
189.28	3072.82
189.33	3151.22
189.39	3214.62
189.44	3283.98
189.50	3357.51
189.55	3426.43
189.61	3481.88
189.66	3540.64
189.72	3596.77
189.77	3649.61
189.83	3676.33
189.88	3686.42
189.94	3660.01
189.99	3584.76
190.05	3434.72
190.10	3220.78
190.16	2975.98
190.21	2763.53
190.27	2624.99
190.32	2594.37
190.38	2670.26
190.43	2828.10
190.49	3014.57
190.54	3186.48
190.60	3346.19
190.65	3492.61
190.71	3627.24
190.76	3755.81
190.81	3883.87
190.87	4001.56
190.92	4121.34
190.98	4232.27
191.03	4336.31
191.09	4444.47
191.14	4544.14
191.20	4629.64
191.25	4725.40
191.31	4823.58
191.36	4910.38
191.42	4990.42
191.47	5076.51
191.53	5160.58
191.58	5228.21
191.64	5285.69
191.69	5343.75
191.75	5387.01
191.80	5415.56
191.85	5433.16
191.91	5453.36
191.96	5475.93
192.02	5506.16
192.07	5520.74
192.13	5517.94
192.18	5472.87
192.24	5357.97
192.29	5164.86
192.35	4942.31
192.40	4761.17
192.46	4655.29
192.51	4649.18
192.57	4743.03
192.62	4917.34
192.67	5101.61
192.73	5280.39
192.78	5443.58
192.84	5591.66
192.89	5726.90
192.95	5853.81
193.00	5964.63
193.06	6070.16
193.11	6176.39
193.17	6263.49
193.22	6346.68
193.28	6434.07
193.33	6511.43
193.38	6578.71
193.44	6650.54
193.49	6723.36
193.55	6779.78
193.60	6837.23
193.66	6887.61
193.71	6932.20
193.77	6957.52
193.82	6979.20
193.88	6995.78
193.93	7021.96
193.98	7049.35
194.04	7087.29
194.09	7134.63
194.15	7187.93
194.20	7233.91
194.26	7277.02
194.31	7319.86
194.37	7343.85
194.42	7352.94
194.47	7347.35
194.53	7305.00
194.58	7218.61
194.64	7118.06
194.69	7022.70
194.75	6952.14
194.80	6935.37
194.86	6978.64
194.91	7067.02
194.97	7172.81
195.02	7283.95
195.07	7393.32
195.13	7497.90
195.18	7610.05
195.24	7718.70
195.29	7831.36
195.35	7934.94
195.40	8039.87
195.46	8123.37
195.51	8207.44
195.56	8281.52
195.62	8351.26
195.67	8409.56
195.73	8471.99
195.78	8525.57
195.84	8571.61
195.89	8608.41
195.94	8644.84
196.00	8675.48
196.05	8706.81
196.11	8748.46
196.16	8795.51
196.22	8846.09
196.27	8901.42
196.32	8953.12
196.38	8998.92
196.43	9044.68
196.49	9082.26
196.54	9117.19
196.60	9161.34
196.65	9205.22
196.71	9247.52
196.76	9292.78
196.81	9330.41
196.87	9361.31
196.92	9389.22
196.98	9408.89
197.03	9420.11
197.09	9415.69
197.14	9408.86
197.19	9405.37
197.25	9421.16
197.30	9444.68
197.36	9498.39
197.41	9563.11
197.47	9627.26
197.52	9683.99
197.57	9749.57
197.63	9805.08
197.68	9859.05
197.74	9911.98
197.79	9959.56
197.84	10002.59
197.90	10050.76
197.95	10087.83
198.01	10127.13
198.06	10171.83
198.12	10218.06
198.17	10253.00
198.22	10296.40
198.28	10335.89
198.33	10378.26
198.39	10419.56
198.44	10475.73
198.49	10522.01
198.55	10569.60
198.60	10611.64
198.66	10652.15
198.71	10697.30
198.77	10743.97
198.82	10789.96
198.87	10842.01
198.93	10889.56
198.98	10924.84
199.04	10973.43
199.09	11017.48
199.14	11057.86
199.20	11103.65
199.25	11150.67
199.31	11189.01
199.36	11234.84
199.42	11274.43
199.47	11311.66
199.52	11350.85
199.58	11390.06
199.63	11411.51
199.69	11441.32
199.74	11476.59
199.79	11500.55
199.85	11528.66
199.90	11574.28
199.96	11615.41
200.01	11656.58
200.06	11708.81
200.12	11760.27
200.17	11814.11
200.23	11865.90
200.28	11909.71
200.33	11957.61
200.39	11999.76
200.44	12037.70
200.50	12082.40
200.55	12122.12
200.60	12159.05
200.66	12196.73
200.71	12227.84
200.77	12264.50
200.82	12300.36
200.87	12337.94
200.93	12374.23
200.98	12417.17
201.04	12452.26
201.09	12498.94
201.14	12550.09
201.20	12600.57
201.25	12657.82
201.31	12716.02
201.36	12777.75
201.41	12830.30
201.47	12888.98
201.52	12938.15
201.58	12999.64
201.63	13045.75
201.68	13093.35
201.74	13143.31
201.79	13196.40
201.84	13248.02
201.90	13298.23
201.95	13352.14
202.01	13406.06
202.06	13456.54
202.11	13492.35
202.17	13539.37
202.22	13583.46
202.28	13622.25
202.33	13664.30
202.38	13703.02
202.44	13747.48
202.49	13790.79
202.54	13835.86
202.60	13877.83
202.65	13933.30
202.71	13977.74
202.76	14021.58
202.81	14061.86
202.87	14109.60
202.92	14148.99
202.98	14200.96
203.03	14253.24
203.08	14309.43
203.14	14363.05
203.19	14423.63
203.24	14477.52
203.30	14527.87
203.35	14577.38
203.41	14623.56
203.46	14664.91
203.51	14707.97
203.57	14753.72
203.62	14805.47
203.67	14861.59
203.73	14911.10
203.78	14962.29
203.84	15017.62
203.89	15061.12
203.94	15103.05
204.00	15151.97
204.05	15196.53
204.10	15231.40
204.16	15269.31
204.21	15316.01
204.27	15360.44
204.32	15402.24
204.37	15459.93
204.43	15519.55
204.48	15568.36
204.53	15613.23
204.59	15665.60
204.64	15721.75
204.69	15777.89
204.75	15837.27
204.80	15904.11
204.86	15960.80
204.91	16010.38
204.96	16069.41
205.02	16118.61
205.07	16170.38
205.12	16232.02
205.18	16293.61
205.23	16345.51
205.28	16406.77
205.34	16462.17
205.39	16518.61
205.45	16572.20
205.50	16625.70
205.55	16682.27
205.61	16741.22
205.66	16796.26
205.71	16861.80
205.77	16922.72
205.82	16981.66
205.87	17034.74
205.93	17088.12
205.98	17131.35
206.03	17178.58
206.09	17226.33
206.14	17280.39
206.20	17333.03
206.25	17386.50
206.30	17446.24
206.36	17502.26
206.41	17562.96
206.46	17619.89
206.52	17668.78
206.57	17716.77
206.62	17756.92
206.68	17798.63
206.73	17845.89
206.78	17903.56
206.84	17954.59
206.89	18015.26
206.94	18073.20
207.00	18140.05
207.05	18204.44
207.11	18271.37
207.16	18329.84
207.21	18394.27
207.27	18447.60
207.32	18499.65
207.37	18557.14
207.43	18616.62
207.48	18668.07
207.53	18719.81
207.59	18777.51
207.64	18831.92
207.69	18903.77
207.75	18971.37
207.80	19027.20
207.85	19082.88
207.91	19139.21
207.96	19184.96
208.01	19237.21
208.07	19300.74
208.12	19362.31
208.17	19416.93
208.23	19467.94
208.28	19517.90
208.33	19574.00
208.39	19627.59
208.44	19692.25
208.49	19753.31
208.55	19813.44
208.60	19865.09
208.65	19919.53
208.71	19968.77
208.76	20024.15
208.81	20084.63
208.87	20150.61
208.92	20212.34
208.97	20271.75
209.03	20335.06
209.08	20391.36
209.13	20451.61
209.19	20510.73
209.24	20570.61
209.29	20630.38
209.35	20686.64
209.40	20744.97
209.45	20809.58
209.51	20876.48
209.56	20940.70
209.61	21012.37
209.67	21077.78
209.72	21138.13
209.77	21196.40
209.83	21251.37
209.88	21319.58
209.93	21382.85
209.99	21445.64
210.04	21519.45
210.09	21593.96
210.15	21646.15
210.20	21703.83
210.25	21768.84
210.31	21825.81
210.36	21875.37
210.41	21930.72
210.46	21989.12
210.52	22041.62
210.57	22093.16
210.62	22153.51
210.68	22220.65
210.73	22274.99
210.78	22331.11
210.84	22388.71
210.89	22449.56
210.94	22505.36
211.00	22567.07
211.05	22621.48
211.10	22681.90
211.16	22734.46
211.21	22797.97
211.26	22860.69
211.32	22932.14
211.37	22999.66
211.42	23067.01
211.47	23131.27
211.53	23197.45
211.58	23257.08
211.63	23312.81
211.69	23373.01
211.74	23424.70
211.79	23475.06
211.85	23534.44
211.90	23591.02
211.95	23656.14
212.01	23722.82
212.06	23802.85
212.11	23877.89
212.16	23956.95
212.22	24033.66
212.27	24102.32
212.32	24160.19
212.38	24222.84
212.43	24284.10
212.48	24345.71
212.54	24410.90
212.59	24484.97
212.64	24554.43
212.69	24619.18
212.75	24680.91
212.80	24743.85
212.85	24809.46
212.91	24861.81
212.96	24921.66
213.01	24987.07
213.07	25055.74
213.12	25116.97
213.17	25183.11
213.22	25245.54
213.28	25302.83
213.33	25348.51
213.38	25398.79
213.44	25456.80
213.49	25522.04
213.54	25595.04
213.60	25681.36
213.65	25762.49
213.70	25843.90
213.75	25919.78
213.81	25982.20
213.86	26043.08
213.91	26101.83
213.97	26152.58
214.02	26198.61
214.07	26247.67
214.12	26299.93
214.18	26359.61
214.23	26431.39
214.28	26501.37
214.34	26580.65
214.39	26657.06
214.44	26722.05
214.49	26775.17
214.55	26834.47
214.60	26890.61
214.65	26947.11
214.71	27000.36
214.76	27064.66
214.81	27131.80
214.86	27200.84
214.92	27258.22
214.97	27320.58
215.02	27389.39
215.08	27450.68
215.13	27518.45
215.18	27590.54
215.23	27668.36
215.29	27741.68
215.34	27816.78
215.39	27890.99
215.45	27970.68
215.50	28043.64
215.55	28109.99
215.60	28173.24
215.66	28219.84
215.71	28267.02
215.76	28326.89
215.81	28382.49
215.87	28437.90
215.92	28499.45
215.97	28558.75
216.03	28616.15
216.08	28670.28
216.13	28736.21
216.18	28796.27
216.24	28856.91
216.29	28912.62
216.34	28969.35
216.39	29028.85
216.45	29091.58
216.50	29153.27
216.55	29208.57
216.61	29278.86
216.66	29334.50
216.71	29391.61
216.76	29447.93
216.82	29521.99
216.87	29585.46
216.92	29663.18
216.97	29729.99
217.03	29809.98
217.08	29880.66
217.13	29961.84
217.18	30032.97
217.24	30109.42
217.29	30179.13
217.34	30230.07
217.39	30270.77
217.45	30311.58
217.50	30359.76
217.55	30406.62
217.61	30478.61
217.66	30549.54
217.71	30622.39
217.76	30697.96
217.82	30783.70
217.87	30856.30
217.92	30925.11
217.97	30996.58
218.03	31062.64
218.08	31105.67
218.13	31146.41
218.18	31195.87
218.24	31260.64
218.29	31313.30
218.34	31373.86
218.39	31441.21
218.45	31511.80
218.50	31565.76
218.55	31626.89
218.60	31688.09
218.66	31745.50
218.71	31801.80
218.76	31864.01
218.81	31930.87
218.87	32002.49
218.92	32075.04
218.97	32150.67
219.02	32218.95
219.08	32286.17
219.13	32356.91
219.18	32424.26
219.23	32483.10
219.29	32538.41
219.34	32595.63
219.39	32651.77
219.44	32715.10
219.50	32776.73
219.55	32840.58
219.60	32909.97
219.65	32980.57
219.71	33038.31
219.76	33098.22
219.81	33160.26
219.86	33210.44
219.92	33251.68
219.97	33303.39
220.02	33356.79
220.07	33417.21
220.13	33484.90
220.18	33556.99
220.23	33628.87
220.28	33707.29
220.33	33777.32
220.39	33833.93
220.44	33889.60
220.49	33946.12
220.54	33993.07
220.60	34047.06
220.65	34113.21
220.70	34177.97
220.75	34247.93
220.81	34334.28
220.86	34413.32
220.91	34478.63
220.96	34549.93
221.02	34622.65
221.07	34684.06
221.12	34739.21
221.17	34802.95
221.22	34859.39
221.28	34916.95
221.33	34974.46
221.38	35031.07
221.43	35098.25
221.49	35164.37
221.54	35220.65
221.59	35289.03
221.64	35367.81
221.69	35462.72
221.75	35564.32
221.80	35662.26
221.85	35734.03
221.90	35806.60
221.96	35859.69
222.01	35892.46
222.06	35935.65
222.11	35982.00
222.17	36023.90
222.22	36054.41
222.27	36103.25
222.32	36155.45
222.37	36212.06
222.43	36271.54
222.48	36334.36
222.53	36405.34
222.58	36478.00
222.63	36555.76
222.69	36628.22
222.74	36706.94
222.79	36773.34
222.84	36816.44
222.90	36865.51
222.95	36913.62
223.00	36947.50
223.05	36999.56
223.10	37061.56
223.16	37119.98
223.21	37170.80
223.26	37222.91
223.31	37260.26
223.36	37292.85
223.42	37320.32
223.47	37350.56
223.52	37399.82
223.57	37446.44
223.63	37504.04
223.68	37561.06
223.73	37637.27
223.78	37711.06
223.83	37784.47
223.89	37843.60
223.94	37914.28
223.99	37980.91
224.04	38045.12
224.09	38116.21
224.15	38206.68
224.20	38285.21
224.25	38369.77
224.30	38456.04
224.35	38542.36
224.41	38637.73
224.46	38732.32
224.51	38818.76
224.56	38903.53
224.61	38988.14
224.67	39055.29
224.72	39125.69
224.77	39217.46
224.82	39309.09
224.87	39391.08
224.93	39475.57
224.98	39568.07
225.03	39645.69
225.08	39720.92
225.13	39811.35
225.19	39907.75
225.24	39999.65
225.29	40080.82
225.34	40175.55
225.39	40258.44
225.45	40342.54
225.50	40424.55
225.55	40517.61
225.60	40601.10
225.65	40696.07
225.71	40781.62
225.76	40874.49
225.81	40968.32
225.86	41070.76
225.91	41169.54
225.97	41272.36
226.02	41374.71
226.07	41454.01
226.12	41517.74
226.17	41575.04
226.22	41637.19
226.28	41696.10
226.33	41771.97
226.38	41839.63
226.43	41911.17
226.48	41971.16
226.54	42035.27
226.59	42109.31
226.64	42195.42
226.69	42272.17
226.74	42349.91
226.80	42419.61
226.85	42466.64
226.90	42515.18
226.95	42568.46
227.00	42627.46
227.05	42693.56
227.11	42778.72
227.16	42858.68
227.21	42942.23
227.26	43027.63
227.31	43107.70
227.37	43163.74
227.42	43233.74
227.47	43309.88
227.52	43377.81
227.57	43431.54
227.62	43522.80
227.68	43596.06
227.73	43668.66
227.78	43742.89
227.83	43831.60
227.88	43896.41
227.93	43977.25
227.99	44058.61
228.04	44130.94
228.09	44212.95
228.14	44284.72
228.19	44345.72
228.24	44403.99
228.30	44473.05
228.35	44530.97
228.40	44604.09
228.45	44669.54
228.50	44745.90
228.56	44818.14
228.61	44877.27
228.66	44934.09
228.71	44996.80
228.76	45037.14
228.81	45086.51
228.87	45139.98
228.92	45200.57
228.97	45255.00
229.02	45348.28
229.07	45418.40
229.12	45504.65
229.17	45570.12
229.23	45656.81
229.28	45721.71
229.33	45801.34
229.38	45869.99
229.43	45950.26
229.48	46026.01
229.54	46088.46
229.59	46151.86
229.64	46226.44
229.69	46305.67
229.74	46392.56
229.79	46468.16
229.85	46546.87
229.90	46618.75
229.95	46682.80
230.00	46734.59
230.05	46813.86
230.10	46881.17
230.16	46945.66
230.21	47006.90
230.26	47070.48
230.31	47108.05
230.36	47168.23
230.41	47224.59
230.46	47312.22
230.52	47400.60
230.57	47490.45
230.62	47574.00
230.67	47646.71
230.72	47699.14
230.77	47736.84
230.82	47789.69
230.88	47823.30
230.93	47875.76
230.98	47916.44
231.03	47975.74
231.08	48025.79
231.13	48079.94
231.19	48139.46
231.24	48206.69
231.29	48278.44
231.34	48356.51
231.39	48433.45
231.44	48503.41
231.49	48559.11
231.55	48604.00
231.60	48637.02
231.65	48689.09
231.70	48739.26
231.75	48792.68
231.80	48836.82
231.85	48901.00
231.91	48937.53
231.96	48982.36
232.01	49038.33
232.06	49106.48
232.11	49163.96
232.16	49252.21
232.21	49342.44
232.26	49437.15
232.32	49515.42
232.37	49587.49
232.42	49647.66
232.47	49685.34
232.52	49722.85
232.57	49775.30
232.62	49836.00
232.68	49895.35
232.73	49973.85
232.78	50059.86
232.83	50136.49
232.88	50209.87
232.93	50290.28
232.98	50357.08
233.03	50401.80
233.09	50462.77
233.14	50533.97
233.19	50586.90
233.24	50638.12
233.29	50694.61
233.34	50728.70
233.39	50747.19
233.45	50772.56
233.50	50817.82
233.55	50863.21
233.60	50933.15
233.65	50997.63
233.70	51060.26
233.75	51107.35
233.80	51155.72
233.86	51204.30
233.91	51250.61
233.96	51298.77
234.01	51356.26
234.06	51415.24
234.11	51467.36
234.16	51520.31
234.21	51588.15
234.26	51635.76
234.32	51683.27
234.37	51717.76
234.42	51764.37
234.47	51783.97
234.52	51807.20
234.57	51837.97
234.62	51881.47
234.67	51931.33
234.73	51990.02
234.78	52051.74
234.83	52102.74
234.88	52150.47
234.93	52174.60
234.98	52213.65
235.03	52258.53
235.08	52317.61
235.13	52379.26
235.19	52448.62
235.24	52516.74
235.29	52579.09
235.34	52623.88
235.39	52653.06
235.44	52686.91
235.49	52718.63
235.54	52744.16
235.59	52757.32
235.65	52796.23
235.70	52833.61
235.75	52864.60
235.80	52918.53
235.85	52984.01
235.90	53022.62
235.95	53053.04
236.00	53086.03
236.05	53108.74
236.11	53129.25
236.16	53162.20
236.21	53210.44
236.26	53243.25
236.31	53268.55
236.36	53298.66
236.41	53318.25
236.46	53325.09
236.51	53347.96
236.56	53378.85
236.62	53407.75
236.67	53440.79
236.72	53488.97
236.77	53508.18
236.82	53543.88
236.87	53563.82
236.92	53589.36
236.97	53621.92
237.02	53680.41
237.07	53731.35
237.13	53796.28
237.18	53858.33
237.23	53897.03
237.28	53928.67
237.33	53960.32
237.38	53977.25
237.43	53990.07
237.48	53995.57
237.53	54021.76
237.58	54051.01
237.63	54103.07
237.69	54150.52
237.74	54205.01
237.79	54239.30
237.84	54248.66
237.89	54250.75
237.94	54251.56
237.99	54275.80
238.04	54302.65
238.09	54342.13
238.14	54366.76
238.19	54398.84
238.25	54414.44
238.30	54402.85
238.35	54390.79
238.40	54391.27
238.45	54390.20
238.50	54382.48
238.55	54405.89
238.60	54436.78
238.65	54458.91
238.70	54472.51
238.75	54494.95
238.80	54516.55
238.86	54529.17
238.91	54546.45
238.96	54580.04
239.01	54620.90
239.06	54653.92
239.11	54681.30
239.16	54712.23
239.21	54719.91
239.26	54711.34
239.31	54723.81
239.36	54727.38
239.41	54738.26
239.46	54760.72
239.52	54802.61
239.57	54818.47
239.62	54840.94
239.67	54868.63
239.72	54901.06
239.77	54907.06
239.82	54915.31
239.87	54932.60
239.92	54936.35
239.97	54913.28
240.02	54910.28
240.07	54893.22
240.12	54885.41
240.17	54889.13
240.23	54908.28
240.28	54905.50
240.33	54931.01
240.38	54925.94
240.43	54926.71
240.48	54946.92
240.53	54973.36
240.58	54984.38
240.63	55022.12
240.68	55030.66
240.73	55024.84
240.78	55020.86
240.83	55023.63
240.88	54998.28
240.93	54990.06
240.98	54977.03
241.04	54988.11
241.09	55005.45
241.14	55031.38
241.19	55065.11
241.24	55100.44
241.29	55114.71
241.34	55127.35
241.39	55147.44
241.44	55158.39
241.49	55161.52
241.54	55161.92
241.59	55162.98
241.64	55162.19
241.69	55150.05
241.74	55138.49
241.79	55133.44
241.84	55117.56
241.90	55094.90
241.95	55067.90
242.00	55047.56
242.05	55017.91
242.10	55006.44
242.15	54994.30
242.20	54996.12
242.25	55000.67
242.30	55002.90
242.35	54998.17
242.40	54999.77
242.45	54984.41
242.50	54978.31
242.55	54975.30
242.60	54967.99
242.65	54960.64
242.70	54973.02
242.75	54988.53
242.80	55026.20
242.85	55060.86
242.91	55090.32
242.96	55090.52
243.01	55077.43
243.06	55050.80
243.11	55011.84
243.16	54979.17
243.21	54974.39
243.26	54974.64
243.31	54984.87
243.36	54996.13
243.41	55010.74
243.46	55003.38
243.51	54979.20
243.56	54931.45
243.61	54882.18
243.66	54839.04
243.71	54813.83
243.76	54812.86
243.81	54827.32
243.86	54831.90
243.91	54842.16
243.96	54838.45
244.01	54813.11
244.06	54781.73
244.12	54772.78
244.17	54755.35
244.22	54761.15
244.27	54783.13
244.32	54813.95
244.37	54829.63
244.42	54824.08
244.47	54814.01
244.52	54796.25
244.57	54767.10
244.62	54750.05
244.67	54738.38
244.72	54722.34
244.77	54714.32
244.82	54726.77
244.87	54751.02
244.92	54776.23
244.97	54790.81
245.02	54782.99
245.07	54758.59
245.12	54729.91
245.17	54710.85
245.22	54706.09
245.27	54710.12
245.32	54682.68
245.37	54651.38
245.42	54612.17
245.47	54566.11
245.52	54515.96
245.57	54499.98
245.62	54485.41
245.67	54472.40
245.72	54457.01
245.77	54440.79
245.82	54422.55
245.87	54423.98
245.92	54430.22
245.98	54425.46
246.03	54425.59
246.08	54432.01
246.13	54421.21
246.18	54419.31
246.23	54420.35
246.28	54419.81
246.33	54407.02
246.38	54379.76
246.43	54346.16
246.48	54325.73
246.53	54317.62
246.58	54329.66
246.63	54333.74
246.68	54330.10
246.73	54308.34
246.78	54282.45
246.83	54221.97
246.88	54170.45
246.93	54119.63
246.98	54082.06
247.03	54050.57
247.08	54042.31
247.13	54036.13
247.18	54033.02
247.23	54046.86
247.28	54052.87
247.33	54033.78
247.38	54012.65
247.43	54001.71
247.48	53982.06
247.53	53952.40
247.58	53923.34
247.63	53905.38
247.68	53863.23
247.73	53815.49
247.78	53773.74
247.83	53757.22
247.88	53728.52
247.93	53728.87
247.98	53728.26
248.03	53734.25
248.08	53742.14
248.13	53741.11
248.18	53725.73
248.23	53718.71
248.28	53688.02
248.33	53646.99
248.38	53615.77
248.43	53584.87
248.48	53558.27
248.53	53551.28
248.58	53543.37
248.63	53536.97
248.68	53518.53
248.73	53491.75
248.78	53457.31
248.83	53405.21
248.88	53342.89
248.93	53273.74
248.98	53198.88
249.03	53158.65
249.08	53133.58
249.13	53132.62
249.18	53136.93
249.23	53146.12
249.28	53131.85
249.33	53125.91
249.38	53102.24
249.43	53089.48
249.48	53070.41
249.53	53058.77
249.58	53041.01
249.63	53024.75
249.68	53014.85
249.73	52999.59
249.78	52977.82
249.83	52972.32
249.88	52942.24
249.93	52913.58
249.98	52902.65
250.03	52899.02
250.08	52865.11
250.13	52860.80
250.18	52834.09
250.23	52788.09
250.28	52728.76
250.33	52673.78
250.37	52624.30
250.42	52593.60
250.47	52575.28
250.52	52567.81
250.57	52554.24
250.62	52527.61
250.67	52498.62
250.72	52478.54
250.77	52433.86
250.82	52419.06
250.87	52417.82
250.92	52402.61
250.97	52375.56
251.02	52369.89
251.07	52358.66
251.12	52335.87
251.17	52316.79
251.22	52286.24
251.27	52257.64
251.32	52206.04
251.37	52152.83
251.42	52093.36
251.47	52052.02
251.52	52020.18
251.57	52007.65
251.62	51991.76
251.67	51988.57
251.72	51973.68
251.77	51941.23
251.82	51897.12
251.87	51858.07
251.92	51811.60
251.97	51759.61
252.02	51712.44
252.07	51683.31
252.12	51672.07
252.16	51665.95
252.21	51667.07
252.26	51676.59
252.31	51680.10
252.36	51663.52
252.41	51638.42
252.46	51616.39
252.51	51586.23
252.56	51548.66
252.61	51521.76
252.66	51500.30
252.71	51472.93
252.76	51444.48
252.81	51404.87
252.86	51348.80
252.91	51298.17
252.96	51230.02
253.01	51163.65
253.06	51106.31
253.11	51061.56
253.16	51018.91
253.21	50983.47
253.26	50952.32
253.31	50921.67
253.36	50897.88
253.40	50869.26
253.45	50861.34
253.50	50814.49
253.55	50778.63
253.60	50737.28
253.65	50697.20
253.70	50658.11
253.75	50649.83
253.80	50632.53
253.85	50623.69
253.90	50630.05
253.95	50619.89
254.00	50613.92
254.05	50605.79
254.10	50574.76
254.15	50533.05
254.20	50502.11
254.25	50464.22
254.30	50426.86
254.35	50380.34
254.39	50310.31
254.44	50232.34
254.49	50154.59
254.54	50125.37
254.59	50101.12
254.64	50099.18
254.69	50101.14
254.74	50106.46
254.79	50076.91
254.84	50041.65
254.89	50018.27
254.94	50001.80
254.99	49989.60
255.04	49970.93
255.09	49967.64
255.14	49944.88
255.19	49928.46
255.23	49913.32
255.28	49901.71
255.33	49892.88
255.38	49880.80
255.43	49859.18
255.48	49829.80
255.53	49784.61
255.58	49749.75
255.63	49714.02
255.68	49671.33
255.73	49629.19
255.78	49604.60
255.83	49577.58
255.88	49553.47
255.93	49528.07
255.97	49510.54
256.02	49477.98
256.07	49435.52
256.12	49373.06
256.17	49328.66
256.22	49271.08
256.27	49223.69
256.32	49178.37
256.37	49151.82
256.42	49126.66
256.47	49100.38
256.52	49069.23
256.57	49043.02
256.62	49037.99
256.66	49019.51
256.71	48994.38
256.76	48954.61
256.81	48913.38
256.86	48855.68
256.91	48810.72
256.96	48767.81
257.01	48742.03
257.06	48711.06
257.11	48675.94
257.16	48628.39
257.21	48594.64
257.26	48550.51
257.30	48511.10
257.35	48472.37
257.40	48450.42
257.45	48432.35
257.50	48414.75
257.55	48392.53
257.60	48369.53
257.65	48340.73
257.70	48299.22
257.75	48261.36
257.80	48229.81
257.85	48197.29
257.89	48156.12
257.94	48102.06
257.99	48035.60
258.04	47983.17
258.09	47943.16
258.14	47903.24
258.19	47890.72
258.24	47871.97
258.29	47828.47
258.34	47782.66
258.39	47750.85
258.44	47689.18
258.48	47645.20
258.53	47620.91
258.58	47581.78
258.63	47530.91
258.68	47492.51
258.73	47467.70
258.78	47422.19
258.83	47393.04
258.88	47345.47
258.93	47308.46
258.97	47263.76
259.02	47237.49
259.07	47203.64
259.12	47196.61
259.17	47183.54
259.22	47169.29
259.27	47141.88
259.32	47126.60
259.37	47080.81
259.42	47044.58
259.47	46998.30
259.51	46953.06
259.56	46883.54
259.61	46812.21
259.66	46728.01
259.71	46660.56
259.76	46596.10
259.81	46540.05
259.86	46510.40
259.91	46486.55
259.95	46454.49
260.00	46427.45
260.05	46405.19
260.10	46386.21
260.15	46364.86
260.20	46354.16
260.25	46349.77
260.30	46343.85
260.35	46310.65
260.40	46282.19
260.44	46261.65
260.49	46236.51
260.54	46203.13
260.59	46184.86
260.64	46178.65
260.69	46168.11
260.74	46129.48
260.79	46094.67
260.84	46042.97
260.88	45983.79
260.93	45906.36
260.98	45871.14
261.03	45831.26
261.08	45811.21
261.13	45771.97
261.18	45733.26
261.23	45674.58
261.28	45622.56
261.32	45573.72
261.37	45526.71
261.42	45497.48
261.47	45469.89
261.52	45431.28
261.57	45390.08
261.62	45355.98
261.67	45300.79
261.71	45236.19
261.76	45197.25
261.81	45142.82
261.86	45083.03
261.91	45038.07
261.96	45006.93
262.01	44963.13
262.06	44935.09
262.10	44924.94
262.15	44905.11
262.20	44889.50
262.25	44871.18
262.30	44857.86
262.35	44834.10
262.40	44810.59
262.45	44779.78
262.49	44758.02
262.54	44719.06
262.59	44684.49
262.64	44653.92
262.69	44611.31
262.74	44557.69
262.79	44503.48
262.84	44459.41
262.88	44418.67
262.93	44373.70
262.98	44340.22
263.03	44301.01
263.08	44252.16
263.13	44179.76
263.18	44117.02
263.23	44051.98
263.27	44011.62
263.32	43974.36
263.37	43952.76
263.42	43938.01
263.47	43912.67
263.52	43888.38
263.57	43853.18
263.61	43819.29
263.66	43774.51
263.71	43740.18
263.76	43703.64
263.81	43669.66
263.86	43634.71
263.91	43596.90
263.95	43541.88
264.00	43479.85
264.05	43419.48
264.10	43349.33
264.15	43282.14
264.20	43247.56
264.25	43206.21
264.29	43164.48
264.34	43116.70
264.39	43087.50
264.44	43031.83
264.49	42988.37
264.54	42947.40
264.59	42924.53
264.63	42875.68
264.68	42825.58
264.73	42769.49
264.78	42715.31
264.83	42647.25
264.88	42608.31
264.93	42579.97
264.97	42547.64
265.02	42523.27
265.07	42517.67
265.12	42476.16
265.17	42431.29
265.22	42399.02
265.27	42338.80
265.31	42276.39
265.36	42218.96
265.41	42165.00
265.46	42103.29
265.51	42046.49
265.56	41979.65
265.60	41926.07
265.65	41863.63
265.70	41800.37
265.75	41743.27
265.80	41697.45
265.85	41637.05
265.90	41579.38
265.94	41529.82
265.99	41467.08
266.04	41408.25
266.09	41369.24
266.14	41336.24
266.19	41301.96
266.23	41276.47
266.28	41238.14
266.33	41206.48
266.38	41178.10
266.43	41149.55
266.48	41133.07
266.52	41111.81
266.57	41073.79
266.62	41031.75
266.67	40985.73
266.72	40933.42
266.77	40897.83
266.81	40869.88
266.86	40843.16
266.91	40813.21
266.96	40773.07
267.01	40727.73
267.06	40672.69
267.10	40621.96
267.15	40571.65
267.20	40541.72
267.25	40507.18
267.30	40476.08
267.35	40447.46
267.39	40405.57
267.44	40363.56
267.49	40316.95
267.54	40267.38
267.59	40208.04
267.64	40159.15
267.68	40090.11
267.73	40028.88
267.78	39987.25
267.83	39965.48
267.88	39951.67
267.93	39948.00
267.97	39941.93
268.02	39917.80
268.07	39868.38
268.12	39811.05
268.17	39753.00
268.21	39707.00
268.26	39651.12
268.31	39604.78
268.36	39562.12
268.41	39519.22
268.46	39464.61
268.50	39431.68
268.55	39387.68
268.60	39334.67
268.65	39272.34
268.70	39199.57
268.74	39125.59
268.79	39051.41
268.84	38990.61
268.89	38955.58
268.94	38926.81
268.99	38886.72
269.03	38850.74
269.08	38808.66
269.13	38727.67
269.18	38648.43
269.23	38557.43
269.27	38450.32
269.32	38323.31
269.37	38208.63
269.42	38072.04
269.47	37937.98
269.51	37802.57
269.56	37665.02
269.61	37525.92
269.66	37380.54
269.71	37224.71
269.76	37075.63
269.80	36927.65
269.85	36773.92
269.90	36631.79
269.95	36485.30
270.00	36329.60
270.04	36179.59
270.09	36036.10
270.14	35889.64
270.19	35754.64
270.24	35623.35
270.28	35468.29
270.33	35302.36
270.38	35130.43
270.43	34951.51
270.48	34772.07
270.52	34616.09
270.57	34450.17
270.62	34291.82
270.67	34145.08
270.72	33986.00
270.76	33812.17
270.81	33645.66
270.86	33479.82
270.91	33303.38
270.96	33138.07
271.00	32979.23
271.05	32830.81
271.10	32688.77
271.15	32557.30
271.20	32432.94
271.24	32300.91
271.29	32162.70
271.34	32014.64
271.39	31861.94
271.44	31709.13
271.48	31575.52
271.53	31430.79
271.58	31291.18
271.63	31146.73
271.67	31002.17
271.72	30855.85
271.77	30715.46
271.82	30576.81
271.87	30434.84
271.91	30279.10
271.96	30128.64
272.01	29984.24
272.06	29853.52
272.11	29738.38
272.15	29638.38
272.20	29541.94
272.25	29449.57
272.30	29350.65
272.35	29241.61
272.39	29133.39
272.44	29004.25
272.49	28873.77
272.54	28729.73
272.58	28588.65
272.63	28437.92
272.68	28287.95
272.73	28128.49
272.78	27953.93
272.82	27754.31
272.87	27533.44
272.92	27250.46
272.97	26724.58
273.01	23784.46
273.06	18858.67
273.11	13428.96
273.16	8100.44
273.21	3049.93
273.25	459.67
273.30	-88.42
273.35	-90.26
