165.32	3385.14
165.38	-248.65
165.44	597.12
165.50	-76.55
165.55	-16.30
165.61	7.56
165.67	36.42
165.72	45.88
165.78	52.27
165.84	50.43
165.89	47.61
165.95	46.49
166.01	46.00
166.06	46.82
166.12	49.73
166.18	47.99
166.23	49.91
166.29	49.37
166.35	46.51
166.40	45.55
166.46	51.54
166.52	54.19
166.57	55.27
166.63	55.45
166.69	57.71
166.74	51.44
166.80	51.62
166.86	53.52
166.91	54.41
166.97	48.91
167.03	51.92
167.08	46.12
167.14	44.94
167.20	43.40
167.25	55.06
167.31	55.12
167.37	60.61
167.42	62.82
167.48	68.65
167.54	64.23
167.59	63.69
167.65	59.37
167.71	59.05
167.76	57.87
167.82	52.74
167.88	52.66
167.93	60.47
167.99	59.52
168.05	62.14
168.10	70.56
168.16	70.07
168.21	68.02
168.27	72.28
168.33	73.61
168.38	65.88
168.44	70.59
168.50	69.04
168.55	67.07
168.61	67.46
168.67	69.64
168.72	66.86
168.78	67.36
168.84	63.77
168.89	62.29
168.95	62.44
169.01	61.48
169.06	60.94
169.12	59.94
169.18	58.19
169.23	58.67
169.29	63.22
169.34	67.61
169.40	70.33
169.46	74.85
169.51	76.69
169.57	71.96
169.63	67.47
169.68	72.52
169.74	69.09
169.80	75.19
169.85	76.77
169.91	81.29
169.97	77.40
170.02	77.02
170.08	76.00
170.13	76.72
170.19	76.20
170.25	77.48
170.30	81.30
170.36	72.61
170.42	74.04
170.47	74.77
170.53	76.58
170.59	73.80
170.64	77.50
170.70	75.87
170.76	73.80
170.81	75.14
170.87	74.84
170.92	75.63
170.98	78.44
171.04	80.77
171.09	77.15
171.15	84.87
171.21	86.09
171.26	83.77
171.32	81.38
171.37	84.73
171.43	78.72
171.49	82.64
171.54	85.64
171.60	86.91
171.66	88.47
171.71	88.68
171.77	86.47
171.83	92.14
171.88	91.26
171.94	91.05
171.99	96.07
172.05	94.79
172.11	95.51
172.16	103.60
172.22	104.35
172.28	104.61
172.33	103.32
172.39	100.34
172.44	97.76
172.50	102.41
172.56	101.64
172.61	109.72
172.67	109.95
172.72	109.72
172.78	105.27
172.84	100.42
172.89	94.03
172.95	92.96
173.01	93.90
173.06	92.31
173.12	98.31
173.17	99.36
173.23	99.22
173.29	99.10
173.34	100.80
173.40	95.15
173.46	95.68
173.51	98.05
173.57	98.70
173.62	93.28
173.68	99.82
173.74	98.85
173.79	100.07
173.85	97.22
173.90	99.62
173.96	95.98
174.02	93.12
174.07	85.32
174.13	84.41
174.18	86.94
174.24	80.59
174.30	81.05
174.35	86.24
174.41	83.30
174.47	77.18
174.52	78.43
174.58	77.50
174.63	72.96
174.69	71.87
174.75	73.83
174.80	84.74
174.86	82.30
174.91	83.36
174.97	83.29
175.03	80.61
175.08	68.23
175.14	74.95
175.19	71.22
175.25	72.07
175.31	76.56
175.36	78.38
175.42	75.15
175.47	79.57
175.53	79.41
175.59	75.92
175.64	77.48
175.70	75.94
175.75	71.50
175.81	70.49
175.87	71.78
175.92	68.12
175.98	69.71
176.03	69.97
176.09	70.44
176.15	70.47
176.20	71.26
176.26	71.18
176.31	74.31
176.37	71.76
176.42	72.97
176.48	76.68
176.54	73.99
176.59	71.06
176.65	73.68
176.70	74.69
176.76	74.18
176.82	72.73
176.87	69.83
176.93	69.67
176.98	68.54
177.04	63.17
177.10	67.44
177.15	69.38
177.21	70.22
177.26	69.00
177.32	72.96
177.37	74.48
177.43	78.01
177.49	74.25
177.54	71.92
177.60	72.62
177.65	73.27
177.71	67.55
177.77	70.46
177.82	72.05
177.88	75.74
177.93	71.21
177.99	77.52
178.04	73.63
178.10	74.42
178.16	67.47
178.21	68.62
178.27	66.06
178.32	70.16
178.38	69.00
178.43	70.84
178.49	70.72
178.55	70.00
178.60	68.28
178.66	67.51
178.71	68.91
178.77	66.42
178.82	67.10
178.88	67.19
178.94	67.69
178.99	68.88
179.05	73.75
179.10	70.06
179.16	72.97
179.21	75.07
179.27	73.50
179.33	69.04
179.38	72.72
179.44	70.90
179.49	71.46
179.55	69.30
179.60	69.13
179.66	68.28
179.72	70.92
179.77	68.07
179.83	67.36
179.88	69.43
179.94	70.44
179.99	66.36
180.05	66.73
180.11	67.74
180.16	70.06
180.22	72.46
180.27	77.02
180.33	77.84
180.38	81.86
180.44	77.26
180.49	76.78
180.55	74.77
180.61	78.19
180.66	72.62
180.72	71.09
180.77	69.72
180.83	69.99
180.88	67.55
180.94	67.82
180.99	71.58
181.05	71.67
181.11	72.00
181.16	72.27
181.22	73.69
181.27	75.42
181.33	73.43
181.38	70.80
181.44	72.36
181.49	76.62
181.55	77.55
181.61	84.01
181.66	86.50
181.72	83.96
181.77	81.22
181.83	79.11
181.88	84.31
181.94	86.13
181.99	90.95
182.05	91.24
182.11	91.15
182.16	81.63
182.22	78.66
182.27	73.67
182.33	76.21
182.38	76.40
182.44	81.31
182.49	83.54
182.55	85.82
182.60	85.27
182.66	88.29
182.72	90.57
182.77	93.04
182.83	96.22
182.88	98.80
182.94	100.25
182.99	97.47
183.05	95.82
183.10	98.06
183.16	97.29
183.21	97.97
183.27	104.73
183.32	108.46
183.38	110.69
183.44	116.57
183.49	120.12
183.55	119.95
183.60	124.85
183.66	129.25
183.71	136.57
183.77	142.79
183.82	150.81
183.88	160.07
183.93	169.63
183.99	181.01
184.04	196.57
184.10	207.60
184.15	217.79
184.21	229.95
184.27	232.59
184.32	232.71
184.38	231.31
184.43	229.45
184.49	216.21
184.54	202.64
184.60	197.69
184.65	187.04
184.71	178.72
184.76	180.25
184.82	195.89
184.87	209.37
184.93	231.71
184.98	256.95
185.04	285.76
185.09	307.42
185.15	330.73
185.20	360.26
185.26	392.65
185.31	419.60
185.37	446.19
185.43	465.95
185.48	483.93
185.54	506.13
185.59	530.09
185.65	553.82
185.70	592.26
185.76	635.60
185.81	667.48
185.87	703.52
185.92	745.42
185.98	779.67
186.03	796.81
186.09	800.81
186.14	779.11
186.20	731.70
186.25	652.42
186.31	573.18
186.36	510.80
186.42	485.01
186.47	495.29
186.53	541.52
186.58	607.89
186.64	680.48
186.69	749.58
186.75	807.87
186.80	865.37
186.86	923.30
186.91	982.16
186.97	1038.73
187.02	1110.45
187.08	1179.84
187.13	1241.39
187.19	1310.07
187.24	1380.60
187.30	1436.27
187.35	1495.87
187.41	1569.67
187.47	1639.06
187.52	1699.11
187.58	1759.38
187.63	1824.79
187.69	1886.33
187.74	1937.31
187.80	1983.48
187.85	2027.87
187.91	2050.62
187.96	2038.99
188.02	1976.63
188.07	1868.97
188.13	1709.29
188.18	1539.71
188.24	1413.17
188.29	1352.39
188.35	1358.72
188.40	1435.65
188.46	1559.44
188.51	1680.10
188.57	1805.56
188.62	1927.45
188.67	2043.22
188.73	2150.36
188.78	2255.02
188.84	2355.67
188.89	2457.67
188.95	2560.34
189.00	2649.00
189.06	2745.92
189.11	2839.75
189.17	2919.95
189.22	2991.94
189.28	3078.21
189.33	3152.16
189.39	3215.42
189.44	3282.88
189.50	3357.72
189.55	3428.56
189.61	3483.79
189.66	3542.44
189.72	3600.47
189.77	3651.51
189.83	3679.38
189.88	3690.05
189.94	3663.06
189.99	3586.27
190.05	3439.23
190.10	3226.27
190.16	2981.95
190.21	2768.53
190.27	2632.96
190.32	2599.05
190.38	2673.57
190.43	2831.64
190.49	3020.30
190.54	3189.98
190.60	3348.68
190.65	3492.72
190.71	3626.06
190.76	3754.67
190.81	3882.59
190.87	4002.32
190.92	4125.65
190.98	4235.09
191.03	4336.93
191.09	4442.78
191.14	4541.03
191.20	4625.83
191.25	4724.43
191.31	4821.94
191.36	4908.60
191.42	4992.24
191.47	5076.59
191.53	5159.86
191.58	5229.16
191.64	5289.14
191.69	5347.25
191.75	5390.32
191.80	5419.66
191.85	5441.38
191.91	5462.91
191.96	5479.56
192.02	5509.70
192.07	5521.61
192.13	5514.58
192.18	5468.47
192.24	5356.01
192.29	5164.08
192.35	4946.90
192.40	4766.32
192.46	4658.13
192.51	4653.37
192.57	4743.77
192.62	4913.54
192.67	5094.67
192.73	5270.15
192.78	5432.28
192.84	5582.72
192.89	5719.42
192.95	5847.26
193.00	5962.07
193.06	6070.32
193.11	6178.66
193.17	6268.65
193.22	6354.34
193.28	6445.93
193.33	6516.85
193.38	6582.62
193.44	6650.82
193.49	6724.01
193.55	6778.43
193.60	6839.43
193.66	6894.94
193.71	6938.82
193.77	6962.91
193.82	6987.19
193.88	7004.92
193.93	7026.99
193.98	7055.01
194.04	7094.41
194.09	7139.37
194.15	7191.57
194.20	7238.85
194.26	7281.50
194.31	7325.19
194.37	7350.91
194.42	7361.21
194.47	7351.20
194.53	7310.89
194.58	7223.22
194.64	7117.64
194.69	7024.86
194.75	6958.12
194.80	6941.96
194.86	6983.98
194.91	7074.32
194.97	7174.53
195.02	7284.59
195.07	7390.84
195.13	7497.75
195.18	7611.49
195.24	7724.35
195.29	7836.99
195.35	7941.51
195.40	8045.90
195.46	8129.19
195.51	8212.76
195.56	8290.68
195.62	8363.19
195.67	8421.77
195.73	8485.62
195.78	8538.55
195.84	8577.94
195.89	8611.68
195.94	8645.27
196.00	8676.21
196.05	8708.56
196.11	8750.92
196.16	8800.54
196.22	8853.63
196.27	8904.21
196.32	8955.04
196.38	9002.51
196.43	9047.18
196.49	9084.40
196.54	9126.25
196.60	9170.61
196.65	9214.94
196.71	9259.39
196.76	9306.48
196.81	9341.51
196.87	9374.91
196.92	9403.53
196.98	9420.92
197.03	9427.09
197.09	9424.22
197.14	9415.25
197.19	9413.35
197.25	9425.46
197.30	9452.16
197.36	9505.89
197.41	9568.01
197.47	9629.93
197.52	9690.74
197.57	9754.50
197.63	9803.21
197.68	9859.15
197.74	9913.19
197.79	9961.67
197.84	10004.32
197.90	10054.34
197.95	10095.42
198.01	10134.83
198.06	10178.20
198.12	10228.04
198.17	10268.06
198.22	10308.36
198.28	10348.25
198.33	10390.98
198.39	10433.53
198.44	10481.19
198.49	10530.12
198.55	10574.02
198.60	10620.37
198.66	10661.02
198.71	10709.05
198.77	10754.19
198.82	10806.87
198.87	10852.09
198.93	10898.10
198.98	10940.46
199.04	10983.92
199.09	11019.38
199.14	11062.62
199.20	11102.56
199.25	11142.17
199.31	11185.53
199.36	11234.04
199.42	11278.39
199.47	11321.62
199.52	11359.84
199.58	11395.12
199.63	11421.44
199.69	11448.85
199.74	11480.22
199.79	11507.45
199.85	11537.06
199.90	11581.46
199.96	11621.57
200.01	11663.43
200.06	11716.56
200.12	11767.73
200.17	11815.50
200.23	11867.49
200.28	11912.98
200.33	11963.06
200.39	12006.85
200.44	12048.87
200.50	12092.63
200.55	12132.42
200.60	12163.30
200.66	12201.05
200.71	12237.09
200.77	12273.06
200.82	12312.82
200.87	12356.71
200.93	12395.96
200.98	12433.82
201.04	12471.41
201.09	12513.27
201.14	12559.88
201.20	12607.05
201.25	12666.61
201.31	12721.02
201.36	12782.84
201.41	12839.12
201.47	12896.98
201.52	12943.43
201.58	13001.88
201.63	13048.83
201.68	13095.57
201.74	13146.82
201.79	13200.96
201.84	13253.73
201.90	13302.08
201.95	13357.57
202.01	13408.14
202.06	13456.01
202.11	13496.27
202.17	13546.76
202.22	13588.61
202.28	13630.97
202.33	13674.43
202.38	13713.75
202.44	13759.21
202.49	13804.51
202.54	13852.15
202.60	13900.16
202.65	13949.95
202.71	13992.29
202.76	14031.86
202.81	14071.70
202.87	14117.82
202.92	14166.63
202.98	14218.25
203.03	14269.80
203.08	14326.36
203.14	14379.02
203.19	14431.77
203.24	14488.30
203.30	14543.71
203.35	14588.75
203.41	14637.06
203.46	14680.78
203.51	14718.23
203.57	14764.47
203.62	14815.01
203.67	14869.30
203.73	14916.90
203.78	14969.08
203.84	15018.10
203.89	15061.22
203.94	15099.46
204.00	15152.05
204.05	15201.20
204.10	15246.84
204.16	15290.68
204.21	15334.22
204.27	15371.26
204.32	15409.46
204.37	15455.67
204.43	15506.14
204.48	15557.72
204.53	15611.14
204.59	15669.34
204.64	15727.50
204.69	15790.75
204.75	15851.43
204.80	15912.70
204.86	15966.92
204.91	16020.12
204.96	16073.81
205.02	16124.81
205.07	16180.51
205.12	16240.09
205.18	16301.83
205.23	16359.45
205.28	16420.92
205.34	16474.12
205.39	16524.94
205.45	16577.46
205.50	16631.07
205.55	16681.56
205.61	16741.10
205.66	16799.97
205.71	16865.87
205.77	16928.34
205.82	16993.86
205.87	17050.39
205.93	17108.07
205.98	17150.51
206.03	17192.74
206.09	17235.20
206.14	17285.28
206.20	17336.46
206.25	17389.18
206.30	17447.87
206.36	17507.00
206.41	17570.97
206.46	17626.48
206.52	17672.24
206.57	17728.08
206.62	17772.55
206.68	17816.67
206.73	17861.42
206.78	17920.75
206.84	17967.96
206.89	18031.86
206.94	18087.65
207.00	18159.72
207.05	18229.14
207.11	18297.94
207.16	18351.51
207.21	18408.76
207.27	18458.38
207.32	18513.38
207.37	18573.11
207.43	18633.57
207.48	18684.92
207.53	18736.74
207.59	18789.33
207.64	18836.66
207.69	18903.92
207.75	18974.68
207.80	19036.30
207.85	19089.34
207.91	19149.01
207.96	19194.33
208.01	19248.76
208.07	19308.51
208.12	19369.97
208.17	19420.33
208.23	19469.13
208.28	19523.77
208.33	19579.31
208.39	19637.83
208.44	19703.03
208.49	19766.67
208.55	19824.36
208.60	19878.15
208.65	19928.72
208.71	19983.74
208.76	20044.25
208.81	20102.77
208.87	20166.25
208.92	20224.37
208.97	20282.87
209.03	20344.87
209.08	20405.63
209.13	20471.01
209.19	20531.94
209.24	20585.37
209.29	20641.14
209.35	20693.95
209.40	20747.07
209.45	20809.76
209.51	20880.06
209.56	20941.94
209.61	21008.80
209.67	21074.35
209.72	21136.83
209.77	21195.45
209.83	21259.00
209.88	21326.44
209.93	21388.32
209.99	21451.45
210.04	21516.63
210.09	21583.44
210.15	21637.70
210.20	21693.60
210.25	21756.07
210.31	21822.69
210.36	21873.58
210.41	21929.24
210.46	21992.92
210.52	22046.09
210.57	22092.75
210.62	22154.31
210.68	22222.05
210.73	22273.68
210.78	22341.26
210.84	22401.86
210.89	22463.90
210.94	22517.31
211.00	22577.68
211.05	22623.48
211.10	22686.82
211.16	22741.21
211.21	22808.24
211.26	22875.62
211.32	22949.68
211.37	23014.86
211.42	23082.08
211.47	23146.01
211.53	23211.15
211.58	23270.13
211.63	23329.90
211.69	23390.12
211.74	23443.68
211.79	23492.84
211.85	23555.30
211.90	23616.37
211.95	23684.16
212.01	23754.91
212.06	23830.95
212.11	23902.63
212.16	23976.65
212.22	24047.75
212.27	24109.29
212.32	24173.85
212.38	24242.50
212.43	24302.82
212.48	24362.96
212.54	24433.52
212.59	24501.50
212.64	24557.46
212.69	24620.91
212.75	24684.00
212.80	24747.27
212.85	24813.83
212.91	24873.29
212.96	24927.71
213.01	24992.09
213.07	25050.15
213.12	25110.17
213.17	25174.55
213.22	25249.14
213.28	25306.24
213.33	25361.34
213.38	25418.65
213.44	25478.82
213.49	25541.50
213.54	25618.04
213.60	25701.48
213.65	25781.42
213.70	25867.97
213.75	25939.12
213.81	25998.19
213.86	26059.71
213.91	26112.89
213.97	26162.05
214.02	26214.63
214.07	26271.84
214.12	26325.06
214.18	26384.86
214.23	26449.51
214.28	26517.10
214.34	26581.36
214.39	26659.96
214.44	26727.27
214.49	26778.78
214.55	26828.27
214.60	26890.04
214.65	26933.72
214.71	26983.86
214.76	27047.10
214.81	27118.30
214.86	27186.04
214.92	27256.98
214.97	27324.46
215.02	27391.20
215.08	27455.76
215.13	27527.91
215.18	27593.12
215.23	27668.87
215.29	27749.75
215.34	27830.17
215.39	27904.04
215.45	27982.36
215.50	28053.72
215.55	28113.76
215.60	28174.34
215.66	28221.43
215.71	28276.70
215.76	28338.00
215.81	28399.41
215.87	28453.41
215.92	28511.71
215.97	28559.95
216.03	28616.29
216.08	28670.63
216.13	28731.81
216.18	28796.09
216.24	28864.48
216.29	28914.58
216.34	28972.63
216.39	29034.34
216.45	29089.37
216.50	29144.10
216.55	29207.55
216.61	29276.77
216.66	29327.59
216.71	29393.38
216.76	29457.33
216.82	29532.18
216.87	29598.88
216.92	29683.64
216.97	29750.14
217.03	29830.27
217.08	29902.07
217.13	29973.55
217.18	30042.88
217.24	30111.84
217.29	30171.01
217.34	30214.87
217.39	30263.40
217.45	30305.54
217.50	30361.12
217.55	30417.49
217.61	30498.54
217.66	30566.16
217.71	30629.42
217.76	30702.71
217.82	30782.01
217.87	30848.27
217.92	30921.12
217.97	30998.46
218.03	31055.89
218.08	31100.12
218.13	31145.22
218.18	31190.38
218.24	31255.69
218.29	31317.68
218.34	31376.52
218.39	31443.72
218.45	31515.29
218.50	31568.03
218.55	31631.09
218.60	31697.54
218.66	31753.82
218.71	31812.13
218.76	31879.95
218.81	31942.44
218.87	32011.69
218.92	32083.90
218.97	32159.37
219.02	32226.71
219.08	32294.54
219.13	32362.98
219.18	32427.39
219.23	32483.77
219.29	32544.17
219.34	32603.25
219.39	32666.37
219.44	32729.41
219.50	32796.52
219.55	32851.87
219.60	32919.29
219.65	32986.52
219.71	33046.80
219.76	33101.40
219.81	33160.68
219.86	33217.85
219.92	33266.19
219.97	33322.30
220.02	33385.00
220.07	33445.86
220.13	33507.68
220.18	33570.36
220.23	33639.80
220.28	33712.64
220.33	33791.16
220.39	33854.30
220.44	33913.59
220.49	33965.92
220.54	34016.77
220.60	34064.47
220.65	34126.39
220.70	34198.73
220.75	34274.12
220.81	34355.22
220.86	34434.53
220.91	34504.91
220.96	34573.36
221.02	34640.67
221.07	34704.69
221.12	34759.77
221.17	34810.95
221.22	34866.92
221.28	34923.04
221.33	34983.99
221.38	35046.25
221.43	35119.03
221.49	35181.10
221.54	35243.25
221.59	35303.54
221.64	35386.22
221.69	35476.87
221.75	35576.25
221.80	35678.54
221.85	35750.73
221.90	35817.63
221.96	35872.55
222.01	35909.48
222.06	35944.56
222.11	35995.88
222.17	36031.87
222.22	36061.79
222.27	36109.34
222.32	36152.69
222.37	36206.80
222.43	36275.11
222.48	36339.80
222.53	36410.57
222.58	36487.45
222.63	36558.72
222.69	36614.57
222.74	36697.95
222.79	36762.10
222.84	36808.65
222.90	36864.07
222.95	36923.40
223.00	36956.62
223.05	37009.19
223.10	37068.06
223.16	37121.55
223.21	37171.17
223.26	37221.77
223.31	37262.76
223.36	37304.07
223.42	37344.73
223.47	37373.89
223.52	37418.77
223.57	37466.13
223.63	37516.43
223.68	37567.49
223.73	37649.43
223.78	37723.22
223.83	37792.33
223.89	37851.88
223.94	37915.14
223.99	37971.07
224.04	38046.19
224.09	38117.22
224.15	38214.38
224.20	38301.86
224.25	38392.19
224.30	38470.77
224.35	38560.64
224.41	38651.83
224.46	38744.12
224.51	38821.65
224.56	38902.62
224.61	38988.32
224.67	39064.16
224.72	39137.59
224.77	39237.83
224.82	39336.13
224.87	39413.74
224.93	39487.07
224.98	39574.98
225.03	39658.97
225.08	39735.40
225.13	39823.71
225.19	39924.16
225.24	40015.37
225.29	40087.82
225.34	40178.36
225.39	40264.88
225.45	40348.53
225.50	40432.17
225.55	40525.53
225.60	40608.50
225.65	40708.86
225.71	40798.38
225.76	40891.93
225.81	40990.01
225.86	41087.60
225.91	41181.85
225.97	41271.41
226.02	41368.82
226.07	41444.67
226.12	41516.47
226.17	41569.35
226.22	41637.94
226.28	41700.88
226.33	41779.08
226.38	41844.50
226.43	41920.40
226.48	41980.11
226.54	42035.38
226.59	42105.56
226.64	42190.99
226.69	42259.11
226.74	42339.26
226.80	42408.75
226.85	42465.66
226.90	42497.31
226.95	42559.06
227.00	42617.79
227.05	42697.10
227.11	42774.73
227.16	42874.98
227.21	42957.66
227.26	43039.41
227.31	43106.74
227.37	43165.11
227.42	43235.92
227.47	43313.29
227.52	43384.11
227.57	43448.26
227.62	43527.71
227.68	43597.96
227.73	43679.72
227.78	43768.54
227.83	43860.53
227.88	43936.24
227.93	44016.44
227.99	44088.63
228.04	44157.75
228.09	44229.81
228.14	44310.61
228.19	44382.88
228.24	44442.59
228.30	44503.84
228.35	44572.55
228.40	44635.08
228.45	44691.68
228.50	44766.84
228.56	44833.58
228.61	44889.21
228.66	44945.97
228.71	45010.55
228.76	45048.99
228.81	45097.85
228.87	45142.93
228.92	45207.51
228.97	45269.25
229.02	45364.25
229.07	45442.33
229.12	45529.76
229.17	45596.84
229.23	45671.54
229.28	45739.35
229.33	45814.50
229.38	45890.10
229.43	45968.99
229.48	46047.94
229.54	46113.97
229.59	46183.90
229.64	46257.50
229.69	46332.72
229.74	46415.44
229.79	46485.30
229.85	46553.91
229.90	46623.83
229.95	46694.49
230.00	46754.63
230.05	46832.55
230.10	46902.57
230.16	46975.12
230.21	47036.99
230.26	47085.49
230.31	47120.06
230.36	47186.30
230.41	47237.73
230.46	47319.48
230.52	47418.08
230.57	47515.25
230.62	47590.15
230.67	47660.83
230.72	47717.52
230.77	47754.68
230.82	47792.24
230.88	47821.63
230.93	47863.30
230.98	47899.94
231.03	47955.50
231.08	48019.38
231.13	48085.93
231.19	48161.94
231.24	48234.49
231.29	48308.76
231.34	48389.35
231.39	48462.70
231.44	48523.61
231.49	48574.22
231.55	48616.76
231.60	48647.71
231.65	48694.28
231.70	48744.36
231.75	48798.11
231.80	48850.31
231.85	48913.67
231.91	48959.12
231.96	49011.47
232.01	49075.87
232.06	49138.92
232.11	49195.46
232.16	49274.76
232.21	49364.12
232.26	49449.89
232.32	49537.47
232.37	49622.10
232.42	49685.86
232.47	49717.86
232.52	49756.46
232.57	49799.50
232.62	49847.53
232.68	49911.09
232.73	49989.37
232.78	50074.09
232.83	50152.73
232.88	50226.21
232.93	50297.26
232.98	50362.61
233.03	50411.59
233.09	50465.39
233.14	50535.76
233.19	50599.52
233.24	50659.57
233.29	50710.69
233.34	50750.36
233.39	50767.09
233.45	50794.12
233.50	50826.27
233.55	50871.02
233.60	50938.29
233.65	50998.98
233.70	51060.82
233.75	51114.29
233.80	51169.88
233.86	51223.96
233.91	51278.91
233.96	51324.83
234.01	51375.67
234.06	51425.48
234.11	51476.47
234.16	51532.49
234.21	51593.96
234.26	51644.36
234.32	51689.21
234.37	51720.23
234.42	51756.69
234.47	51780.82
234.52	51813.67
234.57	51849.17
234.62	51891.60
234.67	51938.24
234.73	51992.17
234.78	52056.50
234.83	52110.12
234.88	52159.74
234.93	52198.03
234.98	52233.52
235.03	52270.64
235.08	52327.82
235.13	52381.67
235.19	52443.82
235.24	52514.83
235.29	52572.98
235.34	52611.57
235.39	52645.10
235.44	52679.36
235.49	52710.26
235.54	52747.11
235.59	52771.69
235.65	52802.74
235.70	52842.29
235.75	52880.08
235.80	52923.98
235.85	52978.42
235.90	53037.92
235.95	53073.68
236.00	53108.07
236.05	53130.19
236.11	53163.43
236.16	53185.43
236.21	53221.07
236.26	53251.10
236.31	53280.41
236.36	53291.98
236.41	53309.79
236.46	53327.07
236.51	53352.81
236.56	53380.25
236.62	53417.66
236.67	53453.60
236.72	53490.70
236.77	53517.68
236.82	53566.36
236.87	53594.37
236.92	53613.35
236.97	53655.47
237.02	53697.07
237.07	53732.58
237.13	53795.39
237.18	53860.07
237.23	53900.33
237.28	53944.47
237.33	53990.55
237.38	54016.11
237.43	54043.06
237.48	54047.92
237.53	54069.65
237.58	54087.22
237.63	54120.14
237.69	54156.29
237.74	54213.73
237.79	54250.60
237.84	54263.93
237.89	54273.39
237.94	54283.06
237.99	54295.24
238.04	54315.65
238.09	54338.79
238.14	54363.07
238.19	54381.39
238.25	54401.49
238.30	54400.76
238.35	54409.68
238.40	54406.00
238.45	54415.38
238.50	54410.86
238.55	54420.88
238.60	54446.53
238.65	54476.17
238.70	54490.33
238.75	54511.67
238.80	54541.79
238.86	54548.46
238.91	54569.84
238.96	54599.65
239.01	54636.97
239.06	54666.80
239.11	54691.52
239.16	54712.78
239.21	54716.50
239.26	54705.85
239.31	54712.18
239.36	54729.74
239.41	54746.46
239.46	54775.76
239.52	54810.08
239.57	54829.07
239.62	54845.30
239.67	54868.12
239.72	54890.16
239.77	54908.83
239.82	54920.39
239.87	54937.55
239.92	54938.90
239.97	54938.01
240.02	54931.11
240.07	54926.60
240.12	54920.73
240.17	54928.39
240.23	54923.13
240.28	54919.72
240.33	54936.69
240.38	54929.87
240.43	54924.65
240.48	54941.60
240.53	54965.85
240.58	54979.19
240.63	55013.78
240.68	55023.93
240.73	55016.71
240.78	55019.42
240.83	55018.71
240.88	54996.15
240.93	54992.25
240.98	54999.02
241.04	55011.98
241.09	55033.45
241.14	55069.35
241.19	55110.57
241.24	55142.39
241.29	55153.11
241.34	55162.53
241.39	55176.53
241.44	55179.12
241.49	55180.59
241.54	55180.91
241.59	55172.30
241.64	55166.41
241.69	55155.88
241.74	55147.31
241.79	55140.26
241.84	55130.79
241.90	55113.88
241.95	55090.51
242.00	55065.30
242.05	55043.70
242.10	55036.03
242.15	55016.74
242.20	55002.53
242.25	54999.41
242.30	54987.33
242.35	54974.36
242.40	54980.89
242.45	54992.50
242.50	54992.89
242.55	54993.57
242.60	54987.79
242.65	54982.04
242.70	54987.05
242.75	55005.20
242.80	55047.44
242.85	55083.55
242.91	55095.06
242.96	55088.36
243.01	55067.37
243.06	55038.82
243.11	55005.25
243.16	54988.74
243.21	54987.89
243.26	54995.21
243.31	55006.02
243.36	55013.98
243.41	55032.56
243.46	55033.36
243.51	55003.69
243.56	54953.10
243.61	54904.34
243.66	54856.83
243.71	54826.40
243.76	54825.97
243.81	54848.00
243.86	54851.82
243.91	54856.97
243.96	54849.62
244.01	54834.72
244.06	54799.97
244.12	54795.84
244.17	54777.47
244.22	54779.15
244.27	54793.80
244.32	54819.42
244.37	54836.10
244.42	54850.93
244.47	54845.47
244.52	54822.00
244.57	54787.84
244.62	54754.28
244.67	54725.39
244.72	54700.74
244.77	54702.90
244.82	54727.47
244.87	54760.20
244.92	54785.62
244.97	54799.03
245.02	54793.13
245.07	54769.57
245.12	54759.33
245.17	54745.95
245.22	54746.44
245.27	54742.65
245.32	54709.94
245.37	54660.46
245.42	54611.34
245.47	54572.49
245.52	54530.59
245.57	54517.68
245.62	54498.50
245.67	54495.15
245.72	54483.30
245.77	54464.97
245.82	54444.04
245.87	54443.36
245.92	54442.38
245.98	54432.29
246.03	54431.92
246.08	54437.82
246.13	54436.42
246.18	54438.04
246.23	54439.74
246.28	54432.66
246.33	54421.38
246.38	54398.95
246.43	54363.87
246.48	54339.76
246.53	54342.18
246.58	54346.99
246.63	54344.15
246.68	54341.80
246.73	54323.18
246.78	54288.56
246.83	54237.11
246.88	54183.93
246.93	54131.52
246.98	54081.99
247.03	54051.75
247.08	54035.14
247.13	54032.32
247.18	54030.89
247.23	54055.26
247.28	54060.59
247.33	54052.86
247.38	54033.25
247.43	54016.65
247.48	53998.27
247.53	53971.14
247.58	53944.67
247.63	53920.96
247.68	53880.79
247.73	53824.28
247.78	53785.64
247.83	53758.83
247.88	53732.36
247.93	53737.04
247.98	53740.47
248.03	53745.86
248.08	53758.20
248.13	53763.28
248.18	53748.22
248.23	53733.20
248.28	53707.46
248.33	53661.50
248.38	53625.78
248.43	53594.18
248.48	53575.60
248.53	53555.78
248.58	53541.30
248.63	53541.05
248.68	53526.19
248.73	53503.47
248.78	53469.88
248.83	53427.28
248.88	53350.83
248.93	53281.25
248.98	53201.40
249.03	53160.96
249.08	53138.36
249.13	53139.09
249.18	53132.81
249.23	53145.88
249.28	53134.17
249.33	53128.37
249.38	53118.53
249.43	53108.73
249.48	53092.42
249.53	53075.59
249.58	53049.17
249.63	53024.69
249.68	53010.17
249.73	52990.92
249.78	52974.31
249.83	52969.87
249.88	52940.32
249.93	52917.11
249.98	52908.50
250.03	52903.82
250.08	52876.00
250.13	52871.64
250.18	52849.96
250.23	52803.80
250.28	52753.94
250.33	52700.34
250.37	52655.47
250.42	52619.65
250.47	52592.14
250.52	52577.50
250.57	52558.67
250.62	52518.52
250.67	52493.95
250.72	52477.24
250.77	52433.54
250.82	52422.30
250.87	52425.69
250.92	52412.02
250.97	52395.68
251.02	52393.99
251.07	52390.32
251.12	52364.90
251.17	52335.83
251.22	52300.02
251.27	52264.33
251.32	52205.53
251.37	52158.32
251.42	52113.02
251.47	52075.18
251.52	52047.21
251.57	52029.29
251.62	52018.25
251.67	52006.57
251.72	51983.86
251.77	51943.40
251.82	51906.21
251.87	51862.98
251.92	51818.32
251.97	51764.54
252.02	51724.17
252.07	51699.06
252.12	51683.10
252.16	51677.05
252.21	51679.65
252.26	51684.38
252.31	51674.51
252.36	51660.94
252.41	51641.26
252.46	51617.83
252.51	51590.25
252.56	51568.40
252.61	51544.91
252.66	51515.42
252.71	51496.21
252.76	51470.72
252.81	51425.86
252.86	51368.62
252.91	51318.63
252.96	51249.31
253.01	51178.28
253.06	51117.28
253.11	51069.77
253.16	51030.92
253.21	50995.56
253.26	50965.12
253.31	50933.29
253.36	50913.11
253.40	50885.51
253.45	50872.93
253.50	50830.40
253.55	50789.86
253.60	50742.09
253.65	50702.67
253.70	50662.67
253.75	50653.98
253.80	50645.77
253.85	50644.40
253.90	50636.18
253.95	50626.31
254.00	50622.27
254.05	50605.07
254.10	50570.34
254.15	50543.42
254.20	50516.02
254.25	50485.01
254.30	50457.15
254.35	50415.90
254.39	50351.59
254.44	50264.73
254.49	50176.10
254.54	50139.79
254.59	50112.78
254.64	50107.58
254.69	50115.98
254.74	50115.38
254.79	50081.98
254.84	50045.45
254.89	50023.22
254.94	50008.39
254.99	49998.64
255.04	49986.68
255.09	49982.54
255.14	49944.23
255.19	49929.34
255.23	49921.83
255.28	49913.28
255.33	49901.81
255.38	49901.28
255.43	49883.87
255.48	49853.79
255.53	49803.08
255.58	49769.93
255.63	49735.45
255.68	49693.90
255.73	49657.06
255.78	49633.06
255.83	49605.43
255.88	49579.25
255.93	49540.43
255.97	49513.27
256.02	49479.83
256.07	49438.72
256.12	49372.40
256.17	49330.47
256.22	49269.46
256.27	49226.74
256.32	49187.92
256.37	49173.58
256.42	49149.14
256.47	49128.92
256.52	49098.47
256.57	49067.86
256.62	49045.38
256.66	49029.79
256.71	49012.64
256.76	48978.08
256.81	48927.27
256.86	48876.54
256.91	48827.14
256.96	48777.55
257.01	48743.55
257.06	48727.28
257.11	48693.35
257.16	48639.76
257.21	48595.98
257.26	48559.54
257.30	48516.05
257.35	48480.72
257.40	48461.40
257.45	48447.25
257.50	48420.59
257.55	48392.44
257.60	48367.07
257.65	48346.85
257.70	48314.76
257.75	48279.47
257.80	48257.14
257.85	48223.26
257.89	48176.68
257.94	48114.52
257.99	48057.67
258.04	47991.66
258.09	47954.97
258.14	47918.91
258.19	47907.36
258.24	47878.80
258.29	47839.52
258.34	47798.59
258.39	47764.93
258.44	47706.23
258.48	47661.56
258.53	47630.35
258.58	47585.31
258.63	47538.12
258.68	47504.78
258.73	47473.38
258.78	47437.63
258.83	47403.34
258.88	47363.75
258.93	47316.43
258.97	47284.83
259.02	47251.93
259.07	47222.52
259.12	47204.37
259.17	47197.13
259.22	47179.32
259.27	47155.48
259.32	47134.62
259.37	47087.97
259.42	47046.04
259.47	47003.79
259.51	46963.45
259.56	46899.19
259.61	46839.12
259.66	46760.06
259.71	46680.43
259.76	46614.68
259.81	46554.55
259.86	46509.45
259.91	46478.58
259.95	46455.98
260.00	46434.23
260.05	46414.65
260.10	46404.63
260.15	46384.67
260.20	46370.48
260.25	46354.11
260.30	46342.40
260.35	46313.57
260.40	46285.75
260.44	46262.35
260.49	46244.13
260.54	46207.58
260.59	46184.40
260.64	46173.62
260.69	46162.93
260.74	46131.80
260.79	46101.35
260.84	46052.90
260.88	45998.85
260.93	45924.01
260.98	45876.11
261.03	45836.86
261.08	45809.99
261.13	45775.19
261.18	45740.47
261.23	45684.26
261.28	45643.66
261.32	45594.62
261.37	45548.77
261.42	45515.19
261.47	45490.88
261.52	45447.69
261.57	45407.89
261.62	45365.69
261.67	45310.94
261.71	45248.79
261.76	45201.06
261.81	45146.23
261.86	45092.37
261.91	45050.37
261.96	45014.35
262.01	44976.02
262.06	44950.04
262.10	44937.44
262.15	44915.96
262.20	44895.31
262.25	44876.47
262.30	44858.64
262.35	44835.73
262.40	44811.53
262.45	44781.47
262.49	44745.87
262.54	44712.93
262.59	44677.63
262.64	44650.22
262.69	44616.18
262.74	44577.51
262.79	44527.23
262.84	44485.83
262.88	44440.70
262.93	44396.24
262.98	44357.58
263.03	44315.24
263.08	44259.76
263.13	44182.70
263.18	44114.07
263.23	44059.81
263.27	44013.52
263.32	43977.90
263.37	43964.90
263.42	43947.53
263.47	43916.62
263.52	43892.70
263.57	43855.07
263.61	43818.45
263.66	43775.95
263.71	43740.27
263.76	43706.78
263.81	43666.64
263.86	43632.73
263.91	43592.72
263.95	43530.16
264.00	43457.48
264.05	43412.10
264.10	43340.33
264.15	43274.98
264.20	43237.95
264.25	43196.89
264.29	43143.16
264.34	43100.57
264.39	43073.07
264.44	43021.85
264.49	42984.65
264.54	42945.72
264.59	42913.99
264.63	42864.04
264.68	42815.90
264.73	42763.29
264.78	42713.19
264.83	42651.72
264.88	42609.67
264.93	42583.58
264.97	42562.07
265.02	42540.13
265.07	42522.50
265.12	42487.27
265.17	42442.42
265.22	42397.69
265.27	42341.22
265.31	42285.74
265.36	42226.08
265.41	42177.43
265.46	42110.96
265.51	42043.84
265.56	41977.56
265.60	41925.07
265.65	41855.34
265.70	41805.04
265.75	41759.88
265.80	41709.19
265.85	41645.08
265.90	41587.93
265.94	41530.74
265.99	41460.58
266.04	41412.65
266.09	41377.07
266.14	41344.41
266.19	41301.02
266.23	41280.73
266.28	41235.93
266.33	41193.57
266.38	41164.38
266.43	41148.49
266.48	41123.66
266.52	41101.77
266.57	41077.91
266.62	41039.14
266.67	40984.45
266.72	40930.74
266.77	40896.29
266.81	40869.93
266.86	40842.27
266.91	40819.62
266.96	40786.58
267.01	40751.34
267.06	40694.64
267.10	40644.41
267.15	40595.30
267.20	40561.08
267.25	40521.91
267.30	40488.44
267.35	40452.75
267.39	40412.93
267.44	40371.59
267.49	40314.62
267.54	40260.24
267.59	40207.14
267.64	40156.81
267.68	40092.80
267.73	40046.46
267.78	40011.21
267.83	39989.14
267.88	39975.96
267.93	39971.84
267.97	39956.32
268.02	39922.93
268.07	39874.79
268.12	39811.74
268.17	39745.52
268.21	39694.53
268.26	39650.59
268.31	39603.50
268.36	39563.27
268.41	39529.85
268.46	39487.02
268.50	39445.97
268.55	39401.44
268.60	39340.89
268.65	39281.64
268.70	39202.97
268.74	39130.63
268.79	39060.12
268.84	39009.79
268.89	38962.20
268.94	38937.61
268.99	38904.47
269.03	38869.83
269.08	38820.19
269.13	38745.32
269.18	38661.46
269.23	38557.46
269.27	38449.61
269.32	38324.38
269.37	38200.71
269.42	38058.69
269.47	37929.51
269.51	37788.29
269.56	37651.48
269.61	37517.43
269.66	37375.08
269.71	37222.29
269.76	37073.52
269.80	36920.83
269.85	36771.14
269.90	36637.65
269.95	36492.99
270.00	36339.22
270.04	36196.65
270.09	36044.83
270.14	35895.03
270.19	35755.73
270.24	35622.29
270.28	35466.74
270.33	35304.76
270.38	35128.11
270.43	34949.31
270.48	34765.66
270.52	34608.26
270.57	34450.27
270.62	34297.44
270.67	34148.00
270.72	34002.64
270.76	33826.38
270.81	33663.58
270.86	33493.47
270.91	33320.93
270.96	33149.71
271.00	32990.30
271.05	32834.10
271.10	32689.56
271.15	32560.07
271.20	32433.04
271.24	32302.17
271.29	32165.27
271.34	32017.50
271.39	31860.65
271.44	31707.75
271.48	31573.39
271.53	31429.07
271.58	31290.71
271.63	31148.04
271.67	31002.63
271.72	30857.06
271.77	30711.67
271.82	30575.16
271.87	30440.85
271.91	30284.42
271.96	30136.11
272.01	30001.14
272.06	29866.39
272.11	29743.25
272.15	29647.94
272.20	29544.84
272.25	29448.29
272.30	29346.67
272.35	29239.34
272.39	29130.07
272.44	29005.05
272.49	28865.65
272.54	28733.01
272.58	28586.29
272.63	28432.76
272.68	28285.55
272.73	28131.99
272.78	27954.60
272.82	27761.78
272.87	27544.73
272.92	27263.28
272.97	26742.73
273.01	23797.77
273.06	18868.45
273.11	13435.23
273.16	8103.61
273.21	3048.25
273.25	459.65
273.30	-89.18
273.35	-89.28
