165.32	3385.28
165.38	-248.26
165.44	597.34
165.50	-76.13
165.55	-16.16
165.61	7.16
165.67	36.34
165.72	46.29
165.78	51.79
165.84	50.25
165.89	47.49
165.95	45.83
166.01	44.95
166.06	46.54
166.12	49.05
166.18	47.35
166.23	49.14
166.29	48.32
166.35	45.24
166.40	44.36
166.46	50.89
166.52	53.61
166.57	54.76
166.63	54.94
166.69	57.51
166.74	51.17
166.80	51.44
166.86	53.53
166.91	54.76
166.97	49.00
167.03	51.83
167.08	46.18
167.14	45.63
167.20	43.79
167.25	55.99
167.31	55.99
167.37	61.69
167.42	63.20
167.48	69.01
167.54	63.77
167.59	63.69
167.65	59.39
167.71	59.06
167.76	57.77
167.82	53.39
167.88	52.94
167.93	60.77
167.99	59.58
168.05	62.01
168.10	69.66
168.16	68.89
168.21	66.39
168.27	70.81
168.33	72.10
168.38	64.74
168.44	69.68
168.50	68.64
168.55	67.04
168.61	67.84
168.67	70.02
168.72	67.04
168.78	67.10
168.84	62.95
168.89	61.87
168.95	62.26
169.01	61.76
169.06	61.31
169.12	60.76
169.18	58.92
169.23	59.34
169.29	64.03
169.34	68.69
169.40	71.36
169.46	75.24
169.51	76.71
169.57	71.72
169.63	67.05
169.68	72.29
169.74	68.85
169.80	75.09
169.85	76.65
169.91	80.97
169.97	76.22
170.02	75.80
170.08	74.63
170.13	74.86
170.19	74.19
170.25	76.56
170.30	81.26
170.36	72.86
170.42	74.71
170.47	75.44
170.53	76.55
170.59	73.32
170.64	76.91
170.70	75.50
170.76	73.33
170.81	75.17
170.87	75.09
170.92	75.97
170.98	78.49
171.04	80.80
171.09	77.21
171.15	84.23
171.21	84.98
171.26	81.87
171.32	79.68
171.37	82.94
171.43	77.87
171.49	82.64
171.54	86.28
171.60	87.85
171.66	89.31
171.71	89.41
171.77	87.31
171.83	93.18
171.88	92.41
171.94	91.77
171.99	96.38
172.05	95.14
172.11	95.79
172.16	103.84
172.22	104.37
172.28	104.18
172.33	102.77
172.39	100.79
172.44	97.43
172.50	102.87
172.56	102.71
172.61	110.63
172.67	109.39
172.72	109.57
172.78	104.52
172.84	99.60
172.89	92.86
172.95	92.05
173.01	93.31
173.06	92.25
173.12	98.38
173.17	99.52
173.23	99.47
173.29	99.81
173.34	100.96
173.40	95.36
173.46	95.99
173.51	98.39
173.57	98.73
173.62	93.49
173.68	99.68
173.74	98.99
173.79	100.73
173.85	97.54
173.90	100.73
173.96	97.56
174.02	94.46
174.07	86.10
174.13	84.95
174.18	86.87
174.24	80.04
174.30	80.30
174.35	85.88
174.41	83.33
174.47	77.30
174.52	78.18
174.58	77.21
174.63	72.44
174.69	71.30
174.75	73.10
174.80	84.53
174.86	82.48
174.91	83.78
174.97	83.66
175.03	81.38
175.08	69.28
175.14	75.85
175.19	72.03
175.25	72.69
175.31	77.07
175.36	78.17
175.42	74.67
175.47	79.49
175.53	79.88
175.59	76.12
175.64	78.09
175.70	76.44
175.75	71.85
175.81	70.04
175.87	71.19
175.92	67.11
175.98	68.95
176.03	68.91
176.09	69.67
176.15	69.56
176.20	71.07
176.26	70.72
176.31	73.95
176.37	71.46
176.42	72.54
176.48	75.94
176.54	73.34
176.59	70.18
176.65	72.99
176.70	74.44
176.76	73.34
176.82	71.65
176.87	69.14
176.93	68.97
176.98	67.49
177.04	63.01
177.10	67.59
177.15	68.67
177.21	69.67
177.26	68.75
177.32	72.37
177.37	74.19
177.43	77.69
177.49	74.26
177.54	71.63
177.60	71.91
177.65	72.29
177.71	66.93
177.77	70.03
177.82	71.51
177.88	75.07
177.93	70.92
177.99	77.45
178.04	72.89
178.10	73.91
178.16	67.82
178.21	68.31
178.27	65.52
178.32	69.93
178.38	68.75
178.43	70.48
178.49	70.77
178.55	70.04
178.60	68.24
178.66	68.02
178.71	69.10
178.77	67.25
178.82	67.92
178.88	67.97
178.94	67.71
178.99	68.48
179.05	72.70
179.10	68.91
179.16	71.50
179.21	74.56
179.27	73.73
179.33	69.09
179.38	73.22
179.44	70.89
179.49	70.89
179.55	68.87
179.60	69.33
179.66	68.27
179.72	71.23
179.77	68.38
179.83	67.40
179.88	68.81
179.94	69.57
179.99	65.84
180.05	66.55
180.11	67.77
180.16	70.36
180.22	73.03
180.27	77.54
180.33	78.12
180.38	82.19
180.44	77.51
180.49	77.20
180.55	74.98
180.61	78.44
180.66	72.81
180.72	71.37
180.77	69.78
180.83	70.28
180.88	67.59
180.94	67.56
180.99	71.10
181.05	71.53
181.11	72.23
181.16	72.85
181.22	74.15
181.27	76.14
181.33	74.10
181.38	70.97
181.44	72.10
181.49	76.41
181.55	77.54
181.61	83.90
181.66	86.51
181.72	84.29
181.77	81.65
181.83	78.83
181.88	83.52
181.94	85.07
181.99	89.94
182.05	89.82
182.11	90.81
182.16	81.89
182.22	79.50
182.27	74.92
182.33	76.96
182.38	76.46
182.44	80.58
182.49	82.57
182.55	84.15
182.60	84.39
182.66	87.36
182.72	90.10
182.77	92.49
182.83	96.10
182.88	99.43
182.94	100.93
182.99	98.21
183.05	96.66
183.10	98.23
183.16	97.31
183.21	98.06
183.27	104.53
183.32	108.25
183.38	110.50
183.44	116.04
183.49	120.03
183.55	120.19
183.60	125.25
183.66	130.04
183.71	137.47
183.77	143.66
183.82	151.26
183.88	161.04
183.93	171.14
183.99	182.90
184.04	197.24
184.10	208.28
184.15	218.08
184.21	230.21
184.27	232.31
184.32	233.96
184.38	233.54
184.43	231.56
184.49	217.75
184.54	204.31
184.60	198.32
184.65	187.16
184.71	179.36
184.76	181.18
184.82	196.79
184.87	210.84
184.93	233.48
184.98	258.34
185.04	287.19
185.09	309.57
185.15	332.83
185.20	362.95
185.26	394.57
185.31	421.06
185.37	446.93
185.43	466.58
185.48	483.63
185.54	506.29
185.59	531.02
185.65	555.65
185.70	594.57
185.76	638.76
185.81	671.21
185.87	705.88
185.92	747.72
185.98	781.01
186.03	796.93
186.09	800.94
186.14	780.35
186.20	731.90
186.25	653.89
186.31	575.52
186.36	513.76
186.42	487.21
186.47	497.71
186.53	543.25
186.58	609.46
186.64	681.69
186.69	752.23
186.75	810.99
186.80	869.13
186.86	926.54
186.91	985.16
186.97	1041.50
187.02	1114.50
187.08	1183.47
187.13	1245.78
187.19	1315.89
187.24	1386.93
187.30	1443.00
187.35	1503.42
187.41	1576.79
187.47	1645.51
187.52	1704.76
187.58	1764.27
187.63	1830.30
187.69	1892.80
187.74	1943.43
187.80	1990.85
187.85	2035.21
187.91	2058.66
187.96	2046.98
188.02	1983.69
188.07	1874.21
188.13	1714.16
188.18	1542.67
188.24	1414.02
188.29	1354.54
188.35	1361.80
188.40	1438.84
188.46	1561.18
188.51	1684.57
188.57	1810.19
188.62	1932.06
188.67	2046.61
188.73	2154.95
188.78	2258.81
188.84	2359.18
188.89	2461.09
188.95	2563.93
189.00	2653.63
189.06	2750.50
189.11	2843.16
189.17	2923.90
189.22	2997.21
189.28	3087.82
189.33	3164.49
189.39	3228.75
189.44	3295.68
189.50	3371.10
189.55	3436.64
189.61	3489.74
189.66	3547.93
189.72	3604.71
189.77	3657.02
189.83	3687.33
189.88	3699.27
189.94	3671.91
189.99	3595.82
190.05	3444.48
190.10	3230.28
190.16	2984.65
190.21	2770.14
190.27	2633.20
190.32	2599.49
190.38	2672.20
190.43	2830.73
190.49	3020.84
190.54	3192.24
190.60	3352.88
190.65	3496.35
190.71	3630.28
190.76	3758.78
190.81	3884.64
190.87	4002.44
190.92	4126.05
190.98	4236.94
191.03	4341.56
191.09	4451.84
191.14	4553.23
191.20	4638.17
191.25	4733.91
191.31	4828.23
191.36	4915.94
191.42	4995.75
191.47	5082.21
191.53	5165.97
191.58	5236.07
191.64	5294.19
191.69	5355.46
191.75	5398.73
191.80	5426.62
191.85	5449.12
191.91	5468.07
191.96	5485.76
192.02	5516.38
192.07	5532.48
192.13	5527.14
192.18	5484.73
192.24	5372.59
192.29	5179.39
192.35	4956.90
192.40	4774.51
192.46	4665.01
192.51	4656.09
192.57	4748.58
192.62	4921.18
192.67	5103.74
192.73	5279.25
192.78	5442.52
192.84	5589.04
192.89	5725.49
192.95	5851.74
193.00	5969.59
193.06	6078.52
193.11	6190.05
193.17	6279.32
193.22	6364.96
193.28	6450.76
193.33	6525.09
193.38	6589.98
193.44	6661.04
193.49	6732.82
193.55	6791.12
193.60	6849.14
193.66	6901.80
193.71	6944.88
193.77	6969.07
193.82	6987.75
193.88	7002.69
193.93	7028.27
193.98	7055.60
194.04	7095.52
194.09	7142.47
194.15	7199.31
194.20	7245.08
194.26	7286.88
194.31	7332.39
194.37	7362.55
194.42	7371.95
194.47	7363.05
194.53	7322.48
194.58	7231.67
194.64	7121.09
194.69	7022.48
194.75	6955.39
194.80	6939.66
194.86	6979.73
194.91	7072.06
194.97	7177.02
195.02	7284.84
195.07	7391.98
195.13	7498.59
195.18	7611.22
195.24	7721.70
195.29	7834.65
195.35	7937.28
195.40	8044.61
195.46	8127.63
195.51	8215.08
195.56	8292.31
195.62	8365.27
195.67	8422.99
195.73	8490.13
195.78	8541.68
195.84	8583.28
195.89	8619.88
195.94	8657.04
196.00	8687.47
196.05	8720.60
196.11	8764.24
196.16	8810.14
196.22	8860.28
196.27	8911.74
196.32	8962.39
196.38	9007.87
196.43	9052.99
196.49	9089.37
196.54	9128.72
196.60	9167.12
196.65	9210.59
196.71	9253.23
196.76	9303.86
196.81	9336.44
196.87	9371.62
196.92	9400.13
196.98	9416.68
197.03	9422.85
197.09	9419.84
197.14	9415.99
197.19	9413.99
197.25	9434.35
197.30	9457.08
197.36	9511.28
197.41	9573.71
197.47	9640.23
197.52	9696.83
197.57	9764.41
197.63	9821.63
197.68	9875.52
197.74	9922.20
197.79	9969.56
197.84	10014.98
197.90	10059.39
197.95	10095.92
198.01	10139.81
198.06	10181.69
198.12	10225.03
198.17	10262.09
198.22	10307.90
198.28	10344.28
198.33	10389.26
198.39	10427.27
198.44	10475.79
198.49	10524.24
198.55	10574.63
198.60	10616.11
198.66	10662.38
198.71	10711.01
198.77	10751.29
198.82	10800.60
198.87	10848.65
198.93	10894.04
198.98	10933.69
199.04	10982.13
199.09	11020.41
199.14	11065.40
199.20	11107.61
199.25	11150.36
199.31	11190.03
199.36	11233.70
199.42	11275.90
199.47	11320.11
199.52	11360.88
199.58	11400.67
199.63	11428.04
199.69	11458.65
199.74	11490.73
199.79	11515.18
199.85	11542.95
199.90	11587.16
199.96	11622.76
200.01	11664.82
200.06	11716.41
200.12	11767.00
200.17	11816.76
200.23	11871.71
200.28	11912.42
200.33	11963.89
200.39	12003.59
200.44	12042.24
200.50	12083.09
200.55	12123.99
200.60	12156.72
200.66	12198.39
200.71	12234.63
200.77	12275.63
200.82	12313.65
200.87	12353.80
200.93	12389.31
200.98	12429.32
201.04	12463.19
201.09	12510.09
201.14	12559.45
201.20	12610.30
201.25	12669.67
201.31	12728.38
201.36	12788.94
201.41	12843.96
201.47	12905.68
201.52	12955.91
201.58	13011.46
201.63	13059.11
201.68	13108.63
201.74	13153.19
201.79	13203.01
201.84	13259.29
201.90	13305.38
201.95	13355.48
202.01	13410.63
202.06	13458.63
202.11	13499.21
202.17	13550.76
202.22	13595.75
202.28	13638.12
202.33	13677.64
202.38	13714.30
202.44	13759.03
202.49	13804.96
202.54	13852.50
202.60	13904.38
202.65	13951.15
202.71	13993.42
202.76	14031.01
202.81	14066.95
202.87	14108.22
202.92	14152.15
202.98	14202.49
203.03	14256.05
203.08	14314.34
203.14	14372.90
203.19	14434.81
203.24	14489.78
203.30	14543.12
203.35	14591.32
203.41	14638.86
203.46	14681.34
203.51	14721.40
203.57	14764.54
203.62	14814.34
203.67	14863.15
203.73	14910.47
203.78	14961.25
203.84	15014.31
203.89	15057.79
203.94	15103.53
204.00	15151.58
204.05	15197.65
204.10	15241.03
204.16	15287.50
204.21	15327.36
204.27	15374.67
204.32	15423.02
204.37	15473.80
204.43	15521.53
204.48	15575.11
204.53	15621.75
204.59	15667.73
204.64	15723.70
204.69	15782.70
204.75	15840.57
204.80	15901.18
204.86	15961.82
204.91	16015.27
204.96	16071.31
205.02	16119.97
205.07	16180.45
205.12	16240.42
205.18	16299.33
205.23	16352.26
205.28	16419.81
205.34	16471.55
205.39	16529.81
205.45	16586.99
205.50	16646.56
205.55	16701.52
205.61	16757.09
205.66	16807.60
205.71	16869.58
205.77	16929.37
205.82	16984.13
205.87	17043.44
205.93	17098.26
205.98	17137.53
206.03	17177.95
206.09	17226.11
206.14	17277.67
206.20	17333.92
206.25	17388.88
206.30	17457.05
206.36	17517.94
206.41	17578.69
206.46	17629.84
206.52	17685.38
206.57	17731.26
206.62	17774.83
206.68	17816.60
206.73	17866.10
206.78	17920.10
206.84	17973.66
206.89	18033.29
206.94	18089.12
207.00	18158.48
207.05	18225.45
207.11	18292.01
207.16	18349.25
207.21	18418.66
207.27	18471.25
207.32	18524.19
207.37	18576.52
207.43	18633.55
207.48	18679.71
207.53	18730.12
207.59	18784.59
207.64	18836.64
207.69	18904.31
207.75	18969.27
207.80	19028.00
207.85	19084.36
207.91	19144.88
207.96	19191.46
208.01	19246.73
208.07	19305.99
208.12	19366.25
208.17	19423.23
208.23	19477.12
208.28	19529.69
208.33	19588.67
208.39	19648.96
208.44	19710.12
208.49	19770.29
208.55	19828.21
208.60	19881.20
208.65	19929.69
208.71	19980.31
208.76	20036.34
208.81	20094.13
208.87	20156.49
208.92	20214.15
208.97	20272.89
209.03	20337.18
209.08	20393.38
209.13	20453.29
209.19	20517.88
209.24	20578.35
209.29	20635.69
209.35	20698.10
209.40	20759.15
209.45	20820.41
209.51	20886.62
209.56	20950.20
209.61	21017.33
209.67	21082.56
209.72	21147.44
209.77	21209.14
209.83	21271.59
209.88	21336.19
209.93	21394.95
209.99	21453.01
210.04	21514.37
210.09	21579.77
210.15	21633.80
210.20	21695.43
210.25	21758.36
210.31	21819.08
210.36	21868.92
210.41	21930.07
210.46	21992.00
210.52	22046.40
210.57	22096.66
210.62	22155.78
210.68	22219.38
210.73	22269.43
210.78	22332.53
210.84	22394.53
210.89	22456.92
210.94	22513.41
211.00	22576.51
211.05	22628.59
211.10	22691.44
211.16	22750.43
211.21	22810.87
211.26	22878.83
211.32	22944.25
211.37	23009.26
211.42	23074.62
211.47	23145.25
211.53	23205.81
211.58	23274.11
211.63	23334.96
211.69	23392.97
211.74	23436.12
211.79	23489.00
211.85	23540.75
211.90	23601.07
211.95	23662.39
212.01	23738.98
212.06	23813.54
212.11	23888.64
212.16	23960.98
212.22	24042.68
212.27	24107.24
212.32	24171.06
212.38	24235.53
212.43	24300.64
212.48	24359.51
212.54	24424.84
212.59	24497.15
212.64	24568.07
212.69	24628.66
212.75	24691.75
212.80	24751.58
212.85	24810.86
212.91	24861.63
212.96	24921.70
213.01	24984.83
213.07	25054.27
213.12	25119.51
213.17	25188.59
213.22	25254.56
213.28	25318.29
213.33	25369.00
213.38	25422.08
213.44	25477.31
213.49	25544.16
213.54	25613.96
213.60	25695.20
213.65	25772.89
213.70	25861.11
213.75	25931.05
213.81	25992.61
213.86	26055.54
213.91	26114.12
213.97	26165.05
214.02	26215.65
214.07	26265.94
214.12	26317.67
214.18	26379.96
214.23	26442.30
214.28	26512.48
214.34	26587.01
214.39	26659.24
214.44	26720.40
214.49	26777.01
214.55	26833.30
214.60	26882.62
214.65	26940.90
214.71	26993.80
214.76	27056.30
214.81	27121.97
214.86	27201.41
214.92	27263.16
214.97	27329.94
215.02	27395.13
215.08	27460.66
215.13	27524.38
215.18	27593.10
215.23	27671.29
215.29	27749.33
215.34	27827.39
215.39	27902.89
215.45	27983.74
215.50	28054.97
215.55	28123.47
215.60	28180.32
215.66	28230.22
215.71	28280.15
215.76	28340.48
215.81	28396.61
215.87	28456.45
215.92	28517.99
215.97	28567.53
216.03	28623.42
216.08	28669.72
216.13	28724.65
216.18	28783.32
216.24	28846.45
216.29	28896.89
216.34	28963.20
216.39	29034.87
216.45	29097.96
216.50	29163.14
216.55	29226.27
216.61	29293.07
216.66	29342.32
216.71	29400.13
216.76	29455.67
216.82	29532.07
216.87	29598.30
216.92	29677.58
216.97	29745.64
217.03	29820.24
217.08	29886.43
217.13	29964.59
217.18	30031.94
217.24	30106.78
217.29	30177.05
217.34	30226.31
217.39	30269.81
217.45	30316.99
217.50	30363.23
217.55	30426.83
217.61	30503.77
217.66	30569.21
217.71	30640.17
217.76	30720.72
217.82	30793.98
217.87	30864.92
217.92	30945.79
217.97	31011.53
218.03	31069.79
218.08	31120.12
218.13	31163.79
218.18	31206.39
218.24	31276.87
218.29	31336.63
218.34	31394.34
218.39	31453.74
218.45	31521.53
218.50	31568.54
218.55	31630.12
218.60	31696.10
218.66	31755.69
218.71	31816.87
218.76	31886.36
218.81	31948.20
218.87	32009.86
218.92	32081.23
218.97	32148.32
219.02	32216.36
219.08	32286.97
219.13	32360.26
219.18	32431.33
219.23	32495.79
219.29	32559.45
219.34	32620.08
219.39	32679.33
219.44	32733.52
219.50	32797.38
219.55	32857.70
219.60	32921.28
219.65	32982.96
219.71	33057.90
219.76	33110.00
219.81	33164.27
219.86	33219.26
219.92	33269.63
219.97	33317.45
220.02	33377.14
220.07	33437.59
220.13	33502.83
220.18	33571.27
220.23	33638.20
220.28	33718.99
220.33	33798.63
220.39	33853.95
220.44	33912.88
220.49	33971.34
220.54	34014.26
220.60	34057.87
220.65	34125.19
220.70	34192.16
220.75	34267.54
220.81	34354.83
220.86	34437.49
220.91	34507.27
220.96	34579.09
221.02	34639.99
221.07	34703.94
221.12	34755.34
221.17	34812.27
221.22	34868.16
221.28	34927.49
221.33	34985.62
221.38	35053.09
221.43	35122.29
221.49	35186.78
221.54	35251.15
221.59	35310.87
221.64	35390.93
221.69	35478.66
221.75	35576.64
221.80	35672.98
221.85	35750.87
221.90	35817.16
221.96	35877.18
222.01	35908.42
222.06	35945.94
222.11	35993.99
222.17	36033.50
222.22	36059.50
222.27	36106.72
222.32	36157.71
222.37	36208.61
222.43	36271.43
222.48	36334.34
222.53	36412.26
222.58	36483.22
222.63	36555.38
222.69	36621.16
222.74	36703.32
222.79	36765.14
222.84	36815.98
222.90	36867.64
222.95	36914.93
223.00	36954.43
223.05	37004.98
223.10	37062.95
223.16	37126.35
223.21	37179.82
223.26	37227.46
223.31	37263.80
223.36	37302.16
223.42	37333.09
223.47	37362.94
223.52	37409.39
223.57	37462.05
223.63	37514.59
223.68	37567.71
223.73	37646.84
223.78	37723.79
223.83	37792.79
223.89	37854.17
223.94	37922.96
223.99	37985.27
224.04	38054.43
224.09	38132.97
224.15	38223.35
224.20	38301.49
224.25	38393.30
224.30	38477.49
224.35	38560.70
224.41	38647.95
224.46	38750.02
224.51	38830.45
224.56	38909.24
224.61	38991.63
224.67	39073.47
224.72	39142.77
224.77	39238.70
224.82	39331.13
224.87	39411.50
224.93	39486.92
224.98	39574.81
225.03	39648.45
225.08	39730.33
225.13	39819.03
225.19	39909.56
225.24	40004.25
225.29	40088.66
225.34	40173.17
225.39	40262.54
225.45	40357.84
225.50	40443.46
225.55	40532.74
225.60	40619.81
225.65	40713.53
225.71	40797.26
225.76	40884.99
225.81	40973.37
225.86	41068.48
225.91	41164.58
225.97	41262.94
226.02	41361.91
226.07	41444.23
226.12	41517.69
226.17	41570.43
226.22	41634.04
226.28	41694.18
226.33	41774.59
226.38	41849.66
226.43	41928.43
226.48	41991.91
226.54	42052.17
226.59	42123.70
226.64	42198.54
226.69	42278.64
226.74	42351.18
226.80	42422.59
226.85	42473.35
226.90	42522.28
226.95	42567.43
227.00	42625.55
227.05	42704.02
227.11	42786.32
227.16	42874.44
227.21	42960.12
227.26	43049.01
227.31	43114.00
227.37	43171.44
227.42	43242.59
227.47	43320.06
227.52	43389.02
227.57	43459.53
227.62	43547.39
227.68	43619.29
227.73	43699.31
227.78	43780.02
227.83	43859.07
227.88	43931.28
227.93	44002.17
227.99	44075.12
228.04	44148.85
228.09	44229.16
228.14	44305.37
228.19	44384.72
228.24	44440.98
228.30	44508.39
228.35	44577.34
228.40	44641.05
228.45	44693.43
228.50	44774.45
228.56	44836.29
228.61	44884.50
228.66	44945.82
228.71	45005.47
228.76	45044.71
228.81	45091.41
228.87	45143.36
228.92	45199.68
228.97	45255.19
229.02	45347.24
229.07	45431.75
229.12	45522.66
229.17	45593.66
229.23	45677.68
229.28	45749.51
229.33	45819.86
229.38	45893.34
229.43	45974.01
229.48	46056.44
229.54	46120.68
229.59	46187.39
229.64	46251.19
229.69	46332.87
229.74	46419.26
229.79	46488.85
229.85	46563.13
229.90	46641.56
229.95	46702.39
230.00	46762.25
230.05	46846.38
230.10	46919.63
230.16	46983.53
230.21	47041.31
230.26	47086.72
230.31	47117.17
230.36	47167.10
230.41	47229.24
230.46	47314.54
230.52	47411.99
230.57	47497.59
230.62	47587.38
230.67	47653.42
230.72	47707.02
230.77	47744.92
230.82	47796.63
230.88	47825.97
230.93	47872.49
230.98	47908.71
231.03	47970.65
231.08	48029.08
231.13	48085.64
231.19	48150.12
231.24	48230.93
231.29	48302.68
231.34	48375.18
231.39	48452.74
231.44	48527.15
231.49	48577.72
231.55	48617.31
231.60	48663.94
231.65	48722.58
231.70	48764.57
231.75	48813.11
231.80	48866.49
231.85	48916.72
231.91	48952.06
231.96	49003.33
232.01	49069.15
232.06	49130.14
232.11	49195.18
232.16	49278.24
232.21	49358.13
232.26	49438.84
232.32	49522.76
232.37	49594.36
232.42	49659.73
232.47	49713.24
232.52	49756.74
232.57	49811.16
232.62	49873.01
232.68	49929.56
232.73	50001.60
232.78	50080.97
232.83	50152.11
232.88	50220.07
232.93	50295.99
232.98	50357.52
233.03	50408.05
233.09	50463.11
233.14	50531.97
233.19	50583.36
233.24	50634.37
233.29	50689.13
233.34	50728.97
233.39	50742.75
233.45	50776.23
233.50	50822.14
233.55	50869.25
233.60	50937.77
233.65	51007.91
233.70	51073.65
233.75	51120.86
233.80	51173.83
233.86	51218.75
233.91	51265.58
233.96	51308.94
234.01	51366.64
234.06	51418.16
234.11	51470.33
234.16	51525.14
234.21	51585.26
234.26	51636.94
234.32	51675.06
234.37	51714.63
234.42	51758.74
234.47	51775.60
234.52	51807.73
234.57	51852.99
234.62	51895.31
234.67	51943.64
234.73	52008.34
234.78	52056.33
234.83	52101.73
234.88	52149.40
234.93	52182.81
234.98	52225.73
235.03	52279.33
235.08	52339.68
235.13	52394.75
235.19	52470.76
235.24	52529.19
235.29	52584.23
235.34	52631.77
235.39	52660.38
235.44	52685.87
235.49	52725.26
235.54	52748.77
235.59	52767.03
235.65	52810.57
235.70	52846.49
235.75	52886.27
235.80	52948.55
235.85	53011.14
235.90	53059.16
235.95	53090.49
236.00	53112.10
236.05	53124.87
236.11	53150.30
236.16	53177.56
236.21	53217.33
236.26	53250.99
236.31	53287.29
236.36	53310.69
236.41	53326.89
236.46	53341.51
236.51	53364.40
236.56	53389.73
236.62	53413.99
236.67	53449.64
236.72	53498.38
236.77	53523.60
236.82	53561.46
236.87	53586.16
236.92	53605.80
236.97	53630.10
237.02	53678.93
237.07	53727.75
237.13	53797.48
237.18	53860.41
237.23	53910.97
237.28	53949.01
237.33	53983.87
237.38	53999.29
237.43	54022.18
237.48	54027.18
237.53	54047.89
237.58	54073.94
237.63	54120.60
237.69	54157.62
237.74	54209.19
237.79	54251.34
237.84	54262.70
237.89	54267.26
237.94	54277.34
237.99	54296.99
238.04	54312.16
238.09	54335.15
238.14	54355.76
238.19	54390.68
238.25	54408.04
238.30	54410.81
238.35	54412.64
238.40	54417.23
238.45	54411.32
238.50	54409.03
238.55	54423.09
238.60	54453.01
238.65	54469.57
238.70	54485.24
238.75	54503.65
238.80	54534.12
238.86	54544.70
238.91	54568.44
238.96	54601.08
239.01	54637.27
239.06	54664.74
239.11	54696.89
239.16	54718.47
239.21	54713.85
239.26	54707.77
239.31	54711.03
239.36	54721.25
239.41	54748.69
239.46	54775.04
239.52	54811.86
239.57	54829.53
239.62	54843.14
239.67	54854.13
239.72	54890.18
239.77	54902.00
239.82	54927.92
239.87	54946.08
239.92	54953.57
239.97	54942.47
240.02	54933.10
240.07	54912.31
240.12	54910.51
240.17	54909.10
240.23	54912.08
240.28	54916.40
240.33	54931.55
240.38	54928.02
240.43	54937.94
240.48	54956.70
240.53	54974.99
240.58	54994.25
240.63	55030.53
240.68	55035.64
240.73	55029.35
240.78	55025.36
240.83	55028.49
240.88	55006.05
240.93	54995.30
240.98	54995.89
241.04	55012.36
241.09	55027.19
241.14	55047.83
241.19	55092.30
241.24	55118.34
241.29	55137.10
241.34	55145.96
241.39	55160.12
241.44	55164.70
241.49	55167.91
241.54	55167.04
241.59	55162.70
241.64	55166.20
241.69	55157.48
241.74	55149.83
241.79	55143.21
241.84	55130.08
241.90	55107.54
241.95	55083.11
242.00	55059.37
242.05	55026.78
242.10	55019.49
242.15	55003.04
242.20	54994.66
242.25	54990.39
242.30	54990.26
242.35	54980.82
242.40	54976.27
242.45	54975.29
242.50	54971.75
242.55	54974.29
242.60	54970.88
242.65	54971.19
242.70	54974.56
242.75	54998.18
242.80	55033.73
242.85	55070.26
242.91	55084.64
242.96	55083.78
243.01	55064.65
243.06	55040.30
243.11	54999.85
243.16	54979.37
243.21	54973.58
243.26	54985.39
243.31	54996.07
243.36	55012.77
243.41	55037.64
243.46	55040.27
243.51	55010.41
243.56	54956.90
243.61	54904.35
243.66	54855.35
243.71	54820.05
243.76	54816.58
243.81	54836.32
243.86	54843.14
243.91	54852.70
243.96	54857.99
244.01	54837.68
244.06	54807.58
244.12	54796.64
244.17	54780.83
244.22	54774.81
244.27	54798.39
244.32	54823.29
244.37	54842.19
244.42	54843.52
244.47	54840.16
244.52	54818.20
244.57	54780.35
244.62	54753.94
244.67	54735.50
244.72	54708.20
244.77	54694.75
244.82	54718.98
244.87	54743.54
244.92	54768.61
244.97	54798.08
245.02	54802.71
245.07	54776.24
245.12	54754.68
245.17	54736.44
245.22	54728.51
245.27	54724.13
245.32	54699.00
245.37	54660.34
245.42	54618.88
245.47	54564.55
245.52	54514.73
245.57	54501.94
245.62	54487.45
245.67	54475.53
245.72	54471.32
245.77	54461.16
245.82	54436.45
245.87	54438.67
245.92	54452.12
245.98	54442.39
246.03	54445.28
246.08	54461.05
246.13	54449.79
246.18	54451.17
246.23	54452.56
246.28	54438.34
246.33	54416.19
246.38	54392.72
246.43	54351.33
246.48	54325.86
246.53	54323.50
246.58	54336.44
246.63	54347.76
246.68	54341.19
246.73	54322.33
246.78	54299.45
246.83	54248.29
246.88	54189.32
246.93	54136.69
246.98	54096.12
247.03	54055.96
247.08	54037.34
247.13	54029.29
247.18	54034.25
247.23	54056.99
247.28	54066.66
247.33	54053.55
247.38	54038.58
247.43	54024.69
247.48	54012.52
247.53	53983.42
247.58	53949.75
247.63	53922.40
247.68	53878.42
247.73	53811.65
247.78	53773.75
247.83	53744.24
247.88	53718.62
247.93	53713.76
247.98	53712.59
248.03	53720.31
248.08	53740.00
248.13	53742.84
248.18	53723.07
248.23	53721.03
248.28	53690.57
248.33	53652.43
248.38	53623.29
248.43	53600.92
248.48	53577.68
248.53	53563.25
248.58	53548.94
248.63	53540.76
248.68	53521.94
248.73	53496.43
248.78	53466.39
248.83	53419.02
248.88	53342.74
248.93	53275.89
248.98	53201.07
249.03	53157.00
249.08	53132.99
249.13	53133.05
249.18	53132.78
249.23	53144.47
249.28	53130.04
249.33	53119.54
249.38	53112.39
249.43	53101.12
249.48	53082.51
249.53	53075.11
249.58	53057.82
249.63	53030.49
249.68	53013.53
249.73	52993.26
249.78	52971.86
249.83	52970.33
249.88	52951.61
249.93	52928.39
249.98	52915.84
250.03	52905.26
250.08	52873.32
250.13	52858.94
250.18	52841.92
250.23	52798.54
250.28	52748.29
250.33	52696.37
250.37	52657.35
250.42	52611.50
250.47	52583.10
250.52	52572.77
250.57	52555.83
250.62	52518.88
250.67	52496.59
250.72	52481.80
250.77	52434.41
250.82	52413.09
250.87	52412.32
250.92	52402.88
250.97	52377.12
251.02	52379.35
251.07	52379.86
251.12	52362.97
251.17	52337.49
251.22	52311.34
251.27	52270.18
251.32	52213.54
251.37	52156.33
251.42	52103.50
251.47	52064.31
251.52	52033.92
251.57	52016.96
251.62	52005.11
251.67	51998.91
251.72	51976.24
251.77	51951.82
251.82	51911.10
251.87	51864.54
251.92	51811.62
251.97	51760.31
252.02	51709.34
252.07	51686.54
252.12	51679.21
252.16	51676.47
252.21	51677.49
252.26	51680.58
252.31	51676.76
252.36	51661.96
252.41	51639.29
252.46	51615.79
252.51	51580.21
252.56	51546.81
252.61	51514.76
252.66	51489.64
252.71	51471.90
252.76	51452.18
252.81	51414.44
252.86	51363.04
252.91	51314.11
252.96	51250.37
253.01	51184.14
253.06	51125.18
253.11	51082.43
253.16	51042.15
253.21	50998.08
253.26	50960.92
253.31	50929.93
253.36	50905.19
253.40	50868.44
253.45	50854.73
253.50	50819.29
253.55	50782.24
253.60	50736.26
253.65	50695.07
253.70	50657.89
253.75	50646.14
253.80	50624.72
253.85	50619.02
253.90	50626.29
253.95	50616.41
254.00	50610.46
254.05	50606.97
254.10	50569.61
254.15	50535.03
254.20	50505.64
254.25	50475.24
254.30	50436.95
254.35	50400.90
254.39	50333.34
254.44	50256.26
254.49	50178.80
254.54	50148.55
254.59	50115.66
254.64	50112.59
254.69	50115.43
254.74	50111.97
254.79	50076.23
254.84	50050.50
254.89	50027.14
254.94	50010.67
254.99	49996.71
255.04	49981.39
255.09	49973.05
255.14	49947.96
255.19	49934.20
255.23	49917.71
255.28	49908.11
255.33	49893.58
255.38	49889.99
255.43	49866.42
255.48	49845.61
255.53	49805.00
255.58	49779.21
255.63	49735.55
255.68	49692.68
255.73	49645.11
255.78	49612.11
255.83	49588.09
255.88	49564.43
255.93	49536.63
255.97	49519.96
256.02	49491.97
256.07	49438.74
256.12	49373.54
256.17	49328.33
256.22	49274.19
256.27	49225.83
256.32	49185.57
256.37	49173.59
256.42	49144.42
256.47	49123.24
256.52	49096.70
256.57	49075.94
256.62	49047.10
256.66	49040.18
256.71	49011.30
256.76	48981.17
256.81	48933.20
256.86	48889.51
256.91	48830.55
256.96	48786.23
257.01	48747.96
257.06	48719.30
257.11	48683.86
257.16	48637.34
257.21	48597.84
257.26	48553.64
257.30	48522.80
257.35	48480.39
257.40	48459.00
257.45	48439.87
257.50	48419.23
257.55	48388.82
257.60	48367.56
257.65	48339.56
257.70	48298.17
257.75	48260.08
257.80	48232.54
257.85	48197.88
257.89	48153.33
257.94	48102.43
257.99	48043.51
258.04	47981.33
258.09	47943.94
258.14	47917.06
258.19	47906.73
258.24	47891.40
258.29	47852.71
258.34	47809.74
258.39	47771.25
258.44	47714.23
258.48	47660.42
258.53	47618.80
258.58	47582.18
258.63	47532.66
258.68	47484.86
258.73	47453.25
258.78	47426.57
258.83	47383.57
258.88	47349.63
258.93	47319.29
258.97	47285.03
259.02	47253.63
259.07	47223.98
259.12	47203.62
259.17	47186.78
259.22	47168.79
259.27	47149.49
259.32	47132.56
259.37	47084.07
259.42	47044.86
259.47	47002.64
259.51	46949.83
259.56	46888.31
259.61	46826.18
259.66	46752.67
259.71	46683.99
259.76	46618.44
259.81	46562.18
259.86	46522.13
259.91	46490.38
259.95	46455.19
260.00	46435.11
260.05	46416.37
260.10	46397.03
260.15	46375.55
260.20	46365.88
260.25	46354.08
260.30	46340.03
260.35	46313.10
260.40	46284.73
260.44	46262.16
260.49	46242.02
260.54	46205.27
260.59	46181.50
260.64	46173.49
260.69	46164.54
260.74	46130.25
260.79	46100.15
260.84	46057.69
260.88	45995.84
260.93	45919.38
260.98	45880.10
261.03	45836.57
261.08	45815.82
261.13	45784.14
261.18	45744.75
261.23	45687.52
261.28	45646.12
261.32	45597.51
261.37	45556.03
261.42	45522.59
261.47	45492.49
261.52	45448.40
261.57	45403.94
261.62	45356.99
261.67	45309.86
261.71	45244.40
261.76	45203.00
261.81	45150.44
261.86	45102.31
261.91	45061.06
261.96	45024.48
262.01	44978.43
262.06	44951.43
262.10	44939.18
262.15	44912.81
262.20	44896.73
262.25	44886.18
262.30	44868.74
262.35	44837.24
262.40	44812.20
262.45	44783.06
262.49	44747.85
262.54	44706.89
262.59	44680.67
262.64	44648.46
262.69	44612.14
262.74	44567.56
262.79	44516.86
262.84	44471.74
262.88	44428.46
262.93	44373.18
262.98	44341.28
263.03	44309.20
263.08	44249.28
263.13	44175.93
263.18	44124.28
263.23	44055.33
263.27	44001.94
263.32	43972.81
263.37	43961.00
263.42	43938.83
263.47	43916.61
263.52	43894.04
263.57	43851.99
263.61	43807.01
263.66	43769.19
263.71	43735.89
263.76	43697.72
263.81	43650.54
263.86	43624.69
263.91	43581.24
263.95	43520.47
264.00	43459.79
264.05	43423.09
264.10	43356.71
264.15	43294.91
264.20	43258.26
264.25	43217.56
264.29	43164.90
264.34	43112.48
264.39	43082.29
264.44	43026.40
264.49	42981.86
264.54	42943.24
264.59	42911.37
264.63	42864.43
264.68	42814.74
264.73	42766.93
264.78	42719.10
264.83	42668.09
264.88	42623.78
264.93	42602.46
264.97	42572.83
265.02	42542.90
265.07	42518.64
265.12	42476.01
265.17	42428.68
265.22	42387.21
265.27	42333.49
265.31	42274.06
265.36	42217.10
265.41	42158.68
265.46	42099.09
265.51	42025.54
265.56	41970.55
265.60	41922.99
265.65	41863.28
265.70	41803.31
265.75	41760.10
265.80	41702.45
265.85	41636.15
265.90	41581.44
265.94	41530.25
265.99	41468.15
266.04	41420.97
266.09	41385.28
266.14	41347.97
266.19	41306.89
266.23	41277.69
266.28	41228.82
266.33	41189.92
266.38	41165.49
266.43	41148.99
266.48	41131.54
266.52	41108.79
266.57	41078.09
266.62	41036.64
266.67	40977.63
266.72	40921.33
266.77	40894.76
266.81	40868.79
266.86	40838.24
266.91	40813.55
266.96	40784.25
267.01	40739.55
267.06	40684.78
267.10	40641.97
267.15	40592.84
267.20	40558.23
267.25	40523.67
267.30	40495.97
267.35	40453.81
267.39	40413.88
267.44	40369.14
267.49	40316.59
267.54	40267.01
267.59	40218.44
267.64	40165.84
267.68	40109.87
267.73	40058.51
267.78	40015.09
267.83	39986.81
267.88	39975.82
267.93	39967.98
267.97	39951.51
268.02	39918.62
268.07	39868.57
268.12	39808.09
268.17	39745.63
268.21	39701.79
268.26	39653.31
268.31	39615.83
268.36	39572.94
268.41	39532.13
268.46	39479.91
268.50	39445.26
268.55	39395.34
268.60	39344.31
268.65	39283.34
268.70	39208.88
268.74	39138.36
268.79	39070.69
268.84	39012.58
268.89	38965.31
268.94	38936.55
268.99	38897.49
269.03	38859.01
269.08	38815.07
269.13	38748.04
269.18	38666.96
269.23	38571.05
269.27	38461.72
269.32	38326.45
269.37	38199.13
269.42	38064.56
269.47	37917.92
269.51	37775.63
269.56	37640.13
269.61	37506.25
269.66	37351.31
269.71	37215.66
269.76	37074.12
269.80	36926.61
269.85	36771.35
269.90	36638.88
269.95	36485.00
270.00	36324.83
270.04	36182.17
270.09	36037.85
270.14	35896.06
270.19	35762.17
270.24	35636.11
270.28	35483.08
270.33	35319.16
270.38	35139.25
270.43	34963.01
270.48	34786.33
270.52	34627.22
270.57	34466.19
270.62	34311.94
270.67	34157.39
270.72	33994.82
270.76	33824.30
270.81	33657.35
270.86	33491.80
270.91	33317.74
270.96	33148.77
271.00	32980.60
271.05	32827.24
271.10	32687.21
271.15	32553.97
271.20	32432.28
271.24	32303.69
271.29	32166.87
271.34	32017.90
271.39	31867.62
271.44	31715.66
271.48	31577.97
271.53	31430.09
271.58	31289.34
271.63	31143.61
271.67	30996.21
271.72	30847.85
271.77	30712.10
271.82	30571.61
271.87	30436.29
271.91	30284.14
271.96	30140.87
272.01	30001.17
272.06	29871.75
272.11	29750.06
272.15	29646.92
272.20	29542.60
272.25	29443.39
272.30	29343.28
272.35	29233.87
272.39	29125.70
272.44	29006.50
272.49	28873.55
272.54	28731.74
272.58	28586.38
272.63	28434.35
272.68	28283.60
272.73	28120.74
272.78	27946.25
272.82	27752.59
272.87	27531.60
272.92	27247.17
272.97	26731.58
273.01	23788.94
273.06	18861.48
273.11	13433.78
273.16	8103.94
273.21	3049.31
273.25	459.67
273.30	-89.48
273.35	-89.73
