165.32	3385.89
165.38	-248.49
165.44	597.75
165.50	-75.79
165.55	-15.87
165.61	7.92
165.67	37.38
165.72	47.57
165.78	53.50
165.84	52.32
165.89	49.39
165.95	47.83
166.01	46.57
166.06	48.17
166.12	50.73
166.18	48.96
166.23	50.49
166.29	50.22
166.35	47.07
166.40	46.05
166.46	52.48
166.52	54.87
166.57	55.60
166.63	56.16
166.69	58.85
166.74	52.74
166.80	53.46
166.86	55.37
166.91	55.77
166.97	50.03
167.03	52.52
167.08	46.72
167.14	46.10
167.20	44.54
167.25	57.03
167.31	57.63
167.37	63.01
167.42	64.82
167.48	70.32
167.54	64.67
167.59	64.04
167.65	59.57
167.71	59.23
167.76	58.41
167.82	53.76
167.88	53.50
167.93	61.42
167.99	60.03
168.05	62.51
168.10	70.17
168.16	68.95
168.21	67.09
168.27	71.63
168.33	73.45
168.38	66.86
168.44	72.36
168.50	71.12
168.55	69.50
168.61	69.72
168.67	71.54
168.72	68.62
168.78	68.54
168.84	64.53
168.89	63.31
168.95	63.93
169.01	63.64
169.06	63.40
169.12	62.62
169.18	60.69
169.23	60.65
169.29	64.59
169.34	68.81
169.40	71.89
169.46	76.02
169.51	77.94
169.57	73.36
169.63	69.35
169.68	73.74
169.74	70.62
169.80	76.23
169.85	77.52
169.91	81.85
169.97	78.14
170.02	77.60
170.08	76.39
170.13	77.10
170.19	76.83
170.25	78.49
170.30	82.66
170.36	74.63
170.42	76.47
170.47	77.00
170.53	78.79
170.59	75.78
170.64	79.36
170.70	77.50
170.76	75.55
170.81	76.82
170.87	76.43
170.92	77.79
170.98	80.53
171.04	82.50
171.09	78.13
171.15	85.35
171.21	85.87
171.26	83.50
171.32	80.57
171.37	84.47
171.43	79.06
171.49	83.30
171.54	86.36
171.60	88.50
171.66	89.83
171.71	90.27
171.77	88.18
171.83	94.06
171.88	93.24
171.94	93.18
171.99	97.98
172.05	96.84
172.11	97.64
172.16	105.99
172.22	106.76
172.28	106.53
172.33	104.74
172.39	101.28
172.44	97.46
172.50	102.01
172.56	101.96
172.61	109.97
172.67	110.44
172.72	110.70
172.78	106.35
172.84	101.15
172.89	94.88
172.95	93.42
173.01	94.60
173.06	92.79
173.12	98.63
173.17	100.57
173.23	100.30
173.29	100.30
173.34	102.00
173.40	96.46
173.46	96.31
173.51	99.62
173.57	99.61
173.62	94.21
173.68	100.57
173.74	99.47
173.79	100.49
173.85	98.10
173.90	101.05
173.96	97.67
174.02	94.94
174.07	86.74
174.13	85.82
174.18	88.27
174.24	82.07
174.30	82.26
174.35	87.81
174.41	84.37
174.47	78.27
174.52	79.56
174.58	78.78
174.63	74.35
174.69	73.99
174.75	75.71
174.80	86.29
174.86	84.16
174.91	85.59
174.97	85.37
175.03	82.40
175.08	70.27
175.14	76.45
175.19	72.03
175.25	72.88
175.31	77.75
175.36	79.56
175.42	76.87
175.47	81.74
175.53	81.70
175.59	78.28
175.64	79.70
175.70	78.02
175.75	73.23
175.81	71.71
175.87	72.89
175.92	69.14
175.98	70.18
176.03	69.98
176.09	70.47
176.15	70.65
176.20	71.75
176.26	71.91
176.31	75.57
176.37	73.47
176.42	74.71
176.48	78.09
176.54	75.51
176.59	72.54
176.65	75.37
176.70	76.26
176.76	75.33
176.82	73.45
176.87	70.58
176.93	70.41
176.98	68.88
177.04	63.84
177.10	68.68
177.15	70.47
177.21	71.28
177.26	70.38
177.32	74.42
177.37	76.08
177.43	79.35
177.49	75.76
177.54	73.23
177.60	73.81
177.65	74.18
177.71	69.20
177.77	72.05
177.82	74.13
177.88	77.59
177.93	73.12
177.99	79.08
178.04	75.27
178.10	75.53
178.16	69.22
178.21	70.12
178.27	67.29
178.32	71.08
178.38	70.11
178.43	71.81
178.49	72.01
178.55	71.30
178.60	70.07
178.66	69.50
178.71	70.39
178.77	68.15
178.82	68.90
178.88	68.98
178.94	69.26
178.99	70.96
179.05	75.22
179.10	71.63
179.16	74.09
179.21	76.53
179.27	75.31
179.33	70.82
179.38	74.58
179.44	72.45
179.49	72.48
179.55	70.12
179.60	70.32
179.66	69.29
179.72	71.77
179.77	69.14
179.83	68.10
179.88	69.89
179.94	71.22
179.99	67.47
180.05	67.50
180.11	68.99
180.16	71.85
180.22	73.95
180.27	78.89
180.33	80.37
180.38	84.31
180.44	79.58
180.49	79.27
180.55	77.23
180.61	80.89
180.66	75.18
180.72	73.60
180.77	71.87
180.83	71.17
180.88	68.56
180.94	68.69
180.99	72.39
181.05	72.90
181.11	74.29
181.16	74.04
181.22	75.31
181.27	77.12
181.33	75.25
181.38	72.12
181.44	73.57
181.49	77.79
181.55	79.35
181.61	86.01
181.66	88.90
181.72	86.77
181.77	84.41
181.83	81.65
181.88	86.24
181.94	87.34
181.99	92.09
182.05	92.20
182.11	92.58
182.16	83.22
182.22	81.16
182.27	76.23
182.33	78.56
182.38	77.77
182.44	82.11
182.49	84.04
182.55	85.68
182.60	84.93
182.66	88.14
182.72	90.38
182.77	92.07
182.83	95.38
182.88	98.56
182.94	99.91
182.99	97.55
183.05	96.61
183.10	98.80
183.16	97.50
183.21	98.21
183.27	104.58
183.32	107.88
183.38	110.14
183.44	115.91
183.49	119.22
183.55	118.63
183.60	123.11
183.66	127.40
183.71	134.52
183.77	140.26
183.82	147.78
183.88	156.54
183.93	165.50
183.99	176.62
184.04	190.78
184.10	201.22
184.15	210.79
184.21	222.89
184.27	223.90
184.32	225.46
184.38	224.44
184.43	223.34
184.49	210.11
184.54	198.41
184.60	193.24
184.65	183.75
184.71	176.61
184.76	179.30
184.82	194.49
184.87	208.38
184.93	229.43
184.98	253.39
185.04	281.22
185.09	302.85
185.15	325.43
185.20	355.28
185.26	386.54
185.31	411.69
185.37	437.13
185.43	456.19
185.48	474.19
185.54	495.86
185.59	520.44
185.65	543.63
185.70	581.74
185.76	624.06
185.81	656.43
185.87	690.62
185.92	733.43
185.98	766.81
186.03	783.58
186.09	787.21
186.14	766.68
186.20	719.44
186.25	642.53
186.31	565.49
186.36	505.32
186.42	480.12
186.47	490.47
186.53	535.72
186.58	600.97
186.64	671.79
186.69	741.48
186.75	799.54
186.80	856.76
186.86	913.97
186.91	972.55
186.97	1028.14
187.02	1099.71
187.08	1168.34
187.13	1228.20
187.19	1295.59
187.24	1365.77
187.30	1420.49
187.35	1479.28
187.41	1553.31
187.47	1624.37
187.52	1683.02
187.58	1742.79
187.63	1810.56
187.69	1874.26
187.74	1923.68
187.80	1971.25
187.85	2016.06
187.91	2038.22
187.96	2024.62
188.02	1964.48
188.07	1858.12
188.13	1698.97
188.18	1529.17
188.24	1402.39
188.29	1341.70
188.35	1347.42
188.40	1425.66
188.46	1548.30
188.51	1670.15
188.57	1795.14
188.62	1915.95
188.67	2029.00
188.73	2136.71
188.78	2240.84
188.84	2341.11
188.89	2443.57
188.95	2546.79
189.00	2634.95
189.06	2730.76
189.11	2822.68
189.17	2903.02
189.22	2974.38
189.28	3062.63
189.33	3139.75
189.39	3204.78
189.44	3270.09
189.50	3344.97
189.55	3412.19
189.61	3465.13
189.66	3523.68
189.72	3580.40
189.77	3630.34
189.83	3658.07
189.88	3669.37
189.94	3641.81
189.99	3568.89
190.05	3423.52
190.10	3213.06
190.16	2968.87
190.21	2753.56
190.27	2615.06
190.32	2581.92
190.38	2654.74
190.43	2813.03
190.49	3002.32
190.54	3174.72
190.60	3334.17
190.65	3478.06
190.71	3613.64
190.76	3743.23
190.81	3869.90
190.87	3988.74
190.92	4113.72
190.98	4221.62
191.03	4321.90
191.09	4428.61
191.14	4525.21
191.20	4608.23
191.25	4705.88
191.31	4802.53
191.36	4888.83
191.42	4970.99
191.47	5055.81
191.53	5138.09
191.58	5208.81
191.64	5269.01
191.69	5326.47
191.75	5369.55
191.80	5397.97
191.85	5417.65
191.91	5436.79
191.96	5457.83
192.02	5486.88
192.07	5499.54
192.13	5494.95
192.18	5449.41
192.24	5336.13
192.29	5145.01
192.35	4927.64
192.40	4746.46
192.46	4638.83
192.51	4632.51
192.57	4724.28
192.62	4895.90
192.67	5078.34
192.73	5252.79
192.78	5413.38
192.84	5559.62
192.89	5692.46
192.95	5817.54
193.00	5929.65
193.06	6038.95
193.11	6145.51
193.17	6235.65
193.22	6320.38
193.28	6411.08
193.33	6482.09
193.38	6547.36
193.44	6615.18
193.49	6685.44
193.55	6741.06
193.60	6797.69
193.66	6850.67
193.71	6895.77
193.77	6922.40
193.82	6941.64
193.88	6960.83
193.93	6988.78
193.98	7014.94
194.04	7053.31
194.09	7101.34
194.15	7154.68
194.20	7200.33
194.26	7239.09
194.31	7282.57
194.37	7306.99
194.42	7312.73
194.47	7301.80
194.53	7262.49
194.58	7172.30
194.64	7068.46
194.69	6972.29
194.75	6904.14
194.80	6889.77
194.86	6930.50
194.91	7020.74
194.97	7127.73
195.02	7234.91
195.07	7343.10
195.13	7452.78
195.18	7563.98
195.24	7674.17
195.29	7787.77
195.35	7888.11
195.40	7992.24
195.46	8076.47
195.51	8162.55
195.56	8238.50
195.62	8312.00
195.67	8370.09
195.73	8433.94
195.78	8486.55
195.84	8533.08
195.89	8568.98
195.94	8599.41
196.00	8628.20
196.05	8661.04
196.11	8702.20
196.16	8748.40
196.22	8802.27
196.27	8856.63
196.32	8905.07
196.38	8950.79
196.43	8998.50
196.49	9032.89
196.54	9072.24
196.60	9112.41
196.65	9153.45
196.71	9186.89
196.76	9235.18
196.81	9268.79
196.87	9301.27
196.92	9328.12
196.98	9348.64
197.03	9361.18
197.09	9358.12
197.14	9354.00
197.19	9353.29
197.25	9366.64
197.30	9387.77
197.36	9438.74
197.41	9498.66
197.47	9557.24
197.52	9619.80
197.57	9685.91
197.63	9739.49
197.68	9790.71
197.74	9847.75
197.79	9892.32
197.84	9934.59
197.90	9985.20
197.95	10024.89
198.01	10062.82
198.06	10108.91
198.12	10154.15
198.17	10188.30
198.22	10234.35
198.28	10272.59
198.33	10319.05
198.39	10358.20
198.44	10407.60
198.49	10451.15
198.55	10499.68
198.60	10541.76
198.66	10586.43
198.71	10634.15
198.77	10682.83
198.82	10734.66
198.87	10780.40
198.93	10826.82
198.98	10867.30
199.04	10914.15
199.09	10950.54
199.14	10989.96
199.20	11028.69
199.25	11072.05
199.31	11111.95
199.36	11157.70
199.42	11198.44
199.47	11241.98
199.52	11282.78
199.58	11317.64
199.63	11344.89
199.69	11377.15
199.74	11409.59
199.79	11427.98
199.85	11455.09
199.90	11494.96
199.96	11538.48
200.01	11583.40
200.06	11635.47
200.12	11688.83
200.17	11739.96
200.23	11785.44
200.28	11827.96
200.33	11882.27
200.39	11923.91
200.44	11962.30
200.50	12002.54
200.55	12040.77
200.60	12073.18
200.66	12110.66
200.71	12143.83
200.77	12184.45
200.82	12221.20
200.87	12257.87
200.93	12294.67
200.98	12337.68
201.04	12373.01
201.09	12418.57
201.14	12466.25
201.20	12515.60
201.25	12569.25
201.31	12625.54
201.36	12682.45
201.41	12743.16
201.47	12802.71
201.52	12852.06
201.58	12914.85
201.63	12963.59
201.68	13010.69
201.74	13060.10
201.79	13112.96
201.84	13162.11
201.90	13212.45
201.95	13260.81
202.01	13311.44
202.06	13364.76
202.11	13402.93
202.17	13450.26
202.22	13497.15
202.28	13537.21
202.33	13576.94
202.38	13617.77
202.44	13663.08
202.49	13704.40
202.54	13751.87
202.60	13796.77
202.65	13843.70
202.71	13881.81
202.76	13923.54
202.81	13964.07
202.87	14010.54
202.92	14060.33
202.98	14117.85
203.03	14175.27
203.08	14226.73
203.14	14277.75
203.19	14331.54
203.24	14381.51
203.30	14429.99
203.35	14479.42
203.41	14529.75
203.46	14575.58
203.51	14624.29
203.57	14666.23
203.62	14718.47
203.67	14770.40
203.73	14820.64
203.78	14861.82
203.84	14915.35
203.89	14957.14
203.94	15000.45
204.00	15048.38
204.05	15097.60
204.10	15139.50
204.16	15184.30
204.21	15228.03
204.27	15267.20
204.32	15309.17
204.37	15360.86
204.43	15408.33
204.48	15459.49
204.53	15511.85
204.59	15569.55
204.64	15627.07
204.69	15691.82
204.75	15746.81
204.80	15805.98
204.86	15858.48
204.91	15909.97
204.96	15962.20
205.02	16016.62
205.07	16069.74
205.12	16133.03
205.18	16190.89
205.23	16246.12
205.28	16304.71
205.34	16358.80
205.39	16408.15
205.45	16464.67
205.50	16518.17
205.55	16572.87
205.61	16632.95
205.66	16691.04
205.71	16749.82
205.77	16812.45
205.82	16872.16
205.87	16933.17
205.93	16987.92
205.98	17035.80
206.03	17077.99
206.09	17122.27
206.14	17164.35
206.20	17216.23
206.25	17267.49
206.30	17328.59
206.36	17387.92
206.41	17451.40
206.46	17506.03
206.52	17553.41
206.57	17600.04
206.62	17644.26
206.68	17685.78
206.73	17733.55
206.78	17795.56
206.84	17848.80
206.89	17907.72
206.94	17965.25
207.00	18034.52
207.05	18099.22
207.11	18170.84
207.16	18233.14
207.21	18300.68
207.27	18349.72
207.32	18401.60
207.37	18455.57
207.43	18503.86
207.48	18548.65
207.53	18604.45
207.59	18657.32
207.64	18707.29
207.69	18781.21
207.75	18852.11
207.80	18906.54
207.85	18965.29
207.91	19021.59
207.96	19066.91
208.01	19116.35
208.07	19178.95
208.12	19241.42
208.17	19294.08
208.23	19346.81
208.28	19397.68
208.33	19451.20
208.39	19505.63
208.44	19569.06
208.49	19625.57
208.55	19688.54
208.60	19737.40
208.65	19781.39
208.71	19832.45
208.76	19888.52
208.81	19938.90
208.87	20003.27
208.92	20070.43
208.97	20133.52
209.03	20197.98
209.08	20260.67
209.13	20320.10
209.19	20377.72
209.24	20434.48
209.29	20495.05
209.35	20552.32
209.40	20618.18
209.45	20681.71
209.51	20744.81
209.56	20807.93
209.61	20872.85
209.67	20933.21
209.72	20993.06
209.77	21055.33
209.83	21114.59
209.88	21184.29
209.93	21253.00
209.99	21316.08
210.04	21387.40
210.09	21451.12
210.15	21506.72
210.20	21561.77
210.25	21620.92
210.31	21676.99
210.36	21732.88
210.41	21785.67
210.46	21842.38
210.52	21904.17
210.57	21959.14
210.62	22018.67
210.68	22083.79
210.73	22139.74
210.78	22193.00
210.84	22250.21
210.89	22313.98
210.94	22369.90
211.00	22431.05
211.05	22483.03
211.10	22546.02
211.16	22601.73
211.21	22663.77
211.26	22727.75
211.32	22803.88
211.37	22869.07
211.42	22935.69
211.47	23009.48
211.53	23076.02
211.58	23133.02
211.63	23189.37
211.69	23248.09
211.74	23291.89
211.79	23338.04
211.85	23396.85
211.90	23459.10
211.95	23523.43
212.01	23591.37
212.06	23670.36
212.11	23742.17
212.16	23818.28
212.22	23893.59
212.27	23962.79
212.32	24026.12
212.38	24098.04
212.43	24154.64
212.48	24209.79
212.54	24281.73
212.59	24351.93
212.64	24414.35
212.69	24474.25
212.75	24538.66
212.80	24597.93
212.85	24662.57
212.91	24716.47
212.96	24778.89
213.01	24842.12
213.07	24902.40
213.12	24958.86
213.17	25027.86
213.22	25097.50
213.28	25161.03
213.33	25211.83
213.38	25262.42
213.44	25315.10
213.49	25378.06
213.54	25446.65
213.60	25532.05
213.65	25617.39
213.70	25704.62
213.75	25781.08
213.81	25843.07
213.86	25904.72
213.91	25957.19
213.97	26008.71
214.02	26052.17
214.07	26104.63
214.12	26153.29
214.18	26211.21
214.23	26276.92
214.28	26350.87
214.34	26422.50
214.39	26500.51
214.44	26576.64
214.49	26633.22
214.55	26691.05
214.60	26754.98
214.65	26811.94
214.71	26862.35
214.76	26926.18
214.81	26988.65
214.86	27059.91
214.92	27112.72
214.97	27178.95
215.02	27238.47
215.08	27304.65
215.13	27373.26
215.18	27450.95
215.23	27533.81
215.29	27611.15
215.34	27690.73
215.39	27758.56
215.45	27834.89
215.50	27903.14
215.55	27971.69
215.60	28031.57
215.66	28081.56
215.71	28137.98
215.76	28197.18
215.81	28254.12
215.87	28309.48
215.92	28369.57
215.97	28415.13
216.03	28468.81
216.08	28526.50
216.13	28585.92
216.18	28647.79
216.24	28718.71
216.29	28774.57
216.34	28825.50
216.39	28884.01
216.45	28940.46
216.50	28994.46
216.55	29054.91
216.61	29122.52
216.66	29176.89
216.71	29241.68
216.76	29301.76
216.82	29374.40
216.87	29442.51
216.92	29526.76
216.97	29587.86
217.03	29668.67
217.08	29734.43
217.13	29814.64
217.18	29882.75
217.24	29957.26
217.29	30023.41
217.34	30078.48
217.39	30120.99
217.45	30167.96
217.50	30221.21
217.55	30279.84
217.61	30348.23
217.66	30415.03
217.71	30479.59
217.76	30555.91
217.82	30631.76
217.87	30702.70
217.92	30782.68
217.97	30851.57
218.03	30908.11
218.08	30954.67
218.13	31001.79
218.18	31047.36
218.24	31110.47
218.29	31168.98
218.34	31228.17
218.39	31290.23
218.45	31352.99
218.50	31406.74
218.55	31470.36
218.60	31534.99
218.66	31587.12
218.71	31646.27
218.76	31713.49
218.81	31775.43
218.87	31838.89
218.92	31915.87
218.97	31989.94
219.02	32055.63
219.08	32123.62
219.13	32194.36
219.18	32258.65
219.23	32315.66
219.29	32374.61
219.34	32436.22
219.39	32501.70
219.44	32561.38
219.50	32628.75
219.55	32695.27
219.60	32763.49
219.65	32826.31
219.71	32893.46
219.76	32949.12
219.81	33003.68
219.86	33057.19
219.92	33107.03
219.97	33158.57
220.02	33220.73
220.07	33284.26
220.13	33348.65
220.18	33417.25
220.23	33487.84
220.28	33558.62
220.33	33635.37
220.39	33692.04
220.44	33748.02
220.49	33797.65
220.54	33842.97
220.60	33887.02
220.65	33949.90
220.70	34013.19
220.75	34089.09
220.81	34173.90
220.86	34260.59
220.91	34334.80
220.96	34407.47
221.02	34479.41
221.07	34549.38
221.12	34603.67
221.17	34661.99
221.22	34717.88
221.28	34769.92
221.33	34822.50
221.38	34874.57
221.43	34943.02
221.49	35004.80
221.54	35072.82
221.59	35141.27
221.64	35228.36
221.69	35315.15
221.75	35413.91
221.80	35505.03
221.85	35576.53
221.90	35639.00
221.96	35697.29
222.01	35735.84
222.06	35775.31
222.11	35826.28
222.17	35880.72
222.22	35902.37
222.27	35951.22
222.32	35998.30
222.37	36048.44
222.43	36098.45
222.48	36166.40
222.53	36234.52
222.58	36316.99
222.63	36390.75
222.69	36460.84
222.74	36539.77
222.79	36612.36
222.84	36657.62
222.90	36707.70
222.95	36755.31
223.00	36801.51
223.05	36848.88
223.10	36911.03
223.16	36965.77
223.21	37019.49
223.26	37062.85
223.31	37105.51
223.36	37139.55
223.42	37183.41
223.47	37218.48
223.52	37267.53
223.57	37307.63
223.63	37360.04
223.68	37410.61
223.73	37481.01
223.78	37556.97
223.83	37627.83
223.89	37691.18
223.94	37753.51
223.99	37814.16
224.04	37878.18
224.09	37952.37
224.15	38041.48
224.20	38124.96
224.25	38217.72
224.30	38295.23
224.35	38385.61
224.41	38480.10
224.46	38574.72
224.51	38657.32
224.56	38736.95
224.61	38813.89
224.67	38882.42
224.72	38961.09
224.77	39051.21
224.82	39157.79
224.87	39241.19
224.93	39327.28
224.98	39420.36
225.03	39507.48
225.08	39587.97
225.13	39675.30
225.19	39767.74
225.24	39846.79
225.29	39916.01
225.34	40003.05
225.39	40088.30
225.45	40175.57
225.50	40267.68
225.55	40369.82
225.60	40453.59
225.65	40551.35
225.71	40636.32
225.76	40726.31
225.81	40816.37
225.86	40915.92
225.91	41013.67
225.97	41112.41
226.02	41210.75
226.07	41289.92
226.12	41359.58
226.17	41417.44
226.22	41476.00
226.28	41536.23
226.33	41616.59
226.38	41684.76
226.43	41754.23
226.48	41822.42
226.54	41880.72
226.59	41950.70
226.64	42029.51
226.69	42107.61
226.74	42183.96
226.80	42252.75
226.85	42301.81
226.90	42350.96
226.95	42410.49
227.00	42466.02
227.05	42544.63
227.11	42630.34
227.16	42716.38
227.21	42800.80
227.26	42888.86
227.31	42957.28
227.37	43013.82
227.42	43082.89
227.47	43155.50
227.52	43223.02
227.57	43291.72
227.62	43376.04
227.68	43450.75
227.73	43522.76
227.78	43608.19
227.83	43694.27
227.88	43766.04
227.93	43841.83
227.99	43919.17
228.04	43982.18
228.09	44055.73
228.14	44129.10
228.19	44201.12
228.24	44268.91
228.30	44345.26
228.35	44408.05
228.40	44474.02
228.45	44529.93
228.50	44595.35
228.56	44660.84
228.61	44722.14
228.66	44776.59
228.71	44841.68
228.76	44883.67
228.81	44925.70
228.87	44976.21
228.92	45038.42
228.97	45097.06
229.02	45191.81
229.07	45268.52
229.12	45350.84
229.17	45425.46
229.23	45498.13
229.28	45564.26
229.33	45640.23
229.38	45713.15
229.43	45796.69
229.48	45880.57
229.54	45948.89
229.59	46012.91
229.64	46085.76
229.69	46161.56
229.74	46244.57
229.79	46313.46
229.85	46396.28
229.90	46460.40
229.95	46516.88
230.00	46576.38
230.05	46655.23
230.10	46715.27
230.16	46794.39
230.21	46851.17
230.26	46905.40
230.31	46947.10
230.36	47007.91
230.41	47059.61
230.46	47155.92
230.52	47251.78
230.57	47335.48
230.62	47418.96
230.67	47495.53
230.72	47542.74
230.77	47568.11
230.82	47617.70
230.88	47653.89
230.93	47694.83
230.98	47741.29
231.03	47807.22
231.08	47869.81
231.13	47926.73
231.19	48001.00
231.24	48070.44
231.29	48148.51
231.34	48216.72
231.39	48302.38
231.44	48363.74
231.49	48414.11
231.55	48454.17
231.60	48493.84
231.65	48535.07
231.70	48581.15
231.75	48642.47
231.80	48695.96
231.85	48763.17
231.91	48809.06
231.96	48859.06
232.01	48914.21
232.06	48971.32
232.11	49026.93
232.16	49106.68
232.21	49191.43
232.26	49278.46
232.32	49365.75
232.37	49439.37
232.42	49500.51
232.47	49549.38
232.52	49594.02
232.57	49645.14
232.62	49707.42
232.68	49768.27
232.73	49838.43
232.78	49908.21
232.83	49982.15
232.88	50047.94
232.93	50120.92
232.98	50186.07
233.03	50244.16
233.09	50298.57
233.14	50369.30
233.19	50432.08
233.24	50486.34
233.29	50548.57
233.34	50589.55
233.39	50605.76
233.45	50634.16
233.50	50679.59
233.55	50716.41
233.60	50777.18
233.65	50843.42
233.70	50900.93
233.75	50942.96
233.80	50999.92
233.86	51059.74
233.91	51105.96
233.96	51153.20
234.01	51210.41
234.06	51254.35
234.11	51300.34
234.16	51364.37
234.21	51427.21
234.26	51485.10
234.32	51530.54
234.37	51572.57
234.42	51613.57
234.47	51630.31
234.52	51652.95
234.57	51698.19
234.62	51741.18
234.67	51778.43
234.73	51836.75
234.78	51895.71
234.83	51944.62
234.88	51987.03
234.93	52029.74
234.98	52076.45
235.03	52124.69
235.08	52182.41
235.13	52239.69
235.19	52306.40
235.24	52369.19
235.29	52426.90
235.34	52469.81
235.39	52506.27
235.44	52538.99
235.49	52585.11
235.54	52612.87
235.59	52636.01
235.65	52663.10
235.70	52692.83
235.75	52720.32
235.80	52776.97
235.85	52829.20
235.90	52885.65
235.95	52920.41
236.00	52950.69
236.05	52968.65
236.11	52999.28
236.16	53020.47
236.21	53067.82
236.26	53099.87
236.31	53128.27
236.36	53150.51
236.41	53171.73
236.46	53182.68
236.51	53207.62
236.56	53234.13
236.62	53261.53
236.67	53295.97
236.72	53340.40
236.77	53363.19
236.82	53406.85
236.87	53430.10
236.92	53443.33
236.97	53472.64
237.02	53527.92
237.07	53580.39
237.13	53654.02
237.18	53723.56
237.23	53767.63
237.28	53806.75
237.33	53835.41
237.38	53850.20
237.43	53876.95
237.48	53885.28
237.53	53900.22
237.58	53926.98
237.63	53977.89
237.69	54016.50
237.74	54073.18
237.79	54111.83
237.84	54116.65
237.89	54112.07
237.94	54125.22
237.99	54139.47
238.04	54155.86
238.09	54193.39
238.14	54224.54
238.19	54240.41
238.25	54259.19
238.30	54257.52
238.35	54255.24
238.40	54260.87
238.45	54270.22
238.50	54272.70
238.55	54286.20
238.60	54310.85
238.65	54328.09
238.70	54341.45
238.75	54359.11
238.80	54392.81
238.86	54408.86
238.91	54425.57
238.96	54455.09
239.01	54497.58
239.06	54527.68
239.11	54552.13
239.16	54575.15
239.21	54582.64
239.26	54568.84
239.31	54574.21
239.36	54596.15
239.41	54618.33
239.46	54644.67
239.52	54683.79
239.57	54704.86
239.62	54716.59
239.67	54733.61
239.72	54755.24
239.77	54771.72
239.82	54785.63
239.87	54795.24
239.92	54802.49
239.97	54801.13
240.02	54787.37
240.07	54778.48
240.12	54781.71
240.17	54787.23
240.23	54783.18
240.28	54781.84
240.33	54792.96
240.38	54785.44
240.43	54783.96
240.48	54806.42
240.53	54829.11
240.58	54846.64
240.63	54883.33
240.68	54896.92
240.73	54892.63
240.78	54892.76
240.83	54886.66
240.88	54860.37
240.93	54847.59
240.98	54844.67
241.04	54861.88
241.09	54890.25
241.14	54914.62
241.19	54963.34
241.24	55000.24
241.29	55010.62
241.34	55020.84
241.39	55035.90
241.44	55029.73
241.49	55028.52
241.54	55029.57
241.59	55021.17
241.64	55026.02
241.69	55017.43
241.74	55004.02
241.79	54995.21
241.84	54982.18
241.90	54957.37
241.95	54939.59
242.00	54921.45
242.05	54904.48
242.10	54898.13
242.15	54897.31
242.20	54887.72
242.25	54889.53
242.30	54877.38
242.35	54869.24
242.40	54856.29
242.45	54854.58
242.50	54839.00
242.55	54845.11
242.60	54840.32
242.65	54838.48
242.70	54843.62
242.75	54872.60
242.80	54911.86
242.85	54946.69
242.91	54960.45
242.96	54964.57
243.01	54945.91
243.06	54915.56
243.11	54880.98
243.16	54869.12
243.21	54858.39
243.26	54866.93
243.31	54876.90
243.36	54884.64
243.41	54902.18
243.46	54903.42
243.51	54871.14
243.56	54817.22
243.61	54773.37
243.66	54722.13
243.71	54691.29
243.76	54693.81
243.81	54711.07
243.86	54717.63
243.91	54721.31
243.96	54725.49
244.01	54704.96
244.06	54682.84
244.12	54678.99
244.17	54667.16
244.22	54663.19
244.27	54685.46
244.32	54708.99
244.37	54717.77
244.42	54724.86
244.47	54719.91
244.52	54706.99
244.57	54674.12
244.62	54644.48
244.67	54621.01
244.72	54587.67
244.77	54576.59
244.82	54595.32
244.87	54629.01
244.92	54656.68
244.97	54679.97
245.02	54674.17
245.07	54651.25
245.12	54637.52
245.17	54626.63
245.22	54621.40
245.27	54613.12
245.32	54579.22
245.37	54528.14
245.42	54474.48
245.47	54438.38
245.52	54401.25
245.57	54391.86
245.62	54377.31
245.67	54373.98
245.72	54363.66
245.77	54340.97
245.82	54323.10
245.87	54325.72
245.92	54326.65
245.98	54315.36
246.03	54323.71
246.08	54329.71
246.13	54319.80
246.18	54327.02
246.23	54321.40
246.28	54306.78
246.33	54289.00
246.38	54257.15
246.43	54219.10
246.48	54207.41
246.53	54205.16
246.58	54217.15
246.63	54238.26
246.68	54234.65
246.73	54217.19
246.78	54189.11
246.83	54140.91
246.88	54074.18
246.93	54022.54
246.98	53974.22
247.03	53951.94
247.08	53939.68
247.13	53940.76
247.18	53947.17
247.23	53974.86
247.28	53970.48
247.33	53953.52
247.38	53939.49
247.43	53916.49
247.48	53892.52
247.53	53869.47
247.58	53842.13
247.63	53824.34
247.68	53788.15
247.73	53724.02
247.78	53684.79
247.83	53653.24
247.88	53621.43
247.93	53613.92
247.98	53617.54
248.03	53621.66
248.08	53640.91
248.13	53639.93
248.18	53630.72
248.23	53632.60
248.28	53605.42
248.33	53564.26
248.38	53529.47
248.43	53504.21
248.48	53479.75
248.53	53471.74
248.58	53456.83
248.63	53451.42
248.68	53433.13
248.73	53406.82
248.78	53373.61
248.83	53330.79
248.88	53262.71
248.93	53200.01
248.98	53121.82
249.03	53078.00
249.08	53043.84
249.13	53041.75
249.18	53031.58
249.23	53048.05
249.28	53031.56
249.33	53035.90
249.38	53019.67
249.43	53009.05
249.48	52983.22
249.53	52980.89
249.58	52960.05
249.63	52942.07
249.68	52924.66
249.73	52907.37
249.78	52871.77
249.83	52867.27
249.88	52839.15
249.93	52824.41
249.98	52816.88
250.03	52820.29
250.08	52787.47
250.13	52779.61
250.18	52744.18
250.23	52697.78
250.28	52647.92
250.33	52599.05
250.37	52565.24
250.42	52541.12
250.47	52523.40
250.52	52509.33
250.57	52494.21
250.62	52451.39
250.67	52417.71
250.72	52392.38
250.77	52348.36
250.82	52319.94
250.87	52319.56
250.92	52310.03
250.97	52291.07
251.02	52289.74
251.07	52289.08
251.12	52268.35
251.17	52236.85
251.22	52206.90
251.27	52169.66
251.32	52118.28
251.37	52066.20
251.42	52020.58
251.47	51980.33
251.52	51956.95
251.57	51943.27
251.62	51933.64
251.67	51924.39
251.72	51907.26
251.77	51867.82
251.82	51823.97
251.87	51776.15
251.92	51734.98
251.97	51683.22
252.02	51646.95
252.07	51621.67
252.12	51613.97
252.16	51607.96
252.21	51608.24
252.26	51603.74
252.31	51604.17
252.36	51590.20
252.41	51563.55
252.46	51538.09
252.51	51511.93
252.56	51477.15
252.61	51449.33
252.66	51422.75
252.71	51403.48
252.76	51376.62
252.81	51337.90
252.86	51281.22
252.91	51242.01
252.96	51173.93
253.01	51104.44
253.06	51035.39
253.11	50996.61
253.16	50946.21
253.21	50901.94
253.26	50869.47
253.31	50844.12
253.36	50815.46
253.40	50790.29
253.45	50790.29
253.50	50748.30
253.55	50715.05
253.60	50668.65
253.65	50631.20
253.70	50586.31
253.75	50582.44
253.80	50565.28
253.85	50563.59
253.90	50564.52
253.95	50558.37
254.00	50548.86
254.05	50535.44
254.10	50498.06
254.15	50457.14
254.20	50429.31
254.25	50400.27
254.30	50371.17
254.35	50339.17
254.39	50274.52
254.44	50196.89
254.49	50113.07
254.54	50073.65
254.59	50036.87
254.64	50033.57
254.69	50031.39
254.74	50032.28
254.79	50005.24
254.84	49974.48
254.89	49954.43
254.94	49938.30
254.99	49927.77
255.04	49912.20
255.09	49905.05
255.14	49877.84
255.19	49867.00
255.23	49862.97
255.28	49849.91
255.33	49843.05
255.38	49839.15
255.43	49816.77
255.48	49775.82
255.53	49732.34
255.58	49696.76
255.63	49655.52
255.68	49607.47
255.73	49563.30
255.78	49537.36
255.83	49517.01
255.88	49492.24
255.93	49466.30
255.97	49449.49
256.02	49426.55
256.07	49380.40
256.12	49319.27
256.17	49275.85
256.22	49228.31
256.27	49172.79
256.32	49127.60
256.37	49106.07
256.42	49081.96
256.47	49053.73
256.52	49024.98
256.57	48995.15
256.62	48980.39
256.66	48968.13
256.71	48942.49
256.76	48908.98
256.81	48867.52
256.86	48815.47
256.91	48761.18
256.96	48714.87
257.01	48681.16
257.06	48666.73
257.11	48633.17
257.16	48585.17
257.21	48540.15
257.26	48501.58
257.30	48458.26
257.35	48421.88
257.40	48392.27
257.45	48377.39
257.50	48350.39
257.55	48319.86
257.60	48295.22
257.65	48274.89
257.70	48242.45
257.75	48209.12
257.80	48180.02
257.85	48143.06
257.89	48097.29
257.94	48037.91
257.99	47975.92
258.04	47919.20
258.09	47875.94
258.14	47847.37
258.19	47835.86
258.24	47823.62
258.29	47787.12
258.34	47748.66
258.39	47717.05
258.44	47661.02
258.48	47608.63
258.53	47572.05
258.58	47534.75
258.63	47479.78
258.68	47440.06
258.73	47405.81
258.78	47366.32
258.83	47325.02
258.88	47289.58
258.93	47244.92
258.97	47213.97
259.02	47183.45
259.07	47155.62
259.12	47134.49
259.17	47132.94
259.22	47113.98
259.27	47094.07
259.32	47076.64
259.37	47034.99
259.42	46990.94
259.47	46946.52
259.51	46899.92
259.56	46828.40
259.61	46755.26
259.66	46678.06
259.71	46604.67
259.76	46537.45
259.81	46487.91
259.86	46452.72
259.91	46419.86
259.95	46396.88
260.00	46372.99
260.05	46356.55
260.10	46345.77
260.15	46334.22
260.20	46323.83
260.25	46314.14
260.30	46297.36
260.35	46270.75
260.40	46231.32
260.44	46202.05
260.49	46178.72
260.54	46145.26
260.59	46113.75
260.64	46116.15
260.69	46108.71
260.74	46071.40
260.79	46042.30
260.84	46005.94
260.88	45946.92
260.93	45874.02
260.98	45834.12
261.03	45789.06
261.08	45760.83
261.13	45722.87
261.18	45682.61
261.23	45636.62
261.28	45593.99
261.32	45545.50
261.37	45501.97
261.42	45472.93
261.47	45444.66
261.52	45406.04
261.57	45365.04
261.62	45327.35
261.67	45274.98
261.71	45210.82
261.76	45166.56
261.81	45118.09
261.86	45064.54
261.91	45013.79
261.96	44978.04
262.01	44940.21
262.06	44917.53
262.10	44899.87
262.15	44885.73
262.20	44865.42
262.25	44838.99
262.30	44815.68
262.35	44792.67
262.40	44766.87
262.45	44736.95
262.49	44712.04
262.54	44675.02
262.59	44646.31
262.64	44617.54
262.69	44584.38
262.74	44537.06
262.79	44487.21
262.84	44433.15
262.88	44385.87
262.93	44334.16
262.98	44295.31
263.03	44255.37
263.08	44208.88
263.13	44139.37
263.18	44080.24
263.23	44019.01
263.27	43972.82
263.32	43933.18
263.37	43913.96
263.42	43896.27
263.47	43871.38
263.52	43835.48
263.57	43796.29
263.61	43756.57
263.66	43713.48
263.71	43679.20
263.76	43650.20
263.81	43606.77
263.86	43572.17
263.91	43538.43
263.95	43477.57
264.00	43416.96
264.05	43382.86
264.10	43325.08
264.15	43258.66
264.20	43227.71
264.25	43187.72
264.29	43138.26
264.34	43091.61
264.39	43058.28
264.44	43004.71
264.49	42956.00
264.54	42905.15
264.59	42862.84
264.63	42821.00
264.68	42763.61
264.73	42718.85
264.78	42674.33
264.83	42622.17
264.88	42568.04
264.93	42551.48
264.97	42519.79
265.02	42493.36
265.07	42472.46
265.12	42438.64
265.17	42392.27
265.22	42355.40
265.27	42302.39
265.31	42248.24
265.36	42194.36
265.41	42137.27
265.46	42074.87
265.51	42003.67
265.56	41944.87
265.60	41886.50
265.65	41826.76
265.70	41769.28
265.75	41723.06
265.80	41671.75
265.85	41607.96
265.90	41548.28
265.94	41487.98
265.99	41425.81
266.04	41370.86
266.09	41340.45
266.14	41308.80
266.19	41281.29
266.23	41259.83
266.28	41218.25
266.33	41176.09
266.38	41142.87
266.43	41118.63
266.48	41085.88
266.52	41063.81
266.57	41034.27
266.62	40999.49
266.67	40943.76
266.72	40896.53
266.77	40866.53
266.81	40841.83
266.86	40812.79
266.91	40787.63
266.96	40755.66
267.01	40713.73
267.06	40656.91
267.10	40607.69
267.15	40557.26
267.20	40521.64
267.25	40481.73
267.30	40448.91
267.35	40409.76
267.39	40368.04
267.44	40322.66
267.49	40273.64
267.54	40228.80
267.59	40179.10
267.64	40126.56
267.68	40070.75
267.73	40015.37
267.78	39967.03
267.83	39936.38
267.88	39925.53
267.93	39919.96
267.97	39907.83
268.02	39876.50
268.07	39833.83
268.12	39777.52
268.17	39720.72
268.21	39675.48
268.26	39632.48
268.31	39588.90
268.36	39549.23
268.41	39501.06
268.46	39453.29
268.50	39409.31
268.55	39359.68
268.60	39294.09
268.65	39229.60
268.70	39151.03
268.74	39087.48
268.79	39018.63
268.84	38973.62
268.89	38931.69
268.94	38902.42
268.99	38865.51
269.03	38825.51
269.08	38776.20
269.13	38707.59
269.18	38626.34
269.23	38531.11
269.27	38429.95
269.32	38303.79
269.37	38184.31
269.42	38047.96
269.47	37911.05
269.51	37771.65
269.56	37634.44
269.61	37492.04
269.66	37348.63
269.71	37190.23
269.76	37042.96
269.80	36883.52
269.85	36731.38
269.90	36584.85
269.95	36448.12
270.00	36288.95
270.04	36149.01
270.09	36003.45
270.14	35870.73
270.19	35731.26
270.24	35605.42
270.28	35455.81
270.33	35293.88
270.38	35112.50
270.43	34939.82
270.48	34760.40
270.52	34605.20
270.57	34439.25
270.62	34285.47
270.67	34126.62
270.72	33970.89
270.76	33799.38
270.81	33638.21
270.86	33470.31
270.91	33297.97
270.96	33127.91
271.00	32961.98
271.05	32811.96
271.10	32669.65
271.15	32540.26
271.20	32414.29
271.24	32284.59
271.29	32151.33
271.34	32009.15
271.39	31856.50
271.44	31712.00
271.48	31574.25
271.53	31428.07
271.58	31283.14
271.63	31136.43
271.67	30989.44
271.72	30842.65
271.77	30696.84
271.82	30553.29
271.87	30421.74
271.91	30263.39
271.96	30113.41
272.01	29979.32
272.06	29845.65
272.11	29718.08
272.15	29620.37
272.20	29524.18
272.25	29423.14
272.30	29331.56
272.35	29228.39
272.39	29114.32
272.44	28989.83
272.49	28851.82
272.54	28710.32
272.58	28562.20
272.63	28414.66
272.68	28264.22
272.73	28112.83
272.78	27936.84
272.82	27739.87
272.87	27519.45
272.92	27233.41
272.97	26708.26
273.01	23769.87
273.06	18849.17
273.11	13421.87
273.16	8098.69
273.21	3049.87
273.25	459.46
273.30	-88.96
273.35	-89.66
