165.32	3385.97
165.38	-248.45
165.44	597.19
165.50	-76.46
165.55	-16.44
165.61	7.53
165.67	37.33
165.72	47.32
165.78	53.45
165.84	52.39
165.89	49.52
165.95	47.95
166.01	47.21
166.06	48.58
166.12	50.70
166.18	48.66
166.23	50.17
166.29	49.41
166.35	46.45
166.40	45.65
166.46	52.19
166.52	55.01
166.57	56.14
166.63	56.53
166.69	59.01
166.74	53.02
166.80	53.02
166.86	54.75
166.91	55.28
166.97	49.70
167.03	52.50
167.08	46.95
167.14	46.40
167.20	44.96
167.25	57.33
167.31	57.63
167.37	62.78
167.42	63.96
167.48	69.35
167.54	63.82
167.59	63.24
167.65	59.87
167.71	60.06
167.76	59.33
167.82	54.89
167.88	54.36
167.93	61.62
167.99	60.23
168.05	62.57
168.10	70.14
168.16	69.97
168.21	67.65
168.27	72.55
168.33	73.94
168.38	66.95
168.44	71.52
168.50	70.14
168.55	68.50
168.61	69.32
168.67	71.05
168.72	68.30
168.78	68.47
168.84	64.23
168.89	62.57
168.95	63.40
169.01	62.60
169.06	62.36
169.12	61.86
169.18	60.30
169.23	60.17
169.29	64.57
169.34	69.25
169.40	71.56
169.46	75.82
169.51	77.93
169.57	73.36
169.63	68.96
169.68	74.17
169.74	70.64
169.80	76.52
169.85	78.44
169.91	82.23
169.97	78.03
170.02	77.96
170.08	76.74
170.13	76.76
170.19	76.54
170.25	78.22
170.30	82.27
170.36	74.20
170.42	75.86
170.47	76.87
170.53	78.40
170.59	75.30
170.64	79.24
170.70	77.94
170.76	75.61
170.81	77.11
170.87	76.31
170.92	76.89
170.98	79.60
171.04	81.84
171.09	77.55
171.15	85.00
171.21	85.90
171.26	82.85
171.32	80.51
171.37	83.92
171.43	78.89
171.49	83.21
171.54	86.62
171.60	87.82
171.66	89.85
171.71	89.97
171.77	87.75
171.83	93.55
171.88	92.43
171.94	92.35
171.99	96.75
172.05	95.79
172.11	96.42
172.16	105.48
172.22	105.61
172.28	105.60
172.33	103.62
172.39	101.04
172.44	97.69
172.50	103.22
172.56	103.22
172.61	111.65
172.67	111.10
172.72	110.90
172.78	106.05
172.84	101.20
172.89	93.86
172.95	92.85
173.01	93.45
173.06	91.87
173.12	97.33
173.17	99.50
173.23	99.43
173.29	100.27
173.34	102.30
173.40	96.95
173.46	96.70
173.51	99.08
173.57	98.80
173.62	93.20
173.68	99.88
173.74	99.42
173.79	101.35
173.85	98.83
173.90	101.11
173.96	97.36
174.02	94.33
174.07	86.05
174.13	85.29
174.18	88.12
174.24	81.89
174.30	82.38
174.35	87.73
174.41	85.02
174.47	79.12
174.52	79.88
174.58	78.84
174.63	74.16
174.69	72.90
174.75	74.86
174.80	85.76
174.86	83.44
174.91	85.01
174.97	85.30
175.03	82.36
175.08	70.38
175.14	76.97
175.19	73.10
175.25	73.68
175.31	78.19
175.36	79.86
175.42	77.39
175.47	81.68
175.53	81.55
175.59	78.03
175.64	79.46
175.70	77.35
175.75	72.63
175.81	70.79
175.87	72.03
175.92	68.55
175.98	69.74
176.03	70.04
176.09	70.95
176.15	70.55
176.20	71.62
176.26	71.84
176.31	75.71
176.37	73.57
176.42	74.50
176.48	77.94
176.54	75.48
176.59	71.99
176.65	74.92
176.70	76.74
176.76	76.04
176.82	74.04
176.87	71.01
176.93	70.47
176.98	69.17
177.04	64.15
177.10	68.65
177.15	70.48
177.21	70.92
177.26	69.97
177.32	73.93
177.37	75.82
177.43	79.27
177.49	76.21
177.54	73.69
177.60	74.40
177.65	74.66
177.71	69.63
177.77	72.75
177.82	74.13
177.88	77.51
177.93	73.25
177.99	79.11
178.04	74.65
178.10	75.39
178.16	68.79
178.21	69.55
178.27	66.66
178.32	70.50
178.38	69.42
178.43	71.37
178.49	71.45
178.55	70.71
178.60	69.53
178.66	69.11
178.71	70.46
178.77	68.53
178.82	70.03
178.88	69.99
178.94	70.04
178.99	70.97
179.05	75.15
179.10	70.82
179.16	73.84
179.21	76.45
179.27	74.89
179.33	70.72
179.38	74.70
179.44	72.63
179.49	72.95
179.55	71.82
179.60	71.90
179.66	71.03
179.72	73.53
179.77	70.30
179.83	68.57
179.88	70.30
179.94	71.61
179.99	67.95
180.05	68.69
180.11	69.88
180.16	72.26
180.22	74.49
180.27	79.16
180.33	79.66
180.38	83.48
180.44	79.41
180.49	78.69
180.55	76.34
180.61	80.61
180.66	75.43
180.72	73.31
180.77	71.50
180.83	71.29
180.88	68.40
180.94	68.04
180.99	71.72
181.05	72.18
181.11	72.99
181.16	73.04
181.22	74.62
181.27	76.98
181.33	75.28
181.38	72.52
181.44	73.09
181.49	77.45
181.55	78.10
181.61	84.35
181.66	87.14
181.72	85.61
181.77	83.15
181.83	80.53
181.88	85.23
181.94	86.40
181.99	91.09
182.05	91.51
182.11	91.94
182.16	83.10
182.22	80.96
182.27	76.33
182.33	78.37
182.38	77.79
182.44	82.14
182.49	84.05
182.55	85.98
182.60	85.27
182.66	88.76
182.72	90.73
182.77	92.39
182.83	95.79
182.88	99.00
182.94	100.14
182.99	97.78
183.05	97.10
183.10	98.42
183.16	97.10
183.21	97.78
183.27	104.11
183.32	107.09
183.38	109.71
183.44	115.55
183.49	118.54
183.55	117.82
183.60	121.97
183.66	125.83
183.71	131.96
183.77	137.65
183.82	144.63
183.88	153.55
183.93	162.43
183.99	173.10
184.04	187.34
184.10	197.73
184.15	206.92
184.21	218.08
184.27	220.08
184.32	221.22
184.38	220.03
184.43	218.68
184.49	206.41
184.54	194.33
184.60	189.84
184.65	180.85
184.71	174.45
184.76	176.56
184.82	192.24
184.87	204.97
184.93	226.20
184.98	249.28
185.04	276.82
185.09	297.51
185.15	319.52
185.20	347.85
185.26	378.47
185.31	404.17
185.37	429.06
185.43	448.04
185.48	464.91
185.54	485.95
185.59	509.14
185.65	532.04
185.70	569.31
185.76	611.81
185.81	642.81
185.87	677.07
185.92	718.74
185.98	751.12
186.03	766.58
186.09	771.23
186.14	751.20
186.20	705.26
186.25	630.87
186.31	556.01
186.36	497.97
186.42	472.02
186.47	481.15
186.53	525.60
186.58	590.72
186.64	660.79
186.69	730.82
186.75	788.83
186.80	844.56
186.86	900.17
186.91	956.73
186.97	1010.95
187.02	1080.82
187.08	1149.45
187.13	1210.58
187.19	1276.68
187.24	1346.59
187.30	1401.67
187.35	1460.20
187.41	1532.64
187.47	1604.07
187.52	1661.18
187.58	1720.76
187.63	1784.41
187.69	1845.04
187.74	1894.31
187.80	1942.83
187.85	1988.36
187.91	2014.10
187.96	2003.30
188.02	1942.10
188.07	1835.63
188.13	1677.50
188.18	1510.14
188.24	1386.00
188.29	1326.82
188.35	1333.32
188.40	1410.88
188.46	1531.91
188.51	1651.47
188.57	1776.18
188.62	1896.52
188.67	2009.90
188.73	2116.42
188.78	2219.03
188.84	2319.00
188.89	2419.55
188.95	2519.47
189.00	2608.77
189.06	2705.70
189.11	2798.10
189.17	2878.10
189.22	2951.43
189.28	3035.52
189.33	3108.59
189.39	3170.55
189.44	3235.59
189.50	3308.71
189.55	3378.46
189.61	3433.67
189.66	3491.94
189.72	3551.48
189.77	3601.86
189.83	3630.85
189.88	3643.82
189.94	3618.07
189.99	3543.47
190.05	3397.48
190.10	3187.50
190.16	2944.38
190.21	2732.03
190.27	2596.10
190.32	2564.09
190.38	2636.91
190.43	2793.25
190.49	2983.15
190.54	3153.58
190.60	3312.64
190.65	3457.85
190.71	3591.74
190.76	3719.64
190.81	3846.05
190.87	3964.35
190.92	4083.80
190.98	4191.71
191.03	4292.70
191.09	4403.11
191.14	4503.45
191.20	4586.11
191.25	4685.08
191.31	4781.27
191.36	4862.06
191.42	4937.82
191.47	5023.75
191.53	5104.33
191.58	5170.31
191.64	5229.18
191.69	5288.91
191.75	5332.29
191.80	5361.30
191.85	5382.89
191.91	5402.78
191.96	5423.22
192.02	5451.38
192.07	5467.61
192.13	5463.79
192.18	5420.94
192.24	5310.48
192.29	5122.21
192.35	4900.86
192.40	4719.32
192.46	4611.07
192.51	4604.74
192.57	4696.32
192.62	4868.73
192.67	5050.31
192.73	5227.49
192.78	5387.65
192.84	5537.08
192.89	5671.30
192.95	5800.05
193.00	5911.70
193.06	6018.10
193.11	6123.20
193.17	6210.52
193.22	6292.23
193.28	6379.50
193.33	6453.38
193.38	6518.38
193.44	6589.13
193.49	6659.92
193.55	6719.10
193.60	6777.20
193.66	6832.07
193.71	6877.33
193.77	6903.35
193.82	6921.13
193.88	6936.10
193.93	6959.54
193.98	6984.45
194.04	7024.35
194.09	7073.96
194.15	7129.48
194.20	7175.47
194.26	7217.50
194.31	7260.29
194.37	7285.68
194.42	7294.56
194.47	7287.88
194.53	7251.06
194.58	7166.12
194.64	7059.93
194.69	6962.85
194.75	6894.72
194.80	6879.41
194.86	6921.84
194.91	7012.34
194.97	7118.19
195.02	7226.45
195.07	7331.38
195.13	7432.55
195.18	7547.20
195.24	7658.73
195.29	7775.59
195.35	7875.26
195.40	7981.11
195.46	8062.59
195.51	8150.27
195.56	8224.44
195.62	8302.16
195.67	8363.51
195.73	8426.41
195.78	8475.21
195.84	8514.70
195.89	8548.58
195.94	8581.69
196.00	8612.50
196.05	8641.88
196.11	8685.27
196.16	8728.59
196.22	8779.87
196.27	8835.36
196.32	8888.23
196.38	8932.72
196.43	8978.47
196.49	9017.02
196.54	9052.95
196.60	9095.04
196.65	9138.29
196.71	9180.25
196.76	9223.57
196.81	9260.21
196.87	9293.43
196.92	9319.20
196.98	9339.25
197.03	9347.35
197.09	9343.17
197.14	9338.87
197.19	9341.86
197.25	9352.39
197.30	9377.45
197.36	9430.74
197.41	9492.81
197.47	9553.63
197.52	9615.51
197.57	9682.13
197.63	9734.24
197.68	9789.34
197.74	9840.43
197.79	9890.36
197.84	9934.95
197.90	9985.19
197.95	10022.55
198.01	10067.36
198.06	10110.25
198.12	10153.38
198.17	10190.13
198.22	10230.94
198.28	10267.00
198.33	10310.65
198.39	10354.50
198.44	10403.30
198.49	10453.52
198.55	10501.68
198.60	10543.14
198.66	10581.61
198.71	10630.63
198.77	10674.72
198.82	10724.16
198.87	10773.46
198.93	10824.89
198.98	10868.36
199.04	10913.53
199.09	10952.81
199.14	10994.07
199.20	11031.52
199.25	11067.56
199.31	11110.61
199.36	11154.33
199.42	11198.87
199.47	11246.46
199.52	11285.39
199.58	11321.05
199.63	11347.68
199.69	11378.40
199.74	11408.09
199.79	11436.63
199.85	11464.34
199.90	11504.96
199.96	11542.71
200.01	11588.07
200.06	11638.31
200.12	11688.04
200.17	11739.37
200.23	11787.63
200.28	11827.84
200.33	11875.26
200.39	11919.75
200.44	11961.64
200.50	12002.91
200.55	12039.26
200.60	12075.54
200.66	12111.85
200.71	12142.38
200.77	12183.03
200.82	12221.63
200.87	12263.87
200.93	12302.55
200.98	12346.97
201.04	12379.84
201.09	12428.16
201.14	12474.44
201.20	12520.89
201.25	12573.90
201.31	12631.11
201.36	12689.65
201.41	12745.86
201.47	12806.11
201.52	12860.70
201.58	12921.31
201.63	12968.87
201.68	13015.99
201.74	13066.49
201.79	13116.73
201.84	13171.32
201.90	13220.57
201.95	13272.90
202.01	13326.63
202.06	13377.27
202.11	13416.96
202.17	13467.48
202.22	13510.53
202.28	13548.03
202.33	13580.60
202.38	13619.52
202.44	13661.82
202.49	13707.30
202.54	13755.41
202.60	13809.35
202.65	13860.25
202.71	13900.48
202.76	13939.53
202.81	13978.63
202.87	14025.48
202.92	14071.82
202.98	14126.73
203.03	14179.18
203.08	14234.32
203.14	14286.76
203.19	14342.89
203.24	14400.52
203.30	14458.35
203.35	14512.15
203.41	14562.78
203.46	14602.14
203.51	14643.17
203.57	14680.36
203.62	14725.18
203.67	14774.51
203.73	14826.69
203.78	14871.65
203.84	14927.42
203.89	14970.76
203.94	15014.85
204.00	15061.30
204.05	15112.43
204.10	15152.04
204.16	15198.00
204.21	15242.39
204.27	15288.09
204.32	15328.87
204.37	15380.10
204.43	15428.73
204.48	15476.88
204.53	15524.40
204.59	15581.77
204.64	15639.95
204.69	15701.80
204.75	15754.44
204.80	15813.89
204.86	15862.93
204.91	15908.34
204.96	15963.63
205.02	16020.98
205.07	16079.52
205.12	16142.65
205.18	16208.42
205.23	16263.17
205.28	16318.87
205.34	16367.29
205.39	16422.18
205.45	16479.68
205.50	16536.92
205.55	16598.57
205.61	16662.73
205.66	16719.20
205.71	16782.30
205.77	16841.40
205.82	16897.27
205.87	16953.69
205.93	17007.90
205.98	17051.55
206.03	17091.30
206.09	17138.31
206.14	17183.74
206.20	17231.62
206.25	17285.75
206.30	17353.10
206.36	17412.15
206.41	17477.10
206.46	17532.03
206.52	17579.63
206.57	17622.87
206.62	17670.53
206.68	17708.25
206.73	17759.84
206.78	17815.00
206.84	17868.68
206.89	17925.67
206.94	17984.66
207.00	18047.88
207.05	18115.30
207.11	18181.38
207.16	18239.56
207.21	18307.41
207.27	18361.65
207.32	18415.62
207.37	18476.27
207.43	18532.67
207.48	18582.52
207.53	18638.75
207.59	18692.95
207.64	18742.97
207.69	18811.91
207.75	18880.94
207.80	18937.49
207.85	18992.15
207.91	19048.45
207.96	19091.60
208.01	19139.58
208.07	19196.66
208.12	19255.32
208.17	19305.20
208.23	19354.97
208.28	19402.67
208.33	19458.30
208.39	19516.26
208.44	19581.38
208.49	19645.61
208.55	19702.00
208.60	19753.66
208.65	19803.26
208.71	19853.29
208.76	19909.14
208.81	19972.58
208.87	20036.59
208.92	20095.11
208.97	20162.01
209.03	20224.55
209.08	20290.27
209.13	20354.84
209.19	20422.43
209.24	20479.19
209.29	20544.48
209.35	20596.81
209.40	20652.66
209.45	20710.31
209.51	20776.65
209.56	20831.19
209.61	20898.85
209.67	20965.82
209.72	21027.71
209.77	21082.01
209.83	21145.69
209.88	21211.91
209.93	21277.41
209.99	21340.67
210.04	21407.79
210.09	21472.23
210.15	21531.76
210.20	21589.94
210.25	21653.44
210.31	21718.66
210.36	21768.49
210.41	21822.19
210.46	21882.28
210.52	21936.97
210.57	21983.99
210.62	22048.89
210.68	22109.72
210.73	22155.55
210.78	22214.28
210.84	22282.30
210.89	22345.20
210.94	22399.30
211.00	22460.07
211.05	22512.79
211.10	22568.66
211.16	22619.81
211.21	22690.46
211.26	22758.21
211.32	22833.20
211.37	22897.69
211.42	22966.84
211.47	23032.02
211.53	23101.26
211.58	23160.57
211.63	23220.54
211.69	23278.11
211.74	23327.55
211.79	23373.15
211.85	23429.53
211.90	23491.14
211.95	23557.47
212.01	23623.84
212.06	23701.57
212.11	23771.76
212.16	23843.31
212.22	23919.09
212.27	23983.36
212.32	24045.41
212.38	24116.30
212.43	24177.86
212.48	24237.34
212.54	24308.32
212.59	24379.97
212.64	24444.35
212.69	24508.24
212.75	24574.32
212.80	24637.06
212.85	24698.53
212.91	24749.92
212.96	24811.17
213.01	24871.80
213.07	24937.26
213.12	25004.53
213.17	25073.80
213.22	25136.72
213.28	25197.04
213.33	25242.60
213.38	25293.28
213.44	25348.23
213.49	25413.70
213.54	25481.40
213.60	25565.25
213.65	25645.11
213.70	25729.30
213.75	25803.61
213.81	25872.70
213.86	25937.22
213.91	25996.58
213.97	26048.70
214.02	26097.24
214.07	26147.28
214.12	26199.52
214.18	26252.77
214.23	26315.93
214.28	26379.66
214.34	26448.53
214.39	26522.96
214.44	26596.23
214.49	26655.96
214.55	26721.90
214.60	26780.40
214.65	26839.53
214.71	26896.61
214.76	26961.97
214.81	27026.33
214.86	27104.12
214.92	27163.66
214.97	27217.99
215.02	27283.97
215.08	27345.01
215.13	27411.66
215.18	27482.31
215.23	27563.01
215.29	27638.88
215.34	27721.84
215.39	27791.29
215.45	27868.39
215.50	27940.27
215.55	28004.55
215.60	28055.06
215.66	28102.48
215.71	28151.08
215.76	28209.72
215.81	28264.65
215.87	28322.48
215.92	28381.31
215.97	28434.88
216.03	28490.02
216.08	28543.88
216.13	28606.38
216.18	28665.55
216.24	28734.99
216.29	28790.24
216.34	28848.26
216.39	28912.29
216.45	28977.72
216.50	29032.27
216.55	29090.42
216.61	29162.15
216.66	29214.08
216.71	29267.26
216.76	29325.89
216.82	29396.40
216.87	29461.40
216.92	29543.21
216.97	29618.51
217.03	29697.18
217.08	29770.95
217.13	29848.24
217.18	29921.60
217.24	29989.90
217.29	30056.58
217.34	30105.60
217.39	30145.79
217.45	30194.50
217.50	30252.29
217.55	30306.49
217.61	30375.87
217.66	30448.92
217.71	30507.58
217.76	30575.70
217.82	30650.85
217.87	30726.45
217.92	30796.64
217.97	30868.80
218.03	30935.41
218.08	30988.57
218.13	31032.90
218.18	31083.19
218.24	31152.41
218.29	31205.23
218.34	31264.53
218.39	31331.17
218.45	31397.23
218.50	31447.06
218.55	31511.36
218.60	31575.38
218.66	31636.81
218.71	31696.60
218.76	31757.63
218.81	31816.72
218.87	31884.04
218.92	31945.62
218.97	32019.24
219.02	32090.50
219.08	32169.45
219.13	32233.65
219.18	32303.56
219.23	32358.87
219.29	32421.59
219.34	32479.91
219.39	32542.51
219.44	32605.22
219.50	32674.70
219.55	32733.12
219.60	32791.54
219.65	32851.38
219.71	32913.64
219.76	32967.84
219.81	33031.38
219.86	33089.11
219.92	33147.43
219.97	33197.75
220.02	33248.14
220.07	33300.27
220.13	33363.59
220.18	33428.94
220.23	33500.52
220.28	33583.28
220.33	33662.97
220.39	33723.10
220.44	33778.28
220.49	33833.17
220.54	33880.63
220.60	33931.34
220.65	33991.62
220.70	34063.63
220.75	34134.20
220.81	34222.55
220.86	34297.28
220.91	34372.15
220.96	34443.00
221.02	34519.12
221.07	34574.55
221.12	34633.41
221.17	34693.82
221.22	34753.27
221.28	34805.84
221.33	34862.87
221.38	34924.19
221.43	34989.82
221.49	35050.80
221.54	35115.86
221.59	35185.31
221.64	35262.92
221.69	35351.68
221.75	35447.46
221.80	35542.41
221.85	35618.20
221.90	35684.02
221.96	35738.77
222.01	35773.84
222.06	35812.01
222.11	35863.14
222.17	35908.10
222.22	35939.61
222.27	35985.79
222.32	36036.11
222.37	36084.01
222.43	36145.80
222.48	36218.95
222.53	36294.84
222.58	36371.65
222.63	36442.55
222.69	36506.95
222.74	36579.48
222.79	36638.06
222.84	36681.31
222.90	36734.20
222.95	36786.50
223.00	36821.97
223.05	36872.18
223.10	36931.87
223.16	36987.50
223.21	37036.34
223.26	37086.98
223.31	37129.01
223.36	37164.14
223.42	37208.05
223.47	37243.49
223.52	37289.24
223.57	37338.47
223.63	37397.10
223.68	37447.14
223.73	37523.54
223.78	37592.82
223.83	37662.57
223.89	37714.82
223.94	37780.24
223.99	37840.00
224.04	37918.58
224.09	37998.20
224.15	38095.17
224.20	38175.05
224.25	38261.72
224.30	38343.21
224.35	38421.78
224.41	38518.15
224.46	38617.77
224.51	38700.97
224.56	38773.33
224.61	38856.62
224.67	38924.37
224.72	38996.28
224.77	39099.05
224.82	39204.60
224.87	39286.31
224.93	39364.64
224.98	39452.88
225.03	39532.04
225.08	39602.72
225.13	39698.30
225.19	39792.05
225.24	39877.92
225.29	39953.34
225.34	40047.87
225.39	40125.54
225.45	40214.05
225.50	40307.16
225.55	40394.81
225.60	40473.37
225.65	40578.05
225.71	40667.11
225.76	40754.02
225.81	40846.40
225.86	40947.07
225.91	41033.47
225.97	41138.74
226.02	41240.09
226.07	41328.08
226.12	41400.65
226.17	41464.94
226.22	41519.45
226.28	41578.42
226.33	41647.08
226.38	41717.72
226.43	41788.87
226.48	41852.85
226.54	41915.18
226.59	41987.43
226.64	42068.96
226.69	42149.04
226.74	42233.05
226.80	42298.33
226.85	42347.30
226.90	42390.24
226.95	42441.19
227.00	42490.71
227.05	42569.33
227.11	42663.09
227.16	42759.03
227.21	42840.32
227.26	42924.57
227.31	42994.51
227.37	43044.20
227.42	43107.80
227.47	43186.75
227.52	43255.47
227.57	43321.01
227.62	43413.79
227.68	43485.77
227.73	43559.66
227.78	43638.74
227.83	43720.43
227.88	43785.06
227.93	43855.23
227.99	43938.27
228.04	44018.03
228.09	44102.29
228.14	44178.34
228.19	44251.72
228.24	44306.30
228.30	44374.16
228.35	44428.25
228.40	44492.35
228.45	44549.01
228.50	44619.32
228.56	44679.45
228.61	44737.22
228.66	44794.28
228.71	44864.24
228.76	44916.18
228.81	44965.49
228.87	45019.11
228.92	45078.99
228.97	45136.10
229.02	45223.06
229.07	45302.61
229.12	45396.66
229.17	45474.26
229.23	45553.59
229.28	45621.26
229.33	45697.78
229.38	45760.91
229.43	45835.12
229.48	45909.79
229.54	45975.75
229.59	46048.83
229.64	46127.78
229.69	46204.57
229.74	46288.91
229.79	46358.55
229.85	46427.30
229.90	46490.60
229.95	46555.92
230.00	46618.55
230.05	46702.39
230.10	46767.99
230.16	46840.22
230.21	46900.92
230.26	46944.41
230.31	46976.88
230.36	47033.26
230.41	47093.48
230.46	47178.87
230.52	47278.72
230.57	47371.28
230.62	47460.91
230.67	47530.70
230.72	47586.80
230.77	47629.21
230.82	47680.49
230.88	47704.81
230.93	47753.35
230.98	47789.98
231.03	47846.46
231.08	47896.71
231.13	47963.61
231.19	48026.04
231.24	48108.12
231.29	48179.41
231.34	48258.97
231.39	48333.41
231.44	48405.36
231.49	48452.30
231.55	48495.36
231.60	48528.86
231.65	48576.14
231.70	48622.39
231.75	48679.20
231.80	48736.68
231.85	48803.35
231.91	48841.97
231.96	48890.26
232.01	48948.55
232.06	49008.73
232.11	49060.42
232.16	49148.58
232.21	49231.36
232.26	49321.04
232.32	49401.97
232.37	49477.67
232.42	49542.53
232.47	49587.72
232.52	49628.39
232.57	49676.65
232.62	49735.25
232.68	49794.62
232.73	49871.60
232.78	49948.61
232.83	50026.44
232.88	50097.74
232.93	50172.94
232.98	50238.76
233.03	50288.44
233.09	50346.22
233.14	50415.31
233.19	50466.78
233.24	50522.19
233.29	50570.42
233.34	50605.45
233.39	50629.21
233.45	50663.33
233.50	50708.38
233.55	50759.55
233.60	50823.26
233.65	50885.56
233.70	50941.91
233.75	50985.17
233.80	51042.51
233.86	51097.21
233.91	51148.50
233.96	51189.58
234.01	51234.58
234.06	51283.35
234.11	51331.80
234.16	51390.75
234.21	51461.42
234.26	51523.75
234.32	51566.86
234.37	51610.25
234.42	51645.61
234.47	51665.49
234.52	51691.94
234.57	51736.62
234.62	51774.47
234.67	51824.31
234.73	51882.15
234.78	51939.98
234.83	51986.32
234.88	52034.64
234.93	52062.90
234.98	52109.76
235.03	52155.15
235.08	52212.40
235.13	52272.91
235.19	52345.96
235.24	52405.55
235.29	52470.47
235.34	52514.00
235.39	52550.10
235.44	52585.30
235.49	52612.51
235.54	52634.68
235.59	52648.79
235.65	52674.70
235.70	52706.78
235.75	52751.91
235.80	52799.93
235.85	52860.78
235.90	52913.75
235.95	52946.48
236.00	52972.47
236.05	53000.25
236.11	53036.99
236.16	53066.68
236.21	53110.67
236.26	53151.31
236.31	53176.13
236.36	53193.65
236.41	53212.11
236.46	53216.54
236.51	53231.77
236.56	53262.15
236.62	53280.57
236.67	53315.38
236.72	53358.80
236.77	53385.10
236.82	53426.89
236.87	53461.14
236.92	53481.65
236.97	53515.36
237.02	53563.37
237.07	53606.43
237.13	53676.70
237.18	53739.90
237.23	53793.15
237.28	53829.81
237.33	53859.63
237.38	53879.17
237.43	53899.04
237.48	53903.17
237.53	53927.69
237.58	53954.92
237.63	53992.41
237.69	54036.49
237.74	54093.47
237.79	54134.48
237.84	54149.73
237.89	54159.06
237.94	54164.44
237.99	54180.88
238.04	54200.35
238.09	54232.73
238.14	54253.66
238.19	54269.52
238.25	54283.73
238.30	54283.07
238.35	54285.89
238.40	54290.33
238.45	54303.14
238.50	54313.60
238.55	54321.20
238.60	54343.87
238.65	54364.03
238.70	54377.20
238.75	54381.87
238.80	54414.03
238.86	54426.26
238.91	54449.37
238.96	54486.44
239.01	54526.32
239.06	54564.46
239.11	54593.56
239.16	54621.01
239.21	54617.88
239.26	54605.35
239.31	54607.42
239.36	54622.10
239.41	54638.64
239.46	54668.38
239.52	54709.79
239.57	54734.00
239.62	54740.13
239.67	54754.26
239.72	54773.45
239.77	54785.33
239.82	54798.10
239.87	54816.02
239.92	54823.72
239.97	54826.49
240.02	54813.30
240.07	54798.79
240.12	54800.45
240.17	54808.37
240.23	54804.22
240.28	54816.47
240.33	54833.87
240.38	54826.31
240.43	54818.36
240.48	54839.15
240.53	54857.25
240.58	54872.75
240.63	54914.66
240.68	54932.41
240.73	54928.64
240.78	54929.15
240.83	54930.76
240.88	54907.16
240.93	54892.70
240.98	54886.81
241.04	54898.69
241.09	54916.61
241.14	54942.37
241.19	54983.83
241.24	55027.77
241.29	55048.50
241.34	55057.45
241.39	55070.68
241.44	55078.50
241.49	55079.94
241.54	55076.42
241.59	55068.72
241.64	55067.12
241.69	55052.37
241.74	55042.40
241.79	55031.57
241.84	55021.15
241.90	55006.23
241.95	54986.57
242.00	54960.77
242.05	54940.75
242.10	54931.44
242.15	54913.03
242.20	54913.18
242.25	54918.43
242.30	54918.82
242.35	54919.82
242.40	54909.07
242.45	54898.73
242.50	54880.10
242.55	54873.78
242.60	54863.80
242.65	54871.39
242.70	54884.32
242.75	54908.75
242.80	54944.82
242.85	54977.30
242.91	54998.90
242.96	54994.57
243.01	54980.85
243.06	54953.72
243.11	54919.19
243.16	54894.56
243.21	54882.14
243.26	54890.23
243.31	54902.25
243.36	54914.40
243.41	54927.35
243.46	54936.97
243.51	54904.58
243.56	54856.74
243.61	54802.06
243.66	54763.14
243.71	54728.49
243.76	54735.77
243.81	54745.24
243.86	54751.75
243.91	54761.50
243.96	54757.78
244.01	54727.67
244.06	54702.71
244.12	54698.77
244.17	54677.42
244.22	54678.03
244.27	54705.41
244.32	54738.63
244.37	54753.11
244.42	54760.40
244.47	54767.29
244.52	54743.66
244.57	54703.54
244.62	54683.40
244.67	54663.41
244.72	54631.74
244.77	54629.46
244.82	54646.53
244.87	54669.41
244.92	54691.31
244.97	54702.03
245.02	54695.90
245.07	54675.80
245.12	54656.96
245.17	54638.05
245.22	54638.22
245.27	54631.56
245.32	54597.79
245.37	54559.48
245.42	54521.45
245.47	54480.23
245.52	54435.60
245.57	54429.37
245.62	54403.40
245.67	54391.10
245.72	54381.91
245.77	54358.50
245.82	54336.11
245.87	54341.68
245.92	54348.53
245.98	54341.44
246.03	54356.91
246.08	54368.42
246.13	54364.82
246.18	54361.86
246.23	54353.20
246.28	54340.63
246.33	54323.63
246.38	54298.34
246.43	54269.14
246.48	54255.30
246.53	54253.59
246.58	54264.81
246.63	54274.81
246.68	54267.52
246.73	54254.17
246.78	54232.16
246.83	54175.29
246.88	54114.50
246.93	54069.30
246.98	54017.76
247.03	53978.75
247.08	53968.59
247.13	53969.42
247.18	53973.34
247.23	53997.26
247.28	54001.90
247.33	53987.95
247.38	53967.40
247.43	53946.44
247.48	53929.52
247.53	53899.95
247.58	53871.93
247.63	53844.04
247.68	53801.86
247.73	53736.98
247.78	53706.80
247.83	53670.35
247.88	53640.73
247.93	53635.45
247.98	53639.61
248.03	53640.96
248.08	53666.54
248.13	53673.76
248.18	53655.06
248.23	53651.19
248.28	53619.11
248.33	53571.79
248.38	53536.26
248.43	53516.81
248.48	53489.14
248.53	53475.34
248.58	53465.33
248.63	53458.63
248.68	53434.66
248.73	53413.37
248.78	53386.89
248.83	53339.30
248.88	53278.65
248.93	53214.55
248.98	53142.66
249.03	53093.50
249.08	53074.08
249.13	53064.18
249.18	53067.73
249.23	53074.42
249.28	53065.33
249.33	53053.27
249.38	53043.11
249.43	53031.00
249.48	53015.80
249.53	53007.17
249.58	52995.49
249.63	52973.10
249.68	52956.10
249.73	52937.65
249.78	52911.49
249.83	52900.85
249.88	52876.60
249.93	52851.83
249.98	52848.15
250.03	52850.48
250.08	52821.30
250.13	52817.87
250.18	52797.66
250.23	52745.96
250.28	52687.58
250.33	52632.99
250.37	52585.72
250.42	52551.35
250.47	52526.69
250.52	52515.76
250.57	52508.80
250.62	52474.40
250.67	52444.09
250.72	52423.01
250.77	52381.08
250.82	52350.26
250.87	52352.28
250.92	52342.17
250.97	52316.25
251.02	52317.06
251.07	52320.42
251.12	52296.45
251.17	52268.15
251.22	52243.36
251.27	52201.05
251.32	52148.35
251.37	52098.91
251.42	52053.44
251.47	52020.48
251.52	51993.33
251.57	51979.84
251.62	51970.19
251.67	51955.95
251.72	51934.38
251.77	51899.09
251.82	51856.79
251.87	51813.86
251.92	51769.01
251.97	51714.10
252.02	51673.55
252.07	51646.27
252.12	51633.53
252.16	51630.91
252.21	51630.54
252.26	51644.23
252.31	51643.54
252.36	51632.41
252.41	51610.11
252.46	51593.11
252.51	51551.47
252.56	51510.34
252.61	51479.11
252.66	51453.32
252.71	51425.02
252.76	51397.46
252.81	51363.85
252.86	51301.66
252.91	51255.53
252.96	51197.90
253.01	51134.78
253.06	51065.91
253.11	51033.19
253.16	50987.41
253.21	50939.95
253.26	50906.15
253.31	50890.48
253.36	50866.00
253.40	50840.88
253.45	50832.82
253.50	50793.75
253.55	50752.95
253.60	50708.51
253.65	50670.42
253.70	50634.05
253.75	50623.73
253.80	50603.36
253.85	50590.54
253.90	50590.15
253.95	50577.30
254.00	50569.57
254.05	50555.22
254.10	50521.05
254.15	50477.38
254.20	50459.86
254.25	50426.47
254.30	50399.41
254.35	50360.43
254.39	50293.95
254.44	50201.41
254.49	50124.53
254.54	50086.90
254.59	50060.55
254.64	50059.58
254.69	50061.82
254.74	50066.66
254.79	50039.02
254.84	50000.45
254.89	49976.89
254.94	49960.32
254.99	49939.70
255.04	49922.16
255.09	49919.35
255.14	49892.03
255.19	49878.86
255.23	49867.03
255.28	49853.65
255.33	49842.72
255.38	49837.56
255.43	49816.54
255.48	49787.12
255.53	49744.22
255.58	49708.70
255.63	49673.28
255.68	49627.44
255.73	49583.83
255.78	49559.77
255.83	49535.55
255.88	49517.11
255.93	49493.45
255.97	49477.88
256.02	49442.25
256.07	49395.70
256.12	49326.84
256.17	49273.96
256.22	49224.85
256.27	49175.56
256.32	49137.26
256.37	49125.45
256.42	49106.47
256.47	49073.69
256.52	49058.24
256.57	49035.04
256.62	49007.15
256.66	48995.85
256.71	48972.28
256.76	48930.85
256.81	48880.12
256.86	48836.75
256.91	48787.14
256.96	48745.58
257.01	48711.37
257.06	48695.23
257.11	48659.89
257.16	48610.30
257.21	48570.98
257.26	48532.72
257.30	48487.40
257.35	48446.86
257.40	48426.89
257.45	48403.89
257.50	48377.91
257.55	48352.64
257.60	48325.96
257.65	48289.26
257.70	48256.02
257.75	48229.33
257.80	48200.81
257.85	48162.66
257.89	48123.24
257.94	48070.58
257.99	48005.02
258.04	47939.92
258.09	47895.66
258.14	47861.67
258.19	47844.42
258.24	47823.15
258.29	47795.96
258.34	47771.81
258.39	47742.90
258.44	47683.21
258.48	47634.75
258.53	47604.11
258.58	47563.96
258.63	47514.68
258.68	47472.79
258.73	47432.63
258.78	47384.37
258.83	47336.74
258.88	47286.25
258.93	47261.14
258.97	47236.96
259.02	47205.03
259.07	47179.53
259.12	47168.96
259.17	47149.09
259.22	47138.37
259.27	47122.69
259.32	47102.22
259.37	47060.93
259.42	47024.52
259.47	46975.98
259.51	46921.09
259.56	46857.25
259.61	46787.24
259.66	46706.05
259.71	46628.45
259.76	46570.06
259.81	46508.61
259.86	46474.12
259.91	46445.37
259.95	46422.39
260.00	46402.35
260.05	46388.86
260.10	46369.23
260.15	46356.75
260.20	46344.84
260.25	46333.19
260.30	46330.27
260.35	46305.45
260.40	46264.87
260.44	46233.66
260.49	46215.81
260.54	46174.35
260.59	46148.26
260.64	46138.77
260.69	46126.77
260.74	46083.24
260.79	46045.21
260.84	46002.61
260.88	45949.79
260.93	45885.67
260.98	45851.47
261.03	45813.10
261.08	45789.05
261.13	45756.78
261.18	45711.88
261.23	45656.43
261.28	45620.75
261.32	45579.02
261.37	45531.76
261.42	45503.01
261.47	45479.59
261.52	45435.60
261.57	45383.73
261.62	45341.45
261.67	45290.84
261.71	45219.22
261.76	45174.10
261.81	45125.63
261.86	45073.46
261.91	45028.28
261.96	44992.09
262.01	44943.98
262.06	44923.41
262.10	44917.95
262.15	44900.13
262.20	44883.36
262.25	44867.36
262.30	44846.66
262.35	44819.60
262.40	44789.69
262.45	44763.63
262.49	44738.15
262.54	44701.93
262.59	44663.52
262.64	44637.93
262.69	44597.92
262.74	44549.19
262.79	44493.61
262.84	44446.53
262.88	44399.32
262.93	44347.40
262.98	44311.36
263.03	44277.49
263.08	44219.63
263.13	44145.26
263.18	44089.77
263.23	44032.56
263.27	43983.45
263.32	43959.23
263.37	43944.43
263.42	43927.91
263.47	43897.32
263.52	43871.44
263.57	43835.76
263.61	43797.75
263.66	43757.14
263.71	43720.52
263.76	43687.85
263.81	43643.97
263.86	43616.69
263.91	43576.22
263.95	43521.64
264.00	43457.16
264.05	43406.85
264.10	43337.98
264.15	43272.45
264.20	43233.72
264.25	43189.33
264.29	43146.68
264.34	43097.62
264.39	43067.84
264.44	43012.30
264.49	42963.85
264.54	42918.74
264.59	42879.78
264.63	42829.17
264.68	42782.36
264.73	42735.66
264.78	42679.49
264.83	42631.97
264.88	42586.43
264.93	42564.00
264.97	42539.54
265.02	42523.89
265.07	42502.57
265.12	42471.08
265.17	42420.26
265.22	42377.27
265.27	42315.33
265.31	42246.79
265.36	42188.05
265.41	42134.32
265.46	42072.65
265.51	42012.00
265.56	41958.62
265.60	41905.67
265.65	41851.63
265.70	41797.80
265.75	41747.06
265.80	41703.17
265.85	41633.99
265.90	41571.48
265.94	41513.78
265.99	41452.17
266.04	41397.74
266.09	41364.37
266.14	41325.23
266.19	41288.04
266.23	41265.71
266.28	41220.96
266.33	41191.32
266.38	41163.08
266.43	41139.29
266.48	41115.39
266.52	41089.79
266.57	41046.32
266.62	41007.68
266.67	40961.66
266.72	40909.26
266.77	40882.17
266.81	40862.95
266.86	40840.58
266.91	40807.79
266.96	40774.83
267.01	40731.78
267.06	40671.88
267.10	40622.02
267.15	40575.41
267.20	40542.34
267.25	40501.59
267.30	40471.56
267.35	40434.45
267.39	40392.78
267.44	40344.61
267.49	40296.54
267.54	40244.52
267.59	40192.14
267.64	40141.60
267.68	40085.94
267.73	40035.55
267.78	39994.37
267.83	39967.56
267.88	39950.27
267.93	39946.41
267.97	39933.18
268.02	39902.07
268.07	39856.96
268.12	39808.55
268.17	39742.55
268.21	39697.49
268.26	39653.76
268.31	39609.30
268.36	39557.15
268.41	39514.94
268.46	39462.48
268.50	39420.51
268.55	39365.94
268.60	39317.18
268.65	39255.12
268.70	39174.87
268.74	39114.45
268.79	39047.13
268.84	38988.69
268.89	38949.89
268.94	38923.30
268.99	38875.78
269.03	38837.57
269.08	38793.95
269.13	38713.87
269.18	38634.74
269.23	38540.35
269.27	38432.65
269.32	38300.36
269.37	38181.86
269.42	38049.90
269.47	37914.62
269.51	37781.20
269.56	37648.81
269.61	37509.26
269.66	37363.48
269.71	37213.80
269.76	37064.95
269.80	36910.81
269.85	36760.93
269.90	36613.00
269.95	36465.86
270.00	36311.44
270.04	36165.05
270.09	36025.30
270.14	35884.71
270.19	35753.64
270.24	35624.10
270.28	35472.60
270.33	35302.07
270.38	35127.78
270.43	34950.65
270.48	34768.22
270.52	34612.30
270.57	34446.80
270.62	34290.30
270.67	34131.19
270.72	33983.17
270.76	33807.46
270.81	33645.87
270.86	33478.14
270.91	33304.71
270.96	33135.05
271.00	32976.57
271.05	32826.10
271.10	32683.05
271.15	32555.48
271.20	32431.17
271.24	32304.24
271.29	32166.66
271.34	32025.59
271.39	31874.68
271.44	31720.80
271.48	31582.49
271.53	31438.93
271.58	31295.69
271.63	31150.72
271.67	31007.55
271.72	30858.40
271.77	30712.94
271.82	30571.94
271.87	30433.63
271.91	30278.23
271.96	30137.80
272.01	30002.25
272.06	29867.31
272.11	29748.21
272.15	29645.30
272.20	29537.70
272.25	29441.88
272.30	29346.54
272.35	29237.73
272.39	29133.75
272.44	29009.08
272.49	28873.89
272.54	28730.61
272.58	28579.80
272.63	28423.45
272.68	28274.77
272.73	28117.06
272.78	27946.37
272.82	27751.35
272.87	27527.10
272.92	27242.80
272.97	26720.72
273.01	23779.59
273.06	18857.20
273.11	13432.07
273.16	8103.84
273.21	3051.37
273.25	459.57
273.30	-89.56
273.35	-89.34
