165.32	3385.75
165.38	-248.49
165.44	597.53
165.50	-75.91
165.55	-16.22
165.61	7.63
165.67	36.87
165.72	46.82
165.78	52.92
165.84	51.94
165.89	48.77
165.95	47.45
166.01	47.30
166.06	49.16
166.12	51.67
166.18	50.08
166.23	51.75
166.29	50.49
166.35	46.60
166.40	45.79
166.46	52.15
166.52	54.88
166.57	55.66
166.63	56.28
166.69	58.35
166.74	52.50
166.80	52.33
166.86	54.18
166.91	54.58
166.97	49.48
167.03	51.74
167.08	46.55
167.14	45.93
167.20	44.39
167.25	56.22
167.31	56.63
167.37	62.08
167.42	64.06
167.48	69.66
167.54	64.99
167.59	64.47
167.65	60.21
167.71	59.82
167.76	58.91
167.82	53.86
167.88	53.42
167.93	61.17
167.99	59.88
168.05	62.19
168.10	70.30
168.16	69.65
168.21	67.75
168.27	72.60
168.33	74.37
168.38	66.92
168.44	72.06
168.50	70.41
168.55	68.60
168.61	69.21
168.67	71.07
168.72	68.47
168.78	68.44
168.84	64.37
168.89	63.27
168.95	64.37
169.01	63.55
169.06	63.66
169.12	63.13
169.18	61.06
169.23	60.95
169.29	65.17
169.34	68.95
169.40	71.54
169.46	76.00
169.51	77.87
169.57	73.62
169.63	69.93
169.68	74.79
169.74	71.37
169.80	76.91
169.85	77.37
169.91	81.22
169.97	76.95
170.02	76.52
170.08	75.73
170.13	77.15
170.19	76.69
170.25	78.12
170.30	82.28
170.36	73.78
170.42	75.37
170.47	76.18
170.53	77.94
170.59	74.64
170.64	78.63
170.70	77.28
170.76	75.47
170.81	77.27
170.87	77.18
170.92	77.89
170.98	80.36
171.04	82.39
171.09	77.93
171.15	85.22
171.21	85.78
171.26	83.15
171.32	80.60
171.37	84.10
171.43	78.87
171.49	83.60
171.54	86.65
171.60	88.66
171.66	90.64
171.71	90.73
171.77	88.63
171.83	94.40
171.88	93.35
171.94	93.14
171.99	97.14
172.05	95.99
172.11	96.92
172.16	105.40
172.22	105.78
172.28	106.21
172.33	104.00
172.39	100.99
172.44	97.42
172.50	102.72
172.56	102.49
172.61	110.65
172.67	110.30
172.72	110.36
172.78	105.67
172.84	100.78
172.89	94.56
172.95	94.14
173.01	94.88
173.06	92.98
173.12	98.98
173.17	100.27
173.23	99.52
173.29	99.62
173.34	101.20
173.40	95.46
173.46	95.85
173.51	98.42
173.57	98.90
173.62	93.53
173.68	100.23
173.74	99.54
173.79	101.20
173.85	98.68
173.90	101.68
173.96	97.98
174.02	94.83
174.07	86.76
174.13	86.22
174.18	88.70
174.24	82.43
174.30	83.06
174.35	88.10
174.41	84.80
174.47	78.82
174.52	80.21
174.58	79.22
174.63	75.07
174.69	73.94
174.75	75.47
174.80	86.10
174.86	83.68
174.91	84.66
174.97	85.05
175.03	83.00
175.08	70.92
175.14	77.22
175.19	72.96
175.25	73.49
175.31	77.19
175.36	78.69
175.42	75.32
175.47	80.34
175.53	80.38
175.59	77.42
175.64	79.20
175.70	78.07
175.75	73.30
175.81	71.83
175.87	72.73
175.92	68.57
175.98	70.02
176.03	69.88
176.09	70.44
176.15	70.61
176.20	71.69
176.26	71.17
176.31	74.76
176.37	72.15
176.42	73.44
176.48	77.26
176.54	75.42
176.59	72.64
176.65	75.25
176.70	76.18
176.76	75.55
176.82	73.22
176.87	70.18
176.93	70.17
176.98	68.93
177.04	63.74
177.10	68.37
177.15	69.79
177.21	70.13
177.26	68.66
177.32	72.67
177.37	74.67
177.43	78.85
177.49	75.83
177.54	73.94
177.60	74.31
177.65	74.91
177.71	69.29
177.77	72.56
177.82	73.72
177.88	77.08
177.93	72.40
177.99	78.85
178.04	74.55
178.10	75.46
178.16	69.00
178.21	70.02
178.27	66.63
178.32	70.36
178.38	69.19
178.43	70.78
178.49	71.16
178.55	70.94
178.60	69.87
178.66	69.36
178.71	71.27
178.77	68.89
178.82	69.64
178.88	69.42
178.94	69.61
178.99	70.29
179.05	74.40
179.10	70.73
179.16	73.51
179.21	76.07
179.27	75.28
179.33	71.08
179.38	74.60
179.44	72.55
179.49	72.50
179.55	70.00
179.60	70.42
179.66	69.74
179.72	72.41
179.77	70.09
179.83	69.37
179.88	71.02
179.94	71.85
179.99	67.68
180.05	67.63
180.11	68.44
180.16	70.57
180.22	72.93
180.27	77.87
180.33	79.07
180.38	82.92
180.44	78.98
180.49	78.67
180.55	76.39
180.61	80.45
180.66	75.62
180.72	73.40
180.77	71.71
180.83	72.04
180.88	68.75
180.94	68.14
180.99	71.95
181.05	71.97
181.11	73.05
181.16	73.78
181.22	75.38
181.27	77.34
181.33	76.00
181.38	72.62
181.44	73.44
181.49	77.68
181.55	78.78
181.61	85.02
181.66	87.32
181.72	85.23
181.77	82.42
181.83	79.86
181.88	84.50
181.94	86.54
181.99	91.22
182.05	91.59
182.11	92.03
182.16	83.13
182.22	80.76
182.27	76.09
182.33	77.95
182.38	77.26
182.44	81.51
182.49	83.38
182.55	85.24
182.60	85.22
182.66	88.23
182.72	90.23
182.77	92.01
182.83	94.82
182.88	97.78
182.94	99.27
182.99	97.01
183.05	95.89
183.10	98.59
183.16	97.32
183.21	97.87
183.27	104.65
183.32	107.91
183.38	109.82
183.44	115.21
183.49	119.12
183.55	118.63
183.60	122.68
183.66	126.75
183.71	134.13
183.77	139.38
183.82	146.67
183.88	156.20
183.93	165.18
183.99	176.48
184.04	190.79
184.10	201.21
184.15	210.67
184.21	223.06
184.27	224.96
184.32	226.54
184.38	225.50
184.43	224.47
184.49	211.78
184.54	199.15
184.60	194.83
184.65	185.17
184.71	177.78
184.76	179.74
184.82	195.27
184.87	207.86
184.93	229.69
184.98	253.98
185.04	281.06
185.09	301.83
185.15	324.46
185.20	352.86
185.26	383.94
185.31	409.66
185.37	435.91
185.43	455.39
185.48	473.33
185.54	494.65
185.59	519.15
185.65	542.79
185.70	581.17
185.76	624.18
185.81	656.79
185.87	691.77
185.92	733.37
185.98	766.78
186.03	782.79
186.09	786.41
186.14	765.97
186.20	718.05
186.25	640.30
186.31	563.32
186.36	503.02
186.42	477.25
186.47	488.07
186.53	533.73
186.58	599.45
186.64	670.20
186.69	740.33
186.75	799.11
186.80	855.96
186.86	912.80
186.91	971.78
186.97	1026.33
187.02	1096.22
187.08	1164.84
187.13	1225.30
187.19	1293.96
187.24	1365.02
187.30	1422.84
187.35	1482.19
187.41	1556.67
187.47	1626.24
187.52	1686.12
187.58	1744.50
187.63	1812.02
187.69	1877.06
187.74	1926.75
187.80	1972.35
187.85	2016.45
187.91	2038.13
187.96	2023.45
188.02	1963.45
188.07	1856.83
188.13	1699.58
188.18	1530.32
188.24	1403.02
188.29	1341.47
188.35	1346.31
188.40	1422.96
188.46	1546.34
188.51	1670.37
188.57	1794.54
188.62	1917.94
188.67	2032.81
188.73	2139.27
188.78	2239.86
188.84	2341.34
188.89	2441.35
188.95	2545.77
189.00	2638.18
189.06	2734.98
189.11	2827.12
189.17	2907.58
189.22	2976.18
189.28	3060.83
189.33	3138.04
189.39	3201.68
189.44	3269.11
189.50	3343.82
189.55	3412.27
189.61	3464.39
189.66	3522.46
189.72	3581.50
189.77	3633.98
189.83	3660.69
189.88	3671.66
189.94	3644.54
189.99	3568.12
190.05	3419.42
190.10	3209.44
190.16	2967.22
190.21	2752.77
190.27	2614.57
190.32	2582.18
190.38	2652.46
190.43	2807.61
190.49	2996.87
190.54	3170.82
190.60	3330.51
190.65	3475.56
190.71	3611.20
190.76	3740.83
190.81	3866.95
190.87	3986.22
190.92	4113.31
190.98	4222.46
191.03	4326.76
191.09	4432.54
191.14	4530.02
191.20	4609.96
191.25	4707.85
191.31	4800.95
191.36	4888.70
191.42	4970.01
191.47	5058.22
191.53	5137.30
191.58	5207.29
191.64	5264.41
191.69	5322.67
191.75	5363.33
191.80	5394.52
191.85	5413.78
191.91	5435.04
191.96	5453.94
192.02	5482.23
192.07	5494.39
192.13	5489.89
192.18	5446.03
192.24	5333.56
192.29	5143.25
192.35	4925.67
192.40	4745.23
192.46	4633.92
192.51	4626.98
192.57	4718.58
192.62	4891.51
192.67	5072.38
192.73	5249.52
192.78	5410.10
192.84	5561.03
192.89	5692.61
192.95	5819.04
193.00	5931.11
193.06	6037.32
193.11	6139.31
193.17	6229.01
193.22	6313.36
193.28	6403.87
193.33	6480.28
193.38	6548.08
193.44	6618.55
193.49	6691.56
193.55	6748.23
193.60	6803.12
193.66	6854.66
193.71	6896.69
193.77	6918.92
193.82	6939.73
193.88	6958.11
193.93	6985.26
193.98	7013.81
194.04	7053.23
194.09	7097.27
194.15	7148.35
194.20	7192.67
194.26	7234.07
194.31	7278.40
194.37	7302.02
194.42	7311.40
194.47	7304.41
194.53	7262.06
194.58	7172.65
194.64	7071.58
194.69	6974.73
194.75	6905.55
194.80	6891.68
194.86	6930.21
194.91	7016.83
194.97	7125.08
195.02	7233.49
195.07	7340.78
195.13	7454.08
195.18	7568.13
195.24	7674.09
195.29	7786.72
195.35	7889.95
195.40	7995.39
195.46	8079.67
195.51	8170.40
195.56	8245.57
195.62	8318.97
195.67	8373.63
195.73	8436.75
195.78	8485.79
195.84	8529.58
195.89	8558.77
195.94	8593.73
196.00	8624.25
196.05	8656.22
196.11	8695.92
196.16	8744.88
196.22	8794.59
196.27	8849.33
196.32	8899.23
196.38	8945.85
196.43	8991.57
196.49	9027.84
196.54	9063.71
196.60	9104.93
196.65	9148.63
196.71	9192.17
196.76	9239.51
196.81	9273.34
196.87	9306.95
196.92	9333.46
196.98	9346.77
197.03	9355.35
197.09	9353.64
197.14	9344.74
197.19	9343.65
197.25	9359.48
197.30	9384.94
197.36	9434.72
197.41	9501.30
197.47	9562.40
197.52	9624.24
197.57	9689.14
197.63	9742.00
197.68	9790.50
197.74	9846.91
197.79	9892.32
197.84	9932.79
197.90	9981.19
197.95	10024.52
198.01	10062.68
198.06	10108.92
198.12	10156.65
198.17	10198.05
198.22	10241.21
198.28	10277.22
198.33	10317.45
198.39	10357.77
198.44	10404.38
198.49	10449.57
198.55	10497.54
198.60	10541.28
198.66	10581.86
198.71	10627.46
198.77	10676.06
198.82	10725.32
198.87	10773.01
198.93	10818.80
198.98	10862.31
199.04	10904.71
199.09	10944.75
199.14	10991.02
199.20	11033.46
199.25	11074.01
199.31	11113.21
199.36	11159.85
199.42	11197.31
199.47	11240.27
199.52	11278.38
199.58	11314.70
199.63	11338.17
199.69	11368.91
199.74	11400.84
199.79	11426.34
199.85	11457.84
199.90	11500.08
199.96	11539.36
200.01	11583.78
200.06	11635.17
200.12	11682.41
200.17	11734.98
200.23	11788.83
200.28	11831.07
200.33	11884.64
200.39	11930.85
200.44	11970.49
200.50	12007.33
200.55	12045.87
200.60	12076.14
200.66	12111.37
200.71	12147.33
200.77	12188.64
200.82	12225.82
200.87	12265.20
200.93	12303.64
200.98	12343.01
201.04	12376.35
201.09	12427.81
201.14	12476.55
201.20	12521.84
201.25	12575.80
201.31	12631.12
201.36	12685.00
201.41	12738.27
201.47	12799.42
201.52	12849.45
201.58	12910.07
201.63	12954.85
201.68	13003.23
201.74	13049.60
201.79	13099.73
201.84	13148.00
201.90	13198.71
201.95	13250.02
202.01	13306.89
202.06	13358.43
202.11	13399.04
202.17	13449.41
202.22	13497.02
202.28	13536.26
202.33	13577.31
202.38	13618.69
202.44	13659.97
202.49	13704.54
202.54	13750.83
202.60	13797.94
202.65	13848.91
202.71	13893.96
202.76	13930.86
202.81	13971.12
202.87	14014.94
202.92	14056.84
202.98	14110.81
203.03	14163.28
203.08	14218.35
203.14	14275.21
203.19	14335.20
203.24	14389.82
203.30	14448.39
203.35	14499.13
203.41	14542.57
203.46	14584.41
203.51	14619.73
203.57	14658.72
203.62	14705.15
203.67	14761.42
203.73	14810.37
203.78	14863.67
203.84	14918.61
203.89	14962.91
203.94	15004.20
204.00	15053.99
204.05	15100.17
204.10	15136.79
204.16	15180.82
204.21	15225.73
204.27	15267.37
204.32	15306.66
204.37	15356.28
204.43	15402.87
204.48	15452.62
204.53	15499.42
204.59	15556.33
204.64	15618.40
204.69	15683.61
204.75	15738.14
204.80	15802.36
204.86	15858.08
204.91	15907.35
204.96	15961.72
205.02	16013.88
205.07	16067.14
205.12	16125.66
205.18	16182.18
205.23	16232.81
205.28	16294.98
205.34	16349.17
205.39	16406.87
205.45	16464.57
205.50	16522.11
205.55	16579.22
205.61	16638.46
205.66	16693.93
205.71	16759.73
205.77	16820.70
205.82	16878.99
205.87	16933.27
205.93	16980.41
205.98	17020.62
206.03	17061.39
206.09	17107.21
206.14	17156.34
206.20	17212.37
206.25	17270.83
206.30	17334.97
206.36	17392.20
206.41	17452.46
206.46	17505.50
206.52	17554.25
206.57	17600.74
206.62	17642.95
206.68	17683.04
206.73	17729.91
206.78	17782.40
206.84	17837.76
206.89	17900.07
206.94	17967.34
207.00	18034.16
207.05	18102.60
207.11	18169.82
207.16	18227.17
207.21	18287.50
207.27	18347.16
207.32	18400.12
207.37	18456.25
207.43	18513.23
207.48	18562.15
207.53	18611.90
207.59	18665.53
207.64	18715.40
207.69	18782.68
207.75	18849.84
207.80	18906.56
207.85	18966.19
207.91	19021.21
207.96	19070.58
208.01	19125.92
208.07	19184.66
208.12	19241.20
208.17	19295.61
208.23	19343.21
208.28	19387.74
208.33	19444.06
208.39	19502.24
208.44	19567.36
208.49	19628.62
208.55	19692.59
208.60	19747.26
208.65	19791.30
208.71	19837.66
208.76	19890.32
208.81	19950.19
208.87	20013.84
208.92	20076.35
208.97	20140.26
209.03	20207.57
209.08	20265.47
209.13	20323.55
209.19	20386.04
209.24	20443.75
209.29	20504.35
209.35	20557.68
209.40	20621.04
209.45	20682.03
209.51	20750.38
209.56	20809.36
209.61	20880.09
209.67	20941.26
209.72	21006.04
209.77	21062.94
209.83	21124.74
209.88	21189.47
209.93	21255.88
209.99	21316.71
210.04	21381.66
210.09	21451.52
210.15	21507.98
210.20	21561.42
210.25	21620.84
210.31	21683.82
210.36	21730.03
210.41	21780.95
210.46	21842.83
210.52	21899.23
210.57	21952.21
210.62	22011.89
210.68	22081.37
210.73	22131.73
210.78	22195.16
210.84	22256.56
210.89	22322.32
210.94	22373.60
211.00	22433.44
211.05	22481.79
211.10	22541.28
211.16	22596.77
211.21	22665.94
211.26	22735.41
211.32	22810.71
211.37	22879.72
211.42	22947.25
211.47	23013.02
211.53	23081.11
211.58	23137.09
211.63	23188.37
211.69	23240.62
211.74	23293.36
211.79	23337.38
211.85	23398.61
211.90	23463.68
211.95	23532.51
212.01	23596.45
212.06	23671.68
212.11	23746.24
212.16	23816.37
212.22	23891.01
212.27	23956.28
212.32	24024.19
212.38	24089.74
212.43	24152.08
212.48	24211.71
212.54	24279.75
212.59	24346.78
212.64	24408.09
212.69	24475.48
212.75	24536.71
212.80	24599.30
212.85	24661.56
212.91	24717.34
212.96	24774.68
213.01	24845.34
213.07	24906.10
213.12	24969.69
213.17	25036.37
213.22	25103.50
213.28	25158.32
213.33	25210.73
213.38	25267.48
213.44	25329.71
213.49	25397.65
213.54	25469.91
213.60	25557.39
213.65	25634.14
213.70	25715.27
213.75	25783.34
213.81	25841.73
213.86	25896.36
213.91	25954.91
213.97	26003.77
214.02	26051.63
214.07	26110.68
214.12	26167.36
214.18	26226.68
214.23	26295.17
214.28	26366.54
214.34	26437.26
214.39	26513.96
214.44	26584.22
214.49	26638.93
214.55	26696.27
214.60	26754.02
214.65	26808.22
214.71	26856.41
214.76	26922.94
214.81	26991.26
214.86	27065.80
214.92	27130.65
214.97	27197.03
215.02	27256.34
215.08	27319.24
215.13	27384.86
215.18	27451.68
215.23	27526.35
215.29	27608.96
215.34	27682.97
215.39	27753.11
215.45	27829.59
215.50	27902.33
215.55	27964.88
215.60	28026.23
215.66	28075.57
215.71	28132.51
215.76	28192.72
215.81	28247.86
215.87	28304.39
215.92	28364.21
215.97	28411.80
216.03	28467.98
216.08	28523.65
216.13	28581.12
216.18	28643.74
216.24	28714.12
216.29	28765.15
216.34	28820.90
216.39	28890.45
216.45	28953.82
216.50	29005.97
216.55	29064.18
216.61	29131.73
216.66	29180.34
216.71	29238.88
216.76	29292.47
216.82	29366.71
216.87	29433.02
216.92	29514.14
216.97	29579.74
217.03	29666.62
217.08	29741.61
217.13	29823.70
217.18	29891.37
217.24	29964.06
217.29	30024.98
217.34	30069.77
217.39	30108.22
217.45	30158.99
217.50	30202.90
217.55	30263.76
217.61	30336.70
217.66	30410.38
217.71	30469.76
217.76	30549.76
217.82	30626.41
217.87	30696.97
217.92	30766.89
217.97	30844.55
218.03	30904.32
218.08	30948.45
218.13	30989.14
218.18	31033.22
218.24	31096.17
218.29	31154.14
218.34	31218.86
218.39	31288.39
218.45	31358.07
218.50	31408.74
218.55	31473.91
218.60	31537.30
218.66	31595.19
218.71	31656.16
218.76	31721.08
218.81	31785.22
218.87	31841.82
218.92	31910.29
218.97	31980.09
219.02	32046.99
219.08	32114.87
219.13	32192.07
219.18	32260.75
219.23	32322.05
219.29	32387.71
219.34	32449.04
219.39	32509.66
219.44	32570.82
219.50	32641.45
219.55	32703.68
219.60	32769.43
219.65	32839.33
219.71	32909.53
219.76	32961.87
219.81	33017.75
219.86	33071.43
219.92	33124.81
219.97	33175.27
220.02	33225.32
220.07	33281.54
220.13	33348.62
220.18	33410.39
220.23	33479.27
220.28	33564.70
220.33	33643.00
220.39	33699.75
220.44	33750.97
220.49	33805.70
220.54	33853.87
220.60	33901.74
220.65	33963.01
220.70	34035.38
220.75	34111.34
220.81	34186.28
220.86	34262.50
220.91	34330.70
220.96	34397.48
221.02	34459.31
221.07	34522.87
221.12	34581.91
221.17	34634.37
221.22	34693.77
221.28	34752.46
221.33	34811.35
221.38	34867.49
221.43	34941.18
221.49	35005.76
221.54	35069.82
221.59	35139.07
221.64	35222.12
221.69	35309.96
221.75	35407.37
221.80	35505.01
221.85	35580.63
221.90	35649.85
221.96	35705.63
222.01	35740.94
222.06	35772.07
222.11	35825.37
222.17	35873.94
222.22	35905.52
222.27	35956.21
222.32	36006.48
222.37	36049.50
222.43	36104.90
222.48	36175.07
222.53	36244.72
222.58	36323.17
222.63	36403.38
222.69	36474.77
222.74	36550.43
222.79	36615.75
222.84	36660.20
222.90	36703.44
222.95	36748.07
223.00	36788.52
223.05	36840.11
223.10	36901.32
223.16	36963.15
223.21	37013.51
223.26	37061.12
223.31	37098.65
223.36	37141.59
223.42	37178.29
223.47	37211.67
223.52	37256.23
223.57	37301.33
223.63	37358.10
223.68	37411.28
223.73	37485.40
223.78	37567.29
223.83	37644.28
223.89	37701.03
223.94	37769.96
223.99	37835.04
224.04	37901.38
224.09	37969.54
224.15	38050.87
224.20	38126.68
224.25	38215.19
224.30	38297.09
224.35	38385.38
224.41	38485.02
224.46	38586.25
224.51	38664.79
224.56	38745.34
224.61	38823.93
224.67	38892.82
224.72	38962.40
224.77	39056.90
224.82	39150.76
224.87	39235.76
224.93	39314.35
224.98	39402.29
225.03	39483.64
225.08	39565.74
225.13	39655.26
225.19	39752.77
225.24	39847.17
225.29	39928.16
225.34	40011.43
225.39	40095.30
225.45	40182.09
225.50	40265.36
225.55	40362.07
225.60	40447.73
225.65	40544.04
225.71	40635.36
225.76	40726.06
225.81	40811.66
225.86	40914.76
225.91	41012.95
225.97	41108.19
226.02	41209.98
226.07	41288.55
226.12	41357.29
226.17	41408.60
226.22	41467.18
226.28	41524.69
226.33	41605.64
226.38	41679.95
226.43	41763.02
226.48	41833.38
226.54	41895.41
226.59	41973.71
226.64	42046.43
226.69	42120.09
226.74	42195.43
226.80	42262.55
226.85	42308.58
226.90	42353.08
226.95	42408.53
227.00	42470.10
227.05	42552.37
227.11	42639.99
227.16	42726.52
227.21	42804.57
227.26	42881.80
227.31	42946.87
227.37	42997.06
227.42	43067.42
227.47	43140.42
227.52	43211.42
227.57	43271.11
227.62	43357.79
227.68	43432.28
227.73	43512.92
227.78	43591.77
227.83	43680.17
227.88	43748.06
227.93	43824.09
227.99	43903.20
228.04	43975.29
228.09	44057.97
228.14	44131.72
228.19	44201.80
228.24	44257.01
228.30	44330.75
228.35	44390.10
228.40	44460.23
228.45	44525.87
228.50	44603.47
228.56	44667.72
228.61	44736.70
228.66	44801.53
228.71	44854.52
228.76	44900.25
228.81	44945.57
228.87	44986.12
228.92	45040.47
228.97	45102.31
229.02	45184.73
229.07	45257.30
229.12	45343.63
229.17	45420.90
229.23	45498.30
229.28	45577.72
229.33	45657.60
229.38	45738.62
229.43	45813.46
229.48	45889.12
229.54	45949.16
229.59	46015.34
229.64	46080.98
229.69	46158.60
229.74	46250.12
229.79	46325.13
229.85	46405.48
229.90	46475.56
229.95	46536.07
230.00	46598.57
230.05	46681.88
230.10	46751.55
230.16	46818.20
230.21	46883.13
230.26	46929.77
230.31	46959.75
230.36	47008.81
230.41	47075.27
230.46	47153.58
230.52	47248.04
230.57	47339.80
230.62	47433.02
230.67	47496.08
230.72	47557.31
230.77	47593.74
230.82	47645.97
230.88	47674.50
230.93	47717.95
230.98	47762.19
231.03	47820.73
231.08	47866.99
231.13	47923.87
231.19	47993.77
231.24	48059.43
231.29	48136.39
231.34	48208.86
231.39	48285.25
231.44	48351.02
231.49	48409.06
231.55	48450.47
231.60	48499.23
231.65	48550.33
231.70	48600.87
231.75	48646.33
231.80	48697.76
231.85	48757.01
231.91	48799.87
231.96	48847.98
232.01	48910.87
232.06	48977.57
232.11	49036.95
232.16	49119.08
232.21	49205.42
232.26	49290.17
232.32	49359.59
232.37	49430.19
232.42	49489.40
232.47	49529.71
232.52	49575.39
232.57	49633.43
232.62	49695.98
232.68	49760.98
232.73	49836.55
232.78	49910.92
232.83	49988.27
232.88	50058.24
232.93	50125.03
232.98	50196.72
233.03	50252.11
233.09	50312.96
233.14	50381.75
233.19	50437.38
233.24	50488.36
233.29	50543.31
233.34	50581.33
233.39	50593.87
233.45	50624.64
233.50	50663.82
233.55	50706.37
233.60	50765.81
233.65	50839.66
233.70	50909.10
233.75	50954.99
233.80	51007.18
233.86	51061.99
233.91	51110.75
233.96	51152.47
234.01	51209.49
234.06	51262.05
234.11	51310.55
234.16	51365.62
234.21	51429.32
234.26	51478.62
234.32	51524.95
234.37	51567.97
234.42	51606.54
234.47	51623.65
234.52	51658.79
234.57	51695.05
234.62	51733.30
234.67	51782.17
234.73	51844.42
234.78	51901.45
234.83	51952.61
234.88	52000.52
234.93	52033.03
234.98	52075.92
235.03	52113.39
235.08	52175.53
235.13	52236.71
235.19	52309.63
235.24	52365.42
235.29	52429.57
235.34	52468.85
235.39	52503.27
235.44	52530.95
235.49	52575.03
235.54	52600.33
235.59	52630.38
235.65	52656.40
235.70	52694.02
235.75	52725.57
235.80	52784.95
235.85	52838.67
235.90	52893.55
235.95	52923.40
236.00	52959.21
236.05	52972.53
236.11	52995.80
236.16	53029.29
236.21	53079.22
236.26	53113.65
236.31	53146.66
236.36	53167.64
236.41	53177.52
236.46	53186.69
236.51	53203.71
236.56	53229.14
236.62	53265.62
236.67	53310.42
236.72	53347.49
236.77	53380.62
236.82	53425.92
236.87	53449.53
236.92	53464.13
236.97	53497.32
237.02	53539.68
237.07	53582.81
237.13	53645.51
237.18	53704.69
237.23	53751.44
237.28	53794.36
237.33	53833.42
237.38	53850.99
237.43	53879.15
237.48	53886.25
237.53	53904.05
237.58	53929.28
237.63	53977.37
237.69	54019.27
237.74	54078.31
237.79	54122.32
237.84	54126.43
237.89	54126.15
237.94	54126.51
237.99	54139.79
238.04	54150.34
238.09	54178.12
238.14	54207.34
238.19	54237.58
238.25	54260.49
238.30	54267.77
238.35	54276.46
238.40	54283.40
238.45	54285.40
238.50	54280.82
238.55	54288.02
238.60	54315.39
238.65	54337.17
238.70	54357.32
238.75	54370.52
238.80	54401.17
238.86	54410.75
238.91	54422.27
238.96	54447.37
239.01	54488.63
239.06	54520.92
239.11	54552.80
239.16	54581.15
239.21	54586.69
239.26	54579.17
239.31	54584.62
239.36	54592.33
239.41	54604.02
239.46	54633.35
239.52	54669.80
239.57	54691.21
239.62	54712.64
239.67	54735.61
239.72	54751.55
239.77	54770.26
239.82	54783.36
239.87	54793.82
239.92	54800.16
239.97	54801.87
240.02	54787.35
240.07	54779.57
240.12	54783.32
240.17	54793.08
240.23	54786.84
240.28	54787.48
240.33	54803.84
240.38	54790.75
240.43	54788.64
240.48	54811.71
240.53	54834.53
240.58	54853.16
240.63	54895.70
240.68	54896.02
240.73	54891.25
240.78	54891.88
240.83	54888.66
240.88	54866.86
240.93	54868.19
240.98	54871.28
241.04	54886.80
241.09	54905.29
241.14	54926.94
241.19	54966.93
241.24	54996.49
241.29	55012.60
241.34	55026.50
241.39	55045.88
241.44	55058.05
241.49	55059.11
241.54	55053.37
241.59	55042.82
241.64	55034.27
241.69	55012.41
241.74	54999.08
241.79	54990.96
241.84	54982.66
241.90	54968.63
241.95	54948.05
242.00	54925.10
242.05	54905.70
242.10	54893.74
242.15	54881.01
242.20	54876.83
242.25	54879.73
242.30	54878.85
242.35	54870.22
242.40	54864.90
242.45	54857.76
242.50	54855.26
242.55	54852.87
242.60	54851.18
242.65	54852.67
242.70	54864.67
242.75	54884.06
242.80	54923.04
242.85	54954.89
242.91	54971.44
242.96	54968.92
243.01	54955.76
243.06	54927.03
243.11	54896.37
243.16	54875.48
243.21	54872.76
243.26	54878.81
243.31	54889.22
243.36	54895.84
243.41	54914.21
243.46	54910.56
243.51	54881.43
243.56	54828.24
243.61	54779.90
243.66	54733.58
243.71	54716.56
243.76	54717.78
243.81	54730.00
243.86	54730.87
243.91	54738.31
243.96	54721.81
244.01	54690.91
244.06	54673.44
244.12	54673.19
244.17	54652.85
244.22	54653.12
244.27	54686.64
244.32	54713.15
244.37	54736.52
244.42	54750.73
244.47	54750.49
244.52	54719.05
244.57	54678.12
244.62	54643.22
244.67	54624.09
244.72	54597.07
244.77	54597.26
244.82	54617.00
244.87	54647.27
244.92	54664.26
244.97	54679.57
245.02	54676.90
245.07	54657.65
245.12	54632.52
245.17	54617.37
245.22	54618.58
245.27	54608.46
245.32	54582.70
245.37	54544.47
245.42	54501.97
245.47	54457.89
245.52	54421.08
245.57	54408.15
245.62	54394.96
245.67	54385.58
245.72	54374.51
245.77	54350.89
245.82	54331.10
245.87	54329.13
245.92	54331.71
245.98	54321.63
246.03	54333.55
246.08	54341.74
246.13	54336.65
246.18	54340.11
246.23	54341.84
246.28	54323.68
246.33	54308.88
246.38	54287.37
246.43	54254.78
246.48	54233.72
246.53	54242.32
246.58	54249.38
246.63	54248.58
246.68	54237.39
246.73	54218.73
246.78	54190.73
246.83	54135.90
246.88	54085.86
246.93	54042.72
246.98	53997.08
247.03	53960.81
247.08	53945.89
247.13	53933.45
247.18	53933.85
247.23	53956.22
247.28	53963.51
247.33	53957.46
247.38	53938.05
247.43	53923.16
247.48	53909.40
247.53	53879.03
247.58	53849.83
247.63	53835.48
247.68	53797.22
247.73	53735.62
247.78	53701.02
247.83	53670.77
247.88	53645.53
247.93	53637.70
247.98	53639.68
248.03	53641.65
248.08	53656.59
248.13	53652.44
248.18	53638.89
248.23	53632.48
248.28	53602.77
248.33	53561.76
248.38	53526.97
248.43	53498.39
248.48	53475.48
248.53	53460.70
248.58	53447.90
248.63	53447.43
248.68	53435.15
248.73	53408.56
248.78	53378.48
248.83	53328.96
248.88	53253.59
248.93	53186.20
248.98	53112.22
249.03	53068.73
249.08	53045.80
249.13	53041.88
249.18	53034.54
249.23	53047.83
249.28	53041.54
249.33	53030.88
249.38	53026.41
249.43	53015.02
249.48	52995.67
249.53	52978.26
249.58	52964.09
249.63	52940.02
249.68	52926.47
249.73	52909.14
249.78	52887.59
249.83	52879.67
249.88	52849.14
249.93	52824.63
249.98	52811.05
250.03	52804.53
250.08	52777.67
250.13	52776.33
250.18	52755.23
250.23	52707.62
250.28	52659.50
250.33	52610.12
250.37	52569.20
250.42	52542.70
250.47	52528.37
250.52	52510.56
250.57	52488.20
250.62	52450.55
250.67	52410.38
250.72	52384.81
250.77	52343.21
250.82	52328.93
250.87	52325.80
250.92	52321.96
250.97	52299.99
251.02	52298.87
251.07	52292.41
251.12	52276.72
251.17	52249.24
251.22	52222.29
251.27	52186.09
251.32	52127.61
251.37	52070.99
251.42	52015.92
251.47	51976.03
251.52	51949.19
251.57	51939.97
251.62	51935.05
251.67	51927.54
251.72	51908.58
251.77	51875.75
251.82	51835.42
251.87	51781.88
251.92	51740.73
251.97	51687.44
252.02	51635.69
252.07	51606.43
252.12	51603.72
252.16	51594.62
252.21	51593.51
252.26	51612.16
252.31	51615.17
252.36	51599.62
252.41	51575.29
252.46	51561.16
252.51	51530.23
252.56	51497.80
252.61	51466.11
252.66	51442.63
252.71	51416.76
252.76	51390.51
252.81	51344.69
252.86	51287.45
252.91	51241.19
252.96	51177.16
253.01	51103.88
253.06	51044.70
253.11	51001.89
253.16	50958.72
253.21	50918.54
253.26	50890.14
253.31	50861.49
253.36	50834.79
253.40	50805.23
253.45	50785.79
253.50	50740.42
253.55	50705.53
253.60	50666.97
253.65	50626.62
253.70	50596.26
253.75	50584.27
253.80	50566.15
253.85	50559.95
253.90	50564.42
253.95	50559.52
254.00	50562.07
254.05	50547.37
254.10	50513.53
254.15	50470.28
254.20	50432.21
254.25	50395.57
254.30	50370.14
254.35	50332.16
254.39	50276.82
254.44	50197.69
254.49	50116.56
254.54	50082.65
254.59	50052.26
254.64	50040.46
254.69	50042.09
254.74	50048.36
254.79	50014.16
254.84	49978.81
254.89	49960.12
254.94	49943.31
254.99	49930.34
255.04	49917.75
255.09	49911.68
255.14	49882.26
255.19	49866.80
255.23	49853.83
255.28	49835.34
255.33	49826.90
255.38	49817.52
255.43	49807.36
255.48	49776.61
255.53	49737.88
255.58	49705.77
255.63	49679.07
255.68	49629.97
255.73	49584.56
255.78	49560.91
255.83	49530.39
255.88	49505.59
255.93	49478.58
255.97	49456.67
256.02	49420.90
256.07	49374.23
256.12	49302.82
256.17	49251.17
256.22	49197.60
256.27	49147.07
256.32	49109.65
256.37	49094.75
256.42	49080.07
256.47	49058.32
256.52	49040.87
256.57	49017.88
256.62	48991.56
256.66	48973.22
256.71	48942.42
256.76	48898.77
256.81	48849.29
256.86	48800.69
256.91	48749.61
256.96	48705.07
257.01	48679.76
257.06	48659.91
257.11	48632.38
257.16	48584.36
257.21	48556.35
257.26	48518.81
257.30	48481.85
257.35	48435.91
257.40	48409.11
257.45	48390.85
257.50	48363.64
257.55	48331.94
257.60	48310.42
257.65	48283.95
257.70	48243.97
257.75	48204.83
257.80	48171.32
257.85	48143.46
257.89	48100.02
257.94	48044.91
257.99	47989.92
258.04	47942.85
258.09	47903.08
258.14	47878.25
258.19	47865.97
258.24	47843.33
258.29	47797.22
258.34	47751.63
258.39	47714.34
258.44	47650.72
258.48	47595.53
258.53	47572.03
258.58	47531.50
258.63	47475.00
258.68	47437.98
258.73	47413.73
258.78	47366.29
258.83	47328.65
258.88	47297.64
258.93	47260.22
258.97	47228.95
259.02	47202.27
259.07	47171.71
259.12	47149.79
259.17	47139.11
259.22	47114.71
259.27	47092.54
259.32	47079.03
259.37	47039.57
259.42	47001.52
259.47	46960.58
259.51	46912.34
259.56	46848.17
259.61	46778.60
259.66	46702.91
259.71	46630.57
259.76	46573.88
259.81	46517.45
259.86	46480.20
259.91	46440.78
259.95	46413.14
260.00	46381.27
260.05	46360.02
260.10	46346.75
260.15	46329.91
260.20	46314.98
260.25	46308.12
260.30	46300.00
260.35	46270.55
260.40	46241.98
260.44	46223.80
260.49	46198.98
260.54	46162.56
260.59	46139.08
260.64	46133.38
260.69	46123.07
260.74	46087.79
260.79	46051.68
260.84	46012.04
260.88	45949.43
260.93	45867.12
260.98	45826.76
261.03	45787.77
261.08	45752.45
261.13	45722.83
261.18	45693.03
261.23	45642.06
261.28	45600.78
261.32	45560.61
261.37	45513.37
261.42	45477.65
261.47	45451.18
261.52	45401.66
261.57	45356.30
261.62	45321.74
261.67	45261.03
261.71	45196.17
261.76	45155.98
261.81	45107.16
261.86	45057.04
261.91	45023.58
261.96	44988.09
262.01	44950.36
262.06	44930.61
262.10	44909.67
262.15	44890.09
262.20	44873.94
262.25	44854.66
262.30	44831.23
262.35	44804.30
262.40	44772.37
262.45	44740.22
262.49	44713.03
262.54	44676.58
262.59	44644.79
262.64	44618.53
262.69	44582.33
262.74	44536.81
262.79	44479.55
262.84	44437.16
262.88	44398.01
262.93	44346.01
262.98	44312.28
263.03	44280.78
263.08	44222.03
263.13	44148.70
263.18	44095.86
263.23	44029.52
263.27	43977.24
263.32	43944.40
263.37	43923.04
263.42	43899.76
263.47	43869.56
263.52	43847.69
263.57	43813.28
263.61	43774.40
263.66	43730.89
263.71	43692.92
263.76	43646.53
263.81	43603.67
263.86	43571.70
263.91	43534.68
263.95	43478.89
264.00	43426.90
264.05	43382.43
264.10	43318.79
264.15	43255.50
264.20	43223.27
264.25	43183.89
264.29	43142.12
264.34	43088.34
264.39	43052.97
264.44	42996.83
264.49	42943.55
264.54	42897.26
264.59	42865.89
264.63	42822.22
264.68	42777.40
264.73	42729.14
264.78	42679.59
264.83	42623.51
264.88	42577.41
264.93	42551.52
264.97	42528.83
265.02	42502.96
265.07	42491.77
265.12	42460.62
265.17	42419.55
265.22	42375.23
265.27	42324.14
265.31	42257.42
265.36	42190.55
265.41	42126.93
265.46	42060.56
265.51	41988.21
265.56	41925.84
265.60	41879.77
265.65	41826.75
265.70	41777.20
265.75	41727.53
265.80	41675.55
265.85	41616.01
265.90	41551.70
265.94	41494.09
265.99	41427.83
266.04	41381.14
266.09	41342.51
266.14	41313.12
266.19	41280.00
266.23	41252.41
266.28	41211.36
266.33	41174.77
266.38	41142.65
266.43	41118.12
266.48	41101.15
266.52	41076.49
266.57	41038.36
266.62	40997.81
266.67	40942.03
266.72	40892.28
266.77	40866.02
266.81	40840.96
266.86	40814.67
266.91	40783.16
266.96	40740.99
267.01	40695.63
267.06	40642.90
267.10	40589.76
267.15	40546.88
267.20	40520.07
267.25	40482.97
267.30	40452.77
267.35	40422.29
267.39	40381.02
267.44	40338.10
267.49	40285.18
267.54	40239.29
267.59	40186.02
267.64	40139.84
267.68	40082.40
267.73	40033.06
267.78	39988.41
267.83	39971.84
267.88	39954.66
267.93	39951.27
267.97	39939.59
268.02	39903.92
268.07	39850.27
268.12	39793.62
268.17	39727.32
268.21	39679.25
268.26	39636.09
268.31	39587.13
268.36	39541.30
268.41	39493.15
268.46	39446.94
268.50	39405.81
268.55	39360.95
268.60	39309.17
268.65	39249.51
268.70	39168.87
268.74	39103.16
268.79	39029.43
268.84	38979.04
268.89	38940.60
268.94	38915.72
268.99	38872.17
269.03	38834.22
269.08	38781.32
269.13	38705.47
269.18	38621.78
269.23	38527.48
269.27	38428.12
269.32	38298.20
269.37	38176.29
269.42	38043.44
269.47	37905.28
269.51	37763.42
269.56	37627.48
269.61	37489.71
269.66	37338.74
269.71	37188.28
269.76	37042.56
269.80	36893.21
269.85	36743.34
269.90	36605.86
269.95	36459.70
270.00	36300.84
270.04	36157.30
270.09	36012.91
270.14	35873.72
270.19	35740.48
270.24	35610.00
270.28	35457.04
270.33	35293.72
270.38	35110.10
270.43	34930.93
270.48	34754.15
270.52	34594.20
270.57	34434.82
270.62	34277.94
270.67	34129.47
270.72	33975.82
270.76	33800.98
270.81	33637.52
270.86	33473.85
270.91	33301.92
270.96	33134.00
271.00	32980.66
271.05	32824.31
271.10	32680.77
271.15	32548.69
271.20	32421.37
271.24	32287.37
271.29	32149.14
271.34	32003.42
271.39	31850.62
271.44	31697.36
271.48	31556.11
271.53	31413.46
271.58	31269.96
271.63	31127.70
271.67	30993.29
271.72	30846.64
271.77	30702.76
271.82	30565.98
271.87	30427.70
271.91	30266.39
271.96	30125.21
272.01	29987.48
272.06	29856.79
272.11	29734.35
272.15	29630.07
272.20	29528.36
272.25	29433.29
272.30	29333.10
272.35	29228.88
272.39	29124.27
272.44	29002.65
272.49	28870.34
272.54	28733.73
272.58	28585.74
272.63	28433.92
272.68	28284.13
272.73	28123.22
272.78	27949.42
272.82	27747.41
272.87	27523.70
272.92	27235.82
272.97	26712.82
273.01	23770.45
273.06	18850.21
273.11	13423.84
273.16	8098.91
273.21	3049.63
273.25	459.23
273.30	-89.32
273.35	-89.69
