165.32	3385.27
165.38	-249.23
165.44	597.18
165.50	-75.95
165.55	-15.60
165.61	8.12
165.67	37.67
165.72	47.95
165.78	53.31
165.84	51.67
165.89	48.58
165.95	46.66
166.01	45.82
166.06	47.67
166.12	50.32
166.18	48.48
166.23	50.96
166.29	50.07
166.35	46.78
166.40	46.07
166.46	53.07
166.52	55.21
166.57	56.20
166.63	57.00
166.69	59.05
166.74	52.88
166.80	53.45
166.86	54.73
166.91	55.10
166.97	49.55
167.03	52.11
167.08	46.31
167.14	46.22
167.20	44.48
167.25	56.90
167.31	56.74
167.37	62.16
167.42	63.52
167.48	69.71
167.54	64.24
167.59	64.03
167.65	60.02
167.71	59.98
167.76	58.56
167.82	54.40
167.88	54.46
167.93	61.76
167.99	61.01
168.05	63.44
168.10	70.98
168.16	70.49
168.21	68.77
168.27	73.13
168.33	74.53
168.38	67.50
168.44	72.45
168.50	70.73
168.55	68.81
168.61	69.66
168.67	71.67
168.72	68.17
168.78	68.36
168.84	64.43
168.89	62.95
168.95	63.37
169.01	63.17
169.06	63.25
169.12	62.35
169.18	60.50
169.23	60.56
169.29	64.25
169.34	68.36
169.40	71.32
169.46	75.63
169.51	77.80
169.57	73.99
169.63	69.62
169.68	74.70
169.74	71.57
169.80	77.01
169.85	78.11
169.91	82.20
169.97	78.35
170.02	77.77
170.08	76.81
170.13	77.25
170.19	77.19
170.25	78.67
170.30	82.98
170.36	74.61
170.42	76.17
170.47	76.88
170.53	78.49
170.59	75.58
170.64	79.66
170.70	78.35
170.76	76.23
170.81	77.41
170.87	76.75
170.92	77.61
170.98	80.59
171.04	82.82
171.09	78.85
171.15	85.80
171.21	86.40
171.26	83.39
171.32	81.03
171.37	85.12
171.43	79.78
171.49	84.42
171.54	87.98
171.60	89.49
171.66	91.30
171.71	91.86
171.77	89.68
171.83	94.85
171.88	93.41
171.94	92.29
171.99	96.99
172.05	96.00
172.11	97.19
172.16	106.10
172.22	106.91
172.28	107.16
172.33	105.13
172.39	102.25
172.44	99.03
172.50	104.14
172.56	103.56
172.61	111.73
172.67	111.57
172.72	111.33
172.78	106.24
172.84	101.21
172.89	94.37
172.95	93.47
173.01	95.09
173.06	93.63
173.12	99.62
173.17	101.34
173.23	100.65
173.29	100.59
173.34	102.44
173.40	96.66
173.46	96.94
173.51	99.95
173.57	99.86
173.62	94.23
173.68	100.63
173.74	99.87
173.79	101.01
173.85	98.06
173.90	100.70
173.96	97.56
174.02	94.70
174.07	87.01
174.13	86.39
174.18	88.78
174.24	82.30
174.30	82.61
174.35	87.14
174.41	84.23
174.47	78.67
174.52	79.99
174.58	78.87
174.63	75.17
174.69	73.99
174.75	75.82
174.80	86.79
174.86	84.66
174.91	85.70
174.97	85.98
175.03	83.36
175.08	70.80
175.14	77.32
175.19	73.54
175.25	74.23
175.31	78.64
175.36	80.16
175.42	77.09
175.47	81.40
175.53	81.31
175.59	77.49
175.64	79.24
175.70	77.40
175.75	73.21
175.81	71.61
175.87	72.96
175.92	69.44
175.98	71.36
176.03	71.25
176.09	72.05
176.15	72.39
176.20	73.39
176.26	73.03
176.31	76.40
176.37	73.94
176.42	74.71
176.48	78.15
176.54	74.87
176.59	71.86
176.65	74.56
176.70	76.06
176.76	75.17
176.82	74.25
176.87	71.25
176.93	71.19
176.98	69.81
177.04	64.92
177.10	69.49
177.15	70.85
177.21	71.40
177.26	69.83
177.32	73.95
177.37	75.79
177.43	79.67
177.49	76.23
177.54	74.30
177.60	74.32
177.65	74.59
177.71	69.01
177.77	72.35
177.82	73.63
177.88	77.30
177.93	72.42
177.99	78.98
178.04	74.24
178.10	75.00
178.16	68.56
178.21	69.89
178.27	66.71
178.32	71.07
178.38	70.08
178.43	72.00
178.49	71.90
178.55	71.16
178.60	70.02
178.66	69.10
178.71	70.33
178.77	68.51
178.82	69.59
178.88	69.43
178.94	70.23
178.99	71.10
179.05	74.85
179.10	71.11
179.16	74.19
179.21	76.55
179.27	75.99
179.33	72.11
179.38	75.99
179.44	73.56
179.49	73.66
179.55	71.44
179.60	71.61
179.66	70.33
179.72	72.98
179.77	69.99
179.83	69.17
179.88	70.93
179.94	72.19
179.99	68.20
180.05	68.87
180.11	69.43
180.16	71.63
180.22	73.90
180.27	78.69
180.33	79.76
180.38	83.87
180.44	79.58
180.49	79.19
180.55	77.18
180.61	80.68
180.66	75.58
180.72	73.77
180.77	71.90
180.83	71.43
180.88	68.39
180.94	68.03
180.99	71.70
181.05	72.13
181.11	73.45
181.16	74.36
181.22	75.80
181.27	78.28
181.33	76.92
181.38	73.54
181.44	73.98
181.49	77.98
181.55	78.24
181.61	84.40
181.66	87.16
181.72	85.50
181.77	83.07
181.83	80.45
181.88	85.12
181.94	86.70
181.99	92.05
182.05	92.18
182.11	92.93
182.16	84.09
182.22	81.51
182.27	76.20
182.33	78.46
182.38	78.20
182.44	82.29
182.49	84.31
182.55	86.75
182.60	86.43
182.66	89.26
182.72	91.66
182.77	93.87
182.83	96.38
182.88	99.55
182.94	100.94
182.99	98.23
183.05	97.10
183.10	99.31
183.16	98.04
183.21	98.83
183.27	104.97
183.32	107.92
183.38	109.63
183.44	115.30
183.49	118.33
183.55	117.99
183.60	122.05
183.66	126.01
183.71	132.62
183.77	137.70
183.82	145.39
183.88	154.68
183.93	163.75
183.99	174.84
184.04	190.27
184.10	199.97
184.15	209.41
184.21	220.88
184.27	223.06
184.32	223.74
184.38	223.21
184.43	222.19
184.49	210.10
184.54	197.32
184.60	192.72
184.65	183.22
184.71	176.44
184.76	178.95
184.82	194.53
184.87	207.29
184.93	228.89
184.98	251.85
185.04	279.51
185.09	300.36
185.15	323.59
185.20	352.22
185.26	384.35
185.31	408.40
185.37	433.41
185.43	451.55
185.48	468.77
185.54	489.36
185.59	514.40
185.65	537.40
185.70	575.33
185.76	618.16
185.81	649.75
185.87	684.02
185.92	726.25
185.98	760.30
186.03	776.50
186.09	780.63
186.14	760.02
186.20	713.56
186.25	636.56
186.31	559.80
186.36	500.19
186.42	475.25
186.47	484.40
186.53	529.99
186.58	595.01
186.64	665.30
186.69	734.64
186.75	792.81
186.80	849.10
186.86	905.16
186.91	963.29
186.97	1017.80
187.02	1088.52
187.08	1156.90
187.13	1218.50
187.19	1286.41
187.24	1357.93
187.30	1414.81
187.35	1473.24
187.41	1546.94
187.47	1617.93
187.52	1674.46
187.58	1732.11
187.63	1796.65
187.69	1857.23
187.74	1905.72
187.80	1953.77
187.85	1999.51
187.91	2023.50
187.96	2012.21
188.02	1951.66
188.07	1843.67
188.13	1685.11
188.18	1518.03
188.24	1393.71
188.29	1333.37
188.35	1340.28
188.40	1418.36
188.46	1539.55
188.51	1658.55
188.57	1782.51
188.62	1905.37
188.67	2017.07
188.73	2124.77
188.78	2228.47
188.84	2328.98
188.89	2428.61
188.95	2533.85
189.00	2622.81
189.06	2719.52
189.11	2810.11
189.17	2888.26
189.22	2956.21
189.28	3040.28
189.33	3113.69
189.39	3179.94
189.44	3247.46
189.50	3323.88
189.55	3394.62
189.61	3449.29
189.66	3505.21
189.72	3562.51
189.77	3611.24
189.83	3639.21
189.88	3650.75
189.94	3623.56
189.99	3548.56
190.05	3403.19
190.10	3193.87
190.16	2951.95
190.21	2741.07
190.27	2604.74
190.32	2571.56
190.38	2641.00
190.43	2799.44
190.49	2987.68
190.54	3161.05
190.60	3320.35
190.65	3466.28
190.71	3598.37
190.76	3725.87
190.81	3849.90
190.87	3968.14
190.92	4091.65
190.98	4197.43
191.03	4299.51
191.09	4409.63
191.14	4509.24
191.20	4590.25
191.25	4689.90
191.31	4785.98
191.36	4871.28
191.42	4949.92
191.47	5036.48
191.53	5117.00
191.58	5183.25
191.64	5240.39
191.69	5301.57
191.75	5346.00
191.80	5377.35
191.85	5399.15
191.91	5418.89
191.96	5436.43
192.02	5464.80
192.07	5478.80
192.13	5476.61
192.18	5431.30
192.24	5319.18
192.29	5127.95
192.35	4905.74
192.40	4723.46
192.46	4616.58
192.51	4609.55
192.57	4702.00
192.62	4874.87
192.67	5054.73
192.73	5231.65
192.78	5390.27
192.84	5537.49
192.89	5671.19
192.95	5800.37
193.00	5913.40
193.06	6023.60
193.11	6127.44
193.17	6216.49
193.22	6297.71
193.28	6383.82
193.33	6455.66
193.38	6520.56
193.44	6589.82
193.49	6661.50
193.55	6719.41
193.60	6776.74
193.66	6832.17
193.71	6877.10
193.77	6901.90
193.82	6920.35
193.88	6939.59
193.93	6965.31
193.98	6994.19
194.04	7034.40
194.09	7081.51
194.15	7134.54
194.20	7177.92
194.26	7216.01
194.31	7259.15
194.37	7286.26
194.42	7292.40
194.47	7285.82
194.53	7246.74
194.58	7161.50
194.64	7057.44
194.69	6966.43
194.75	6894.91
194.80	6877.69
194.86	6915.73
194.91	7005.28
194.97	7104.43
195.02	7213.42
195.07	7320.53
195.13	7429.23
195.18	7539.70
195.24	7653.50
195.29	7771.18
195.35	7876.41
195.40	7978.28
195.46	8064.86
195.51	8153.34
195.56	8227.67
195.62	8301.49
195.67	8363.64
195.73	8425.65
195.78	8475.19
195.84	8519.02
195.89	8551.69
195.94	8585.42
196.00	8615.60
196.05	8645.01
196.11	8683.72
196.16	8730.30
196.22	8781.29
196.27	8834.24
196.32	8888.20
196.38	8933.21
196.43	8980.92
196.49	9015.64
196.54	9051.28
196.60	9087.09
196.65	9132.38
196.71	9169.26
196.76	9216.28
196.81	9255.63
196.87	9291.45
196.92	9313.62
196.98	9333.52
197.03	9340.09
197.09	9333.92
197.14	9327.66
197.19	9332.47
197.25	9344.38
197.30	9371.62
197.36	9423.66
197.41	9483.53
197.47	9544.64
197.52	9608.51
197.57	9673.84
197.63	9728.16
197.68	9781.86
197.74	9832.83
197.79	9879.59
197.84	9920.66
197.90	9968.65
197.95	10009.18
198.01	10048.65
198.06	10094.15
198.12	10138.75
198.17	10176.55
198.22	10219.85
198.28	10260.86
198.33	10301.45
198.39	10342.84
198.44	10391.97
198.49	10439.42
198.55	10489.32
198.60	10534.64
198.66	10578.72
198.71	10626.19
198.77	10672.94
198.82	10720.79
198.87	10767.56
198.93	10816.35
198.98	10861.32
199.04	10906.72
199.09	10942.92
199.14	10984.13
199.20	11023.26
199.25	11061.24
199.31	11103.45
199.36	11149.26
199.42	11189.25
199.47	11231.54
199.52	11264.61
199.58	11297.20
199.63	11324.25
199.69	11359.02
199.74	11392.45
199.79	11425.75
199.85	11454.57
199.90	11500.04
199.96	11538.30
200.01	11577.97
200.06	11626.12
200.12	11679.36
200.17	11729.33
200.23	11776.35
200.28	11817.46
200.33	11863.59
200.39	11904.08
200.44	11940.89
200.50	11983.32
200.55	12026.76
200.60	12068.16
200.66	12103.55
200.71	12137.44
200.77	12176.78
200.82	12214.90
200.87	12250.81
200.93	12289.03
200.98	12328.29
201.04	12361.15
201.09	12403.45
201.14	12452.23
201.20	12501.47
201.25	12559.65
201.31	12615.79
201.36	12675.64
201.41	12732.42
201.47	12795.21
201.52	12842.63
201.58	12905.97
201.63	12955.08
201.68	13000.26
201.74	13046.03
201.79	13099.92
201.84	13146.66
201.90	13195.52
201.95	13247.74
202.01	13299.01
202.06	13354.32
202.11	13397.64
202.17	13444.46
202.22	13491.00
202.28	13529.80
202.33	13565.45
202.38	13601.85
202.44	13646.30
202.49	13688.24
202.54	13735.93
202.60	13781.27
202.65	13831.20
202.71	13876.68
202.76	13918.03
202.81	13958.90
202.87	14009.43
202.92	14057.18
202.98	14110.10
203.03	14163.56
203.08	14217.30
203.14	14262.69
203.19	14318.59
203.24	14368.86
203.30	14422.48
203.35	14474.46
203.41	14528.71
203.46	14573.90
203.51	14616.82
203.57	14656.06
203.62	14704.58
203.67	14757.42
203.73	14805.36
203.78	14853.38
203.84	14909.43
203.89	14957.21
203.94	14997.96
204.00	15049.22
204.05	15099.62
204.10	15138.52
204.16	15179.90
204.21	15228.85
204.27	15269.66
204.32	15307.48
204.37	15354.90
204.43	15400.15
204.48	15445.14
204.53	15492.36
204.59	15551.41
204.64	15614.16
204.69	15679.30
204.75	15730.69
204.80	15790.73
204.86	15839.39
204.91	15886.54
204.96	15940.10
205.02	15997.75
205.07	16051.18
205.12	16118.39
205.18	16179.31
205.23	16232.48
205.28	16294.88
205.34	16347.23
205.39	16399.93
205.45	16456.94
205.50	16516.67
205.55	16569.48
205.61	16633.09
205.66	16683.91
205.71	16745.42
205.77	16802.43
205.82	16860.99
205.87	16915.16
205.93	16972.74
205.98	17016.65
206.03	17060.10
206.09	17111.27
206.14	17158.83
206.20	17209.81
206.25	17265.12
206.30	17326.62
206.36	17377.58
206.41	17438.83
206.46	17493.45
206.52	17543.66
206.57	17592.62
206.62	17636.21
206.68	17678.74
206.73	17723.17
206.78	17780.48
206.84	17829.37
206.89	17893.35
206.94	17958.28
207.00	18032.36
207.05	18097.01
207.11	18169.55
207.16	18226.47
207.21	18286.26
207.27	18340.15
207.32	18393.48
207.37	18451.01
207.43	18510.96
207.48	18560.08
207.53	18610.91
207.59	18666.19
207.64	18721.30
207.69	18786.33
207.75	18857.60
207.80	18911.53
207.85	18958.64
207.91	19005.32
207.96	19051.23
208.01	19095.55
208.07	19159.44
208.12	19227.53
208.17	19282.28
208.23	19334.98
208.28	19389.33
208.33	19444.68
208.39	19501.63
208.44	19568.13
208.49	19625.79
208.55	19683.81
208.60	19736.76
208.65	19783.45
208.71	19832.70
208.76	19887.45
208.81	19946.10
208.87	20011.64
208.92	20074.09
208.97	20135.06
209.03	20200.10
209.08	20260.92
209.13	20314.36
209.19	20374.36
209.24	20432.47
209.29	20495.98
209.35	20552.17
209.40	20617.00
209.45	20680.00
209.51	20747.88
209.56	20808.98
209.61	20873.85
209.67	20933.39
209.72	20994.08
209.77	21049.19
209.83	21108.86
209.88	21180.07
209.93	21247.82
209.99	21307.87
210.04	21377.89
210.09	21447.17
210.15	21500.66
210.20	21557.88
210.25	21624.11
210.31	21688.20
210.36	21734.34
210.41	21788.53
210.46	21849.77
210.52	21900.37
210.57	21942.56
210.62	22005.71
210.68	22070.35
210.73	22115.09
210.78	22180.01
210.84	22247.45
210.89	22309.69
210.94	22364.95
211.00	22430.69
211.05	22483.04
211.10	22544.78
211.16	22601.70
211.21	22673.57
211.26	22739.02
211.32	22808.92
211.37	22871.50
211.42	22943.25
211.47	22997.88
211.53	23063.47
211.58	23123.74
211.63	23179.82
211.69	23229.69
211.74	23286.63
211.79	23333.74
211.85	23391.00
211.90	23452.98
211.95	23521.58
212.01	23594.24
212.06	23674.56
212.11	23751.73
212.16	23832.60
212.22	23898.75
212.27	23954.81
212.32	24018.29
212.38	24079.18
212.43	24135.40
212.48	24196.99
212.54	24266.16
212.59	24333.44
212.64	24403.19
212.69	24462.55
212.75	24535.14
212.80	24604.29
212.85	24668.01
212.91	24721.05
212.96	24784.98
213.01	24845.66
213.07	24901.13
213.12	24962.45
213.17	25028.51
213.22	25094.07
213.28	25153.54
213.33	25209.13
213.38	25260.33
213.44	25315.96
213.49	25382.72
213.54	25453.94
213.60	25537.84
213.65	25623.21
213.70	25710.20
213.75	25783.85
213.81	25845.14
213.86	25905.45
213.91	25962.00
213.97	26006.60
214.02	26052.44
214.07	26105.90
214.12	26161.54
214.18	26218.51
214.23	26286.60
214.28	26353.22
214.34	26423.06
214.39	26499.19
214.44	26566.91
214.49	26624.82
214.55	26687.59
214.60	26749.45
214.65	26804.93
214.71	26863.14
214.76	26930.24
214.81	26996.57
214.86	27068.90
214.92	27130.13
214.97	27188.83
215.02	27256.56
215.08	27318.18
215.13	27387.05
215.18	27451.16
215.23	27532.97
215.29	27606.76
215.34	27685.74
215.39	27748.24
215.45	27833.48
215.50	27899.02
215.55	27959.96
215.60	28023.64
215.66	28079.72
215.71	28123.17
215.76	28186.25
215.81	28241.53
215.87	28296.90
215.92	28355.09
215.97	28418.48
216.03	28470.45
216.08	28527.94
216.13	28580.87
216.18	28640.09
216.24	28693.04
216.29	28749.96
216.34	28805.14
216.39	28867.33
216.45	28933.90
216.50	28997.34
216.55	29050.98
216.61	29122.88
216.66	29178.69
216.71	29235.20
216.76	29295.27
216.82	29372.93
216.87	29433.02
216.92	29510.08
216.97	29574.26
217.03	29647.07
217.08	29715.55
217.13	29802.00
217.18	29874.71
217.24	29951.35
217.29	30020.65
217.34	30071.03
217.39	30109.39
217.45	30156.93
217.50	30208.13
217.55	30266.01
217.61	30329.68
217.66	30394.19
217.71	30459.76
217.76	30532.47
217.82	30610.48
217.87	30692.66
217.92	30774.43
217.97	30846.76
218.03	30906.18
218.08	30951.21
218.13	30992.12
218.18	31036.98
218.24	31102.05
218.29	31160.24
218.34	31228.11
218.39	31295.79
218.45	31359.97
218.50	31409.70
218.55	31470.60
218.60	31527.34
218.66	31582.20
218.71	31645.29
218.76	31712.78
218.81	31776.97
218.87	31839.93
218.92	31912.47
218.97	31989.99
219.02	32059.99
219.08	32128.12
219.13	32202.13
219.18	32266.07
219.23	32313.44
219.29	32371.92
219.34	32434.43
219.39	32494.85
219.44	32560.57
219.50	32629.00
219.55	32697.15
219.60	32764.78
219.65	32832.68
219.71	32898.73
219.76	32958.78
219.81	33010.17
219.86	33064.49
219.92	33113.59
219.97	33164.23
220.02	33219.25
220.07	33276.16
220.13	33339.91
220.18	33405.81
220.23	33476.63
220.28	33557.11
220.33	33638.74
220.39	33696.74
220.44	33754.57
220.49	33814.79
220.54	33857.63
220.60	33906.02
220.65	33967.05
220.70	34033.46
220.75	34102.29
220.81	34186.46
220.86	34256.79
220.91	34326.82
220.96	34396.38
221.02	34461.95
221.07	34525.89
221.12	34582.78
221.17	34640.35
221.22	34704.39
221.28	34764.71
221.33	34817.30
221.38	34878.93
221.43	34953.12
221.49	35010.21
221.54	35074.14
221.59	35144.60
221.64	35230.18
221.69	35316.86
221.75	35412.66
221.80	35505.47
221.85	35582.18
221.90	35641.17
221.96	35697.09
222.01	35732.58
222.06	35766.59
222.11	35816.78
222.17	35869.83
222.22	35896.65
222.27	35953.00
222.32	36003.48
222.37	36058.78
222.43	36121.88
222.48	36193.24
222.53	36253.03
222.58	36332.22
222.63	36403.94
222.69	36468.27
222.74	36538.48
222.79	36615.92
222.84	36664.08
222.90	36706.01
222.95	36754.69
223.00	36802.80
223.05	36842.32
223.10	36896.45
223.16	36955.75
223.21	37000.80
223.26	37051.76
223.31	37104.25
223.36	37140.16
223.42	37176.38
223.47	37215.30
223.52	37254.66
223.57	37287.52
223.63	37345.68
223.68	37394.15
223.73	37468.04
223.78	37541.58
223.83	37621.64
223.89	37681.61
223.94	37759.21
223.99	37821.86
224.04	37893.45
224.09	37963.01
224.15	38052.09
224.20	38133.18
224.25	38222.22
224.30	38304.56
224.35	38393.90
224.41	38486.41
224.46	38578.81
224.51	38662.51
224.56	38751.72
224.61	38833.08
224.67	38916.53
224.72	38990.78
224.77	39086.26
224.82	39166.05
224.87	39251.89
224.93	39324.38
224.98	39411.21
225.03	39489.57
225.08	39573.72
225.13	39663.86
225.19	39758.06
225.24	39848.32
225.29	39921.96
225.34	40015.22
225.39	40096.01
225.45	40181.24
225.50	40273.94
225.55	40374.46
225.60	40459.31
225.65	40553.94
225.71	40646.15
225.76	40733.91
225.81	40821.15
225.86	40918.85
225.91	41011.93
225.97	41112.25
226.02	41211.74
226.07	41295.65
226.12	41370.20
226.17	41434.82
226.22	41493.06
226.28	41556.19
226.33	41632.94
226.38	41702.39
226.43	41779.24
226.48	41843.64
226.54	41901.34
226.59	41973.73
226.64	42049.41
226.69	42118.09
226.74	42189.24
226.80	42252.79
226.85	42301.18
226.90	42344.73
226.95	42408.17
227.00	42471.80
227.05	42552.60
227.11	42632.98
227.16	42721.79
227.21	42798.05
227.26	42878.98
227.31	42950.75
227.37	43008.65
227.42	43079.52
227.47	43159.68
227.52	43230.36
227.57	43290.04
227.62	43383.23
227.68	43454.80
227.73	43529.59
227.78	43611.77
227.83	43697.37
227.88	43759.23
227.93	43841.17
227.99	43914.37
228.04	43984.58
228.09	44065.67
228.14	44144.25
228.19	44207.47
228.24	44265.01
228.30	44333.00
228.35	44390.46
228.40	44460.65
228.45	44521.55
228.50	44598.05
228.56	44668.97
228.61	44731.55
228.66	44783.77
228.71	44840.26
228.76	44882.62
228.81	44919.86
228.87	44966.80
228.92	45030.18
228.97	45090.49
229.02	45188.74
229.07	45269.92
229.12	45364.06
229.17	45441.50
229.23	45520.99
229.28	45581.00
229.33	45660.92
229.38	45722.78
229.43	45790.98
229.48	45870.41
229.54	45944.31
229.59	46011.99
229.64	46092.70
229.69	46174.30
229.74	46263.50
229.79	46330.97
229.85	46399.50
229.90	46473.64
229.95	46534.26
230.00	46589.89
230.05	46665.53
230.10	46733.90
230.16	46798.67
230.21	46862.20
230.26	46917.39
230.31	46961.75
230.36	47022.00
230.41	47078.27
230.46	47162.11
230.52	47249.28
230.57	47331.85
230.62	47416.93
230.67	47489.96
230.72	47549.88
230.77	47593.18
230.82	47639.42
230.88	47669.78
230.93	47713.43
230.98	47750.20
231.03	47807.38
231.08	47867.71
231.13	47914.53
231.19	47976.34
231.24	48049.25
231.29	48128.82
231.34	48194.45
231.39	48286.33
231.44	48364.87
231.49	48420.66
231.55	48451.78
231.60	48499.63
231.65	48547.72
231.70	48588.73
231.75	48635.31
231.80	48695.32
231.85	48750.81
231.91	48790.90
231.96	48841.71
232.01	48906.45
232.06	48970.17
232.11	49040.38
232.16	49127.15
232.21	49208.10
232.26	49291.21
232.32	49377.01
232.37	49445.21
232.42	49509.43
232.47	49559.30
232.52	49604.01
232.57	49650.95
232.62	49708.08
232.68	49763.30
232.73	49834.44
232.78	49913.64
232.83	49983.85
232.88	50049.34
232.93	50128.46
232.98	50194.78
233.03	50245.27
233.09	50309.78
233.14	50388.15
233.19	50447.29
233.24	50503.48
233.29	50554.44
233.34	50583.60
233.39	50595.94
233.45	50612.61
233.50	50649.96
233.55	50696.84
233.60	50768.28
233.65	50836.44
233.70	50908.83
233.75	50959.11
233.80	51014.08
233.86	51058.24
233.91	51109.35
233.96	51147.45
234.01	51198.17
234.06	51250.15
234.11	51311.36
234.16	51366.64
234.21	51431.59
234.26	51490.56
234.32	51535.33
234.37	51569.67
234.42	51611.88
234.47	51632.42
234.52	51660.17
234.57	51697.03
234.62	51736.36
234.67	51780.31
234.73	51846.74
234.78	51901.58
234.83	51946.80
234.88	52001.68
234.93	52041.68
234.98	52088.39
235.03	52132.35
235.08	52195.07
235.13	52243.88
235.19	52306.80
235.24	52356.49
235.29	52418.66
235.34	52461.86
235.39	52495.53
235.44	52527.73
235.49	52570.77
235.54	52595.87
235.59	52620.50
235.65	52658.50
235.70	52695.51
235.75	52723.61
235.80	52782.07
235.85	52839.83
235.90	52882.44
235.95	52909.27
236.00	52945.90
236.05	52959.36
236.11	52983.30
236.16	53018.14
236.21	53069.20
236.26	53103.45
236.31	53139.52
236.36	53158.95
236.41	53175.15
236.46	53179.38
236.51	53201.69
236.56	53227.86
236.62	53266.91
236.67	53305.59
236.72	53356.76
236.77	53383.91
236.82	53418.20
236.87	53434.12
236.92	53457.78
236.97	53485.07
237.02	53527.54
237.07	53579.96
237.13	53649.94
237.18	53707.10
237.23	53761.42
237.28	53807.68
237.33	53841.09
237.38	53860.21
237.43	53886.95
237.48	53885.34
237.53	53903.05
237.58	53936.15
237.63	53983.09
237.69	54023.66
237.74	54085.64
237.79	54128.75
237.84	54135.22
237.89	54135.40
237.94	54140.77
237.99	54155.66
238.04	54174.37
238.09	54205.88
238.14	54235.05
238.19	54264.18
238.25	54283.00
238.30	54274.13
238.35	54268.40
238.40	54271.50
238.45	54269.17
238.50	54270.35
238.55	54288.81
238.60	54326.40
238.65	54343.90
238.70	54355.89
238.75	54370.16
238.80	54396.17
238.86	54396.03
238.91	54418.10
238.96	54459.88
239.01	54490.23
239.06	54520.42
239.11	54554.25
239.16	54581.86
239.21	54584.97
239.26	54581.73
239.31	54593.15
239.36	54601.43
239.41	54619.64
239.46	54653.04
239.52	54686.30
239.57	54704.15
239.62	54720.88
239.67	54736.08
239.72	54753.13
239.77	54770.95
239.82	54791.95
239.87	54807.15
239.92	54816.50
239.97	54815.44
240.02	54802.16
240.07	54780.05
240.12	54777.80
240.17	54778.45
240.23	54777.95
240.28	54789.87
240.33	54805.06
240.38	54806.33
240.43	54812.16
240.48	54830.77
240.53	54848.89
240.58	54876.44
240.63	54906.61
240.68	54918.23
240.73	54915.17
240.78	54912.35
240.83	54898.67
240.88	54878.86
240.93	54858.60
240.98	54847.22
241.04	54859.52
241.09	54885.33
241.14	54911.19
241.19	54953.54
241.24	54986.50
241.29	55006.47
241.34	55019.76
241.39	55034.07
241.44	55053.28
241.49	55059.19
241.54	55054.61
241.59	55053.14
241.64	55051.30
241.69	55025.87
241.74	55010.53
241.79	55007.43
241.84	54995.13
241.90	54971.54
241.95	54956.28
242.00	54939.05
242.05	54913.29
242.10	54896.85
242.15	54888.37
242.20	54880.10
242.25	54880.45
242.30	54873.93
242.35	54870.16
242.40	54869.55
242.45	54870.82
242.50	54864.95
242.55	54868.31
242.60	54862.70
242.65	54857.45
242.70	54861.32
242.75	54885.72
242.80	54913.73
242.85	54947.65
242.91	54968.90
242.96	54958.71
243.01	54932.45
243.06	54909.74
243.11	54872.01
243.16	54849.99
243.21	54848.56
243.26	54865.02
243.31	54880.91
243.36	54896.47
243.41	54912.75
243.46	54912.32
243.51	54876.65
243.56	54819.74
243.61	54768.25
243.66	54727.84
243.71	54709.44
243.76	54714.25
243.81	54739.09
243.86	54739.26
243.91	54745.77
243.96	54743.09
244.01	54719.19
244.06	54690.85
244.12	54686.56
244.17	54673.08
244.22	54665.84
244.27	54690.53
244.32	54714.15
244.37	54731.43
244.42	54734.56
244.47	54733.21
244.52	54712.97
244.57	54686.86
244.62	54662.80
244.67	54649.08
244.72	54625.75
244.77	54611.23
244.82	54626.74
244.87	54659.62
244.92	54676.79
244.97	54689.23
245.02	54692.50
245.07	54667.61
245.12	54634.45
245.17	54614.95
245.22	54623.29
245.27	54620.34
245.32	54588.58
245.37	54550.05
245.42	54510.14
245.47	54457.03
245.52	54407.02
245.57	54396.19
245.62	54390.31
245.67	54371.40
245.72	54357.49
245.77	54336.35
245.82	54313.65
245.87	54306.61
245.92	54320.06
245.98	54314.77
246.03	54330.55
246.08	54341.42
246.13	54341.97
246.18	54349.50
246.23	54351.24
246.28	54336.89
246.33	54325.26
246.38	54300.46
246.43	54267.03
246.48	54249.00
246.53	54253.92
246.58	54272.36
246.63	54272.70
246.68	54255.08
246.73	54235.44
246.78	54204.09
246.83	54138.96
246.88	54088.74
246.93	54045.78
246.98	54002.23
247.03	53968.44
247.08	53951.41
247.13	53942.49
247.18	53940.77
247.23	53961.27
247.28	53966.07
247.33	53959.53
247.38	53945.22
247.43	53926.24
247.48	53906.07
247.53	53874.71
247.58	53841.74
247.63	53810.67
247.68	53772.25
247.73	53711.40
247.78	53681.78
247.83	53658.40
247.88	53636.63
247.93	53630.79
247.98	53639.10
248.03	53644.59
248.08	53658.05
248.13	53655.44
248.18	53643.67
248.23	53631.31
248.28	53595.99
248.33	53550.46
248.38	53523.73
248.43	53493.72
248.48	53471.45
248.53	53453.45
248.58	53437.08
248.63	53432.42
248.68	53416.20
248.73	53389.98
248.78	53364.51
248.83	53323.15
248.88	53253.20
248.93	53190.89
248.98	53112.57
249.03	53063.26
249.08	53032.87
249.13	53028.02
249.18	53022.83
249.23	53046.96
249.28	53043.59
249.33	53044.58
249.38	53035.35
249.43	53022.03
249.48	52993.69
249.53	52976.88
249.58	52958.54
249.63	52932.86
249.68	52920.27
249.73	52913.08
249.78	52898.62
249.83	52880.90
249.88	52859.72
249.93	52843.11
249.98	52825.80
250.03	52816.30
250.08	52797.39
250.13	52785.81
250.18	52765.45
250.23	52724.96
250.28	52674.21
250.33	52619.77
250.37	52573.48
250.42	52525.30
250.47	52484.68
250.52	52468.17
250.57	52456.74
250.62	52425.45
250.67	52396.33
250.72	52387.02
250.77	52346.05
250.82	52320.42
250.87	52319.46
250.92	52317.38
250.97	52295.52
251.02	52289.05
251.07	52289.86
251.12	52269.94
251.17	52239.20
251.22	52212.25
251.27	52185.43
251.32	52136.48
251.37	52086.23
251.42	52039.26
251.47	51996.68
251.52	51967.38
251.57	51951.47
251.62	51937.28
251.67	51925.29
251.72	51910.83
251.77	51872.70
251.82	51829.53
251.87	51785.50
251.92	51738.90
251.97	51687.60
252.02	51646.49
252.07	51620.17
252.12	51601.66
252.16	51597.80
252.21	51600.02
252.26	51604.95
252.31	51605.63
252.36	51600.66
252.41	51581.96
252.46	51554.22
252.51	51528.15
252.56	51487.64
252.61	51460.75
252.66	51433.45
252.71	51413.77
252.76	51390.75
252.81	51355.88
252.86	51306.29
252.91	51259.52
252.96	51194.11
253.01	51122.40
253.06	51063.63
253.11	51010.88
253.16	50964.18
253.21	50920.15
253.26	50887.09
253.31	50856.45
253.36	50838.96
253.40	50810.21
253.45	50799.80
253.50	50757.29
253.55	50715.33
253.60	50661.04
253.65	50632.29
253.70	50599.64
253.75	50595.12
253.80	50584.67
253.85	50584.35
253.90	50576.62
253.95	50568.44
254.00	50564.42
254.05	50552.62
254.10	50519.99
254.15	50484.43
254.20	50453.55
254.25	50413.80
254.30	50382.45
254.35	50348.08
254.39	50283.12
254.44	50206.75
254.49	50123.02
254.54	50083.50
254.59	50054.14
254.64	50049.05
254.69	50042.96
254.74	50050.56
254.79	50023.83
254.84	49987.20
254.89	49966.66
254.94	49952.00
254.99	49944.19
255.04	49932.02
255.09	49928.46
255.14	49903.97
255.19	49889.03
255.23	49870.45
255.28	49859.87
255.33	49850.45
255.38	49848.67
255.43	49823.57
255.48	49795.52
255.53	49750.81
255.58	49713.48
255.63	49673.56
255.68	49631.98
255.73	49586.21
255.78	49552.64
255.83	49524.89
255.88	49498.02
255.93	49472.10
255.97	49453.28
256.02	49425.87
256.07	49386.78
256.12	49319.51
256.17	49274.13
256.22	49223.60
256.27	49173.00
256.32	49128.35
256.37	49108.82
256.42	49100.37
256.47	49072.41
256.52	49050.16
256.57	49022.77
256.62	49005.86
256.66	48982.07
256.71	48957.70
256.76	48921.12
256.81	48872.30
256.86	48823.11
256.91	48774.57
256.96	48732.95
257.01	48704.41
257.06	48687.89
257.11	48654.90
257.16	48599.21
257.21	48558.82
257.26	48512.63
257.30	48471.72
257.35	48429.51
257.40	48406.64
257.45	48388.53
257.50	48364.90
257.55	48331.66
257.60	48307.96
257.65	48289.39
257.70	48253.43
257.75	48208.88
257.80	48183.27
257.85	48154.20
257.89	48101.25
257.94	48041.80
257.99	47989.75
258.04	47927.12
258.09	47883.02
258.14	47855.50
258.19	47840.05
258.24	47822.65
258.29	47784.45
258.34	47740.16
258.39	47707.01
258.44	47652.19
258.48	47604.19
258.53	47578.57
258.58	47545.25
258.63	47491.70
258.68	47450.18
258.73	47412.12
258.78	47372.83
258.83	47324.36
258.88	47286.10
258.93	47253.94
258.97	47231.55
259.02	47199.65
259.07	47175.79
259.12	47153.68
259.17	47136.53
259.22	47114.99
259.27	47086.93
259.32	47070.83
259.37	47031.45
259.42	46988.54
259.47	46943.03
259.51	46897.50
259.56	46836.08
259.61	46774.26
259.66	46702.52
259.71	46632.13
259.76	46572.43
259.81	46508.97
259.86	46472.64
259.91	46440.96
259.95	46414.46
260.00	46388.95
260.05	46376.16
260.10	46351.64
260.15	46337.58
260.20	46319.29
260.25	46313.28
260.30	46307.30
260.35	46282.41
260.40	46243.54
260.44	46223.34
260.49	46200.51
260.54	46156.74
260.59	46141.47
260.64	46139.15
260.69	46127.68
260.74	46084.95
260.79	46052.04
260.84	46000.34
260.88	45936.55
260.93	45864.44
260.98	45829.36
261.03	45788.83
261.08	45761.71
261.13	45730.99
261.18	45686.16
261.23	45623.72
261.28	45583.79
261.32	45539.78
261.37	45499.37
261.42	45476.84
261.47	45465.38
261.52	45425.01
261.57	45384.11
261.62	45342.93
261.67	45288.50
261.71	45217.08
261.76	45169.52
261.81	45116.39
261.86	45060.76
261.91	45017.66
261.96	44982.23
262.01	44939.43
262.06	44915.46
262.10	44904.81
262.15	44889.87
262.20	44875.69
262.25	44862.36
262.30	44846.48
262.35	44819.55
262.40	44785.50
262.45	44747.02
262.49	44719.16
262.54	44675.55
262.59	44639.27
262.64	44614.66
262.69	44583.18
262.74	44531.21
262.79	44472.40
262.84	44427.27
262.88	44377.29
262.93	44328.30
262.98	44294.39
263.03	44267.00
263.08	44215.91
263.13	44147.69
263.18	44093.70
263.23	44029.37
263.27	43978.35
263.32	43950.85
263.37	43930.07
263.42	43906.98
263.47	43886.43
263.52	43854.88
263.57	43810.08
263.61	43773.73
263.66	43731.44
263.71	43693.02
263.76	43664.88
263.81	43623.04
263.86	43594.49
263.91	43554.23
263.95	43493.42
264.00	43430.47
264.05	43392.54
264.10	43322.44
264.15	43263.12
264.20	43234.65
264.25	43196.32
264.29	43147.11
264.34	43095.50
264.39	43062.15
264.44	43002.14
264.49	42950.68
264.54	42904.88
264.59	42878.12
264.63	42831.98
264.68	42787.18
264.73	42738.80
264.78	42702.15
264.83	42644.64
264.88	42598.15
264.93	42578.99
264.97	42548.83
265.02	42515.57
265.07	42498.79
265.12	42466.08
265.17	42411.94
265.22	42374.59
265.27	42310.79
265.31	42250.46
265.36	42187.56
265.41	42130.92
265.46	42067.00
265.51	41998.69
265.56	41935.60
265.60	41886.72
265.65	41827.42
265.70	41775.19
265.75	41728.57
265.80	41676.83
265.85	41613.78
265.90	41564.15
265.94	41506.88
265.99	41448.10
266.04	41399.88
266.09	41367.28
266.14	41325.99
266.19	41288.48
266.23	41262.75
266.28	41217.56
266.33	41180.07
266.38	41156.13
266.43	41134.64
266.48	41110.84
266.52	41085.75
266.57	41054.55
266.62	41005.50
266.67	40952.43
266.72	40901.79
266.77	40873.33
266.81	40839.10
266.86	40820.52
266.91	40790.87
266.96	40749.18
267.01	40709.88
267.06	40657.82
267.10	40605.10
267.15	40555.54
267.20	40527.73
267.25	40486.40
267.30	40456.71
267.35	40421.40
267.39	40383.30
267.44	40335.93
267.49	40286.69
267.54	40232.85
267.59	40176.37
267.64	40128.92
267.68	40070.22
267.73	40015.86
267.78	39977.35
267.83	39955.21
267.88	39934.20
267.93	39939.44
267.97	39929.24
268.02	39897.24
268.07	39849.94
268.12	39801.31
268.17	39732.15
268.21	39686.51
268.26	39633.37
268.31	39592.49
268.36	39551.46
268.41	39511.98
268.46	39460.30
268.50	39425.48
268.55	39377.84
268.60	39317.19
268.65	39255.61
268.70	39179.58
268.74	39110.18
268.79	39033.96
268.84	38975.87
268.89	38933.26
268.94	38900.32
268.99	38863.16
269.03	38828.66
269.08	38786.88
269.13	38708.58
269.18	38632.85
269.23	38538.21
269.27	38432.68
269.32	38306.95
269.37	38188.07
269.42	38047.85
269.47	37911.61
269.51	37767.58
269.56	37628.34
269.61	37489.86
269.66	37354.05
269.71	37198.28
269.76	37053.79
269.80	36904.65
269.85	36756.02
269.90	36610.32
269.95	36464.47
270.00	36309.44
270.04	36162.83
270.09	36018.11
270.14	35874.99
270.19	35744.19
270.24	35616.84
270.28	35463.14
270.33	35298.60
270.38	35120.57
270.43	34943.32
270.48	34758.95
270.52	34602.36
270.57	34437.78
270.62	34281.63
270.67	34132.28
270.72	33978.32
270.76	33808.15
270.81	33649.55
270.86	33481.15
270.91	33300.70
270.96	33131.96
271.00	32970.95
271.05	32809.21
271.10	32670.34
271.15	32544.44
271.20	32423.61
271.24	32287.56
271.29	32155.45
271.34	32006.24
271.39	31851.97
271.44	31699.29
271.48	31561.78
271.53	31415.31
271.58	31276.63
271.63	31135.42
271.67	30988.22
271.72	30842.72
271.77	30704.16
271.82	30562.99
271.87	30428.37
271.91	30271.33
271.96	30129.49
272.01	29986.89
272.06	29853.84
272.11	29730.56
272.15	29628.45
272.20	29523.23
272.25	29429.15
272.30	29335.95
272.35	29225.80
272.39	29122.87
272.44	29002.48
272.49	28867.53
272.54	28723.54
272.58	28573.19
272.63	28423.02
272.68	28271.19
272.73	28116.00
272.78	27944.08
272.82	27751.89
272.87	27526.22
272.92	27244.03
272.97	26723.36
273.01	23775.95
273.06	18851.86
273.11	13427.02
273.16	8098.15
273.21	3043.53
273.25	459.48
273.30	-89.68
273.35	-89.20
