165.32	3385.78
165.38	-248.60
165.44	597.47
165.50	-75.85
165.55	-16.07
165.61	7.95
165.67	37.47
165.72	47.17
165.78	53.16
165.84	52.11
165.89	49.27
165.95	48.07
166.01	47.85
166.06	49.31
166.12	51.82
166.18	49.65
166.23	51.13
166.29	50.55
166.35	47.46
166.40	46.46
166.46	53.07
166.52	55.56
166.57	56.08
166.63	56.28
166.69	59.21
166.74	53.37
166.80	53.85
166.86	56.03
166.91	56.90
166.97	50.74
167.03	53.32
167.08	47.54
167.14	46.66
167.20	44.79
167.25	57.12
167.31	57.04
167.37	63.13
167.42	64.93
167.48	70.92
167.54	65.66
167.59	65.17
167.65	60.59
167.71	60.36
167.76	58.84
167.82	54.36
167.88	54.03
167.93	61.54
167.99	60.20
168.05	62.50
168.10	70.56
168.16	70.46
168.21	68.40
168.27	72.80
168.33	74.86
168.38	67.21
168.44	71.73
168.50	70.36
168.55	69.12
168.61	69.46
168.67	71.71
168.72	68.87
168.78	69.10
168.84	64.90
168.89	63.85
168.95	64.67
169.01	64.15
169.06	63.76
169.12	62.64
169.18	60.66
169.23	60.47
169.29	65.00
169.34	68.89
169.40	72.00
169.46	76.17
169.51	78.00
169.57	73.27
169.63	69.86
169.68	74.21
169.74	70.87
169.80	77.13
169.85	78.27
169.91	81.79
169.97	78.59
170.02	78.15
170.08	76.90
170.13	77.34
170.19	77.34
170.25	78.67
170.30	82.98
170.36	74.55
170.42	76.48
170.47	77.31
170.53	78.97
170.59	75.95
170.64	79.68
170.70	78.08
170.76	76.03
170.81	77.36
170.87	76.60
170.92	77.53
170.98	80.63
171.04	82.91
171.09	78.86
171.15	86.24
171.21	86.72
171.26	83.62
171.32	80.64
171.37	83.86
171.43	78.43
171.49	83.13
171.54	86.21
171.60	87.98
171.66	89.79
171.71	90.40
171.77	88.07
171.83	93.59
171.88	92.38
171.94	92.42
171.99	96.82
172.05	95.54
172.11	97.09
172.16	105.83
172.22	106.07
172.28	106.18
172.33	104.91
172.39	101.74
172.44	98.33
172.50	103.81
172.56	103.76
172.61	112.04
172.67	111.77
172.72	111.44
172.78	106.52
172.84	101.57
172.89	94.88
172.95	94.27
173.01	95.46
173.06	93.99
173.12	99.78
173.17	100.95
173.23	100.24
173.29	100.75
173.34	102.68
173.40	97.13
173.46	97.44
173.51	100.14
173.57	100.10
173.62	94.63
173.68	100.85
173.74	99.94
173.79	101.71
173.85	98.86
173.90	101.38
173.96	97.76
174.02	95.25
174.07	87.30
174.13	86.52
174.18	88.66
174.24	82.67
174.30	82.73
174.35	87.21
174.41	84.24
174.47	78.28
174.52	78.94
174.58	78.16
174.63	74.49
174.69	73.50
174.75	75.71
174.80	86.99
174.86	84.64
174.91	85.76
174.97	85.96
175.03	83.63
175.08	71.66
175.14	78.00
175.19	73.65
175.25	74.45
175.31	78.65
175.36	80.01
175.42	77.11
175.47	81.76
175.53	81.97
175.59	78.55
175.64	80.51
175.70	79.01
175.75	74.65
175.81	73.06
175.87	74.08
175.92	69.76
175.98	70.91
176.03	70.76
176.09	71.12
176.15	70.79
176.20	71.90
176.26	71.92
176.31	75.12
176.37	72.60
176.42	73.96
176.48	78.01
176.54	75.56
176.59	72.89
176.65	75.88
176.70	77.41
176.76	76.22
176.82	74.17
176.87	71.24
176.93	71.21
176.98	69.34
177.04	64.66
177.10	69.10
177.15	70.64
177.21	71.24
177.26	70.08
177.32	73.51
177.37	75.26
177.43	79.01
177.49	75.95
177.54	74.10
177.60	74.87
177.65	75.75
177.71	70.13
177.77	73.11
177.82	74.52
177.88	78.26
177.93	73.74
177.99	80.18
178.04	76.10
178.10	76.81
178.16	69.95
178.21	70.72
178.27	68.05
178.32	71.88
178.38	70.69
178.43	72.38
178.49	72.63
178.55	72.06
178.60	70.50
178.66	70.14
178.71	71.55
178.77	69.70
178.82	70.64
178.88	70.67
178.94	70.71
178.99	71.94
179.05	75.74
179.10	71.98
179.16	74.64
179.21	77.06
179.27	75.60
179.33	71.64
179.38	75.15
179.44	73.55
179.49	73.44
179.55	71.66
179.60	71.81
179.66	71.15
179.72	72.93
179.77	70.33
179.83	69.44
179.88	70.49
179.94	71.12
179.99	67.32
180.05	67.83
180.11	68.59
180.16	71.54
180.22	74.00
180.27	78.97
180.33	79.95
180.38	84.22
180.44	79.51
180.49	79.27
180.55	76.83
180.61	80.76
180.66	75.25
180.72	73.86
180.77	71.95
180.83	72.14
180.88	69.01
180.94	69.28
180.99	72.64
181.05	72.81
181.11	74.02
181.16	74.20
181.22	75.58
181.27	78.00
181.33	76.39
181.38	72.93
181.44	73.90
181.49	77.86
181.55	78.96
181.61	85.35
181.66	88.05
181.72	86.35
181.77	83.88
181.83	81.10
181.88	85.97
181.94	87.05
181.99	91.67
182.05	91.87
182.11	92.23
182.16	82.72
182.22	80.96
182.27	76.19
182.33	78.12
182.38	77.71
182.44	82.50
182.49	84.31
182.55	86.30
182.60	85.86
182.66	88.91
182.72	90.95
182.77	93.02
182.83	96.39
182.88	99.68
182.94	101.42
182.99	99.00
183.05	97.78
183.10	99.69
183.16	98.03
183.21	98.21
183.27	104.38
183.32	107.71
183.38	109.48
183.44	115.20
183.49	118.46
183.55	118.34
183.60	122.22
183.66	126.51
183.71	133.70
183.77	139.10
183.82	145.91
183.88	155.13
183.93	163.37
183.99	173.43
184.04	187.75
184.10	198.09
184.15	207.65
184.21	219.80
184.27	221.54
184.32	222.71
184.38	222.12
184.43	220.69
184.49	208.78
184.54	197.72
184.60	192.73
184.65	182.91
184.71	175.78
184.76	177.01
184.82	191.22
184.87	204.69
184.93	226.09
184.98	249.20
185.04	276.71
185.09	298.13
185.15	319.83
185.20	347.16
185.26	378.36
185.31	403.23
185.37	427.02
185.43	446.21
185.48	464.03
185.54	484.61
185.59	508.21
185.65	532.72
185.70	570.13
185.76	612.46
185.81	644.06
185.87	678.10
185.92	718.43
185.98	751.79
186.03	768.21
186.09	772.39
186.14	752.88
186.20	707.69
186.25	631.89
186.31	556.26
186.36	497.77
186.42	471.83
186.47	480.61
186.53	524.72
186.58	589.62
186.64	658.95
186.69	727.68
186.75	785.83
186.80	842.58
186.86	899.07
186.91	957.41
186.97	1012.11
187.02	1082.21
187.08	1150.26
187.13	1210.01
187.19	1275.61
187.24	1345.43
187.30	1400.73
187.35	1459.04
187.41	1532.44
187.47	1603.87
187.52	1663.38
187.58	1722.13
187.63	1787.93
187.69	1848.02
187.74	1896.84
187.80	1942.86
187.85	1987.42
187.91	2008.99
187.96	1998.46
188.02	1938.96
188.07	1832.97
188.13	1677.16
188.18	1511.40
188.24	1387.44
188.29	1326.74
188.35	1333.82
188.40	1410.27
188.46	1532.18
188.51	1651.71
188.57	1775.05
188.62	1896.81
188.67	2009.35
188.73	2115.49
188.78	2218.51
188.84	2319.00
188.89	2418.04
188.95	2518.42
189.00	2606.45
189.06	2701.88
189.11	2794.55
189.17	2875.17
189.22	2951.00
189.28	3036.83
189.33	3108.94
189.39	3169.88
189.44	3235.33
189.50	3306.06
189.55	3373.20
189.61	3427.84
189.66	3486.72
189.72	3543.94
189.77	3594.39
189.83	3623.16
189.88	3636.76
189.94	3610.18
189.99	3533.88
190.05	3389.99
190.10	3182.10
190.16	2939.54
190.21	2729.79
190.27	2597.09
190.32	2563.88
190.38	2635.27
190.43	2793.48
190.49	2980.49
190.54	3151.32
190.60	3308.78
190.65	3454.58
190.71	3585.21
190.76	3714.18
190.81	3841.83
190.87	3961.75
190.92	4083.99
190.98	4192.88
191.03	4292.87
191.09	4399.34
191.14	4497.80
191.20	4580.18
191.25	4681.05
191.31	4778.19
191.36	4863.27
191.42	4944.55
191.47	5032.62
191.53	5112.24
191.58	5181.77
191.64	5242.77
191.69	5299.44
191.75	5338.61
191.80	5367.58
191.85	5386.96
191.91	5404.08
191.96	5426.21
192.02	5456.02
192.07	5471.54
192.13	5467.46
192.18	5423.86
192.24	5307.97
192.29	5117.58
192.35	4897.54
192.40	4717.09
192.46	4608.80
192.51	4604.87
192.57	4700.97
192.62	4873.97
192.67	5054.26
192.73	5230.30
192.78	5389.61
192.84	5537.26
192.89	5668.55
192.95	5796.87
193.00	5907.23
193.06	6015.88
193.11	6118.03
193.17	6206.64
193.22	6288.98
193.28	6380.78
193.33	6452.72
193.38	6518.82
193.44	6590.24
193.49	6660.75
193.55	6712.99
193.60	6771.23
193.66	6826.14
193.71	6871.52
193.77	6898.16
193.82	6925.82
193.88	6944.32
193.93	6971.06
193.98	6996.81
194.04	7035.06
194.09	7077.46
194.15	7130.15
194.20	7171.94
194.26	7216.92
194.31	7260.87
194.37	7286.59
194.42	7295.44
194.47	7288.39
194.53	7245.14
194.58	7160.22
194.64	7056.74
194.69	6963.57
194.75	6895.96
194.80	6883.01
194.86	6926.26
194.91	7017.78
194.97	7120.14
195.02	7231.31
195.07	7336.82
195.13	7440.41
195.18	7550.54
195.24	7659.33
195.29	7770.60
195.35	7874.98
195.40	7979.79
195.46	8063.49
195.51	8151.16
195.56	8224.95
195.62	8297.47
195.67	8352.07
195.73	8416.45
195.78	8467.85
195.84	8514.46
195.89	8548.43
195.94	8588.13
196.00	8619.05
196.05	8648.61
196.11	8690.19
196.16	8733.01
196.22	8783.04
196.27	8838.23
196.32	8895.58
196.38	8940.03
196.43	8989.14
196.49	9025.45
196.54	9062.36
196.60	9100.51
196.65	9142.77
196.71	9184.37
196.76	9233.24
196.81	9269.17
196.87	9302.84
196.92	9331.31
196.98	9348.12
197.03	9354.43
197.09	9348.70
197.14	9340.49
197.19	9342.21
197.25	9359.18
197.30	9385.20
197.36	9439.83
197.41	9504.10
197.47	9560.95
197.52	9618.93
197.57	9685.03
197.63	9736.69
197.68	9791.12
197.74	9845.07
197.79	9889.75
197.84	9930.54
197.90	9979.56
197.95	10019.65
198.01	10059.61
198.06	10106.81
198.12	10155.13
198.17	10191.58
198.22	10231.53
198.28	10275.49
198.33	10319.89
198.39	10359.21
198.44	10409.82
198.49	10460.28
198.55	10505.93
198.60	10549.04
198.66	10593.81
198.71	10643.97
198.77	10686.42
198.82	10736.24
198.87	10785.27
198.93	10833.22
198.98	10871.02
199.04	10917.99
199.09	10958.20
199.14	11001.13
199.20	11040.00
199.25	11080.95
199.31	11118.51
199.36	11161.41
199.42	11203.44
199.47	11245.39
199.52	11285.02
199.58	11323.79
199.63	11351.16
199.69	11380.26
199.74	11412.84
199.79	11436.82
199.85	11467.46
199.90	11510.12
199.96	11546.04
200.01	11588.77
200.06	11641.94
200.12	11693.11
200.17	11744.61
200.23	11798.99
200.28	11842.87
200.33	11889.86
200.39	11928.33
200.44	11964.37
200.50	12003.85
200.55	12041.50
200.60	12076.37
200.66	12116.61
200.71	12149.59
200.77	12186.61
200.82	12223.22
200.87	12260.79
200.93	12295.12
200.98	12343.17
201.04	12383.69
201.09	12429.68
201.14	12483.65
201.20	12536.23
201.25	12588.52
201.31	12642.47
201.36	12703.19
201.41	12758.73
201.47	12819.12
201.52	12868.37
201.58	12929.44
201.63	12972.10
201.68	13017.27
201.74	13064.57
201.79	13116.71
201.84	13167.37
201.90	13219.78
201.95	13271.11
202.01	13329.06
202.06	13384.21
202.11	13426.21
202.17	13475.83
202.22	13528.53
202.28	13564.02
202.33	13600.69
202.38	13635.54
202.44	13679.58
202.49	13718.64
202.54	13768.14
202.60	13815.71
202.65	13868.32
202.71	13914.11
202.76	13954.91
202.81	13993.77
202.87	14034.74
202.92	14078.91
202.98	14127.58
203.03	14176.75
203.08	14232.10
203.14	14288.24
203.19	14344.84
203.24	14400.69
203.30	14457.79
203.35	14505.35
203.41	14551.90
203.46	14595.34
203.51	14637.60
203.57	14679.94
203.62	14730.54
203.67	14783.91
203.73	14829.70
203.78	14879.06
203.84	14933.31
203.89	14977.02
203.94	15020.04
204.00	15071.76
204.05	15120.23
204.10	15159.55
204.16	15202.51
204.21	15250.20
204.27	15294.95
204.32	15335.18
204.37	15383.57
204.43	15440.32
204.48	15493.59
204.53	15545.09
204.59	15603.04
204.64	15659.93
204.69	15711.41
204.75	15760.95
204.80	15814.46
204.86	15859.95
204.91	15918.22
204.96	15974.28
205.02	16033.64
205.07	16091.26
205.12	16159.32
205.18	16214.09
205.23	16270.58
205.28	16325.94
205.34	16381.01
205.39	16435.35
205.45	16491.05
205.50	16546.33
205.55	16606.11
205.61	16664.64
205.66	16722.82
205.71	16788.86
205.77	16850.05
205.82	16907.43
205.87	16961.68
205.93	17013.76
205.98	17053.03
206.03	17095.94
206.09	17138.54
206.14	17190.81
206.20	17241.99
206.25	17300.78
206.30	17360.38
206.36	17418.97
206.41	17480.72
206.46	17535.64
206.52	17581.41
206.57	17635.56
206.62	17681.46
206.68	17721.73
206.73	17765.15
206.78	17822.36
206.84	17873.80
206.89	17930.31
206.94	17995.34
207.00	18071.29
207.05	18134.92
207.11	18195.35
207.16	18254.76
207.21	18314.11
207.27	18360.45
207.32	18414.59
207.37	18472.26
207.43	18532.81
207.48	18584.37
207.53	18637.14
207.59	18691.06
207.64	18748.22
207.69	18816.98
207.75	18879.42
207.80	18940.45
207.85	18998.79
207.91	19050.99
207.96	19093.86
208.01	19149.72
208.07	19210.21
208.12	19270.59
208.17	19325.85
208.23	19376.08
208.28	19428.41
208.33	19482.31
208.39	19543.82
208.44	19607.79
208.49	19667.63
208.55	19720.56
208.60	19773.03
208.65	19817.02
208.71	19871.45
208.76	19930.58
208.81	19992.46
208.87	20063.12
208.92	20123.81
208.97	20178.40
209.03	20239.31
209.08	20296.81
209.13	20348.96
209.19	20414.82
209.24	20471.03
209.29	20534.86
209.35	20589.34
209.40	20643.62
209.45	20704.89
209.51	20778.50
209.56	20835.87
209.61	20904.22
209.67	20976.92
209.72	21037.41
209.77	21095.31
209.83	21161.09
209.88	21232.31
209.93	21296.63
209.99	21359.19
210.04	21427.73
210.09	21494.54
210.15	21549.72
210.20	21606.68
210.25	21672.25
210.31	21729.87
210.36	21772.69
210.41	21829.18
210.46	21887.44
210.52	21938.90
210.57	21991.06
210.62	22055.68
210.68	22119.53
210.73	22172.87
210.78	22232.47
210.84	22290.36
210.89	22351.17
210.94	22405.58
211.00	22466.05
211.05	22515.55
211.10	22576.94
211.16	22640.00
211.21	22707.20
211.26	22772.07
211.32	22844.40
211.37	22909.19
211.42	22971.79
211.47	23038.06
211.53	23102.05
211.58	23164.75
211.63	23224.46
211.69	23285.68
211.74	23335.60
211.79	23382.46
211.85	23439.04
211.90	23502.94
211.95	23566.32
212.01	23635.01
212.06	23719.81
212.11	23796.60
212.16	23869.22
212.22	23944.76
212.27	24009.71
212.32	24065.41
212.38	24129.03
212.43	24187.34
212.48	24240.69
212.54	24303.60
212.59	24378.85
212.64	24444.48
212.69	24515.76
212.75	24585.07
212.80	24650.81
212.85	24715.82
212.91	24767.06
212.96	24816.43
213.01	24873.94
213.07	24934.08
213.12	24994.04
213.17	25057.64
213.22	25129.78
213.28	25194.11
213.33	25250.36
213.38	25302.99
213.44	25367.63
213.49	25431.04
213.54	25504.98
213.60	25586.91
213.65	25668.41
213.70	25755.95
213.75	25827.61
213.81	25885.51
213.86	25950.79
213.91	26007.27
213.97	26055.70
214.02	26099.05
214.07	26153.90
214.12	26201.62
214.18	26262.14
214.23	26324.26
214.28	26402.36
214.34	26475.79
214.39	26552.42
214.44	26617.58
214.49	26677.48
214.55	26735.53
214.60	26794.42
214.65	26850.36
214.71	26900.33
214.76	26968.65
214.81	27032.91
214.86	27105.83
214.92	27163.49
214.97	27233.30
215.02	27289.79
215.08	27358.58
215.13	27422.23
215.18	27496.19
215.23	27568.21
215.29	27652.68
215.34	27724.43
215.39	27796.02
215.45	27874.05
215.50	27947.70
215.55	28008.46
215.60	28065.66
215.66	28111.44
215.71	28159.74
215.76	28217.03
215.81	28271.10
215.87	28331.38
215.92	28397.56
215.97	28450.92
216.03	28515.31
216.08	28573.47
216.13	28629.15
216.18	28683.45
216.24	28751.06
216.29	28793.46
216.34	28850.23
216.39	28916.84
216.45	28976.83
216.50	29035.07
216.55	29100.66
216.61	29166.87
216.66	29223.32
216.71	29288.91
216.76	29344.83
216.82	29420.63
216.87	29482.05
216.92	29554.41
216.97	29619.57
217.03	29702.71
217.08	29775.12
217.13	29856.87
217.18	29927.90
217.24	30005.00
217.29	30063.85
217.34	30111.72
217.39	30152.96
217.45	30202.82
217.50	30248.46
217.55	30309.01
217.61	30378.10
217.66	30454.65
217.71	30523.64
217.76	30607.52
217.82	30685.81
217.87	30756.86
217.92	30828.62
217.97	30896.53
218.03	30950.44
218.08	30993.98
218.13	31044.66
218.18	31090.66
218.24	31156.48
218.29	31213.46
218.34	31275.31
218.39	31335.92
218.45	31401.31
218.50	31453.48
218.55	31516.83
218.60	31587.99
218.66	31641.24
218.71	31702.19
218.76	31767.55
218.81	31824.44
218.87	31886.45
218.92	31956.09
218.97	32025.24
219.02	32088.70
219.08	32162.93
219.13	32229.73
219.18	32293.89
219.23	32357.96
219.29	32421.84
219.34	32482.46
219.39	32544.55
219.44	32617.49
219.50	32678.57
219.55	32740.64
219.60	32805.60
219.65	32872.45
219.71	32935.26
219.76	32991.94
219.81	33046.86
219.86	33100.89
219.92	33149.05
219.97	33200.04
220.02	33254.96
220.07	33318.36
220.13	33383.87
220.18	33453.47
220.23	33522.77
220.28	33601.58
220.33	33670.66
220.39	33725.82
220.44	33782.16
220.49	33833.81
220.54	33884.52
220.60	33939.92
220.65	34007.41
220.70	34079.12
220.75	34151.92
220.81	34232.92
220.86	34311.64
220.91	34378.23
220.96	34444.17
221.02	34514.13
221.07	34572.87
221.12	34629.47
221.17	34688.31
221.22	34741.87
221.28	34791.55
221.33	34846.91
221.38	34902.77
221.43	34980.64
221.49	35043.25
221.54	35114.51
221.59	35187.28
221.64	35272.81
221.69	35352.52
221.75	35450.97
221.80	35545.41
221.85	35616.61
221.90	35677.63
221.96	35730.98
222.01	35764.52
222.06	35802.38
222.11	35856.55
222.17	35896.62
222.22	35927.97
222.27	35979.93
222.32	36026.55
222.37	36076.41
222.43	36145.41
222.48	36221.39
222.53	36294.73
222.58	36371.34
222.63	36439.77
222.69	36499.40
222.74	36571.07
222.79	36637.99
222.84	36685.59
222.90	36738.78
222.95	36794.28
223.00	36835.44
223.05	36884.87
223.10	36949.08
223.16	37004.27
223.21	37058.09
223.26	37112.26
223.31	37148.75
223.36	37181.25
223.42	37219.76
223.47	37254.16
223.52	37292.64
223.57	37347.94
223.63	37398.00
223.68	37445.21
223.73	37521.03
223.78	37598.10
223.83	37661.93
223.89	37729.07
223.94	37809.26
223.99	37868.57
224.04	37936.44
224.09	38010.02
224.15	38101.02
224.20	38176.73
224.25	38261.96
224.30	38347.06
224.35	38439.39
224.41	38529.24
224.46	38629.61
224.51	38714.69
224.56	38790.13
224.61	38858.52
224.67	38927.73
224.72	38997.90
224.77	39085.90
224.82	39185.99
224.87	39282.76
224.93	39370.40
224.98	39459.33
225.03	39546.68
225.08	39617.69
225.13	39693.61
225.19	39782.47
225.24	39868.39
225.29	39949.51
225.34	40039.91
225.39	40133.00
225.45	40219.88
225.50	40302.54
225.55	40389.28
225.60	40477.48
225.65	40570.00
225.71	40661.84
225.76	40758.86
225.81	40856.78
225.86	40956.80
225.91	41054.20
225.97	41148.29
226.02	41240.90
226.07	41316.25
226.12	41389.42
226.17	41453.44
226.22	41521.48
226.28	41596.25
226.33	41677.41
226.38	41742.09
226.43	41808.06
226.48	41861.44
226.54	41914.84
226.59	41982.89
226.64	42066.19
226.69	42142.75
226.74	42230.79
226.80	42302.10
226.85	42356.11
226.90	42397.63
226.95	42453.44
227.00	42506.87
227.05	42583.24
227.11	42669.68
227.16	42762.88
227.21	42846.54
227.26	42929.99
227.31	42997.97
227.37	43046.58
227.42	43109.12
227.47	43184.95
227.52	43252.93
227.57	43314.96
227.62	43399.84
227.68	43478.75
227.73	43553.04
227.78	43634.53
227.83	43721.28
227.88	43796.70
227.93	43872.28
227.99	43950.76
228.04	44026.05
228.09	44104.91
228.14	44180.81
228.19	44253.09
228.24	44313.03
228.30	44380.96
228.35	44435.50
228.40	44501.67
228.45	44556.68
228.50	44626.40
228.56	44687.37
228.61	44759.51
228.66	44811.21
228.71	44868.80
228.76	44913.41
228.81	44959.75
228.87	45000.89
228.92	45063.34
228.97	45125.13
229.02	45222.79
229.07	45300.94
229.12	45388.43
229.17	45462.73
229.23	45545.49
229.28	45604.81
229.33	45681.87
229.38	45756.86
229.43	45834.81
229.48	45914.36
229.54	45981.35
229.59	46047.26
229.64	46114.51
229.69	46191.33
229.74	46276.61
229.79	46354.30
229.85	46435.53
229.90	46510.90
229.95	46577.86
230.00	46631.70
230.05	46713.04
230.10	46779.48
230.16	46849.49
230.21	46909.85
230.26	46965.30
230.31	46996.89
230.36	47049.64
230.41	47101.36
230.46	47186.92
230.52	47281.67
230.57	47360.65
230.62	47445.40
230.67	47517.01
230.72	47567.43
230.77	47608.96
230.82	47673.01
230.88	47705.17
230.93	47749.88
230.98	47789.90
231.03	47844.07
231.08	47895.67
231.13	47950.09
231.19	48021.11
231.24	48101.16
231.29	48177.79
231.34	48245.69
231.39	48324.24
231.44	48394.50
231.49	48445.56
231.55	48478.50
231.60	48518.76
231.65	48573.74
231.70	48613.38
231.75	48658.02
231.80	48716.42
231.85	48775.83
231.91	48817.35
231.96	48869.02
232.01	48934.64
232.06	48999.82
232.11	49068.05
232.16	49150.86
232.21	49234.91
232.26	49317.09
232.32	49396.77
232.37	49471.12
232.42	49531.31
232.47	49577.86
232.52	49622.98
232.57	49672.00
232.62	49728.42
232.68	49795.54
232.73	49870.13
232.78	49953.57
232.83	50034.72
232.88	50102.25
232.93	50175.95
232.98	50239.95
233.03	50290.95
233.09	50346.50
233.14	50417.80
233.19	50458.61
233.24	50511.75
233.29	50561.50
233.34	50595.44
233.39	50617.89
233.45	50658.31
233.50	50698.71
233.55	50746.85
233.60	50810.28
233.65	50871.43
233.70	50935.45
233.75	50989.92
233.80	51043.97
233.86	51098.18
233.91	51145.72
233.96	51185.88
234.01	51241.87
234.06	51292.69
234.11	51349.08
234.16	51412.86
234.21	51480.63
234.26	51531.73
234.32	51574.02
234.37	51608.31
234.42	51644.92
234.47	51666.33
234.52	51697.23
234.57	51730.67
234.62	51766.49
234.67	51803.69
234.73	51859.96
234.78	51917.03
234.83	51969.04
234.88	52022.79
234.93	52064.83
234.98	52113.14
235.03	52152.91
235.08	52221.83
235.13	52275.33
235.19	52349.71
235.24	52405.84
235.29	52467.14
235.34	52502.23
235.39	52535.52
235.44	52553.71
235.49	52586.65
235.54	52611.51
235.59	52638.89
235.65	52676.76
235.70	52716.50
235.75	52759.80
235.80	52809.27
235.85	52859.00
235.90	52892.88
235.95	52927.05
236.00	52950.42
236.05	52978.31
236.11	53007.08
236.16	53056.87
236.21	53100.61
236.26	53139.07
236.31	53172.75
236.36	53192.02
236.41	53200.53
236.46	53210.73
236.51	53231.87
236.56	53256.63
236.62	53293.45
236.67	53332.02
236.72	53372.74
236.77	53398.01
236.82	53437.33
236.87	53458.76
236.92	53476.88
236.97	53514.58
237.02	53561.95
237.07	53605.82
237.13	53674.81
237.18	53741.31
237.23	53786.50
237.28	53829.86
237.33	53866.06
237.38	53880.92
237.43	53901.25
237.48	53908.43
237.53	53927.21
237.58	53958.27
237.63	54004.47
237.69	54041.46
237.74	54101.85
237.79	54142.52
237.84	54141.19
237.89	54142.88
237.94	54149.01
237.99	54165.87
238.04	54179.98
238.09	54215.62
238.14	54245.44
238.19	54270.90
238.25	54287.31
238.30	54284.38
238.35	54289.40
238.40	54290.31
238.45	54293.30
238.50	54294.67
238.55	54308.60
238.60	54333.73
238.65	54363.36
238.70	54386.21
238.75	54402.78
238.80	54432.13
238.86	54437.41
238.91	54445.41
238.96	54478.47
239.01	54509.10
239.06	54536.73
239.11	54570.11
239.16	54599.66
239.21	54593.70
239.26	54588.87
239.31	54601.76
239.36	54613.21
239.41	54620.69
239.46	54657.11
239.52	54687.55
239.57	54709.08
239.62	54721.71
239.67	54750.23
239.72	54772.25
239.77	54793.52
239.82	54806.31
239.87	54826.85
239.92	54832.66
239.97	54826.69
240.02	54816.42
240.07	54804.24
240.12	54802.84
240.17	54809.54
240.23	54805.00
240.28	54806.20
240.33	54826.94
240.38	54821.81
240.43	54818.41
240.48	54842.14
240.53	54868.18
240.58	54889.66
240.63	54929.67
240.68	54940.50
240.73	54932.87
240.78	54923.11
240.83	54914.34
240.88	54888.77
240.93	54882.97
240.98	54883.94
241.04	54902.17
241.09	54916.58
241.14	54936.67
241.19	54970.14
241.24	55005.88
241.29	55020.36
241.34	55036.70
241.39	55057.38
241.44	55068.25
241.49	55064.12
241.54	55065.59
241.59	55063.74
241.64	55058.94
241.69	55044.44
241.74	55032.49
241.79	55025.58
241.84	55013.12
241.90	54990.67
241.95	54972.81
242.00	54947.21
242.05	54927.93
242.10	54911.91
242.15	54900.76
242.20	54893.87
242.25	54900.56
242.30	54887.10
242.35	54882.21
242.40	54877.07
242.45	54871.97
242.50	54864.78
242.55	54863.82
242.60	54862.83
242.65	54864.97
242.70	54874.47
242.75	54889.12
242.80	54931.98
242.85	54963.08
242.91	54975.52
242.96	54966.61
243.01	54952.51
243.06	54923.16
243.11	54880.22
243.16	54863.81
243.21	54860.92
243.26	54874.55
243.31	54881.05
243.36	54900.49
243.41	54916.60
243.46	54922.03
243.51	54897.41
243.56	54849.58
243.61	54791.03
243.66	54752.25
243.71	54721.67
243.76	54710.48
243.81	54727.83
243.86	54737.53
243.91	54737.41
243.96	54734.90
244.01	54717.81
244.06	54696.58
244.12	54688.66
244.17	54675.64
244.22	54668.47
244.27	54699.70
244.32	54724.47
244.37	54739.56
244.42	54739.68
244.47	54735.40
244.52	54706.82
244.57	54669.97
244.62	54649.71
244.67	54631.23
244.72	54615.90
244.77	54606.16
244.82	54625.98
244.87	54655.45
244.92	54686.10
244.97	54703.32
245.02	54700.42
245.07	54675.97
245.12	54648.81
245.17	54628.56
245.22	54627.03
245.27	54625.55
245.32	54591.66
245.37	54551.36
245.42	54499.47
245.47	54441.54
245.52	54398.16
245.57	54389.38
245.62	54378.63
245.67	54379.11
245.72	54378.18
245.77	54361.00
245.82	54344.94
245.87	54344.90
245.92	54352.81
245.98	54341.81
246.03	54349.16
246.08	54357.89
246.13	54350.37
246.18	54345.94
246.23	54340.55
246.28	54326.49
246.33	54309.09
246.38	54284.04
246.43	54252.32
246.48	54245.92
246.53	54249.44
246.58	54258.95
246.63	54271.61
246.68	54262.67
246.73	54243.43
246.78	54214.06
246.83	54159.85
246.88	54095.01
246.93	54049.41
246.98	53997.11
247.03	53961.10
247.08	53948.94
247.13	53947.14
247.18	53947.61
247.23	53974.59
247.28	53983.24
247.33	53973.54
247.38	53957.14
247.43	53938.39
247.48	53922.55
247.53	53893.99
247.58	53859.32
247.63	53831.70
247.68	53791.30
247.73	53721.31
247.78	53682.80
247.83	53653.05
247.88	53630.87
247.93	53621.20
247.98	53629.91
248.03	53633.88
248.08	53659.64
248.13	53658.51
248.18	53649.91
248.23	53641.98
248.28	53610.12
248.33	53563.32
248.38	53528.61
248.43	53506.56
248.48	53484.51
248.53	53472.66
248.58	53452.80
248.63	53452.54
248.68	53430.43
248.73	53404.07
248.78	53376.74
248.83	53334.44
248.88	53265.12
248.93	53211.11
248.98	53128.18
249.03	53082.79
249.08	53062.76
249.13	53063.13
249.18	53056.77
249.23	53079.36
249.28	53071.69
249.33	53059.36
249.38	53040.71
249.43	53018.66
249.48	52997.83
249.53	52980.19
249.58	52963.63
249.63	52947.63
249.68	52935.49
249.73	52913.96
249.78	52894.07
249.83	52886.43
249.88	52855.70
249.93	52837.00
249.98	52834.77
250.03	52830.97
250.08	52800.14
250.13	52794.11
250.18	52767.11
250.23	52721.73
250.28	52670.14
250.33	52620.80
250.37	52576.58
250.42	52545.22
250.47	52516.59
250.52	52500.08
250.57	52487.61
250.62	52453.90
250.67	52417.91
250.72	52395.57
250.77	52353.97
250.82	52331.66
250.87	52329.66
250.92	52320.63
250.97	52299.46
251.02	52295.08
251.07	52292.43
251.12	52267.86
251.17	52242.32
251.22	52210.25
251.27	52174.38
251.32	52122.19
251.37	52070.18
251.42	52019.55
251.47	51980.21
251.52	51947.11
251.57	51924.50
251.62	51918.57
251.67	51914.59
251.72	51903.38
251.77	51866.94
251.82	51824.82
251.87	51781.23
251.92	51733.25
251.97	51685.76
252.02	51650.01
252.07	51638.79
252.12	51629.13
252.16	51612.05
252.21	51609.22
252.26	51618.91
252.31	51605.44
252.36	51585.87
252.41	51581.26
252.46	51564.41
252.51	51532.60
252.56	51498.11
252.61	51475.61
252.66	51443.47
252.71	51405.61
252.76	51379.78
252.81	51343.06
252.86	51284.24
252.91	51238.46
252.96	51183.70
253.01	51112.07
253.06	51049.87
253.11	51011.47
253.16	50963.00
253.21	50916.91
253.26	50886.32
253.31	50861.27
253.36	50831.17
253.40	50803.32
253.45	50799.32
253.50	50761.61
253.55	50727.36
253.60	50679.46
253.65	50650.61
253.70	50604.31
253.75	50591.94
253.80	50571.76
253.85	50576.06
253.90	50569.25
253.95	50561.37
254.00	50559.46
254.05	50541.08
254.10	50501.41
254.15	50462.38
254.20	50439.00
254.25	50401.34
254.30	50373.41
254.35	50334.24
254.39	50270.75
254.44	50191.41
254.49	50109.43
254.54	50085.40
254.59	50055.75
254.64	50049.83
254.69	50046.32
254.74	50055.76
254.79	50020.68
254.84	49990.65
254.89	49975.38
254.94	49962.35
254.99	49944.83
255.04	49920.90
255.09	49918.05
255.14	49888.61
255.19	49870.70
255.23	49860.30
255.28	49853.98
255.33	49836.49
255.38	49831.95
255.43	49814.54
255.48	49791.99
255.53	49750.29
255.58	49718.96
255.63	49680.35
255.68	49629.19
255.73	49576.72
255.78	49547.97
255.83	49522.72
255.88	49506.83
255.93	49489.61
255.97	49471.63
256.02	49438.97
256.07	49390.48
256.12	49309.79
256.17	49251.37
256.22	49186.76
256.27	49135.92
256.32	49096.90
256.37	49082.22
256.42	49064.03
256.47	49042.68
256.52	49015.93
256.57	48993.61
256.62	48977.59
256.66	48965.86
256.71	48943.07
256.76	48911.66
256.81	48863.80
256.86	48814.04
256.91	48765.20
256.96	48726.43
257.01	48696.20
257.06	48678.81
257.11	48646.33
257.16	48592.73
257.21	48553.61
257.26	48521.10
257.30	48468.41
257.35	48425.17
257.40	48404.49
257.45	48389.97
257.50	48359.22
257.55	48338.71
257.60	48320.31
257.65	48294.51
257.70	48251.32
257.75	48214.44
257.80	48189.52
257.85	48150.36
257.89	48103.34
257.94	48045.42
257.99	47982.74
258.04	47915.94
258.09	47880.16
258.14	47859.73
258.19	47843.78
258.24	47826.44
258.29	47797.85
258.34	47760.24
258.39	47717.93
258.44	47665.26
258.48	47615.50
258.53	47579.21
258.58	47534.78
258.63	47484.72
258.68	47438.83
258.73	47398.92
258.78	47358.40
258.83	47312.79
258.88	47271.07
258.93	47237.03
258.97	47216.31
259.02	47187.02
259.07	47166.26
259.12	47141.12
259.17	47129.02
259.22	47099.54
259.27	47079.71
259.32	47054.39
259.37	47020.17
259.42	46983.71
259.47	46942.95
259.51	46890.70
259.56	46833.12
259.61	46773.81
259.66	46696.65
259.71	46621.60
259.76	46565.82
259.81	46510.19
259.86	46462.90
259.91	46431.51
259.95	46418.33
260.00	46392.44
260.05	46371.95
260.10	46354.37
260.15	46341.09
260.20	46323.36
260.25	46314.94
260.30	46307.93
260.35	46278.08
260.40	46239.15
260.44	46207.03
260.49	46181.81
260.54	46146.02
260.59	46126.33
260.64	46123.92
260.69	46119.43
260.74	46085.91
260.79	46047.02
260.84	46007.64
260.88	45951.08
260.93	45880.44
260.98	45836.12
261.03	45793.82
261.08	45759.80
261.13	45720.54
261.18	45676.72
261.23	45619.17
261.28	45583.35
261.32	45546.75
261.37	45505.20
261.42	45476.89
261.47	45455.33
261.52	45408.54
261.57	45361.51
261.62	45321.29
261.67	45268.14
261.71	45203.53
261.76	45156.10
261.81	45108.03
261.86	45055.43
261.91	45015.36
261.96	44977.10
262.01	44944.32
262.06	44913.88
262.10	44905.06
262.15	44884.33
262.20	44868.71
262.25	44848.32
262.30	44827.69
262.35	44794.95
262.40	44764.38
262.45	44731.60
262.49	44704.79
262.54	44671.07
262.59	44640.20
262.64	44618.64
262.69	44586.68
262.74	44533.95
262.79	44480.30
262.84	44436.67
262.88	44383.06
262.93	44330.97
262.98	44297.64
263.03	44263.40
263.08	44209.14
263.13	44138.34
263.18	44075.33
263.23	44012.51
263.27	43968.92
263.32	43930.02
263.37	43917.20
263.42	43904.80
263.47	43880.74
263.52	43850.77
263.57	43822.91
263.61	43787.41
263.66	43743.77
263.71	43705.25
263.76	43662.90
263.81	43616.49
263.86	43580.05
263.91	43540.50
263.95	43479.44
264.00	43428.47
264.05	43379.92
264.10	43313.58
264.15	43249.69
264.20	43215.97
264.25	43167.64
264.29	43124.00
264.34	43071.52
264.39	43040.90
264.44	42991.96
264.49	42947.90
264.54	42902.72
264.59	42870.56
264.63	42827.54
264.68	42774.28
264.73	42728.26
264.78	42685.27
264.83	42633.06
264.88	42585.70
264.93	42560.19
264.97	42526.21
265.02	42501.29
265.07	42478.71
265.12	42440.76
265.17	42392.15
265.22	42355.08
265.27	42294.92
265.31	42240.83
265.36	42181.25
265.41	42132.81
265.46	42065.33
265.51	41993.23
265.56	41932.99
265.60	41887.54
265.65	41823.26
265.70	41769.53
265.75	41721.56
265.80	41666.50
265.85	41602.62
265.90	41545.39
265.94	41492.90
265.99	41432.02
266.04	41384.35
266.09	41344.48
266.14	41310.58
266.19	41269.67
266.23	41243.14
266.28	41196.43
266.33	41165.57
266.38	41142.22
266.43	41127.33
266.48	41109.42
266.52	41089.13
266.57	41050.47
266.62	41006.41
266.67	40953.78
266.72	40900.37
266.77	40867.26
266.81	40839.73
266.86	40810.52
266.91	40777.57
266.96	40736.79
267.01	40693.29
267.06	40647.11
267.10	40597.11
267.15	40546.03
267.20	40522.29
267.25	40485.24
267.30	40447.70
267.35	40414.86
267.39	40378.36
267.44	40332.09
267.49	40283.83
267.54	40232.18
267.59	40177.17
267.64	40123.01
267.68	40056.41
267.73	40002.87
267.78	39960.14
267.83	39938.63
267.88	39930.42
267.93	39931.29
267.97	39917.43
268.02	39882.22
268.07	39832.89
268.12	39770.08
268.17	39708.04
268.21	39659.47
268.26	39611.52
268.31	39564.33
268.36	39528.68
268.41	39486.71
268.46	39436.51
268.50	39400.99
268.55	39358.99
268.60	39295.51
268.65	39230.69
268.70	39158.98
268.74	39089.87
268.79	39020.20
268.84	38974.40
268.89	38932.44
268.94	38909.25
268.99	38870.06
269.03	38831.12
269.08	38779.55
269.13	38701.73
269.18	38614.81
269.23	38523.47
269.27	38414.88
269.32	38290.67
269.37	38175.54
269.42	38039.59
269.47	37902.32
269.51	37767.51
269.56	37624.25
269.61	37484.06
269.66	37341.33
269.71	37183.88
269.76	37034.69
269.80	36890.41
269.85	36740.32
269.90	36599.07
269.95	36456.11
270.00	36297.10
270.04	36144.56
270.09	36006.56
270.14	35862.69
270.19	35725.14
270.24	35591.37
270.28	35441.01
270.33	35272.11
270.38	35091.31
270.43	34918.28
270.48	34742.24
270.52	34589.21
270.57	34430.53
270.62	34280.18
270.67	34129.87
270.72	33980.86
270.76	33803.02
270.81	33634.11
270.86	33463.55
270.91	33286.54
270.96	33111.72
271.00	32953.19
271.05	32802.65
271.10	32663.64
271.15	32535.51
271.20	32410.96
271.24	32281.10
271.29	32142.58
271.34	31997.16
271.39	31846.52
271.44	31693.52
271.48	31556.52
271.53	31409.31
271.58	31265.17
271.63	31121.26
271.67	30982.19
271.72	30830.79
271.77	30692.96
271.82	30557.62
271.87	30419.25
271.91	30254.96
271.96	30114.46
272.01	29976.17
272.06	29844.04
272.11	29725.95
272.15	29629.85
272.20	29527.84
272.25	29431.78
272.30	29330.54
272.35	29222.21
272.39	29119.74
272.44	29001.36
272.49	28867.54
272.54	28729.02
272.58	28582.55
272.63	28428.67
272.68	28273.46
272.73	28113.97
272.78	27939.51
272.82	27738.51
272.87	27515.87
272.92	27235.15
272.97	26715.78
273.01	23772.63
273.06	18851.72
273.11	13427.66
273.16	8098.48
273.21	3045.77
273.25	458.96
273.30	-89.25
273.35	-89.60
