165.32	3385.45
165.38	-249.01
165.44	597.18
165.50	-76.43
165.55	-16.00
165.61	7.55
165.67	37.31
165.72	47.26
165.78	53.71
165.84	51.87
165.89	49.06
165.95	47.13
166.01	46.89
166.06	47.67
166.12	50.39
166.18	48.29
166.23	50.02
166.29	49.08
166.35	46.06
166.40	44.66
166.46	51.40
166.52	54.25
166.57	55.07
166.63	55.66
166.69	58.94
166.74	53.12
166.80	53.74
166.86	55.97
166.91	57.07
166.97	51.03
167.03	53.20
167.08	47.52
167.14	46.09
167.20	43.94
167.25	56.15
167.31	56.73
167.37	62.01
167.42	64.16
167.48	69.93
167.54	64.26
167.59	63.64
167.65	59.19
167.71	58.95
167.76	58.36
167.82	54.32
167.88	54.14
167.93	61.66
167.99	60.67
168.05	62.64
168.10	70.17
168.16	69.36
168.21	67.62
168.27	72.15
168.33	73.85
168.38	66.62
168.44	71.43
168.50	69.91
168.55	68.43
168.61	69.11
168.67	71.14
168.72	68.77
168.78	69.05
168.84	64.38
168.89	62.52
168.95	63.22
169.01	62.22
169.06	62.13
169.12	61.77
169.18	59.96
169.23	59.94
169.29	64.46
169.34	68.43
169.40	71.17
169.46	75.37
169.51	77.23
169.57	72.61
169.63	68.62
169.68	73.52
169.74	70.44
169.80	76.60
169.85	77.76
169.91	81.88
169.97	77.70
170.02	77.45
170.08	76.67
170.13	77.02
170.19	76.73
170.25	78.29
170.30	82.18
170.36	73.46
170.42	75.55
170.47	76.22
170.53	77.84
170.59	75.04
170.64	78.46
170.70	76.69
170.76	74.13
170.81	75.52
170.87	74.99
170.92	75.93
170.98	79.07
171.04	81.39
171.09	77.45
171.15	84.59
171.21	85.53
171.26	82.05
171.32	79.50
171.37	82.68
171.43	77.43
171.49	81.87
171.54	85.46
171.60	87.57
171.66	89.73
171.71	90.34
171.77	88.52
171.83	94.28
171.88	93.13
171.94	92.35
171.99	96.70
172.05	95.08
172.11	96.09
172.16	104.17
172.22	104.86
172.28	105.18
172.33	103.53
172.39	100.52
172.44	97.84
172.50	102.99
172.56	102.04
172.61	110.52
172.67	109.90
172.72	109.19
172.78	104.77
172.84	100.29
172.89	93.52
172.95	92.95
173.01	94.08
173.06	92.09
173.12	97.82
173.17	99.17
173.23	98.27
173.29	98.66
173.34	100.70
173.40	95.11
173.46	95.48
173.51	98.28
173.57	98.69
173.62	93.04
173.68	99.23
173.74	98.63
173.79	100.44
173.85	97.53
173.90	100.19
173.96	97.18
174.02	94.44
174.07	86.57
174.13	85.74
174.18	88.21
174.24	81.88
174.30	82.18
174.35	87.42
174.41	84.94
174.47	79.10
174.52	80.08
174.58	79.35
174.63	74.68
174.69	73.09
174.75	74.87
174.80	85.77
174.86	82.84
174.91	84.38
174.97	84.63
175.03	82.50
175.08	70.30
175.14	77.03
175.19	73.15
175.25	73.59
175.31	77.69
175.36	79.05
175.42	75.76
175.47	80.15
175.53	80.23
175.59	76.31
175.64	78.48
175.70	76.83
175.75	72.10
175.81	70.91
175.87	72.52
175.92	68.11
175.98	70.08
176.03	70.22
176.09	70.62
176.15	70.39
176.20	71.86
176.26	71.17
176.31	74.78
176.37	72.32
176.42	73.40
176.48	76.39
176.54	74.03
176.59	70.35
176.65	73.21
176.70	74.84
176.76	74.62
176.82	73.20
176.87	70.70
176.93	70.66
176.98	69.08
177.04	64.20
177.10	68.53
177.15	70.19
177.21	71.18
177.26	70.17
177.32	74.09
177.37	75.87
177.43	79.47
177.49	76.06
177.54	73.69
177.60	73.93
177.65	74.10
177.71	68.39
177.77	70.87
177.82	72.53
177.88	75.56
177.93	71.25
177.99	77.76
178.04	73.87
178.10	74.06
178.16	68.12
178.21	68.99
178.27	66.69
178.32	70.11
178.38	69.44
178.43	70.98
178.49	71.14
178.55	69.84
178.60	68.94
178.66	67.97
178.71	69.56
178.77	67.63
178.82	68.95
178.88	68.66
178.94	69.13
178.99	70.36
179.05	74.58
179.10	70.56
179.16	73.55
179.21	76.18
179.27	74.82
179.33	70.19
179.38	73.86
179.44	71.99
179.49	71.78
179.55	69.43
179.60	69.88
179.66	69.18
179.72	71.69
179.77	69.07
179.83	68.27
179.88	69.67
179.94	70.46
179.99	66.44
180.05	67.16
180.11	68.16
180.16	71.03
180.22	73.58
180.27	78.03
180.33	78.99
180.38	82.80
180.44	78.07
180.49	77.59
180.55	76.20
180.61	79.91
180.66	74.84
180.72	73.19
180.77	71.59
180.83	71.09
180.88	68.40
180.94	67.95
180.99	71.76
181.05	71.41
181.11	72.33
181.16	72.68
181.22	74.74
181.27	77.41
181.33	76.35
181.38	73.23
181.44	73.60
181.49	78.09
181.55	77.94
181.61	84.13
181.66	87.00
181.72	85.00
181.77	81.91
181.83	79.32
181.88	84.30
181.94	85.81
181.99	90.88
182.05	91.29
182.11	92.05
182.16	82.32
182.22	79.43
182.27	74.51
182.33	76.42
182.38	75.94
182.44	80.41
182.49	82.76
182.55	84.52
182.60	84.30
182.66	87.62
182.72	90.27
182.77	92.42
182.83	95.61
182.88	98.13
182.94	99.53
182.99	96.75
183.05	95.65
183.10	98.73
183.16	98.09
183.21	98.70
183.27	104.72
183.32	107.48
183.38	108.84
183.44	114.24
183.49	116.86
183.55	116.90
183.60	121.21
183.66	124.98
183.71	131.59
183.77	137.64
183.82	144.43
183.88	153.19
183.93	161.61
183.99	172.13
184.04	186.12
184.10	196.54
184.15	206.03
184.21	218.19
184.27	220.33
184.32	221.41
184.38	220.36
184.43	219.25
184.49	206.62
184.54	194.53
184.60	190.09
184.65	180.93
184.71	173.71
184.76	176.53
184.82	191.72
184.87	205.45
184.93	226.89
184.98	250.57
185.04	276.89
185.09	297.56
185.15	318.77
185.20	346.20
185.26	376.74
185.31	401.68
185.37	425.76
185.43	444.73
185.48	462.41
185.54	482.65
185.59	505.83
185.65	529.89
185.70	566.52
185.76	608.24
185.81	640.76
185.87	675.06
185.92	716.48
185.98	749.79
186.03	765.94
186.09	769.77
186.14	749.79
186.20	703.88
186.25	628.13
186.31	553.55
186.36	494.67
186.42	470.33
186.47	480.37
186.53	525.59
186.58	589.52
186.64	659.38
186.69	726.82
186.75	783.54
186.80	839.81
186.86	895.82
186.91	952.19
186.97	1008.22
187.02	1078.08
187.08	1145.35
187.13	1204.73
187.19	1272.58
187.24	1342.79
187.30	1398.21
187.35	1456.09
187.41	1529.98
187.47	1599.87
187.52	1656.14
187.58	1715.51
187.63	1780.95
187.69	1842.50
187.74	1889.86
187.80	1936.66
187.85	1981.52
187.91	2005.74
187.96	1994.35
188.02	1936.47
188.07	1832.23
188.13	1673.74
188.18	1506.16
188.24	1380.10
188.29	1318.57
188.35	1323.14
188.40	1400.89
188.46	1522.28
188.51	1644.13
188.57	1770.19
188.62	1890.70
188.67	2002.33
188.73	2109.73
188.78	2210.73
188.84	2309.57
188.89	2412.44
188.95	2515.84
189.00	2602.49
189.06	2696.98
189.11	2788.97
189.17	2868.23
189.22	2938.22
189.28	3024.89
189.33	3101.38
189.39	3164.53
189.44	3227.50
189.50	3299.98
189.55	3366.40
189.61	3417.71
189.66	3472.06
189.72	3530.76
189.77	3584.99
189.83	3613.45
189.88	3627.30
189.94	3603.86
189.99	3529.53
190.05	3382.35
190.10	3175.30
190.16	2934.94
190.21	2724.04
190.27	2589.84
190.32	2559.59
190.38	2632.72
190.43	2787.71
190.49	2975.37
190.54	3146.10
190.60	3304.10
190.65	3446.68
190.71	3581.94
190.76	3710.58
190.81	3836.71
190.87	3954.73
190.92	4077.62
190.98	4185.64
191.03	4286.98
191.09	4394.86
191.14	4492.48
191.20	4577.25
191.25	4674.39
191.31	4769.48
191.36	4852.87
191.42	4932.97
191.47	5018.70
191.53	5097.25
191.58	5164.23
191.64	5223.67
191.69	5278.91
191.75	5320.04
191.80	5350.84
191.85	5370.59
191.91	5391.55
191.96	5415.13
192.02	5445.13
192.07	5461.53
192.13	5461.06
192.18	5416.02
192.24	5304.82
192.29	5113.50
192.35	4892.87
192.40	4711.92
192.46	4605.21
192.51	4596.54
192.57	4689.45
192.62	4864.59
192.67	5046.92
192.73	5223.31
192.78	5383.40
192.84	5532.81
192.89	5665.01
192.95	5790.81
193.00	5901.82
193.06	6010.25
193.11	6113.47
193.17	6200.01
193.22	6282.02
193.28	6370.71
193.33	6446.34
193.38	6512.78
193.44	6584.97
193.49	6657.78
193.55	6714.04
193.60	6768.72
193.66	6820.29
193.71	6862.63
193.77	6887.51
193.82	6910.30
193.88	6930.26
193.93	6956.81
193.98	6983.58
194.04	7024.66
194.09	7069.71
194.15	7122.61
194.20	7169.13
194.26	7213.43
194.31	7254.28
194.37	7280.83
194.42	7288.34
194.47	7279.77
194.53	7239.13
194.58	7152.93
194.64	7050.00
194.69	6955.46
194.75	6885.68
194.80	6870.35
194.86	6911.68
194.91	6998.75
194.97	7105.26
195.02	7216.88
195.07	7323.95
195.13	7433.76
195.18	7546.73
195.24	7653.61
195.29	7764.68
195.35	7869.77
195.40	7973.35
195.46	8056.50
195.51	8144.14
195.56	8218.58
195.62	8288.63
195.67	8347.60
195.73	8412.07
195.78	8462.69
195.84	8508.92
195.89	8543.76
195.94	8578.29
196.00	8610.56
196.05	8643.81
196.11	8686.33
196.16	8731.81
196.22	8781.38
196.27	8834.57
196.32	8882.92
196.38	8927.80
196.43	8975.22
196.49	9009.94
196.54	9046.58
196.60	9088.46
196.65	9131.93
196.71	9171.78
196.76	9219.38
196.81	9259.76
196.87	9294.35
196.92	9322.55
196.98	9342.19
197.03	9352.82
197.09	9345.88
197.14	9339.61
197.19	9337.00
197.25	9349.80
197.30	9373.76
197.36	9424.93
197.41	9488.38
197.47	9553.46
197.52	9615.94
197.57	9684.24
197.63	9738.19
197.68	9791.14
197.74	9842.70
197.79	9888.34
197.84	9932.27
197.90	9981.18
197.95	10020.81
198.01	10060.68
198.06	10107.42
198.12	10152.35
198.17	10194.07
198.22	10239.20
198.28	10276.65
198.33	10313.74
198.39	10348.83
198.44	10396.53
198.49	10442.48
198.55	10491.79
198.60	10544.35
198.66	10589.21
198.71	10633.20
198.77	10680.14
198.82	10733.37
198.87	10774.64
198.93	10822.48
198.98	10865.01
199.04	10907.28
199.09	10941.00
199.14	10987.26
199.20	11028.38
199.25	11071.86
199.31	11117.90
199.36	11164.62
199.42	11207.09
199.47	11250.38
199.52	11289.38
199.58	11324.18
199.63	11349.81
199.69	11379.29
199.74	11412.24
199.79	11437.94
199.85	11467.10
199.90	11510.37
199.96	11549.03
200.01	11594.28
200.06	11644.55
200.12	11689.21
200.17	11743.03
200.23	11792.87
200.28	11833.92
200.33	11880.32
200.39	11927.45
200.44	11961.73
200.50	12000.45
200.55	12035.66
200.60	12073.06
200.66	12108.66
200.71	12144.20
200.77	12185.56
200.82	12224.00
200.87	12260.42
200.93	12296.68
200.98	12339.90
201.04	12376.67
201.09	12425.28
201.14	12475.22
201.20	12527.53
201.25	12581.03
201.31	12633.50
201.36	12693.17
201.41	12748.15
201.47	12808.04
201.52	12861.49
201.58	12921.28
201.63	12967.32
201.68	13018.13
201.74	13067.77
201.79	13114.98
201.84	13172.02
201.90	13222.68
201.95	13272.76
202.01	13322.86
202.06	13377.31
202.11	13413.10
202.17	13457.80
202.22	13502.23
202.28	13545.13
202.33	13584.38
202.38	13627.15
202.44	13674.64
202.49	13720.38
202.54	13765.64
202.60	13816.30
202.65	13867.31
202.71	13910.74
202.76	13949.33
202.81	13991.51
202.87	14038.89
202.92	14086.09
202.98	14139.03
203.03	14193.20
203.08	14241.78
203.14	14288.30
203.19	14340.70
203.24	14394.46
203.30	14446.63
203.35	14498.21
203.41	14547.71
203.46	14594.82
203.51	14636.30
203.57	14678.25
203.62	14729.38
203.67	14782.40
203.73	14825.48
203.78	14872.45
203.84	14929.11
203.89	14973.35
203.94	15015.73
204.00	15068.15
204.05	15120.16
204.10	15156.81
204.16	15199.28
204.21	15244.28
204.27	15285.23
204.32	15327.63
204.37	15382.43
204.43	15433.71
204.48	15483.31
204.53	15530.02
204.59	15580.49
204.64	15641.46
204.69	15705.58
204.75	15762.55
204.80	15822.31
204.86	15874.62
204.91	15919.07
204.96	15972.05
205.02	16025.39
205.07	16085.21
205.12	16153.39
205.18	16216.60
205.23	16272.79
205.28	16335.92
205.34	16386.50
205.39	16437.38
205.45	16490.90
205.50	16544.88
205.55	16601.78
205.61	16662.24
205.66	16714.68
205.71	16779.52
205.77	16841.21
205.82	16890.89
205.87	16949.92
205.93	17002.68
205.98	17047.71
206.03	17089.22
206.09	17140.35
206.14	17190.52
206.20	17246.81
206.25	17299.60
206.30	17359.75
206.36	17416.94
206.41	17476.96
206.46	17530.61
206.52	17578.67
206.57	17628.41
206.62	17675.31
206.68	17718.25
206.73	17770.75
206.78	17830.03
206.84	17884.62
206.89	17937.57
206.94	17994.96
207.00	18055.65
207.05	18117.15
207.11	18182.01
207.16	18248.73
207.21	18313.95
207.27	18370.58
207.32	18428.42
207.37	18488.23
207.43	18541.88
207.48	18588.58
207.53	18640.89
207.59	18694.58
207.64	18748.52
207.69	18818.53
207.75	18890.08
207.80	18949.22
207.85	19007.88
207.91	19057.40
207.96	19100.83
208.01	19150.17
208.07	19206.51
208.12	19259.32
208.17	19309.35
208.23	19357.99
208.28	19410.87
208.33	19470.08
208.39	19528.29
208.44	19600.40
208.49	19662.93
208.55	19721.43
208.60	19771.07
208.65	19820.68
208.71	19866.78
208.76	19921.58
208.81	19978.98
208.87	20048.23
208.92	20109.79
208.97	20172.40
209.03	20236.82
209.08	20298.02
209.13	20356.01
209.19	20421.07
209.24	20484.01
209.29	20546.48
209.35	20599.38
209.40	20662.79
209.45	20722.36
209.51	20784.97
209.56	20839.53
209.61	20906.48
209.67	20968.40
209.72	21030.39
209.77	21087.60
209.83	21154.08
209.88	21231.78
209.93	21295.37
209.99	21362.68
210.04	21433.96
210.09	21499.41
210.15	21545.78
210.20	21603.10
210.25	21663.31
210.31	21721.61
210.36	21772.26
210.41	21831.33
210.46	21890.52
210.52	21937.31
210.57	21983.07
210.62	22045.98
210.68	22109.79
210.73	22157.48
210.78	22222.05
210.84	22291.76
210.89	22354.59
210.94	22409.54
211.00	22473.04
211.05	22522.38
211.10	22581.42
211.16	22639.20
211.21	22701.14
211.26	22770.80
211.32	22849.08
211.37	22906.49
211.42	22972.98
211.47	23040.85
211.53	23100.17
211.58	23158.64
211.63	23225.18
211.69	23280.73
211.74	23328.83
211.79	23386.12
211.85	23445.79
211.90	23502.37
211.95	23565.22
212.01	23631.97
212.06	23700.56
212.11	23769.06
212.16	23844.26
212.22	23917.26
212.27	23985.74
212.32	24053.97
212.38	24120.28
212.43	24185.23
212.48	24249.16
212.54	24319.80
212.59	24389.27
212.64	24452.78
212.69	24514.06
212.75	24579.85
212.80	24641.41
212.85	24700.29
212.91	24761.41
212.96	24818.11
213.01	24880.07
213.07	24941.43
213.12	25001.31
213.17	25064.39
213.22	25135.65
213.28	25193.56
213.33	25244.54
213.38	25305.85
213.44	25363.29
213.49	25425.25
213.54	25503.03
213.60	25594.48
213.65	25671.46
213.70	25756.95
213.75	25832.06
213.81	25890.66
213.86	25948.67
213.91	26006.66
213.97	26055.52
214.02	26101.33
214.07	26153.84
214.12	26202.34
214.18	26260.90
214.23	26332.85
214.28	26405.42
214.34	26478.31
214.39	26549.18
214.44	26621.93
214.49	26672.83
214.55	26729.45
214.60	26787.48
214.65	26850.01
214.71	26896.60
214.76	26960.13
214.81	27026.17
214.86	27097.43
214.92	27156.29
214.97	27222.11
215.02	27287.34
215.08	27352.43
215.13	27420.23
215.18	27494.73
215.23	27575.76
215.29	27649.50
215.34	27723.00
215.39	27794.60
215.45	27867.54
215.50	27937.63
215.55	28008.71
215.60	28071.33
215.66	28120.48
215.71	28171.51
215.76	28226.93
215.81	28275.96
215.87	28334.10
215.92	28394.92
215.97	28453.47
216.03	28513.91
216.08	28572.48
216.13	28628.10
216.18	28690.76
216.24	28755.19
216.29	28806.43
216.34	28862.43
216.39	28926.64
216.45	28981.96
216.50	29038.35
216.55	29096.81
216.61	29165.80
216.66	29222.83
216.71	29285.16
216.76	29341.70
216.82	29417.58
216.87	29486.68
216.92	29559.73
216.97	29626.91
217.03	29707.83
217.08	29778.71
217.13	29860.23
217.18	29936.48
217.24	30012.75
217.29	30076.02
217.34	30126.25
217.39	30162.40
217.45	30203.91
217.50	30248.14
217.55	30299.48
217.61	30370.09
217.66	30446.31
217.71	30514.03
217.76	30593.99
217.82	30677.84
217.87	30747.66
217.92	30818.44
217.97	30888.74
218.03	30948.39
218.08	30991.34
218.13	31035.03
218.18	31077.20
218.24	31146.86
218.29	31207.51
218.34	31272.79
218.39	31336.28
218.45	31405.69
218.50	31456.78
218.55	31507.46
218.60	31569.59
218.66	31633.10
218.71	31698.01
218.76	31759.93
218.81	31827.41
218.87	31889.21
218.92	31949.58
218.97	32016.74
219.02	32087.77
219.08	32158.10
219.13	32230.78
219.18	32302.48
219.23	32365.33
219.29	32422.89
219.34	32485.32
219.39	32545.50
219.44	32606.86
219.50	32675.65
219.55	32738.63
219.60	32802.95
219.65	32871.02
219.71	32940.29
219.76	32988.58
219.81	33046.58
219.86	33107.18
219.92	33163.16
219.97	33212.75
220.02	33270.58
220.07	33329.46
220.13	33383.42
220.18	33445.35
220.23	33517.10
220.28	33594.43
220.33	33675.27
220.39	33739.41
220.44	33793.29
220.49	33847.23
220.54	33891.84
220.60	33932.90
220.65	33995.86
220.70	34064.58
220.75	34138.44
220.81	34219.72
220.86	34301.50
220.91	34371.50
220.96	34438.84
221.02	34501.03
221.07	34570.82
221.12	34626.58
221.17	34684.77
221.22	34742.29
221.28	34801.44
221.33	34854.12
221.38	34918.15
221.43	34992.56
221.49	35062.32
221.54	35126.91
221.59	35193.05
221.64	35271.53
221.69	35356.48
221.75	35454.56
221.80	35553.90
221.85	35632.08
221.90	35695.32
221.96	35750.03
222.01	35782.28
222.06	35814.80
222.11	35868.06
222.17	35913.01
222.22	35939.23
222.27	35987.23
222.32	36042.08
222.37	36084.94
222.43	36149.10
222.48	36220.40
222.53	36291.66
222.58	36365.17
222.63	36443.57
222.69	36511.20
222.74	36586.18
222.79	36657.67
222.84	36705.49
222.90	36755.98
222.95	36804.22
223.00	36843.88
223.05	36889.30
223.10	36946.96
223.16	37000.05
223.21	37054.52
223.26	37101.42
223.31	37138.73
223.36	37172.65
223.42	37212.39
223.47	37244.93
223.52	37294.83
223.57	37343.61
223.63	37401.77
223.68	37453.33
223.73	37523.13
223.78	37595.63
223.83	37668.16
223.89	37725.88
223.94	37797.25
223.99	37861.96
224.04	37933.92
224.09	38005.71
224.15	38098.68
224.20	38179.18
224.25	38268.13
224.30	38351.11
224.35	38436.17
224.41	38526.99
224.46	38619.18
224.51	38695.85
224.56	38779.33
224.61	38860.86
224.67	38941.69
224.72	39025.45
224.77	39130.33
224.82	39221.65
224.87	39308.88
224.93	39381.64
224.98	39462.10
225.03	39534.22
225.08	39615.76
225.13	39695.63
225.19	39789.18
225.24	39872.46
225.29	39949.52
225.34	40041.63
225.39	40132.35
225.45	40217.54
225.50	40305.12
225.55	40404.36
225.60	40492.24
225.65	40585.29
225.71	40673.93
225.76	40773.06
225.81	40857.72
225.86	40940.90
225.91	41042.69
225.97	41147.03
226.02	41240.34
226.07	41324.68
226.12	41401.23
226.17	41454.76
226.22	41508.91
226.28	41575.16
226.33	41654.56
226.38	41725.03
226.43	41804.85
226.48	41872.10
226.54	41928.97
226.59	42002.10
226.64	42084.08
226.69	42159.40
226.74	42236.00
226.80	42310.96
226.85	42358.75
226.90	42403.14
226.95	42458.87
227.00	42515.76
227.05	42583.34
227.11	42668.15
227.16	42756.46
227.21	42834.08
227.26	42920.66
227.31	42991.29
227.37	43041.99
227.42	43113.03
227.47	43188.68
227.52	43254.12
227.57	43322.94
227.62	43420.93
227.68	43495.07
227.73	43570.93
227.78	43648.62
227.83	43728.38
227.88	43790.48
227.93	43862.93
227.99	43936.43
228.04	44015.63
228.09	44094.80
228.14	44170.87
228.19	44244.09
228.24	44308.63
228.30	44373.05
228.35	44438.23
228.40	44508.54
228.45	44566.73
228.50	44642.83
228.56	44709.25
228.61	44769.53
228.66	44826.49
228.71	44887.33
228.76	44927.35
228.81	44976.33
228.87	45032.00
228.92	45092.00
228.97	45148.29
229.02	45236.96
229.07	45310.09
229.12	45383.56
229.17	45456.92
229.23	45538.88
229.28	45615.21
229.33	45696.96
229.38	45774.36
229.43	45848.51
229.48	45927.40
229.54	45994.64
229.59	46055.22
229.64	46131.27
229.69	46211.64
229.74	46298.72
229.79	46365.82
229.85	46446.57
229.90	46510.77
229.95	46574.36
230.00	46627.33
230.05	46708.20
230.10	46777.23
230.16	46848.20
230.21	46903.93
230.26	46958.39
230.31	46995.94
230.36	47050.46
230.41	47109.69
230.46	47194.53
230.52	47288.99
230.57	47375.66
230.62	47467.62
230.67	47540.12
230.72	47596.90
230.77	47632.80
230.82	47679.54
230.88	47711.79
230.93	47757.99
230.98	47800.98
231.03	47863.79
231.08	47921.58
231.13	47966.09
231.19	48028.37
231.24	48104.12
231.29	48173.49
231.34	48237.72
231.39	48320.33
231.44	48392.24
231.49	48439.43
231.55	48481.50
231.60	48536.78
231.65	48587.90
231.70	48630.65
231.75	48679.99
231.80	48734.53
231.85	48790.31
231.91	48839.07
231.96	48890.72
232.01	48956.85
232.06	49021.79
232.11	49080.64
232.16	49162.70
232.21	49253.24
232.26	49339.19
232.32	49411.43
232.37	49480.96
232.42	49535.25
232.47	49571.94
232.52	49613.05
232.57	49665.48
232.62	49732.50
232.68	49793.74
232.73	49865.10
232.78	49938.10
232.83	50021.19
232.88	50092.22
232.93	50171.60
232.98	50243.08
233.03	50297.19
233.09	50356.77
233.14	50426.21
233.19	50478.49
233.24	50534.46
233.29	50595.68
233.34	50626.09
233.39	50640.88
233.45	50671.48
233.50	50704.16
233.55	50745.73
233.60	50815.67
233.65	50882.45
233.70	50944.82
233.75	51004.49
233.80	51052.19
233.86	51100.88
233.91	51150.43
233.96	51197.72
234.01	51251.20
234.06	51306.17
234.11	51361.47
234.16	51413.38
234.21	51469.31
234.26	51519.09
234.32	51557.41
234.37	51593.28
234.42	51641.19
234.47	51665.40
234.52	51687.67
234.57	51737.46
234.62	51777.87
234.67	51817.96
234.73	51877.78
234.78	51943.46
234.83	51990.05
234.88	52039.91
234.93	52074.88
234.98	52113.04
235.03	52150.22
235.08	52212.77
235.13	52263.64
235.19	52325.51
235.24	52386.04
235.29	52449.21
235.34	52487.28
235.39	52521.90
235.44	52560.68
235.49	52600.23
235.54	52631.04
235.59	52658.83
235.65	52694.29
235.70	52730.04
235.75	52771.06
235.80	52830.16
235.85	52885.11
235.90	52936.55
235.95	52969.47
236.00	52986.10
236.05	53001.72
236.11	53029.76
236.16	53062.08
236.21	53106.94
236.26	53153.60
236.31	53185.71
236.36	53203.37
236.41	53211.22
236.46	53219.46
236.51	53236.89
236.56	53252.97
236.62	53285.29
236.67	53334.41
236.72	53379.06
236.77	53413.68
236.82	53466.61
236.87	53489.35
236.92	53503.46
236.97	53540.38
237.02	53587.66
237.07	53630.93
237.13	53699.87
237.18	53764.05
237.23	53799.62
237.28	53839.43
237.33	53872.60
237.38	53889.88
237.43	53908.95
237.48	53918.37
237.53	53940.94
237.58	53973.18
237.63	54022.40
237.69	54062.04
237.74	54118.73
237.79	54149.87
237.84	54155.46
237.89	54158.31
237.94	54164.75
237.99	54178.33
238.04	54205.89
238.09	54238.82
238.14	54262.75
238.19	54285.81
238.25	54309.61
238.30	54297.73
238.35	54299.31
238.40	54299.88
238.45	54310.11
238.50	54315.58
238.55	54342.81
238.60	54364.99
238.65	54384.75
238.70	54402.72
238.75	54411.68
238.80	54426.64
238.86	54436.16
238.91	54459.39
238.96	54482.02
239.01	54527.60
239.06	54564.26
239.11	54598.00
239.16	54620.83
239.21	54625.68
239.26	54610.63
239.31	54612.38
239.36	54616.66
239.41	54632.98
239.46	54664.53
239.52	54698.88
239.57	54723.68
239.62	54744.48
239.67	54760.21
239.72	54780.04
239.77	54797.46
239.82	54817.90
239.87	54840.55
239.92	54846.64
239.97	54849.68
240.02	54837.54
240.07	54819.24
240.12	54803.29
240.17	54815.01
240.23	54808.34
240.28	54818.54
240.33	54840.02
240.38	54836.95
240.43	54831.86
240.48	54852.29
240.53	54869.95
240.58	54882.32
240.63	54918.73
240.68	54931.05
240.73	54925.22
240.78	54917.80
240.83	54910.75
240.88	54888.07
240.93	54876.63
240.98	54876.43
241.04	54890.77
241.09	54913.30
241.14	54943.94
241.19	54990.64
241.24	55021.04
241.29	55036.95
241.34	55044.91
241.39	55056.33
241.44	55059.91
241.49	55070.45
241.54	55072.08
241.59	55073.21
241.64	55076.77
241.69	55061.60
241.74	55041.83
241.79	55032.31
241.84	55016.70
241.90	54994.97
241.95	54978.05
242.00	54964.38
242.05	54950.86
242.10	54945.37
242.15	54923.41
242.20	54906.42
242.25	54905.36
242.30	54894.41
242.35	54881.08
242.40	54883.02
242.45	54891.54
242.50	54880.88
242.55	54877.95
242.60	54875.56
242.65	54878.57
242.70	54884.95
242.75	54911.09
242.80	54957.66
242.85	54991.99
242.91	55006.38
242.96	54994.55
243.01	54976.49
243.06	54935.23
243.11	54901.33
243.16	54882.00
243.21	54884.31
243.26	54885.76
243.31	54903.19
243.36	54918.88
243.41	54937.21
243.46	54937.15
243.51	54915.94
243.56	54863.93
243.61	54806.99
243.66	54759.96
243.71	54735.05
243.76	54725.18
243.81	54745.46
243.86	54750.16
243.91	54755.60
243.96	54760.97
244.01	54740.88
244.06	54712.69
244.12	54709.76
244.17	54699.72
244.22	54686.95
244.27	54714.37
244.32	54744.67
244.37	54759.15
244.42	54765.80
244.47	54767.68
244.52	54749.10
244.57	54711.24
244.62	54685.19
244.67	54663.88
244.72	54631.84
244.77	54620.58
244.82	54634.29
244.87	54665.48
244.92	54688.28
244.97	54707.58
245.02	54707.89
245.07	54683.92
245.12	54662.59
245.17	54640.91
245.22	54643.86
245.27	54639.77
245.32	54613.08
245.37	54567.39
245.42	54524.44
245.47	54469.98
245.52	54427.95
245.57	54412.78
245.62	54396.43
245.67	54388.74
245.72	54385.74
245.77	54367.15
245.82	54357.50
245.87	54367.49
245.92	54373.91
245.98	54358.37
246.03	54358.87
246.08	54371.42
246.13	54363.85
246.18	54369.58
246.23	54372.86
246.28	54364.53
246.33	54344.96
246.38	54310.26
246.43	54276.10
246.48	54263.40
246.53	54261.69
246.58	54269.99
246.63	54280.43
246.68	54277.22
246.73	54262.32
246.78	54234.43
246.83	54181.75
246.88	54131.21
246.93	54081.11
246.98	54027.96
247.03	53991.86
247.08	53973.67
247.13	53964.54
247.18	53964.65
247.23	53986.62
247.28	53995.25
247.33	53985.27
247.38	53971.81
247.43	53951.47
247.48	53932.30
247.53	53902.29
247.58	53873.03
247.63	53842.76
247.68	53800.58
247.73	53738.80
247.78	53706.12
247.83	53680.59
247.88	53656.84
247.93	53645.61
247.98	53652.34
248.03	53660.37
248.08	53670.33
248.13	53670.53
248.18	53660.11
248.23	53655.03
248.28	53616.46
248.33	53574.28
248.38	53538.35
248.43	53513.35
248.48	53486.98
248.53	53473.23
248.58	53458.96
248.63	53459.04
248.68	53446.60
248.73	53416.54
248.78	53385.63
248.83	53336.64
248.88	53266.62
248.93	53197.43
248.98	53118.65
249.03	53078.19
249.08	53066.01
249.13	53059.38
249.18	53053.73
249.23	53075.64
249.28	53067.26
249.33	53058.28
249.38	53047.18
249.43	53031.45
249.48	53013.52
249.53	52999.63
249.58	52980.50
249.63	52966.36
249.68	52957.61
249.73	52942.63
249.78	52923.74
249.83	52912.33
249.88	52878.81
249.93	52861.48
249.98	52849.68
250.03	52842.37
250.08	52816.15
250.13	52818.41
250.18	52797.98
250.23	52753.81
250.28	52703.79
250.33	52653.62
250.37	52604.70
250.42	52560.57
250.47	52530.95
250.52	52520.18
250.57	52495.96
250.62	52462.42
250.67	52435.35
250.72	52417.28
250.77	52364.26
250.82	52350.04
250.87	52352.06
250.92	52339.66
250.97	52308.78
251.02	52313.52
251.07	52312.98
251.12	52283.35
251.17	52261.48
251.22	52239.28
251.27	52193.19
251.32	52134.12
251.37	52084.88
251.42	52022.44
251.47	51985.79
251.52	51963.57
251.57	51955.88
251.62	51944.02
251.67	51946.12
251.72	51927.58
251.77	51892.48
251.82	51844.92
251.87	51804.13
251.92	51757.97
251.97	51704.73
252.02	51667.93
252.07	51641.49
252.12	51627.93
252.16	51615.88
252.21	51614.48
252.26	51621.78
252.31	51615.49
252.36	51601.41
252.41	51588.04
252.46	51567.38
252.51	51537.54
252.56	51519.10
252.61	51489.21
252.66	51461.28
252.71	51440.08
252.76	51411.68
252.81	51364.24
252.86	51313.23
252.91	51263.06
252.96	51200.95
253.01	51133.17
253.06	51070.32
253.11	51028.76
253.16	50989.93
253.21	50940.38
253.26	50907.07
253.31	50883.87
253.36	50862.53
253.40	50838.87
253.45	50830.94
253.50	50788.73
253.55	50751.77
253.60	50701.85
253.65	50656.35
253.70	50619.26
253.75	50607.90
253.80	50587.95
253.85	50578.05
253.90	50583.71
253.95	50576.41
254.00	50572.31
254.05	50557.77
254.10	50531.36
254.15	50489.75
254.20	50457.60
254.25	50412.48
254.30	50381.27
254.35	50334.29
254.39	50270.25
254.44	50192.82
254.49	50120.16
254.54	50078.75
254.59	50050.50
254.64	50039.38
254.69	50043.62
254.74	50048.43
254.79	50021.57
254.84	49988.34
254.89	49972.34
254.94	49954.99
254.99	49944.93
255.04	49934.61
255.09	49939.37
255.14	49910.34
255.19	49891.83
255.23	49887.69
255.28	49873.78
255.33	49852.12
255.38	49848.29
255.43	49827.89
255.48	49788.40
255.53	49747.43
255.58	49715.15
255.63	49677.96
255.68	49633.88
255.73	49590.88
255.78	49560.79
255.83	49534.04
255.88	49508.22
255.93	49491.43
255.97	49476.58
256.02	49450.18
256.07	49410.49
256.12	49347.07
256.17	49284.61
256.22	49222.97
256.27	49169.09
256.32	49123.82
256.37	49102.41
256.42	49087.05
256.47	49059.23
256.52	49039.75
256.57	49018.70
256.62	49003.58
256.66	48995.24
256.71	48977.79
256.76	48936.40
256.81	48885.38
256.86	48830.43
256.91	48771.44
256.96	48726.72
257.01	48697.17
257.06	48672.06
257.11	48639.10
257.16	48589.75
257.21	48547.56
257.26	48512.15
257.30	48468.92
257.35	48429.33
257.40	48407.22
257.45	48393.99
257.50	48369.90
257.55	48349.95
257.60	48342.40
257.65	48328.24
257.70	48292.23
257.75	48256.38
257.80	48225.49
257.85	48177.42
257.89	48123.11
257.94	48062.41
257.99	47996.18
258.04	47934.89
258.09	47898.27
258.14	47865.90
258.19	47851.02
258.24	47837.38
258.29	47801.44
258.34	47754.07
258.39	47717.51
258.44	47657.80
258.48	47608.29
258.53	47578.33
258.58	47538.42
258.63	47483.59
258.68	47442.54
258.73	47409.09
258.78	47371.89
258.83	47336.45
258.88	47300.91
258.93	47271.54
258.97	47235.83
259.02	47203.87
259.07	47180.09
259.12	47163.91
259.17	47148.78
259.22	47135.11
259.27	47110.12
259.32	47087.51
259.37	47046.89
259.42	47002.10
259.47	46956.85
259.51	46915.33
259.56	46855.12
259.61	46789.07
259.66	46718.69
259.71	46640.02
259.76	46573.49
259.81	46517.57
259.86	46478.67
259.91	46444.87
259.95	46423.51
260.00	46391.55
260.05	46368.32
260.10	46351.64
260.15	46339.89
260.20	46322.95
260.25	46321.32
260.30	46312.09
260.35	46286.86
260.40	46256.58
260.44	46226.82
260.49	46208.69
260.54	46172.18
260.59	46148.98
260.64	46138.98
260.69	46137.59
260.74	46095.62
260.79	46060.13
260.84	46014.53
260.88	45954.26
260.93	45879.03
260.98	45843.18
261.03	45801.24
261.08	45777.12
261.13	45738.65
261.18	45695.27
261.23	45637.30
261.28	45599.03
261.32	45548.52
261.37	45503.68
261.42	45478.53
261.47	45457.76
261.52	45418.84
261.57	45375.11
261.62	45344.62
261.67	45287.66
261.71	45215.17
261.76	45164.54
261.81	45112.33
261.86	45054.17
261.91	45014.36
261.96	44978.57
262.01	44942.03
262.06	44922.11
262.10	44912.92
262.15	44895.25
262.20	44885.96
262.25	44861.80
262.30	44836.47
262.35	44805.93
262.40	44777.75
262.45	44744.30
262.49	44716.76
262.54	44686.53
262.59	44650.15
262.64	44619.01
262.69	44580.59
262.74	44534.44
262.79	44477.50
262.84	44442.57
262.88	44402.08
262.93	44354.99
262.98	44323.92
263.03	44291.79
263.08	44235.79
263.13	44160.01
263.18	44097.42
263.23	44029.80
263.27	43976.85
263.32	43940.55
263.37	43922.67
263.42	43904.53
263.47	43876.10
263.52	43850.49
263.57	43811.78
263.61	43776.64
263.66	43734.55
263.71	43702.94
263.76	43668.32
263.81	43622.38
263.86	43593.05
263.91	43558.72
263.95	43497.62
264.00	43438.57
264.05	43392.98
264.10	43324.14
264.15	43260.27
264.20	43227.84
264.25	43190.10
264.29	43149.53
264.34	43098.28
264.39	43064.18
264.44	43009.68
264.49	42957.71
264.54	42914.05
264.59	42888.68
264.63	42849.13
264.68	42800.43
264.73	42747.65
264.78	42698.60
264.83	42635.24
264.88	42583.02
264.93	42557.29
264.97	42535.93
265.02	42508.87
265.07	42494.11
265.12	42457.83
265.17	42414.10
265.22	42371.61
265.27	42317.82
265.31	42256.23
265.36	42193.50
265.41	42137.23
265.46	42070.08
265.51	41993.71
265.56	41935.12
265.60	41878.18
265.65	41819.60
265.70	41770.51
265.75	41720.93
265.80	41663.91
265.85	41608.26
265.90	41552.34
265.94	41492.74
265.99	41441.98
266.04	41393.44
266.09	41357.54
266.14	41322.62
266.19	41289.05
266.23	41257.52
266.28	41215.87
266.33	41176.32
266.38	41145.02
266.43	41123.98
266.48	41102.58
266.52	41079.16
266.57	41051.56
266.62	41014.51
266.67	40963.85
266.72	40912.28
266.77	40874.84
266.81	40847.25
266.86	40813.91
266.91	40783.56
266.96	40751.27
267.01	40712.49
267.06	40659.56
267.10	40612.37
267.15	40566.73
267.20	40534.90
267.25	40499.52
267.30	40470.13
267.35	40434.28
267.39	40398.56
267.44	40352.86
267.49	40304.28
267.54	40249.36
267.59	40196.82
267.64	40132.02
267.68	40073.58
267.73	40020.19
267.78	39980.34
267.83	39952.51
267.88	39950.46
267.93	39941.45
267.97	39924.27
268.02	39891.43
268.07	39843.86
268.12	39779.20
268.17	39719.33
268.21	39679.46
268.26	39630.45
268.31	39588.87
268.36	39545.14
268.41	39501.71
268.46	39452.69
268.50	39415.81
268.55	39366.85
268.60	39309.11
268.65	39248.36
268.70	39168.46
268.74	39102.02
268.79	39038.60
268.84	38989.13
268.89	38944.97
268.94	38918.93
268.99	38877.83
269.03	38834.58
269.08	38785.92
269.13	38711.57
269.18	38626.75
269.23	38532.40
269.27	38431.39
269.32	38305.63
269.37	38186.44
269.42	38058.64
269.47	37924.21
269.51	37783.62
269.56	37646.93
269.61	37510.83
269.66	37361.07
269.71	37206.78
269.76	37061.11
269.80	36907.90
269.85	36754.48
269.90	36610.34
269.95	36467.42
270.00	36301.82
270.04	36156.61
270.09	36014.41
270.14	35873.24
270.19	35734.30
270.24	35611.61
270.28	35463.57
270.33	35296.81
270.38	35121.69
270.43	34938.91
270.48	34762.04
270.52	34598.10
270.57	34438.60
270.62	34277.38
270.67	34134.14
270.72	33976.82
270.76	33801.37
270.81	33635.29
270.86	33470.40
270.91	33295.53
270.96	33121.21
271.00	32969.02
271.05	32817.78
271.10	32677.24
271.15	32548.11
271.20	32429.87
271.24	32289.89
271.29	32146.52
271.34	32001.35
271.39	31849.11
271.44	31695.78
271.48	31564.79
271.53	31425.97
271.58	31282.24
271.63	31134.93
271.67	30990.03
271.72	30844.81
271.77	30705.67
271.82	30568.11
271.87	30430.46
271.91	30274.24
271.96	30124.62
272.01	29980.04
272.06	29850.56
272.11	29732.21
272.15	29632.42
272.20	29530.64
272.25	29436.93
272.30	29329.75
272.35	29222.69
272.39	29112.94
272.44	28997.58
272.49	28865.05
272.54	28728.58
272.58	28582.88
272.63	28435.09
272.68	28280.68
272.73	28120.52
272.78	27949.56
272.82	27753.14
272.87	27527.51
272.92	27243.87
272.97	26720.07
273.01	23779.48
273.06	18853.14
273.11	13427.86
273.16	8099.20
273.21	3049.79
273.25	459.21
273.30	-89.35
273.35	-89.32
