165.32	3384.23
165.38	-248.77
165.44	596.98
165.50	-76.54
165.55	-17.83
165.61	5.15
165.67	33.55
165.72	42.73
165.78	48.06
165.84	47.16
165.89	44.24
165.95	42.69
166.01	42.29
166.06	43.82
166.12	46.10
166.18	44.09
166.23	45.44
166.29	44.81
166.35	41.53
166.40	40.91
166.46	47.55
166.52	50.81
166.57	51.63
166.63	52.47
166.69	54.70
166.74	48.84
166.80	48.83
166.86	50.55
166.91	50.90
166.97	45.47
167.03	47.74
167.08	42.32
167.14	41.28
167.20	39.49
167.25	52.06
167.31	52.73
167.37	58.34
167.42	60.62
167.48	66.84
167.54	61.11
167.59	60.10
167.65	55.69
167.71	55.44
167.76	54.15
167.82	49.62
167.88	49.54
167.93	56.99
167.99	55.77
168.05	58.12
168.10	66.18
168.16	65.64
168.21	63.65
168.27	68.33
168.33	70.41
168.38	62.75
168.44	67.87
168.50	66.42
168.55	64.74
168.61	64.92
168.67	67.28
168.72	64.03
168.78	64.37
168.84	60.19
168.89	58.66
168.95	59.39
169.01	58.80
169.06	58.14
169.12	57.82
169.18	56.10
169.23	56.05
169.29	60.72
169.34	64.78
169.40	66.88
169.46	71.08
169.51	72.94
169.57	68.10
169.63	64.74
169.68	70.12
169.74	66.83
169.80	72.55
169.85	74.10
169.91	77.82
169.97	73.73
170.02	73.35
170.08	72.12
170.13	72.34
170.19	72.33
170.25	73.68
170.30	78.37
170.36	70.51
170.42	72.56
170.47	73.22
170.53	74.86
170.59	71.27
170.64	75.01
170.70	73.29
170.76	70.92
170.81	72.41
170.87	71.95
170.92	73.06
170.98	75.73
171.04	77.92
171.09	73.78
171.15	80.65
171.21	81.17
171.26	78.39
171.32	75.74
171.37	79.19
171.43	74.25
171.49	78.52
171.54	81.55
171.60	83.46
171.66	85.43
171.71	86.04
171.77	84.02
171.83	89.94
171.88	88.85
171.94	88.80
171.99	93.20
172.05	91.65
172.11	93.00
172.16	101.56
172.22	101.57
172.28	101.90
172.33	100.28
172.39	96.85
172.44	93.85
172.50	99.26
172.56	98.12
172.61	106.57
172.67	106.57
172.72	106.21
172.78	101.45
172.84	96.84
172.89	90.00
172.95	88.90
173.01	89.99
173.06	88.41
173.12	94.72
173.17	96.53
173.23	96.08
173.29	96.01
173.34	97.45
173.40	91.75
173.46	92.03
173.51	95.02
173.57	95.38
173.62	89.93
173.68	96.10
173.74	95.26
173.79	96.48
173.85	93.67
173.90	96.55
173.96	93.33
174.02	90.36
174.07	82.29
174.13	81.41
174.18	83.91
174.24	77.30
174.30	77.33
174.35	82.59
174.41	79.72
174.47	73.87
174.52	74.81
174.58	74.19
174.63	69.67
174.69	68.80
174.75	70.35
174.80	81.47
174.86	78.70
174.91	79.92
174.97	79.90
175.03	77.55
175.08	65.28
175.14	72.08
175.19	67.86
175.25	68.52
175.31	73.11
175.36	74.52
175.42	71.95
175.47	76.95
175.53	76.83
175.59	72.89
175.64	74.91
175.70	72.65
175.75	68.06
175.81	66.66
175.87	67.91
175.92	63.98
175.98	65.77
176.03	65.66
176.09	66.54
176.15	66.23
176.20	67.51
176.26	67.24
176.31	70.44
176.37	67.69
176.42	68.90
176.48	72.11
176.54	69.48
176.59	66.95
176.65	69.54
176.70	71.00
176.76	70.29
176.82	68.49
176.87	65.13
176.93	65.31
176.98	63.90
177.04	58.70
177.10	63.70
177.15	65.42
177.21	65.89
177.26	64.99
177.32	68.77
177.37	70.21
177.43	73.98
177.49	70.96
177.54	68.48
177.60	69.04
177.65	69.63
177.71	64.13
177.77	66.98
177.82	68.69
177.88	72.70
177.93	67.66
177.99	74.01
178.04	69.56
178.10	69.92
178.16	63.16
178.21	64.50
178.27	61.81
178.32	65.82
178.38	64.62
178.43	66.32
178.49	65.90
178.55	64.75
178.60	63.37
178.66	62.75
178.71	64.27
178.77	62.35
178.82	63.23
178.88	63.25
178.94	63.90
178.99	64.44
179.05	68.84
179.10	65.48
179.16	68.73
179.21	70.85
179.27	70.16
179.33	65.90
179.38	69.60
179.44	67.08
179.49	67.21
179.55	65.45
179.60	65.78
179.66	64.22
179.72	66.65
179.77	63.69
179.83	62.51
179.88	63.72
179.94	65.30
179.99	61.82
180.05	62.66
180.11	63.38
180.16	66.49
180.22	69.16
180.27	73.77
180.33	74.57
180.38	78.54
180.44	73.55
180.49	73.03
180.55	71.09
180.61	74.95
180.66	69.78
180.72	68.57
180.77	66.69
180.83	66.35
180.88	63.25
180.94	63.25
180.99	66.88
181.05	67.16
181.11	68.25
181.16	68.99
181.22	70.20
181.27	72.35
181.33	70.81
181.38	67.20
181.44	68.37
181.49	73.31
181.55	73.93
181.61	80.12
181.66	83.22
181.72	80.73
181.77	77.48
181.83	74.61
181.88	79.63
181.94	81.08
181.99	86.22
182.05	87.05
182.11	88.40
182.16	79.09
182.22	77.07
182.27	72.66
182.33	74.91
182.38	74.27
182.44	78.82
182.49	80.92
182.55	82.63
182.60	82.21
182.66	85.47
182.72	88.00
182.77	89.77
182.83	93.61
182.88	96.55
182.94	97.72
182.99	94.83
183.05	94.14
183.10	95.52
183.16	94.45
183.21	94.83
183.27	101.94
183.32	105.24
183.38	108.24
183.44	113.88
183.49	118.44
183.55	118.65
183.60	124.06
183.66	128.52
183.71	136.96
183.77	143.94
183.82	152.28
183.88	161.80
183.93	172.47
183.99	184.21
184.04	198.99
184.10	209.58
184.15	220.12
184.21	232.04
184.27	233.92
184.32	235.36
184.38	234.85
184.43	232.31
184.49	218.26
184.54	204.74
184.60	197.66
184.65	186.10
184.71	178.04
184.76	179.55
184.82	195.46
184.87	209.90
184.93	233.12
184.98	258.86
185.04	288.49
185.09	310.66
185.15	334.81
185.20	364.88
185.26	397.57
185.31	424.40
185.37	450.80
185.43	470.04
185.48	487.78
185.54	509.85
185.59	534.18
185.65	558.73
185.70	597.37
185.76	641.81
185.81	674.40
185.87	710.10
185.92	752.55
185.98	787.15
186.03	803.03
186.09	806.07
186.14	783.65
186.20	733.84
186.25	653.47
186.31	573.70
186.36	511.72
186.42	485.40
186.47	496.20
186.53	543.58
186.58	610.98
186.64	682.76
186.69	752.31
186.75	810.92
186.80	869.03
186.86	926.08
186.91	984.95
186.97	1040.55
187.02	1110.64
187.08	1177.19
187.13	1235.59
187.19	1299.84
187.24	1367.56
187.30	1418.74
187.35	1471.67
187.41	1540.70
187.47	1606.80
187.52	1662.68
187.58	1722.35
187.63	1790.96
187.69	1857.73
187.74	1912.37
187.80	1963.09
187.85	2008.92
187.91	2031.76
187.96	2017.09
188.02	1957.25
188.07	1850.22
188.13	1695.33
188.18	1530.35
188.24	1406.35
188.29	1346.42
188.35	1354.29
188.40	1429.42
188.46	1552.28
188.51	1675.97
188.57	1801.09
188.62	1923.82
188.67	2040.19
188.73	2149.48
188.78	2252.80
188.84	2355.57
188.89	2456.75
188.95	2560.88
189.00	2649.50
189.06	2746.38
189.11	2837.65
189.17	2919.94
189.22	2989.09
189.28	3074.22
189.33	3150.89
189.39	3215.62
189.44	3279.27
189.50	3355.94
189.55	3425.78
189.61	3477.51
189.66	3536.11
189.72	3595.00
189.77	3643.96
189.83	3670.51
189.88	3683.65
189.94	3656.56
189.99	3578.35
190.05	3429.69
190.10	3217.01
190.16	2966.95
190.21	2748.92
190.27	2611.81
190.32	2578.01
190.38	2647.35
190.43	2803.15
190.49	2987.97
190.54	3153.05
190.60	3302.67
190.65	3438.97
190.71	3562.45
190.76	3679.03
190.81	3794.97
190.87	3906.87
190.92	4028.33
190.98	4142.19
191.03	4253.49
191.09	4370.45
191.14	4477.34
191.20	4565.57
191.25	4665.13
191.31	4762.39
191.36	4855.27
191.42	4944.70
191.47	5042.79
191.53	5135.08
191.58	5213.72
191.64	5277.72
191.69	5339.03
191.75	5380.92
191.80	5412.80
191.85	5431.59
191.91	5451.38
191.96	5474.81
192.02	5505.39
192.07	5517.98
192.13	5514.73
192.18	5469.59
192.24	5353.19
192.29	5159.45
192.35	4939.76
192.40	4761.09
192.46	4654.45
192.51	4650.48
192.57	4747.87
192.62	4922.06
192.67	5103.11
192.73	5280.81
192.78	5440.87
192.84	5589.38
192.89	5724.33
192.95	5852.45
193.00	5963.56
193.06	6074.71
193.11	6177.58
193.17	6267.55
193.22	6352.81
193.28	6445.02
193.33	6519.03
193.38	6589.39
193.44	6662.23
193.49	6734.85
193.55	6790.71
193.60	6848.46
193.66	6900.61
193.71	6943.19
193.77	6969.66
193.82	6994.08
193.88	7014.05
193.93	7041.41
193.98	7070.19
194.04	7107.52
194.09	7152.61
194.15	7203.91
194.20	7250.21
194.26	7291.31
194.31	7335.01
194.37	7361.54
194.42	7372.04
194.47	7362.91
194.53	7321.07
194.58	7233.08
194.64	7127.16
194.69	7029.37
194.75	6959.14
194.80	6942.71
194.86	6987.40
194.91	7077.75
194.97	7183.31
195.02	7294.82
195.07	7399.63
195.13	7503.82
195.18	7616.42
195.24	7722.14
195.29	7832.17
195.35	7936.78
195.40	8036.52
195.46	8114.01
195.51	8201.81
195.56	8281.30
195.62	8355.22
195.67	8417.25
195.73	8486.68
195.78	8538.74
195.84	8577.83
195.89	8615.75
195.94	8655.03
196.00	8688.82
196.05	8724.17
196.11	8770.55
196.16	8816.04
196.22	8869.43
196.27	8923.28
196.32	8977.15
196.38	9024.13
196.43	9073.02
196.49	9109.05
196.54	9148.39
196.60	9192.35
196.65	9236.67
196.71	9279.36
196.76	9328.79
196.81	9367.27
196.87	9402.53
196.92	9432.75
196.98	9450.87
197.03	9455.95
197.09	9452.03
197.14	9445.76
197.19	9446.14
197.25	9461.98
197.30	9489.80
197.36	9538.22
197.41	9600.74
197.47	9663.78
197.52	9724.25
197.57	9791.08
197.63	9846.18
197.68	9898.22
197.74	9945.57
197.79	9990.27
197.84	10032.78
197.90	10083.80
197.95	10121.88
198.01	10167.30
198.06	10214.18
198.12	10261.59
198.17	10297.75
198.22	10341.75
198.28	10379.48
198.33	10417.87
198.39	10455.60
198.44	10506.84
198.49	10553.15
198.55	10597.64
198.60	10647.71
198.66	10691.11
198.71	10736.85
198.77	10786.05
198.82	10836.89
198.87	10884.74
198.93	10934.37
198.98	10977.95
199.04	11020.90
199.09	11061.25
199.14	11100.74
199.20	11143.11
199.25	11182.08
199.31	11224.53
199.36	11267.83
199.42	11314.55
199.47	11356.83
199.52	11397.48
199.58	11436.01
199.63	11469.62
199.69	11500.05
199.74	11531.96
199.79	11561.68
199.85	11588.53
199.90	11623.15
199.96	11663.74
200.01	11705.40
200.06	11754.37
200.12	11806.86
200.17	11860.21
200.23	11906.74
200.28	11951.74
200.33	12001.30
200.39	12047.77
200.44	12088.15
200.50	12131.06
200.55	12172.01
200.60	12212.11
200.66	12245.25
200.71	12280.89
200.77	12324.77
200.82	12364.24
200.87	12400.59
200.93	12440.15
200.98	12485.02
201.04	12520.69
201.09	12565.16
201.14	12614.75
201.20	12666.46
201.25	12722.89
201.31	12778.59
201.36	12839.40
201.41	12895.03
201.47	12954.98
201.52	13002.51
201.58	13062.16
201.63	13108.02
201.68	13156.05
201.74	13202.23
201.79	13249.58
201.84	13299.03
201.90	13345.16
201.95	13395.88
202.01	13452.82
202.06	13511.02
202.11	13553.66
202.17	13608.16
202.22	13656.75
202.28	13693.85
202.33	13731.75
202.38	13770.96
202.44	13812.86
202.49	13852.83
202.54	13899.10
202.60	13946.79
202.65	13994.67
202.71	14041.01
202.76	14081.52
202.81	14125.74
202.87	14173.09
202.92	14222.34
202.98	14276.99
203.03	14334.99
203.08	14386.75
203.14	14438.90
203.19	14494.44
203.24	14549.78
203.30	14601.31
203.35	14650.19
203.41	14697.36
203.46	14735.60
203.51	14769.59
203.57	14810.08
203.62	14861.93
203.67	14914.37
203.73	14965.76
203.78	15017.95
203.84	15073.61
203.89	15119.05
203.94	15161.30
204.00	15208.28
204.05	15252.99
204.10	15285.63
204.16	15320.97
204.21	15358.36
204.27	15398.23
204.32	15432.59
204.37	15477.61
204.43	15510.97
204.48	15545.62
204.53	15573.65
204.59	15616.20
204.64	15668.46
204.69	15742.74
204.75	15816.82
204.80	15898.41
204.86	15964.38
204.91	16026.01
204.96	16081.32
205.02	16127.20
205.07	16178.64
205.12	16242.90
205.18	16306.09
205.23	16366.91
205.28	16446.15
205.34	16510.49
205.39	16574.50
205.45	16639.54
205.50	16700.15
205.55	16752.66
205.61	16811.85
205.66	16864.17
205.71	16927.14
205.77	16988.36
205.82	17054.40
205.87	17116.53
205.93	17174.36
205.98	17218.51
206.03	17259.28
206.09	17301.07
206.14	17344.40
206.20	17398.03
206.25	17452.60
206.30	17519.24
206.36	17575.74
206.41	17637.74
206.46	17692.40
206.52	17741.82
206.57	17787.87
206.62	17834.87
206.68	17879.90
206.73	17931.38
206.78	17983.70
206.84	18035.01
206.89	18093.23
206.94	18149.41
207.00	18216.81
207.05	18287.31
207.11	18358.99
207.16	18418.36
207.21	18483.90
207.27	18532.87
207.32	18582.76
207.37	18633.20
207.43	18690.70
207.48	18744.79
207.53	18797.25
207.59	18851.25
207.64	18908.00
207.69	18977.45
207.75	19043.09
207.80	19103.80
207.85	19161.04
207.91	19218.34
207.96	19267.15
208.01	19323.86
208.07	19382.76
208.12	19445.79
208.17	19500.99
208.23	19547.98
208.28	19594.72
208.33	19649.93
208.39	19713.54
208.44	19780.14
208.49	19844.27
208.55	19909.14
208.60	19961.24
208.65	20003.90
208.71	20053.69
208.76	20110.11
208.81	20167.62
208.87	20238.90
208.92	20298.38
208.97	20356.24
209.03	20416.75
209.08	20474.28
209.13	20527.90
209.19	20593.10
209.24	20656.09
209.29	20723.42
209.35	20779.51
209.40	20842.37
209.45	20907.68
209.51	20968.37
209.56	21019.77
209.61	21084.75
209.67	21149.25
209.72	21206.70
209.77	21270.24
209.83	21340.44
209.88	21405.57
209.93	21468.93
209.99	21535.79
210.04	21600.64
210.09	21664.38
210.15	21728.25
210.20	21785.91
210.25	21843.62
210.31	21905.53
210.36	21954.81
210.41	22007.25
210.46	22066.73
210.52	22121.28
210.57	22168.53
210.62	22234.72
210.68	22297.72
210.73	22351.40
210.78	22413.08
210.84	22479.61
210.89	22535.66
210.94	22593.71
211.00	22652.40
211.05	22706.62
211.10	22764.20
211.16	22823.90
211.21	22885.37
211.26	22953.17
211.32	23021.70
211.37	23090.50
211.42	23159.22
211.47	23232.39
211.53	23298.65
211.58	23359.32
211.63	23415.05
211.69	23474.77
211.74	23520.25
211.79	23571.08
211.85	23628.23
211.90	23689.55
211.95	23753.03
212.01	23821.78
212.06	23897.42
212.11	23971.47
212.16	24049.25
212.22	24123.14
212.27	24189.56
212.32	24250.99
212.38	24318.43
212.43	24383.12
212.48	24440.15
212.54	24509.10
212.59	24588.04
212.64	24655.32
212.69	24711.19
212.75	24778.30
212.80	24845.80
212.85	24900.33
212.91	24956.73
212.96	25014.65
213.01	25076.43
213.07	25132.35
213.12	25201.54
213.17	25266.91
213.22	25335.54
213.28	25390.93
213.33	25446.40
213.38	25500.15
213.44	25556.80
213.49	25624.22
213.54	25699.18
213.60	25782.26
213.65	25858.25
213.70	25943.77
213.75	26011.88
213.81	26070.10
213.86	26128.00
213.91	26178.83
213.97	26221.18
214.02	26269.81
214.07	26322.10
214.12	26372.30
214.18	26427.81
214.23	26494.79
214.28	26556.57
214.34	26615.95
214.39	26674.62
214.44	26725.99
214.49	26753.39
214.55	26776.21
214.60	26797.50
214.65	26813.78
214.71	26826.26
214.76	26869.39
214.81	26943.70
214.86	27045.15
214.92	27151.67
214.97	27270.74
215.02	27378.60
215.08	27464.77
215.13	27538.04
215.18	27596.64
215.23	27655.73
215.29	27718.13
215.34	27792.84
215.39	27875.05
215.45	27972.36
215.50	28070.95
215.55	28166.94
215.60	28245.97
215.66	28305.90
215.71	28364.60
215.76	28433.01
215.81	28484.41
215.87	28554.86
215.92	28618.97
215.97	28675.80
216.03	28724.05
216.08	28782.60
216.13	28829.30
216.18	28891.90
216.24	28954.75
216.29	29014.73
216.34	29073.38
216.39	29131.44
216.45	29190.50
216.50	29248.75
216.55	29302.83
216.61	29370.12
216.66	29431.55
216.71	29488.55
216.76	29554.97
216.82	29633.92
216.87	29702.50
216.92	29779.56
216.97	29847.60
217.03	29917.45
217.08	29983.37
217.13	30059.95
217.18	30128.93
217.24	30201.91
217.29	30265.00
217.34	30321.63
217.39	30363.70
217.45	30413.18
217.50	30466.03
217.55	30530.82
217.61	30594.88
217.66	30660.60
217.71	30725.15
217.76	30795.93
217.82	30869.52
217.87	30944.39
217.92	31022.17
217.97	31092.08
218.03	31156.45
218.08	31204.81
218.13	31247.20
218.18	31292.39
218.24	31366.21
218.29	31418.38
218.34	31485.35
218.39	31549.85
218.45	31618.82
218.50	31669.23
218.55	31737.81
218.60	31796.59
218.66	31856.67
218.71	31916.40
218.76	31976.00
218.81	32037.03
218.87	32100.65
218.92	32169.03
218.97	32243.44
219.02	32310.48
219.08	32377.43
219.13	32448.60
219.18	32517.08
219.23	32573.27
219.29	32638.85
219.34	32705.04
219.39	32767.94
219.44	32831.70
219.50	32899.61
219.55	32964.18
219.60	33034.88
219.65	33100.46
219.71	33162.88
219.76	33216.12
219.81	33274.49
219.86	33321.57
219.92	33368.82
219.97	33425.89
220.02	33483.66
220.07	33537.53
220.13	33598.57
220.18	33666.95
220.23	33738.90
220.28	33810.66
220.33	33888.21
220.39	33949.42
220.44	34007.57
220.49	34054.60
220.54	34109.62
220.60	34154.30
220.65	34222.99
220.70	34294.81
220.75	34370.12
220.81	34450.95
220.86	34535.49
220.91	34601.71
220.96	34662.70
221.02	34731.43
221.07	34796.55
221.12	34848.69
221.17	34910.08
221.22	34970.75
221.28	35028.41
221.33	35084.82
221.38	35149.80
221.43	35223.44
221.49	35291.45
221.54	35353.14
221.59	35419.49
221.64	35493.47
221.69	35577.17
221.75	35666.79
221.80	35771.32
221.85	35850.67
221.90	35925.20
221.96	35981.86
222.01	36019.39
222.06	36046.33
222.11	36093.96
222.17	36132.55
222.22	36164.67
222.27	36211.87
222.32	36266.39
222.37	36316.67
222.43	36379.90
222.48	36446.36
222.53	36518.71
222.58	36588.43
222.63	36653.82
222.69	36717.60
222.74	36791.72
222.79	36862.84
222.84	36916.21
222.90	36977.21
222.95	37033.50
223.00	37074.88
223.05	37123.41
223.10	37186.90
223.16	37244.50
223.21	37293.56
223.26	37334.70
223.31	37370.75
223.36	37404.42
223.42	37440.83
223.47	37473.91
223.52	37528.85
223.57	37575.46
223.63	37633.24
223.68	37682.07
223.73	37751.53
223.78	37814.06
223.83	37882.91
223.89	37939.48
223.94	38005.79
223.99	38069.58
224.04	38151.19
224.09	38233.10
224.15	38315.06
224.20	38399.06
224.25	38492.00
224.30	38568.57
224.35	38654.46
224.41	38753.83
224.46	38850.73
224.51	38929.48
224.56	39012.27
224.61	39090.26
224.67	39169.10
224.72	39236.14
224.77	39338.64
224.82	39429.52
224.87	39515.86
224.93	39589.71
224.98	39692.07
225.03	39767.16
225.08	39850.19
225.13	39934.70
225.19	40024.96
225.24	40103.03
225.29	40179.25
225.34	40263.61
225.39	40348.37
225.45	40429.02
225.50	40508.11
225.55	40594.44
225.60	40674.17
225.65	40761.17
225.71	40853.61
225.76	40938.80
225.81	41018.28
225.86	41101.70
225.91	41179.40
225.97	41253.45
226.02	41324.70
226.07	41380.47
226.12	41429.49
226.17	41482.29
226.22	41555.39
226.28	41645.49
226.33	41759.10
226.38	41866.24
226.43	41967.30
226.48	42036.23
226.54	42098.58
226.59	42162.85
226.64	42235.01
226.69	42296.84
226.74	42363.33
226.80	42431.93
226.85	42489.51
226.90	42547.27
226.95	42624.13
227.00	42706.67
227.05	42792.24
227.11	42893.11
227.16	42988.37
227.21	43067.63
227.26	43152.25
227.31	43229.88
227.37	43278.75
227.42	43347.32
227.47	43432.54
227.52	43494.24
227.57	43554.72
227.62	43645.45
227.68	43719.42
227.73	43791.83
227.78	43877.30
227.83	43969.05
227.88	44037.77
227.93	44113.25
227.99	44189.91
228.04	44271.47
228.09	44341.41
228.14	44410.54
228.19	44481.75
228.24	44544.31
228.30	44610.74
228.35	44680.96
228.40	44748.12
228.45	44809.60
228.50	44885.22
228.56	44949.40
228.61	45007.06
228.66	45063.53
228.71	45130.55
228.76	45162.40
228.81	45206.61
228.87	45252.92
228.92	45321.62
228.97	45369.48
229.02	45466.72
229.07	45541.76
229.12	45624.63
229.17	45693.07
229.23	45775.99
229.28	45849.30
229.33	45927.06
229.38	46008.41
229.43	46087.67
229.48	46166.82
229.54	46232.66
229.59	46305.03
229.64	46370.30
229.69	46448.28
229.74	46534.00
229.79	46600.20
229.85	46674.71
229.90	46749.42
229.95	46811.72
230.00	46871.15
230.05	46949.89
230.10	47021.18
230.16	47089.81
230.21	47154.95
230.26	47203.54
230.31	47243.41
230.36	47293.31
230.41	47352.00
230.46	47432.66
230.52	47530.10
230.57	47617.85
230.62	47698.53
230.67	47764.36
230.72	47822.02
230.77	47861.78
230.82	47915.88
230.88	47954.38
230.93	47999.62
230.98	48039.68
231.03	48092.81
231.08	48137.37
231.13	48189.54
231.19	48253.91
231.24	48325.40
231.29	48398.04
231.34	48479.06
231.39	48557.73
231.44	48634.10
231.49	48690.64
231.55	48739.88
231.60	48784.51
231.65	48836.18
231.70	48880.82
231.75	48930.75
231.80	48978.02
231.85	49034.16
231.91	49076.02
231.96	49131.09
232.01	49190.48
232.06	49255.40
232.11	49319.23
232.16	49410.25
232.21	49489.70
232.26	49578.41
232.32	49655.57
232.37	49727.73
232.42	49787.41
232.47	49823.71
232.52	49862.09
232.57	49916.74
232.62	49968.13
232.68	50027.70
232.73	50108.49
232.78	50188.19
232.83	50264.01
232.88	50343.65
232.93	50414.90
232.98	50481.05
233.03	50535.44
233.09	50593.39
233.14	50659.72
233.19	50714.97
233.24	50763.35
233.29	50813.10
233.34	50850.23
233.39	50874.44
233.45	50910.16
233.50	50956.30
233.55	51006.67
233.60	51070.86
233.65	51128.32
233.70	51184.71
233.75	51236.73
233.80	51280.04
233.86	51329.77
233.91	51381.07
233.96	51424.98
234.01	51479.08
234.06	51537.55
234.11	51591.56
234.16	51644.16
234.21	51702.34
234.26	51747.27
234.32	51783.17
234.37	51827.60
234.42	51865.98
234.47	51893.12
234.52	51928.07
234.57	51972.06
234.62	52001.89
234.67	52055.41
234.73	52106.92
234.78	52163.57
234.83	52213.35
234.88	52258.08
234.93	52289.60
234.98	52333.40
235.03	52374.07
235.08	52432.77
235.13	52496.62
235.19	52562.89
235.24	52631.59
235.29	52696.08
235.34	52742.95
235.39	52772.59
235.44	52807.07
235.49	52841.87
235.54	52872.72
235.59	52893.75
235.65	52927.36
235.70	52960.31
235.75	53000.74
235.80	53053.01
235.85	53111.48
235.90	53158.83
235.95	53192.30
236.00	53215.18
236.05	53231.86
236.11	53259.60
236.16	53294.38
236.21	53339.40
236.26	53385.43
236.31	53416.10
236.36	53431.33
236.41	53444.04
236.46	53457.84
236.51	53468.27
236.56	53493.84
236.62	53528.63
236.67	53572.22
236.72	53615.86
236.77	53641.03
236.82	53684.30
236.87	53710.82
236.92	53727.09
236.97	53758.24
237.02	53804.78
237.07	53851.69
237.13	53914.25
237.18	53980.02
237.23	54027.28
237.28	54071.12
237.33	54104.52
237.38	54124.51
237.43	54144.55
237.48	54150.37
237.53	54164.66
237.58	54194.48
237.63	54239.49
237.69	54285.00
237.74	54335.31
237.79	54376.25
237.84	54379.13
237.89	54378.90
237.94	54377.66
237.99	54396.32
238.04	54421.60
238.09	54448.93
238.14	54475.29
238.19	54503.83
238.25	54514.88
238.30	54509.55
238.35	54506.54
238.40	54507.01
238.45	54508.50
238.50	54513.12
238.55	54524.65
238.60	54564.02
238.65	54592.90
238.70	54604.45
238.75	54623.27
238.80	54654.85
238.86	54659.37
238.91	54671.12
238.96	54704.39
239.01	54744.13
239.06	54775.60
239.11	54803.75
239.16	54832.28
239.21	54831.57
239.26	54820.18
239.31	54824.45
239.36	54842.63
239.41	54865.43
239.46	54896.40
239.52	54922.12
239.57	54940.25
239.62	54950.70
239.67	54963.24
239.72	54992.79
239.77	55010.85
239.82	55028.55
239.87	55043.56
239.92	55050.38
239.97	55038.70
240.02	55034.30
240.07	55019.86
240.12	55022.74
240.17	55026.94
240.23	55035.19
240.28	55038.17
240.33	55053.60
240.38	55045.86
240.43	55040.34
240.48	55059.87
240.53	55083.96
240.58	55102.46
240.63	55134.50
240.68	55143.50
240.73	55130.49
240.78	55123.44
240.83	55124.35
240.88	55098.47
240.93	55097.25
240.98	55089.61
241.04	55099.89
241.09	55114.69
241.14	55148.68
241.19	55182.97
241.24	55223.17
241.29	55241.14
241.34	55256.50
241.39	55260.98
241.44	55265.08
241.49	55263.30
241.54	55266.24
241.59	55251.62
241.64	55254.68
241.69	55248.16
241.74	55238.52
241.79	55220.23
241.84	55213.18
241.90	55192.44
241.95	55173.20
242.00	55149.98
242.05	55136.93
242.10	55128.45
242.15	55116.12
242.20	55106.30
242.25	55104.22
242.30	55099.13
242.35	55093.40
242.40	55089.15
242.45	55082.30
242.50	55071.24
242.55	55069.83
242.60	55061.31
242.65	55064.33
242.70	55078.53
242.75	55113.92
242.80	55158.66
242.85	55188.93
242.91	55200.50
242.96	55188.81
243.01	55166.82
243.06	55133.42
243.11	55101.54
243.16	55076.30
243.21	55075.11
243.26	55083.00
243.31	55089.69
243.36	55108.34
243.41	55130.05
243.46	55126.36
243.51	55092.85
243.56	55042.35
243.61	54974.55
243.66	54933.85
243.71	54906.70
243.76	54905.70
243.81	54918.80
243.86	54925.95
243.91	54928.61
243.96	54921.70
244.01	54894.94
244.06	54868.19
244.12	54864.97
244.17	54849.58
244.22	54851.31
244.27	54878.28
244.32	54908.74
244.37	54928.62
244.42	54936.35
244.47	54930.78
244.52	54915.56
244.57	54881.68
244.62	54857.71
244.67	54835.37
244.72	54817.57
244.77	54807.47
244.82	54817.57
244.87	54840.15
244.92	54862.09
244.97	54871.84
245.02	54865.04
245.07	54840.75
245.12	54819.98
245.17	54807.13
245.22	54814.75
245.27	54819.73
245.32	54794.10
245.37	54758.31
245.42	54717.50
245.47	54663.07
245.52	54606.64
245.57	54600.36
245.62	54575.36
245.67	54560.97
245.72	54554.59
245.77	54541.46
245.82	54525.29
245.87	54532.08
245.92	54538.25
245.98	54537.30
246.03	54543.70
246.08	54545.04
246.13	54536.90
246.18	54541.40
246.23	54528.49
246.28	54512.18
246.33	54499.36
246.38	54471.60
246.43	54435.12
246.48	54413.12
246.53	54417.93
246.58	54433.43
246.63	54445.88
246.68	54434.80
246.73	54424.46
246.78	54390.25
246.83	54332.56
246.88	54269.92
246.93	54221.92
246.98	54175.45
247.03	54146.53
247.08	54124.05
247.13	54125.10
247.18	54120.85
247.23	54142.25
247.28	54153.76
247.33	54138.48
247.38	54113.80
247.43	54102.20
247.48	54078.89
247.53	54040.71
247.58	54020.11
247.63	54002.89
247.68	53965.72
247.73	53906.60
247.78	53875.57
247.83	53844.77
247.88	53813.13
247.93	53801.76
247.98	53802.16
248.03	53799.17
248.08	53813.33
248.13	53813.19
248.18	53798.16
248.23	53796.83
248.28	53768.36
248.33	53727.01
248.38	53698.85
248.43	53683.62
248.48	53661.30
248.53	53648.45
248.58	53629.69
248.63	53627.42
248.68	53607.01
248.73	53581.58
248.78	53554.29
248.83	53512.39
248.88	53440.42
248.93	53364.53
248.98	53286.38
249.03	53242.37
249.08	53214.43
249.13	53206.54
249.18	53212.95
249.23	53224.50
249.28	53209.76
249.33	53209.25
249.38	53196.40
249.43	53174.46
249.48	53146.73
249.53	53135.54
249.58	53108.83
249.63	53088.33
249.68	53075.85
249.73	53063.68
249.78	53037.40
249.83	53037.17
249.88	53012.93
249.93	53002.66
249.98	52993.81
250.03	52994.81
250.08	52963.68
250.13	52957.06
250.18	52928.72
250.23	52884.52
250.28	52827.30
250.33	52775.45
250.37	52730.74
250.42	52684.83
250.47	52662.17
250.52	52650.90
250.57	52636.45
250.62	52596.44
250.67	52569.55
250.72	52548.69
250.77	52502.20
250.82	52476.92
250.87	52478.26
250.92	52468.22
250.97	52447.42
251.02	52448.98
251.07	52452.08
251.12	52426.73
251.17	52392.05
251.22	52363.12
251.27	52321.46
251.32	52265.84
251.37	52216.39
251.42	52174.21
251.47	52137.41
251.52	52118.21
251.57	52099.85
251.62	52091.22
251.67	52088.00
251.72	52063.20
251.77	52023.47
251.82	51979.60
251.87	51937.31
251.92	51885.57
251.97	51828.75
252.02	51782.40
252.07	51755.57
252.12	51732.66
252.16	51717.14
252.21	51723.82
252.26	51734.93
252.31	51731.23
252.36	51726.66
252.41	51709.14
252.46	51689.05
252.51	51658.71
252.56	51629.83
252.61	51600.13
252.66	51576.90
252.71	51551.57
252.76	51529.68
252.81	51490.04
252.86	51441.54
252.91	51402.55
252.96	51333.06
253.01	51254.77
253.06	51188.99
253.11	51133.23
253.16	51084.22
253.21	51043.59
253.26	51012.55
253.31	50986.98
253.36	50963.68
253.40	50931.58
253.45	50921.36
253.50	50883.76
253.55	50849.11
253.60	50802.93
253.65	50761.54
253.70	50726.36
253.75	50718.44
253.80	50700.12
253.85	50695.08
253.90	50700.70
253.95	50678.68
254.00	50667.78
254.05	50649.20
254.10	50618.46
254.15	50581.67
254.20	50560.72
254.25	50521.56
254.30	50493.95
254.35	50452.17
254.39	50383.05
254.44	50303.31
254.49	50230.22
254.54	50186.10
254.59	50159.89
254.64	50155.30
254.69	50157.91
254.74	50161.90
254.79	50139.70
254.84	50110.14
254.89	50093.01
254.94	50072.75
254.99	50048.21
255.04	50030.80
255.09	50021.53
255.14	49988.20
255.19	49973.72
255.23	49963.38
255.28	49956.27
255.33	49939.00
255.38	49931.14
255.43	49910.34
255.48	49889.59
255.53	49846.04
255.58	49818.01
255.63	49783.46
255.68	49740.02
255.73	49689.65
255.78	49657.18
255.83	49625.91
255.88	49607.34
255.93	49579.80
255.97	49564.70
256.02	49538.79
256.07	49494.65
256.12	49425.72
256.17	49380.81
256.22	49322.55
256.27	49263.01
256.32	49224.70
256.37	49196.13
256.42	49175.77
256.47	49158.57
256.52	49138.95
256.57	49108.01
256.62	49090.00
256.66	49073.30
256.71	49047.78
256.76	49015.49
256.81	48973.47
256.86	48928.17
256.91	48879.46
256.96	48824.87
257.01	48790.28
257.06	48765.82
257.11	48739.11
257.16	48679.95
257.21	48642.55
257.26	48602.92
257.30	48566.12
257.35	48521.97
257.40	48508.89
257.45	48492.33
257.50	48469.66
257.55	48445.41
257.60	48428.15
257.65	48401.03
257.70	48362.50
257.75	48325.88
257.80	48283.31
257.85	48239.32
257.89	48187.17
257.94	48132.98
257.99	48070.81
258.04	48023.24
258.09	47988.12
258.14	47963.71
258.19	47950.07
258.24	47938.95
258.29	47899.10
258.34	47853.40
258.39	47815.04
258.44	47761.41
258.48	47700.83
258.53	47667.22
258.58	47631.43
258.63	47580.82
258.68	47535.99
258.73	47503.98
258.78	47462.70
258.83	47418.80
258.88	47382.02
258.93	47344.53
258.97	47310.57
259.02	47279.75
259.07	47253.44
259.12	47233.13
259.17	47220.25
259.22	47199.77
259.27	47177.20
259.32	47155.27
259.37	47108.48
259.42	47073.10
259.47	47028.62
259.51	46985.12
259.56	46925.16
259.61	46863.15
259.66	46781.61
259.71	46709.96
259.76	46644.39
259.81	46589.80
259.86	46550.78
259.91	46520.45
259.95	46500.12
260.00	46473.34
260.05	46450.96
260.10	46433.89
260.15	46415.60
260.20	46396.39
260.25	46396.28
260.30	46387.22
260.35	46362.21
260.40	46335.10
260.44	46313.85
260.49	46287.71
260.54	46252.71
260.59	46227.83
260.64	46211.70
260.69	46202.87
260.74	46165.65
260.79	46134.42
260.84	46087.84
260.88	46036.16
260.93	45957.58
260.98	45917.32
261.03	45882.55
261.08	45857.71
261.13	45817.60
261.18	45785.77
261.23	45728.88
261.28	45677.34
261.32	45628.95
261.37	45587.65
261.42	45555.72
261.47	45531.06
261.52	45486.97
261.57	45441.93
261.62	45401.15
261.67	45348.57
261.71	45284.01
261.76	45240.45
261.81	45192.10
261.86	45137.49
261.91	45089.37
261.96	45051.20
262.01	45006.70
262.06	44984.10
262.10	44969.85
262.15	44953.37
262.20	44940.47
262.25	44926.98
262.30	44905.37
262.35	44885.03
262.40	44860.17
262.45	44821.73
262.49	44790.51
262.54	44752.94
262.59	44715.07
262.64	44678.59
262.69	44647.90
262.74	44603.59
262.79	44556.74
262.84	44511.63
262.88	44465.61
262.93	44407.36
262.98	44364.20
263.03	44321.81
263.08	44276.68
263.13	44212.00
263.18	44157.04
263.23	44099.79
263.27	44054.69
263.32	44015.85
263.37	43994.87
263.42	43969.29
263.47	43941.66
263.52	43915.26
263.57	43876.38
263.61	43843.39
263.66	43813.49
263.71	43777.47
263.76	43736.66
263.81	43695.93
263.86	43665.03
263.91	43620.37
263.95	43561.82
264.00	43500.08
264.05	43453.79
264.10	43386.81
264.15	43327.88
264.20	43297.90
264.25	43260.94
264.29	43213.01
264.34	43155.77
264.39	43114.69
264.44	43063.02
264.49	43020.90
264.54	42974.25
264.59	42947.99
264.63	42905.26
264.68	42853.62
264.73	42798.28
264.78	42744.93
264.83	42689.86
264.88	42650.10
264.93	42620.05
264.97	42594.46
265.02	42577.38
265.07	42563.13
265.12	42520.95
265.17	42468.95
265.22	42427.06
265.27	42367.60
265.31	42297.07
265.36	42239.75
265.41	42194.48
265.46	42129.20
265.51	42062.49
265.56	42009.55
265.60	41964.95
265.65	41899.27
265.70	41853.24
265.75	41805.70
265.80	41753.59
265.85	41686.95
265.90	41631.97
265.94	41567.91
265.99	41506.22
266.04	41453.58
266.09	41415.04
266.14	41379.47
266.19	41345.70
266.23	41319.93
266.28	41276.51
266.33	41244.52
266.38	41213.02
266.43	41191.18
266.48	41169.72
266.52	41145.59
266.57	41105.89
266.62	41070.70
266.67	41014.74
266.72	40964.23
266.77	40934.59
266.81	40914.76
266.86	40884.67
266.91	40856.84
266.96	40818.52
267.01	40773.83
267.06	40717.10
267.10	40667.77
267.15	40617.51
267.20	40583.61
267.25	40539.90
267.30	40503.65
267.35	40463.65
267.39	40427.92
267.44	40388.39
267.49	40340.57
267.54	40290.85
267.59	40244.35
267.64	40188.50
267.68	40127.20
267.73	40080.55
267.78	40042.80
267.83	40014.09
267.88	40002.62
267.93	40000.97
267.97	39987.67
268.02	39953.34
268.07	39914.29
268.12	39863.83
268.17	39796.37
268.21	39751.97
268.26	39701.15
268.31	39648.68
268.36	39603.68
268.41	39559.05
268.46	39506.16
268.50	39473.38
268.55	39427.66
268.60	39364.46
268.65	39299.22
268.70	39222.21
268.74	39151.17
268.79	39082.69
268.84	39026.97
268.89	38992.50
268.94	38967.05
268.99	38926.81
269.03	38890.13
269.08	38842.27
269.13	38764.65
269.18	38673.62
269.23	38577.55
269.27	38465.90
269.32	38339.49
269.37	38217.44
269.42	38086.15
269.47	37948.08
269.51	37807.54
269.56	37671.50
269.61	37536.72
269.66	37389.85
269.71	37239.15
269.76	37091.67
269.80	36938.89
269.85	36787.38
269.90	36650.50
269.95	36511.11
270.00	36354.42
270.04	36211.96
270.09	36065.78
270.14	35916.78
270.19	35776.88
270.24	35650.75
270.28	35496.04
270.33	35329.31
270.38	35152.64
270.43	34974.90
270.48	34794.74
270.52	34639.83
270.57	34487.22
270.62	34330.32
270.67	34176.76
270.72	34021.58
270.76	33845.48
270.81	33674.25
270.86	33506.25
270.91	33333.68
270.96	33162.76
271.00	33006.22
271.05	32851.25
271.10	32713.72
271.15	32582.19
271.20	32458.49
271.24	32321.90
271.29	32186.06
271.34	32037.13
271.39	31884.79
271.44	31733.47
271.48	31594.93
271.53	31450.08
271.58	31312.63
271.63	31169.88
271.67	31023.79
271.72	30885.13
271.77	30746.86
271.82	30610.73
271.87	30476.41
271.91	30320.69
271.96	30172.44
272.01	30032.36
272.06	29896.07
272.11	29772.95
272.15	29677.71
272.20	29575.74
272.25	29478.22
272.30	29382.55
272.35	29269.03
272.39	29154.78
272.44	29034.39
272.49	28896.42
272.54	28752.32
272.58	28610.95
272.63	28462.07
272.68	28308.69
272.73	28158.20
272.78	27986.54
272.82	27790.34
272.87	27566.04
272.92	27282.47
272.97	26755.17
273.01	23806.26
273.06	18875.68
273.11	13444.71
273.16	8109.87
273.21	3051.89
273.25	461.22
273.30	-89.08
273.35	-90.00
