165.32	3384.47
165.38	-248.56
165.44	597.17
165.50	-76.17
165.55	-17.27
165.61	5.75
165.67	34.29
165.72	43.66
165.78	48.78
165.84	47.65
165.89	44.82
165.95	43.17
166.01	42.08
166.06	43.58
166.12	46.16
166.18	44.33
166.23	46.20
166.29	45.77
166.35	42.59
166.40	41.58
166.46	47.95
166.52	50.86
166.57	52.00
166.63	52.78
166.69	55.42
166.74	49.28
166.80	49.84
166.86	51.55
166.91	52.18
166.97	46.61
167.03	49.25
167.08	43.06
167.14	42.28
167.20	40.32
167.25	52.75
167.31	53.14
167.37	58.57
167.42	59.79
167.48	65.69
167.54	60.28
167.59	59.57
167.65	55.23
167.71	55.53
167.76	54.52
167.82	50.05
167.88	49.94
167.93	57.57
167.99	56.42
168.05	58.34
168.10	65.89
168.16	65.00
168.21	63.53
168.27	68.05
168.33	70.06
168.38	62.92
168.44	68.07
168.50	66.20
168.55	64.38
168.61	65.16
168.67	66.93
168.72	63.95
168.78	64.48
168.84	60.53
168.89	58.64
168.95	59.51
169.01	59.23
169.06	58.54
169.12	57.75
169.18	56.08
169.23	56.37
169.29	60.53
169.34	64.96
169.40	67.95
169.46	71.96
169.51	73.66
169.57	68.68
169.63	64.64
169.68	69.48
169.74	66.38
169.80	72.05
169.85	73.57
169.91	77.75
169.97	73.79
170.02	73.72
170.08	72.85
170.13	73.62
170.19	72.94
170.25	74.59
170.30	79.00
170.36	70.53
170.42	72.05
170.47	72.87
170.53	74.32
170.59	70.85
170.64	74.34
170.70	72.77
170.76	70.29
170.81	71.57
170.87	70.88
170.92	72.16
170.98	75.03
171.04	77.72
171.09	73.95
171.15	81.50
171.21	82.34
171.26	79.73
171.32	77.04
171.37	80.57
171.43	74.94
171.49	79.38
171.54	82.22
171.60	84.03
171.66	85.73
171.71	86.54
171.77	84.38
171.83	90.67
171.88	89.52
171.94	88.79
171.99	93.14
172.05	92.13
172.11	93.03
172.16	101.56
172.22	102.44
172.28	102.41
172.33	100.60
172.39	97.10
172.44	94.28
172.50	98.98
172.56	98.54
172.61	106.43
172.67	106.30
172.72	105.51
172.78	100.70
172.84	95.84
172.89	89.33
172.95	88.33
173.01	89.65
173.06	88.25
173.12	94.30
173.17	95.57
173.23	95.13
173.29	95.28
173.34	97.48
173.40	91.62
173.46	92.53
173.51	95.44
173.57	95.59
173.62	90.00
173.68	96.45
173.74	95.09
173.79	96.60
173.85	94.08
173.90	96.98
173.96	93.54
174.02	90.81
174.07	82.54
174.13	81.33
174.18	83.65
174.24	77.54
174.30	77.67
174.35	83.10
174.41	80.33
174.47	74.21
174.52	74.91
174.58	73.79
174.63	69.19
174.69	68.84
174.75	70.58
174.80	82.26
174.86	80.13
174.91	81.69
174.97	80.69
175.03	78.29
175.08	66.00
175.14	72.69
175.19	68.38
175.25	69.07
175.31	73.36
175.36	74.49
175.42	71.37
175.47	76.23
175.53	76.48
175.59	73.12
175.64	74.51
175.70	72.60
175.75	67.30
175.81	65.86
175.87	66.90
175.92	63.07
175.98	64.70
176.03	64.98
176.09	66.03
176.15	66.04
176.20	67.33
176.26	67.18
176.31	70.88
176.37	68.08
176.42	69.15
176.48	72.79
176.54	70.31
176.59	67.43
176.65	70.05
176.70	71.33
176.76	70.10
176.82	67.68
176.87	64.36
176.93	64.34
176.98	62.70
177.04	58.17
177.10	63.36
177.15	65.52
177.21	66.05
177.26	65.16
177.32	68.94
177.37	71.04
177.43	74.48
177.49	71.57
177.54	68.80
177.60	69.17
177.65	69.43
177.71	63.74
177.77	66.08
177.82	67.98
177.88	71.60
177.93	66.65
177.99	73.50
178.04	69.91
178.10	71.03
178.16	64.45
178.21	65.64
178.27	62.58
178.32	66.25
178.38	64.80
178.43	66.71
178.49	66.80
178.55	65.93
178.60	64.72
178.66	63.92
178.71	64.87
178.77	62.70
178.82	63.34
178.88	63.08
178.94	63.39
178.99	64.61
179.05	68.82
179.10	65.01
179.16	67.82
179.21	70.51
179.27	69.39
179.33	65.28
179.38	69.41
179.44	67.63
179.49	67.55
179.55	65.51
179.60	65.49
179.66	64.14
179.72	66.52
179.77	63.84
179.83	62.58
179.88	64.29
179.94	65.85
179.99	61.81
180.05	62.73
180.11	64.25
180.16	66.98
180.22	69.47
180.27	74.16
180.33	75.01
180.38	79.13
180.44	74.09
180.49	73.58
180.55	71.89
180.61	75.78
180.66	70.27
180.72	69.00
180.77	67.13
180.83	66.43
180.88	62.82
180.94	63.17
180.99	67.07
181.05	67.31
181.11	68.79
181.16	69.19
181.22	70.11
181.27	72.51
181.33	70.68
181.38	67.27
181.44	68.53
181.49	72.82
181.55	72.85
181.61	79.36
181.66	82.52
181.72	80.10
181.77	77.39
181.83	75.09
181.88	80.39
181.94	81.78
181.99	87.36
182.05	88.10
182.11	88.61
182.16	79.46
182.22	77.16
182.27	72.11
182.33	74.26
182.38	74.13
182.44	78.06
182.49	80.17
182.55	82.75
182.60	82.33
182.66	85.28
182.72	87.79
182.77	89.98
182.83	92.59
182.88	95.70
182.94	97.14
182.99	94.53
183.05	92.91
183.10	95.11
183.16	94.02
183.21	95.10
183.27	102.37
183.32	106.72
183.38	109.37
183.44	115.26
183.49	119.73
183.55	119.68
183.60	124.57
183.66	129.71
183.71	137.89
183.77	143.74
183.82	152.30
183.88	161.98
183.93	171.87
183.99	184.51
184.04	199.69
184.10	210.11
184.15	220.53
184.21	233.16
184.27	234.24
184.32	235.40
184.38	234.43
184.43	231.87
184.49	217.63
184.54	203.92
184.60	197.49
184.65	186.31
184.71	178.74
184.76	180.74
184.82	196.68
184.87	211.02
184.93	233.95
184.98	259.41
185.04	287.61
185.09	310.23
185.15	333.68
185.20	363.19
185.26	395.43
185.31	422.14
185.37	447.60
185.43	466.56
185.48	484.20
185.54	504.59
185.59	529.40
185.65	553.40
185.70	593.02
185.76	636.83
185.81	670.52
185.87	706.13
185.92	748.01
185.98	782.35
186.03	799.87
186.09	803.68
186.14	781.15
186.20	733.24
186.25	653.03
186.31	573.51
186.36	511.52
186.42	484.85
186.47	494.26
186.53	540.74
186.58	606.49
186.64	676.63
186.69	747.05
186.75	805.73
186.80	863.46
186.86	920.28
186.91	979.63
186.97	1033.43
187.02	1104.77
187.08	1170.83
187.13	1228.66
187.19	1292.94
187.24	1361.62
187.30	1412.14
187.35	1465.92
187.41	1536.01
187.47	1600.61
187.52	1654.41
187.58	1713.60
187.63	1781.82
187.69	1845.68
187.74	1901.63
187.80	1952.34
187.85	1997.29
187.91	2019.23
187.96	2007.32
188.02	1945.37
188.07	1841.14
188.13	1686.05
188.18	1521.21
188.24	1398.29
188.29	1340.99
188.35	1347.88
188.40	1423.79
188.46	1545.69
188.51	1667.87
188.57	1791.99
188.62	1912.98
188.67	2028.29
188.73	2138.25
188.78	2243.37
188.84	2345.57
188.89	2448.25
188.95	2552.01
189.00	2643.31
189.06	2738.70
189.11	2831.09
189.17	2910.72
189.22	2983.19
189.28	3067.71
189.33	3143.43
189.39	3207.43
189.44	3275.83
189.50	3349.27
189.55	3414.91
189.61	3467.94
189.66	3524.05
189.72	3579.90
189.77	3631.91
189.83	3661.84
189.88	3674.79
189.94	3647.36
189.99	3572.58
190.05	3423.44
190.10	3211.94
190.16	2964.40
190.21	2749.89
190.27	2610.44
190.32	2574.88
190.38	2640.96
190.43	2794.14
190.49	2977.00
190.54	3142.86
190.60	3293.34
190.65	3428.93
190.71	3550.30
190.76	3666.84
190.81	3781.28
190.87	3895.29
190.92	4019.16
190.98	4135.11
191.03	4248.66
191.09	4365.57
191.14	4467.82
191.20	4555.84
191.25	4657.20
191.31	4752.95
191.36	4843.67
191.42	4934.76
191.47	5030.32
191.53	5121.08
191.58	5200.34
191.64	5264.60
191.69	5324.87
191.75	5368.41
191.80	5399.98
191.85	5418.85
191.91	5440.69
191.96	5464.82
192.02	5495.58
192.07	5509.86
192.13	5507.89
192.18	5462.63
192.24	5347.55
192.29	5156.97
192.35	4934.88
192.40	4753.06
192.46	4645.85
192.51	4641.73
192.57	4734.77
192.62	4905.98
192.67	5089.34
192.73	5267.52
192.78	5428.81
192.84	5578.76
192.89	5716.88
192.95	5844.67
193.00	5959.88
193.06	6068.49
193.11	6175.02
193.17	6265.78
193.22	6350.90
193.28	6436.71
193.33	6512.27
193.38	6577.40
193.44	6645.41
193.49	6715.21
193.55	6776.93
193.60	6835.58
193.66	6891.78
193.71	6939.69
193.77	6965.76
193.82	6985.68
193.88	7005.53
193.93	7029.71
193.98	7053.79
194.04	7094.47
194.09	7140.57
194.15	7191.33
194.20	7234.06
194.26	7279.52
194.31	7324.97
194.37	7351.09
194.42	7356.87
194.47	7353.04
194.53	7311.17
194.58	7222.54
194.64	7118.13
194.69	7024.57
194.75	6952.86
194.80	6936.89
194.86	6979.68
194.91	7069.53
194.97	7174.68
195.02	7289.39
195.07	7395.62
195.13	7500.81
195.18	7611.95
195.24	7717.03
195.29	7821.76
195.35	7923.20
195.40	8026.63
195.46	8106.37
195.51	8196.68
195.56	8276.14
195.62	8349.72
195.67	8410.84
195.73	8479.93
195.78	8530.71
195.84	8573.80
195.89	8610.41
195.94	8643.63
196.00	8675.28
196.05	8707.69
196.11	8754.54
196.16	8803.88
196.22	8858.37
196.27	8916.69
196.32	8972.77
196.38	9015.96
196.43	9064.43
196.49	9104.69
196.54	9140.43
196.60	9183.14
196.65	9232.99
196.71	9277.13
196.76	9323.24
196.81	9361.01
196.87	9394.47
196.92	9422.39
196.98	9440.09
197.03	9447.22
197.09	9442.41
197.14	9437.46
197.19	9435.24
197.25	9449.45
197.30	9481.03
197.36	9534.18
197.41	9597.35
197.47	9655.81
197.52	9717.54
197.57	9780.90
197.63	9834.85
197.68	9886.33
197.74	9942.13
197.79	9985.90
197.84	10027.84
197.90	10077.24
197.95	10119.42
198.01	10161.26
198.06	10205.46
198.12	10251.54
198.17	10289.44
198.22	10331.98
198.28	10371.67
198.33	10414.18
198.39	10452.18
198.44	10497.05
198.49	10546.08
198.55	10592.91
198.60	10642.79
198.66	10686.76
198.71	10736.66
198.77	10778.22
198.82	10828.75
198.87	10871.95
198.93	10920.78
198.98	10965.19
199.04	11013.83
199.09	11053.46
199.14	11096.31
199.20	11137.04
199.25	11175.32
199.31	11215.28
199.36	11260.16
199.42	11305.26
199.47	11352.98
199.52	11397.46
199.58	11441.09
199.63	11468.65
199.69	11502.53
199.74	11528.66
199.79	11553.36
199.85	11578.84
199.90	11619.28
199.96	11653.74
200.01	11702.58
200.06	11754.58
200.12	11803.49
200.17	11853.70
200.23	11908.64
200.28	11947.97
200.33	12000.38
200.39	12043.36
200.44	12088.19
200.50	12124.85
200.55	12167.72
200.60	12198.18
200.66	12240.91
200.71	12272.49
200.77	12316.23
200.82	12354.32
200.87	12396.88
200.93	12429.71
200.98	12474.34
201.04	12508.52
201.09	12552.38
201.14	12601.18
201.20	12655.69
201.25	12710.97
201.31	12769.08
201.36	12829.63
201.41	12883.48
201.47	12937.43
201.52	12989.65
201.58	13048.06
201.63	13097.30
201.68	13147.69
201.74	13198.16
201.79	13244.02
201.84	13297.29
201.90	13344.52
201.95	13395.85
202.01	13450.73
202.06	13507.98
202.11	13546.77
202.17	13592.34
202.22	13637.08
202.28	13676.49
202.33	13710.45
202.38	13753.58
202.44	13805.38
202.49	13848.27
202.54	13901.28
202.60	13949.99
202.65	13998.24
202.71	14037.79
202.76	14080.85
202.81	14114.20
202.87	14164.18
202.92	14211.72
202.98	14263.08
203.03	14317.07
203.08	14374.53
203.14	14424.46
203.19	14478.22
203.24	14535.10
203.30	14590.19
203.35	14637.43
203.41	14685.15
203.46	14729.80
203.51	14767.62
203.57	14807.45
203.62	14860.43
203.67	14914.46
203.73	14958.26
203.78	15009.53
203.84	15066.19
203.89	15111.17
203.94	15151.16
204.00	15197.58
204.05	15248.74
204.10	15279.79
204.16	15316.58
204.21	15361.28
204.27	15402.53
204.32	15430.43
204.37	15468.97
204.43	15502.63
204.48	15531.79
204.53	15563.02
204.59	15604.69
204.64	15667.83
204.69	15736.94
204.75	15808.84
204.80	15889.67
204.86	15963.88
204.91	16015.67
204.96	16068.56
205.02	16117.63
205.07	16167.64
205.12	16225.11
205.18	16292.37
205.23	16360.77
205.28	16437.86
205.34	16503.83
205.39	16569.32
205.45	16631.45
205.50	16691.70
205.55	16747.03
205.61	16808.28
205.66	16863.50
205.71	16927.30
205.77	16984.99
205.82	17046.15
205.87	17099.36
205.93	17154.87
205.98	17199.92
206.03	17244.63
206.09	17287.78
206.14	17345.10
206.20	17399.85
206.25	17457.39
206.30	17519.88
206.36	17581.04
206.41	17642.33
206.46	17691.41
206.52	17731.77
206.57	17778.87
206.62	17818.64
206.68	17854.40
206.73	17905.62
206.78	17968.50
206.84	18018.76
206.89	18081.41
206.94	18143.23
207.00	18214.01
207.05	18275.66
207.11	18345.93
207.16	18407.40
207.21	18469.70
207.27	18521.79
207.32	18577.13
207.37	18637.61
207.43	18692.08
207.48	18743.27
207.53	18794.10
207.59	18848.26
207.64	18904.83
207.69	18972.14
207.75	19038.43
207.80	19095.32
207.85	19157.30
207.91	19207.09
207.96	19259.46
208.01	19315.74
208.07	19378.94
208.12	19439.46
208.17	19491.96
208.23	19541.28
208.28	19586.62
208.33	19644.36
208.39	19699.53
208.44	19770.35
208.49	19834.64
208.55	19900.53
208.60	19953.14
208.65	20001.64
208.71	20047.58
208.76	20097.88
208.81	20156.83
208.87	20224.03
208.92	20289.84
208.97	20352.69
209.03	20413.14
209.08	20472.11
209.13	20522.93
209.19	20577.14
209.24	20635.71
209.29	20700.14
209.35	20754.03
209.40	20818.20
209.45	20885.27
209.51	20951.07
209.56	21012.85
209.61	21084.85
209.67	21146.23
209.72	21205.58
209.77	21262.94
209.83	21323.98
209.88	21383.87
209.93	21451.75
209.99	21516.14
210.04	21582.33
210.09	21652.21
210.15	21712.29
210.20	21771.02
210.25	21835.04
210.31	21898.53
210.36	21947.08
210.41	22002.26
210.46	22062.62
210.52	22116.37
210.57	22164.16
210.62	22226.02
210.68	22291.91
210.73	22341.80
210.78	22403.99
210.84	22467.31
210.89	22527.64
210.94	22582.05
211.00	22643.41
211.05	22690.33
211.10	22749.43
211.16	22810.12
211.21	22875.07
211.26	22941.37
211.32	23018.46
211.37	23085.82
211.42	23147.75
211.47	23215.02
211.53	23276.63
211.58	23337.36
211.63	23396.14
211.69	23455.13
211.74	23504.81
211.79	23555.71
211.85	23611.55
211.90	23677.31
211.95	23749.45
212.01	23818.72
212.06	23896.40
212.11	23975.57
212.16	24047.00
212.22	24116.73
212.27	24182.41
212.32	24246.82
212.38	24303.45
212.43	24362.66
212.48	24422.60
212.54	24496.23
212.59	24571.59
212.64	24640.86
212.69	24703.34
212.75	24768.25
212.80	24826.62
212.85	24886.63
212.91	24944.67
212.96	25005.83
213.01	25062.38
213.07	25120.76
213.12	25186.46
213.17	25248.92
213.22	25318.32
213.28	25386.58
213.33	25440.71
213.38	25492.61
213.44	25550.90
213.49	25618.97
213.54	25692.10
213.60	25781.07
213.65	25860.07
213.70	25946.33
213.75	26013.62
213.81	26073.87
213.86	26131.22
213.91	26188.19
213.97	26232.05
214.02	26281.14
214.07	26325.83
214.12	26370.76
214.18	26422.80
214.23	26485.21
214.28	26539.24
214.34	26596.78
214.39	26657.90
214.44	26705.90
214.49	26741.90
214.55	26775.49
214.60	26799.16
214.65	26819.25
214.71	26837.03
214.76	26884.29
214.81	26957.94
214.86	27063.80
214.92	27164.73
214.97	27274.33
215.02	27370.73
215.08	27457.52
215.13	27531.33
215.18	27593.23
215.23	27658.16
215.29	27724.43
215.34	27794.08
215.39	27867.43
215.45	27966.49
215.50	28065.40
215.55	28158.53
215.60	28237.65
215.66	28299.96
215.71	28362.35
215.76	28428.85
215.81	28487.25
215.87	28545.50
215.92	28606.20
215.97	28654.42
216.03	28708.14
216.08	28763.04
216.13	28822.83
216.18	28891.20
216.24	28963.90
216.29	29019.21
216.34	29074.71
216.39	29134.64
216.45	29186.37
216.50	29237.76
216.55	29295.35
216.61	29365.21
216.66	29422.26
216.71	29489.31
216.76	29554.86
216.82	29630.82
216.87	29695.93
216.92	29778.68
216.97	29843.24
217.03	29912.33
217.08	29981.06
217.13	30059.03
217.18	30129.59
217.24	30199.12
217.29	30267.10
217.34	30319.36
217.39	30363.94
217.45	30405.15
217.50	30460.55
217.55	30518.53
217.61	30586.88
217.66	30657.23
217.71	30719.59
217.76	30798.08
217.82	30877.46
217.87	30951.05
217.92	31024.19
217.97	31102.80
218.03	31165.99
218.08	31207.08
218.13	31251.60
218.18	31295.20
218.24	31358.29
218.29	31399.80
218.34	31465.55
218.39	31530.53
218.45	31599.71
218.50	31654.59
218.55	31728.72
218.60	31796.21
218.66	31847.24
218.71	31905.55
218.76	31964.22
218.81	32025.62
218.87	32086.95
218.92	32163.09
218.97	32241.41
219.02	32310.96
219.08	32373.87
219.13	32442.20
219.18	32509.22
219.23	32563.84
219.29	32624.09
219.34	32683.93
219.39	32747.42
219.44	32808.51
219.50	32883.22
219.55	32946.12
219.60	33017.18
219.65	33088.11
219.71	33155.27
219.76	33200.20
219.81	33255.68
219.86	33310.88
219.92	33351.62
219.97	33401.04
220.02	33457.58
220.07	33517.35
220.13	33579.88
220.18	33648.67
220.23	33718.14
220.28	33803.22
220.33	33881.83
220.39	33947.14
220.44	34008.71
220.49	34071.25
220.54	34110.80
220.60	34160.86
220.65	34219.54
220.70	34283.20
220.75	34350.60
220.81	34436.78
220.86	34515.27
220.91	34588.04
220.96	34654.89
221.02	34723.62
221.07	34786.82
221.12	34839.53
221.17	34896.77
221.22	34957.33
221.28	35008.50
221.33	35062.25
221.38	35127.32
221.43	35199.81
221.49	35265.78
221.54	35330.51
221.59	35398.60
221.64	35479.42
221.69	35569.98
221.75	35667.87
221.80	35767.66
221.85	35844.19
221.90	35911.30
221.96	35965.48
222.01	36001.70
222.06	36038.89
222.11	36090.61
222.17	36131.87
222.22	36160.48
222.27	36204.99
222.32	36248.72
222.37	36300.80
222.43	36369.58
222.48	36435.96
222.53	36511.05
222.58	36594.31
222.63	36664.05
222.69	36731.72
222.74	36812.16
222.79	36880.23
222.84	36929.07
222.90	36982.53
222.95	37024.01
223.00	37056.21
223.05	37109.74
223.10	37164.78
223.16	37222.07
223.21	37276.16
223.26	37326.27
223.31	37360.46
223.36	37401.16
223.42	37438.14
223.47	37473.46
223.52	37521.62
223.57	37566.78
223.63	37621.90
223.68	37677.03
223.73	37746.98
223.78	37820.19
223.83	37888.96
223.89	37941.56
223.94	38009.19
223.99	38071.51
224.04	38138.50
224.09	38215.83
224.15	38309.94
224.20	38383.02
224.25	38471.88
224.30	38551.81
224.35	38640.80
224.41	38731.96
224.46	38837.29
224.51	38918.32
224.56	39003.31
224.61	39073.73
224.67	39151.64
224.72	39217.95
224.77	39318.16
224.82	39417.05
224.87	39506.12
224.93	39584.27
224.98	39671.38
225.03	39749.89
225.08	39832.87
225.13	39925.95
225.19	40019.53
225.24	40112.57
225.29	40196.61
225.34	40275.72
225.39	40351.26
225.45	40430.24
225.50	40509.55
225.55	40590.03
225.60	40673.01
225.65	40768.97
225.71	40860.79
225.76	40944.79
225.81	41028.59
225.86	41104.67
225.91	41176.21
225.97	41240.81
226.02	41310.71
226.07	41355.48
226.12	41415.12
226.17	41471.81
226.22	41546.49
226.28	41630.60
226.33	41744.26
226.38	41842.85
226.43	41944.41
226.48	42026.41
226.54	42097.51
226.59	42167.99
226.64	42236.25
226.69	42293.07
226.74	42349.63
226.80	42414.45
226.85	42467.34
226.90	42529.07
226.95	42607.18
227.00	42697.43
227.05	42786.81
227.11	42894.92
227.16	42990.73
227.21	43076.02
227.26	43160.78
227.31	43239.34
227.37	43290.98
227.42	43361.47
227.47	43437.30
227.52	43500.05
227.57	43555.30
227.62	43643.71
227.68	43713.64
227.73	43792.19
227.78	43877.18
227.83	43976.10
227.88	44036.93
227.93	44113.53
227.99	44189.36
228.04	44265.13
228.09	44339.69
228.14	44409.92
228.19	44478.03
228.24	44541.27
228.30	44613.35
228.35	44670.75
228.40	44746.52
228.45	44815.71
228.50	44887.54
228.56	44941.34
228.61	45002.31
228.66	45061.58
228.71	45113.01
228.76	45155.02
228.81	45204.51
228.87	45254.25
228.92	45315.06
228.97	45372.03
229.02	45461.93
229.07	45536.18
229.12	45620.95
229.17	45690.07
229.23	45773.81
229.28	45847.33
229.33	45926.68
229.38	46000.32
229.43	46072.22
229.48	46155.67
229.54	46213.76
229.59	46273.73
229.64	46342.48
229.69	46429.08
229.74	46512.73
229.79	46593.34
229.85	46670.53
229.90	46738.69
229.95	46800.08
230.00	46852.36
230.05	46928.10
230.10	47001.86
230.16	47081.07
230.21	47143.65
230.26	47197.51
230.31	47242.80
230.36	47305.51
230.41	47356.22
230.46	47441.85
230.52	47539.77
230.57	47627.75
230.62	47706.86
230.67	47782.68
230.72	47840.17
230.77	47877.25
230.82	47913.15
230.88	47951.90
230.93	47990.96
230.98	48020.79
231.03	48074.43
231.08	48131.31
231.13	48178.68
231.19	48246.87
231.24	48331.47
231.29	48414.17
231.34	48494.83
231.39	48576.93
231.44	48645.06
231.49	48696.61
231.55	48733.86
231.60	48763.31
231.65	48816.94
231.70	48859.88
231.75	48906.72
231.80	48962.44
231.85	49024.67
231.91	49057.97
231.96	49104.08
232.01	49166.25
232.06	49231.07
232.11	49294.19
232.16	49383.29
232.21	49473.96
232.26	49561.86
232.32	49641.77
232.37	49720.17
232.42	49781.45
232.47	49833.61
232.52	49874.31
232.57	49918.43
232.62	49970.42
232.68	50027.66
232.73	50095.82
232.78	50178.20
232.83	50257.70
232.88	50332.50
232.93	50408.84
232.98	50479.31
233.03	50523.81
233.09	50585.78
233.14	50659.28
233.19	50714.61
233.24	50768.18
233.29	50818.79
233.34	50844.33
233.39	50858.39
233.45	50892.36
233.50	50920.42
233.55	50973.81
233.60	51045.25
233.65	51109.36
233.70	51169.36
233.75	51232.15
233.80	51281.96
233.86	51333.41
233.91	51389.00
233.96	51437.22
234.01	51484.45
234.06	51541.56
234.11	51600.90
234.16	51651.53
234.21	51713.48
234.26	51759.29
234.32	51791.49
234.37	51828.13
234.42	51863.10
234.47	51889.58
234.52	51921.03
234.57	51964.73
234.62	51999.07
234.67	52050.04
234.73	52097.07
234.78	52160.44
234.83	52203.38
234.88	52248.25
234.93	52282.40
234.98	52332.20
235.03	52371.41
235.08	52446.90
235.13	52511.88
235.19	52586.67
235.24	52639.70
235.29	52707.00
235.34	52736.63
235.39	52764.65
235.44	52790.58
235.49	52829.90
235.54	52854.32
235.59	52878.91
235.65	52917.97
235.70	52949.66
235.75	52985.47
235.80	53039.01
235.85	53100.93
235.90	53144.39
235.95	53172.85
236.00	53204.96
236.05	53221.70
236.11	53249.66
236.16	53283.04
236.21	53331.06
236.26	53365.69
236.31	53396.62
236.36	53419.90
236.41	53438.95
236.46	53455.47
236.51	53479.87
236.56	53513.98
236.62	53541.18
236.67	53578.04
236.72	53620.15
236.77	53639.24
236.82	53674.80
236.87	53697.86
236.92	53713.50
236.97	53747.90
237.02	53803.68
237.07	53848.89
237.13	53905.80
237.18	53966.44
237.23	54010.64
237.28	54041.49
237.33	54075.28
237.38	54097.51
237.43	54115.27
237.48	54119.44
237.53	54149.78
237.58	54181.16
237.63	54234.61
237.69	54286.08
237.74	54340.44
237.79	54374.03
237.84	54381.52
237.89	54378.23
237.94	54374.06
237.99	54392.64
238.04	54410.43
238.09	54437.38
238.14	54464.47
238.19	54495.54
238.25	54513.95
238.30	54505.90
238.35	54506.59
238.40	54503.72
238.45	54499.29
238.50	54500.78
238.55	54515.68
238.60	54545.89
238.65	54577.02
238.70	54597.48
238.75	54613.09
238.80	54648.84
238.86	54659.63
238.91	54669.61
238.96	54707.35
239.01	54746.24
239.06	54772.24
239.11	54797.33
239.16	54831.47
239.21	54831.58
239.26	54815.86
239.31	54826.21
239.36	54838.91
239.41	54846.48
239.46	54868.59
239.52	54908.03
239.57	54924.38
239.62	54934.06
239.67	54951.44
239.72	54981.16
239.77	54995.17
239.82	55005.53
239.87	55021.71
239.92	55026.88
239.97	55018.20
240.02	55007.46
240.07	54995.63
240.12	54994.89
240.17	55008.06
240.23	55010.94
240.28	55022.01
240.33	55038.76
240.38	55033.70
240.43	55035.45
240.48	55060.63
240.53	55077.88
240.58	55096.30
240.63	55136.99
240.68	55138.98
240.73	55124.21
240.78	55119.89
240.83	55122.50
240.88	55101.75
240.93	55088.37
240.98	55079.00
241.04	55087.91
241.09	55097.36
241.14	55112.22
241.19	55167.04
241.24	55212.69
241.29	55234.42
241.34	55253.57
241.39	55278.50
241.44	55278.00
241.49	55274.47
241.54	55274.45
241.59	55271.52
241.64	55265.93
241.69	55257.92
241.74	55251.80
241.79	55230.66
241.84	55208.72
241.90	55189.37
241.95	55165.31
242.00	55141.47
242.05	55126.40
242.10	55120.07
242.15	55105.35
242.20	55096.02
242.25	55091.99
242.30	55082.85
242.35	55070.76
242.40	55069.68
242.45	55066.40
242.50	55062.48
242.55	55065.78
242.60	55066.52
242.65	55060.27
242.70	55068.65
242.75	55088.68
242.80	55130.56
242.85	55163.21
242.91	55182.65
242.96	55179.38
243.01	55168.37
243.06	55134.38
243.11	55099.50
243.16	55081.13
243.21	55073.46
243.26	55077.38
243.31	55089.19
243.36	55100.15
243.41	55117.18
243.46	55117.84
243.51	55086.88
243.56	55032.72
243.61	54978.17
243.66	54932.21
243.71	54907.05
243.76	54900.92
243.81	54919.93
243.86	54931.48
243.91	54941.60
243.96	54931.81
244.01	54913.47
244.06	54892.18
244.12	54878.43
244.17	54851.98
244.22	54850.99
244.27	54877.59
244.32	54901.92
244.37	54928.31
244.42	54942.96
244.47	54941.88
244.52	54912.90
244.57	54877.06
244.62	54843.46
244.67	54822.15
244.72	54792.53
244.77	54794.39
244.82	54811.93
244.87	54841.01
244.92	54862.68
244.97	54884.67
245.02	54877.76
245.07	54864.54
245.12	54840.74
245.17	54824.33
245.22	54817.42
245.27	54809.32
245.32	54768.70
245.37	54731.66
245.42	54686.65
245.47	54651.97
245.52	54611.06
245.57	54600.12
245.62	54582.11
245.67	54576.23
245.72	54558.70
245.77	54537.18
245.82	54516.94
245.87	54519.28
245.92	54523.47
245.98	54519.32
246.03	54521.98
246.08	54526.24
246.13	54513.45
246.18	54506.63
246.23	54507.46
246.28	54504.42
246.33	54501.37
246.38	54475.13
246.43	54445.33
246.48	54425.25
246.53	54423.58
246.58	54425.14
246.63	54431.09
246.68	54427.89
246.73	54411.81
246.78	54379.94
246.83	54330.46
246.88	54284.39
246.93	54222.45
246.98	54168.51
247.03	54122.12
247.08	54102.91
247.13	54092.40
247.18	54100.46
247.23	54125.88
247.28	54146.31
247.33	54136.48
247.38	54121.27
247.43	54109.58
247.48	54087.17
247.53	54057.90
247.58	54028.19
247.63	54002.42
247.68	53959.38
247.73	53899.85
247.78	53858.48
247.83	53828.38
247.88	53800.40
247.93	53791.08
247.98	53792.44
248.03	53802.49
248.08	53814.21
248.13	53813.02
248.18	53805.98
248.23	53800.84
248.28	53766.68
248.33	53718.75
248.38	53692.64
248.43	53664.61
248.48	53647.98
248.53	53635.18
248.58	53631.60
248.63	53619.91
248.68	53601.19
248.73	53565.08
248.78	53529.63
248.83	53477.41
248.88	53412.02
248.93	53341.39
248.98	53268.09
249.03	53228.26
249.08	53200.50
249.13	53200.86
249.18	53199.32
249.23	53215.84
249.28	53205.53
249.33	53206.66
249.38	53188.21
249.43	53175.23
249.48	53155.43
249.53	53139.32
249.58	53115.08
249.63	53095.83
249.68	53080.77
249.73	53056.89
249.78	53038.14
249.83	53033.59
249.88	53004.64
249.93	52986.13
249.98	52982.62
250.03	52974.30
250.08	52945.07
250.13	52941.15
250.18	52913.93
250.23	52865.54
250.28	52820.06
250.33	52769.67
250.37	52726.23
250.42	52694.67
250.47	52663.57
250.52	52648.46
250.57	52622.94
250.62	52583.96
250.67	52545.19
250.72	52533.00
250.77	52481.98
250.82	52468.15
250.87	52467.19
250.92	52461.48
250.97	52435.75
251.02	52433.19
251.07	52432.84
251.12	52410.62
251.17	52381.98
251.22	52349.65
251.27	52310.57
251.32	52266.32
251.37	52220.62
251.42	52175.29
251.47	52141.26
251.52	52116.00
251.57	52094.68
251.62	52086.17
251.67	52072.61
251.72	52052.89
251.77	52025.53
251.82	51982.64
251.87	51934.00
251.92	51892.57
251.97	51839.84
252.02	51787.66
252.07	51756.10
252.12	51731.72
252.16	51720.39
252.21	51714.06
252.26	51726.81
252.31	51726.22
252.36	51723.27
252.41	51701.25
252.46	51680.48
252.51	51648.44
252.56	51620.24
252.61	51593.91
252.66	51574.43
252.71	51554.66
252.76	51526.91
252.81	51482.28
252.86	51423.97
252.91	51370.12
252.96	51307.41
253.01	51241.36
253.06	51185.04
253.11	51138.29
253.16	51095.08
253.21	51046.80
253.26	51012.29
253.31	50982.51
253.36	50965.89
253.40	50935.20
253.45	50930.81
253.50	50893.99
253.55	50853.74
253.60	50798.84
253.65	50762.85
253.70	50718.97
253.75	50707.43
253.80	50690.57
253.85	50686.72
253.90	50689.05
253.95	50682.96
254.00	50678.86
254.05	50665.21
254.10	50628.86
254.15	50590.14
254.20	50566.33
254.25	50520.85
254.30	50489.04
254.35	50455.24
254.39	50394.54
254.44	50316.46
254.49	50237.39
254.54	50210.82
254.59	50177.03
254.64	50166.50
254.69	50165.36
254.74	50174.43
254.79	50144.71
254.84	50118.13
254.89	50096.09
254.94	50075.07
254.99	50055.48
255.04	50030.75
255.09	50020.37
255.14	49993.76
255.19	49977.83
255.23	49969.70
255.28	49958.78
255.33	49943.83
255.38	49937.72
255.43	49917.19
255.48	49888.95
255.53	49845.76
255.58	49809.75
255.63	49778.12
255.68	49734.96
255.73	49694.98
255.78	49669.16
255.83	49645.44
255.88	49619.12
255.93	49595.45
255.97	49571.97
256.02	49530.77
256.07	49488.30
256.12	49421.06
256.17	49370.30
256.22	49316.41
256.27	49279.38
256.32	49239.89
256.37	49215.29
256.42	49195.01
256.47	49174.46
256.52	49141.99
256.57	49113.00
256.62	49097.18
256.66	49080.20
256.71	49048.68
256.76	49009.82
256.81	48968.13
256.86	48917.08
256.91	48863.05
256.96	48827.38
257.01	48802.83
257.06	48780.80
257.11	48751.94
257.16	48702.84
257.21	48662.09
257.26	48624.52
257.30	48586.20
257.35	48540.20
257.40	48520.65
257.45	48501.24
257.50	48463.64
257.55	48428.63
257.60	48412.79
257.65	48386.03
257.70	48342.05
257.75	48311.73
257.80	48279.18
257.85	48247.68
257.89	48203.96
257.94	48152.85
257.99	48091.77
258.04	48035.33
258.09	47985.36
258.14	47959.34
258.19	47944.68
258.24	47927.88
258.29	47892.82
258.34	47857.63
258.39	47819.63
258.44	47761.21
258.48	47710.38
258.53	47679.27
258.58	47637.28
258.63	47578.98
258.68	47530.55
258.73	47497.04
258.78	47454.47
258.83	47412.34
258.88	47385.71
258.93	47356.26
258.97	47324.53
259.02	47298.31
259.07	47267.99
259.12	47241.79
259.17	47226.62
259.22	47204.98
259.27	47184.23
259.32	47171.28
259.37	47125.47
259.42	47086.66
259.47	47039.89
259.51	46984.26
259.56	46918.58
259.61	46845.38
259.66	46765.63
259.71	46696.60
259.76	46638.99
259.81	46582.95
259.86	46551.23
259.91	46515.49
259.95	46491.46
260.00	46472.00
260.05	46452.95
260.10	46437.98
260.15	46429.67
260.20	46414.68
260.25	46402.74
260.30	46390.02
260.35	46359.92
260.40	46331.28
260.44	46306.90
260.49	46273.00
260.54	46234.68
260.59	46211.70
260.64	46197.91
260.69	46188.35
260.74	46160.91
260.79	46129.11
260.84	46090.06
260.88	46027.75
260.93	45948.56
260.98	45905.45
261.03	45862.83
261.08	45835.51
261.13	45802.98
261.18	45768.65
261.23	45707.23
261.28	45668.87
261.32	45621.63
261.37	45575.86
261.42	45548.02
261.47	45532.10
261.52	45486.62
261.57	45436.19
261.62	45395.16
261.67	45341.16
261.71	45271.72
261.76	45226.48
261.81	45175.38
261.86	45125.22
261.91	45084.42
261.96	45051.02
262.01	45016.78
262.06	44995.88
262.10	44981.11
262.15	44955.82
262.20	44942.39
262.25	44917.63
262.30	44900.90
262.35	44880.34
262.40	44858.08
262.45	44822.82
262.49	44797.47
262.54	44763.41
262.59	44732.35
262.64	44706.68
262.69	44666.46
262.74	44623.37
262.79	44564.33
262.84	44515.89
262.88	44461.44
262.93	44417.70
262.98	44374.68
263.03	44339.03
263.08	44281.81
263.13	44217.10
263.18	44154.51
263.23	44087.02
263.27	44033.87
263.32	43999.14
263.37	43979.45
263.42	43967.35
263.47	43951.02
263.52	43932.03
263.57	43896.32
263.61	43857.03
263.66	43813.98
263.71	43774.66
263.76	43742.58
263.81	43706.97
263.86	43683.09
263.91	43638.02
263.95	43579.70
264.00	43513.67
264.05	43459.11
264.10	43386.32
264.15	43324.67
264.20	43285.74
264.25	43244.23
264.29	43203.27
264.34	43149.28
264.39	43115.86
264.44	43064.04
264.49	43017.14
264.54	42977.46
264.59	42947.78
264.63	42902.83
264.68	42853.97
264.73	42802.25
264.78	42751.87
264.83	42693.76
264.88	42650.60
264.93	42632.38
264.97	42613.87
265.02	42583.49
265.07	42567.05
265.12	42524.81
265.17	42477.63
265.22	42431.63
265.27	42376.84
265.31	42319.65
265.36	42261.33
265.41	42198.31
265.46	42138.40
265.51	42067.24
265.56	41999.41
265.60	41950.02
265.65	41888.76
265.70	41829.93
265.75	41781.62
265.80	41734.99
265.85	41674.00
265.90	41620.56
265.94	41564.82
265.99	41509.83
266.04	41455.07
266.09	41421.23
266.14	41389.53
266.19	41348.89
266.23	41314.14
266.28	41270.50
266.33	41232.91
266.38	41204.01
266.43	41183.61
266.48	41169.03
266.52	41150.93
266.57	41116.67
266.62	41065.02
266.67	41014.77
266.72	40958.53
266.77	40924.33
266.81	40895.83
266.86	40878.82
266.91	40850.27
266.96	40812.20
267.01	40768.31
267.06	40716.11
267.10	40662.81
267.15	40613.69
267.20	40584.25
267.25	40550.75
267.30	40516.70
267.35	40479.60
267.39	40435.83
267.44	40395.44
267.49	40342.40
267.54	40299.70
267.59	40254.35
267.64	40209.41
267.68	40142.70
267.73	40095.38
267.78	40046.96
267.83	40016.86
267.88	40002.48
267.93	40004.58
267.97	39985.55
268.02	39950.76
268.07	39901.94
268.12	39847.75
268.17	39781.74
268.21	39732.90
268.26	39683.79
268.31	39639.51
268.36	39592.26
268.41	39548.41
268.46	39503.08
268.50	39465.77
268.55	39418.92
268.60	39358.15
268.65	39294.26
268.70	39222.82
268.74	39161.45
268.79	39086.85
268.84	39041.72
268.89	39003.38
268.94	38969.43
268.99	38926.71
269.03	38894.56
269.08	38842.75
269.13	38767.96
269.18	38678.30
269.23	38580.08
269.27	38473.78
269.32	38345.08
269.37	38227.07
269.42	38100.45
269.47	37963.68
269.51	37821.07
269.56	37683.27
269.61	37541.92
269.66	37389.50
269.71	37238.50
269.76	37094.72
269.80	36947.86
269.85	36794.98
269.90	36662.53
269.95	36513.08
270.00	36355.90
270.04	36201.78
270.09	36057.37
270.14	35908.86
270.19	35772.38
270.24	35642.92
270.28	35495.01
270.33	35327.49
270.38	35148.98
270.43	34976.39
270.48	34800.78
270.52	34649.74
270.57	34490.29
270.62	34338.63
270.67	34187.14
270.72	34028.81
270.76	33842.30
270.81	33674.85
270.86	33509.83
270.91	33334.39
270.96	33163.00
271.00	33010.51
271.05	32859.14
271.10	32717.64
271.15	32585.16
271.20	32460.33
271.24	32324.33
271.29	32185.33
271.34	32036.88
271.39	31884.33
271.44	31735.10
271.48	31601.72
271.53	31460.50
271.58	31311.89
271.63	31170.50
271.67	31017.72
271.72	30869.18
271.77	30727.06
271.82	30599.04
271.87	30457.51
271.91	30301.95
271.96	30157.23
272.01	30018.04
272.06	29881.71
272.11	29769.10
272.15	29677.48
272.20	29574.30
272.25	29479.03
272.30	29382.96
272.35	29268.98
272.39	29158.53
272.44	29038.94
272.49	28904.91
272.54	28760.98
272.58	28616.91
272.63	28465.31
272.68	28317.75
272.73	28159.19
272.78	27984.79
272.82	27788.64
272.87	27563.13
272.92	27272.67
272.97	26747.31
273.01	23800.96
273.06	18869.38
273.11	13438.82
273.16	8105.86
273.21	3051.66
273.25	460.24
273.30	-88.62
273.35	-90.25
