165.32	3385.25
165.38	-248.02
165.44	597.22
165.50	-76.62
165.55	-17.51
165.61	5.52
165.67	34.14
165.72	43.63
165.78	49.37
165.84	47.98
165.89	45.02
165.95	43.47
166.01	42.96
166.06	44.24
166.12	46.55
166.18	44.82
166.23	46.33
166.29	45.79
166.35	42.72
166.40	41.74
166.46	48.38
166.52	50.82
166.57	51.84
166.63	52.41
166.69	54.90
166.74	48.61
166.80	49.64
166.86	51.25
166.91	51.91
166.97	46.71
167.03	49.11
167.08	42.95
167.14	42.14
167.20	40.23
167.25	52.60
167.31	53.04
167.37	58.73
167.42	60.71
167.48	66.73
167.54	61.29
167.59	60.73
167.65	56.25
167.71	55.75
167.76	54.83
167.82	50.43
167.88	50.48
167.93	58.21
167.99	56.93
168.05	58.64
168.10	66.63
168.16	66.12
168.21	64.37
168.27	69.03
168.33	70.75
168.38	63.16
168.44	67.82
168.50	65.84
168.55	64.69
168.61	65.53
168.67	67.51
168.72	64.36
168.78	65.01
168.84	60.67
168.89	59.27
168.95	59.96
169.01	59.43
169.06	58.43
169.12	57.56
169.18	55.88
169.23	55.78
169.29	59.77
169.34	64.86
169.40	67.51
169.46	71.60
169.51	73.46
169.57	69.60
169.63	64.99
169.68	69.88
169.74	66.28
169.80	72.13
169.85	73.21
169.91	77.59
169.97	73.67
170.02	73.58
170.08	72.57
170.13	72.84
170.19	72.32
170.25	73.68
170.30	77.82
170.36	69.97
170.42	72.08
170.47	72.65
170.53	74.41
170.59	71.90
170.64	75.65
170.70	74.02
170.76	72.25
170.81	73.64
170.87	72.45
170.92	72.91
170.98	75.37
171.04	77.60
171.09	73.65
171.15	81.72
171.21	82.78
171.26	80.03
171.32	77.66
171.37	81.17
171.43	75.43
171.49	79.63
171.54	83.03
171.60	84.50
171.66	86.25
171.71	86.46
171.77	84.22
171.83	90.59
171.88	89.54
171.94	89.36
171.99	93.98
172.05	92.87
172.11	93.67
172.16	102.55
172.22	103.06
172.28	102.96
172.33	101.33
172.39	98.03
172.44	94.28
172.50	99.70
172.56	99.38
172.61	107.74
172.67	107.44
172.72	107.25
172.78	101.86
172.84	96.93
172.89	90.07
172.95	89.11
173.01	90.44
173.06	88.93
173.12	94.68
173.17	96.44
173.23	95.98
173.29	95.61
173.34	97.26
173.40	91.83
173.46	92.06
173.51	94.82
173.57	95.07
173.62	89.47
173.68	95.91
173.74	94.79
173.79	96.31
173.85	93.55
173.90	96.70
173.96	93.15
174.02	90.11
174.07	82.05
174.13	81.43
174.18	83.79
174.24	77.23
174.30	77.96
174.35	83.32
174.41	80.21
174.47	73.92
174.52	75.32
174.58	74.31
174.63	69.85
174.69	69.42
174.75	71.95
174.80	82.90
174.86	80.46
174.91	81.09
174.97	80.73
175.03	77.46
175.08	64.79
175.14	71.34
175.19	67.49
175.25	68.06
175.31	72.87
175.36	74.75
175.42	71.83
175.47	76.63
175.53	76.73
175.59	72.91
175.64	74.53
175.70	72.69
175.75	67.91
175.81	66.54
175.87	67.80
175.92	64.10
175.98	65.94
176.03	65.87
176.09	66.26
176.15	66.44
176.20	67.88
176.26	66.83
176.31	70.54
176.37	67.96
176.42	68.68
176.48	71.71
176.54	69.69
176.59	66.45
176.65	69.69
176.70	71.15
176.76	70.37
176.82	68.08
176.87	64.94
176.93	64.62
176.98	63.36
177.04	58.75
177.10	63.83
177.15	66.01
177.21	66.74
177.26	65.75
177.32	69.33
177.37	71.23
177.43	74.70
177.49	71.40
177.54	69.01
177.60	69.75
177.65	70.49
177.71	65.07
177.77	68.20
177.82	69.59
177.88	73.27
177.93	67.98
177.99	74.43
178.04	69.90
178.10	70.49
178.16	63.88
178.21	65.37
178.27	62.51
178.32	66.41
178.38	65.21
178.43	66.18
178.49	65.98
178.55	65.30
178.60	64.51
178.66	63.90
178.71	66.18
178.77	64.05
178.82	64.68
178.88	64.40
178.94	64.90
178.99	65.57
179.05	69.91
179.10	66.19
179.16	68.79
179.21	71.20
179.27	69.97
179.33	65.67
179.38	69.50
179.44	67.89
179.49	67.77
179.55	65.23
179.60	65.31
179.66	64.27
179.72	66.25
179.77	63.93
179.83	63.54
179.88	64.96
179.94	66.15
179.99	62.34
180.05	62.96
180.11	63.85
180.16	66.54
180.22	69.13
180.27	74.08
180.33	74.66
180.38	78.76
180.44	74.26
180.49	73.98
180.55	71.71
180.61	75.97
180.66	70.89
180.72	69.71
180.77	67.57
180.83	67.42
180.88	64.20
180.94	64.06
180.99	67.07
181.05	67.27
181.11	68.23
181.16	68.64
181.22	70.07
181.27	72.53
181.33	71.03
181.38	67.89
181.44	68.20
181.49	72.57
181.55	73.30
181.61	79.74
181.66	82.72
181.72	81.32
181.77	78.43
181.83	75.68
181.88	80.37
181.94	82.18
181.99	87.35
182.05	87.55
182.11	88.84
182.16	79.77
182.22	76.86
182.27	71.75
182.33	74.31
182.38	73.29
182.44	78.13
182.49	80.46
182.55	83.03
182.60	82.83
182.66	86.88
182.72	89.34
182.77	91.41
182.83	94.38
182.88	97.30
182.94	97.99
182.99	94.95
183.05	93.81
183.10	95.93
183.16	94.53
183.21	95.16
183.27	102.21
183.32	105.34
183.38	107.60
183.44	113.97
183.49	118.69
183.55	118.58
183.60	124.50
183.66	129.62
183.71	137.14
183.77	143.41
183.82	151.98
183.88	161.50
183.93	172.01
183.99	184.60
184.04	199.76
184.10	210.74
184.15	221.82
184.21	233.98
184.27	235.47
184.32	236.56
184.38	235.30
184.43	232.38
184.49	217.69
184.54	204.19
184.60	197.12
184.65	185.72
184.71	177.80
184.76	179.95
184.82	195.70
184.87	210.70
184.93	233.38
184.98	258.85
185.04	288.42
185.09	310.75
185.15	335.14
185.20	365.83
185.26	398.15
185.31	423.78
185.37	449.73
185.43	468.33
185.48	486.46
185.54	508.08
185.59	533.17
185.65	557.63
185.70	597.08
185.76	640.82
185.81	674.09
185.87	709.57
185.92	752.08
185.98	786.13
186.03	802.84
186.09	806.05
186.14	784.90
186.20	735.30
186.25	655.38
186.31	575.43
186.36	513.41
186.42	485.74
186.47	496.35
186.53	542.21
186.58	608.68
186.64	680.08
186.69	749.97
186.75	808.48
186.80	865.24
186.86	921.63
186.91	980.22
186.97	1036.27
187.02	1107.69
187.08	1176.18
187.13	1236.09
187.19	1301.42
187.24	1370.06
187.30	1421.51
187.35	1473.95
187.41	1543.65
187.47	1609.48
187.52	1663.88
187.58	1721.28
187.63	1789.35
187.69	1852.38
187.74	1906.81
187.80	1954.79
187.85	2001.78
187.91	2025.88
187.96	2015.34
188.02	1953.44
188.07	1848.79
188.13	1692.73
188.18	1527.06
188.24	1402.54
188.29	1344.69
188.35	1352.47
188.40	1431.26
188.46	1555.01
188.51	1677.13
188.57	1802.31
188.62	1926.30
188.67	2042.15
188.73	2150.19
188.78	2256.98
188.84	2359.68
188.89	2460.06
188.95	2562.87
189.00	2651.42
189.06	2745.98
189.11	2836.98
189.17	2918.41
189.22	2991.69
189.28	3079.45
189.33	3156.09
189.39	3220.11
189.44	3285.49
189.50	3357.75
189.55	3426.01
189.61	3477.91
189.66	3537.30
189.72	3594.86
189.77	3644.95
189.83	3673.97
189.88	3685.99
189.94	3658.02
189.99	3581.18
190.05	3432.33
190.10	3217.41
190.16	2971.71
190.21	2754.18
190.27	2614.82
190.32	2579.08
190.38	2650.07
190.43	2802.32
190.49	2987.18
190.54	3151.68
190.60	3299.46
190.65	3431.57
190.71	3554.14
190.76	3671.60
190.81	3787.89
190.87	3901.15
190.92	4024.93
190.98	4139.04
191.03	4250.02
191.09	4369.37
191.14	4476.93
191.20	4563.41
191.25	4663.49
191.31	4762.57
191.36	4854.11
191.42	4944.45
191.47	5040.76
191.53	5135.22
191.58	5211.47
191.64	5276.52
191.69	5336.09
191.75	5384.11
191.80	5414.27
191.85	5435.40
191.91	5454.27
191.96	5478.25
192.02	5505.93
192.07	5517.71
192.13	5513.47
192.18	5470.32
192.24	5354.52
192.29	5163.57
192.35	4942.48
192.40	4761.56
192.46	4654.05
192.51	4649.55
192.57	4743.01
192.62	4917.58
192.67	5099.58
192.73	5275.49
192.78	5436.98
192.84	5584.15
192.89	5720.89
192.95	5850.16
193.00	5962.88
193.06	6072.00
193.11	6179.86
193.17	6269.88
193.22	6351.54
193.28	6441.83
193.33	6515.27
193.38	6581.70
193.44	6647.98
193.49	6721.58
193.55	6778.28
193.60	6836.27
193.66	6890.88
193.71	6938.30
193.77	6967.30
193.82	6990.56
193.88	7012.63
193.93	7038.39
193.98	7065.66
194.04	7104.64
194.09	7154.20
194.15	7205.63
194.20	7249.64
194.26	7291.97
194.31	7336.06
194.37	7360.02
194.42	7369.45
194.47	7361.78
194.53	7321.12
194.58	7232.57
194.64	7126.15
194.69	7027.81
194.75	6959.79
194.80	6945.32
194.86	6985.59
194.91	7076.05
194.97	7181.39
195.02	7289.23
195.07	7393.86
195.13	7495.09
195.18	7604.57
195.24	7712.11
195.29	7824.22
195.35	7924.85
195.40	8028.39
195.46	8110.94
195.51	8197.04
195.56	8274.07
195.62	8346.98
195.67	8410.46
195.73	8477.73
195.78	8531.90
195.84	8576.53
195.89	8614.87
195.94	8652.12
196.00	8689.65
196.05	8725.70
196.11	8770.10
196.16	8820.16
196.22	8871.33
196.27	8923.67
196.32	8975.28
196.38	9022.69
196.43	9071.28
196.49	9113.33
196.54	9147.69
196.60	9190.11
196.65	9232.26
196.71	9273.25
196.76	9316.07
196.81	9355.66
196.87	9388.43
196.92	9419.74
196.98	9438.15
197.03	9451.86
197.09	9448.84
197.14	9444.42
197.19	9439.84
197.25	9454.38
197.30	9477.96
197.36	9527.91
197.41	9592.40
197.47	9657.41
197.52	9716.32
197.57	9785.34
197.63	9842.04
197.68	9893.11
197.74	9946.81
197.79	9996.40
197.84	10036.33
197.90	10082.43
197.95	10121.36
198.01	10160.70
198.06	10206.69
198.12	10253.49
198.17	10295.18
198.22	10341.93
198.28	10383.00
198.33	10419.98
198.39	10458.43
198.44	10505.20
198.49	10551.50
198.55	10593.80
198.60	10639.73
198.66	10682.49
198.71	10730.89
198.77	10776.90
198.82	10828.17
198.87	10875.73
198.93	10923.52
198.98	10965.15
199.04	11007.46
199.09	11047.87
199.14	11092.97
199.20	11136.49
199.25	11178.15
199.31	11223.84
199.36	11272.28
199.42	11314.78
199.47	11353.58
199.52	11393.49
199.58	11424.01
199.63	11452.63
199.69	11485.87
199.74	11521.29
199.79	11544.67
199.85	11575.03
199.90	11611.87
199.96	11649.51
200.01	11692.65
200.06	11745.77
200.12	11797.94
200.17	11849.81
200.23	11902.10
200.28	11946.65
200.33	11996.02
200.39	12043.29
200.44	12089.33
200.50	12129.73
200.55	12170.27
200.60	12207.91
200.66	12244.71
200.71	12278.07
200.77	12318.38
200.82	12357.28
200.87	12394.82
200.93	12431.72
200.98	12474.25
201.04	12510.90
201.09	12557.55
201.14	12609.94
201.20	12661.79
201.25	12716.67
201.31	12773.61
201.36	12834.38
201.41	12889.37
201.47	12947.62
201.52	12997.49
201.58	13057.20
201.63	13102.69
201.68	13147.56
201.74	13197.92
201.79	13244.99
201.84	13295.56
201.90	13343.56
201.95	13398.53
202.01	13447.79
202.06	13505.42
202.11	13542.31
202.17	13590.89
202.22	13638.60
202.28	13682.09
202.33	13720.99
202.38	13765.68
202.44	13807.53
202.49	13847.52
202.54	13896.13
202.60	13940.30
202.65	13985.96
202.71	14032.77
202.76	14077.51
202.81	14116.71
202.87	14165.71
202.92	14212.49
202.98	14263.67
203.03	14315.35
203.08	14371.88
203.14	14425.64
203.19	14480.90
203.24	14536.88
203.30	14588.88
203.35	14635.98
203.41	14676.95
203.46	14721.87
203.51	14762.92
203.57	14803.27
203.62	14856.27
203.67	14919.03
203.73	14966.31
203.78	15015.50
203.84	15069.87
203.89	15112.80
203.94	15149.94
204.00	15198.20
204.05	15244.71
204.10	15279.35
204.16	15313.03
204.21	15351.59
204.27	15388.27
204.32	15422.18
204.37	15465.42
204.43	15499.95
204.48	15531.85
204.53	15562.25
204.59	15603.61
204.64	15658.79
204.69	15729.84
204.75	15802.19
204.80	15884.27
204.86	15954.83
204.91	16016.36
204.96	16070.97
205.02	16118.78
205.07	16170.10
205.12	16228.86
205.18	16290.33
205.23	16359.01
205.28	16439.27
205.34	16509.50
205.39	16577.08
205.45	16641.99
205.50	16700.57
205.55	16753.08
205.61	16807.16
205.66	16858.89
205.71	16918.40
205.77	16979.41
205.82	17037.07
205.87	17094.57
205.93	17148.08
205.98	17198.25
206.03	17239.98
206.09	17287.40
206.14	17334.84
206.20	17391.98
206.25	17443.44
206.30	17504.56
206.36	17562.98
206.41	17629.11
206.46	17679.23
206.52	17730.64
206.57	17779.45
206.62	17824.60
206.68	17867.64
206.73	17917.80
206.78	17975.98
206.84	18031.06
206.89	18091.47
206.94	18152.24
207.00	18225.68
207.05	18291.78
207.11	18359.43
207.16	18418.88
207.21	18479.44
207.27	18527.68
207.32	18577.85
207.37	18630.56
207.43	18689.59
207.48	18744.37
207.53	18797.02
207.59	18853.84
207.64	18908.12
207.69	18969.95
207.75	19033.58
207.80	19092.83
207.85	19150.12
207.91	19209.84
207.96	19262.08
208.01	19316.06
208.07	19374.96
208.12	19430.06
208.17	19480.19
208.23	19525.06
208.28	19573.83
208.33	19631.35
208.39	19693.43
208.44	19760.62
208.49	19828.87
208.55	19889.60
208.60	19941.97
208.65	19988.44
208.71	20035.96
208.76	20092.68
208.81	20157.72
208.87	20221.58
208.92	20282.51
208.97	20345.03
209.03	20404.02
209.08	20458.01
209.13	20512.26
209.19	20578.28
209.24	20635.68
209.29	20701.00
209.35	20755.78
209.40	20824.13
209.45	20885.35
209.51	20951.06
209.56	21011.98
209.61	21080.65
209.67	21147.08
209.72	21206.54
209.77	21267.00
209.83	21326.82
209.88	21394.31
209.93	21457.77
209.99	21519.94
210.04	21593.04
210.09	21657.94
210.15	21712.49
210.20	21764.72
210.25	21829.85
210.31	21890.78
210.36	21943.38
210.41	22003.89
210.46	22068.32
210.52	22118.29
210.57	22164.05
210.62	22225.88
210.68	22288.79
210.73	22338.66
210.78	22402.53
210.84	22466.93
210.89	22530.34
210.94	22582.93
211.00	22641.47
211.05	22689.83
211.10	22748.88
211.16	22804.04
211.21	22872.26
211.26	22943.25
211.32	23015.24
211.37	23083.37
211.42	23149.71
211.47	23212.89
211.53	23276.63
211.58	23343.71
211.63	23402.32
211.69	23459.19
211.74	23511.24
211.79	23557.99
211.85	23612.97
211.90	23672.76
211.95	23739.92
212.01	23807.83
212.06	23886.82
212.11	23957.73
212.16	24024.58
212.22	24098.18
212.27	24168.53
212.32	24234.75
212.38	24302.79
212.43	24372.45
212.48	24431.25
212.54	24498.15
212.59	24570.53
212.64	24638.02
212.69	24695.27
212.75	24762.81
212.80	24823.13
212.85	24882.97
212.91	24934.82
212.96	24997.06
213.01	25059.50
213.07	25121.44
213.12	25186.78
213.17	25252.99
213.22	25325.66
213.28	25388.00
213.33	25439.70
213.38	25492.10
213.44	25549.01
213.49	25609.01
213.54	25675.56
213.60	25763.30
213.65	25838.28
213.70	25924.15
213.75	25993.93
213.81	26058.16
213.86	26112.67
213.91	26169.46
213.97	26221.69
214.02	26271.10
214.07	26321.45
214.12	26371.32
214.18	26428.08
214.23	26485.88
214.28	26547.88
214.34	26606.11
214.39	26666.34
214.44	26710.43
214.49	26743.02
214.55	26769.68
214.60	26793.58
214.65	26810.24
214.71	26827.11
214.76	26868.78
214.81	26939.82
214.86	27038.65
214.92	27143.63
214.97	27260.37
215.02	27364.89
215.08	27443.63
215.13	27512.98
215.18	27581.23
215.23	27643.77
215.29	27709.78
215.34	27791.36
215.39	27875.93
215.45	27964.82
215.50	28063.12
215.55	28154.04
215.60	28234.04
215.66	28291.85
215.71	28351.71
215.76	28416.71
215.81	28470.53
215.87	28530.03
215.92	28594.64
215.97	28655.57
216.03	28707.49
216.08	28766.30
216.13	28822.64
216.18	28877.53
216.24	28930.47
216.29	28984.27
216.34	29040.49
216.39	29103.09
216.45	29169.07
216.50	29233.17
216.55	29296.43
216.61	29367.16
216.66	29426.18
216.71	29486.14
216.76	29549.80
216.82	29621.34
216.87	29688.40
216.92	29763.98
216.97	29833.12
217.03	29904.24
217.08	29978.28
217.13	30053.60
217.18	30124.35
217.24	30197.29
217.29	30268.26
217.34	30313.05
217.39	30357.99
217.45	30400.04
217.50	30438.56
217.55	30488.41
217.61	30557.03
217.66	30625.30
217.71	30694.44
217.76	30785.80
217.82	30871.07
217.87	30949.67
217.92	31025.78
217.97	31094.57
218.03	31155.78
218.08	31193.94
218.13	31233.02
218.18	31278.33
218.24	31349.73
218.29	31404.55
218.34	31471.84
218.39	31540.36
218.45	31605.67
218.50	31658.09
218.55	31716.05
218.60	31784.90
218.66	31845.20
218.71	31910.05
218.76	31975.59
218.81	32044.24
218.87	32104.38
218.92	32170.03
218.97	32238.03
219.02	32304.93
219.08	32371.93
219.13	32441.17
219.18	32511.70
219.23	32572.17
219.29	32633.77
219.34	32693.30
219.39	32758.91
219.44	32828.09
219.50	32893.15
219.55	32957.34
219.60	33024.32
219.65	33079.60
219.71	33137.03
219.76	33191.49
219.81	33245.25
219.86	33301.71
219.92	33357.35
219.97	33408.16
220.02	33465.45
220.07	33521.76
220.13	33582.30
220.18	33647.54
220.23	33716.74
220.28	33795.03
220.33	33871.47
220.39	33927.51
220.44	33989.52
220.49	34048.43
220.54	34098.64
220.60	34149.33
220.65	34215.02
220.70	34283.77
220.75	34356.59
220.81	34440.69
220.86	34520.90
220.91	34591.32
220.96	34652.93
221.02	34716.63
221.07	34779.89
221.12	34831.71
221.17	34888.03
221.22	34951.28
221.28	35015.15
221.33	35064.47
221.38	35127.93
221.43	35203.37
221.49	35268.94
221.54	35322.51
221.59	35398.40
221.64	35478.55
221.69	35565.57
221.75	35666.51
221.80	35770.72
221.85	35837.93
221.90	35899.93
221.96	35950.66
222.01	35978.76
222.06	36009.00
222.11	36058.72
222.17	36107.69
222.22	36136.62
222.27	36190.91
222.32	36241.03
222.37	36295.89
222.43	36363.78
222.48	36438.72
222.53	36510.45
222.58	36589.61
222.63	36663.35
222.69	36722.86
222.74	36800.51
222.79	36862.52
222.84	36913.25
222.90	36962.38
222.95	37012.12
223.00	37048.64
223.05	37095.63
223.10	37157.22
223.16	37214.04
223.21	37264.04
223.26	37319.02
223.31	37363.33
223.36	37397.23
223.42	37431.73
223.47	37462.74
223.52	37497.98
223.57	37539.61
223.63	37592.97
223.68	37654.91
223.73	37737.20
223.78	37811.88
223.83	37887.50
223.89	37942.60
223.94	38005.34
223.99	38063.51
224.04	38136.94
224.09	38212.67
224.15	38305.51
224.20	38385.71
224.25	38480.61
224.30	38559.25
224.35	38644.81
224.41	38739.98
224.46	38841.08
224.51	38923.57
224.56	39006.10
224.61	39084.29
224.67	39154.77
224.72	39225.23
224.77	39317.34
224.82	39414.64
224.87	39500.82
224.93	39582.32
224.98	39671.28
225.03	39756.98
225.08	39834.40
225.13	39924.20
225.19	40014.90
225.24	40099.18
225.29	40172.50
225.34	40263.54
225.39	40341.78
225.45	40425.15
225.50	40506.72
225.55	40593.28
225.60	40667.28
225.65	40752.93
225.71	40843.51
225.76	40926.98
225.81	41001.15
225.86	41093.63
225.91	41180.96
225.97	41249.22
226.02	41319.13
226.07	41377.31
226.12	41415.38
226.17	41461.08
226.22	41537.56
226.28	41627.58
226.33	41741.95
226.38	41851.99
226.43	41948.21
226.48	42022.70
226.54	42089.16
226.59	42153.23
226.64	42224.45
226.69	42287.32
226.74	42350.59
226.80	42414.34
226.85	42468.75
226.90	42522.31
226.95	42598.62
227.00	42676.11
227.05	42772.00
227.11	42872.41
227.16	42970.06
227.21	43056.68
227.26	43145.85
227.31	43214.24
227.37	43260.67
227.42	43332.54
227.47	43415.47
227.52	43482.05
227.57	43540.04
227.62	43635.84
227.68	43712.36
227.73	43782.97
227.78	43870.23
227.83	43960.00
227.88	44032.30
227.93	44101.96
227.99	44180.93
228.04	44256.36
228.09	44338.86
228.14	44407.63
228.19	44479.81
228.24	44544.14
228.30	44612.38
228.35	44670.59
228.40	44738.49
228.45	44797.21
228.50	44864.46
228.56	44925.31
228.61	44983.72
228.66	45037.73
228.71	45098.61
228.76	45150.62
228.81	45196.09
228.87	45248.57
228.92	45318.75
228.97	45381.63
229.02	45463.06
229.07	45533.63
229.12	45622.33
229.17	45695.27
229.23	45768.19
229.28	45836.69
229.33	45917.82
229.38	45986.23
229.43	46058.45
229.48	46141.61
229.54	46206.43
229.59	46271.99
229.64	46344.38
229.69	46422.10
229.74	46508.59
229.79	46581.27
229.85	46654.39
229.90	46722.79
229.95	46787.16
230.00	46838.80
230.05	46921.20
230.10	46991.26
230.16	47062.53
230.21	47117.68
230.26	47171.80
230.31	47204.97
230.36	47262.67
230.41	47320.92
230.46	47410.11
230.52	47509.93
230.57	47608.19
230.62	47697.18
230.67	47771.01
230.72	47828.09
230.77	47866.75
230.82	47910.23
230.88	47936.48
230.93	47976.45
230.98	48010.05
231.03	48065.68
231.08	48122.28
231.13	48181.19
231.19	48252.95
231.24	48332.32
231.29	48411.24
231.34	48483.60
231.39	48563.76
231.44	48627.85
231.49	48680.16
231.55	48721.09
231.60	48760.06
231.65	48812.23
231.70	48855.10
231.75	48902.19
231.80	48951.42
231.85	49011.27
231.91	49049.76
231.96	49099.87
232.01	49166.27
232.06	49229.83
232.11	49287.91
232.16	49374.26
232.21	49467.67
232.26	49555.62
232.32	49637.11
232.37	49715.95
232.42	49775.54
232.47	49817.82
232.52	49856.99
232.57	49912.09
232.62	49966.42
232.68	50029.82
232.73	50108.20
232.78	50186.58
232.83	50257.30
232.88	50327.83
232.93	50397.42
232.98	50455.12
233.03	50507.46
233.09	50569.23
233.14	50645.99
233.19	50709.83
233.24	50758.36
233.29	50804.69
233.34	50829.23
233.39	50846.39
233.45	50874.98
233.50	50922.49
233.55	50976.46
233.60	51049.01
233.65	51109.36
233.70	51169.13
233.75	51220.85
233.80	51269.61
233.86	51320.85
233.91	51380.22
233.96	51428.34
234.01	51482.56
234.06	51538.08
234.11	51592.37
234.16	51635.70
234.21	51699.31
234.26	51745.31
234.32	51783.98
234.37	51820.23
234.42	51864.05
234.47	51880.88
234.52	51917.35
234.57	51962.06
234.62	52001.07
234.67	52045.67
234.73	52100.98
234.78	52152.15
234.83	52198.64
234.88	52243.21
234.93	52279.81
234.98	52324.64
235.03	52370.35
235.08	52434.06
235.13	52494.76
235.19	52564.22
235.24	52620.25
235.29	52680.83
235.34	52723.28
235.39	52754.93
235.44	52784.28
235.49	52825.63
235.54	52858.53
235.59	52874.18
235.65	52910.71
235.70	52946.09
235.75	52979.60
235.80	53031.35
235.85	53092.22
235.90	53138.38
235.95	53170.55
236.00	53204.40
236.05	53216.84
236.11	53241.76
236.16	53277.65
236.21	53325.16
236.26	53360.18
236.31	53391.04
236.36	53411.93
236.41	53426.95
236.46	53430.01
236.51	53448.70
236.56	53480.38
236.62	53508.37
236.67	53537.45
236.72	53590.79
236.77	53621.96
236.82	53663.12
236.87	53686.12
236.92	53715.59
236.97	53751.25
237.02	53791.97
237.07	53842.79
237.13	53913.21
237.18	53977.20
237.23	54014.45
237.28	54061.05
237.33	54089.81
237.38	54109.55
237.43	54131.03
237.48	54138.30
237.53	54156.03
237.58	54180.87
237.63	54227.64
237.69	54264.14
237.74	54325.46
237.79	54372.42
237.84	54388.03
237.89	54386.11
237.94	54391.99
237.99	54392.16
238.04	54401.88
238.09	54430.97
238.14	54459.88
238.19	54481.09
238.25	54507.62
238.30	54502.06
238.35	54504.29
238.40	54506.26
238.45	54506.40
238.50	54505.62
238.55	54518.10
238.60	54542.84
238.65	54566.95
238.70	54581.72
238.75	54598.29
238.80	54634.94
238.86	54641.43
238.91	54662.23
238.96	54701.86
239.01	54737.75
239.06	54767.14
239.11	54793.44
239.16	54810.55
239.21	54810.96
239.26	54805.13
239.31	54802.38
239.36	54816.08
239.41	54844.60
239.46	54874.81
239.52	54905.70
239.57	54936.94
239.62	54955.36
239.67	54966.53
239.72	54992.60
239.77	55012.07
239.82	55026.24
239.87	55040.34
239.92	55042.11
239.97	55032.90
240.02	55019.48
240.07	54997.03
240.12	54984.84
240.17	54991.96
240.23	54996.73
240.28	55007.45
240.33	55029.10
240.38	55032.81
240.43	55027.13
240.48	55041.32
240.53	55059.33
240.58	55076.08
240.63	55117.04
240.68	55134.84
240.73	55122.66
240.78	55117.35
240.83	55110.78
240.88	55076.35
240.93	55062.88
240.98	55069.99
241.04	55083.92
241.09	55110.08
241.14	55140.47
241.19	55184.24
241.24	55212.65
241.29	55230.93
241.34	55237.66
241.39	55256.48
241.44	55261.93
241.49	55268.58
241.54	55262.11
241.59	55257.76
241.64	55261.66
241.69	55251.02
241.74	55238.37
241.79	55234.07
241.84	55224.99
241.90	55191.88
241.95	55162.14
242.00	55143.40
242.05	55115.75
242.10	55100.01
242.15	55093.25
242.20	55098.51
242.25	55094.62
242.30	55102.24
242.35	55099.97
242.40	55092.88
242.45	55078.95
242.50	55069.78
242.55	55062.30
242.60	55061.14
242.65	55067.13
242.70	55079.06
242.75	55104.27
242.80	55140.53
242.85	55166.87
242.91	55180.67
242.96	55177.35
243.01	55160.63
243.06	55131.97
243.11	55100.71
243.16	55076.00
243.21	55072.04
243.26	55081.18
243.31	55095.39
243.36	55103.24
243.41	55128.81
243.46	55125.33
243.51	55082.23
243.56	55021.84
243.61	54967.32
243.66	54916.53
243.71	54888.42
243.76	54896.03
243.81	54913.77
243.86	54918.82
243.91	54925.66
243.96	54916.67
244.01	54891.33
244.06	54874.97
244.12	54867.42
244.17	54845.17
244.22	54850.71
244.27	54879.38
244.32	54897.97
244.37	54915.83
244.42	54925.44
244.47	54918.72
244.52	54894.69
244.57	54868.65
244.62	54846.45
244.67	54829.04
244.72	54803.02
244.77	54798.62
244.82	54808.18
244.87	54840.11
244.92	54859.22
244.97	54875.74
245.02	54873.29
245.07	54857.86
245.12	54831.29
245.17	54813.13
245.22	54814.07
245.27	54807.63
245.32	54773.37
245.37	54731.46
245.42	54678.83
245.47	54638.43
245.52	54594.91
245.57	54583.78
245.62	54573.74
245.67	54574.37
245.72	54556.86
245.77	54540.39
245.82	54518.13
245.87	54514.97
245.92	54525.66
245.98	54518.95
246.03	54516.17
246.08	54523.21
246.13	54506.22
246.18	54506.84
246.23	54505.66
246.28	54491.69
246.33	54479.59
246.38	54464.20
246.43	54430.10
246.48	54405.63
246.53	54415.15
246.58	54424.93
246.63	54432.83
246.68	54422.22
246.73	54410.69
246.78	54378.67
246.83	54325.13
246.88	54266.95
246.93	54224.33
246.98	54178.70
247.03	54144.04
247.08	54128.92
247.13	54121.31
247.18	54114.08
247.23	54134.27
247.28	54135.33
247.33	54123.46
247.38	54102.93
247.43	54085.85
247.48	54064.99
247.53	54042.42
247.58	54010.50
247.63	53989.18
247.68	53948.98
247.73	53894.98
247.78	53859.61
247.83	53831.03
247.88	53799.98
247.93	53800.28
247.98	53798.05
248.03	53802.76
248.08	53819.17
248.13	53817.26
248.18	53799.47
248.23	53797.62
248.28	53767.49
248.33	53724.20
248.38	53700.28
248.43	53669.13
248.48	53641.63
248.53	53621.89
248.58	53605.34
248.63	53604.21
248.68	53600.85
248.73	53576.10
248.78	53553.52
248.83	53502.98
248.88	53430.63
248.93	53350.94
248.98	53266.54
249.03	53213.50
249.08	53195.69
249.13	53185.05
249.18	53180.33
249.23	53199.04
249.28	53194.45
249.33	53189.81
249.38	53174.89
249.43	53164.33
249.48	53138.08
249.53	53122.15
249.58	53102.85
249.63	53087.10
249.68	53071.28
249.73	53059.46
249.78	53036.97
249.83	53026.63
249.88	53002.97
249.93	52986.83
249.98	52976.03
250.03	52961.13
250.08	52931.83
250.13	52924.90
250.18	52905.45
250.23	52860.53
250.28	52814.55
250.33	52765.05
250.37	52716.62
250.42	52676.02
250.47	52652.73
250.52	52640.93
250.57	52627.34
250.62	52595.41
250.67	52559.17
250.72	52539.44
250.77	52496.93
250.82	52474.65
250.87	52470.10
250.92	52460.68
250.97	52431.21
251.02	52427.65
251.07	52421.77
251.12	52402.49
251.17	52376.60
251.22	52351.95
251.27	52316.59
251.32	52268.93
251.37	52215.63
251.42	52164.42
251.47	52127.90
251.52	52099.64
251.57	52074.79
251.62	52070.90
251.67	52064.74
251.72	52044.85
251.77	52011.07
251.82	51977.18
251.87	51929.31
251.92	51886.19
251.97	51830.46
252.02	51785.01
252.07	51755.79
252.12	51742.77
252.16	51725.43
252.21	51725.67
252.26	51732.32
252.31	51725.38
252.36	51708.43
252.41	51700.90
252.46	51684.85
252.51	51659.64
252.56	51632.59
252.61	51602.43
252.66	51570.13
252.71	51544.48
252.76	51515.23
252.81	51473.44
252.86	51418.16
252.91	51372.59
252.96	51307.08
253.01	51237.58
253.06	51172.37
253.11	51128.10
253.16	51082.72
253.21	51041.37
253.26	51001.60
253.31	50976.62
253.36	50956.19
253.40	50925.77
253.45	50915.33
253.50	50880.75
253.55	50844.67
253.60	50796.98
253.65	50762.29
253.70	50725.79
253.75	50720.04
253.80	50703.67
253.85	50705.44
253.90	50700.94
253.95	50686.08
254.00	50675.29
254.05	50657.15
254.10	50615.35
254.15	50578.35
254.20	50552.55
254.25	50514.88
254.30	50484.11
254.35	50436.88
254.39	50368.54
254.44	50284.84
254.49	50208.64
254.54	50167.19
254.59	50148.39
254.64	50153.02
254.69	50156.36
254.74	50163.35
254.79	50138.95
254.84	50104.66
254.89	50076.23
254.94	50059.14
254.99	50051.64
255.04	50041.18
255.09	50032.63
255.14	50007.44
255.19	49997.62
255.23	49971.39
255.28	49963.59
255.33	49957.41
255.38	49953.21
255.43	49929.09
255.48	49900.51
255.53	49853.59
255.58	49829.87
255.63	49788.48
255.68	49743.24
255.73	49701.79
255.78	49673.21
255.83	49641.23
255.88	49620.78
255.93	49598.46
255.97	49578.80
256.02	49551.19
256.07	49507.35
256.12	49435.56
256.17	49385.28
256.22	49329.74
256.27	49273.94
256.32	49231.86
256.37	49216.14
256.42	49196.73
256.47	49179.95
256.52	49155.86
256.57	49123.11
256.62	49103.75
256.66	49082.46
256.71	49050.91
256.76	49012.28
256.81	48969.69
256.86	48921.36
256.91	48870.95
256.96	48824.88
257.01	48794.13
257.06	48764.85
257.11	48727.93
257.16	48681.99
257.21	48639.55
257.26	48602.74
257.30	48568.97
257.35	48536.34
257.40	48514.09
257.45	48502.54
257.50	48473.77
257.55	48444.09
257.60	48420.96
257.65	48392.48
257.70	48349.88
257.75	48311.97
257.80	48283.14
257.85	48247.74
257.89	48204.31
257.94	48152.72
257.99	48097.13
258.04	48040.03
258.09	47997.56
258.14	47965.41
258.19	47944.41
258.24	47927.93
258.29	47880.45
258.34	47834.98
258.39	47805.06
258.44	47753.29
258.48	47697.30
258.53	47673.35
258.58	47632.21
258.63	47574.44
258.68	47530.32
258.73	47500.88
258.78	47464.22
258.83	47427.49
258.88	47384.41
258.93	47346.66
258.97	47307.19
259.02	47268.20
259.07	47237.41
259.12	47230.27
259.17	47225.45
259.22	47211.91
259.27	47194.55
259.32	47177.43
259.37	47125.65
259.42	47081.11
259.47	47032.01
259.51	46979.48
259.56	46922.39
259.61	46856.85
259.66	46780.47
259.71	46710.68
259.76	46649.97
259.81	46588.88
259.86	46548.14
259.91	46510.39
259.95	46486.21
260.00	46458.02
260.05	46441.02
260.10	46425.29
260.15	46416.98
260.20	46403.57
260.25	46405.79
260.30	46395.30
260.35	46371.04
260.40	46343.16
260.44	46316.19
260.49	46286.77
260.54	46243.40
260.59	46220.31
260.64	46210.06
260.69	46197.68
260.74	46161.42
260.79	46127.98
260.84	46080.73
260.88	46015.52
260.93	45941.99
260.98	45901.16
261.03	45854.51
261.08	45825.38
261.13	45783.96
261.18	45743.60
261.23	45681.20
261.28	45653.70
261.32	45611.62
261.37	45572.54
261.42	45545.39
261.47	45529.13
261.52	45474.00
261.57	45428.08
261.62	45394.72
261.67	45337.15
261.71	45264.88
261.76	45227.04
261.81	45171.80
261.86	45121.68
261.91	45079.57
261.96	45051.42
262.01	45009.03
262.06	44989.95
262.10	44969.35
262.15	44961.68
262.20	44943.53
262.25	44929.19
262.30	44913.82
262.35	44886.73
262.40	44852.51
262.45	44822.32
262.49	44785.97
262.54	44745.07
262.59	44714.84
262.64	44684.60
262.69	44644.85
262.74	44599.53
262.79	44538.79
262.84	44492.37
262.88	44444.67
262.93	44399.74
262.98	44373.45
263.03	44341.79
263.08	44289.30
263.13	44219.97
263.18	44149.21
263.23	44075.58
263.27	44028.40
263.32	43995.67
263.37	43984.03
263.42	43981.23
263.47	43958.11
263.52	43935.18
263.57	43895.13
263.61	43847.05
263.66	43796.68
263.71	43762.65
263.76	43729.00
263.81	43688.45
263.86	43658.42
263.91	43620.53
263.95	43561.75
264.00	43504.02
264.05	43457.02
264.10	43398.21
264.15	43330.53
264.20	43289.71
264.25	43247.72
264.29	43198.80
264.34	43141.50
264.39	43108.37
264.44	43063.84
264.49	43011.90
264.54	42969.96
264.59	42942.13
264.63	42898.89
264.68	42851.02
264.73	42801.02
264.78	42756.05
264.83	42694.24
264.88	42649.73
264.93	42617.88
264.97	42594.16
265.02	42568.53
265.07	42550.54
265.12	42515.19
265.17	42471.03
265.22	42423.84
265.27	42364.94
265.31	42303.92
265.36	42243.22
265.41	42184.80
265.46	42125.33
265.51	42060.52
265.56	42007.20
265.60	41952.41
265.65	41899.10
265.70	41844.64
265.75	41797.21
265.80	41746.34
265.85	41682.46
265.90	41623.75
265.94	41565.39
265.99	41501.20
266.04	41450.13
266.09	41411.06
266.14	41376.23
266.19	41335.55
266.23	41301.77
266.28	41254.25
266.33	41225.17
266.38	41198.48
266.43	41174.09
266.48	41151.89
266.52	41128.37
266.57	41091.68
266.62	41043.02
266.67	41003.41
266.72	40960.39
266.77	40930.63
266.81	40906.41
266.86	40884.01
266.91	40851.57
266.96	40806.93
267.01	40764.02
267.06	40708.43
267.10	40654.86
267.15	40604.24
267.20	40577.71
267.25	40541.01
267.30	40513.12
267.35	40478.40
267.39	40437.93
267.44	40395.43
267.49	40347.48
267.54	40303.33
267.59	40253.80
267.64	40202.34
267.68	40142.87
267.73	40088.30
267.78	40040.88
267.83	40011.88
267.88	39996.59
267.93	39988.44
267.97	39975.50
268.02	39936.77
268.07	39887.83
268.12	39836.24
268.17	39773.52
268.21	39728.41
268.26	39685.54
268.31	39645.28
268.36	39595.26
268.41	39548.58
268.46	39494.12
268.50	39458.18
268.55	39413.31
268.60	39358.70
268.65	39305.04
268.70	39229.99
268.74	39153.57
268.79	39085.75
268.84	39034.28
268.89	38987.36
268.94	38957.17
268.99	38931.12
269.03	38890.39
269.08	38841.71
269.13	38765.12
269.18	38683.72
269.23	38578.18
269.27	38467.48
269.32	38338.34
269.37	38216.34
269.42	38089.02
269.47	37955.47
269.51	37821.01
269.56	37686.02
269.61	37550.68
269.66	37396.38
269.71	37241.04
269.76	37088.17
269.80	36937.04
269.85	36791.14
269.90	36652.51
269.95	36508.12
270.00	36350.98
270.04	36209.01
270.09	36060.18
270.14	35913.55
270.19	35772.83
270.24	35643.24
270.28	35485.47
270.33	35317.70
270.38	35144.36
270.43	34977.26
270.48	34798.38
270.52	34647.28
270.57	34492.86
270.62	34341.65
270.67	34183.15
270.72	34028.73
270.76	33849.46
270.81	33681.86
270.86	33509.44
270.91	33339.37
270.96	33167.36
271.00	33007.99
271.05	32851.36
271.10	32710.41
271.15	32575.01
271.20	32458.78
271.24	32328.54
271.29	32194.69
271.34	32046.08
271.39	31892.68
271.44	31733.05
271.48	31591.03
271.53	31449.04
271.58	31310.94
271.63	31168.50
271.67	31020.43
271.72	30878.00
271.77	30732.80
271.82	30590.69
271.87	30455.46
271.91	30305.81
271.96	30161.53
272.01	30026.31
272.06	29892.89
272.11	29766.58
272.15	29668.86
272.20	29558.90
272.25	29458.11
272.30	29362.72
272.35	29257.73
272.39	29147.59
272.44	29030.60
272.49	28896.84
272.54	28755.55
272.58	28610.65
272.63	28459.11
272.68	28312.55
272.73	28154.33
272.78	27981.98
272.82	27782.45
272.87	27563.08
272.92	27272.19
272.97	26756.54
273.01	23812.95
273.06	18885.40
273.11	13449.17
273.16	8117.75
273.21	3054.54
273.25	459.50
273.30	-88.94
273.35	-89.44
