165.32	3383.89
165.38	-248.04
165.44	597.12
165.50	-76.43
165.55	-17.49
165.61	5.62
165.67	33.82
165.72	43.54
165.78	49.07
165.84	47.74
165.89	44.23
165.95	43.03
166.01	41.97
166.06	43.58
166.12	46.05
166.18	44.52
166.23	46.04
166.29	45.52
166.35	42.10
166.40	41.19
166.46	47.69
166.52	50.18
166.57	50.83
166.63	51.29
166.69	53.75
166.74	47.47
166.80	48.38
166.86	50.53
166.91	51.26
166.97	46.07
167.03	48.82
167.08	43.06
167.14	42.02
167.20	40.14
167.25	52.25
167.31	52.78
167.37	57.66
167.42	59.19
167.48	65.28
167.54	59.79
167.59	59.01
167.65	54.83
167.71	55.00
167.76	53.88
167.82	49.34
167.88	49.27
167.93	57.11
167.99	56.04
168.05	57.91
168.10	65.87
168.16	65.37
168.21	63.25
168.27	67.70
168.33	69.68
168.38	62.34
168.44	67.05
168.50	66.01
168.55	64.50
168.61	65.47
168.67	67.38
168.72	64.50
168.78	64.92
168.84	60.35
168.89	58.54
168.95	59.29
169.01	58.81
169.06	57.85
169.12	57.68
169.18	55.72
169.23	55.77
169.29	60.22
169.34	64.59
169.40	66.81
169.46	71.33
169.51	73.52
169.57	68.60
169.63	64.27
169.68	69.42
169.74	65.90
169.80	71.45
169.85	73.28
169.91	77.84
169.97	74.17
170.02	73.84
170.08	72.78
170.13	72.99
170.19	72.69
170.25	74.07
170.30	78.57
170.36	70.22
170.42	71.99
170.47	72.82
170.53	74.40
170.59	70.88
170.64	74.93
170.70	73.34
170.76	70.83
170.81	72.07
170.87	71.55
170.92	72.04
170.98	75.38
171.04	77.74
171.09	74.02
171.15	81.43
171.21	82.39
171.26	79.02
171.32	76.47
171.37	79.92
171.43	74.50
171.49	78.93
171.54	81.82
171.60	83.39
171.66	85.16
171.71	85.68
171.77	83.04
171.83	89.27
171.88	88.32
171.94	87.80
171.99	92.72
172.05	92.07
172.11	92.92
172.16	101.45
172.22	102.24
172.28	102.13
172.33	100.44
172.39	97.60
172.44	94.07
172.50	99.37
172.56	98.79
172.61	107.42
172.67	106.86
172.72	106.77
172.78	101.42
172.84	96.54
172.89	89.31
172.95	88.44
173.01	89.72
173.06	88.54
173.12	94.38
173.17	96.09
173.23	95.75
173.29	95.75
173.34	97.61
173.40	92.47
173.46	92.36
173.51	95.73
173.57	95.64
173.62	89.95
173.68	96.27
173.74	95.43
173.79	96.33
173.85	93.96
173.90	96.50
173.96	92.81
174.02	90.13
174.07	82.08
174.13	81.37
174.18	84.05
174.24	77.69
174.30	78.07
174.35	82.97
174.41	80.12
174.47	73.81
174.52	74.88
174.58	73.95
174.63	69.45
174.69	67.92
174.75	69.84
174.80	80.76
174.86	78.19
174.91	79.68
174.97	80.06
175.03	77.56
175.08	65.23
175.14	71.91
175.19	67.75
175.25	67.79
175.31	72.58
175.36	74.20
175.42	71.13
175.47	75.21
175.53	76.16
175.59	71.97
175.64	73.17
175.70	71.46
175.75	67.24
175.81	65.29
175.87	66.61
175.92	62.97
175.98	64.26
176.03	64.33
176.09	65.01
176.15	65.23
176.20	66.80
176.26	66.79
176.31	70.65
176.37	68.12
176.42	68.87
176.48	72.21
176.54	69.93
176.59	66.23
176.65	69.12
176.70	70.49
176.76	69.44
176.82	67.18
176.87	64.93
176.93	64.81
176.98	63.42
177.04	58.62
177.10	63.67
177.15	65.05
177.21	65.65
177.26	64.85
177.32	68.67
177.37	70.22
177.43	73.85
177.49	70.85
177.54	68.59
177.60	68.90
177.65	69.62
177.71	64.17
177.77	67.05
177.82	68.69
177.88	72.74
177.93	67.57
177.99	74.54
178.04	70.14
178.10	70.30
178.16	63.73
178.21	65.08
178.27	61.81
178.32	65.71
178.38	64.47
178.43	66.25
178.49	66.50
178.55	65.67
178.60	64.29
178.66	63.97
178.71	65.02
178.77	62.54
178.82	63.52
178.88	63.40
178.94	63.94
178.99	65.15
179.05	69.32
179.10	65.17
179.16	68.48
179.21	70.86
179.27	69.58
179.33	65.79
179.38	69.73
179.44	67.22
179.49	67.06
179.55	65.30
179.60	65.38
179.66	64.48
179.72	67.17
179.77	64.91
179.83	63.72
179.88	65.19
179.94	66.49
179.99	62.89
180.05	63.23
180.11	64.06
180.16	66.54
180.22	68.76
180.27	72.85
180.33	73.47
180.38	77.74
180.44	73.38
180.49	73.07
180.55	71.20
180.61	74.91
180.66	69.35
180.72	67.72
180.77	65.81
180.83	65.87
180.88	63.15
180.94	63.19
180.99	66.69
181.05	67.12
181.11	67.83
181.16	68.15
181.22	69.59
181.27	71.78
181.33	70.42
181.38	67.41
181.44	68.67
181.49	72.98
181.55	73.77
181.61	79.97
181.66	82.72
181.72	80.26
181.77	77.48
181.83	74.89
181.88	79.59
181.94	81.41
181.99	86.87
182.05	87.39
182.11	88.46
182.16	79.28
182.22	76.97
182.27	72.11
182.33	74.19
182.38	73.55
182.44	78.03
182.49	79.83
182.55	81.99
182.60	82.07
182.66	85.48
182.72	88.22
182.77	90.21
182.83	92.82
182.88	95.43
182.94	96.40
182.99	93.16
183.05	92.29
183.10	94.73
183.16	93.80
183.21	94.69
183.27	101.62
183.32	104.97
183.38	107.38
183.44	113.47
183.49	117.63
183.55	118.52
183.60	123.57
183.66	128.71
183.71	137.18
183.77	143.51
183.82	151.49
183.88	161.81
183.93	172.09
183.99	183.86
184.04	199.92
184.10	211.57
184.15	222.75
184.21	235.30
184.27	237.24
184.32	237.81
184.38	236.15
184.43	233.19
184.49	218.28
184.54	203.80
184.60	196.74
184.65	185.32
184.71	177.10
184.76	179.40
184.82	196.26
184.87	211.46
184.93	234.28
184.98	259.60
185.04	289.06
185.09	311.60
185.15	335.38
185.20	365.75
185.26	398.42
185.31	424.42
185.37	449.24
185.43	468.50
185.48	486.62
185.54	508.47
185.59	533.33
185.65	558.57
185.70	597.62
185.76	640.80
185.81	673.75
185.87	709.32
185.92	751.53
185.98	785.36
186.03	801.70
186.09	805.18
186.14	783.17
186.20	733.84
186.25	654.49
186.31	575.59
186.36	513.27
186.42	486.32
186.47	496.37
186.53	542.04
186.58	608.99
186.64	680.41
186.69	750.71
186.75	810.03
186.80	867.52
186.86	924.35
186.91	982.75
186.97	1038.21
187.02	1109.22
187.08	1177.34
187.13	1236.30
187.19	1300.73
187.24	1368.91
187.30	1419.85
187.35	1474.27
187.41	1544.40
187.47	1611.03
187.52	1665.48
187.58	1724.47
187.63	1791.37
187.69	1855.11
187.74	1909.57
187.80	1959.29
187.85	2004.40
187.91	2026.37
187.96	2012.37
188.02	1952.40
188.07	1846.97
188.13	1691.60
188.18	1526.63
188.24	1405.07
188.29	1345.11
188.35	1353.72
188.40	1431.18
188.46	1553.70
188.51	1673.78
188.57	1799.69
188.62	1920.60
188.67	2035.98
188.73	2146.47
188.78	2252.98
188.84	2354.20
188.89	2456.39
188.95	2558.55
189.00	2646.61
189.06	2741.97
189.11	2833.81
189.17	2914.84
189.22	2989.38
189.28	3075.96
189.33	3153.35
189.39	3217.58
189.44	3285.07
189.50	3358.01
189.55	3427.66
189.61	3478.22
189.66	3536.36
189.72	3595.35
189.77	3647.61
189.83	3674.16
189.88	3686.02
189.94	3658.18
189.99	3578.62
190.05	3428.37
190.10	3215.54
190.16	2970.49
190.21	2754.34
190.27	2616.55
190.32	2580.83
190.38	2649.90
190.43	2804.62
190.49	2989.38
190.54	3154.34
190.60	3305.07
190.65	3439.89
190.71	3562.60
190.76	3678.86
190.81	3794.85
190.87	3905.89
190.92	4029.82
190.98	4143.57
191.03	4255.57
191.09	4375.58
191.14	4482.43
191.20	4569.97
191.25	4667.39
191.31	4765.33
191.36	4854.80
191.42	4945.14
191.47	5042.91
191.53	5139.12
191.58	5218.24
191.64	5282.48
191.69	5342.05
191.75	5386.82
191.80	5417.36
191.85	5435.99
191.91	5458.01
191.96	5478.46
192.02	5506.61
192.07	5519.84
192.13	5516.24
192.18	5469.02
192.24	5357.19
192.29	5165.75
192.35	4943.70
192.40	4763.74
192.46	4657.52
192.51	4653.52
192.57	4745.77
192.62	4918.40
192.67	5099.95
192.73	5275.98
192.78	5437.57
192.84	5587.35
192.89	5724.30
192.95	5855.17
193.00	5970.42
193.06	6083.30
193.11	6190.16
193.17	6280.56
193.22	6361.82
193.28	6450.06
193.33	6519.26
193.38	6587.79
193.44	6657.93
193.49	6733.18
193.55	6788.02
193.60	6848.77
193.66	6902.58
193.71	6948.02
193.77	6972.77
193.82	6999.30
193.88	7019.57
193.93	7045.28
193.98	7069.95
194.04	7107.79
194.09	7153.22
194.15	7202.59
194.20	7247.40
194.26	7291.46
194.31	7336.17
194.37	7361.46
194.42	7372.25
194.47	7363.10
194.53	7322.95
194.58	7237.03
194.64	7131.79
194.69	7034.26
194.75	6963.87
194.80	6948.74
194.86	6987.21
194.91	7078.87
194.97	7184.68
195.02	7295.48
195.07	7401.40
195.13	7506.78
195.18	7617.05
195.24	7724.34
195.29	7833.37
195.35	7934.53
195.40	8038.45
195.46	8118.39
195.51	8203.55
195.56	8281.95
195.62	8356.64
195.67	8419.77
195.73	8487.98
195.78	8539.00
195.84	8582.02
195.89	8617.97
195.94	8652.52
196.00	8685.21
196.05	8718.88
196.11	8764.04
196.16	8812.09
196.22	8863.13
196.27	8918.51
196.32	8975.04
196.38	9022.92
196.43	9071.40
196.49	9112.31
196.54	9153.27
196.60	9197.39
196.65	9240.31
196.71	9281.49
196.76	9329.06
196.81	9365.05
196.87	9398.41
196.92	9428.67
196.98	9446.95
197.03	9458.91
197.09	9454.87
197.14	9449.76
197.19	9451.85
197.25	9467.19
197.30	9493.50
197.36	9547.71
197.41	9608.82
197.47	9673.46
197.52	9735.19
197.57	9796.16
197.63	9845.77
197.68	9897.51
197.74	9942.65
197.79	9993.77
197.84	10040.94
197.90	10089.69
197.95	10133.05
198.01	10179.51
198.06	10222.43
198.12	10269.42
198.17	10311.19
198.22	10353.23
198.28	10391.32
198.33	10429.94
198.39	10467.42
198.44	10511.46
198.49	10559.17
198.55	10602.92
198.60	10651.01
198.66	10691.89
198.71	10741.24
198.77	10786.91
198.82	10840.16
198.87	10884.96
198.93	10933.19
198.98	10979.32
199.04	11025.29
199.09	11065.72
199.14	11110.70
199.20	11153.74
199.25	11193.09
199.31	11233.26
199.36	11274.89
199.42	11314.15
199.47	11355.45
199.52	11396.76
199.58	11436.73
199.63	11466.16
199.69	11501.89
199.74	11535.74
199.79	11559.59
199.85	11588.44
199.90	11632.12
199.96	11668.84
200.01	11713.57
200.06	11764.06
200.12	11811.19
200.17	11860.39
200.23	11911.76
200.28	11953.39
200.33	12007.34
200.39	12052.98
200.44	12093.37
200.50	12137.31
200.55	12177.01
200.60	12208.89
200.66	12249.03
200.71	12288.15
200.77	12323.52
200.82	12360.57
200.87	12400.86
200.93	12440.95
200.98	12477.78
201.04	12516.08
201.09	12562.45
201.14	12612.21
201.20	12659.41
201.25	12718.93
201.31	12777.17
201.36	12841.59
201.41	12898.59
201.47	12959.67
201.52	13004.11
201.58	13060.34
201.63	13105.41
201.68	13152.44
201.74	13196.50
201.79	13249.51
201.84	13303.73
201.90	13351.18
201.95	13402.81
202.01	13459.02
202.06	13511.97
202.11	13547.11
202.17	13595.87
202.22	13638.05
202.28	13678.33
202.33	13718.62
202.38	13764.80
202.44	13812.44
202.49	13859.47
202.54	13906.76
202.60	13954.32
202.65	14004.31
202.71	14046.94
202.76	14084.49
202.81	14123.68
202.87	14169.08
202.92	14211.30
202.98	14263.63
203.03	14323.37
203.08	14378.18
203.14	14430.78
203.19	14489.03
203.24	14543.53
203.30	14595.98
203.35	14643.09
203.41	14693.92
203.46	14741.58
203.51	14777.38
203.57	14820.18
203.62	14875.04
203.67	14927.66
203.73	14972.35
203.78	15024.48
203.84	15073.59
203.89	15113.74
203.94	15157.39
204.00	15202.73
204.05	15251.42
204.10	15286.42
204.16	15326.38
204.21	15366.94
204.27	15404.88
204.32	15438.97
204.37	15484.17
204.43	15517.21
204.48	15544.64
204.53	15571.98
204.59	15611.71
204.64	15667.73
204.69	15736.65
204.75	15814.14
204.80	15901.01
204.86	15970.27
204.91	16028.86
204.96	16086.06
205.02	16130.20
205.07	16178.30
205.12	16242.28
205.18	16304.89
205.23	16368.62
205.28	16444.46
205.34	16509.57
205.39	16573.02
205.45	16638.58
205.50	16700.89
205.55	16758.19
205.61	16821.78
205.66	16881.98
205.71	16945.28
205.77	17002.87
205.82	17063.43
205.87	17120.99
205.93	17168.97
205.98	17210.90
206.03	17255.54
206.09	17302.95
206.14	17349.13
206.20	17406.72
206.25	17461.32
206.30	17522.65
206.36	17579.20
206.41	17643.39
206.46	17697.15
206.52	17748.22
206.57	17798.09
206.62	17840.13
206.68	17880.29
206.73	17929.41
206.78	17983.63
206.84	18040.28
206.89	18102.37
206.94	18162.01
207.00	18228.54
207.05	18295.82
207.11	18358.12
207.16	18417.45
207.21	18482.12
207.27	18535.86
207.32	18588.42
207.37	18646.64
207.43	18698.89
207.48	18746.37
207.53	18803.04
207.59	18855.06
207.64	18904.18
207.69	18974.62
207.75	19042.45
207.80	19093.02
207.85	19150.53
207.91	19210.20
207.96	19259.45
208.01	19317.47
208.07	19377.61
208.12	19438.77
208.17	19490.54
208.23	19542.87
208.28	19591.86
208.33	19650.73
208.39	19715.22
208.44	19785.55
208.49	19847.27
208.55	19903.92
208.60	19956.25
208.65	20001.40
208.71	20046.66
208.76	20102.88
208.81	20163.31
208.87	20229.86
208.92	20290.54
208.97	20354.13
209.03	20417.32
209.08	20482.07
209.13	20541.17
209.19	20605.77
209.24	20665.39
209.29	20722.92
209.35	20774.66
209.40	20836.71
209.45	20898.57
209.51	20968.41
209.56	21033.25
209.61	21100.08
209.67	21162.50
209.72	21221.12
209.77	21277.14
209.83	21337.98
209.88	21405.83
209.93	21462.90
209.99	21527.78
210.04	21594.39
210.09	21663.14
210.15	21722.27
210.20	21789.27
210.25	21852.38
210.31	21913.45
210.36	21960.70
210.41	22013.84
210.46	22071.87
210.52	22129.19
210.57	22177.19
210.62	22238.75
210.68	22305.48
210.73	22353.18
210.78	22409.58
210.84	22473.04
210.89	22537.59
210.94	22592.67
211.00	22653.29
211.05	22705.17
211.10	22768.53
211.16	22824.98
211.21	22891.71
211.26	22965.82
211.32	23037.43
211.37	23106.74
211.42	23175.32
211.47	23237.52
211.53	23300.15
211.58	23365.40
211.63	23421.37
211.69	23475.12
211.74	23527.09
211.79	23575.88
211.85	23632.81
211.90	23686.28
211.95	23748.51
212.01	23817.51
212.06	23894.11
212.11	23963.39
212.16	24040.53
212.22	24119.17
212.27	24189.49
212.32	24251.13
212.38	24319.48
212.43	24386.38
212.48	24447.32
212.54	24510.08
212.59	24585.75
212.64	24648.12
212.69	24708.36
212.75	24774.19
212.80	24845.20
212.85	24906.12
212.91	24964.81
212.96	25023.39
213.01	25086.61
213.07	25141.83
213.12	25201.80
213.17	25269.28
213.22	25337.01
213.28	25389.03
213.33	25442.38
213.38	25497.07
213.44	25552.13
213.49	25615.01
213.54	25697.65
213.60	25782.05
213.65	25860.55
213.70	25948.87
213.75	26020.15
213.81	26077.44
213.86	26136.31
213.91	26194.66
213.97	26241.36
214.02	26287.97
214.07	26334.96
214.12	26383.96
214.18	26434.54
214.23	26491.05
214.28	26554.14
214.34	26616.07
214.39	26674.77
214.44	26724.02
214.49	26758.30
214.55	26790.71
214.60	26812.75
214.65	26828.15
214.71	26850.97
214.76	26898.72
214.81	26963.86
214.86	27064.60
214.92	27170.03
214.97	27281.99
215.02	27379.45
215.08	27461.83
215.13	27530.79
215.18	27595.96
215.23	27657.42
215.29	27721.40
215.34	27808.09
215.39	27886.86
215.45	27981.84
215.50	28086.27
215.55	28184.73
215.60	28257.79
215.66	28322.65
215.71	28383.80
215.76	28439.97
215.81	28490.55
215.87	28545.40
215.92	28605.36
215.97	28659.39
216.03	28722.65
216.08	28783.06
216.13	28846.38
216.18	28907.22
216.24	28973.51
216.29	29022.17
216.34	29078.59
216.39	29141.77
216.45	29199.51
216.50	29252.12
216.55	29314.57
216.61	29379.43
216.66	29438.72
216.71	29503.95
216.76	29568.20
216.82	29637.62
216.87	29713.24
216.92	29782.70
216.97	29851.12
217.03	29927.32
217.08	29997.57
217.13	30069.76
217.18	30144.62
217.24	30221.90
217.29	30289.44
217.34	30336.77
217.39	30376.38
217.45	30420.49
217.50	30465.36
217.55	30517.32
217.61	30594.13
217.66	30665.70
217.71	30738.99
217.76	30821.29
217.82	30899.99
217.87	30972.09
217.92	31047.33
217.97	31114.53
218.03	31170.09
218.08	31219.35
218.13	31257.51
218.18	31304.27
218.24	31370.52
218.29	31426.84
218.34	31489.46
218.39	31559.64
218.45	31622.33
218.50	31674.78
218.55	31740.70
218.60	31798.09
218.66	31847.97
218.71	31912.46
218.76	31976.83
218.81	32033.17
218.87	32100.10
218.92	32168.84
218.97	32246.13
219.02	32312.25
219.08	32383.83
219.13	32453.15
219.18	32524.91
219.23	32581.29
219.29	32643.61
219.34	32706.15
219.39	32770.45
219.44	32837.39
219.50	32911.28
219.55	32974.44
219.60	33039.04
219.65	33105.04
219.71	33167.44
219.76	33213.47
219.81	33269.84
219.86	33330.40
219.92	33374.14
219.97	33432.18
220.02	33490.57
220.07	33554.32
220.13	33611.99
220.18	33685.03
220.23	33747.96
220.28	33830.61
220.33	33902.19
220.39	33960.67
220.44	34014.99
220.49	34072.29
220.54	34112.39
220.60	34159.07
220.65	34228.32
220.70	34297.35
220.75	34371.10
220.81	34451.03
220.86	34530.31
220.91	34596.01
220.96	34666.48
221.02	34734.43
221.07	34799.15
221.12	34856.58
221.17	34909.98
221.22	34971.57
221.28	35031.45
221.33	35092.82
221.38	35152.69
221.43	35228.86
221.49	35293.64
221.54	35356.44
221.59	35417.09
221.64	35499.60
221.69	35585.88
221.75	35679.19
221.80	35774.84
221.85	35854.07
221.90	35919.76
221.96	35985.27
222.01	36018.49
222.06	36048.72
222.11	36098.37
222.17	36145.25
222.22	36164.70
222.27	36222.56
222.32	36270.22
222.37	36324.75
222.43	36380.59
222.48	36454.45
222.53	36519.71
222.58	36607.90
222.63	36676.26
222.69	36741.74
222.74	36813.98
222.79	36882.17
222.84	36924.45
222.90	36980.43
222.95	37035.31
223.00	37075.93
223.05	37124.14
223.10	37183.06
223.16	37237.41
223.21	37285.59
223.26	37331.84
223.31	37368.07
223.36	37400.75
223.42	37438.80
223.47	37469.60
223.52	37516.67
223.57	37565.96
223.63	37621.18
223.68	37670.82
223.73	37753.10
223.78	37825.06
223.83	37895.44
223.89	37962.04
223.94	38033.38
223.99	38094.83
224.04	38165.71
224.09	38240.71
224.15	38331.96
224.20	38417.97
224.25	38500.76
224.30	38583.58
224.35	38674.60
224.41	38764.50
224.46	38852.11
224.51	38942.47
224.56	39027.22
224.61	39101.07
224.67	39167.52
224.72	39242.13
224.77	39338.71
224.82	39429.44
224.87	39520.02
224.93	39609.55
224.98	39703.79
225.03	39781.66
225.08	39859.87
225.13	39943.45
225.19	40030.29
225.24	40114.72
225.29	40192.60
225.34	40278.27
225.39	40357.48
225.45	40437.96
225.50	40516.32
225.55	40597.33
225.60	40680.65
225.65	40774.10
225.71	40865.17
225.76	40952.92
225.81	41033.96
225.86	41117.12
225.91	41190.62
225.97	41257.56
226.02	41325.60
226.07	41374.70
226.12	41423.86
226.17	41475.53
226.22	41550.23
226.28	41638.96
226.33	41758.31
226.38	41870.58
226.43	41977.10
226.48	42047.26
226.54	42113.08
226.59	42176.10
226.64	42238.64
226.69	42300.02
226.74	42377.90
226.80	42440.34
226.85	42501.76
226.90	42560.61
226.95	42633.09
227.00	42711.93
227.05	42809.84
227.11	42904.41
227.16	42996.87
227.21	43090.47
227.26	43177.74
227.31	43245.43
227.37	43307.77
227.42	43388.98
227.47	43462.53
227.52	43526.36
227.57	43586.22
227.62	43668.69
227.68	43738.37
227.73	43808.75
227.78	43888.11
227.83	43975.93
227.88	44047.38
227.93	44122.83
227.99	44204.15
228.04	44279.80
228.09	44354.04
228.14	44423.47
228.19	44494.55
228.24	44555.34
228.30	44626.83
228.35	44691.41
228.40	44756.90
228.45	44817.52
228.50	44882.35
228.56	44942.84
228.61	45003.72
228.66	45061.69
228.71	45119.15
228.76	45168.82
228.81	45216.66
228.87	45265.52
228.92	45322.35
228.97	45383.52
229.02	45474.02
229.07	45554.03
229.12	45644.05
229.17	45726.57
229.23	45795.71
229.28	45873.77
229.33	45952.96
229.38	46018.74
229.43	46097.60
229.48	46184.22
229.54	46242.81
229.59	46307.63
229.64	46388.85
229.69	46458.99
229.74	46542.11
229.79	46613.05
229.85	46688.82
229.90	46757.72
229.95	46830.28
230.00	46887.21
230.05	46964.94
230.10	47025.28
230.16	47089.67
230.21	47148.42
230.26	47202.44
230.31	47241.11
230.36	47307.72
230.41	47365.77
230.46	47448.87
230.52	47545.81
230.57	47632.01
230.62	47715.50
230.67	47790.02
230.72	47838.22
230.77	47875.13
230.82	47924.75
230.88	47959.38
230.93	48000.24
230.98	48039.77
231.03	48094.97
231.08	48149.96
231.13	48193.63
231.19	48266.97
231.24	48350.45
231.29	48426.58
231.34	48495.25
231.39	48583.93
231.44	48644.14
231.49	48691.48
231.55	48729.84
231.60	48775.56
231.65	48818.66
231.70	48866.11
231.75	48915.10
231.80	48969.58
231.85	49031.26
231.91	49065.14
231.96	49116.38
232.01	49178.80
232.06	49250.92
232.11	49313.78
232.16	49411.71
232.21	49497.00
232.26	49585.37
232.32	49657.87
232.37	49724.61
232.42	49778.54
232.47	49824.21
232.52	49867.32
232.57	49919.25
232.62	49980.31
232.68	50045.50
232.73	50121.84
232.78	50203.92
232.83	50285.29
232.88	50357.18
232.93	50431.91
232.98	50491.80
233.03	50533.09
233.09	50596.58
233.14	50668.36
233.19	50729.85
233.24	50795.74
233.29	50855.24
233.34	50876.75
233.39	50898.24
233.45	50922.29
233.50	50950.33
233.55	50996.63
233.60	51070.96
233.65	51129.82
233.70	51192.94
233.75	51248.00
233.80	51301.49
233.86	51345.24
233.91	51395.27
233.96	51441.55
234.01	51499.86
234.06	51556.12
234.11	51613.49
234.16	51668.01
234.21	51727.29
234.26	51773.49
234.32	51807.66
234.37	51841.27
234.42	51879.21
234.47	51903.80
234.52	51932.06
234.57	51976.95
234.62	52014.97
234.67	52062.77
234.73	52112.51
234.78	52168.55
234.83	52214.25
234.88	52265.01
234.93	52304.86
234.98	52352.90
235.03	52397.96
235.08	52449.37
235.13	52508.13
235.19	52574.63
235.24	52636.36
235.29	52704.02
235.34	52762.31
235.39	52796.87
235.44	52822.10
235.49	52856.16
235.54	52874.47
235.59	52894.47
235.65	52927.11
235.70	52968.10
235.75	53005.88
235.80	53057.72
235.85	53109.45
235.90	53157.52
235.95	53185.12
236.00	53212.97
236.05	53234.20
236.11	53258.86
236.16	53287.56
236.21	53336.22
236.26	53378.66
236.31	53409.74
236.36	53432.48
236.41	53448.84
236.46	53460.14
236.51	53477.12
236.56	53509.17
236.62	53537.58
236.67	53570.28
236.72	53607.98
236.77	53639.31
236.82	53679.31
236.87	53707.05
236.92	53731.62
236.97	53772.72
237.02	53817.11
237.07	53863.51
237.13	53924.38
237.18	53986.42
237.23	54031.27
237.28	54066.32
237.33	54101.39
237.38	54124.73
237.43	54147.67
237.48	54151.61
237.53	54170.36
237.58	54195.07
237.63	54240.72
237.69	54283.25
237.74	54327.66
237.79	54369.08
237.84	54369.64
237.89	54372.41
237.94	54374.76
237.99	54400.02
238.04	54413.97
238.09	54447.05
238.14	54476.02
238.19	54497.27
238.25	54514.24
238.30	54518.83
238.35	54524.22
238.40	54526.06
238.45	54534.51
238.50	54538.16
238.55	54551.79
238.60	54580.35
238.65	54598.04
238.70	54621.19
238.75	54640.44
238.80	54669.23
238.86	54671.27
238.91	54683.52
238.96	54712.35
239.01	54745.26
239.06	54772.90
239.11	54803.35
239.16	54835.38
239.21	54835.09
239.26	54825.61
239.31	54831.69
239.36	54845.99
239.41	54863.06
239.46	54891.76
239.52	54924.23
239.57	54951.31
239.62	54965.59
239.67	54980.20
239.72	54995.81
239.77	55003.49
239.82	55007.83
239.87	55029.25
239.92	55037.81
239.97	55033.19
240.02	55028.17
240.07	55018.40
240.12	55008.99
240.17	55011.60
240.23	55016.78
240.28	55029.23
240.33	55045.11
240.38	55040.81
240.43	55039.96
240.48	55060.95
240.53	55077.45
240.58	55092.19
240.63	55128.64
240.68	55141.35
240.73	55129.37
240.78	55129.34
240.83	55131.56
240.88	55117.58
240.93	55108.80
240.98	55103.77
241.04	55111.84
241.09	55129.13
241.14	55147.32
241.19	55188.39
241.24	55229.71
241.29	55249.98
241.34	55263.25
241.39	55271.37
241.44	55272.84
241.49	55276.46
241.54	55278.32
241.59	55275.79
241.64	55283.40
241.69	55274.99
241.74	55256.76
241.79	55249.50
241.84	55236.47
241.90	55215.10
241.95	55197.67
242.00	55177.76
242.05	55147.98
242.10	55131.70
242.15	55120.02
242.20	55109.54
242.25	55107.46
242.30	55102.62
242.35	55091.06
242.40	55085.36
242.45	55083.10
242.50	55076.33
242.55	55075.09
242.60	55079.63
242.65	55075.90
242.70	55084.33
242.75	55109.26
242.80	55153.21
242.85	55187.89
242.91	55206.93
242.96	55204.61
243.01	55187.27
243.06	55152.48
243.11	55112.40
243.16	55086.68
243.21	55075.00
243.26	55081.83
243.31	55098.86
243.36	55109.27
243.41	55130.10
243.46	55134.35
243.51	55109.97
243.56	55055.34
243.61	55008.80
243.66	54963.47
243.71	54926.65
243.76	54919.80
243.81	54935.72
243.86	54938.79
243.91	54948.85
243.96	54959.63
244.01	54936.92
244.06	54915.98
244.12	54910.23
244.17	54891.35
244.22	54878.55
244.27	54904.46
244.32	54925.66
244.37	54940.00
244.42	54949.60
244.47	54940.06
244.52	54912.07
244.57	54877.44
244.62	54850.41
244.67	54834.31
244.72	54820.46
244.77	54818.23
244.82	54837.05
244.87	54869.29
244.92	54885.45
244.97	54905.37
245.02	54899.26
245.07	54874.42
245.12	54852.01
245.17	54835.02
245.22	54825.29
245.27	54826.65
245.32	54793.65
245.37	54748.22
245.42	54700.08
245.47	54652.48
245.52	54609.97
245.57	54598.33
245.62	54587.47
245.67	54573.89
245.72	54569.89
245.77	54546.19
245.82	54530.90
245.87	54529.64
245.92	54544.66
245.98	54536.44
246.03	54545.41
246.08	54554.38
246.13	54546.06
246.18	54542.05
246.23	54532.97
246.28	54517.46
246.33	54498.42
246.38	54472.84
246.43	54444.48
246.48	54427.58
246.53	54429.37
246.58	54443.46
246.63	54455.90
246.68	54447.97
246.73	54433.13
246.78	54405.28
246.83	54348.32
246.88	54288.81
246.93	54238.85
246.98	54193.07
247.03	54157.04
247.08	54141.05
247.13	54134.20
247.18	54131.58
247.23	54154.32
247.28	54161.04
247.33	54144.34
247.38	54124.83
247.43	54110.39
247.48	54093.30
247.53	54062.13
247.58	54040.03
247.63	54015.08
247.68	53975.57
247.73	53910.59
247.78	53877.68
247.83	53847.42
247.88	53819.00
247.93	53808.63
247.98	53814.38
248.03	53814.82
248.08	53824.21
248.13	53825.20
248.18	53814.96
248.23	53803.22
248.28	53768.88
248.33	53728.24
248.38	53699.34
248.43	53674.61
248.48	53659.00
248.53	53650.12
248.58	53640.70
248.63	53639.74
248.68	53613.52
248.73	53584.38
248.78	53550.49
248.83	53499.57
248.88	53421.56
248.93	53363.21
248.98	53288.55
249.03	53246.72
249.08	53221.54
249.13	53220.76
249.18	53220.71
249.23	53230.31
249.28	53224.15
249.33	53220.38
249.38	53207.56
249.43	53191.14
249.48	53171.81
249.53	53153.45
249.58	53126.96
249.63	53101.39
249.68	53083.42
249.73	53059.00
249.78	53034.99
249.83	53030.34
249.88	53005.22
249.93	52984.87
249.98	52978.86
250.03	52975.64
250.08	52951.17
250.13	52941.67
250.18	52916.62
250.23	52872.88
250.28	52823.52
250.33	52771.29
250.37	52731.15
250.42	52697.16
250.47	52666.29
250.52	52644.99
250.57	52628.12
250.62	52590.89
250.67	52562.09
250.72	52550.93
250.77	52509.66
250.82	52488.09
250.87	52483.29
250.92	52464.42
250.97	52435.52
251.02	52429.52
251.07	52431.84
251.12	52416.99
251.17	52398.47
251.22	52368.03
251.27	52333.77
251.32	52278.83
251.37	52222.01
251.42	52164.86
251.47	52129.86
251.52	52105.70
251.57	52084.64
251.62	52079.67
251.67	52078.89
251.72	52056.80
251.77	52020.72
251.82	51983.73
251.87	51935.35
251.92	51881.40
251.97	51827.99
252.02	51789.06
252.07	51759.57
252.12	51743.60
252.16	51730.76
252.21	51729.83
252.26	51733.41
252.31	51732.87
252.36	51724.55
252.41	51712.09
252.46	51698.17
252.51	51672.12
252.56	51635.21
252.61	51604.94
252.66	51579.26
252.71	51558.57
252.76	51531.01
252.81	51486.07
252.86	51430.18
252.91	51391.82
252.96	51324.80
253.01	51253.66
253.06	51198.22
253.11	51164.23
253.16	51109.07
253.21	51056.71
253.26	51016.54
253.31	50988.65
253.36	50956.82
253.40	50931.67
253.45	50931.42
253.50	50903.87
253.55	50863.04
253.60	50809.98
253.65	50765.96
253.70	50724.92
253.75	50707.75
253.80	50697.47
253.85	50701.57
253.90	50706.97
253.95	50696.03
254.00	50689.42
254.05	50675.96
254.10	50638.02
254.15	50598.14
254.20	50561.85
254.25	50524.00
254.30	50486.64
254.35	50443.94
254.39	50377.74
254.44	50302.41
254.49	50225.66
254.54	50182.12
254.59	50158.93
254.64	50156.98
254.69	50162.57
254.74	50167.03
254.79	50146.43
254.84	50111.58
254.89	50086.83
254.94	50065.93
254.99	50052.80
255.04	50035.59
255.09	50032.91
255.14	50007.08
255.19	49990.20
255.23	49977.08
255.28	49966.45
255.33	49949.93
255.38	49945.92
255.43	49936.48
255.48	49905.19
255.53	49867.07
255.58	49835.53
255.63	49799.81
255.68	49747.61
255.73	49710.88
255.78	49685.98
255.83	49654.62
255.88	49629.10
255.93	49599.49
255.97	49573.39
256.02	49538.68
256.07	49502.26
256.12	49439.02
256.17	49397.51
256.22	49341.23
256.27	49289.43
256.32	49243.04
256.37	49219.11
256.42	49197.82
256.47	49180.47
256.52	49157.66
256.57	49136.19
256.62	49120.65
256.66	49106.10
256.71	49080.13
256.76	49045.42
256.81	48996.17
256.86	48938.28
256.91	48884.35
256.96	48839.00
257.01	48802.81
257.06	48780.78
257.11	48746.76
257.16	48697.18
257.21	48648.46
257.26	48611.91
257.30	48570.03
257.35	48536.81
257.40	48517.33
257.45	48505.86
257.50	48481.44
257.55	48460.74
257.60	48437.34
257.65	48408.13
257.70	48366.97
257.75	48323.81
257.80	48281.46
257.85	48251.96
257.89	48209.76
257.94	48156.02
257.99	48097.23
258.04	48041.82
258.09	47991.87
258.14	47949.50
258.19	47939.36
258.24	47923.78
258.29	47886.56
258.34	47841.92
258.39	47810.99
258.44	47753.03
258.48	47697.37
258.53	47668.32
258.58	47631.34
258.63	47582.00
258.68	47539.60
258.73	47511.35
258.78	47470.43
258.83	47430.29
258.88	47388.74
258.93	47352.37
258.97	47321.17
259.02	47295.65
259.07	47273.30
259.12	47259.29
259.17	47244.20
259.22	47225.38
259.27	47199.89
259.32	47177.55
259.37	47133.05
259.42	47096.22
259.47	47049.63
259.51	47000.36
259.56	46940.90
259.61	46878.38
259.66	46795.62
259.71	46724.40
259.76	46658.85
259.81	46598.71
259.86	46563.19
259.91	46528.64
259.95	46503.75
260.00	46482.35
260.05	46462.09
260.10	46436.77
260.15	46427.75
260.20	46408.18
260.25	46399.02
260.30	46389.27
260.35	46366.64
260.40	46337.56
260.44	46319.28
260.49	46297.35
260.54	46263.70
260.59	46240.17
260.64	46231.51
260.69	46223.42
260.74	46179.10
260.79	46144.01
260.84	46095.62
260.88	46030.28
260.93	45956.67
260.98	45920.93
261.03	45878.36
261.08	45849.66
261.13	45813.13
261.18	45767.30
261.23	45710.62
261.28	45672.43
261.32	45627.12
261.37	45582.89
261.42	45556.72
261.47	45542.04
261.52	45497.08
261.57	45453.69
261.62	45418.26
261.67	45361.35
261.71	45294.06
261.76	45252.27
261.81	45198.26
261.86	45147.92
261.91	45106.75
261.96	45063.89
262.01	45024.51
262.06	45006.03
262.10	44989.04
262.15	44975.22
262.20	44960.98
262.25	44939.06
262.30	44921.56
262.35	44894.11
262.40	44859.72
262.45	44828.56
262.49	44798.68
262.54	44757.39
262.59	44727.30
262.64	44705.29
262.69	44672.60
262.74	44626.64
262.79	44569.62
262.84	44517.56
262.88	44458.42
262.93	44406.39
262.98	44369.18
263.03	44336.77
263.08	44284.91
263.13	44217.08
263.18	44152.69
263.23	44086.56
263.27	44037.77
263.32	44011.82
263.37	43995.79
263.42	43978.45
263.47	43959.49
263.52	43937.83
263.57	43896.84
263.61	43857.87
263.66	43819.92
263.71	43779.14
263.76	43744.87
263.81	43697.49
263.86	43671.42
263.91	43632.72
263.95	43580.18
264.00	43513.22
264.05	43473.68
264.10	43407.71
264.15	43337.55
264.20	43296.58
264.25	43258.50
264.29	43208.18
264.34	43154.82
264.39	43119.29
264.44	43072.19
264.49	43019.87
264.54	42977.25
264.59	42943.41
264.63	42903.87
264.68	42848.94
264.73	42800.40
264.78	42754.44
264.83	42690.88
264.88	42645.44
264.93	42620.68
264.97	42593.15
265.02	42567.60
265.07	42558.57
265.12	42525.68
265.17	42479.23
265.22	42445.96
265.27	42389.47
265.31	42326.68
265.36	42263.77
265.41	42204.00
265.46	42137.00
265.51	42071.49
265.56	42013.13
265.60	41954.06
265.65	41894.28
265.70	41840.38
265.75	41790.97
265.80	41739.40
265.85	41687.99
265.90	41632.43
265.94	41573.41
265.99	41512.51
266.04	41463.36
266.09	41424.02
266.14	41390.12
266.19	41353.67
266.23	41320.46
266.28	41272.46
266.33	41236.41
266.38	41209.16
266.43	41187.62
266.48	41166.45
266.52	41145.75
266.57	41111.28
266.62	41066.90
266.67	41012.25
266.72	40965.46
266.77	40931.45
266.81	40906.25
266.86	40877.25
266.91	40851.43
266.96	40806.11
267.01	40771.18
267.06	40709.48
267.10	40657.76
267.15	40610.09
267.20	40587.45
267.25	40548.57
267.30	40519.01
267.35	40486.39
267.39	40443.87
267.44	40393.45
267.49	40342.42
267.54	40294.63
267.59	40243.74
267.64	40191.19
267.68	40130.77
267.73	40074.48
267.78	40036.84
267.83	40016.86
267.88	40005.39
267.93	40004.13
267.97	39996.94
268.02	39954.29
268.07	39904.68
268.12	39852.00
268.17	39785.41
268.21	39739.23
268.26	39702.17
268.31	39653.17
268.36	39607.63
268.41	39564.26
268.46	39510.57
268.50	39474.28
268.55	39426.37
268.60	39369.92
268.65	39312.75
268.70	39235.87
268.74	39162.82
268.79	39098.52
268.84	39043.21
268.89	38990.69
268.94	38960.04
268.99	38918.16
269.03	38878.70
269.08	38830.93
269.13	38768.88
269.18	38684.23
269.23	38592.68
269.27	38483.32
269.32	38354.22
269.37	38234.20
269.42	38104.47
269.47	37965.71
269.51	37828.24
269.56	37694.82
269.61	37553.45
269.66	37407.27
269.71	37253.39
269.76	37107.60
269.80	36959.27
269.85	36807.54
269.90	36665.05
269.95	36523.12
270.00	36363.29
270.04	36216.45
270.09	36073.73
270.14	35931.31
270.19	35792.61
270.24	35666.80
270.28	35506.84
270.33	35340.92
270.38	35163.12
270.43	34984.20
270.48	34808.02
270.52	34659.36
270.57	34496.15
270.62	34340.23
270.67	34190.63
270.72	34029.55
270.76	33846.78
270.81	33679.66
270.86	33506.30
270.91	33329.42
270.96	33163.60
271.00	33008.67
271.05	32858.72
271.10	32723.61
271.15	32595.13
271.20	32466.77
271.24	32336.07
271.29	32198.84
271.34	32050.78
271.39	31902.13
271.44	31750.20
271.48	31612.04
271.53	31468.64
271.58	31328.84
271.63	31179.85
271.67	31041.23
271.72	30890.28
271.77	30744.41
271.82	30606.08
271.87	30472.20
271.91	30313.35
271.96	30167.75
272.01	30033.78
272.06	29898.34
272.11	29774.62
272.15	29668.83
272.20	29566.94
272.25	29465.52
272.30	29366.86
272.35	29264.85
272.39	29162.19
272.44	29041.30
272.49	28904.62
272.54	28766.43
272.58	28614.39
272.63	28460.85
272.68	28313.39
272.73	28159.71
272.78	27984.78
272.82	27782.88
272.87	27562.86
272.92	27277.29
272.97	26753.91
273.01	23809.32
273.06	18883.33
273.11	13446.27
273.16	8109.77
273.21	3052.74
273.25	459.84
273.30	-88.54
273.35	-89.26
