165.32	3384.28
165.38	-248.58
165.44	597.12
165.50	-76.52
165.55	-17.68
165.61	5.35
165.67	33.79
165.72	43.08
165.78	48.78
165.84	48.05
165.89	44.77
165.95	43.25
166.01	42.88
166.06	44.66
166.12	46.42
166.18	44.96
166.23	46.34
166.29	45.24
166.35	41.49
166.40	40.80
166.46	47.28
166.52	50.42
166.57	51.52
166.63	52.19
166.69	55.20
166.74	49.35
166.80	49.43
166.86	51.04
166.91	52.09
166.97	46.21
167.03	48.46
167.08	43.40
167.14	42.62
167.20	40.23
167.25	52.52
167.31	52.78
167.37	58.00
167.42	60.07
167.48	65.89
167.54	60.66
167.59	60.03
167.65	55.61
167.71	55.36
167.76	54.65
167.82	50.24
167.88	50.12
167.93	58.00
167.99	56.81
168.05	58.86
168.10	66.67
168.16	66.15
168.21	64.41
168.27	68.66
168.33	70.41
168.38	63.00
168.44	68.02
168.50	66.12
168.55	64.78
168.61	65.26
168.67	67.31
168.72	64.38
168.78	64.15
168.84	59.95
168.89	58.62
168.95	58.86
169.01	58.33
169.06	58.58
169.12	57.98
169.18	55.71
169.23	56.01
169.29	59.98
169.34	64.28
169.40	66.61
169.46	71.74
169.51	73.67
169.57	69.27
169.63	65.39
169.68	69.99
169.74	66.61
169.80	72.36
169.85	73.78
169.91	77.18
169.97	74.19
170.02	73.59
170.08	73.12
170.13	73.65
170.19	73.45
170.25	74.68
170.30	78.94
170.36	69.95
170.42	71.77
170.47	72.81
170.53	74.72
170.59	71.75
170.64	75.91
170.70	73.54
170.76	71.28
170.81	72.23
170.87	71.62
170.92	72.23
170.98	75.62
171.04	77.86
171.09	73.42
171.15	80.55
171.21	81.40
171.26	78.42
171.32	75.79
171.37	80.32
171.43	75.13
171.49	79.81
171.54	83.05
171.60	84.68
171.66	86.49
171.71	86.85
171.77	84.51
171.83	90.66
171.88	89.68
171.94	88.84
171.99	93.43
172.05	92.57
172.11	93.15
172.16	101.58
172.22	102.39
172.28	102.73
172.33	100.61
172.39	97.47
172.44	94.36
172.50	99.24
172.56	98.84
172.61	107.03
172.67	106.51
172.72	106.36
172.78	101.58
172.84	96.38
172.89	90.03
172.95	89.55
173.01	90.81
173.06	88.95
173.12	94.25
173.17	95.40
173.23	94.90
173.29	94.93
173.34	96.96
173.40	91.60
173.46	91.94
173.51	94.91
173.57	94.97
173.62	89.50
173.68	96.23
173.74	95.40
173.79	96.78
173.85	94.24
173.90	97.01
173.96	93.54
174.02	90.87
174.07	82.53
174.13	81.15
174.18	83.49
174.24	76.73
174.30	76.93
174.35	82.51
174.41	79.82
174.47	74.14
174.52	75.30
174.58	74.26
174.63	69.71
174.69	69.01
174.75	70.20
174.80	81.38
174.86	78.99
174.91	79.76
174.97	79.40
175.03	77.23
175.08	64.89
175.14	71.26
175.19	67.67
175.25	68.35
175.31	72.52
175.36	74.36
175.42	71.51
175.47	76.15
175.53	76.36
175.59	72.59
175.64	74.23
175.70	72.51
175.75	67.90
175.81	66.33
175.87	67.73
175.92	63.92
175.98	65.35
176.03	65.12
176.09	65.71
176.15	65.72
176.20	66.75
176.26	66.73
176.31	70.30
176.37	67.60
176.42	68.93
176.48	72.30
176.54	69.23
176.59	66.18
176.65	69.31
176.70	70.35
176.76	69.37
176.82	67.65
176.87	64.56
176.93	64.44
176.98	63.18
177.04	58.41
177.10	63.18
177.15	65.17
177.21	65.71
177.26	64.44
177.32	68.30
177.37	70.68
177.43	74.14
177.49	70.90
177.54	68.68
177.60	68.86
177.65	69.18
177.71	64.09
177.77	67.08
177.82	68.97
177.88	73.27
177.93	68.89
177.99	74.88
178.04	70.64
178.10	71.40
178.16	64.64
178.21	65.48
178.27	62.71
178.32	66.52
178.38	65.33
178.43	67.05
178.49	66.77
178.55	65.93
178.60	64.90
178.66	63.72
178.71	65.15
178.77	62.62
178.82	63.89
178.88	63.84
178.94	64.62
178.99	65.30
179.05	70.08
179.10	65.68
179.16	68.36
179.21	70.96
179.27	70.03
179.33	65.75
179.38	69.95
179.44	67.85
179.49	67.74
179.55	65.78
179.60	65.91
179.66	64.84
179.72	66.91
179.77	64.06
179.83	62.92
179.88	64.70
179.94	65.93
179.99	62.84
180.05	63.13
180.11	64.09
180.16	66.20
180.22	68.87
180.27	72.95
180.33	73.93
180.38	78.02
180.44	73.80
180.49	73.36
180.55	71.60
180.61	75.88
180.66	70.45
180.72	69.11
180.77	66.98
180.83	66.73
180.88	63.52
180.94	63.50
180.99	66.60
181.05	66.94
181.11	68.06
181.16	68.61
181.22	70.17
181.27	72.67
181.33	70.94
181.38	67.97
181.44	68.99
181.49	73.20
181.55	73.59
181.61	79.87
181.66	82.52
181.72	80.35
181.77	77.99
181.83	76.11
181.88	81.23
181.94	82.96
181.99	87.92
182.05	87.99
182.11	88.18
182.16	78.99
182.22	77.12
182.27	72.50
182.33	74.48
182.38	74.13
182.44	78.81
182.49	80.24
182.55	81.71
182.60	82.00
182.66	85.67
182.72	88.04
182.77	89.87
182.83	93.64
182.88	96.52
182.94	97.40
182.99	95.01
183.05	94.13
183.10	96.00
183.16	94.75
183.21	95.76
183.27	102.21
183.32	106.08
183.38	108.73
183.44	114.71
183.49	118.73
183.55	119.21
183.60	123.80
183.66	129.32
183.71	137.59
183.77	144.00
183.82	151.73
183.88	162.29
183.93	172.23
183.99	184.71
184.04	200.06
184.10	211.87
184.15	222.08
184.21	234.13
184.27	235.75
184.32	236.80
184.38	235.68
184.43	233.27
184.49	218.77
184.54	204.30
184.60	197.72
184.65	185.73
184.71	177.70
184.76	180.10
184.82	195.93
184.87	210.67
184.93	233.65
184.98	258.71
185.04	287.71
185.09	311.06
185.15	334.83
185.20	365.53
185.26	398.95
185.31	425.48
185.37	451.22
185.43	470.77
185.48	487.76
185.54	508.83
185.59	533.86
185.65	558.17
185.70	597.02
185.76	641.85
185.81	675.66
185.87	712.41
185.92	754.80
185.98	789.47
186.03	804.93
186.09	808.00
186.14	784.49
186.20	735.37
186.25	654.67
186.31	574.84
186.36	511.46
186.42	484.59
186.47	494.12
186.53	541.14
186.58	608.53
186.64	680.91
186.69	751.45
186.75	810.53
186.80	868.48
186.86	926.80
186.91	986.52
186.97	1041.63
187.02	1113.00
187.08	1179.75
187.13	1238.00
187.19	1302.11
187.24	1369.13
187.30	1419.53
187.35	1474.67
187.41	1543.36
187.47	1608.28
187.52	1663.12
187.58	1721.98
187.63	1788.83
187.69	1854.78
187.74	1908.43
187.80	1958.47
187.85	2006.08
187.91	2027.73
187.96	2015.39
188.02	1955.70
188.07	1853.14
188.13	1696.16
188.18	1530.59
188.24	1406.58
188.29	1347.15
188.35	1354.02
188.40	1431.66
188.46	1555.63
188.51	1677.87
188.57	1804.23
188.62	1924.55
188.67	2041.58
188.73	2151.24
188.78	2256.00
188.84	2357.34
188.89	2460.48
188.95	2560.27
189.00	2648.78
189.06	2742.36
189.11	2835.61
189.17	2916.15
189.22	2989.26
189.28	3076.14
189.33	3154.03
189.39	3218.23
189.44	3283.54
189.50	3357.71
189.55	3426.72
189.61	3479.52
189.66	3537.08
189.72	3594.72
189.77	3647.29
189.83	3673.75
189.88	3684.88
189.94	3656.68
189.99	3581.08
190.05	3430.14
190.10	3217.35
190.16	2972.60
190.21	2755.78
190.27	2616.79
190.32	2582.17
190.38	2649.76
190.43	2801.96
190.49	2986.11
190.54	3149.89
190.60	3301.66
190.65	3437.97
190.71	3560.70
190.76	3678.26
190.81	3795.30
190.87	3907.55
190.92	4028.88
190.98	4143.80
191.03	4254.77
191.09	4373.01
191.14	4477.60
191.20	4568.22
191.25	4670.06
191.31	4769.93
191.36	4859.56
191.42	4949.04
191.47	5043.93
191.53	5130.93
191.58	5207.09
191.64	5272.86
191.69	5335.48
191.75	5378.27
191.80	5411.48
191.85	5431.08
191.91	5448.97
191.96	5470.22
192.02	5501.44
192.07	5518.04
192.13	5513.88
192.18	5470.05
192.24	5354.82
192.29	5161.11
192.35	4937.27
192.40	4755.49
192.46	4647.30
192.51	4642.56
192.57	4740.48
192.62	4917.21
192.67	5104.48
192.73	5284.15
192.78	5445.38
192.84	5593.68
192.89	5726.35
192.95	5854.48
193.00	5968.35
193.06	6079.18
193.11	6186.05
193.17	6275.18
193.22	6356.33
193.28	6445.50
193.33	6521.43
193.38	6584.32
193.44	6654.07
193.49	6725.92
193.55	6784.37
193.60	6839.12
193.66	6894.77
193.71	6943.05
193.77	6970.15
193.82	6991.74
193.88	7012.44
193.93	7041.66
193.98	7065.34
194.04	7105.68
194.09	7149.08
194.15	7198.02
194.20	7241.76
194.26	7286.23
194.31	7330.42
194.37	7359.65
194.42	7369.51
194.47	7361.30
194.53	7321.23
194.58	7231.53
194.64	7126.38
194.69	7032.83
194.75	6960.82
194.80	6941.88
194.86	6984.38
194.91	7073.72
194.97	7176.57
195.02	7287.32
195.07	7399.21
195.13	7505.66
195.18	7617.99
195.24	7726.94
195.29	7839.28
195.35	7936.55
195.40	8039.63
195.46	8117.74
195.51	8203.41
195.56	8279.64
195.62	8355.40
195.67	8418.36
195.73	8486.55
195.78	8540.66
195.84	8587.67
195.89	8621.68
195.94	8653.95
196.00	8684.69
196.05	8719.88
196.11	8763.28
196.16	8815.47
196.22	8869.83
196.27	8927.73
196.32	8978.98
196.38	9022.58
196.43	9068.03
196.49	9107.73
196.54	9148.31
196.60	9190.03
196.65	9235.63
196.71	9278.79
196.76	9322.48
196.81	9357.03
196.87	9391.11
196.92	9422.00
196.98	9439.20
197.03	9450.65
197.09	9450.12
197.14	9448.71
197.19	9448.86
197.25	9466.41
197.30	9490.63
197.36	9542.31
197.41	9606.17
197.47	9670.30
197.52	9730.25
197.57	9794.80
197.63	9846.52
197.68	9895.81
197.74	9942.48
197.79	9989.36
197.84	10036.09
197.90	10086.76
197.95	10129.13
198.01	10174.70
198.06	10218.90
198.12	10262.15
198.17	10300.96
198.22	10340.56
198.28	10377.86
198.33	10422.83
198.39	10463.78
198.44	10512.29
198.49	10565.63
198.55	10611.58
198.60	10654.80
198.66	10700.27
198.71	10746.65
198.77	10789.32
198.82	10841.04
198.87	10890.48
198.93	10937.70
198.98	10982.25
199.04	11027.55
199.09	11067.39
199.14	11107.85
199.20	11147.43
199.25	11185.16
199.31	11228.93
199.36	11275.81
199.42	11319.26
199.47	11361.14
199.52	11401.81
199.58	11438.13
199.63	11463.45
199.69	11495.89
199.74	11529.98
199.79	11557.78
199.85	11586.02
199.90	11628.24
199.96	11662.55
200.01	11703.99
200.06	11754.59
200.12	11803.65
200.17	11856.05
200.23	11910.15
200.28	11952.67
200.33	12002.47
200.39	12046.77
200.44	12086.83
200.50	12126.28
200.55	12169.02
200.60	12204.64
200.66	12241.71
200.71	12273.01
200.77	12314.25
200.82	12352.42
200.87	12393.52
200.93	12435.66
200.98	12479.36
201.04	12520.00
201.09	12565.85
201.14	12614.59
201.20	12662.61
201.25	12720.31
201.31	12774.95
201.36	12836.72
201.41	12891.58
201.47	12950.33
201.52	12998.98
201.58	13055.72
201.63	13102.66
201.68	13150.98
201.74	13200.40
201.79	13251.08
201.84	13300.25
201.90	13350.02
201.95	13401.23
202.01	13452.35
202.06	13502.65
202.11	13546.50
202.17	13593.87
202.22	13640.66
202.28	13681.92
202.33	13723.33
202.38	13761.92
202.44	13806.17
202.49	13849.45
202.54	13900.45
202.60	13949.90
202.65	14001.66
202.71	14046.41
202.76	14083.74
202.81	14121.25
202.87	14168.36
202.92	14217.58
202.98	14270.61
203.03	14327.59
203.08	14382.14
203.14	14433.51
203.19	14488.99
203.24	14541.60
203.30	14596.26
203.35	14647.03
203.41	14694.81
203.46	14731.01
203.51	14773.37
203.57	14811.55
203.62	14860.38
203.67	14915.08
203.73	14965.54
203.78	15016.37
203.84	15070.83
203.89	15114.96
203.94	15153.74
204.00	15204.53
204.05	15249.77
204.10	15288.52
204.16	15327.01
204.21	15365.28
204.27	15399.28
204.32	15427.52
204.37	15462.60
204.43	15496.41
204.48	15529.63
204.53	15561.86
204.59	15611.94
204.64	15672.79
204.69	15746.09
204.75	15822.41
204.80	15908.24
204.86	15978.28
204.91	16038.77
204.96	16093.43
205.02	16137.86
205.07	16188.62
205.12	16246.19
205.18	16307.80
205.23	16373.38
205.28	16454.87
205.34	16516.70
205.39	16579.91
205.45	16646.50
205.50	16698.22
205.55	16750.23
205.61	16811.60
205.66	16864.22
205.71	16924.28
205.77	16991.63
205.82	17049.12
205.87	17107.75
205.93	17166.38
205.98	17212.66
206.03	17253.83
206.09	17299.96
206.14	17344.23
206.20	17392.98
206.25	17447.01
206.30	17511.05
206.36	17569.58
206.41	17632.06
206.46	17691.76
206.52	17739.24
206.57	17786.37
206.62	17835.62
206.68	17878.83
206.73	17924.20
206.78	17985.22
206.84	18037.10
206.89	18095.03
206.94	18158.18
207.00	18227.32
207.05	18289.04
207.11	18355.70
207.16	18410.16
207.21	18474.15
207.27	18528.54
207.32	18584.10
207.37	18644.29
207.43	18702.77
207.48	18752.25
207.53	18807.01
207.59	18860.11
207.64	18911.53
207.69	18980.35
207.75	19044.40
207.80	19100.68
207.85	19161.02
207.91	19218.66
207.96	19272.98
208.01	19332.36
208.07	19391.43
208.12	19448.47
208.17	19499.89
208.23	19545.82
208.28	19595.43
208.33	19652.20
208.39	19711.67
208.44	19782.82
208.49	19847.86
208.55	19902.73
208.60	19955.92
208.65	20005.36
208.71	20047.41
208.76	20099.89
208.81	20158.95
208.87	20230.19
208.92	20292.36
208.97	20358.97
209.03	20420.48
209.08	20481.35
209.13	20535.37
209.19	20595.66
209.24	20652.79
209.29	20718.15
209.35	20772.92
209.40	20832.23
209.45	20899.61
209.51	20964.68
209.56	21023.11
209.61	21091.78
209.67	21155.33
209.72	21208.31
209.77	21269.04
209.83	21329.19
209.88	21397.58
209.93	21462.66
209.99	21528.95
210.04	21597.25
210.09	21665.22
210.15	21722.52
210.20	21783.98
210.25	21845.45
210.31	21906.78
210.36	21952.39
210.41	22006.51
210.46	22061.64
210.52	22120.82
210.57	22168.50
210.62	22236.74
210.68	22301.03
210.73	22357.34
210.78	22412.02
210.84	22475.80
210.89	22536.37
210.94	22590.10
211.00	22648.46
211.05	22703.76
211.10	22764.52
211.16	22820.65
211.21	22887.14
211.26	22956.61
211.32	23028.71
211.37	23089.81
211.42	23156.81
211.47	23223.46
211.53	23284.68
211.58	23341.94
211.63	23403.73
211.69	23466.93
211.74	23520.89
211.79	23575.80
211.85	23636.86
211.90	23697.77
211.95	23762.81
212.01	23832.62
212.06	23907.28
212.11	23981.72
212.16	24057.80
212.22	24128.21
212.27	24187.71
212.32	24251.90
212.38	24317.89
212.43	24383.08
212.48	24443.82
212.54	24520.67
212.59	24586.40
212.64	24651.93
212.69	24709.20
212.75	24777.12
212.80	24839.15
212.85	24905.45
212.91	24963.79
212.96	25025.15
213.01	25089.86
213.07	25147.89
213.12	25210.26
213.17	25272.78
213.22	25339.51
213.28	25397.40
213.33	25450.54
213.38	25505.23
213.44	25561.79
213.49	25628.50
213.54	25693.08
213.60	25777.36
213.65	25855.87
213.70	25939.02
213.75	26006.72
213.81	26068.43
213.86	26122.84
213.91	26178.87
213.97	26224.23
214.02	26272.90
214.07	26332.40
214.12	26383.34
214.18	26434.47
214.23	26492.56
214.28	26554.64
214.34	26607.01
214.39	26668.10
214.44	26723.85
214.49	26765.31
214.55	26792.83
214.60	26818.75
214.65	26834.61
214.71	26846.53
214.76	26896.09
214.81	26964.13
214.86	27067.91
214.92	27171.69
214.97	27287.71
215.02	27381.33
215.08	27466.16
215.13	27538.39
215.18	27602.98
215.23	27666.65
215.29	27729.88
215.34	27807.44
215.39	27880.46
215.45	27975.11
215.50	28068.25
215.55	28163.13
215.60	28241.20
215.66	28308.44
215.71	28368.74
215.76	28434.81
215.81	28490.84
215.87	28558.71
215.92	28615.31
215.97	28669.96
216.03	28726.23
216.08	28782.20
216.13	28835.13
216.18	28899.46
216.24	28964.68
216.29	29018.76
216.34	29078.18
216.39	29139.06
216.45	29199.00
216.50	29254.59
216.55	29315.78
216.61	29387.17
216.66	29447.18
216.71	29503.35
216.76	29563.73
216.82	29634.43
216.87	29694.60
216.92	29771.49
216.97	29841.79
217.03	29917.40
217.08	29984.86
217.13	30069.42
217.18	30131.99
217.24	30202.99
217.29	30268.75
217.34	30320.26
217.39	30363.13
217.45	30409.97
217.50	30459.98
217.55	30517.51
217.61	30591.24
217.66	30655.67
217.71	30722.32
217.76	30805.78
217.82	30886.06
217.87	30959.10
217.92	31036.90
217.97	31112.58
218.03	31170.02
218.08	31218.52
218.13	31258.54
218.18	31301.59
218.24	31367.07
218.29	31425.05
218.34	31486.68
218.39	31553.79
218.45	31626.23
218.50	31679.18
218.55	31740.93
218.60	31796.75
218.66	31852.68
218.71	31913.30
218.76	31977.00
218.81	32040.45
218.87	32109.89
218.92	32182.07
218.97	32250.13
219.02	32316.97
219.08	32384.33
219.13	32461.62
219.18	32531.86
219.23	32590.13
219.29	32653.40
219.34	32711.83
219.39	32764.89
219.44	32823.61
219.50	32892.44
219.55	32953.26
219.60	33022.80
219.65	33092.75
219.71	33160.83
219.76	33212.20
219.81	33267.72
219.86	33319.43
219.92	33371.89
219.97	33422.41
220.02	33478.12
220.07	33540.18
220.13	33604.31
220.18	33665.25
220.23	33736.68
220.28	33821.44
220.33	33900.90
220.39	33957.38
220.44	34017.27
220.49	34070.54
220.54	34116.08
220.60	34163.87
220.65	34233.77
220.70	34299.03
220.75	34377.24
220.81	34454.55
220.86	34532.32
220.91	34604.47
220.96	34681.85
221.02	34746.91
221.07	34811.35
221.12	34863.57
221.17	34920.06
221.22	34976.56
221.28	35027.94
221.33	35089.00
221.38	35152.33
221.43	35218.86
221.49	35281.94
221.54	35351.33
221.59	35420.83
221.64	35506.08
221.69	35590.45
221.75	35688.44
221.80	35784.05
221.85	35855.94
221.90	35918.98
221.96	35981.28
222.01	36017.36
222.06	36053.18
222.11	36099.96
222.17	36144.40
222.22	36169.22
222.27	36215.60
222.32	36266.96
222.37	36317.18
222.43	36376.66
222.48	36447.62
222.53	36515.69
222.58	36587.18
222.63	36661.61
222.69	36728.98
222.74	36805.14
222.79	36873.68
222.84	36922.18
222.90	36978.30
222.95	37035.15
223.00	37072.77
223.05	37129.73
223.10	37199.13
223.16	37254.01
223.21	37295.13
223.26	37343.77
223.31	37374.82
223.36	37408.01
223.42	37443.82
223.47	37483.78
223.52	37534.67
223.57	37586.14
223.63	37636.77
223.68	37685.77
223.73	37758.34
223.78	37831.37
223.83	37900.16
223.89	37960.38
223.94	38033.89
223.99	38097.88
224.04	38164.09
224.09	38240.70
224.15	38331.63
224.20	38414.61
224.25	38503.77
224.30	38585.02
224.35	38672.01
224.41	38761.15
224.46	38857.01
224.51	38937.87
224.56	39023.02
224.61	39100.26
224.67	39176.68
224.72	39242.48
224.77	39334.32
224.82	39433.95
224.87	39517.32
224.93	39598.16
224.98	39692.93
225.03	39776.94
225.08	39846.62
225.13	39935.37
225.19	40024.42
225.24	40116.67
225.29	40190.34
225.34	40282.10
225.39	40361.57
225.45	40443.10
225.50	40513.14
225.55	40601.68
225.60	40680.69
225.65	40773.52
225.71	40862.28
225.76	40948.94
225.81	41023.43
225.86	41109.70
225.91	41181.15
225.97	41255.23
226.02	41322.51
226.07	41381.20
226.12	41428.57
226.17	41484.25
226.22	41550.26
226.28	41644.91
226.33	41759.54
226.38	41870.43
226.43	41967.33
226.48	42044.13
226.54	42099.81
226.59	42170.91
226.64	42241.49
226.69	42307.63
226.74	42381.86
226.80	42459.35
226.85	42516.72
226.90	42570.30
226.95	42649.74
227.00	42726.20
227.05	42814.19
227.11	42904.24
227.16	42998.83
227.21	43078.24
227.26	43163.77
227.31	43237.49
227.37	43299.78
227.42	43373.48
227.47	43452.58
227.52	43525.14
227.57	43590.33
227.62	43672.76
227.68	43742.54
227.73	43823.55
227.78	43901.07
227.83	43978.74
227.88	44048.94
227.93	44121.61
227.99	44191.98
228.04	44265.97
228.09	44347.97
228.14	44424.01
228.19	44500.09
228.24	44563.28
228.30	44634.10
228.35	44697.63
228.40	44767.73
228.45	44824.11
228.50	44898.16
228.56	44958.84
228.61	45022.58
228.66	45074.22
228.71	45130.59
228.76	45175.77
228.81	45220.03
228.87	45260.30
228.92	45320.74
228.97	45380.20
229.02	45465.61
229.07	45542.32
229.12	45633.69
229.17	45704.14
229.23	45793.56
229.28	45861.04
229.33	45946.88
229.38	46021.71
229.43	46099.19
229.48	46173.63
229.54	46239.28
229.59	46301.87
229.64	46369.21
229.69	46448.90
229.74	46531.14
229.79	46606.26
229.85	46687.13
229.90	46762.13
229.95	46830.15
230.00	46884.96
230.05	46963.40
230.10	47020.71
230.16	47086.14
230.21	47140.80
230.26	47201.93
230.31	47243.05
230.36	47305.39
230.41	47364.35
230.46	47445.65
230.52	47532.30
230.57	47618.89
230.62	47700.15
230.67	47767.64
230.72	47831.89
230.77	47875.58
230.82	47924.04
230.88	47962.72
230.93	48011.62
230.98	48044.19
231.03	48097.16
231.08	48150.02
231.13	48208.03
231.19	48273.43
231.24	48352.31
231.29	48429.70
231.34	48503.07
231.39	48573.40
231.44	48639.26
231.49	48684.82
231.55	48726.94
231.60	48764.84
231.65	48814.66
231.70	48855.07
231.75	48910.06
231.80	48962.49
231.85	49019.17
231.91	49063.26
231.96	49115.59
232.01	49182.42
232.06	49248.19
232.11	49314.98
232.16	49397.06
232.21	49487.55
232.26	49569.70
232.32	49650.04
232.37	49729.21
232.42	49795.50
232.47	49849.33
232.52	49890.24
232.57	49937.14
232.62	49990.69
232.68	50050.24
232.73	50124.58
232.78	50203.54
232.83	50279.18
232.88	50354.24
232.93	50431.23
232.98	50488.38
233.03	50542.48
233.09	50601.72
233.14	50666.09
233.19	50718.41
233.24	50772.20
233.29	50822.80
233.34	50863.66
233.39	50885.49
233.45	50916.36
233.50	50950.08
233.55	50997.75
233.60	51064.05
233.65	51126.72
233.70	51188.09
233.75	51240.24
233.80	51289.05
233.86	51337.46
233.91	51390.46
233.96	51438.93
234.01	51498.54
234.06	51557.17
234.11	51607.18
234.16	51662.80
234.21	51721.67
234.26	51767.06
234.32	51809.64
234.37	51848.73
234.42	51880.57
234.47	51905.18
234.52	51939.47
234.57	51979.54
234.62	52020.13
234.67	52071.29
234.73	52124.58
234.78	52182.93
234.83	52228.51
234.88	52269.90
234.93	52310.45
234.98	52359.11
235.03	52400.65
235.08	52463.51
235.13	52528.24
235.19	52592.63
235.24	52653.69
235.29	52715.22
235.34	52756.30
235.39	52795.05
235.44	52823.23
235.49	52861.18
235.54	52893.19
235.59	52913.53
235.65	52939.43
235.70	52980.85
235.75	53008.57
235.80	53055.94
235.85	53114.46
235.90	53164.34
235.95	53186.84
236.00	53218.10
236.05	53239.19
236.11	53264.11
236.16	53289.29
236.21	53342.43
236.26	53376.39
236.31	53407.27
236.36	53431.34
236.41	53448.03
236.46	53454.13
236.51	53476.54
236.56	53503.46
236.62	53530.48
236.67	53569.41
236.72	53623.16
236.77	53648.13
236.82	53687.98
236.87	53708.39
236.92	53730.85
236.97	53757.17
237.02	53809.14
237.07	53857.71
237.13	53930.22
237.18	53991.33
237.23	54044.15
237.28	54075.07
237.33	54111.87
237.38	54124.98
237.43	54146.78
237.48	54144.69
237.53	54178.98
237.58	54209.33
237.63	54251.33
237.69	54284.06
237.74	54337.59
237.79	54364.51
237.84	54362.31
237.89	54371.58
237.94	54383.48
237.99	54402.63
238.04	54428.28
238.09	54469.46
238.14	54497.98
238.19	54522.85
238.25	54536.04
238.30	54530.84
238.35	54525.18
238.40	54523.32
238.45	54528.03
238.50	54537.47
238.55	54552.62
238.60	54583.57
238.65	54609.05
238.70	54617.60
238.75	54628.55
238.80	54656.48
238.86	54659.31
238.91	54673.13
238.96	54710.46
239.01	54750.63
239.06	54784.17
239.11	54815.87
239.16	54841.14
239.21	54848.58
239.26	54833.46
239.31	54833.59
239.36	54843.15
239.41	54861.01
239.46	54887.00
239.52	54915.99
239.57	54938.25
239.62	54959.08
239.67	54981.60
239.72	55003.68
239.77	55026.29
239.82	55042.85
239.87	55055.66
239.92	55061.45
239.97	55057.72
240.02	55042.18
240.07	55029.84
240.12	55028.30
240.17	55039.91
240.23	55036.47
240.28	55051.93
240.33	55063.52
240.38	55048.90
240.43	55033.47
240.48	55048.80
240.53	55066.50
240.58	55083.12
240.63	55128.20
240.68	55143.49
240.73	55145.24
240.78	55140.17
240.83	55135.59
240.88	55109.66
240.93	55103.50
240.98	55102.81
241.04	55113.38
241.09	55141.18
241.14	55164.57
241.19	55205.68
241.24	55242.81
241.29	55263.87
241.34	55268.51
241.39	55281.80
241.44	55278.73
241.49	55272.06
241.54	55274.38
241.59	55269.86
241.64	55278.06
241.69	55271.35
241.74	55259.55
241.79	55245.53
241.84	55237.02
241.90	55217.71
241.95	55193.68
242.00	55173.83
242.05	55143.39
242.10	55123.88
242.15	55106.35
242.20	55103.88
242.25	55108.32
242.30	55106.00
242.35	55109.44
242.40	55106.19
242.45	55098.38
242.50	55082.67
242.55	55083.82
242.60	55081.36
242.65	55075.67
242.70	55079.54
242.75	55108.66
242.80	55150.56
242.85	55175.42
242.91	55197.79
242.96	55203.96
243.01	55191.41
243.06	55163.60
243.11	55130.60
243.16	55103.76
243.21	55097.16
243.26	55091.13
243.31	55099.28
243.36	55108.27
243.41	55130.73
243.46	55121.15
243.51	55100.53
243.56	55043.35
243.61	54992.73
243.66	54945.69
243.71	54924.43
243.76	54919.85
243.81	54944.13
243.86	54942.83
243.91	54943.11
243.96	54938.71
244.01	54914.55
244.06	54886.05
244.12	54879.08
244.17	54866.04
244.22	54858.74
244.27	54897.86
244.32	54922.72
244.37	54946.83
244.42	54948.63
244.47	54944.16
244.52	54907.81
244.57	54865.96
244.62	54846.50
244.67	54834.98
244.72	54813.12
244.77	54811.75
244.82	54843.57
244.87	54866.64
244.92	54888.42
244.97	54905.43
245.02	54890.85
245.07	54863.80
245.12	54846.12
245.17	54826.63
245.22	54832.78
245.27	54841.13
245.32	54805.19
245.37	54758.87
245.42	54712.19
245.47	54656.97
245.52	54607.10
245.57	54603.27
245.62	54588.96
245.67	54583.87
245.72	54580.98
245.77	54557.19
245.82	54538.00
245.87	54540.90
245.92	54547.40
245.98	54529.33
246.03	54539.44
246.08	54539.53
246.13	54527.64
246.18	54522.57
246.23	54532.58
246.28	54522.12
246.33	54513.16
246.38	54482.11
246.43	54455.07
246.48	54435.48
246.53	54434.21
246.58	54442.84
246.63	54454.47
246.68	54448.57
246.73	54433.34
246.78	54409.55
246.83	54353.83
246.88	54299.08
246.93	54255.30
246.98	54205.24
247.03	54165.15
247.08	54143.64
247.13	54134.63
247.18	54129.94
247.23	54150.85
247.28	54156.87
247.33	54156.73
247.38	54136.98
247.43	54121.76
247.48	54102.39
247.53	54073.23
247.58	54037.23
247.63	54020.64
247.68	53973.40
247.73	53910.27
247.78	53875.85
247.83	53850.01
247.88	53821.92
247.93	53817.78
247.98	53818.08
248.03	53816.83
248.08	53836.31
248.13	53843.18
248.18	53826.37
248.23	53831.00
248.28	53800.29
248.33	53750.93
248.38	53710.87
248.43	53688.76
248.48	53662.05
248.53	53649.34
248.58	53633.87
248.63	53634.33
248.68	53616.58
248.73	53586.72
248.78	53558.72
248.83	53514.14
248.88	53441.24
248.93	53375.38
248.98	53292.89
249.03	53238.07
249.08	53216.48
249.13	53210.78
249.18	53202.84
249.23	53223.27
249.28	53224.02
249.33	53212.58
249.38	53202.01
249.43	53192.88
249.48	53169.78
249.53	53161.14
249.58	53139.39
249.63	53119.37
249.68	53097.21
249.73	53078.95
249.78	53048.15
249.83	53041.96
249.88	53015.64
249.93	53001.97
249.98	52992.63
250.03	52988.20
250.08	52957.67
250.13	52948.80
250.18	52927.45
250.23	52882.14
250.28	52840.22
250.33	52794.67
250.37	52747.21
250.42	52705.82
250.47	52688.33
250.52	52667.91
250.57	52651.74
250.62	52623.13
250.67	52599.26
250.72	52572.66
250.77	52526.24
250.82	52503.68
250.87	52496.03
250.92	52475.85
250.97	52454.33
251.02	52452.45
251.07	52447.85
251.12	52424.88
251.17	52403.89
251.22	52370.39
251.27	52332.95
251.32	52286.54
251.37	52240.49
251.42	52188.30
251.47	52154.97
251.52	52130.99
251.57	52116.23
251.62	52101.68
251.67	52095.49
251.72	52068.90
251.77	52036.99
251.82	51986.77
251.87	51942.37
251.92	51893.31
251.97	51845.60
252.02	51803.10
252.07	51780.09
252.12	51759.65
252.16	51745.48
252.21	51744.03
252.26	51743.87
252.31	51742.18
252.36	51741.21
252.41	51726.43
252.46	51703.33
252.51	51674.44
252.56	51635.38
252.61	51604.05
252.66	51582.36
252.71	51561.78
252.76	51534.19
252.81	51496.33
252.86	51439.23
252.91	51390.49
252.96	51329.52
253.01	51266.89
253.06	51211.95
253.11	51164.41
253.16	51114.40
253.21	51065.09
253.26	51026.68
253.31	50989.29
253.36	50967.86
253.40	50943.76
253.45	50933.24
253.50	50894.27
253.55	50862.01
253.60	50816.84
253.65	50774.58
253.70	50743.90
253.75	50731.48
253.80	50710.13
253.85	50701.55
253.90	50707.26
253.95	50692.41
254.00	50681.85
254.05	50668.83
254.10	50641.35
254.15	50603.93
254.20	50577.56
254.25	50546.56
254.30	50513.73
254.35	50475.64
254.39	50406.59
254.44	50328.10
254.49	50250.71
254.54	50228.48
254.59	50199.96
254.64	50197.16
254.69	50192.84
254.74	50192.27
254.79	50150.70
254.84	50112.46
254.89	50088.05
254.94	50073.55
254.99	50063.02
255.04	50050.98
255.09	50042.23
255.14	50010.99
255.19	49990.59
255.23	49982.23
255.28	49975.23
255.33	49964.99
255.38	49970.60
255.43	49957.57
255.48	49922.87
255.53	49872.44
255.58	49840.90
255.63	49802.92
255.68	49756.46
255.73	49711.39
255.78	49684.38
255.83	49658.48
255.88	49631.60
255.93	49604.50
255.97	49584.28
256.02	49551.98
256.07	49508.82
256.12	49446.63
256.17	49402.53
256.22	49352.46
256.27	49302.28
256.32	49260.03
256.37	49234.00
256.42	49205.97
256.47	49175.82
256.52	49151.33
256.57	49117.06
256.62	49101.53
256.66	49091.33
256.71	49066.41
256.76	49028.13
256.81	48983.73
256.86	48932.86
256.91	48885.92
256.96	48845.04
257.01	48821.04
257.06	48802.45
257.11	48772.31
257.16	48718.44
257.21	48680.21
257.26	48630.87
257.30	48591.96
257.35	48547.01
257.40	48522.67
257.45	48501.72
257.50	48479.43
257.55	48450.47
257.60	48429.04
257.65	48405.00
257.70	48367.49
257.75	48335.05
257.80	48301.69
257.85	48263.38
257.89	48212.00
257.94	48160.70
257.99	48098.00
258.04	48043.99
258.09	48002.82
258.14	47970.58
258.19	47952.84
258.24	47938.00
258.29	47895.17
258.34	47848.64
258.39	47817.98
258.44	47757.02
258.48	47705.34
258.53	47676.44
258.58	47641.84
258.63	47589.23
258.68	47551.26
258.73	47511.63
258.78	47474.17
258.83	47432.33
258.88	47390.97
258.93	47354.52
258.97	47326.93
259.02	47295.80
259.07	47273.37
259.12	47257.13
259.17	47240.55
259.22	47221.87
259.27	47201.93
259.32	47184.28
259.37	47152.78
259.42	47119.21
259.47	47073.21
259.51	47021.94
259.56	46962.08
259.61	46882.62
259.66	46805.04
259.71	46739.60
259.76	46676.87
259.81	46613.15
259.86	46576.97
259.91	46538.50
259.95	46507.16
260.00	46485.12
260.05	46464.03
260.10	46450.87
260.15	46441.95
260.20	46427.76
260.25	46409.46
260.30	46405.79
260.35	46370.26
260.40	46336.88
260.44	46311.89
260.49	46294.00
260.54	46250.26
260.59	46228.44
260.64	46222.59
260.69	46208.99
260.74	46163.77
260.79	46129.16
260.84	46090.61
260.88	46028.17
260.93	45952.30
260.98	45919.87
261.03	45883.78
261.08	45854.07
261.13	45824.06
261.18	45789.12
261.23	45735.33
261.28	45691.01
261.32	45645.61
261.37	45589.60
261.42	45558.63
261.47	45539.17
261.52	45499.11
261.57	45452.03
261.62	45421.93
261.67	45367.15
261.71	45301.59
261.76	45254.78
261.81	45208.16
261.86	45151.73
261.91	45110.26
261.96	45067.24
262.01	45022.88
262.06	44996.30
262.10	44979.27
262.15	44961.16
262.20	44948.10
262.25	44931.80
262.30	44905.28
262.35	44884.50
262.40	44859.93
262.45	44822.83
262.49	44800.31
262.54	44767.51
262.59	44730.35
262.64	44703.23
262.69	44672.90
262.74	44622.02
262.79	44572.61
262.84	44529.36
262.88	44479.29
262.93	44423.96
262.98	44389.46
263.03	44354.26
263.08	44303.09
263.13	44236.84
263.18	44181.33
263.23	44116.04
263.27	44067.16
263.32	44033.38
263.37	44014.05
263.42	43997.13
263.47	43970.73
263.52	43950.41
263.57	43911.06
263.61	43868.84
263.66	43823.02
263.71	43794.36
263.76	43755.33
263.81	43716.13
263.86	43687.11
263.91	43655.66
263.95	43593.14
264.00	43532.53
264.05	43481.73
264.10	43425.24
264.15	43352.51
264.20	43306.90
264.25	43265.16
264.29	43213.69
264.34	43158.13
264.39	43129.78
264.44	43085.92
264.49	43033.00
264.54	42995.34
264.59	42963.22
264.63	42911.45
264.68	42861.53
264.73	42817.16
264.78	42773.02
264.83	42713.83
264.88	42675.02
264.93	42649.98
264.97	42615.85
265.02	42585.03
265.07	42567.53
265.12	42530.13
265.17	42481.47
265.22	42443.14
265.27	42384.36
265.31	42323.96
265.36	42261.89
265.41	42208.77
265.46	42141.77
265.51	42078.25
265.56	42012.54
265.60	41959.10
265.65	41900.19
265.70	41847.72
265.75	41797.54
265.80	41749.95
265.85	41691.48
265.90	41629.06
265.94	41579.68
265.99	41522.84
266.04	41469.89
266.09	41436.42
266.14	41401.62
266.19	41362.99
266.23	41331.50
266.28	41289.87
266.33	41247.92
266.38	41227.65
266.43	41206.08
266.48	41186.59
266.52	41162.34
266.57	41129.34
266.62	41080.30
266.67	41029.50
266.72	40977.49
266.77	40946.65
266.81	40920.70
266.86	40885.36
266.91	40854.47
266.96	40813.14
267.01	40770.58
267.06	40718.35
267.10	40671.64
267.15	40623.23
267.20	40594.67
267.25	40551.94
267.30	40519.77
267.35	40491.69
267.39	40447.17
267.44	40401.22
267.49	40355.29
267.54	40306.78
267.59	40254.06
267.64	40209.37
267.68	40149.80
267.73	40099.90
267.78	40058.82
267.83	40035.24
267.88	40019.37
267.93	40012.51
267.97	40001.25
268.02	39965.10
268.07	39915.95
268.12	39856.76
268.17	39795.97
268.21	39748.01
268.26	39700.38
268.31	39656.48
268.36	39615.81
268.41	39568.85
268.46	39517.43
268.50	39478.77
268.55	39435.86
268.60	39374.86
268.65	39317.69
268.70	39243.28
268.74	39172.89
268.79	39094.58
268.84	39039.93
268.89	38994.72
268.94	38963.77
268.99	38931.83
269.03	38896.89
269.08	38854.32
269.13	38784.93
269.18	38705.47
269.23	38603.89
269.27	38496.60
269.32	38363.36
269.37	38236.64
269.42	38101.20
269.47	37963.13
269.51	37823.73
269.56	37692.86
269.61	37555.28
269.66	37409.18
269.71	37254.69
269.76	37105.55
269.80	36954.08
269.85	36803.11
269.90	36663.19
269.95	36523.96
270.00	36361.24
270.04	36209.52
270.09	36070.78
270.14	35924.28
270.19	35785.39
270.24	35664.40
270.28	35513.97
270.33	35345.87
270.38	35162.36
270.43	34989.87
270.48	34808.97
270.52	34653.68
270.57	34494.66
270.62	34345.81
270.67	34187.57
270.72	34030.58
270.76	33853.44
270.81	33683.16
270.86	33508.58
270.91	33336.53
270.96	33165.17
271.00	33009.24
271.05	32857.25
271.10	32722.70
271.15	32591.86
271.20	32472.27
271.24	32334.01
271.29	32199.88
271.34	32049.61
271.39	31897.35
271.44	31744.64
271.48	31609.47
271.53	31463.61
271.58	31322.93
271.63	31175.82
271.67	31034.71
271.72	30891.28
271.77	30750.04
271.82	30614.02
271.87	30481.23
271.91	30322.57
271.96	30175.58
272.01	30033.78
272.06	29897.03
272.11	29773.04
272.15	29668.56
272.20	29565.57
272.25	29471.29
272.30	29375.22
272.35	29268.78
272.39	29160.77
272.44	29038.91
272.49	28904.85
272.54	28759.82
272.58	28614.39
272.63	28465.28
272.68	28317.47
272.73	28158.82
272.78	27994.13
272.82	27795.48
272.87	27572.36
272.92	27285.93
272.97	26762.48
273.01	23812.08
273.06	18883.12
273.11	13449.73
273.16	8113.81
273.21	3056.08
273.25	462.11
273.30	-89.58
273.35	-89.19
