165.32	3382.58
165.38	-247.77
165.44	596.91
165.50	-76.97
165.55	-18.80
165.61	2.71
165.67	30.18
165.72	38.70
165.78	43.62
165.84	42.02
165.89	39.12
165.95	37.69
166.01	36.88
166.06	38.73
166.12	41.24
166.18	39.40
166.23	41.04
166.29	40.46
166.35	37.13
166.40	36.52
166.46	43.02
166.52	45.82
166.57	46.96
166.63	47.51
166.69	49.56
166.74	43.54
166.80	43.91
166.86	45.49
166.91	46.30
166.97	40.55
167.03	43.23
167.08	37.24
167.14	36.46
167.20	34.12
167.25	46.90
167.31	47.22
167.37	53.15
167.42	54.97
167.48	61.28
167.54	55.85
167.59	55.16
167.65	50.50
167.71	50.19
167.76	49.08
167.82	44.42
167.88	44.31
167.93	52.13
167.99	51.30
168.05	53.57
168.10	61.47
168.16	60.87
168.21	58.76
168.27	63.62
168.33	65.35
168.38	58.18
168.44	62.83
168.50	61.25
168.55	58.77
168.61	59.09
168.67	61.13
168.72	58.64
168.78	59.22
168.84	55.19
168.89	54.36
168.95	54.90
169.01	54.12
169.06	53.58
169.12	53.34
169.18	51.30
169.23	51.06
169.29	55.25
169.34	59.66
169.40	61.99
169.46	66.04
169.51	68.36
169.57	64.09
169.63	60.03
169.68	65.15
169.74	61.48
169.80	67.31
169.85	68.39
169.91	72.23
169.97	68.50
170.02	68.85
170.08	67.49
170.13	67.99
170.19	68.06
170.25	69.58
170.30	73.69
170.36	65.41
170.42	67.64
170.47	68.05
170.53	69.89
170.59	66.73
170.64	70.68
170.70	68.63
170.76	66.53
170.81	67.47
170.87	66.41
170.92	67.05
170.98	69.88
171.04	71.83
171.09	68.19
171.15	75.97
171.21	77.28
171.26	74.24
171.32	72.02
171.37	75.37
171.43	69.90
171.49	73.85
171.54	77.39
171.60	78.84
171.66	80.80
171.71	81.09
171.77	79.01
171.83	84.81
171.88	84.11
171.94	83.71
171.99	88.14
172.05	86.98
172.11	88.03
172.16	96.58
172.22	97.15
172.28	97.65
172.33	96.35
172.39	93.29
172.44	89.95
172.50	94.60
172.56	93.89
172.61	101.57
172.67	100.98
172.72	100.74
172.78	95.85
172.84	91.32
172.89	84.84
172.95	84.26
173.01	85.10
173.06	83.97
173.12	89.75
173.17	91.35
173.23	90.68
173.29	91.12
173.34	92.55
173.40	86.58
173.46	86.75
173.51	89.51
173.57	89.27
173.62	83.65
173.68	90.46
173.74	89.36
173.79	90.91
173.85	88.30
173.90	91.30
173.96	87.76
174.02	84.89
174.07	76.85
174.13	76.02
174.18	78.35
174.24	71.79
174.30	72.15
174.35	77.40
174.41	74.32
174.47	67.63
174.52	68.59
174.58	67.55
174.63	62.79
174.69	62.11
174.75	64.47
174.80	75.62
174.86	73.13
174.91	74.76
174.97	74.56
175.03	71.97
175.08	59.67
175.14	66.74
175.19	62.55
175.25	63.01
175.31	67.38
175.36	68.78
175.42	65.36
175.47	69.93
175.53	70.16
175.59	67.00
175.64	68.43
175.70	66.73
175.75	62.35
175.81	61.05
175.87	61.49
175.92	57.59
175.98	59.45
176.03	59.18
176.09	59.67
176.15	59.77
176.20	61.39
176.26	61.21
176.31	64.33
176.37	61.45
176.42	63.00
176.48	66.01
176.54	63.05
176.59	60.01
176.65	63.16
176.70	64.46
176.76	63.80
176.82	62.00
176.87	59.40
176.93	59.27
176.98	57.79
177.04	52.85
177.10	57.77
177.15	59.28
177.21	60.01
177.26	58.66
177.32	62.42
177.37	63.72
177.43	67.31
177.49	63.65
177.54	61.28
177.60	62.02
177.65	62.68
177.71	57.14
177.77	60.45
177.82	62.45
177.88	66.03
177.93	61.10
177.99	67.87
178.04	63.87
178.10	64.03
178.16	57.35
178.21	58.85
178.27	55.85
178.32	59.68
178.38	58.88
178.43	60.76
178.49	60.90
178.55	60.11
178.60	58.64
178.66	57.89
178.71	59.55
178.77	56.77
178.82	57.82
178.88	57.61
178.94	58.15
178.99	58.71
179.05	63.51
179.10	59.38
179.16	62.28
179.21	64.54
179.27	63.29
179.33	59.00
179.38	62.91
179.44	61.23
179.49	61.39
179.55	59.97
179.60	60.15
179.66	59.14
179.72	61.92
179.77	59.02
179.83	57.44
179.88	58.79
179.94	60.04
179.99	55.50
180.05	56.35
180.11	57.41
180.16	60.49
180.22	63.30
180.27	68.43
180.33	69.17
180.38	73.71
180.44	68.69
180.49	68.39
180.55	66.05
180.61	70.09
180.66	64.45
180.72	63.09
180.77	60.84
180.83	60.79
180.88	57.54
180.94	57.40
180.99	61.32
181.05	61.30
181.11	62.21
181.16	62.35
181.22	64.10
181.27	66.00
181.33	64.46
181.38	61.29
181.44	62.73
181.49	67.46
181.55	67.95
181.61	74.53
181.66	77.48
181.72	75.51
181.77	72.08
181.83	69.71
181.88	75.00
181.94	76.23
181.99	81.66
182.05	82.44
182.11	83.12
182.16	73.61
182.22	71.56
182.27	66.79
182.33	69.18
182.38	69.22
182.44	74.33
182.49	76.89
182.55	78.85
182.60	78.24
182.66	81.82
182.72	84.14
182.77	86.58
182.83	89.64
182.88	93.11
182.94	94.30
182.99	91.20
183.05	89.48
183.10	92.10
183.16	90.90
183.21	91.59
183.27	98.72
183.32	102.98
183.38	106.20
183.44	113.06
183.49	118.96
183.55	120.75
183.60	126.68
183.66	132.30
183.71	141.12
183.77	147.70
183.82	156.20
183.88	167.19
183.93	178.02
183.99	191.30
184.04	208.10
184.10	220.26
184.15	232.30
184.21	245.75
184.27	247.95
184.32	248.75
184.38	247.44
184.43	243.66
184.49	227.14
184.54	211.08
184.60	201.72
184.65	188.47
184.71	179.13
184.76	181.09
184.82	197.97
184.87	214.53
184.93	239.45
184.98	267.37
185.04	298.90
185.09	322.89
185.15	348.26
185.20	380.06
185.26	414.28
185.31	443.31
185.37	472.41
185.43	493.62
185.48	512.93
185.54	534.75
185.59	559.81
185.65	584.85
185.70	625.54
185.76	670.77
185.81	705.98
185.87	743.24
185.92	787.68
185.98	823.01
186.03	840.12
186.09	842.60
186.14	817.63
186.20	763.80
186.25	678.56
186.31	593.26
186.36	527.09
186.42	498.98
186.47	509.18
186.53	557.60
186.58	627.75
186.64	702.23
186.69	774.48
186.75	835.33
186.80	893.27
186.86	950.83
186.91	1009.44
186.97	1065.47
187.02	1137.20
187.08	1206.54
187.13	1266.69
187.19	1331.11
187.24	1396.22
187.30	1443.38
187.35	1492.10
187.41	1554.65
187.47	1615.86
187.52	1668.30
187.58	1727.75
187.63	1798.14
187.69	1869.82
187.74	1929.47
187.80	1983.93
187.85	2030.65
187.91	2053.70
187.96	2039.67
188.02	1977.43
188.07	1872.12
188.13	1716.85
188.18	1552.94
188.24	1429.77
188.29	1372.37
188.35	1381.86
188.40	1462.26
188.46	1586.77
188.51	1710.88
188.57	1839.67
188.62	1964.01
188.67	2080.30
188.73	2192.21
188.78	2301.13
188.84	2405.06
188.89	2509.11
188.95	2615.11
189.00	2704.61
189.06	2800.57
189.11	2893.25
189.17	2975.07
189.22	3046.64
189.28	3133.58
189.33	3210.01
189.39	3274.98
189.44	3341.29
189.50	3414.90
189.55	3484.38
189.61	3539.08
189.66	3597.12
189.72	3654.52
189.77	3707.54
189.83	3735.17
189.88	3744.58
189.94	3713.61
189.99	3634.01
190.05	3481.79
190.10	3261.90
190.16	3008.65
190.21	2786.25
190.27	2641.99
190.32	2601.55
190.38	2668.46
190.43	2816.99
190.49	2997.27
190.54	3154.81
190.60	3295.78
190.65	3418.87
190.71	3530.33
190.76	3635.71
190.81	3741.48
190.87	3848.96
190.92	3970.13
190.98	4092.55
191.03	4216.87
191.09	4347.95
191.14	4461.02
191.20	4556.78
191.25	4658.31
191.31	4756.80
191.36	4851.97
191.42	4952.78
191.47	5061.33
191.53	5167.07
191.58	5257.22
191.64	5328.80
191.69	5393.73
191.75	5441.50
191.80	5473.25
191.85	5491.70
191.91	5513.09
191.96	5533.86
192.02	5561.56
192.07	5575.72
192.13	5572.84
192.18	5526.02
192.24	5410.02
192.29	5213.71
192.35	4987.16
192.40	4802.99
192.46	4694.23
192.51	4689.43
192.57	4784.75
192.62	4963.04
192.67	5149.19
192.73	5330.02
192.78	5493.20
192.84	5645.62
192.89	5778.45
192.95	5903.51
193.00	6018.96
193.06	6129.31
193.11	6235.01
193.17	6326.61
193.22	6415.12
193.28	6502.98
193.33	6577.75
193.38	6645.13
193.44	6716.58
193.49	6789.16
193.55	6847.54
193.60	6905.80
193.66	6959.98
193.71	7003.94
193.77	7030.55
193.82	7049.82
193.88	7069.67
193.93	7100.00
193.98	7131.69
194.04	7170.93
194.09	7222.90
194.15	7275.01
194.20	7315.87
194.26	7352.84
194.31	7391.96
194.37	7413.70
194.42	7418.26
194.47	7408.40
194.53	7365.99
194.58	7277.75
194.64	7170.60
194.69	7074.10
194.75	7001.29
194.80	6986.31
194.86	7025.38
194.91	7113.40
194.97	7219.49
195.02	7333.49
195.07	7440.66
195.13	7547.04
195.18	7658.45
195.24	7761.12
195.29	7863.90
195.35	7956.94
195.40	8056.78
195.46	8132.05
195.51	8219.60
195.56	8298.89
195.62	8383.21
195.67	8446.86
195.73	8521.15
195.78	8578.32
195.84	8627.24
195.89	8654.24
195.94	8687.36
196.00	8722.59
196.05	8757.67
196.11	8804.88
196.16	8861.07
196.22	8923.93
196.27	8981.81
196.32	9035.70
196.38	9083.49
196.43	9135.24
196.49	9169.40
196.54	9206.71
196.60	9248.78
196.65	9290.06
196.71	9330.53
196.76	9380.04
196.81	9416.72
196.87	9453.10
196.92	9484.25
196.98	9501.62
197.03	9511.60
197.09	9507.71
197.14	9502.89
197.19	9503.26
197.25	9518.60
197.30	9544.78
197.36	9598.78
197.41	9659.64
197.47	9719.02
197.52	9779.21
197.57	9841.32
197.63	9895.84
197.68	9946.78
197.74	10000.16
197.79	10047.52
197.84	10090.05
197.90	10133.36
197.95	10175.09
198.01	10215.82
198.06	10261.85
198.12	10310.06
198.17	10351.23
198.22	10394.20
198.28	10432.76
198.33	10474.92
198.39	10512.25
198.44	10557.24
198.49	10605.23
198.55	10654.88
198.60	10699.70
198.66	10749.05
198.71	10800.11
198.77	10842.90
198.82	10891.79
198.87	10939.26
198.93	10982.23
198.98	11024.38
199.04	11072.15
199.09	11109.58
199.14	11150.03
199.20	11191.46
199.25	11229.55
199.31	11269.14
199.36	11314.44
199.42	11357.09
199.47	11403.18
199.52	11449.37
199.58	11489.80
199.63	11518.24
199.69	11550.21
199.74	11580.29
199.79	11599.43
199.85	11627.89
199.90	11672.98
199.96	11711.15
200.01	11755.62
200.06	11808.96
200.12	11858.38
200.17	11906.95
200.23	11962.57
200.28	12005.46
200.33	12059.77
200.39	12104.78
200.44	12142.69
200.50	12185.07
200.55	12224.44
200.60	12256.46
200.66	12293.78
200.71	12332.72
200.77	12371.83
200.82	12416.64
200.87	12462.35
200.93	12502.87
200.98	12545.26
201.04	12581.78
201.09	12623.32
201.14	12672.40
201.20	12719.05
201.25	12773.81
201.31	12828.06
201.36	12889.33
201.41	12941.12
201.47	13005.00
201.52	13055.60
201.58	13115.96
201.63	13158.19
201.68	13202.01
201.74	13245.88
201.79	13299.34
201.84	13346.36
201.90	13398.80
201.95	13454.68
202.01	13510.56
202.06	13558.99
202.11	13599.78
202.17	13645.84
202.22	13689.03
202.28	13728.36
202.33	13764.66
202.38	13802.65
202.44	13847.88
202.49	13894.83
202.54	13945.36
202.60	13994.99
202.65	14050.99
202.71	14098.70
202.76	14140.81
202.81	14179.32
202.87	14228.95
202.92	14271.40
202.98	14320.10
203.03	14371.52
203.08	14424.32
203.14	14474.85
203.19	14535.90
203.24	14588.07
203.30	14640.58
203.35	14690.51
203.41	14736.07
203.46	14774.93
203.51	14817.53
203.57	14858.55
203.62	14909.59
203.67	14967.51
203.73	15014.70
203.78	15064.57
203.84	15119.37
203.89	15158.91
203.94	15196.20
204.00	15241.97
204.05	15286.93
204.10	15317.48
204.16	15349.86
204.21	15381.16
204.27	15406.74
204.32	15426.52
204.37	15447.20
204.43	15467.35
204.48	15481.29
204.53	15498.99
204.59	15533.12
204.64	15598.52
204.69	15679.41
204.75	15771.12
204.80	15872.04
204.86	15956.38
204.91	16023.81
204.96	16081.73
205.02	16127.28
205.07	16175.90
205.12	16239.05
205.18	16303.84
205.23	16377.49
205.28	16464.24
205.34	16542.68
205.39	16616.28
205.45	16686.85
205.50	16752.09
205.55	16810.54
205.61	16871.53
205.66	16926.49
205.71	16988.58
205.77	17046.49
205.82	17110.29
205.87	17167.13
205.93	17221.43
205.98	17267.55
206.03	17312.73
206.09	17357.21
206.14	17408.13
206.20	17459.08
206.25	17509.21
206.30	17567.22
206.36	17625.03
206.41	17684.83
206.46	17743.66
206.52	17795.80
206.57	17843.99
206.62	17885.43
206.68	17925.00
206.73	17977.61
206.78	18036.24
206.84	18093.73
206.89	18156.89
206.94	18220.76
207.00	18286.85
207.05	18355.27
207.11	18418.80
207.16	18477.38
207.21	18540.28
207.27	18590.01
207.32	18640.97
207.37	18697.54
207.43	18754.57
207.48	18797.42
207.53	18849.88
207.59	18904.61
207.64	18964.60
207.69	19034.07
207.75	19107.36
207.80	19165.85
207.85	19223.08
207.91	19278.21
207.96	19326.44
208.01	19382.54
208.07	19443.32
208.12	19505.77
208.17	19556.78
208.23	19607.70
208.28	19660.80
208.33	19716.65
208.39	19775.74
208.44	19844.76
208.49	19906.43
208.55	19964.09
208.60	20018.14
208.65	20065.41
208.71	20111.31
208.76	20161.31
208.81	20218.05
208.87	20282.88
208.92	20342.08
208.97	20404.39
209.03	20471.10
209.08	20533.95
209.13	20588.98
209.19	20656.88
209.24	20712.36
209.29	20772.41
209.35	20822.79
209.40	20889.20
209.45	20948.52
209.51	21015.81
209.56	21074.59
209.61	21141.70
209.67	21203.63
209.72	21265.50
209.77	21322.38
209.83	21388.95
209.88	21461.24
209.93	21528.82
209.99	21592.61
210.04	21664.42
210.09	21734.38
210.15	21788.18
210.20	21844.87
210.25	21904.40
210.31	21962.49
210.36	22006.58
210.41	22062.72
210.46	22123.40
210.52	22176.04
210.57	22228.81
210.62	22295.09
210.68	22358.14
210.73	22411.07
210.78	22476.89
210.84	22538.85
210.89	22599.60
210.94	22653.23
211.00	22711.63
211.05	22758.58
211.10	22821.58
211.16	22881.13
211.21	22950.20
211.26	23016.95
211.32	23092.24
211.37	23160.04
211.42	23228.84
211.47	23295.53
211.53	23359.59
211.58	23420.65
211.63	23476.61
211.69	23524.40
211.74	23573.35
211.79	23623.14
211.85	23675.02
211.90	23735.54
211.95	23810.85
212.01	23882.60
212.06	23960.12
212.11	24041.03
212.16	24112.99
212.22	24180.90
212.27	24249.63
212.32	24310.66
212.38	24374.90
212.43	24439.15
212.48	24503.56
212.54	24571.05
212.59	24645.96
212.64	24711.44
212.69	24779.08
212.75	24841.87
212.80	24908.59
212.85	24966.66
212.91	25025.53
212.96	25076.21
213.01	25142.96
213.07	25198.10
213.12	25262.99
213.17	25327.17
213.22	25398.77
213.28	25457.76
213.33	25511.60
213.38	25567.67
213.44	25620.94
213.49	25684.04
213.54	25756.30
213.60	25838.31
213.65	25914.85
213.70	26004.37
213.75	26077.05
213.81	26128.67
213.86	26184.25
213.91	26235.13
213.97	26274.28
214.02	26313.99
214.07	26365.34
214.12	26410.51
214.18	26456.63
214.23	26510.06
214.28	26564.25
214.34	26611.19
214.39	26652.62
214.44	26686.87
214.49	26699.42
214.55	26696.12
214.60	26683.10
214.65	26662.55
214.71	26638.77
214.76	26661.49
214.81	26741.39
214.86	26866.91
214.92	27017.47
214.97	27186.23
215.02	27330.31
215.08	27433.94
215.13	27509.30
215.18	27559.86
215.23	27603.86
215.29	27650.47
215.34	27724.85
215.39	27812.20
215.45	27936.62
215.50	28066.24
215.55	28191.03
215.60	28291.01
215.66	28367.87
215.71	28431.98
215.76	28498.50
215.81	28553.58
215.87	28613.17
215.92	28675.85
215.97	28728.28
216.03	28783.22
216.08	28846.17
216.13	28907.88
216.18	28971.36
216.24	29035.69
216.29	29087.98
216.34	29134.65
216.39	29196.60
216.45	29251.08
216.50	29302.46
216.55	29362.03
216.61	29441.42
216.66	29490.09
216.71	29556.31
216.76	29624.43
216.82	29703.25
216.87	29766.48
216.92	29844.73
216.97	29912.78
217.03	29988.00
217.08	30055.43
217.13	30139.08
217.18	30213.80
217.24	30282.70
217.29	30350.45
217.34	30398.66
217.39	30431.38
217.45	30479.51
217.50	30535.32
217.55	30596.55
217.61	30669.23
217.66	30741.64
217.71	30803.39
217.76	30877.26
217.82	30954.06
217.87	31022.38
217.92	31097.88
217.97	31169.47
218.03	31229.27
218.08	31270.92
218.13	31324.52
218.18	31374.56
218.24	31439.76
218.29	31497.62
218.34	31561.54
218.39	31628.08
218.45	31689.42
218.50	31745.56
218.55	31807.82
218.60	31876.28
218.66	31926.84
218.71	31991.72
218.76	32052.80
218.81	32113.09
218.87	32171.87
218.92	32239.75
218.97	32307.98
219.02	32377.37
219.08	32453.60
219.13	32522.75
219.18	32598.71
219.23	32654.78
219.29	32719.24
219.34	32776.76
219.39	32842.14
219.44	32902.04
219.50	32978.10
219.55	33041.77
219.60	33111.82
219.65	33178.89
219.71	33236.53
219.76	33289.45
219.81	33345.88
219.86	33401.89
219.92	33448.34
219.97	33499.58
220.02	33552.39
220.07	33609.51
220.13	33660.88
220.18	33729.60
220.23	33809.10
220.28	33892.55
220.33	33970.41
220.39	34038.68
220.44	34096.15
220.49	34148.88
220.54	34183.13
220.60	34231.95
220.65	34297.64
220.70	34359.21
220.75	34426.60
220.81	34517.00
220.86	34593.92
220.91	34659.51
220.96	34737.97
221.02	34810.85
221.07	34879.34
221.12	34934.71
221.17	34998.23
221.22	35054.85
221.28	35115.98
221.33	35170.29
221.38	35231.82
221.43	35303.20
221.49	35368.70
221.54	35429.80
221.59	35496.71
221.64	35579.92
221.69	35661.35
221.75	35755.78
221.80	35851.29
221.85	35924.63
221.90	35995.09
221.96	36047.82
222.01	36083.78
222.06	36121.23
222.11	36176.66
222.17	36216.75
222.22	36250.72
222.27	36296.03
222.32	36344.12
222.37	36390.69
222.43	36455.71
222.48	36523.19
222.53	36593.31
222.58	36669.04
222.63	36742.12
222.69	36806.89
222.74	36889.20
222.79	36964.30
222.84	37012.90
222.90	37066.05
222.95	37121.64
223.00	37154.30
223.05	37198.82
223.10	37262.85
223.16	37317.28
223.21	37354.21
223.26	37404.11
223.31	37445.51
223.36	37476.76
223.42	37512.30
223.47	37557.88
223.52	37609.64
223.57	37659.96
223.63	37718.20
223.68	37777.53
223.73	37848.01
223.78	37914.99
223.83	37977.40
223.89	38034.45
223.94	38097.70
223.99	38153.60
224.04	38226.98
224.09	38303.09
224.15	38394.96
224.20	38471.34
224.25	38562.31
224.30	38645.77
224.35	38734.89
224.41	38832.24
224.46	38934.02
224.51	39018.14
224.56	39096.62
224.61	39177.81
224.67	39248.27
224.72	39322.30
224.77	39421.73
224.82	39523.26
224.87	39609.41
224.93	39687.59
224.98	39773.80
225.03	39849.71
225.08	39926.70
225.13	40010.90
225.19	40103.75
225.24	40191.52
225.29	40268.70
225.34	40346.38
225.39	40424.45
225.45	40503.30
225.50	40578.11
225.55	40655.01
225.60	40726.05
225.65	40805.52
225.71	40878.52
225.76	40953.58
225.81	41019.42
225.86	41092.87
225.91	41151.69
225.97	41206.53
226.02	41246.98
226.07	41265.22
226.12	41288.21
226.17	41333.91
226.22	41410.21
226.28	41526.11
226.33	41685.21
226.38	41835.89
226.43	41965.27
226.48	42060.27
226.54	42122.32
226.59	42185.61
226.64	42230.41
226.69	42276.42
226.74	42333.72
226.80	42406.11
226.85	42479.99
226.90	42564.17
226.95	42671.57
227.00	42765.60
227.05	42864.49
227.11	42960.34
227.16	43067.98
227.21	43149.40
227.26	43245.16
227.31	43326.01
227.37	43384.80
227.42	43448.97
227.47	43529.29
227.52	43595.98
227.57	43655.82
227.62	43745.00
227.68	43818.30
227.73	43896.81
227.78	43971.23
227.83	44061.02
227.88	44134.06
227.93	44213.78
227.99	44280.31
228.04	44356.55
228.09	44439.23
228.14	44506.28
228.19	44572.16
228.24	44640.51
228.30	44713.50
228.35	44773.33
228.40	44844.52
228.45	44906.97
228.50	44975.01
228.56	45032.95
228.61	45088.30
228.66	45141.45
228.71	45200.15
228.76	45252.44
228.81	45302.74
228.87	45352.50
228.92	45416.10
228.97	45478.30
229.02	45566.23
229.07	45648.50
229.12	45739.40
229.17	45816.70
229.23	45898.00
229.28	45967.35
229.33	46042.54
229.38	46108.58
229.43	46181.01
229.48	46261.80
229.54	46324.26
229.59	46394.77
229.64	46469.07
229.69	46540.51
229.74	46616.88
229.79	46687.33
229.85	46761.37
229.90	46828.70
229.95	46901.29
230.00	46957.68
230.05	47036.73
230.10	47104.16
230.16	47173.39
230.21	47224.32
230.26	47277.62
230.31	47317.41
230.36	47371.69
230.41	47441.64
230.46	47538.35
230.52	47635.43
230.57	47724.51
230.62	47817.78
230.67	47883.23
230.72	47937.57
230.77	47982.10
230.82	48031.31
230.88	48048.78
230.93	48090.76
230.98	48126.31
231.03	48180.59
231.08	48237.28
231.13	48301.33
231.19	48368.82
231.24	48445.08
231.29	48519.48
231.34	48584.94
231.39	48664.63
231.44	48734.08
231.49	48784.57
231.55	48830.41
231.60	48876.65
231.65	48930.13
231.70	48972.82
231.75	49028.30
231.80	49078.96
231.85	49141.00
231.91	49180.05
231.96	49230.91
232.01	49284.30
232.06	49339.47
232.11	49401.15
232.16	49481.73
232.21	49569.23
232.26	49656.99
232.32	49739.05
232.37	49808.52
232.42	49869.67
232.47	49912.52
232.52	49958.98
232.57	50018.14
232.62	50080.95
232.68	50141.60
232.73	50216.24
232.78	50293.22
232.83	50365.75
232.88	50428.66
232.93	50504.38
232.98	50573.13
233.03	50623.03
233.09	50680.13
233.14	50756.72
233.19	50814.04
233.24	50866.97
233.29	50929.37
233.34	50960.19
233.39	50973.03
233.45	51006.05
233.50	51052.74
233.55	51089.23
233.60	51159.85
233.65	51230.45
233.70	51293.14
233.75	51337.92
233.80	51395.54
233.86	51447.73
233.91	51497.16
233.96	51541.96
234.01	51598.20
234.06	51649.36
234.11	51702.79
234.16	51755.45
234.21	51808.93
234.26	51857.51
234.32	51896.80
234.37	51931.56
234.42	51967.85
234.47	51996.37
234.52	52026.26
234.57	52067.16
234.62	52113.49
234.67	52161.15
234.73	52214.00
234.78	52263.80
234.83	52306.72
234.88	52348.07
234.93	52384.71
234.98	52428.05
235.03	52482.41
235.08	52549.39
235.13	52606.08
235.19	52684.16
235.24	52744.31
235.29	52798.06
235.34	52841.70
235.39	52875.62
235.44	52901.64
235.49	52943.09
235.54	52976.04
235.59	52996.10
235.65	53036.21
235.70	53068.06
235.75	53107.09
235.80	53157.10
235.85	53210.73
235.90	53251.62
235.95	53282.27
236.00	53303.48
236.05	53321.32
236.11	53355.11
236.16	53383.37
236.21	53427.03
236.26	53460.23
236.31	53490.98
236.36	53505.86
236.41	53533.31
236.46	53545.92
236.51	53563.77
236.56	53588.54
236.62	53621.40
236.67	53647.42
236.72	53694.01
236.77	53730.27
236.82	53772.76
236.87	53801.83
236.92	53828.80
236.97	53856.15
237.02	53903.15
237.07	53953.20
237.13	54016.15
237.18	54079.96
237.23	54131.91
237.28	54167.25
237.33	54201.97
237.38	54218.52
237.43	54238.74
237.48	54239.79
237.53	54263.93
237.58	54294.44
237.63	54341.47
237.69	54383.79
237.74	54440.20
237.79	54473.58
237.84	54484.01
237.89	54486.95
237.94	54485.74
237.99	54503.51
238.04	54526.84
238.09	54551.68
238.14	54586.13
238.19	54612.35
238.25	54626.28
238.30	54622.12
238.35	54612.86
238.40	54606.62
238.45	54609.96
238.50	54613.85
238.55	54631.08
238.60	54672.42
238.65	54690.43
238.70	54707.76
238.75	54724.53
238.80	54751.43
238.86	54758.19
238.91	54775.10
238.96	54805.39
239.01	54833.43
239.06	54859.24
239.11	54878.88
239.16	54910.53
239.21	54918.41
239.26	54917.92
239.31	54931.66
239.36	54945.26
239.41	54957.95
239.46	54978.67
239.52	54997.46
239.57	55017.70
239.62	55043.35
239.67	55062.09
239.72	55090.13
239.77	55119.68
239.82	55127.58
239.87	55130.85
239.92	55133.29
239.97	55121.03
240.02	55109.31
240.07	55101.12
240.12	55102.70
240.17	55112.78
240.23	55111.41
240.28	55120.42
240.33	55133.94
240.38	55127.16
240.43	55122.23
240.48	55151.06
240.53	55171.68
240.58	55185.93
240.63	55225.10
240.68	55237.64
240.73	55229.65
240.78	55222.41
240.83	55222.40
240.88	55201.82
240.93	55195.43
240.98	55189.76
241.04	55207.39
241.09	55221.98
241.14	55245.34
241.19	55283.81
241.24	55311.73
241.29	55325.30
241.34	55338.66
241.39	55352.08
241.44	55353.71
241.49	55368.75
241.54	55372.33
241.59	55363.89
241.64	55361.68
241.69	55355.16
241.74	55339.59
241.79	55333.95
241.84	55323.72
241.90	55307.39
241.95	55285.56
242.00	55265.25
242.05	55239.11
242.10	55230.33
242.15	55217.47
242.20	55211.04
242.25	55203.10
242.30	55196.42
242.35	55190.93
242.40	55188.64
242.45	55177.44
242.50	55168.64
242.55	55157.58
242.60	55155.91
242.65	55151.12
242.70	55163.15
242.75	55191.64
242.80	55236.09
242.85	55271.55
242.91	55282.70
242.96	55274.51
243.01	55253.59
243.06	55221.62
243.11	55179.16
243.16	55165.54
243.21	55169.68
243.26	55179.49
243.31	55189.25
243.36	55200.34
243.41	55214.25
243.46	55209.01
243.51	55176.50
243.56	55131.46
243.61	55084.55
243.66	55036.20
243.71	55008.25
243.76	55010.16
243.81	55024.34
243.86	55024.47
243.91	55032.49
243.96	55022.18
244.01	54997.08
244.06	54964.52
244.12	54953.55
244.17	54944.42
244.22	54945.37
244.27	54971.15
244.32	55000.55
244.37	55020.76
244.42	55021.49
244.47	55014.32
244.52	54992.41
244.57	54955.81
244.62	54924.51
244.67	54903.41
244.72	54885.62
244.77	54877.76
244.82	54900.17
244.87	54937.87
244.92	54956.90
244.97	54973.41
245.02	54973.10
245.07	54954.36
245.12	54927.96
245.17	54912.02
245.22	54903.23
245.27	54900.06
245.32	54863.58
245.37	54827.83
245.42	54781.64
245.47	54743.94
245.52	54692.86
245.57	54675.48
245.62	54656.99
245.67	54647.82
245.72	54640.08
245.77	54619.05
245.82	54603.25
245.87	54605.82
245.92	54615.18
245.98	54595.58
246.03	54593.69
246.08	54604.30
246.13	54598.74
246.18	54595.68
246.23	54598.15
246.28	54598.69
246.33	54577.94
246.38	54548.99
246.43	54515.86
246.48	54496.61
246.53	54497.72
246.58	54515.29
246.63	54521.87
246.68	54518.12
246.73	54505.03
246.78	54472.85
246.83	54419.30
246.88	54364.25
246.93	54314.81
246.98	54264.91
247.03	54227.51
247.08	54213.30
247.13	54201.39
247.18	54201.61
247.23	54222.62
247.28	54238.65
247.33	54213.09
247.38	54192.65
247.43	54174.26
247.48	54150.85
247.53	54115.55
247.58	54089.14
247.63	54071.79
247.68	54027.64
247.73	53974.14
247.78	53936.17
247.83	53913.70
247.88	53887.94
247.93	53885.25
247.98	53888.03
248.03	53891.28
248.08	53912.19
248.13	53906.01
248.18	53892.28
248.23	53884.50
248.28	53854.56
248.33	53804.03
248.38	53775.20
248.43	53755.82
248.48	53732.64
248.53	53719.34
248.58	53703.95
248.63	53692.39
248.68	53662.95
248.73	53631.36
248.78	53589.25
248.83	53542.52
248.88	53479.31
248.93	53414.80
248.98	53338.56
249.03	53297.73
249.08	53270.28
249.13	53263.91
249.18	53264.25
249.23	53284.88
249.28	53283.70
249.33	53279.71
249.38	53267.85
249.43	53252.22
249.48	53226.22
249.53	53210.98
249.58	53189.89
249.63	53165.65
249.68	53154.15
249.73	53133.59
249.78	53103.67
249.83	53098.60
249.88	53070.17
249.93	53047.80
249.98	53036.75
250.03	53037.25
250.08	53005.62
250.13	53004.45
250.18	52985.35
250.23	52943.05
250.28	52893.69
250.33	52844.13
250.37	52805.15
250.42	52761.33
250.47	52741.43
250.52	52723.35
250.57	52706.48
250.62	52666.12
250.67	52632.62
250.72	52607.70
250.77	52563.54
250.82	52546.12
250.87	52536.79
250.92	52526.36
250.97	52500.67
251.02	52504.41
251.07	52495.79
251.12	52475.71
251.17	52453.52
251.22	52422.93
251.27	52378.95
251.32	52332.09
251.37	52280.12
251.42	52222.51
251.47	52189.65
251.52	52164.90
251.57	52145.92
251.62	52139.96
251.67	52143.10
251.72	52122.78
251.77	52086.32
251.82	52044.75
251.87	51996.17
251.92	51941.00
251.97	51885.94
252.02	51843.52
252.07	51812.19
252.12	51802.86
252.16	51800.67
252.21	51801.32
252.26	51808.30
252.31	51806.85
252.36	51796.90
252.41	51777.04
252.46	51758.84
252.51	51730.65
252.56	51703.58
252.61	51676.74
252.66	51653.72
252.71	51625.75
252.76	51602.64
252.81	51557.03
252.86	51498.57
252.91	51444.52
252.96	51386.69
253.01	51313.73
253.06	51253.72
253.11	51204.05
253.16	51158.63
253.21	51106.07
253.26	51068.70
253.31	51039.51
253.36	51022.45
253.40	51001.27
253.45	50997.66
253.50	50970.09
253.55	50935.54
253.60	50888.30
253.65	50845.16
253.70	50806.24
253.75	50784.35
253.80	50758.82
253.85	50746.58
253.90	50746.39
253.95	50730.74
254.00	50731.32
254.05	50723.08
254.10	50687.47
254.15	50654.74
254.20	50628.09
254.25	50584.87
254.30	50556.55
254.35	50525.82
254.39	50451.20
254.44	50368.50
254.49	50286.72
254.54	50264.27
254.59	50236.35
254.64	50238.91
254.69	50247.35
254.74	50255.70
254.79	50205.76
254.84	50171.24
254.89	50148.36
254.94	50132.07
254.99	50114.79
255.04	50101.52
255.09	50091.24
255.14	50059.82
255.19	50048.64
255.23	50032.37
255.28	50015.80
255.33	50004.85
255.38	50003.77
255.43	49980.52
255.48	49951.59
255.53	49918.18
255.58	49883.38
255.63	49850.61
255.68	49797.84
255.73	49756.09
255.78	49728.18
255.83	49706.27
255.88	49679.24
255.93	49658.07
255.97	49641.95
256.02	49614.15
256.07	49564.63
256.12	49490.32
256.17	49446.91
256.22	49394.43
256.27	49328.80
256.32	49285.19
256.37	49269.31
256.42	49245.89
256.47	49219.60
256.52	49209.60
256.57	49180.25
256.62	49162.55
256.66	49148.84
256.71	49123.51
256.76	49087.81
256.81	49044.14
256.86	48988.64
256.91	48933.68
256.96	48885.88
257.01	48851.04
257.06	48826.27
257.11	48795.84
257.16	48746.98
257.21	48712.04
257.26	48672.71
257.30	48641.29
257.35	48603.41
257.40	48581.67
257.45	48563.16
257.50	48531.45
257.55	48495.35
257.60	48468.55
257.65	48437.41
257.70	48396.31
257.75	48360.10
257.80	48331.42
257.85	48303.18
257.89	48257.71
257.94	48210.00
257.99	48153.03
258.04	48100.62
258.09	48056.20
258.14	48027.60
258.19	48000.93
258.24	47986.56
258.29	47947.73
258.34	47905.00
258.39	47868.33
258.44	47820.81
258.48	47766.24
258.53	47739.31
258.58	47699.13
258.63	47638.64
258.68	47592.31
258.73	47556.90
258.78	47503.99
258.83	47458.53
258.88	47430.53
258.93	47392.58
258.97	47362.89
259.02	47337.54
259.07	47312.12
259.12	47292.05
259.17	47282.40
259.22	47265.37
259.27	47247.50
259.32	47230.73
259.37	47193.59
259.42	47152.86
259.47	47105.66
259.51	47053.14
259.56	46988.27
259.61	46913.19
259.66	46836.08
259.71	46763.10
259.76	46706.63
259.81	46654.82
259.86	46616.50
259.91	46578.59
259.95	46551.79
260.00	46514.25
260.05	46495.37
260.10	46477.00
260.15	46465.81
260.20	46455.66
260.25	46459.18
260.30	46442.81
260.35	46417.45
260.40	46385.62
260.44	46353.53
260.49	46326.77
260.54	46293.77
260.59	46272.21
260.64	46265.36
260.69	46260.28
260.74	46221.06
260.79	46180.93
260.84	46135.47
260.88	46075.97
260.93	45997.36
260.98	45955.01
261.03	45918.00
261.08	45890.70
261.13	45853.49
261.18	45816.34
261.23	45760.58
261.28	45718.20
261.32	45672.25
261.37	45629.47
261.42	45603.86
261.47	45591.96
261.52	45552.05
261.57	45507.65
261.62	45474.00
261.67	45416.90
261.71	45341.79
261.76	45297.05
261.81	45250.27
261.86	45191.71
261.91	45147.15
261.96	45108.48
262.01	45068.99
262.06	45047.11
262.10	45035.05
262.15	45020.11
262.20	45010.34
262.25	44984.56
262.30	44959.43
262.35	44939.59
262.40	44907.40
262.45	44869.26
262.49	44839.48
262.54	44810.76
262.59	44770.54
262.64	44747.71
262.69	44713.70
262.74	44669.05
262.79	44603.70
262.84	44554.34
262.88	44502.87
262.93	44457.77
262.98	44423.85
263.03	44380.54
263.08	44329.80
263.13	44258.89
263.18	44191.32
263.23	44128.46
263.27	44092.06
263.32	44064.26
263.37	44048.83
263.42	44029.75
263.47	44002.46
263.52	43975.73
263.57	43932.67
263.61	43891.01
263.66	43856.75
263.71	43819.90
263.76	43782.53
263.81	43739.00
263.86	43715.83
263.91	43673.99
263.95	43619.54
264.00	43563.86
264.05	43514.32
264.10	43439.87
264.15	43367.00
264.20	43326.68
264.25	43280.72
264.29	43240.25
264.34	43194.78
264.39	43161.43
264.44	43111.50
264.49	43065.26
264.54	43018.77
264.59	42983.27
264.63	42946.12
264.68	42895.54
264.73	42843.85
264.78	42793.20
264.83	42734.91
264.88	42690.95
264.93	42667.55
264.97	42641.84
265.02	42623.68
265.07	42617.32
265.12	42575.75
265.17	42528.37
265.22	42489.13
265.27	42431.69
265.31	42366.87
265.36	42312.10
265.41	42256.76
265.46	42189.10
265.51	42114.17
265.56	42050.71
265.60	42001.83
265.65	41944.11
265.70	41890.15
265.75	41842.30
265.80	41789.60
265.85	41723.79
265.90	41664.73
265.94	41607.43
265.99	41550.18
266.04	41500.53
266.09	41459.80
266.14	41427.91
266.19	41393.71
266.23	41360.49
266.28	41316.29
266.33	41284.50
266.38	41247.19
266.43	41224.20
266.48	41210.68
266.52	41187.15
266.57	41148.04
266.62	41113.31
266.67	41052.11
266.72	40995.09
266.77	40964.20
266.81	40938.69
266.86	40909.76
266.91	40883.28
266.96	40850.21
267.01	40806.53
267.06	40753.54
267.10	40703.51
267.15	40661.99
267.20	40629.61
267.25	40586.55
267.30	40553.37
267.35	40513.04
267.39	40476.84
267.44	40429.42
267.49	40384.18
267.54	40339.63
267.59	40292.95
267.64	40231.35
267.68	40170.86
267.73	40121.23
267.78	40077.47
267.83	40057.42
267.88	40048.25
267.93	40035.71
267.97	40022.63
268.02	39985.91
268.07	39929.46
268.12	39877.66
268.17	39829.63
268.21	39780.18
268.26	39735.24
268.31	39695.22
268.36	39643.20
268.41	39598.58
268.46	39549.65
268.50	39513.76
268.55	39466.53
268.60	39417.00
268.65	39354.98
268.70	39276.95
268.74	39206.13
268.79	39135.43
268.84	39075.05
268.89	39030.43
268.94	39005.89
268.99	38968.88
269.03	38923.64
269.08	38874.92
269.13	38800.77
269.18	38717.68
269.23	38622.80
269.27	38516.52
269.32	38391.75
269.37	38270.02
269.42	38133.66
269.47	37984.23
269.51	37848.40
269.56	37716.52
269.61	37577.65
269.66	37430.94
269.71	37285.80
269.76	37139.52
269.80	36986.94
269.85	36835.20
269.90	36690.80
269.95	36546.53
270.00	36387.53
270.04	36242.04
270.09	36101.56
270.14	35961.67
270.19	35820.10
270.24	35692.58
270.28	35535.47
270.33	35367.40
270.38	35190.02
270.43	35014.64
270.48	34836.05
270.52	34682.59
270.57	34523.68
270.62	34372.08
270.67	34227.50
270.72	34073.07
270.76	33894.25
270.81	33727.81
270.86	33552.74
270.91	33374.74
270.96	33196.65
271.00	33036.97
271.05	32878.05
271.10	32738.79
271.15	32609.95
271.20	32492.61
271.24	32356.07
271.29	32225.14
271.34	32077.44
271.39	31923.23
271.44	31772.41
271.48	31644.58
271.53	31497.66
271.58	31357.10
271.63	31216.01
271.67	31066.81
271.72	30914.96
271.77	30771.85
271.82	30631.82
271.87	30489.31
271.91	30337.25
271.96	30191.90
272.01	30053.00
272.06	29917.55
272.11	29801.17
272.15	29697.55
272.20	29593.11
272.25	29493.78
272.30	29396.28
272.35	29288.42
272.39	29179.46
272.44	29062.23
272.49	28933.64
272.54	28790.04
272.58	28640.15
272.63	28489.88
272.68	28334.18
272.73	28174.39
272.78	28003.60
272.82	27805.13
272.87	27583.98
272.92	27302.11
272.97	26778.94
273.01	23832.55
273.06	18900.37
273.11	13460.67
273.16	8121.45
273.21	3057.25
273.25	461.86
273.30	-88.56
273.35	-89.58
