165.32	3382.77
165.38	-247.87
165.44	596.46
165.50	-77.20
165.55	-18.92
165.61	3.11
165.67	30.38
165.72	39.27
165.78	43.98
165.84	42.28
165.89	39.27
165.95	37.76
166.01	36.32
166.06	38.30
166.12	40.97
166.18	38.78
166.23	40.78
166.29	40.30
166.35	36.80
166.40	35.85
166.46	42.64
166.52	45.42
166.57	46.76
166.63	47.08
166.69	49.09
166.74	42.92
166.80	43.48
166.86	45.21
166.91	46.09
166.97	40.70
167.03	43.43
167.08	37.32
167.14	36.36
167.20	34.56
167.25	47.02
167.31	47.33
167.37	52.91
167.42	54.91
167.48	60.61
167.54	55.72
167.59	55.12
167.65	51.11
167.71	50.70
167.76	49.69
167.82	44.36
167.88	44.24
167.93	51.50
167.99	50.49
168.05	53.23
168.10	61.39
168.16	60.79
168.21	59.13
168.27	63.61
168.33	64.78
168.38	57.76
168.44	62.24
168.50	60.96
168.55	59.73
168.61	60.78
168.67	62.68
168.72	59.51
168.78	59.40
168.84	54.95
168.89	53.55
168.95	53.90
169.01	53.76
169.06	53.17
169.12	52.47
169.18	50.43
169.23	51.08
169.29	55.26
169.34	60.20
169.40	63.14
169.46	67.77
169.51	69.33
169.57	64.68
169.63	60.11
169.68	64.76
169.74	60.80
169.80	66.62
169.85	68.28
169.91	72.34
169.97	68.98
170.02	68.73
170.08	67.52
170.13	68.32
170.19	68.16
170.25	69.45
170.30	73.63
170.36	65.70
170.42	67.27
170.47	67.94
170.53	69.43
170.59	66.36
170.64	70.17
170.70	68.60
170.76	65.91
170.81	67.10
170.87	66.37
170.92	67.35
170.98	70.30
171.04	73.51
171.09	69.64
171.15	77.17
171.21	77.53
171.26	73.90
171.32	70.92
171.37	74.04
171.43	68.87
171.49	73.08
171.54	76.78
171.60	78.47
171.66	80.86
171.71	81.52
171.77	79.89
171.83	85.73
171.88	85.05
171.94	84.46
171.99	88.79
172.05	87.35
172.11	88.10
172.16	96.15
172.22	96.48
172.28	96.45
172.33	94.66
172.39	91.76
172.44	88.21
172.50	93.38
172.56	92.42
172.61	100.87
172.67	100.51
172.72	100.75
172.78	95.73
172.84	91.01
172.89	84.24
172.95	83.31
173.01	84.39
173.06	83.06
173.12	88.79
173.17	89.61
173.23	89.60
173.29	89.63
173.34	91.62
173.40	86.90
173.46	87.82
173.51	90.81
173.57	90.89
173.62	85.55
173.68	91.52
173.74	90.89
173.79	91.86
173.85	89.06
173.90	91.76
173.96	88.18
174.02	85.10
174.07	77.15
174.13	76.31
174.18	78.48
174.24	72.03
174.30	72.15
174.35	77.48
174.41	74.77
174.47	68.65
174.52	69.84
174.58	68.31
174.63	63.36
174.69	62.50
174.75	64.32
174.80	75.27
174.86	73.27
174.91	74.55
174.97	74.44
175.03	71.86
175.08	59.61
175.14	66.78
175.19	62.82
175.25	63.05
175.31	67.67
175.36	69.11
175.42	65.40
175.47	70.16
175.53	70.28
175.59	66.63
175.64	68.18
175.70	66.43
175.75	61.79
175.81	60.74
175.87	61.68
175.92	57.83
175.98	59.54
176.03	59.60
176.09	59.27
176.15	58.87
176.20	60.34
176.26	60.35
176.31	63.76
176.37	62.01
176.42	63.65
176.48	66.61
176.54	64.20
176.59	60.84
176.65	63.37
176.70	64.50
176.76	63.89
176.82	61.64
176.87	58.77
176.93	58.80
176.98	57.59
177.04	52.80
177.10	57.72
177.15	59.08
177.21	59.47
177.26	58.78
177.32	62.62
177.37	63.95
177.43	68.14
177.49	65.33
177.54	62.20
177.60	62.72
177.65	63.90
177.71	58.45
177.77	61.20
177.82	63.19
177.88	66.56
177.93	61.58
177.99	67.84
178.04	63.38
178.10	63.76
178.16	57.42
178.21	58.83
178.27	56.19
178.32	60.29
178.38	59.32
178.43	60.97
178.49	60.76
178.55	59.76
178.60	58.87
178.66	58.35
178.71	59.87
178.77	57.27
178.82	58.25
178.88	58.05
178.94	58.21
178.99	58.73
179.05	63.18
179.10	59.35
179.16	62.01
179.21	64.45
179.27	63.38
179.33	59.36
179.38	63.05
179.44	60.84
179.49	60.62
179.55	58.90
179.60	58.70
179.66	57.65
179.72	60.23
179.77	57.65
179.83	56.60
179.88	58.25
179.94	59.56
179.99	55.67
180.05	56.40
180.11	57.46
180.16	60.20
180.22	62.75
180.27	67.70
180.33	68.80
180.38	72.85
180.44	68.03
180.49	67.47
180.55	65.26
180.61	69.13
180.66	63.54
180.72	61.98
180.77	60.43
180.83	60.62
180.88	57.63
180.94	57.86
180.99	61.96
181.05	61.80
181.11	62.47
181.16	62.85
181.22	64.36
181.27	66.49
181.33	65.30
181.38	62.21
181.44	62.85
181.49	67.01
181.55	67.49
181.61	73.80
181.66	76.46
181.72	74.77
181.77	72.35
181.83	69.88
181.88	74.36
181.94	75.86
181.99	81.08
182.05	81.73
182.11	82.86
182.16	74.48
182.22	72.34
182.27	67.55
182.33	69.84
182.38	69.18
182.44	73.20
182.49	75.57
182.55	77.46
182.60	77.00
182.66	80.00
182.72	83.10
182.77	85.56
182.83	89.17
182.88	92.18
182.94	93.89
182.99	90.70
183.05	89.13
183.10	90.64
183.16	89.70
183.21	90.85
183.27	97.90
183.32	101.67
183.38	105.12
183.44	111.92
183.49	116.34
183.55	117.38
183.60	123.67
183.66	129.50
183.71	138.15
183.77	145.83
183.82	154.85
183.88	165.24
183.93	175.89
183.99	188.79
184.04	205.08
184.10	216.48
184.15	227.83
184.21	240.74
184.27	242.88
184.32	243.63
184.38	242.61
184.43	239.34
184.49	223.87
184.54	208.10
184.60	198.69
184.65	185.71
184.71	176.90
184.76	178.99
184.82	195.34
184.87	212.17
184.93	237.27
184.98	264.35
185.04	294.10
185.09	317.94
185.15	342.49
185.20	373.19
185.26	406.44
185.31	434.11
185.37	461.12
185.43	481.70
185.48	500.84
185.54	522.76
185.59	548.83
185.65	573.75
185.70	613.54
185.76	657.78
185.81	691.85
185.87	728.76
185.92	772.54
185.98	808.06
186.03	824.90
186.09	827.17
186.14	802.33
186.20	750.08
186.25	665.80
186.31	582.16
186.36	517.43
186.42	489.78
186.47	500.95
186.53	548.53
186.58	617.46
186.64	692.59
186.69	765.24
186.75	824.40
186.80	882.85
186.86	939.91
186.91	997.33
186.97	1051.87
187.02	1122.92
187.08	1189.99
187.13	1248.36
187.19	1311.23
187.24	1374.97
187.30	1420.85
187.35	1467.76
187.41	1529.71
187.47	1590.05
187.52	1641.38
187.58	1698.69
187.63	1769.59
187.69	1839.16
187.74	1897.47
187.80	1951.81
187.85	1999.93
187.91	2023.05
187.96	2009.82
188.02	1950.52
188.07	1846.80
188.13	1693.37
188.18	1531.02
188.24	1411.61
188.29	1354.59
188.35	1362.99
188.40	1442.81
188.46	1567.56
188.51	1690.69
188.57	1817.95
188.62	1943.23
188.67	2059.12
188.73	2167.82
188.78	2272.90
188.84	2374.94
188.89	2476.52
188.95	2579.65
189.00	2669.02
189.06	2765.49
189.11	2859.00
189.17	2939.42
189.22	3012.64
189.28	3100.32
189.33	3176.29
189.39	3239.30
189.44	3307.52
189.50	3382.93
189.55	3450.99
189.61	3505.40
189.66	3564.65
189.72	3622.05
189.77	3669.79
189.83	3697.02
189.88	3706.75
189.94	3677.46
189.99	3598.46
190.05	3447.18
190.10	3228.92
190.16	2979.19
190.21	2758.23
190.27	2614.53
190.32	2576.82
190.38	2643.54
190.43	2793.66
190.49	2970.93
190.54	3128.40
190.60	3270.19
190.65	3394.48
190.71	3503.31
190.76	3608.40
190.81	3714.44
190.87	3819.62
190.92	3938.90
190.98	4058.74
191.03	4180.17
191.09	4307.85
191.14	4422.71
191.20	4517.86
191.25	4619.49
191.31	4720.14
191.36	4816.84
191.42	4916.34
191.47	5025.95
191.53	5131.37
191.58	5217.99
191.64	5290.41
191.69	5357.68
191.75	5404.19
191.80	5434.20
191.85	5457.48
191.91	5476.76
191.96	5495.63
192.02	5525.50
192.07	5542.36
192.13	5538.36
192.18	5492.39
192.24	5376.98
192.29	5182.18
192.35	4957.26
192.40	4773.48
192.46	4666.18
192.51	4660.57
192.57	4757.07
192.62	4932.25
192.67	5113.73
192.73	5292.40
192.78	5456.04
192.84	5605.08
192.89	5741.88
192.95	5873.42
193.00	5989.40
193.06	6098.87
193.11	6204.26
193.17	6296.54
193.22	6383.83
193.28	6471.16
193.33	6548.96
193.38	6619.35
193.44	6689.69
193.49	6760.10
193.55	6820.07
193.60	6879.80
193.66	6933.22
193.71	6977.12
193.77	7003.64
193.82	7024.95
193.88	7039.05
193.93	7065.96
193.98	7091.32
194.04	7130.93
194.09	7176.80
194.15	7225.98
194.20	7271.46
194.26	7315.30
194.31	7356.39
194.37	7382.88
194.42	7393.78
194.47	7380.37
194.53	7338.35
194.58	7249.81
194.64	7141.74
194.69	7045.75
194.75	6979.08
194.80	6962.38
194.86	7003.83
194.91	7093.98
194.97	7200.07
195.02	7311.50
195.07	7417.04
195.13	7522.40
195.18	7631.05
195.24	7732.80
195.29	7834.30
195.35	7930.06
195.40	8025.19
195.46	8104.37
195.51	8192.25
195.56	8273.17
195.62	8354.74
195.67	8421.66
195.73	8495.23
195.78	8549.97
195.84	8595.74
195.89	8632.65
195.94	8670.02
196.00	8702.42
196.05	8740.50
196.11	8790.47
196.16	8839.50
196.22	8897.11
196.27	8954.15
196.32	9009.04
196.38	9054.10
196.43	9102.68
196.49	9140.53
196.54	9178.63
196.60	9222.41
196.65	9265.73
196.71	9307.72
196.76	9357.32
196.81	9396.00
196.87	9427.10
196.92	9457.18
196.98	9477.99
197.03	9483.34
197.09	9479.38
197.14	9476.02
197.19	9477.59
197.25	9488.44
197.30	9520.32
197.36	9572.87
197.41	9634.30
197.47	9694.80
197.52	9758.00
197.57	9821.25
197.63	9877.91
197.68	9929.44
197.74	9983.21
197.79	10032.34
197.84	10075.44
197.90	10124.42
197.95	10166.82
198.01	10208.03
198.06	10251.77
198.12	10293.26
198.17	10327.20
198.22	10369.72
198.28	10407.60
198.33	10449.33
198.39	10492.47
198.44	10541.36
198.49	10586.07
198.55	10633.87
198.60	10680.67
198.66	10727.87
198.71	10778.30
198.77	10825.97
198.82	10875.63
198.87	10923.91
198.93	10968.14
198.98	11012.30
199.04	11059.84
199.09	11098.90
199.14	11139.34
199.20	11181.91
199.25	11218.30
199.31	11263.26
199.36	11307.20
199.42	11349.20
199.47	11394.52
199.52	11439.17
199.58	11475.52
199.63	11507.89
199.69	11539.18
199.74	11569.56
199.79	11591.99
199.85	11619.64
199.90	11659.04
199.96	11701.02
200.01	11743.22
200.06	11795.64
200.12	11844.03
200.17	11897.07
200.23	11948.38
200.28	11991.94
200.33	12042.90
200.39	12088.70
200.44	12128.07
200.50	12169.75
200.55	12209.49
200.60	12243.15
200.66	12282.67
200.71	12316.87
200.77	12357.87
200.82	12399.31
200.87	12442.12
200.93	12478.28
200.98	12522.62
201.04	12559.42
201.09	12605.98
201.14	12656.82
201.20	12710.59
201.25	12765.86
201.31	12822.00
201.36	12880.96
201.41	12934.76
201.47	12990.30
201.52	13041.87
201.58	13099.59
201.63	13147.00
201.68	13195.65
201.74	13247.60
201.79	13295.54
201.84	13349.38
201.90	13397.22
201.95	13450.63
202.01	13500.73
202.06	13554.58
202.11	13591.82
202.17	13640.12
202.22	13679.85
202.28	13720.23
202.33	13760.39
202.38	13798.31
202.44	13842.57
202.49	13891.29
202.54	13943.26
202.60	13991.92
202.65	14046.79
202.71	14095.31
202.76	14132.46
202.81	14165.98
202.87	14210.48
202.92	14257.23
202.98	14306.20
203.03	14360.81
203.08	14420.51
203.14	14471.56
203.19	14521.95
203.24	14578.93
203.30	14631.70
203.35	14677.44
203.41	14725.95
203.46	14776.68
203.51	14821.41
203.57	14865.12
203.62	14916.49
203.67	14971.09
203.73	15014.26
203.78	15056.98
203.84	15108.39
203.89	15151.64
203.94	15191.53
204.00	15239.76
204.05	15284.66
204.10	15318.37
204.16	15347.55
204.21	15379.22
204.27	15404.58
204.32	15423.13
204.37	15447.94
204.43	15468.60
204.48	15481.39
204.53	15496.95
204.59	15529.66
204.64	15588.75
204.69	15667.96
204.75	15765.72
204.80	15868.42
204.86	15958.95
204.91	16023.60
204.96	16084.09
205.02	16122.12
205.07	16162.82
205.12	16222.48
205.18	16291.43
205.23	16366.35
205.28	16453.41
205.34	16539.76
205.39	16617.33
205.45	16689.57
205.50	16752.37
205.55	16815.94
205.61	16875.11
205.66	16926.40
205.71	16983.50
205.77	17043.65
205.82	17102.21
205.87	17158.63
205.93	17212.78
205.98	17261.53
206.03	17306.69
206.09	17350.40
206.14	17396.75
206.20	17450.25
206.25	17503.93
206.30	17566.78
206.36	17626.38
206.41	17691.89
206.46	17750.16
206.52	17798.95
206.57	17846.32
206.62	17892.03
206.68	17937.18
206.73	17981.73
206.78	18040.02
206.84	18092.57
206.89	18151.44
206.94	18209.95
207.00	18281.20
207.05	18346.56
207.11	18413.80
207.16	18475.11
207.21	18535.65
207.27	18586.17
207.32	18638.40
207.37	18687.43
207.43	18741.36
207.48	18792.54
207.53	18845.40
207.59	18904.23
207.64	18962.87
207.69	19031.34
207.75	19101.01
207.80	19161.40
207.85	19215.32
207.91	19269.54
207.96	19318.46
208.01	19370.34
208.07	19431.03
208.12	19497.40
208.17	19555.44
208.23	19611.06
208.28	19660.70
208.33	19719.67
208.39	19774.92
208.44	19840.65
208.49	19902.91
208.55	19965.77
208.60	20013.91
208.65	20063.35
208.71	20110.65
208.76	20162.37
208.81	20223.68
208.87	20293.20
208.92	20356.03
208.97	20418.09
209.03	20480.75
209.08	20536.49
209.13	20593.60
209.19	20654.55
209.24	20715.85
209.29	20776.35
209.35	20833.22
209.40	20890.64
209.45	20954.09
209.51	21015.23
209.56	21074.08
209.61	21142.66
209.67	21210.61
209.72	21275.58
209.77	21336.30
209.83	21402.94
209.88	21470.03
209.93	21528.60
209.99	21586.03
210.04	21656.78
210.09	21722.98
210.15	21776.81
210.20	21843.42
210.25	21908.92
210.31	21969.60
210.36	22021.08
210.41	22079.25
210.46	22136.66
210.52	22189.38
210.57	22238.61
210.62	22303.74
210.68	22366.85
210.73	22414.60
210.78	22478.24
210.84	22544.34
210.89	22596.33
210.94	22651.98
211.00	22717.20
211.05	22767.88
211.10	22828.34
211.16	22890.14
211.21	22955.98
211.26	23022.65
211.32	23094.60
211.37	23159.09
211.42	23227.64
211.47	23293.89
211.53	23355.37
211.58	23415.23
211.63	23471.63
211.69	23530.01
211.74	23583.99
211.79	23633.68
211.85	23687.15
211.90	23749.31
211.95	23814.99
212.01	23883.13
212.06	23966.53
212.11	24042.69
212.16	24118.92
212.22	24191.42
212.27	24257.62
212.32	24317.50
212.38	24385.06
212.43	24445.47
212.48	24505.67
212.54	24573.15
212.59	24641.59
212.64	24707.72
212.69	24774.11
212.75	24838.78
212.80	24901.19
212.85	24962.67
212.91	25021.48
212.96	25080.15
213.01	25141.61
213.07	25196.84
213.12	25263.06
213.17	25328.03
213.22	25393.24
213.28	25455.33
213.33	25514.36
213.38	25569.35
213.44	25627.38
213.49	25700.50
213.54	25772.09
213.60	25856.31
213.65	25937.15
213.70	26021.76
213.75	26081.24
213.81	26140.41
213.86	26196.10
213.91	26244.45
213.97	26287.06
214.02	26329.89
214.07	26379.11
214.12	26423.10
214.18	26469.24
214.23	26519.69
214.28	26569.83
214.34	26611.98
214.39	26655.10
214.44	26687.07
214.49	26701.07
214.55	26706.44
214.60	26691.17
214.65	26666.05
214.71	26641.85
214.76	26664.09
214.81	26734.42
214.86	26866.24
214.92	27022.19
214.97	27191.96
215.02	27332.08
215.08	27439.45
215.13	27515.98
215.18	27564.39
215.23	27604.10
215.29	27653.47
215.34	27723.71
215.39	27806.64
215.45	27925.29
215.50	28053.44
215.55	28174.70
215.60	28279.60
215.66	28353.74
215.71	28417.64
215.76	28486.22
215.81	28542.94
215.87	28603.83
215.92	28667.17
215.97	28725.15
216.03	28787.44
216.08	28846.27
216.13	28904.22
216.18	28971.39
216.24	29036.19
216.29	29085.28
216.34	29147.76
216.39	29206.65
216.45	29269.40
216.50	29328.53
216.55	29389.90
216.61	29455.24
216.66	29513.78
216.71	29575.41
216.76	29637.05
216.82	29713.53
216.87	29781.23
216.92	29854.49
216.97	29916.87
217.03	29985.52
217.08	30056.54
217.13	30135.50
217.18	30211.25
217.24	30284.12
217.29	30353.30
217.34	30402.10
217.39	30442.62
217.45	30486.23
217.50	30539.05
217.55	30596.11
217.61	30662.88
217.66	30726.62
217.71	30798.45
217.76	30876.17
217.82	30957.30
217.87	31032.92
217.92	31113.56
217.97	31184.68
218.03	31243.69
218.08	31287.60
218.13	31330.19
218.18	31381.00
218.24	31454.31
218.29	31508.10
218.34	31570.18
218.39	31640.59
218.45	31706.15
218.50	31747.61
218.55	31819.85
218.60	31887.07
218.66	31941.03
218.71	31997.66
218.76	32060.88
218.81	32121.29
218.87	32185.04
218.92	32252.56
218.97	32326.55
219.02	32395.75
219.08	32463.76
219.13	32538.79
219.18	32612.38
219.23	32669.02
219.29	32727.54
219.34	32786.85
219.39	32839.19
219.44	32898.91
219.50	32968.00
219.55	33033.16
219.60	33098.29
219.65	33165.82
219.71	33233.35
219.76	33289.41
219.81	33348.15
219.86	33401.96
219.92	33451.45
219.97	33499.94
220.02	33556.42
220.07	33613.19
220.13	33677.81
220.18	33744.85
220.23	33815.73
220.28	33897.60
220.33	33976.64
220.39	34034.62
220.44	34094.85
220.49	34149.14
220.54	34193.30
220.60	34240.96
220.65	34311.26
220.70	34379.88
220.75	34457.64
220.81	34536.03
220.86	34618.10
220.91	34679.45
220.96	34756.83
221.02	34823.82
221.07	34886.54
221.12	34938.83
221.17	34993.84
221.22	35042.35
221.28	35091.03
221.33	35150.78
221.38	35225.01
221.43	35303.90
221.49	35366.85
221.54	35435.66
221.59	35506.52
221.64	35575.19
221.69	35661.34
221.75	35764.39
221.80	35865.11
221.85	35937.41
221.90	36009.77
221.96	36069.65
222.01	36103.06
222.06	36134.71
222.11	36186.83
222.17	36223.96
222.22	36253.34
222.27	36302.90
222.32	36347.64
222.37	36396.33
222.43	36464.14
222.48	36533.79
222.53	36604.72
222.58	36687.62
222.63	36761.07
222.69	36819.25
222.74	36892.63
222.79	36960.85
222.84	37004.34
222.90	37054.59
222.95	37111.26
223.00	37152.40
223.05	37196.10
223.10	37260.34
223.16	37320.34
223.21	37370.29
223.26	37409.16
223.31	37448.17
223.36	37481.83
223.42	37521.60
223.47	37551.63
223.52	37602.38
223.57	37654.14
223.63	37713.57
223.68	37759.13
223.73	37836.81
223.78	37912.15
223.83	37979.43
223.89	38034.59
223.94	38113.46
223.99	38173.50
224.04	38244.56
224.09	38326.09
224.15	38419.40
224.20	38492.28
224.25	38586.01
224.30	38667.42
224.35	38752.93
224.41	38850.96
224.46	38947.93
224.51	39033.07
224.56	39115.27
224.61	39190.22
224.67	39266.79
224.72	39337.11
224.77	39431.54
224.82	39528.23
224.87	39617.54
224.93	39687.29
224.98	39777.22
225.03	39850.95
225.08	39930.00
225.13	40013.57
225.19	40103.29
225.24	40194.43
225.29	40264.77
225.34	40343.21
225.39	40422.44
225.45	40508.30
225.50	40582.71
225.55	40668.97
225.60	40746.03
225.65	40827.58
225.71	40894.96
225.76	40963.84
225.81	41026.08
225.86	41085.53
225.91	41142.16
225.97	41198.33
226.02	41243.48
226.07	41266.10
226.12	41298.54
226.17	41346.34
226.22	41427.17
226.28	41536.26
226.33	41697.83
226.38	41849.42
226.43	41971.79
226.48	42058.01
226.54	42124.90
226.59	42179.65
226.64	42225.43
226.69	42274.74
226.74	42333.64
226.80	42405.75
226.85	42473.00
226.90	42552.44
226.95	42653.90
227.00	42757.72
227.05	42860.29
227.11	42962.32
227.16	43066.68
227.21	43152.67
227.26	43240.42
227.31	43319.06
227.37	43383.71
227.42	43457.26
227.47	43541.97
227.52	43610.63
227.57	43670.76
227.62	43758.73
227.68	43830.33
227.73	43899.64
227.78	43984.48
227.83	44077.81
227.88	44147.93
227.93	44223.30
227.99	44304.89
228.04	44375.93
228.09	44448.10
228.14	44521.02
228.19	44593.82
228.24	44654.75
228.30	44720.66
228.35	44778.35
228.40	44842.75
228.45	44898.31
228.50	44973.88
228.56	45040.68
228.61	45103.36
228.66	45154.93
228.71	45215.21
228.76	45255.77
228.81	45302.85
228.87	45356.51
228.92	45422.30
228.97	45487.26
229.02	45576.55
229.07	45659.46
229.12	45746.96
229.17	45820.29
229.23	45895.57
229.28	45962.46
229.33	46035.90
229.38	46113.33
229.43	46190.66
229.48	46272.31
229.54	46332.68
229.59	46391.43
229.64	46456.84
229.69	46536.25
229.74	46612.35
229.79	46692.74
229.85	46772.95
229.90	46843.48
229.95	46912.03
230.00	46979.36
230.05	47059.25
230.10	47128.94
230.16	47199.30
230.21	47252.44
230.26	47293.89
230.31	47332.09
230.36	47397.72
230.41	47464.07
230.46	47548.46
230.52	47641.62
230.57	47725.70
230.62	47795.09
230.67	47857.79
230.72	47918.76
230.77	47964.90
230.82	48016.54
230.88	48049.52
230.93	48090.08
230.98	48129.59
231.03	48190.61
231.08	48242.77
231.13	48304.23
231.19	48375.09
231.24	48445.43
231.29	48521.38
231.34	48593.73
231.39	48670.63
231.44	48741.66
231.49	48792.49
231.55	48838.20
231.60	48876.25
231.65	48928.51
231.70	48967.26
231.75	49018.08
231.80	49063.86
231.85	49126.97
231.91	49166.11
231.96	49220.31
232.01	49281.33
232.06	49344.76
232.11	49403.54
232.16	49489.72
232.21	49571.62
232.26	49659.81
232.32	49746.40
232.37	49823.27
232.42	49885.94
232.47	49930.78
232.52	49971.50
232.57	50020.88
232.62	50076.02
232.68	50134.62
232.73	50214.52
232.78	50288.00
232.83	50365.35
232.88	50440.18
232.93	50517.08
232.98	50580.10
233.03	50641.08
233.09	50691.33
233.14	50757.55
233.19	50810.87
233.24	50867.26
233.29	50918.25
233.34	50955.41
233.39	50976.52
233.45	51001.85
233.50	51041.51
233.55	51092.27
233.60	51157.65
233.65	51223.07
233.70	51298.90
233.75	51350.20
233.80	51399.76
233.86	51454.10
233.91	51505.51
233.96	51542.21
234.01	51595.12
234.06	51651.38
234.11	51701.23
234.16	51765.49
234.21	51832.64
234.26	51879.88
234.32	51914.17
234.37	51956.28
234.42	51983.47
234.47	52008.36
234.52	52034.95
234.57	52084.89
234.62	52125.83
234.67	52178.86
234.73	52227.51
234.78	52290.99
234.83	52332.19
234.88	52371.45
234.93	52396.31
234.98	52438.68
235.03	52482.40
235.08	52547.39
235.13	52610.95
235.19	52688.18
235.24	52757.77
235.29	52824.66
235.34	52868.29
235.39	52906.02
235.44	52930.95
235.49	52958.42
235.54	52978.22
235.59	52997.09
235.65	53019.79
235.70	53060.80
235.75	53096.37
235.80	53148.25
235.85	53208.00
235.90	53255.44
235.95	53290.33
236.00	53324.06
236.05	53349.55
236.11	53373.21
236.16	53406.25
236.21	53439.22
236.26	53477.60
236.31	53498.45
236.36	53523.80
236.41	53543.65
236.46	53559.60
236.51	53578.31
236.56	53610.81
236.62	53635.95
236.67	53672.54
236.72	53718.60
236.77	53743.19
236.82	53783.17
236.87	53805.94
236.92	53829.11
236.97	53867.14
237.02	53917.03
237.07	53967.51
237.13	54024.70
237.18	54078.17
237.23	54119.96
237.28	54160.21
237.33	54193.69
237.38	54219.57
237.43	54245.09
237.48	54246.42
237.53	54270.68
237.58	54296.21
237.63	54349.43
237.69	54390.15
237.74	54447.39
237.79	54477.15
237.84	54481.95
237.89	54479.49
237.94	54481.92
237.99	54500.51
238.04	54520.24
238.09	54551.44
238.14	54577.62
238.19	54608.20
238.25	54623.40
238.30	54620.73
238.35	54621.10
238.40	54623.66
238.45	54621.73
238.50	54624.14
238.55	54641.80
238.60	54667.68
238.65	54692.57
238.70	54711.98
238.75	54721.23
238.80	54747.54
238.86	54760.18
238.91	54775.20
238.96	54804.28
239.01	54842.65
239.06	54872.81
239.11	54896.04
239.16	54920.18
239.21	54920.71
239.26	54917.69
239.31	54927.61
239.36	54948.63
239.41	54965.56
239.46	55002.35
239.52	55032.67
239.57	55051.24
239.62	55052.11
239.67	55075.24
239.72	55091.15
239.77	55100.34
239.82	55110.99
239.87	55133.45
239.92	55129.42
239.97	55130.28
240.02	55128.41
240.07	55113.91
240.12	55113.69
240.17	55122.88
240.23	55119.06
240.28	55119.01
240.33	55131.29
240.38	55131.11
240.43	55134.36
240.48	55159.29
240.53	55184.07
240.58	55209.58
240.63	55239.56
240.68	55249.51
240.73	55235.26
240.78	55235.53
240.83	55225.77
240.88	55199.73
240.93	55186.68
240.98	55190.02
241.04	55207.18
241.09	55224.60
241.14	55253.32
241.19	55298.41
241.24	55332.51
241.29	55343.32
241.34	55356.59
241.39	55376.09
241.44	55376.80
241.49	55374.49
241.54	55368.96
241.59	55363.77
241.64	55357.08
241.69	55341.68
241.74	55327.53
241.79	55321.65
241.84	55305.79
241.90	55287.83
241.95	55264.46
242.00	55248.50
242.05	55226.14
242.10	55220.51
242.15	55203.29
242.20	55200.70
242.25	55198.55
242.30	55187.81
242.35	55179.45
242.40	55173.71
242.45	55165.06
242.50	55158.92
242.55	55158.07
242.60	55153.68
242.65	55157.62
242.70	55172.72
242.75	55193.49
242.80	55228.06
242.85	55262.87
242.91	55275.09
242.96	55268.28
243.01	55254.81
243.06	55231.95
243.11	55193.50
243.16	55172.86
243.21	55170.23
243.26	55171.52
243.31	55181.46
243.36	55204.33
243.41	55218.96
243.46	55221.20
243.51	55194.93
243.56	55147.20
243.61	55087.04
243.66	55055.10
243.71	55022.35
243.76	55020.01
243.81	55036.17
243.86	55043.56
243.91	55039.43
243.96	55036.10
244.01	55009.76
244.06	54974.95
244.12	54964.04
244.17	54944.82
244.22	54944.15
244.27	54968.73
244.32	55009.60
244.37	55027.48
244.42	55043.14
244.47	55037.93
244.52	55007.66
244.57	54963.90
244.62	54938.87
244.67	54915.63
244.72	54893.40
244.77	54895.27
244.82	54916.67
244.87	54947.59
244.92	54977.78
244.97	54987.70
245.02	54983.51
245.07	54959.05
245.12	54933.56
245.17	54906.20
245.22	54908.85
245.27	54906.15
245.32	54870.62
245.37	54829.18
245.42	54779.96
245.47	54732.29
245.52	54688.65
245.57	54684.72
245.62	54666.55
245.67	54668.19
245.72	54657.16
245.77	54634.89
245.82	54608.82
245.87	54608.31
245.92	54611.86
245.98	54608.50
246.03	54610.52
246.08	54618.10
246.13	54614.25
246.18	54601.10
246.23	54592.03
246.28	54585.34
246.33	54571.00
246.38	54545.37
246.43	54518.89
246.48	54498.99
246.53	54506.40
246.58	54513.62
246.63	54528.38
246.68	54523.81
246.73	54512.71
246.78	54474.16
246.83	54428.10
246.88	54367.53
246.93	54317.99
246.98	54266.18
247.03	54231.87
247.08	54209.69
247.13	54194.16
247.18	54189.06
247.23	54214.55
247.28	54222.35
247.33	54214.06
247.38	54200.39
247.43	54189.39
247.48	54166.46
247.53	54135.93
247.58	54103.61
247.63	54078.62
247.68	54037.75
247.73	53975.86
247.78	53935.84
247.83	53902.67
247.88	53880.01
247.93	53874.62
247.98	53882.86
248.03	53892.28
248.08	53909.72
248.13	53914.64
248.18	53902.35
248.23	53898.28
248.28	53869.07
248.33	53824.13
248.38	53779.14
248.43	53745.67
248.48	53724.45
248.53	53705.79
248.58	53690.68
248.63	53688.67
248.68	53677.07
248.73	53644.17
248.78	53608.12
248.83	53560.16
248.88	53493.75
248.93	53426.40
248.98	53345.86
249.03	53310.45
249.08	53284.73
249.13	53281.83
249.18	53278.95
249.23	53299.11
249.28	53288.98
249.33	53295.16
249.38	53276.20
249.43	53253.22
249.48	53225.50
249.53	53207.89
249.58	53175.23
249.63	53157.56
249.68	53149.75
249.73	53131.12
249.78	53111.46
249.83	53108.82
249.88	53083.74
249.93	53061.87
249.98	53057.79
250.03	53044.92
250.08	53014.83
250.13	52998.80
250.18	52974.12
250.23	52928.75
250.28	52880.54
250.33	52833.99
250.37	52799.59
250.42	52761.91
250.47	52742.38
250.52	52729.90
250.57	52712.95
250.62	52672.74
250.67	52643.30
250.72	52614.98
250.77	52575.46
250.82	52554.15
250.87	52560.36
250.92	52550.88
250.97	52528.64
251.02	52521.79
251.07	52516.31
251.12	52489.91
251.17	52460.04
251.22	52429.72
251.27	52390.02
251.32	52343.89
251.37	52290.69
251.42	52245.86
251.47	52206.65
251.52	52180.43
251.57	52157.90
251.62	52154.50
251.67	52140.80
251.72	52127.97
251.77	52095.47
251.82	52050.01
251.87	51996.80
251.92	51952.09
251.97	51888.55
252.02	51845.05
252.07	51816.80
252.12	51801.63
252.16	51797.48
252.21	51799.26
252.26	51803.59
252.31	51811.42
252.36	51800.83
252.41	51786.30
252.46	51774.76
252.51	51743.36
252.56	51710.44
252.61	51678.75
252.66	51646.62
252.71	51612.28
252.76	51587.98
252.81	51539.28
252.86	51482.41
252.91	51430.94
252.96	51376.23
253.01	51307.47
253.06	51248.10
253.11	51209.86
253.16	51163.70
253.21	51117.28
253.26	51080.81
253.31	51051.38
253.36	51026.57
253.40	50996.46
253.45	50985.98
253.50	50950.78
253.55	50919.83
253.60	50871.22
253.65	50831.42
253.70	50783.86
253.75	50769.60
253.80	50753.47
253.85	50754.58
253.90	50760.91
253.95	50758.39
254.00	50754.13
254.05	50738.53
254.10	50702.46
254.15	50665.21
254.20	50632.60
254.25	50595.76
254.30	50557.84
254.35	50515.70
254.39	50443.96
254.44	50364.78
254.49	50282.46
254.54	50254.97
254.59	50220.27
254.64	50217.04
254.69	50217.22
254.74	50227.55
254.79	50189.92
254.84	50160.52
254.89	50143.79
254.94	50129.28
254.99	50113.59
255.04	50107.28
255.09	50102.99
255.14	50075.56
255.19	50059.38
255.23	50048.41
255.28	50029.45
255.33	50014.40
255.38	50006.31
255.43	49995.66
255.48	49959.89
255.53	49927.47
255.58	49900.53
255.63	49863.02
255.68	49812.08
255.73	49768.87
255.78	49730.29
255.83	49701.26
255.88	49683.06
255.93	49658.61
255.97	49644.06
256.02	49617.11
256.07	49572.08
256.12	49490.28
256.17	49433.44
256.22	49370.22
256.27	49321.41
256.32	49276.41
256.37	49267.67
256.42	49251.36
256.47	49230.30
256.52	49200.10
256.57	49180.79
256.62	49158.10
256.66	49143.26
256.71	49118.52
256.76	49080.54
256.81	49032.28
256.86	48984.73
256.91	48929.11
256.96	48880.14
257.01	48851.06
257.06	48826.88
257.11	48795.25
257.16	48748.81
257.21	48719.56
257.26	48679.89
257.30	48633.69
257.35	48586.08
257.40	48563.11
257.45	48548.31
257.50	48524.03
257.55	48499.89
257.60	48482.59
257.65	48459.40
257.70	48413.73
257.75	48376.90
257.80	48346.53
257.85	48318.01
257.89	48271.43
257.94	48217.15
257.99	48149.94
258.04	48086.58
258.09	48037.39
258.14	48006.05
258.19	47992.18
258.24	47981.09
258.29	47946.86
258.34	47906.44
258.39	47867.04
258.44	47807.64
258.48	47758.85
258.53	47738.31
258.58	47699.63
258.63	47651.97
258.68	47606.33
258.73	47564.39
258.78	47521.56
258.83	47476.25
258.88	47444.31
258.93	47411.11
258.97	47384.29
259.02	47341.98
259.07	47318.67
259.12	47292.11
259.17	47281.55
259.22	47263.39
259.27	47244.80
259.32	47224.68
259.37	47180.45
259.42	47140.95
259.47	47091.66
259.51	47050.90
259.56	46992.22
259.61	46924.79
259.66	46846.95
259.71	46771.39
259.76	46704.08
259.81	46642.71
259.86	46604.17
259.91	46568.43
259.95	46543.50
260.00	46519.59
260.05	46498.89
260.10	46487.11
260.15	46469.33
260.20	46463.37
260.25	46449.68
260.30	46442.71
260.35	46412.24
260.40	46386.23
260.44	46360.08
260.49	46341.59
260.54	46308.24
260.59	46285.96
260.64	46277.30
260.69	46262.95
260.74	46223.30
260.79	46182.44
260.84	46139.95
260.88	46076.67
260.93	46007.18
260.98	45967.04
261.03	45928.75
261.08	45902.38
261.13	45874.20
261.18	45830.66
261.23	45770.86
261.28	45727.84
261.32	45673.77
261.37	45625.86
261.42	45597.87
261.47	45574.11
261.52	45532.31
261.57	45493.00
261.62	45455.62
261.67	45400.76
261.71	45341.04
261.76	45299.50
261.81	45247.28
261.86	45191.76
261.91	45147.56
261.96	45115.32
262.01	45070.37
262.06	45047.01
262.10	45036.97
262.15	45019.72
262.20	45000.00
262.25	44982.74
262.30	44965.80
262.35	44934.91
262.40	44907.21
262.45	44872.52
262.49	44844.98
262.54	44812.35
262.59	44785.55
262.64	44759.45
262.69	44728.03
262.74	44684.77
262.79	44628.10
262.84	44577.75
262.88	44528.62
262.93	44475.73
262.98	44434.25
263.03	44390.67
263.08	44333.95
263.13	44262.19
263.18	44202.12
263.23	44137.15
263.27	44090.01
263.32	44061.45
263.37	44048.37
263.42	44032.90
263.47	44009.48
263.52	43986.42
263.57	43946.30
263.61	43902.10
263.66	43858.33
263.71	43822.00
263.76	43785.91
263.81	43741.77
263.86	43719.16
263.91	43677.45
263.95	43622.83
264.00	43563.88
264.05	43525.02
264.10	43453.15
264.15	43387.68
264.20	43345.15
264.25	43296.79
264.29	43246.68
264.34	43193.97
264.39	43161.96
264.44	43112.64
264.49	43066.30
264.54	43021.84
264.59	42993.51
264.63	42948.55
264.68	42903.69
264.73	42859.77
264.78	42808.79
264.83	42745.28
264.88	42700.07
264.93	42668.54
264.97	42636.88
265.02	42615.80
265.07	42610.98
265.12	42571.46
265.17	42526.12
265.22	42488.58
265.27	42431.12
265.31	42366.66
265.36	42311.20
265.41	42259.36
265.46	42187.59
265.51	42117.06
265.56	42053.05
265.60	42001.36
265.65	41936.13
265.70	41889.55
265.75	41840.44
265.80	41785.65
265.85	41721.58
265.90	41668.27
265.94	41608.04
265.99	41548.73
266.04	41502.43
266.09	41470.24
266.14	41433.43
266.19	41398.84
266.23	41367.32
266.28	41320.44
266.33	41277.49
266.38	41247.15
266.43	41222.64
266.48	41193.82
266.52	41170.27
266.57	41140.22
266.62	41095.11
266.67	41049.09
266.72	41005.18
266.77	40980.22
266.81	40944.81
266.86	40920.19
266.91	40886.40
266.96	40849.23
267.01	40801.51
267.06	40761.19
267.10	40710.68
267.15	40663.08
267.20	40632.97
267.25	40594.12
267.30	40554.15
267.35	40519.76
267.39	40480.80
267.44	40445.52
267.49	40392.01
267.54	40344.22
267.59	40290.80
267.64	40239.05
267.68	40170.02
267.73	40131.07
267.78	40087.52
267.83	40065.80
267.88	40049.70
267.93	40044.96
267.97	40026.90
268.02	39990.22
268.07	39938.62
268.12	39877.78
268.17	39813.39
268.21	39763.98
268.26	39717.89
268.31	39677.44
268.36	39636.33
268.41	39597.70
268.46	39551.00
268.50	39518.22
268.55	39463.87
268.60	39409.45
268.65	39347.75
268.70	39266.25
268.74	39200.31
268.79	39136.68
268.84	39086.75
268.89	39041.37
268.94	39012.19
268.99	38965.68
269.03	38927.05
269.08	38879.16
269.13	38810.87
269.18	38731.29
269.23	38641.26
269.27	38531.62
269.32	38402.18
269.37	38278.65
269.42	38141.91
269.47	38000.20
269.51	37864.03
269.56	37726.01
269.61	37582.26
269.66	37436.37
269.71	37286.22
269.76	37135.89
269.80	36987.00
269.85	36838.89
269.90	36700.78
269.95	36556.51
270.00	36404.33
270.04	36257.94
270.09	36112.02
270.14	35965.62
270.19	35824.19
270.24	35694.50
270.28	35541.00
270.33	35380.75
270.38	35199.43
270.43	35025.42
270.48	34843.76
270.52	34682.63
270.57	34519.37
270.62	34367.46
270.67	34214.93
270.72	34058.24
270.76	33886.95
270.81	33720.04
270.86	33549.19
270.91	33375.56
270.96	33206.44
271.00	33045.12
271.05	32887.08
271.10	32749.25
271.15	32619.24
271.20	32498.81
271.24	32365.86
271.29	32228.66
271.34	32080.37
271.39	31923.89
271.44	31769.82
271.48	31635.45
271.53	31494.19
271.58	31354.71
271.63	31217.54
271.67	31069.88
271.72	30920.88
271.77	30781.44
271.82	30642.92
271.87	30502.00
271.91	30346.03
271.96	30200.73
272.01	30062.49
272.06	29928.39
272.11	29809.44
272.15	29706.61
272.20	29606.08
272.25	29502.56
272.30	29403.06
272.35	29290.24
272.39	29183.50
272.44	29060.23
272.49	28930.83
272.54	28791.07
272.58	28648.60
272.63	28497.52
272.68	28351.16
272.73	28190.33
272.78	28018.13
272.82	27819.87
272.87	27597.13
272.92	27307.32
272.97	26786.26
273.01	23836.26
273.06	18901.48
273.11	13462.96
273.16	8122.94
273.21	3058.79
273.25	462.18
273.30	-89.00
273.35	-89.62
