165.32	3380.23
165.38	-247.83
165.44	596.24
165.50	-77.51
165.55	-19.28
165.61	2.12
165.67	29.35
165.72	38.12
165.78	43.40
165.84	41.63
165.89	38.71
165.95	37.14
166.01	36.38
166.06	37.37
166.12	40.02
166.18	38.28
166.23	39.66
166.29	38.83
166.35	35.87
166.40	34.95
166.46	41.43
166.52	44.33
166.57	45.07
166.63	45.91
166.69	48.48
166.74	42.65
166.80	43.27
166.86	45.35
166.91	45.69
166.97	40.14
167.03	42.59
167.08	36.62
167.14	35.65
167.20	34.00
167.25	46.26
167.31	46.41
167.37	51.97
167.42	53.87
167.48	59.96
167.54	54.46
167.59	53.99
167.65	49.63
167.71	49.49
167.76	48.13
167.82	43.32
167.88	43.35
167.93	51.12
167.99	49.56
168.05	52.01
168.10	60.33
168.16	59.59
168.21	57.97
168.27	62.86
168.33	64.36
168.38	56.73
168.44	61.22
168.50	59.46
168.55	57.54
168.61	58.44
168.67	60.67
168.72	58.33
168.78	58.26
168.84	54.53
168.89	52.99
168.95	53.77
169.01	53.06
169.06	53.02
169.12	51.97
169.18	50.11
169.23	50.38
169.29	54.24
169.34	58.48
169.40	61.43
169.46	65.87
169.51	67.42
169.57	62.86
169.63	58.89
169.68	64.03
169.74	60.30
169.80	65.82
169.85	67.61
169.91	71.50
169.97	67.26
170.02	67.26
170.08	66.74
170.13	67.05
170.19	66.40
170.25	68.03
170.30	72.68
170.36	64.09
170.42	65.91
170.47	67.40
170.53	69.08
170.59	65.66
170.64	69.57
170.70	67.84
170.76	65.27
170.81	66.45
170.87	65.62
170.92	66.35
170.98	69.41
171.04	72.06
171.09	68.26
171.15	75.49
171.21	76.48
171.26	73.62
171.32	70.48
171.37	74.31
171.43	69.01
171.49	73.71
171.54	76.96
171.60	78.88
171.66	80.70
171.71	81.16
171.77	78.65
171.83	84.27
171.88	83.46
171.94	82.41
171.99	87.49
172.05	86.08
172.11	86.99
172.16	95.82
172.22	96.40
172.28	96.08
172.33	93.93
172.39	91.22
172.44	87.52
172.50	92.91
172.56	92.22
172.61	101.03
172.67	100.64
172.72	100.40
172.78	95.58
172.84	90.80
172.89	83.86
172.95	83.48
173.01	84.82
173.06	83.53
173.12	89.43
173.17	91.12
173.23	89.97
173.29	90.19
173.34	91.69
173.40	86.15
173.46	86.25
173.51	89.26
173.57	89.16
173.62	83.66
173.68	90.37
173.74	89.69
173.79	91.00
173.85	88.11
173.90	90.52
173.96	87.05
174.02	83.91
174.07	75.40
174.13	74.56
174.18	76.87
174.24	70.19
174.30	70.84
174.35	76.84
174.41	73.79
174.47	68.18
174.52	68.79
174.58	67.30
174.63	62.69
174.69	61.94
174.75	63.67
174.80	74.86
174.86	72.59
174.91	73.61
174.97	73.01
175.03	70.23
175.08	57.78
175.14	64.82
175.19	60.75
175.25	61.64
175.31	66.34
175.36	67.79
175.42	64.48
175.47	68.78
175.53	69.12
175.59	65.59
175.64	67.76
175.70	65.68
175.75	61.08
175.81	59.35
175.87	60.04
175.92	56.03
175.98	57.80
176.03	57.74
176.09	58.40
176.15	58.67
176.20	59.96
176.26	59.75
176.31	63.54
176.37	61.31
176.42	62.38
176.48	66.26
176.54	63.33
176.59	60.11
176.65	62.67
176.70	63.80
176.76	62.32
176.82	60.79
176.87	57.83
176.93	57.69
176.98	56.59
177.04	51.91
177.10	56.88
177.15	58.62
177.21	59.15
177.26	57.85
177.32	61.43
177.37	62.97
177.43	66.50
177.49	63.78
177.54	61.60
177.60	61.69
177.65	62.18
177.71	56.94
177.77	59.90
177.82	61.65
177.88	65.99
177.93	61.02
177.99	67.45
178.04	62.72
178.10	63.26
178.16	56.48
178.21	58.27
178.27	55.48
178.32	59.56
178.38	57.96
178.43	59.76
178.49	59.12
178.55	58.27
178.60	56.71
178.66	56.68
178.71	57.68
178.77	55.94
178.82	57.01
178.88	57.20
178.94	57.39
178.99	58.79
179.05	63.33
179.10	59.16
179.16	61.60
179.21	63.87
179.27	62.45
179.33	58.00
179.38	61.67
179.44	60.29
179.49	61.02
179.55	59.53
179.60	59.54
179.66	58.38
179.72	60.51
179.77	57.78
179.83	56.27
179.88	57.93
179.94	59.51
179.99	56.06
180.05	56.05
180.11	56.84
180.16	59.19
180.22	61.58
180.27	66.01
180.33	67.14
180.38	71.78
180.44	66.98
180.49	67.18
180.55	65.07
180.61	68.91
180.66	63.63
180.72	62.78
180.77	60.73
180.83	60.66
180.88	57.52
180.94	57.44
180.99	60.72
181.05	60.44
181.11	61.54
181.16	61.97
181.22	63.04
181.27	65.37
181.33	64.35
181.38	61.24
181.44	62.33
181.49	67.21
181.55	68.02
181.61	74.12
181.66	76.91
181.72	74.74
181.77	71.64
181.83	69.14
181.88	73.96
181.94	75.54
181.99	80.66
182.05	81.11
182.11	81.45
182.16	72.13
182.22	69.90
182.27	65.39
182.33	68.34
182.38	68.66
182.44	73.90
182.49	75.96
182.55	77.65
182.60	76.62
182.66	79.69
182.72	81.88
182.77	84.02
182.83	87.27
182.88	90.88
182.94	92.12
182.99	89.09
183.05	87.74
183.10	90.19
183.16	89.12
183.21	90.09
183.27	97.82
183.32	102.41
183.38	105.80
183.44	112.50
183.49	117.80
183.55	119.01
183.60	125.23
183.66	131.56
183.71	140.55
183.77	147.88
183.82	157.26
183.88	168.32
183.93	179.82
183.99	193.82
184.04	210.21
184.10	222.33
184.15	234.76
184.21	247.35
184.27	248.82
184.32	249.64
184.38	248.03
184.43	243.08
184.49	226.84
184.54	210.22
184.60	201.08
184.65	187.51
184.71	178.57
184.76	180.32
184.82	197.51
184.87	214.11
184.93	239.07
184.98	266.64
185.04	297.97
185.09	322.70
185.15	348.47
185.20	379.37
185.26	413.52
185.31	441.53
185.37	469.15
185.43	489.37
185.48	508.56
185.54	531.09
185.59	557.16
185.65	582.06
185.70	622.21
185.76	667.86
185.81	702.46
185.87	738.29
185.92	782.52
185.98	818.69
186.03	836.09
186.09	838.83
186.14	815.71
186.20	763.56
186.25	678.23
186.31	592.35
186.36	526.06
186.42	496.93
186.47	506.11
186.53	554.09
186.58	623.14
186.64	697.34
186.69	769.69
186.75	829.23
186.80	886.65
186.86	944.97
186.91	1002.41
186.97	1056.88
187.02	1127.68
187.08	1193.27
187.13	1247.88
187.19	1306.98
187.24	1365.68
187.30	1404.54
187.35	1446.33
187.41	1500.16
187.47	1553.42
187.52	1599.43
187.58	1656.70
187.63	1729.26
187.69	1806.04
187.74	1871.39
187.80	1930.12
187.85	1981.33
187.91	2003.16
187.96	1990.17
188.02	1931.07
188.07	1831.70
188.13	1682.58
188.18	1527.16
188.24	1411.09
188.29	1357.52
188.35	1368.65
188.40	1450.21
188.46	1574.36
188.51	1698.71
188.57	1827.37
188.62	1951.67
188.67	2067.51
188.73	2178.55
188.78	2285.04
188.84	2387.51
188.89	2493.33
188.95	2597.08
189.00	2686.31
189.06	2782.53
189.11	2876.14
189.17	2955.40
189.22	3030.44
189.28	3119.88
189.33	3195.66
189.39	3258.90
189.44	3324.06
189.50	3396.18
189.55	3460.93
189.61	3516.29
189.66	3575.46
189.72	3635.92
189.77	3685.12
189.83	3713.41
189.88	3721.34
189.94	3689.67
189.99	3607.23
190.05	3455.59
190.10	3236.56
190.16	2983.60
190.21	2762.78
190.27	2617.16
190.32	2574.69
190.38	2637.73
190.43	2780.89
190.49	2951.64
190.54	3100.61
190.60	3227.95
190.65	3335.18
190.71	3433.05
190.76	3521.30
190.81	3611.83
190.87	3710.53
190.92	3831.86
190.98	3957.18
191.03	4088.79
191.09	4230.69
191.14	4354.22
191.20	4451.02
191.25	4553.55
191.31	4656.78
191.36	4756.46
191.42	4868.17
191.47	4995.19
191.53	5114.49
191.58	5216.90
191.64	5298.16
191.69	5370.13
191.75	5417.32
191.80	5449.36
191.85	5469.64
191.91	5492.02
191.96	5512.71
192.02	5544.77
192.07	5559.96
192.13	5557.15
192.18	5510.65
192.24	5393.90
192.29	5196.62
192.35	4973.39
192.40	4789.36
192.46	4683.79
192.51	4680.56
192.57	4777.91
192.62	4954.58
192.67	5140.51
192.73	5316.96
192.78	5479.66
192.84	5628.70
192.89	5766.53
192.95	5895.59
193.00	6012.79
193.06	6122.35
193.11	6229.88
193.17	6320.98
193.22	6405.36
193.28	6494.88
193.33	6569.58
193.38	6638.32
193.44	6710.88
193.49	6785.81
193.55	6842.89
193.60	6903.28
193.66	6956.77
193.71	6999.41
193.77	7024.49
193.82	7048.03
193.88	7066.12
193.93	7090.29
193.98	7116.99
194.04	7153.50
194.09	7196.02
194.15	7247.65
194.20	7292.72
194.26	7334.65
194.31	7378.79
194.37	7407.44
194.42	7413.76
194.47	7406.78
194.53	7363.06
194.58	7273.94
194.64	7162.80
194.69	7066.71
194.75	6996.51
194.80	6981.77
194.86	7021.04
194.91	7113.29
194.97	7216.96
195.02	7325.04
195.07	7432.68
195.13	7537.25
195.18	7641.68
195.24	7742.08
195.29	7843.35
195.35	7930.23
195.40	8018.66
195.46	8092.40
195.51	8176.06
195.56	8261.23
195.62	8347.94
195.67	8424.65
195.73	8505.01
195.78	8561.77
195.84	8604.37
195.89	8634.03
195.94	8670.51
196.00	8701.36
196.05	8745.70
196.11	8799.43
196.16	8861.59
196.22	8922.90
196.27	8992.17
196.32	9048.63
196.38	9095.73
196.43	9142.83
196.49	9180.51
196.54	9215.22
196.60	9257.57
196.65	9300.49
196.71	9348.05
196.76	9395.25
196.81	9430.33
196.87	9462.99
196.92	9493.56
196.98	9508.10
197.03	9517.64
197.09	9517.19
197.14	9514.09
197.19	9515.30
197.25	9529.16
197.30	9554.14
197.36	9608.40
197.41	9671.53
197.47	9734.38
197.52	9795.06
197.57	9861.53
197.63	9913.18
197.68	9964.43
197.74	10013.91
197.79	10062.15
197.84	10106.51
197.90	10152.37
197.95	10198.00
198.01	10241.18
198.06	10285.71
198.12	10330.45
198.17	10372.34
198.22	10410.84
198.28	10445.49
198.33	10483.07
198.39	10518.97
198.44	10564.08
198.49	10612.76
198.55	10665.48
198.60	10716.23
198.66	10762.01
198.71	10815.38
198.77	10858.47
198.82	10908.07
198.87	10955.05
198.93	11003.79
198.98	11045.04
199.04	11091.22
199.09	11130.76
199.14	11173.66
199.20	11214.79
199.25	11256.18
199.31	11297.99
199.36	11342.44
199.42	11385.58
199.47	11432.67
199.52	11473.65
199.58	11512.49
199.63	11537.76
199.69	11570.13
199.74	11604.68
199.79	11629.43
199.85	11660.33
199.90	11705.33
199.96	11743.65
200.01	11786.04
200.06	11837.98
200.12	11886.45
200.17	11938.63
200.23	11993.18
200.28	12034.09
200.33	12088.74
200.39	12136.36
200.44	12178.34
200.50	12217.61
200.55	12265.81
200.60	12298.66
200.66	12336.02
200.71	12372.90
200.77	12416.83
200.82	12454.69
200.87	12495.06
200.93	12532.57
200.98	12573.16
201.04	12608.61
201.09	12651.61
201.14	12702.84
201.20	12755.86
201.25	12813.52
201.31	12866.80
201.36	12925.84
201.41	12979.99
201.47	13040.35
201.52	13088.72
201.58	13148.68
201.63	13196.50
201.68	13245.18
201.74	13291.42
201.79	13341.52
201.84	13392.80
201.90	13441.93
201.95	13491.66
202.01	13546.00
202.06	13597.57
202.11	13637.39
202.17	13682.23
202.22	13726.54
202.28	13764.12
202.33	13803.28
202.38	13844.80
202.44	13892.69
202.49	13939.19
202.54	13990.78
202.60	14038.58
202.65	14087.00
202.71	14132.32
202.76	14168.46
202.81	14207.18
202.87	14257.16
202.92	14306.15
202.98	14357.24
203.03	14417.93
203.08	14469.66
203.14	14518.44
203.19	14574.11
203.24	14624.62
203.30	14672.54
203.35	14722.88
203.41	14773.51
203.46	14817.07
203.51	14861.49
203.57	14904.54
203.62	14956.63
203.67	15007.87
203.73	15054.79
203.78	15096.63
203.84	15149.91
203.89	15187.35
203.94	15225.27
204.00	15264.97
204.05	15309.52
204.10	15336.77
204.16	15366.49
204.21	15389.08
204.27	15410.11
204.32	15420.03
204.37	15427.76
204.43	15422.47
204.48	15406.96
204.53	15395.44
204.59	15409.21
204.64	15468.39
204.69	15567.84
204.75	15690.19
204.80	15823.73
204.86	15934.97
204.91	16007.09
204.96	16059.54
205.02	16095.43
205.07	16127.38
205.12	16185.73
205.18	16266.08
205.23	16355.64
205.28	16466.34
205.34	16568.33
205.39	16663.72
205.45	16741.13
205.50	16810.24
205.55	16870.36
205.61	16932.54
205.66	16986.63
205.71	17051.21
205.77	17111.40
205.82	17163.91
205.87	17219.97
205.93	17270.44
205.98	17316.09
206.03	17357.65
206.09	17406.25
206.14	17453.28
206.20	17507.28
206.25	17559.97
206.30	17624.38
206.36	17684.37
206.41	17752.15
206.46	17807.61
206.52	17853.74
206.57	17900.88
206.62	17945.24
206.68	17983.77
206.73	18034.05
206.78	18094.11
206.84	18150.77
206.89	18211.02
206.94	18273.50
207.00	18340.70
207.05	18404.27
207.11	18465.27
207.16	18528.00
207.21	18585.97
207.27	18637.44
207.32	18695.24
207.37	18754.81
207.43	18812.27
207.48	18864.62
207.53	18918.86
207.59	18975.94
207.64	19029.24
207.69	19093.98
207.75	19166.76
207.80	19223.85
207.85	19277.40
207.91	19335.97
207.96	19387.77
208.01	19440.80
208.07	19500.08
208.12	19561.06
208.17	19609.44
208.23	19655.12
208.28	19698.10
208.33	19756.63
208.39	19813.48
208.44	19887.07
208.49	19949.90
208.55	20018.20
208.60	20070.55
208.65	20119.87
208.71	20165.33
208.76	20228.88
208.81	20292.82
208.87	20362.89
208.92	20427.96
208.97	20493.66
209.03	20554.09
209.08	20611.64
209.13	20671.74
209.19	20734.26
209.24	20791.21
209.29	20847.57
209.35	20900.07
209.40	20958.66
209.45	21021.60
209.51	21088.51
209.56	21149.59
209.61	21215.67
209.67	21280.27
209.72	21340.43
209.77	21399.73
209.83	21463.05
209.88	21531.47
209.93	21591.62
209.99	21649.63
210.04	21716.68
210.09	21789.63
210.15	21852.19
210.20	21912.98
210.25	21974.63
210.31	22036.46
210.36	22083.99
210.41	22130.58
210.46	22186.28
210.52	22246.03
210.57	22294.57
210.62	22356.78
210.68	22423.83
210.73	22478.06
210.78	22536.83
210.84	22597.48
210.89	22662.14
210.94	22722.20
211.00	22787.23
211.05	22842.51
211.10	22911.90
211.16	22965.33
211.21	23029.43
211.26	23095.81
211.32	23169.69
211.37	23229.14
211.42	23299.32
211.47	23365.96
211.53	23428.83
211.58	23486.41
211.63	23550.29
211.69	23609.06
211.74	23659.79
211.79	23713.90
211.85	23774.10
211.90	23833.40
211.95	23899.64
212.01	23963.87
212.06	24039.09
212.11	24114.48
212.16	24186.33
212.22	24257.76
212.27	24323.96
212.32	24391.09
212.38	24454.83
212.43	24516.24
212.48	24573.71
212.54	24646.06
212.59	24714.77
212.64	24781.23
212.69	24845.56
212.75	24914.82
212.80	24976.99
212.85	25041.49
212.91	25095.20
212.96	25154.42
213.01	25213.68
213.07	25278.01
213.12	25336.13
213.17	25399.94
213.22	25465.74
213.28	25528.00
213.33	25574.74
213.38	25628.31
213.44	25685.28
213.49	25748.29
213.54	25821.71
213.60	25908.70
213.65	25990.17
213.70	26077.98
213.75	26148.99
213.81	26205.00
213.86	26262.46
213.91	26304.98
213.97	26339.93
214.02	26380.86
214.07	26417.33
214.12	26450.79
214.18	26488.66
214.23	26533.84
214.28	26567.63
214.34	26602.19
214.39	26626.38
214.44	26636.88
214.49	26616.32
214.55	26581.47
214.60	26525.35
214.65	26448.78
214.71	26375.39
214.76	26379.32
214.81	26458.33
214.86	26612.23
214.92	26823.25
214.97	27061.14
215.02	27250.07
215.08	27383.35
215.13	27466.76
215.18	27504.29
215.23	27530.38
215.29	27564.91
215.34	27637.83
215.39	27741.37
215.45	27888.57
215.50	28052.81
215.55	28215.48
215.60	28338.96
215.66	28432.09
215.71	28509.95
215.76	28579.60
215.81	28634.43
215.87	28694.53
215.92	28757.72
215.97	28809.75
216.03	28868.38
216.08	28925.04
216.13	28989.18
216.18	29052.61
216.24	29118.03
216.29	29168.55
216.34	29225.55
216.39	29286.29
216.45	29348.66
216.50	29408.75
216.55	29465.25
216.61	29537.83
216.66	29594.43
216.71	29654.53
216.76	29708.36
216.82	29787.39
216.87	29851.44
216.92	29927.05
216.97	29994.29
217.03	30075.57
217.08	30144.56
217.13	30223.63
217.18	30301.05
217.24	30378.41
217.29	30448.72
217.34	30499.97
217.39	30542.27
217.45	30582.41
217.50	30624.05
217.55	30681.36
217.61	30750.66
217.66	30819.34
217.71	30889.10
217.76	30974.56
217.82	31051.16
217.87	31120.61
217.92	31199.03
217.97	31270.10
218.03	31328.62
218.08	31374.11
218.13	31423.78
218.18	31464.89
218.24	31530.38
218.29	31584.34
218.34	31645.65
218.39	31718.55
218.45	31786.73
218.50	31841.09
218.55	31907.62
218.60	31975.58
218.66	32023.59
218.71	32090.14
218.76	32157.35
218.81	32224.43
218.87	32283.65
218.92	32355.38
218.97	32423.72
219.02	32487.48
219.08	32554.24
219.13	32625.36
219.18	32692.60
219.23	32748.35
219.29	32806.47
219.34	32863.61
219.39	32930.89
219.44	32995.87
219.50	33069.70
219.55	33138.81
219.60	33205.08
219.65	33264.25
219.71	33327.45
219.76	33375.68
219.81	33428.93
219.86	33488.37
219.92	33542.88
219.97	33596.98
220.02	33662.35
220.07	33722.71
220.13	33778.07
220.18	33849.67
220.23	33922.23
220.28	34004.10
220.33	34080.82
220.39	34139.91
220.44	34190.49
220.49	34244.70
220.54	34283.08
220.60	34332.31
220.65	34405.03
220.70	34473.53
220.75	34543.81
220.81	34629.69
220.86	34704.58
220.91	34767.62
220.96	34837.64
221.02	34909.64
221.07	34968.08
221.12	35028.17
221.17	35090.90
221.22	35150.85
221.28	35204.15
221.33	35265.93
221.38	35329.50
221.43	35395.51
221.49	35457.82
221.54	35522.74
221.59	35585.53
221.64	35666.41
221.69	35760.14
221.75	35860.04
221.80	35961.46
221.85	36041.89
221.90	36110.29
221.96	36172.37
222.01	36207.96
222.06	36238.46
222.11	36287.20
222.17	36332.43
222.22	36356.36
222.27	36406.48
222.32	36455.98
222.37	36507.19
222.43	36566.10
222.48	36634.74
222.53	36703.27
222.58	36780.48
222.63	36854.69
222.69	36922.10
222.74	36991.81
222.79	37065.66
222.84	37116.52
222.90	37168.46
222.95	37216.29
223.00	37258.46
223.05	37294.57
223.10	37349.48
223.16	37404.34
223.21	37454.48
223.26	37505.87
223.31	37549.92
223.36	37587.32
223.42	37628.82
223.47	37662.97
223.52	37706.61
223.57	37758.14
223.63	37815.65
223.68	37866.00
223.73	37941.25
223.78	38019.07
223.83	38086.24
223.89	38138.30
223.94	38208.29
223.99	38270.73
224.04	38337.55
224.09	38415.06
224.15	38514.40
224.20	38594.77
224.25	38683.96
224.30	38769.06
224.35	38853.72
224.41	38944.29
224.46	39043.09
224.51	39129.61
224.56	39206.31
224.61	39286.93
224.67	39357.31
224.72	39421.56
224.77	39512.37
224.82	39607.76
224.87	39693.66
224.93	39779.77
224.98	39872.01
225.03	39950.13
225.08	40028.79
225.13	40115.78
225.19	40201.23
225.24	40286.47
225.29	40356.96
225.34	40439.70
225.39	40505.89
225.45	40581.27
225.50	40649.80
225.55	40725.42
225.60	40792.30
225.65	40872.01
225.71	40932.70
225.76	40991.14
225.81	41042.71
225.86	41079.58
225.91	41109.12
225.97	41123.07
226.02	41122.17
226.07	41094.63
226.12	41091.75
226.17	41121.01
226.22	41224.57
226.28	41378.08
226.33	41590.33
226.38	41783.24
226.43	41949.77
226.48	42059.36
226.54	42133.36
226.59	42188.88
226.64	42234.41
226.69	42267.35
226.74	42310.93
226.80	42373.45
226.85	42449.34
226.90	42544.22
226.95	42677.90
227.00	42806.04
227.05	42943.34
227.11	43064.62
227.16	43181.98
227.21	43268.43
227.26	43361.71
227.31	43432.07
227.37	43489.14
227.42	43560.41
227.47	43641.32
227.52	43706.09
227.57	43766.41
227.62	43854.09
227.68	43925.20
227.73	43998.36
227.78	44087.34
227.83	44179.34
227.88	44248.20
227.93	44326.00
227.99	44405.99
228.04	44480.55
228.09	44564.76
228.14	44630.79
228.19	44701.96
228.24	44768.40
228.30	44830.26
228.35	44879.39
228.40	44957.02
228.45	45017.13
228.50	45085.22
228.56	45155.12
228.61	45222.67
228.66	45279.32
228.71	45333.91
228.76	45378.35
228.81	45426.36
228.87	45474.40
228.92	45530.08
228.97	45596.81
229.02	45684.23
229.07	45760.12
229.12	45850.86
229.17	45930.46
229.23	46015.43
229.28	46083.97
229.33	46159.30
229.38	46231.52
229.43	46308.68
229.48	46378.44
229.54	46451.06
229.59	46516.91
229.64	46593.71
229.69	46678.03
229.74	46766.54
229.79	46832.13
229.85	46901.60
229.90	46967.26
229.95	47023.80
230.00	47083.14
230.05	47168.17
230.10	47242.97
230.16	47310.89
230.21	47370.61
230.26	47421.58
230.31	47458.60
230.36	47518.34
230.41	47576.62
230.46	47663.95
230.52	47760.76
230.57	47852.12
230.62	47938.78
230.67	48005.72
230.72	48057.98
230.77	48094.14
230.82	48140.42
230.88	48166.73
230.93	48208.61
230.98	48246.34
231.03	48302.48
231.08	48354.59
231.13	48411.67
231.19	48490.23
231.24	48573.69
231.29	48649.72
231.34	48723.96
231.39	48808.91
231.44	48867.75
231.49	48906.68
231.55	48949.16
231.60	48997.00
231.65	49047.06
231.70	49094.90
231.75	49154.18
231.80	49206.04
231.85	49253.60
231.91	49291.28
231.96	49339.53
232.01	49400.28
232.06	49466.75
232.11	49536.80
232.16	49625.52
232.21	49713.98
232.26	49801.31
232.32	49883.17
232.37	49957.33
232.42	50015.79
232.47	50061.08
232.52	50111.38
232.57	50158.02
232.62	50210.44
232.68	50275.69
232.73	50351.97
232.78	50430.32
232.83	50507.14
232.88	50583.53
232.93	50653.98
232.98	50714.56
233.03	50762.16
233.09	50823.75
233.14	50896.46
233.19	50955.66
233.24	51014.23
233.29	51059.36
233.34	51089.60
233.39	51107.09
233.45	51133.82
233.50	51173.48
233.55	51227.03
233.60	51297.81
233.65	51354.94
233.70	51418.68
233.75	51473.76
233.80	51519.93
233.86	51568.41
233.91	51615.65
233.96	51666.82
234.01	51720.53
234.06	51777.94
234.11	51834.81
234.16	51898.82
234.21	51948.53
234.26	51994.88
234.32	52035.34
234.37	52067.62
234.42	52107.64
234.47	52133.61
234.52	52158.46
234.57	52199.57
234.62	52232.03
234.67	52273.34
234.73	52333.39
234.78	52392.86
234.83	52440.68
234.88	52495.76
234.93	52535.96
234.98	52574.58
235.03	52622.94
235.08	52682.08
235.13	52744.07
235.19	52816.47
235.24	52876.84
235.29	52937.50
235.34	52982.13
235.39	53010.87
235.44	53036.47
235.49	53084.73
235.54	53113.57
235.59	53129.68
235.65	53165.06
235.70	53195.88
235.75	53223.01
235.80	53273.78
235.85	53339.34
235.90	53382.55
235.95	53413.44
236.00	53435.26
236.05	53455.52
236.11	53471.88
236.16	53506.69
236.21	53555.36
236.26	53596.15
236.31	53622.31
236.36	53644.31
236.41	53652.57
236.46	53656.74
236.51	53671.17
236.56	53700.24
236.62	53735.77
236.67	53776.66
236.72	53824.69
236.77	53861.07
236.82	53906.02
236.87	53935.18
236.92	53962.79
236.97	53998.01
237.02	54047.50
237.07	54091.37
237.13	54156.28
237.18	54213.27
237.23	54262.99
237.28	54296.99
237.33	54332.33
237.38	54344.16
237.43	54371.08
237.48	54377.82
237.53	54404.79
237.58	54427.51
237.63	54474.72
237.69	54509.90
237.74	54559.28
237.79	54585.28
237.84	54590.02
237.89	54587.80
237.94	54594.49
237.99	54606.25
238.04	54629.74
238.09	54652.27
238.14	54683.38
238.19	54710.96
238.25	54732.19
238.30	54728.36
238.35	54745.02
238.40	54745.71
238.45	54737.47
238.50	54743.40
238.55	54764.81
238.60	54789.81
238.65	54824.11
238.70	54848.99
238.75	54865.64
238.80	54893.12
238.86	54902.31
238.91	54911.23
238.96	54941.50
239.01	54978.13
239.06	55007.56
239.11	55033.68
239.16	55054.32
239.21	55060.30
239.26	55042.05
239.31	55042.11
239.36	55051.96
239.41	55072.16
239.46	55096.14
239.52	55131.10
239.57	55158.87
239.62	55178.78
239.67	55195.34
239.72	55223.09
239.77	55242.79
239.82	55258.23
239.87	55269.89
239.92	55275.79
239.97	55268.46
240.02	55257.18
240.07	55241.08
240.12	55235.68
240.17	55237.23
240.23	55234.42
240.28	55242.21
240.33	55260.74
240.38	55255.76
240.43	55254.33
240.48	55273.76
240.53	55293.42
240.58	55305.99
240.63	55345.83
240.68	55357.27
240.73	55351.85
240.78	55343.78
240.83	55334.54
240.88	55305.71
240.93	55296.52
240.98	55297.01
241.04	55308.58
241.09	55327.29
241.14	55354.13
241.19	55404.21
241.24	55433.54
241.29	55459.65
241.34	55473.98
241.39	55493.09
241.44	55484.06
241.49	55486.64
241.54	55477.72
241.59	55468.81
241.64	55466.34
241.69	55470.92
241.74	55455.34
241.79	55446.63
241.84	55439.33
241.90	55425.10
241.95	55393.62
242.00	55381.97
242.05	55355.78
242.10	55350.02
242.15	55324.48
242.20	55319.21
242.25	55315.93
242.30	55313.62
242.35	55301.40
242.40	55304.52
242.45	55297.21
242.50	55280.80
242.55	55279.91
242.60	55274.79
242.65	55270.30
242.70	55287.00
242.75	55317.52
242.80	55357.69
242.85	55394.94
242.91	55421.79
242.96	55406.52
243.01	55390.38
243.06	55361.58
243.11	55328.00
243.16	55299.37
243.21	55301.48
243.26	55303.87
243.31	55306.77
243.36	55314.28
243.41	55335.79
243.46	55338.67
243.51	55307.81
243.56	55259.05
243.61	55201.95
243.66	55143.57
243.71	55106.57
243.76	55103.86
243.81	55122.84
243.86	55129.15
243.91	55142.41
243.96	55143.99
244.01	55118.97
244.06	55087.35
244.12	55082.93
244.17	55060.72
244.22	55064.74
244.27	55096.12
244.32	55128.43
244.37	55143.66
244.42	55159.41
244.47	55146.37
244.52	55120.55
244.57	55078.91
244.62	55056.65
244.67	55036.02
244.72	55010.99
244.77	55003.64
244.82	55031.27
244.87	55057.95
244.92	55084.53
244.97	55098.76
245.02	55093.50
245.07	55067.77
245.12	55037.91
245.17	55010.82
245.22	55013.77
245.27	55012.52
245.32	54983.44
245.37	54948.72
245.42	54903.61
245.47	54850.70
245.52	54806.24
245.57	54794.22
245.62	54779.27
245.67	54771.23
245.72	54766.88
245.77	54750.08
245.82	54727.07
245.87	54722.93
245.92	54730.63
245.98	54716.73
246.03	54722.24
246.08	54731.05
246.13	54731.14
246.18	54737.53
246.23	54738.74
246.28	54717.42
246.33	54707.03
246.38	54672.87
246.43	54628.80
246.48	54606.43
246.53	54608.72
246.58	54618.88
246.63	54634.39
246.68	54628.52
246.73	54612.20
246.78	54591.10
246.83	54538.81
246.88	54480.64
246.93	54433.06
246.98	54386.21
247.03	54350.90
247.08	54335.07
247.13	54318.91
247.18	54313.63
247.23	54339.58
247.28	54347.88
247.33	54329.68
247.38	54320.53
247.43	54307.46
247.48	54284.18
247.53	54252.30
247.58	54213.15
247.63	54184.02
247.68	54142.26
247.73	54080.14
247.78	54039.19
247.83	54015.23
247.88	53993.67
247.93	53989.64
247.98	53996.25
248.03	53999.61
248.08	54014.00
248.13	54015.46
248.18	54003.43
248.23	53994.43
248.28	53965.90
248.33	53918.91
248.38	53878.85
248.43	53854.96
248.48	53830.00
248.53	53811.76
248.58	53803.82
248.63	53801.25
248.68	53777.58
248.73	53755.07
248.78	53731.80
248.83	53683.49
248.88	53613.05
248.93	53543.39
248.98	53462.28
249.03	53412.41
249.08	53390.13
249.13	53388.12
249.18	53391.67
249.23	53405.54
249.28	53391.15
249.33	53379.42
249.38	53366.37
249.43	53351.05
249.48	53324.93
249.53	53315.50
249.58	53294.58
249.63	53280.07
249.68	53260.19
249.73	53246.49
249.78	53221.74
249.83	53213.28
249.88	53180.20
249.93	53160.63
249.98	53149.74
250.03	53144.02
250.08	53113.28
250.13	53098.44
250.18	53076.33
250.23	53035.06
250.28	52985.32
250.33	52944.23
250.37	52909.03
250.42	52867.36
250.47	52840.70
250.52	52829.34
250.57	52807.21
250.62	52769.79
250.67	52738.94
250.72	52718.44
250.77	52671.88
250.82	52646.08
250.87	52646.18
250.92	52643.31
250.97	52619.24
251.02	52611.81
251.07	52613.33
251.12	52588.13
251.17	52549.18
251.22	52520.51
251.27	52485.34
251.32	52437.24
251.37	52385.25
251.42	52343.26
251.47	52304.58
251.52	52275.53
251.57	52256.29
251.62	52244.05
251.67	52232.08
251.72	52211.03
251.77	52177.71
251.82	52135.56
251.87	52097.57
251.92	52055.63
251.97	52000.12
252.02	51955.05
252.07	51923.00
252.12	51899.77
252.16	51891.29
252.21	51889.63
252.26	51895.76
252.31	51892.12
252.36	51885.64
252.41	51863.43
252.46	51846.96
252.51	51816.95
252.56	51787.94
252.61	51756.64
252.66	51735.04
252.71	51712.36
252.76	51690.68
252.81	51651.50
252.86	51599.02
252.91	51547.33
252.96	51484.20
253.01	51416.40
253.06	51355.18
253.11	51306.48
253.16	51257.55
253.21	51210.92
253.26	51175.81
253.31	51148.83
253.36	51131.39
253.40	51113.43
253.45	51109.49
253.50	51066.57
253.55	51025.78
253.60	50971.61
253.65	50926.54
253.70	50881.83
253.75	50872.06
253.80	50849.31
253.85	50850.02
253.90	50849.53
253.95	50843.68
254.00	50833.71
254.05	50829.40
254.10	50787.50
254.15	50753.19
254.20	50713.69
254.25	50677.40
254.30	50644.53
254.35	50608.71
254.39	50539.97
254.44	50466.43
254.49	50396.19
254.54	50365.17
254.59	50335.96
254.64	50325.47
254.69	50322.78
254.74	50319.78
254.79	50284.37
254.84	50247.07
254.89	50235.18
254.94	50215.04
254.99	50201.72
255.04	50183.79
255.09	50183.10
255.14	50160.83
255.19	50155.44
255.23	50146.34
255.28	50136.57
255.33	50123.74
255.38	50104.63
255.43	50085.53
255.48	50055.76
255.53	50012.89
255.58	49979.29
255.63	49949.88
255.68	49897.63
255.73	49849.40
255.78	49820.68
255.83	49794.39
255.88	49764.26
255.93	49742.93
255.97	49724.95
256.02	49693.88
256.07	49641.68
256.12	49572.88
256.17	49521.38
256.22	49468.44
256.27	49417.05
256.32	49381.54
256.37	49362.82
256.42	49340.09
256.47	49307.88
256.52	49287.24
256.57	49262.07
256.62	49250.47
256.66	49244.67
256.71	49222.04
256.76	49178.15
256.81	49132.28
256.86	49071.58
256.91	49013.70
256.96	48965.77
257.01	48939.08
257.06	48916.73
257.11	48885.23
257.16	48830.21
257.21	48795.01
257.26	48751.45
257.30	48705.71
257.35	48671.11
257.40	48652.64
257.45	48642.52
257.50	48618.38
257.55	48585.63
257.60	48555.83
257.65	48528.38
257.70	48477.97
257.75	48444.13
257.80	48423.83
257.85	48398.97
257.89	48346.00
257.94	48290.35
257.99	48226.07
258.04	48166.50
258.09	48122.25
258.14	48100.90
258.19	48089.46
258.24	48079.00
258.29	48043.54
258.34	47999.35
258.39	47959.76
258.44	47896.80
258.48	47839.99
258.53	47809.88
258.58	47765.64
258.63	47717.71
258.68	47680.75
258.73	47646.60
258.78	47596.68
258.83	47559.86
258.88	47516.78
258.93	47484.22
258.97	47451.73
259.02	47426.95
259.07	47399.42
259.12	47382.19
259.17	47367.23
259.22	47345.64
259.27	47315.85
259.32	47300.87
259.37	47260.41
259.42	47216.41
259.47	47172.72
259.51	47127.78
259.56	47066.05
259.61	47004.53
259.66	46930.65
259.71	46858.13
259.76	46797.39
259.81	46734.01
259.86	46685.93
259.91	46647.43
259.95	46627.85
260.00	46602.10
260.05	46584.42
260.10	46564.07
260.15	46554.16
260.20	46537.05
260.25	46529.68
260.30	46512.87
260.35	46485.66
260.40	46451.19
260.44	46418.13
260.49	46396.68
260.54	46363.74
260.59	46344.71
260.64	46337.73
260.69	46327.98
260.74	46283.73
260.79	46250.28
260.84	46204.62
260.88	46140.90
260.93	46069.19
260.98	46035.45
261.03	45999.74
261.08	45968.79
261.13	45938.12
261.18	45904.76
261.23	45848.41
261.28	45798.28
261.32	45756.58
261.37	45713.47
261.42	45681.07
261.47	45658.45
261.52	45612.67
261.57	45567.79
261.62	45532.01
261.67	45481.76
261.71	45407.89
261.76	45368.33
261.81	45317.48
261.86	45259.13
261.91	45216.53
261.96	45183.18
262.01	45140.84
262.06	45119.18
262.10	45107.67
262.15	45086.42
262.20	45072.56
262.25	45059.51
262.30	45039.50
262.35	45012.15
262.40	44979.89
262.45	44947.62
262.49	44913.23
262.54	44870.85
262.59	44838.29
262.64	44814.25
262.69	44779.51
262.74	44742.31
262.79	44692.69
262.84	44646.01
262.88	44595.68
262.93	44542.94
262.98	44498.65
263.03	44459.84
263.08	44402.28
263.13	44331.59
263.18	44277.61
263.23	44216.41
263.27	44170.09
263.32	44138.32
263.37	44124.94
263.42	44108.10
263.47	44077.13
263.52	44054.38
263.57	44019.75
263.61	43978.49
263.66	43925.59
263.71	43895.09
263.76	43856.27
263.81	43815.37
263.86	43783.58
263.91	43751.12
263.95	43685.77
264.00	43624.35
264.05	43574.84
264.10	43508.62
264.15	43444.94
264.20	43415.52
264.25	43373.91
264.29	43330.98
264.34	43275.96
264.39	43240.28
264.44	43184.87
264.49	43142.99
264.54	43099.11
264.59	43071.87
264.63	43022.33
264.68	42974.69
264.73	42908.40
264.78	42858.57
264.83	42800.38
264.88	42763.21
264.93	42737.20
264.97	42720.13
265.02	42693.00
265.07	42678.11
265.12	42637.36
265.17	42589.53
265.22	42551.03
265.27	42497.30
265.31	42438.70
265.36	42377.25
265.41	42318.93
265.46	42255.88
265.51	42186.23
265.56	42120.90
265.60	42069.96
265.65	42011.05
265.70	41958.92
265.75	41911.48
265.80	41863.90
265.85	41796.09
265.90	41743.62
265.94	41682.38
265.99	41616.99
266.04	41559.24
266.09	41530.44
266.14	41490.64
266.19	41454.37
266.23	41433.12
266.28	41390.10
266.33	41351.95
266.38	41331.18
266.43	41316.94
266.48	41288.33
266.52	41270.02
266.57	41230.00
266.62	41182.19
266.67	41120.42
266.72	41079.82
266.77	41046.74
266.81	41021.91
266.86	40996.11
266.91	40973.13
266.96	40927.47
267.01	40883.99
267.06	40829.37
267.10	40781.13
267.15	40724.25
267.20	40696.48
267.25	40656.88
267.30	40628.98
267.35	40588.20
267.39	40555.63
267.44	40506.76
267.49	40459.70
267.54	40408.66
267.59	40358.02
267.64	40303.56
267.68	40238.42
267.73	40188.30
267.78	40151.52
267.83	40129.70
267.88	40123.66
267.93	40125.51
267.97	40107.28
268.02	40071.46
268.07	40020.35
268.12	39956.61
268.17	39895.13
268.21	39853.29
268.26	39803.10
268.31	39759.46
268.36	39716.49
268.41	39668.88
268.46	39618.26
268.50	39583.78
268.55	39538.62
268.60	39479.11
268.65	39421.83
268.70	39344.71
268.74	39274.98
268.79	39201.14
268.84	39146.87
268.89	39099.14
268.94	39066.36
268.99	39029.87
269.03	38993.53
269.08	38947.55
269.13	38881.40
269.18	38800.38
269.23	38701.35
269.27	38594.13
269.32	38468.74
269.37	38339.41
269.42	38209.05
269.47	38067.82
269.51	37925.36
269.56	37782.61
269.61	37647.15
269.66	37497.76
269.71	37350.03
269.76	37201.21
269.80	37053.84
269.85	36902.13
269.90	36765.41
269.95	36614.95
270.00	36457.25
270.04	36314.73
270.09	36176.18
270.14	36025.24
270.19	35895.86
270.24	35767.26
270.28	35606.47
270.33	35431.37
270.38	35253.06
270.43	35072.87
270.48	34896.83
270.52	34740.21
270.57	34578.98
270.62	34421.24
270.67	34262.97
270.72	34107.48
270.76	33931.26
270.81	33760.35
270.86	33591.57
270.91	33420.44
270.96	33249.50
271.00	33089.22
271.05	32941.75
271.10	32807.40
271.15	32672.49
271.20	32545.10
271.24	32413.53
271.29	32282.52
271.34	32132.21
271.39	31980.46
271.44	31833.06
271.48	31701.32
271.53	31550.58
271.58	31408.50
271.63	31265.56
271.67	31111.24
271.72	30964.13
271.77	30821.83
271.82	30683.92
271.87	30552.09
271.91	30400.72
271.96	30251.34
272.01	30115.03
272.06	29984.24
272.11	29855.16
272.15	29752.89
272.20	29643.83
272.25	29542.34
272.30	29442.11
272.35	29332.43
272.39	29228.37
272.44	29114.60
272.49	28984.28
272.54	28842.20
272.58	28696.23
272.63	28544.88
272.68	28388.84
272.73	28224.93
272.78	28046.79
272.82	27855.70
272.87	27629.98
272.92	27344.60
272.97	26825.27
273.01	23873.09
273.06	18927.53
273.11	13479.95
273.16	8133.76
273.21	3060.98
273.25	462.76
273.30	-89.04
273.35	-89.35
