165.32	3380.42
165.38	-247.62
165.44	595.91
165.50	-77.77
165.55	-20.29
165.61	1.53
165.67	28.68
165.72	37.44
165.78	42.51
165.84	41.67
165.89	38.85
165.95	37.19
166.01	36.72
166.06	38.41
166.12	40.53
166.18	38.22
166.23	39.84
166.29	39.15
166.35	35.64
166.40	35.10
166.46	41.87
166.52	44.43
166.57	45.01
166.63	45.56
166.69	48.15
166.74	42.09
166.80	42.72
166.86	44.82
166.91	45.65
166.97	39.67
167.03	42.25
167.08	36.44
167.14	35.51
167.20	33.64
167.25	46.32
167.31	46.61
167.37	52.12
167.42	54.35
167.48	60.45
167.54	54.81
167.59	54.03
167.65	49.71
167.71	49.21
167.76	47.89
167.82	42.85
167.88	42.93
167.93	50.89
167.99	49.86
168.05	52.02
168.10	60.35
168.16	59.67
168.21	57.56
168.27	62.36
168.33	64.47
168.38	57.02
168.44	61.94
168.50	60.71
168.55	58.96
168.61	59.11
168.67	61.22
168.72	58.33
168.78	58.40
168.84	54.05
168.89	53.08
168.95	53.94
169.01	53.12
169.06	52.42
169.12	51.83
169.18	49.94
169.23	50.09
169.29	54.45
169.34	59.09
169.40	61.84
169.46	66.30
169.51	68.13
169.57	63.75
169.63	59.75
169.68	64.64
169.74	61.24
169.80	67.14
169.85	68.78
169.91	72.84
169.97	69.04
170.02	68.62
170.08	67.38
170.13	67.37
170.19	67.09
170.25	68.29
170.30	72.28
170.36	64.12
170.42	66.20
170.47	67.10
170.53	68.82
170.59	65.54
170.64	69.21
170.70	67.49
170.76	65.04
170.81	66.26
170.87	65.56
170.92	66.66
170.98	69.60
171.04	71.79
171.09	67.88
171.15	75.89
171.21	76.38
171.26	73.28
171.32	70.41
171.37	73.96
171.43	68.45
171.49	72.89
171.54	76.52
171.60	78.47
171.66	80.91
171.71	80.96
171.77	78.80
171.83	84.37
171.88	83.39
171.94	82.52
171.99	87.25
172.05	86.16
172.11	86.63
172.16	95.33
172.22	95.70
172.28	96.00
172.33	93.92
172.39	91.34
172.44	87.69
172.50	92.85
172.56	92.00
172.61	100.76
172.67	100.73
172.72	100.66
172.78	95.84
172.84	91.01
172.89	83.87
172.95	82.49
173.01	83.12
173.06	81.81
173.12	87.44
173.17	88.92
173.23	89.15
173.29	89.83
173.34	90.85
173.40	85.71
173.46	86.06
173.51	88.07
173.57	88.41
173.62	83.23
173.68	89.79
173.74	88.99
173.79	90.61
173.85	87.27
173.90	90.24
173.96	86.34
174.02	83.59
174.07	75.26
174.13	74.59
174.18	76.91
174.24	70.42
174.30	70.85
174.35	76.15
174.41	73.53
174.47	67.64
174.52	68.58
174.58	67.34
174.63	63.45
174.69	62.43
174.75	64.38
174.80	75.85
174.86	73.26
174.91	74.34
174.97	73.95
175.03	70.94
175.08	58.64
175.14	65.16
175.19	60.75
175.25	61.41
175.31	65.79
175.36	67.22
175.42	64.39
175.47	69.17
175.53	69.34
175.59	66.07
175.64	67.91
175.70	66.12
175.75	61.35
175.81	59.97
175.87	61.04
175.92	56.73
175.98	58.11
176.03	58.39
176.09	59.09
176.15	58.90
176.20	60.14
176.26	60.06
176.31	63.66
176.37	61.26
176.42	62.40
176.48	66.22
176.54	64.01
176.59	60.47
176.65	63.02
176.70	64.29
176.76	62.93
176.82	60.79
176.87	57.64
176.93	57.54
176.98	56.08
177.04	51.49
177.10	56.48
177.15	58.29
177.21	59.02
177.26	57.97
177.32	62.06
177.37	63.39
177.43	66.98
177.49	63.62
177.54	60.80
177.60	60.90
177.65	61.64
177.71	56.70
177.77	59.50
177.82	61.39
177.88	65.17
177.93	60.24
177.99	66.00
178.04	61.75
178.10	62.87
178.16	56.36
178.21	57.39
178.27	55.04
178.32	59.34
178.38	57.93
178.43	59.58
178.49	59.56
178.55	58.43
178.60	56.97
178.66	56.19
178.71	57.70
178.77	55.72
178.82	56.85
178.88	56.64
178.94	57.42
178.99	58.49
179.05	62.56
179.10	58.69
179.16	61.32
179.21	63.81
179.27	62.32
179.33	58.45
179.38	62.11
179.44	60.48
179.49	60.22
179.55	58.52
179.60	58.55
179.66	57.42
179.72	59.61
179.77	56.80
179.83	55.54
179.88	57.00
179.94	58.21
179.99	54.64
180.05	55.81
180.11	56.49
180.16	59.10
180.22	62.00
180.27	66.97
180.33	67.04
180.38	71.98
180.44	67.44
180.49	67.17
180.55	64.90
180.61	69.44
180.66	63.88
180.72	62.21
180.77	60.04
180.83	59.46
180.88	56.07
180.94	55.47
180.99	59.62
181.05	59.57
181.11	60.93
181.16	61.51
181.22	63.31
181.27	65.09
181.33	64.21
181.38	61.14
181.44	62.18
181.49	66.71
181.55	67.39
181.61	73.60
181.66	76.10
181.72	74.02
181.77	71.13
181.83	68.75
181.88	73.29
181.94	75.15
181.99	80.19
182.05	80.59
182.11	81.69
182.16	73.05
182.22	70.99
182.27	66.49
182.33	69.17
182.38	69.12
182.44	73.64
182.49	75.95
182.55	77.93
182.60	77.97
182.66	81.17
182.72	83.84
182.77	86.27
182.83	89.76
182.88	92.30
182.94	93.42
182.99	90.24
183.05	89.09
183.10	91.09
183.16	90.94
183.21	92.22
183.27	100.10
183.32	104.10
183.38	107.59
183.44	114.20
183.49	119.50
183.55	120.30
183.60	126.39
183.66	132.44
183.71	141.84
183.77	149.41
183.82	159.57
183.88	171.69
183.93	184.08
183.99	197.80
184.04	214.97
184.10	227.99
184.15	239.71
184.21	252.93
184.27	255.09
184.32	255.52
184.38	253.44
184.43	249.48
184.49	232.21
184.54	214.92
184.60	205.13
184.65	190.93
184.71	181.30
184.76	183.21
184.82	200.13
184.87	217.55
184.93	243.15
184.98	271.34
185.04	303.46
185.09	328.99
185.15	355.21
185.20	387.98
185.26	422.56
185.31	451.89
185.37	480.38
185.43	502.06
185.48	521.65
185.54	545.11
185.59	569.86
185.65	596.00
185.70	637.08
185.76	683.30
185.81	717.69
185.87	755.84
185.92	799.78
185.98	835.09
186.03	851.99
186.09	855.14
186.14	830.06
186.20	775.86
186.25	689.29
186.31	601.96
186.36	533.97
186.42	504.56
186.47	515.10
186.53	562.87
186.58	632.65
186.64	707.56
186.69	780.88
186.75	842.50
186.80	902.48
186.86	960.45
186.91	1019.99
186.97	1074.37
187.02	1142.07
187.08	1207.31
187.13	1263.92
187.19	1323.98
187.24	1384.69
187.30	1426.41
187.35	1466.67
187.41	1521.52
187.47	1574.47
187.52	1622.15
187.58	1680.65
187.63	1756.07
187.69	1832.97
187.74	1899.35
187.80	1959.34
187.85	2009.44
187.91	2031.46
187.96	2017.47
188.02	1957.47
188.07	1855.69
188.13	1705.71
188.18	1547.68
188.24	1429.49
188.29	1376.28
188.35	1387.05
188.40	1468.38
188.46	1594.77
188.51	1721.44
188.57	1849.89
188.62	1975.47
188.67	2092.42
188.73	2203.87
188.78	2311.12
188.84	2415.69
188.89	2518.75
188.95	2625.31
189.00	2715.01
189.06	2813.50
189.11	2908.12
189.17	2993.15
189.22	3065.15
189.28	3154.58
189.33	3232.30
189.39	3296.10
189.44	3360.52
189.50	3435.43
189.55	3502.96
189.61	3556.64
189.66	3615.44
189.72	3674.62
189.77	3725.45
189.83	3753.27
189.88	3761.32
189.94	3728.84
189.99	3646.49
190.05	3491.46
190.10	3270.07
190.16	3014.03
190.21	2789.67
190.27	2641.53
190.32	2598.23
190.38	2659.48
190.43	2803.55
190.49	2972.17
190.54	3118.84
190.60	3246.87
190.65	3357.45
190.71	3455.32
190.76	3548.99
190.81	3647.09
190.87	3747.83
190.92	3870.19
190.98	3998.82
191.03	4131.49
191.09	4269.58
191.14	4393.36
191.20	4490.16
191.25	4589.75
191.31	4692.38
191.36	4794.62
191.42	4905.83
191.47	5033.27
191.53	5156.87
191.58	5258.57
191.64	5340.79
191.69	5412.70
191.75	5458.80
191.80	5488.67
191.85	5509.03
191.91	5531.46
191.96	5552.21
192.02	5581.60
192.07	5596.65
192.13	5594.52
192.18	5545.79
192.24	5426.05
192.29	5228.83
192.35	5003.97
192.40	4819.90
192.46	4711.97
192.51	4709.43
192.57	4804.74
192.62	4980.16
192.67	5163.66
192.73	5344.71
192.78	5510.03
192.84	5662.71
192.89	5802.06
192.95	5931.59
193.00	6046.94
193.06	6155.11
193.11	6265.04
193.17	6353.90
193.22	6439.48
193.28	6528.95
193.33	6603.68
193.38	6667.57
193.44	6740.48
193.49	6815.66
193.55	6874.45
193.60	6933.57
193.66	6988.84
193.71	7034.31
193.77	7059.03
193.82	7076.31
193.88	7093.69
193.93	7116.69
193.98	7141.57
194.04	7181.48
194.09	7229.19
194.15	7281.06
194.20	7328.49
194.26	7369.42
194.31	7408.35
194.37	7433.13
194.42	7440.52
194.47	7431.05
194.53	7389.27
194.58	7301.13
194.64	7194.30
194.69	7098.03
194.75	7029.09
194.80	7013.55
194.86	7054.02
194.91	7145.82
194.97	7250.15
195.02	7359.06
195.07	7462.72
195.13	7566.27
195.18	7669.34
195.24	7768.57
195.29	7866.40
195.35	7953.01
195.40	8038.50
195.46	8112.98
195.51	8198.83
195.56	8286.06
195.62	8373.49
195.67	8451.00
195.73	8529.67
195.78	8588.43
195.84	8630.65
195.89	8665.90
195.94	8703.62
196.00	8739.29
196.05	8778.72
196.11	8833.00
196.16	8893.46
196.22	8954.71
196.27	9017.28
196.32	9073.88
196.38	9119.94
196.43	9164.67
196.49	9202.73
196.54	9239.98
196.60	9284.74
196.65	9331.96
196.71	9375.58
196.76	9422.79
196.81	9457.86
196.87	9491.55
196.92	9519.56
196.98	9540.24
197.03	9550.90
197.09	9550.39
197.14	9546.18
197.19	9545.38
197.25	9556.74
197.30	9580.47
197.36	9632.16
197.41	9692.63
197.47	9754.74
197.52	9817.89
197.57	9884.32
197.63	9937.92
197.68	9991.18
197.74	10041.86
197.79	10089.98
197.84	10133.08
197.90	10178.81
197.95	10218.49
198.01	10258.66
198.06	10299.13
198.12	10343.46
198.17	10382.80
198.22	10425.65
198.28	10464.90
198.33	10507.60
198.39	10548.23
198.44	10596.89
198.49	10644.11
198.55	10692.27
198.60	10736.55
198.66	10778.59
198.71	10824.03
198.77	10872.62
198.82	10920.06
198.87	10969.39
198.93	11015.54
198.98	11061.04
199.04	11108.53
199.09	11147.45
199.14	11187.89
199.20	11232.18
199.25	11273.30
199.31	11310.08
199.36	11359.66
199.42	11404.56
199.47	11449.56
199.52	11491.59
199.58	11531.05
199.63	11561.28
199.69	11596.07
199.74	11628.52
199.79	11653.59
199.85	11681.15
199.90	11721.25
199.96	11758.01
200.01	11801.72
200.06	11851.89
200.12	11903.95
200.17	11954.91
200.23	12005.26
200.28	12047.20
200.33	12095.49
200.39	12141.84
200.44	12187.27
200.50	12230.44
200.55	12269.86
200.60	12307.17
200.66	12344.97
200.71	12374.31
200.77	12415.26
200.82	12458.31
200.87	12498.74
200.93	12536.92
200.98	12582.82
201.04	12621.52
201.09	12663.19
201.14	12718.77
201.20	12768.63
201.25	12825.97
201.31	12877.89
201.36	12942.23
201.41	12991.90
201.47	13049.24
201.52	13096.18
201.58	13157.57
201.63	13204.06
201.68	13253.10
201.74	13301.80
201.79	13351.94
201.84	13403.73
201.90	13451.47
201.95	13500.69
202.01	13554.05
202.06	13604.52
202.11	13645.35
202.17	13694.28
202.22	13742.86
202.28	13784.32
202.33	13823.21
202.38	13862.60
202.44	13903.99
202.49	13948.52
202.54	13998.69
202.60	14049.89
202.65	14102.51
202.71	14149.88
202.76	14187.20
202.81	14227.16
202.87	14273.15
202.92	14316.87
202.98	14368.19
203.03	14427.99
203.08	14484.00
203.14	14535.58
203.19	14588.70
203.24	14643.25
203.30	14690.88
203.35	14737.21
203.41	14787.11
203.46	14833.53
203.51	14873.36
203.57	14916.21
203.62	14969.71
203.67	15023.11
203.73	15071.53
203.78	15119.31
203.84	15168.61
203.89	15197.54
203.94	15234.81
204.00	15272.39
204.05	15310.42
204.10	15342.87
204.16	15380.43
204.21	15402.41
204.27	15423.08
204.32	15431.60
204.37	15435.46
204.43	15422.32
204.48	15408.99
204.53	15396.61
204.59	15412.89
204.64	15472.18
204.69	15572.40
204.75	15692.79
204.80	15823.31
204.86	15937.85
204.91	16015.72
204.96	16073.05
205.02	16108.80
205.07	16148.25
205.12	16203.61
205.18	16278.32
205.23	16363.10
205.28	16473.53
205.34	16573.66
205.39	16668.20
205.45	16751.50
205.50	16820.97
205.55	16874.39
205.61	16935.74
205.66	16987.57
205.71	17042.54
205.77	17101.02
205.82	17163.69
205.87	17219.06
205.93	17274.67
205.98	17323.64
206.03	17367.75
206.09	17412.67
206.14	17460.82
206.20	17513.68
206.25	17564.75
206.30	17631.65
206.36	17686.96
206.41	17747.75
206.46	17798.77
206.52	17849.15
206.57	17895.34
206.62	17945.50
206.68	17991.45
206.73	18047.79
206.78	18107.44
206.84	18163.44
206.89	18219.47
206.94	18278.26
207.00	18343.24
207.05	18406.47
207.11	18468.26
207.16	18528.80
207.21	18592.95
207.27	18647.90
207.32	18702.96
207.37	18761.34
207.43	18821.61
207.48	18869.84
207.53	18921.37
207.59	18980.53
207.64	19034.15
207.69	19101.68
207.75	19173.06
207.80	19231.44
207.85	19288.17
207.91	19346.33
207.96	19397.73
208.01	19454.08
208.07	19514.51
208.12	19576.41
208.17	19628.93
208.23	19677.50
208.28	19727.08
208.33	19785.23
208.39	19845.20
208.44	19914.12
208.49	19981.30
208.55	20043.77
208.60	20094.59
208.65	20143.33
208.71	20191.17
208.76	20240.53
208.81	20293.96
208.87	20359.18
208.92	20417.65
208.97	20481.52
209.03	20546.73
209.08	20610.41
209.13	20670.09
209.19	20733.60
209.24	20788.68
209.29	20849.93
209.35	20901.91
209.40	20962.64
209.45	21027.82
209.51	21097.10
209.56	21156.81
209.61	21225.52
209.67	21287.11
209.72	21346.49
209.77	21403.17
209.83	21462.63
209.88	21532.87
209.93	21595.92
209.99	21656.16
210.04	21723.30
210.09	21792.84
210.15	21848.89
210.20	21915.04
210.25	21979.69
210.31	22047.24
210.36	22095.57
210.41	22145.46
210.46	22196.76
210.52	22244.90
210.57	22284.45
210.62	22350.01
210.68	22417.14
210.73	22470.05
210.78	22533.39
210.84	22604.63
210.89	22662.10
210.94	22720.94
211.00	22784.13
211.05	22837.52
211.10	22899.54
211.16	22958.07
211.21	23019.97
211.26	23092.73
211.32	23170.20
211.37	23235.43
211.42	23303.01
211.47	23369.67
211.53	23429.12
211.58	23488.14
211.63	23542.23
211.69	23597.55
211.74	23652.84
211.79	23703.94
211.85	23759.54
211.90	23819.86
211.95	23890.63
212.01	23959.99
212.06	24038.25
212.11	24115.39
212.16	24195.09
212.22	24267.22
212.27	24331.89
212.32	24394.98
212.38	24464.64
212.43	24527.47
212.48	24591.20
212.54	24662.42
212.59	24736.15
212.64	24796.84
212.69	24859.88
212.75	24931.00
212.80	24996.50
212.85	25056.55
212.91	25112.16
212.96	25167.24
213.01	25221.65
213.07	25282.20
213.12	25343.28
213.17	25407.32
213.22	25470.82
213.28	25532.11
213.33	25586.19
213.38	25643.14
213.44	25700.88
213.49	25774.25
213.54	25849.41
213.60	25929.87
213.65	26009.44
213.70	26090.32
213.75	26156.81
213.81	26210.60
213.86	26261.26
213.91	26310.49
213.97	26353.28
214.02	26394.55
214.07	26434.07
214.12	26469.17
214.18	26503.49
214.23	26544.27
214.28	26579.26
214.34	26609.22
214.39	26635.35
214.44	26640.92
214.49	26621.21
214.55	26579.66
214.60	26523.29
214.65	26444.67
214.71	26377.38
214.76	26381.05
214.81	26464.83
214.86	26627.83
214.92	26840.39
214.97	27073.96
215.02	27262.39
215.08	27389.92
215.13	27468.00
215.18	27505.33
215.23	27523.49
215.29	27551.71
215.34	27623.99
215.39	27725.54
215.45	27875.39
215.50	28045.79
215.55	28211.39
215.60	28345.18
215.66	28441.05
215.71	28516.10
215.76	28583.86
215.81	28642.49
215.87	28699.23
215.92	28756.61
215.97	28809.60
216.03	28872.42
216.08	28932.22
216.13	28985.78
216.18	29050.99
216.24	29113.44
216.29	29165.43
216.34	29222.52
216.39	29298.64
216.45	29363.60
216.50	29422.92
216.55	29478.57
216.61	29548.29
216.66	29596.00
216.71	29648.10
216.76	29713.44
216.82	29795.29
216.87	29855.04
216.92	29929.67
216.97	30005.52
217.03	30079.53
217.08	30149.59
217.13	30235.07
217.18	30310.63
217.24	30378.87
217.29	30446.20
217.34	30498.24
217.39	30536.95
217.45	30582.41
217.50	30636.79
217.55	30693.51
217.61	30757.87
217.66	30829.65
217.71	30899.37
217.76	30974.39
217.82	31054.18
217.87	31134.52
217.92	31209.33
217.97	31279.97
218.03	31342.28
218.08	31383.91
218.13	31422.33
218.18	31468.61
218.24	31535.65
218.29	31598.45
218.34	31667.75
218.39	31735.36
218.45	31801.67
218.50	31853.31
218.55	31911.08
218.60	31972.06
218.66	32023.05
218.71	32090.17
218.76	32164.18
218.81	32223.74
218.87	32286.52
218.92	32361.14
218.97	32428.69
219.02	32481.08
219.08	32550.13
219.13	32621.34
219.18	32689.11
219.23	32747.78
219.29	32824.45
219.34	32892.28
219.39	32952.54
219.44	33017.50
219.50	33085.74
219.55	33139.86
219.60	33199.16
219.65	33270.00
219.71	33329.75
219.76	33385.08
219.81	33444.44
219.86	33504.60
219.92	33550.91
219.97	33606.31
220.02	33654.27
220.07	33713.66
220.13	33773.22
220.18	33840.64
220.23	33912.69
220.28	34002.11
220.33	34076.67
220.39	34137.31
220.44	34195.96
220.49	34251.69
220.54	34289.52
220.60	34333.99
220.65	34399.94
220.70	34473.80
220.75	34546.13
220.81	34632.42
220.86	34714.41
220.91	34776.54
220.96	34839.84
221.02	34905.42
221.07	34977.64
221.12	35032.91
221.17	35094.22
221.22	35152.78
221.28	35209.04
221.33	35257.86
221.38	35322.06
221.43	35396.15
221.49	35452.31
221.54	35519.29
221.59	35587.73
221.64	35668.24
221.69	35757.12
221.75	35868.29
221.80	35964.04
221.85	36044.89
221.90	36109.47
221.96	36163.30
222.01	36189.32
222.06	36226.36
222.11	36281.72
222.17	36329.26
222.22	36364.34
222.27	36417.38
222.32	36466.41
222.37	36511.02
222.43	36575.97
222.48	36637.80
222.53	36712.99
222.58	36784.90
222.63	36850.74
222.69	36910.71
222.74	36989.55
222.79	37050.77
222.84	37105.27
222.90	37164.52
222.95	37216.26
223.00	37257.15
223.05	37309.14
223.10	37364.81
223.16	37419.49
223.21	37472.17
223.26	37524.28
223.31	37562.34
223.36	37600.31
223.42	37638.29
223.47	37675.06
223.52	37716.07
223.57	37766.53
223.63	37826.81
223.68	37876.11
223.73	37946.64
223.78	38022.16
223.83	38089.80
223.89	38141.47
223.94	38213.25
223.99	38270.81
224.04	38338.09
224.09	38417.29
224.15	38511.60
224.20	38592.38
224.25	38682.53
224.30	38772.02
224.35	38858.15
224.41	38956.63
224.46	39051.84
224.51	39137.15
224.56	39210.37
224.61	39287.41
224.67	39354.33
224.72	39429.70
224.77	39524.42
224.82	39624.44
224.87	39710.25
224.93	39791.66
224.98	39876.78
225.03	39964.72
225.08	40045.29
225.13	40129.40
225.19	40215.38
225.24	40298.03
225.29	40357.73
225.34	40428.58
225.39	40504.19
225.45	40579.68
225.50	40647.79
225.55	40724.45
225.60	40797.79
225.65	40860.82
225.71	40921.39
225.76	40983.34
225.81	41032.02
225.86	41073.50
225.91	41108.62
225.97	41134.69
226.02	41135.18
226.07	41105.89
226.12	41101.93
226.17	41139.45
226.22	41231.98
226.28	41383.78
226.33	41603.63
226.38	41794.23
226.43	41958.33
226.48	42065.30
226.54	42137.44
226.59	42195.17
226.64	42236.97
226.69	42267.21
226.74	42310.04
226.80	42379.54
226.85	42450.03
226.90	42549.37
226.95	42680.96
227.00	42817.27
227.05	42944.47
227.11	43070.74
227.16	43188.02
227.21	43281.80
227.26	43374.27
227.31	43449.66
227.37	43498.50
227.42	43572.54
227.47	43652.42
227.52	43726.93
227.57	43797.84
227.62	43891.56
227.68	43958.88
227.73	44030.31
227.78	44105.65
227.83	44180.07
227.88	44249.01
227.93	44329.02
227.99	44403.04
228.04	44475.77
228.09	44557.72
228.14	44630.19
228.19	44703.64
228.24	44778.76
228.30	44843.89
228.35	44903.12
228.40	44973.25
228.45	45027.39
228.50	45091.26
228.56	45162.40
228.61	45223.15
228.66	45274.80
228.71	45336.88
228.76	45380.31
228.81	45422.53
228.87	45473.73
228.92	45538.31
228.97	45602.41
229.02	45692.81
229.07	45762.51
229.12	45859.34
229.17	45940.42
229.23	46010.69
229.28	46077.84
229.33	46164.23
229.38	46219.72
229.43	46285.90
229.48	46373.12
229.54	46444.58
229.59	46509.84
229.64	46590.58
229.69	46674.97
229.74	46761.40
229.79	46833.64
229.85	46910.56
229.90	46979.69
229.95	47043.28
230.00	47082.47
230.05	47166.00
230.10	47237.99
230.16	47309.59
230.21	47370.48
230.26	47439.91
230.31	47472.14
230.36	47521.65
230.41	47583.81
230.46	47667.54
230.52	47756.93
230.57	47843.53
230.62	47938.69
230.67	48005.53
230.72	48058.39
230.77	48099.14
230.82	48149.22
230.88	48172.68
230.93	48216.33
230.98	48257.18
231.03	48315.79
231.08	48364.63
231.13	48422.86
231.19	48498.27
231.24	48573.60
231.29	48646.23
231.34	48730.02
231.39	48807.39
231.44	48869.91
231.49	48920.96
231.55	48963.59
231.60	49005.09
231.65	49061.69
231.70	49105.61
231.75	49156.57
231.80	49208.52
231.85	49266.21
231.91	49304.22
231.96	49353.12
232.01	49415.80
232.06	49478.09
232.11	49536.04
232.16	49620.08
232.21	49707.82
232.26	49800.71
232.32	49882.95
232.37	49960.67
232.42	50019.21
232.47	50067.09
232.52	50098.95
232.57	50142.73
232.62	50199.54
232.68	50260.83
232.73	50334.23
232.78	50416.45
232.83	50496.17
232.88	50565.55
232.93	50643.68
232.98	50706.26
233.03	50762.12
233.09	50826.41
233.14	50905.44
233.19	50966.18
233.24	51021.19
233.29	51070.20
233.34	51100.12
233.39	51104.72
233.45	51128.12
233.50	51167.78
233.55	51214.49
233.60	51283.01
233.65	51360.43
233.70	51429.58
233.75	51479.19
233.80	51533.22
233.86	51581.99
233.91	51624.31
233.96	51660.87
234.01	51720.57
234.06	51774.34
234.11	51832.94
234.16	51888.94
234.21	51958.80
234.26	52002.33
234.32	52043.78
234.37	52079.90
234.42	52113.66
234.47	52129.54
234.52	52163.93
234.57	52202.94
234.62	52235.52
234.67	52289.41
234.73	52353.21
234.78	52405.04
234.83	52454.13
234.88	52512.66
234.93	52548.99
234.98	52577.30
235.03	52624.21
235.08	52684.41
235.13	52738.83
235.19	52809.23
235.24	52882.35
235.29	52947.98
235.34	52997.28
235.39	53029.74
235.44	53053.60
235.49	53082.80
235.54	53104.75
235.59	53121.94
235.65	53152.81
235.70	53188.23
235.75	53228.46
235.80	53288.43
235.85	53340.92
235.90	53390.69
235.95	53414.21
236.00	53442.38
236.05	53460.50
236.11	53488.77
236.16	53521.24
236.21	53577.42
236.26	53622.26
236.31	53651.49
236.36	53681.50
236.41	53698.67
236.46	53704.88
236.51	53718.50
236.56	53744.59
236.62	53759.78
236.67	53790.45
236.72	53844.26
236.77	53863.58
236.82	53905.69
236.87	53939.04
236.92	53957.31
236.97	53988.71
237.02	54043.74
237.07	54087.14
237.13	54150.52
237.18	54217.85
237.23	54260.63
237.28	54301.67
237.33	54339.24
237.38	54354.42
237.43	54373.01
237.48	54377.93
237.53	54391.68
237.58	54419.88
237.63	54469.78
237.69	54515.20
237.74	54566.06
237.79	54604.89
237.84	54610.42
237.89	54612.91
237.94	54616.77
237.99	54634.46
238.04	54654.59
238.09	54682.48
238.14	54712.14
238.19	54734.75
238.25	54754.50
238.30	54759.03
238.35	54764.48
238.40	54760.67
238.45	54767.66
238.50	54764.54
238.55	54771.92
238.60	54796.59
238.65	54825.67
238.70	54840.69
238.75	54859.73
238.80	54893.46
238.86	54904.06
238.91	54914.42
238.96	54954.87
239.01	54994.94
239.06	55020.58
239.11	55047.92
239.16	55076.13
239.21	55068.94
239.26	55055.64
239.31	55066.97
239.36	55068.24
239.41	55085.38
239.46	55114.88
239.52	55149.67
239.57	55167.94
239.62	55188.24
239.67	55207.48
239.72	55234.98
239.77	55241.33
239.82	55251.90
239.87	55267.94
239.92	55274.75
239.97	55264.79
240.02	55262.80
240.07	55251.26
240.12	55250.93
240.17	55249.12
240.23	55241.39
240.28	55248.10
240.33	55262.67
240.38	55249.75
240.43	55247.44
240.48	55271.26
240.53	55282.83
240.58	55296.64
240.63	55338.81
240.68	55362.06
240.73	55358.73
240.78	55361.52
240.83	55362.83
240.88	55339.02
240.93	55328.15
240.98	55329.12
241.04	55344.49
241.09	55362.91
241.14	55383.55
241.19	55418.82
241.24	55448.70
241.29	55460.88
241.34	55475.47
241.39	55499.52
241.44	55500.02
241.49	55500.29
241.54	55508.77
241.59	55496.46
241.64	55490.01
241.69	55474.66
241.74	55465.04
241.79	55449.53
241.84	55440.03
241.90	55420.25
241.95	55395.52
242.00	55367.43
242.05	55347.26
242.10	55336.95
242.15	55319.30
242.20	55317.47
242.25	55321.99
242.30	55314.65
242.35	55306.75
242.40	55300.61
242.45	55295.87
242.50	55289.86
242.55	55285.86
242.60	55281.66
242.65	55285.56
242.70	55295.33
242.75	55317.82
242.80	55360.48
242.85	55392.24
242.91	55406.13
242.96	55398.30
243.01	55380.00
243.06	55345.16
243.11	55305.84
243.16	55292.45
243.21	55297.90
243.26	55306.26
243.31	55325.61
243.36	55347.39
243.41	55351.20
243.46	55341.49
243.51	55306.30
243.56	55243.33
243.61	55189.42
243.66	55157.52
243.71	55127.86
243.76	55123.00
243.81	55140.99
243.86	55153.16
243.91	55154.74
243.96	55157.49
244.01	55140.93
244.06	55114.81
244.12	55094.78
244.17	55072.74
244.22	55075.40
244.27	55100.33
244.32	55128.51
244.37	55153.82
244.42	55169.19
244.47	55161.98
244.52	55137.04
244.57	55104.98
244.62	55067.10
244.67	55044.55
244.72	55014.27
244.77	55009.94
244.82	55021.34
244.87	55060.61
244.92	55083.57
244.97	55106.11
245.02	55101.07
245.07	55077.28
245.12	55041.44
245.17	55019.02
245.22	55020.10
245.27	55018.76
245.32	54998.21
245.37	54961.24
245.42	54920.98
245.47	54866.31
245.52	54818.23
245.57	54802.31
245.62	54784.70
245.67	54776.98
245.72	54762.89
245.77	54742.63
245.82	54719.82
245.87	54717.55
245.92	54717.49
245.98	54712.31
246.03	54716.73
246.08	54727.09
246.13	54722.20
246.18	54728.20
246.23	54728.99
246.28	54725.89
246.33	54709.52
246.38	54686.58
246.43	54649.29
246.48	54628.14
246.53	54622.07
246.58	54633.85
246.63	54649.28
246.68	54643.78
246.73	54629.41
246.78	54600.71
246.83	54541.59
246.88	54479.31
246.93	54434.99
246.98	54385.24
247.03	54355.67
247.08	54342.22
247.13	54336.32
247.18	54330.79
247.23	54352.77
247.28	54351.26
247.33	54344.37
247.38	54321.25
247.43	54305.91
247.48	54290.07
247.53	54265.83
247.58	54224.15
247.63	54205.31
247.68	54167.29
247.73	54104.10
247.78	54063.13
247.83	54040.80
247.88	54007.78
247.93	53993.35
247.98	53991.78
248.03	53998.32
248.08	54015.80
248.13	54020.02
248.18	54011.79
248.23	54006.34
248.28	53969.82
248.33	53922.82
248.38	53885.34
248.43	53855.51
248.48	53825.23
248.53	53808.50
248.58	53791.40
248.63	53794.49
248.68	53772.86
248.73	53750.35
248.78	53720.00
248.83	53663.32
248.88	53584.25
248.93	53522.99
248.98	53456.63
249.03	53409.70
249.08	53390.74
249.13	53389.60
249.18	53382.83
249.23	53388.80
249.28	53387.59
249.33	53390.05
249.38	53378.00
249.43	53368.34
249.48	53346.63
249.53	53330.60
249.58	53305.63
249.63	53287.50
249.68	53268.64
249.73	53249.15
249.78	53224.86
249.83	53214.64
249.88	53179.52
249.93	53161.36
249.98	53152.74
250.03	53144.73
250.08	53116.68
250.13	53116.04
250.18	53090.61
250.23	53046.00
250.28	52989.97
250.33	52942.10
250.37	52890.42
250.42	52848.83
250.47	52822.82
250.52	52813.36
250.57	52788.64
250.62	52759.49
250.67	52733.45
250.72	52706.56
250.77	52668.48
250.82	52654.84
250.87	52651.10
250.92	52640.94
250.97	52621.35
251.02	52619.49
251.07	52619.52
251.12	52600.58
251.17	52572.31
251.22	52549.50
251.27	52501.79
251.32	52446.15
251.37	52387.08
251.42	52341.69
251.47	52301.36
251.52	52283.11
251.57	52273.51
251.62	52269.49
251.67	52249.45
251.72	52229.85
251.77	52194.41
251.82	52146.13
251.87	52091.65
251.92	52055.74
251.97	51997.03
252.02	51946.52
252.07	51915.98
252.12	51909.74
252.16	51900.31
252.21	51908.05
252.26	51920.94
252.31	51914.58
252.36	51908.40
252.41	51885.82
252.46	51858.40
252.51	51829.75
252.56	51800.94
252.61	51766.04
252.66	51744.33
252.71	51719.16
252.76	51690.47
252.81	51645.41
252.86	51586.67
252.91	51534.43
252.96	51476.80
253.01	51411.23
253.06	51349.26
253.11	51309.76
253.16	51273.37
253.21	51222.74
253.26	51184.05
253.31	51157.85
253.36	51132.44
253.40	51090.62
253.45	51080.22
253.50	51040.58
253.55	51009.08
253.60	50955.71
253.65	50916.55
253.70	50879.87
253.75	50869.74
253.80	50855.88
253.85	50858.50
253.90	50866.33
253.95	50858.21
254.00	50852.11
254.05	50830.88
254.10	50795.17
254.15	50754.93
254.20	50726.36
254.25	50687.05
254.30	50656.63
254.35	50615.39
254.39	50552.26
254.44	50469.08
254.49	50395.03
254.54	50360.75
254.59	50334.76
254.64	50323.42
254.69	50323.80
254.74	50321.47
254.79	50290.38
254.84	50254.84
254.89	50236.41
254.94	50224.03
254.99	50210.04
255.04	50194.70
255.09	50195.48
255.14	50163.49
255.19	50146.09
255.23	50138.60
255.28	50126.92
255.33	50108.36
255.38	50109.79
255.43	50092.13
255.48	50053.91
255.53	50015.08
255.58	49988.85
255.63	49947.67
255.68	49900.30
255.73	49862.25
255.78	49830.21
255.83	49792.58
255.88	49770.31
255.93	49744.26
255.97	49725.18
256.02	49690.38
256.07	49647.70
256.12	49575.68
256.17	49527.13
256.22	49468.82
256.27	49423.48
256.32	49380.07
256.37	49361.57
256.42	49336.42
256.47	49314.28
256.52	49291.89
256.57	49269.10
256.62	49253.97
256.66	49244.83
256.71	49216.29
256.76	49175.45
256.81	49128.95
256.86	49074.45
256.91	49025.81
256.96	48983.27
257.01	48949.24
257.06	48920.59
257.11	48889.16
257.16	48837.53
257.21	48799.95
257.26	48765.70
257.30	48736.16
257.35	48693.31
257.40	48664.11
257.45	48648.07
257.50	48615.80
257.55	48574.96
257.60	48555.83
257.65	48531.37
257.70	48488.94
257.75	48461.11
257.80	48437.82
257.85	48401.19
257.89	48353.71
257.94	48298.13
257.99	48233.97
258.04	48176.06
258.09	48141.21
258.14	48115.57
258.19	48096.23
258.24	48080.66
258.29	48044.98
258.34	47997.19
258.39	47954.63
258.44	47897.38
258.48	47841.09
258.53	47804.68
258.58	47766.69
258.63	47715.67
258.68	47672.12
258.73	47637.19
258.78	47595.83
258.83	47550.98
258.88	47512.86
258.93	47481.64
258.97	47449.19
259.02	47428.80
259.07	47405.54
259.12	47392.19
259.17	47377.61
259.22	47359.52
259.27	47334.67
259.32	47312.30
259.37	47267.23
259.42	47231.39
259.47	47189.17
259.51	47135.71
259.56	47072.20
259.61	47003.67
259.66	46927.50
259.71	46859.00
259.76	46795.74
259.81	46744.80
259.86	46708.90
259.91	46668.31
259.95	46642.17
260.00	46617.27
260.05	46589.76
260.10	46572.14
260.15	46563.19
260.20	46543.53
260.25	46532.99
260.30	46529.49
260.35	46501.92
260.40	46470.08
260.44	46444.01
260.49	46424.18
260.54	46386.19
260.59	46362.55
260.64	46353.34
260.69	46337.10
260.74	46300.86
260.79	46263.29
260.84	46216.58
260.88	46155.68
260.93	46088.43
260.98	46045.81
261.03	46004.19
261.08	45976.94
261.13	45945.39
261.18	45910.66
261.23	45849.05
261.28	45813.73
261.32	45767.36
261.37	45718.23
261.42	45683.59
261.47	45665.67
261.52	45618.78
261.57	45571.65
261.62	45535.72
261.67	45488.48
261.71	45416.95
261.76	45373.30
261.81	45325.92
261.86	45282.16
261.91	45237.49
261.96	45201.09
262.01	45161.06
262.06	45138.45
262.10	45112.21
262.15	45089.92
262.20	45078.14
262.25	45058.23
262.30	45031.84
262.35	45011.16
262.40	44977.92
262.45	44945.55
262.49	44916.19
262.54	44886.37
262.59	44851.99
262.64	44828.82
262.69	44797.19
262.74	44748.15
262.79	44690.31
262.84	44644.99
262.88	44601.10
262.93	44545.17
262.98	44509.99
263.03	44476.32
263.08	44418.86
263.13	44346.49
263.18	44288.62
263.23	44225.52
263.27	44169.59
263.32	44139.74
263.37	44122.87
263.42	44101.22
263.47	44075.92
263.52	44057.44
263.57	44017.04
263.61	43974.40
263.66	43937.57
263.71	43905.79
263.76	43865.93
263.81	43818.55
263.86	43788.25
263.91	43743.93
263.95	43682.88
264.00	43621.94
264.05	43574.62
264.10	43512.43
264.15	43454.85
264.20	43420.49
264.25	43380.37
264.29	43342.05
264.34	43291.13
264.39	43256.79
264.44	43199.10
264.49	43154.39
264.54	43108.46
264.59	43077.11
264.63	43026.20
264.68	42977.34
264.73	42922.17
264.78	42870.41
264.83	42811.06
264.88	42760.28
264.93	42732.95
264.97	42712.11
265.02	42689.05
265.07	42669.68
265.12	42638.00
265.17	42596.08
265.22	42553.65
265.27	42497.95
265.31	42437.96
265.36	42381.67
265.41	42319.37
265.46	42255.56
265.51	42182.87
265.56	42122.56
265.60	42065.78
265.65	42009.05
265.70	41955.85
265.75	41904.33
265.80	41858.63
265.85	41800.28
265.90	41744.60
265.94	41681.49
265.99	41627.24
266.04	41568.25
266.09	41534.38
266.14	41499.02
266.19	41464.84
266.23	41439.63
266.28	41399.77
266.33	41361.78
266.38	41332.85
266.43	41315.49
266.48	41287.71
266.52	41264.63
266.57	41227.95
266.62	41186.75
266.67	41134.70
266.72	41079.02
266.77	41039.68
266.81	41015.65
266.86	40983.09
266.91	40949.55
266.96	40911.87
267.01	40873.19
267.06	40812.29
267.10	40768.38
267.15	40713.79
267.20	40686.09
267.25	40643.85
267.30	40618.02
267.35	40581.91
267.39	40554.36
267.44	40516.73
267.49	40472.04
267.54	40424.98
267.59	40372.46
267.64	40311.78
267.68	40245.56
267.73	40193.20
267.78	40151.19
267.83	40124.39
267.88	40116.71
267.93	40118.83
267.97	40102.59
268.02	40061.76
268.07	40011.81
268.12	39952.74
268.17	39879.65
268.21	39835.25
268.26	39795.15
268.31	39753.94
268.36	39712.28
268.41	39676.44
268.46	39627.08
268.50	39587.72
268.55	39538.69
268.60	39476.32
268.65	39412.57
268.70	39329.54
268.74	39260.58
268.79	39191.90
268.84	39143.15
268.89	39102.54
268.94	39080.28
268.99	39039.89
269.03	39002.83
269.08	38954.38
269.13	38878.69
269.18	38794.87
269.23	38697.75
269.27	38588.02
269.32	38455.20
269.37	38330.90
269.42	38203.31
269.47	38064.29
269.51	37925.38
269.56	37794.05
269.61	37657.26
269.66	37502.86
269.71	37353.84
269.76	37203.82
269.80	37050.41
269.85	36893.91
269.90	36754.57
269.95	36604.72
270.00	36445.88
270.04	36299.26
270.09	36163.63
270.14	36019.73
270.19	35890.80
270.24	35762.94
270.28	35608.12
270.33	35430.56
270.38	35250.19
270.43	35065.66
270.48	34886.36
270.52	34734.40
270.57	34579.21
270.62	34422.90
270.67	34272.44
270.72	34116.29
270.76	33932.81
270.81	33768.25
270.86	33597.14
270.91	33425.75
270.96	33258.78
271.00	33103.09
271.05	32949.27
271.10	32810.89
271.15	32675.38
271.20	32552.55
271.24	32416.63
271.29	32277.37
271.34	32132.62
271.39	31980.28
271.44	31824.85
271.48	31689.16
271.53	31548.06
271.58	31401.91
271.63	31255.57
271.67	31112.76
271.72	30968.07
271.77	30820.70
271.82	30686.11
271.87	30548.19
271.91	30388.88
271.96	30245.54
272.01	30110.26
272.06	29978.70
272.11	29860.61
272.15	29755.33
272.20	29645.64
272.25	29547.86
272.30	29445.88
272.35	29336.62
272.39	29234.83
272.44	29117.75
272.49	28978.07
272.54	28834.80
272.58	28685.13
272.63	28532.35
272.68	28376.05
272.73	28220.45
272.78	28050.19
272.82	27855.26
272.87	27632.09
272.92	27350.39
272.97	26824.90
273.01	23866.71
273.06	18925.29
273.11	13475.92
273.16	8127.08
273.21	3059.66
273.25	463.36
273.30	-88.45
273.35	-88.14
