165.32	3380.09
165.38	-247.59
165.44	595.86
165.50	-77.93
165.55	-20.38
165.61	0.95
165.67	28.14
165.72	36.84
165.78	42.06
165.84	41.18
165.89	38.66
165.95	37.50
166.01	36.92
166.06	38.56
166.12	40.83
166.18	38.89
166.23	40.15
166.29	39.34
166.35	36.03
166.40	34.84
166.46	41.37
166.52	44.48
166.57	45.12
166.63	45.87
166.69	48.84
166.74	42.84
166.80	42.78
166.86	45.04
166.91	45.64
166.97	40.01
167.03	42.59
167.08	36.71
167.14	35.83
167.20	34.08
167.25	45.93
167.31	46.31
167.37	52.07
167.42	53.70
167.48	59.74
167.54	54.29
167.59	53.70
167.65	49.43
167.71	49.23
167.76	47.88
167.82	43.44
167.88	43.28
167.93	51.39
167.99	50.27
168.05	52.56
168.10	60.81
168.16	60.28
168.21	57.78
168.27	62.55
168.33	64.53
168.38	56.85
168.44	61.46
168.50	60.18
168.55	58.27
168.61	58.70
168.67	61.03
168.72	58.07
168.78	58.41
168.84	54.28
168.89	52.98
168.95	53.82
169.01	53.63
169.06	53.04
169.12	52.40
169.18	50.14
169.23	49.80
169.29	53.79
169.34	58.29
169.40	61.02
169.46	65.50
169.51	67.46
169.57	63.04
169.63	58.64
169.68	63.83
169.74	60.20
169.80	65.91
169.85	67.46
169.91	71.41
169.97	67.37
170.02	67.68
170.08	66.65
170.13	66.85
170.19	66.69
170.25	68.36
170.30	71.98
170.36	63.68
170.42	65.83
170.47	66.94
170.53	68.36
170.59	65.54
170.64	69.62
170.70	67.60
170.76	65.28
170.81	66.54
170.87	65.49
170.92	66.43
170.98	69.35
171.04	71.58
171.09	68.03
171.15	75.70
171.21	76.02
171.26	73.25
171.32	70.80
171.37	73.99
171.43	69.00
171.49	73.36
171.54	76.68
171.60	78.13
171.66	79.99
171.71	80.14
171.77	78.48
171.83	84.34
171.88	83.39
171.94	82.81
171.99	87.41
172.05	86.41
172.11	87.13
172.16	95.73
172.22	96.53
172.28	96.48
172.33	94.75
172.39	91.79
172.44	88.35
172.50	93.50
172.56	92.83
172.61	100.46
172.67	100.11
172.72	100.10
172.78	94.73
172.84	90.21
172.89	84.04
172.95	83.22
173.01	84.35
173.06	83.23
173.12	89.25
173.17	90.00
173.23	89.16
173.29	89.71
173.34	91.43
173.40	85.32
173.46	86.08
173.51	89.02
173.57	88.32
173.62	82.85
173.68	89.44
173.74	88.45
173.79	90.55
173.85	87.76
173.90	90.33
173.96	86.74
174.02	83.76
174.07	75.33
174.13	74.79
174.18	77.36
174.24	70.89
174.30	71.24
174.35	76.34
174.41	73.30
174.47	67.28
174.52	68.49
174.58	67.65
174.63	63.00
174.69	61.79
174.75	63.41
174.80	74.30
174.86	71.77
174.91	73.19
174.97	73.04
175.03	70.41
175.08	58.07
175.14	64.76
175.19	60.69
175.25	61.25
175.31	65.72
175.36	67.03
175.42	63.74
175.47	68.28
175.53	68.50
175.59	64.86
175.64	66.91
175.70	65.43
175.75	60.15
175.81	59.11
175.87	60.83
175.92	56.99
175.98	57.96
176.03	58.17
176.09	58.49
176.15	58.14
176.20	59.12
176.26	59.03
176.31	62.87
176.37	60.02
176.42	61.35
176.48	65.20
176.54	63.36
176.59	59.91
176.65	63.06
176.70	63.55
176.76	62.64
176.82	60.24
176.87	57.39
176.93	57.61
176.98	57.01
177.04	52.04
177.10	56.96
177.15	58.86
177.21	59.15
177.26	57.54
177.32	60.95
177.37	62.77
177.43	66.44
177.49	63.18
177.54	61.31
177.60	61.96
177.65	62.31
177.71	56.96
177.77	60.13
177.82	61.08
177.88	64.75
177.93	60.29
177.99	66.69
178.04	62.16
178.10	62.99
178.16	56.51
178.21	57.49
178.27	54.38
178.32	58.32
178.38	57.38
178.43	59.03
178.49	58.53
178.55	57.93
178.60	56.87
178.66	55.70
178.71	57.23
178.77	55.56
178.82	56.67
178.88	56.38
178.94	57.65
178.99	58.40
179.05	62.80
179.10	58.74
179.16	61.91
179.21	63.88
179.27	62.95
179.33	58.20
179.38	62.25
179.44	60.01
179.49	60.15
179.55	58.14
179.60	58.73
179.66	57.40
179.72	59.54
179.77	56.92
179.83	56.51
179.88	57.73
179.94	58.82
179.99	55.23
180.05	55.79
180.11	56.31
180.16	58.93
180.22	61.36
180.27	66.49
180.33	67.14
180.38	71.27
180.44	66.68
180.49	66.53
180.55	64.28
180.61	68.44
180.66	63.04
180.72	62.00
180.77	60.02
180.83	59.57
180.88	56.18
180.94	55.95
180.99	59.53
181.05	59.86
181.11	61.25
181.16	61.98
181.22	63.31
181.27	65.69
181.33	64.40
181.38	60.96
181.44	61.72
181.49	66.30
181.55	66.59
181.61	72.85
181.66	75.92
181.72	73.93
181.77	71.29
181.83	68.83
181.88	73.64
181.94	74.84
181.99	79.87
182.05	80.43
182.11	81.37
182.16	72.03
182.22	70.13
182.27	65.68
182.33	67.94
182.38	67.90
182.44	73.47
182.49	75.63
182.55	78.19
182.60	77.93
182.66	80.89
182.72	83.24
182.77	85.79
182.83	88.90
182.88	92.14
182.94	93.77
182.99	90.47
183.05	89.21
183.10	91.06
183.16	89.79
183.21	90.92
183.27	98.65
183.32	102.98
183.38	106.53
183.44	113.64
183.49	118.93
183.55	120.53
183.60	126.57
183.66	133.25
183.71	143.17
183.77	150.54
183.82	159.66
183.88	171.62
183.93	183.28
183.99	196.34
184.04	213.23
184.10	226.05
184.15	237.20
184.21	250.64
184.27	252.85
184.32	253.50
184.38	251.50
184.43	247.85
184.49	230.68
184.54	213.78
184.60	204.55
184.65	190.32
184.71	180.72
184.76	182.41
184.82	199.64
184.87	215.93
184.93	241.74
184.98	270.08
185.04	302.63
185.09	327.44
185.15	353.90
185.20	386.31
185.26	420.23
185.31	448.12
185.37	476.58
185.43	496.54
185.48	515.41
185.54	539.31
185.59	565.30
185.65	589.83
185.70	631.89
185.76	677.74
185.81	711.38
185.87	748.04
185.92	793.02
185.98	827.90
186.03	844.19
186.09	846.39
186.14	821.60
186.20	768.31
186.25	682.73
186.31	597.55
186.36	531.19
186.42	502.34
186.47	512.00
186.53	559.50
186.58	629.35
186.64	704.67
186.69	775.94
186.75	835.83
186.80	893.19
186.86	950.73
186.91	1009.69
186.97	1065.78
187.02	1136.77
187.08	1203.15
187.13	1257.69
187.19	1314.73
187.24	1374.05
187.30	1413.67
187.35	1455.33
187.41	1510.49
187.47	1565.05
187.52	1611.71
187.58	1668.53
187.63	1741.88
187.69	1818.66
187.74	1882.60
187.80	1940.99
187.85	1992.17
187.91	2014.60
187.96	2000.34
188.02	1943.05
188.07	1843.87
188.13	1694.92
188.18	1536.73
188.24	1419.39
188.29	1364.20
188.35	1374.66
188.40	1454.48
188.46	1580.73
188.51	1706.12
188.57	1835.61
188.62	1960.37
188.67	2075.78
188.73	2185.34
188.78	2291.52
188.84	2394.11
188.89	2498.39
188.95	2603.89
189.00	2696.88
189.06	2795.09
189.11	2889.99
189.17	2971.91
189.22	3046.93
189.28	3133.36
189.33	3210.20
189.39	3271.36
189.44	3336.75
189.50	3410.28
189.55	3476.35
189.61	3531.54
189.66	3593.41
189.72	3650.63
189.77	3703.52
189.83	3731.70
189.88	3739.50
189.94	3706.56
189.99	3627.12
190.05	3471.12
190.10	3253.47
190.16	3000.17
190.21	2776.99
190.27	2629.35
190.32	2585.66
190.38	2644.93
190.43	2786.84
190.49	2958.64
190.54	3106.36
190.60	3233.93
190.65	3343.85
190.71	3439.50
190.76	3529.29
190.81	3625.04
190.87	3724.16
190.92	3844.24
190.98	3972.36
191.03	4106.84
191.09	4244.91
191.14	4368.72
191.20	4466.13
191.25	4565.39
191.31	4665.24
191.36	4769.54
191.42	4881.87
191.47	5008.66
191.53	5132.99
191.58	5235.70
191.64	5316.89
191.69	5387.04
191.75	5435.61
191.80	5468.96
191.85	5487.38
191.91	5505.84
191.96	5528.00
192.02	5557.65
192.07	5571.13
192.13	5570.53
192.18	5526.99
192.24	5411.30
192.29	5216.48
192.35	4990.49
192.40	4805.22
192.46	4695.48
192.51	4689.57
192.57	4784.95
192.62	4961.56
192.67	5145.81
192.73	5322.66
192.78	5486.28
192.84	5637.04
192.89	5771.20
192.95	5902.29
193.00	6018.65
193.06	6129.15
193.11	6235.25
193.17	6329.91
193.22	6412.79
193.28	6502.72
193.33	6577.24
193.38	6645.39
193.44	6717.17
193.49	6791.13
193.55	6848.98
193.60	6907.08
193.66	6962.20
193.71	7005.37
193.77	7031.48
193.82	7054.95
193.88	7074.34
193.93	7098.65
193.98	7125.90
194.04	7163.51
194.09	7208.56
194.15	7261.31
194.20	7305.75
194.26	7347.20
194.31	7393.02
194.37	7417.79
194.42	7425.16
194.47	7415.43
194.53	7372.86
194.58	7282.43
194.64	7173.50
194.69	7074.65
194.75	7006.04
194.80	6988.88
194.86	7028.96
194.91	7119.78
194.97	7223.14
195.02	7333.43
195.07	7437.24
195.13	7535.98
195.18	7642.28
195.24	7744.15
195.29	7841.39
195.35	7931.47
195.40	8024.95
195.46	8099.55
195.51	8184.18
195.56	8265.84
195.62	8354.77
195.67	8429.48
195.73	8511.96
195.78	8570.33
195.84	8614.92
195.89	8646.88
195.94	8680.49
196.00	8707.50
196.05	8748.63
196.11	8802.34
196.16	8855.64
196.22	8917.32
196.27	8979.94
196.32	9038.33
196.38	9088.28
196.43	9140.36
196.49	9176.48
196.54	9215.52
196.60	9252.50
196.65	9298.08
196.71	9343.08
196.76	9394.19
196.81	9432.07
196.87	9464.01
196.92	9490.40
196.98	9508.19
197.03	9514.26
197.09	9515.04
197.14	9518.23
197.19	9521.22
197.25	9532.19
197.30	9560.87
197.36	9612.31
197.41	9671.97
197.47	9729.15
197.52	9793.66
197.57	9858.76
197.63	9909.75
197.68	9963.89
197.74	10018.44
197.79	10064.38
197.84	10110.37
197.90	10158.83
197.95	10199.78
198.01	10243.90
198.06	10289.55
198.12	10332.90
198.17	10372.18
198.22	10409.76
198.28	10442.88
198.33	10483.21
198.39	10520.53
198.44	10565.09
198.49	10614.11
198.55	10668.15
198.60	10713.70
198.66	10761.28
198.71	10810.81
198.77	10859.99
198.82	10907.95
198.87	10954.92
198.93	11005.17
198.98	11049.48
199.04	11094.87
199.09	11135.78
199.14	11180.50
199.20	11219.61
199.25	11260.17
199.31	11298.53
199.36	11344.38
199.42	11386.96
199.47	11432.97
199.52	11474.90
199.58	11515.19
199.63	11542.11
199.69	11572.89
199.74	11599.42
199.79	11624.75
199.85	11654.39
199.90	11697.66
199.96	11738.20
200.01	11788.13
200.06	11840.79
200.12	11890.46
200.17	11940.70
200.23	11994.07
200.28	12033.85
200.33	12083.63
200.39	12127.28
200.44	12166.70
200.50	12206.78
200.55	12249.72
200.60	12285.24
200.66	12326.47
200.71	12362.13
200.77	12406.31
200.82	12444.58
200.87	12486.62
200.93	12524.12
200.98	12567.37
201.04	12599.06
201.09	12647.82
201.14	12697.89
201.20	12746.72
201.25	12800.89
201.31	12860.03
201.36	12917.19
201.41	12971.04
201.47	13030.78
201.52	13082.14
201.58	13141.95
201.63	13190.82
201.68	13238.78
201.74	13286.43
201.79	13339.39
201.84	13392.57
201.90	13442.54
201.95	13489.08
202.01	13541.66
202.06	13592.76
202.11	13628.08
202.17	13674.98
202.22	13722.38
202.28	13761.58
202.33	13802.17
202.38	13841.56
202.44	13885.59
202.49	13930.63
202.54	13980.92
202.60	14024.26
202.65	14074.73
202.71	14118.68
202.76	14161.07
202.81	14198.47
202.87	14252.26
202.92	14297.89
202.98	14348.55
203.03	14405.19
203.08	14467.66
203.14	14511.60
203.19	14570.44
203.24	14627.74
203.30	14678.70
203.35	14724.38
203.41	14774.56
203.46	14817.15
203.51	14856.25
203.57	14895.70
203.62	14945.38
203.67	15001.99
203.73	15046.54
203.78	15101.12
203.84	15154.78
203.89	15196.42
203.94	15233.01
204.00	15280.40
204.05	15314.68
204.10	15343.31
204.16	15366.39
204.21	15389.79
204.27	15399.91
204.32	15405.82
204.37	15406.53
204.43	15405.68
204.48	15390.60
204.53	15381.64
204.59	15396.80
204.64	15460.19
204.69	15558.61
204.75	15679.18
204.80	15814.61
204.86	15928.42
204.91	16002.29
204.96	16054.10
205.02	16084.51
205.07	16115.78
205.12	16174.20
205.18	16256.39
205.23	16344.85
205.28	16457.83
205.34	16561.34
205.39	16651.74
205.45	16721.39
205.50	16788.35
205.55	16849.35
205.61	16912.62
205.66	16971.29
205.71	17042.57
205.77	17104.87
205.82	17163.58
205.87	17216.00
205.93	17264.33
205.98	17303.14
206.03	17344.81
206.09	17392.53
206.14	17441.40
206.20	17497.03
206.25	17553.39
206.30	17613.43
206.36	17670.97
206.41	17737.03
206.46	17788.02
206.52	17835.83
206.57	17887.92
206.62	17927.83
206.68	17969.83
206.73	18018.15
206.78	18078.54
206.84	18131.18
206.89	18192.78
206.94	18251.30
207.00	18323.31
207.05	18392.60
207.11	18458.82
207.16	18516.41
207.21	18580.51
207.27	18636.24
207.32	18686.67
207.37	18745.33
207.43	18807.14
207.48	18856.59
207.53	18907.69
207.59	18962.71
207.64	19012.08
207.69	19078.36
207.75	19149.84
207.80	19212.72
207.85	19269.78
207.91	19327.28
207.96	19381.16
208.01	19436.27
208.07	19491.61
208.12	19554.82
208.17	19606.73
208.23	19655.00
208.28	19703.49
208.33	19760.31
208.39	19819.35
208.44	19888.83
208.49	19951.03
208.55	20016.61
208.60	20070.77
208.65	20117.07
208.71	20169.72
208.76	20225.60
208.81	20282.94
208.87	20350.08
208.92	20407.34
208.97	20468.29
209.03	20528.26
209.08	20587.27
209.13	20641.87
209.19	20708.37
209.24	20768.55
209.29	20830.01
209.35	20883.35
209.40	20945.39
209.45	21010.35
209.51	21070.87
209.56	21132.77
209.61	21196.43
209.67	21258.80
209.72	21314.63
209.77	21375.95
209.83	21436.07
209.88	21505.72
209.93	21571.95
209.99	21638.81
210.04	21704.94
210.09	21776.35
210.15	21839.63
210.20	21905.73
210.25	21969.22
210.31	22035.24
210.36	22081.32
210.41	22131.03
210.46	22183.64
210.52	22233.33
210.57	22279.58
210.62	22347.20
210.68	22411.72
210.73	22463.21
210.78	22527.38
210.84	22597.96
210.89	22661.96
210.94	22717.70
211.00	22781.09
211.05	22828.80
211.10	22887.19
211.16	22939.54
211.21	23004.09
211.26	23073.40
211.32	23152.44
211.37	23210.27
211.42	23280.20
211.47	23348.87
211.53	23410.70
211.58	23470.97
211.63	23537.84
211.69	23591.54
211.74	23644.86
211.79	23694.46
211.85	23754.48
211.90	23811.85
211.95	23879.69
212.01	23944.26
212.06	24021.25
212.11	24097.19
212.16	24173.24
212.22	24243.37
212.27	24311.84
212.32	24372.91
212.38	24430.56
212.43	24494.39
212.48	24562.69
212.54	24636.52
212.59	24712.34
212.64	24780.57
212.69	24837.57
212.75	24900.39
212.80	24963.14
212.85	25021.53
212.91	25080.45
212.96	25146.02
213.01	25207.89
213.07	25267.59
213.12	25334.59
213.17	25401.75
213.22	25468.89
213.28	25529.74
213.33	25577.45
213.38	25628.20
213.44	25676.04
213.49	25740.73
213.54	25811.65
213.60	25896.90
213.65	25977.40
213.70	26062.27
213.75	26136.41
213.81	26191.92
213.86	26245.73
213.91	26290.57
213.97	26339.26
214.02	26368.29
214.07	26409.47
214.12	26448.16
214.18	26493.30
214.23	26535.65
214.28	26579.15
214.34	26614.67
214.39	26641.45
214.44	26646.71
214.49	26621.72
214.55	26577.34
214.60	26514.90
214.65	26433.78
214.71	26365.91
214.76	26370.13
214.81	26448.76
214.86	26608.56
214.92	26823.60
214.97	27051.30
215.02	27237.87
215.08	27372.24
215.13	27448.15
215.18	27485.22
215.23	27507.07
215.29	27537.26
215.34	27611.34
215.39	27716.68
215.45	27864.09
215.50	28034.58
215.55	28202.02
215.60	28337.26
215.66	28432.16
215.71	28501.77
215.76	28566.53
215.81	28620.08
215.87	28670.30
215.92	28732.80
215.97	28789.40
216.03	28851.80
216.08	28905.57
216.13	28962.68
216.18	29023.45
216.24	29088.93
216.29	29136.38
216.34	29194.27
216.39	29265.88
216.45	29332.02
216.50	29392.17
216.55	29455.64
216.61	29530.40
216.66	29580.89
216.71	29641.62
216.76	29705.27
216.82	29778.10
216.87	29846.90
216.92	29927.79
216.97	29993.78
217.03	30065.44
217.08	30138.35
217.13	30216.66
217.18	30287.03
217.24	30361.94
217.29	30432.29
217.34	30484.96
217.39	30524.88
217.45	30569.03
217.50	30618.67
217.55	30671.76
217.61	30740.58
217.66	30811.11
217.71	30874.95
217.76	30955.36
217.82	31038.99
217.87	31108.13
217.92	31182.94
217.97	31256.98
218.03	31318.80
218.08	31359.06
218.13	31412.21
218.18	31459.86
218.24	31528.21
218.29	31579.32
218.34	31643.23
218.39	31705.51
218.45	31768.99
218.50	31818.13
218.55	31880.39
218.60	31942.83
218.66	31994.61
218.71	32058.40
218.76	32127.31
218.81	32195.18
218.87	32261.83
218.92	32334.61
218.97	32405.42
219.02	32473.93
219.08	32540.23
219.13	32613.50
219.18	32682.65
219.23	32743.18
219.29	32804.68
219.34	32866.98
219.39	32926.41
219.44	32984.18
219.50	33054.45
219.55	33117.36
219.60	33183.12
219.65	33245.50
219.71	33316.53
219.76	33368.83
219.81	33421.05
219.86	33478.89
219.92	33529.44
219.97	33577.14
220.02	33634.98
220.07	33701.17
220.13	33762.34
220.18	33834.87
220.23	33905.58
220.28	33985.00
220.33	34059.01
220.39	34118.43
220.44	34181.83
220.49	34237.84
220.54	34281.94
220.60	34332.13
220.65	34397.08
220.70	34460.22
220.75	34537.02
220.81	34623.98
220.86	34703.28
220.91	34769.90
220.96	34838.56
221.02	34905.10
221.07	34967.76
221.12	35019.61
221.17	35079.18
221.22	35135.37
221.28	35191.49
221.33	35246.05
221.38	35305.86
221.43	35375.68
221.49	35437.25
221.54	35500.17
221.59	35567.16
221.64	35655.16
221.69	35739.03
221.75	35839.31
221.80	35942.21
221.85	36015.30
221.90	36079.65
221.96	36137.39
222.01	36179.88
222.06	36212.97
222.11	36264.14
222.17	36303.99
222.22	36331.84
222.27	36372.18
222.32	36417.75
222.37	36472.83
222.43	36540.69
222.48	36610.28
222.53	36683.26
222.58	36763.15
222.63	36830.03
222.69	36896.67
222.74	36976.67
222.79	37043.38
222.84	37088.40
222.90	37141.93
222.95	37188.21
223.00	37231.77
223.05	37282.19
223.10	37343.96
223.16	37403.76
223.21	37458.02
223.26	37508.20
223.31	37543.69
223.36	37582.37
223.42	37615.48
223.47	37645.87
223.52	37684.46
223.57	37742.10
223.63	37803.75
223.68	37857.63
223.73	37942.51
223.78	38020.73
223.83	38081.51
223.89	38130.34
223.94	38199.76
223.99	38257.54
224.04	38333.76
224.09	38416.64
224.15	38516.74
224.20	38607.68
224.25	38691.52
224.30	38769.78
224.35	38853.23
224.41	38943.45
224.46	39029.15
224.51	39112.24
224.56	39193.60
224.61	39273.78
224.67	39345.88
224.72	39420.40
224.77	39511.73
224.82	39604.48
224.87	39686.04
224.93	39763.73
224.98	39850.74
225.03	39935.03
225.08	40011.98
225.13	40099.97
225.19	40188.31
225.24	40269.57
225.29	40342.47
225.34	40422.04
225.39	40497.39
225.45	40573.67
225.50	40646.69
225.55	40715.27
225.60	40786.56
225.65	40861.19
225.71	40922.48
225.76	40976.58
225.81	41034.54
225.86	41072.91
225.91	41100.76
225.97	41116.97
226.02	41124.13
226.07	41091.89
226.12	41085.33
226.17	41119.94
226.22	41210.91
226.28	41365.34
226.33	41579.31
226.38	41780.65
226.43	41945.42
226.48	42067.26
226.54	42139.23
226.59	42193.65
226.64	42231.64
226.69	42256.76
226.74	42295.96
226.80	42357.31
226.85	42435.20
226.90	42534.43
226.95	42665.88
227.00	42804.39
227.05	42937.29
227.11	43055.23
227.16	43171.45
227.21	43266.25
227.26	43346.89
227.31	43418.14
227.37	43473.24
227.42	43538.25
227.47	43616.66
227.52	43693.76
227.57	43762.42
227.62	43852.19
227.68	43924.19
227.73	43997.06
227.78	44075.72
227.83	44162.05
227.88	44235.97
227.93	44323.62
227.99	44406.16
228.04	44478.26
228.09	44557.92
228.14	44627.29
228.19	44692.13
228.24	44748.92
228.30	44819.58
228.35	44876.53
228.40	44951.05
228.45	45014.02
228.50	45091.09
228.56	45153.51
228.61	45221.06
228.66	45274.64
228.71	45327.61
228.76	45372.96
228.81	45421.39
228.87	45466.65
228.92	45532.39
228.97	45594.83
229.02	45686.08
229.07	45760.70
229.12	45849.03
229.17	45912.53
229.23	45997.22
229.28	46064.28
229.33	46142.67
229.38	46212.35
229.43	46293.77
229.48	46367.89
229.54	46432.18
229.59	46502.51
229.64	46578.23
229.69	46655.23
229.74	46745.72
229.79	46820.67
229.85	46887.93
229.90	46957.18
229.95	47020.83
230.00	47071.24
230.05	47146.67
230.10	47215.47
230.16	47281.76
230.21	47344.75
230.26	47403.54
230.31	47445.44
230.36	47511.03
230.41	47566.83
230.46	47653.96
230.52	47740.46
230.57	47823.98
230.62	47903.64
230.67	47981.83
230.72	48038.40
230.77	48074.96
230.82	48122.63
230.88	48150.08
230.93	48190.40
230.98	48227.55
231.03	48289.13
231.08	48347.56
231.13	48411.80
231.19	48485.61
231.24	48560.52
231.29	48640.28
231.34	48716.58
231.39	48794.72
231.44	48860.42
231.49	48910.77
231.55	48957.31
231.60	48996.56
231.65	49048.15
231.70	49085.77
231.75	49135.02
231.80	49183.82
231.85	49245.05
231.91	49291.38
231.96	49341.19
232.01	49404.78
232.06	49470.91
232.11	49534.58
232.16	49617.42
232.21	49715.73
232.26	49806.06
232.32	49879.97
232.37	49945.98
232.42	49996.08
232.47	50036.17
232.52	50078.43
232.57	50133.75
232.62	50194.87
232.68	50266.33
232.73	50344.16
232.78	50419.30
232.83	50494.17
232.88	50567.71
232.93	50637.13
232.98	50701.46
233.03	50758.60
233.09	50813.66
233.14	50886.04
233.19	50950.12
233.24	50994.52
233.29	51047.76
233.34	51085.48
233.39	51101.94
233.45	51127.53
233.50	51169.87
233.55	51214.54
233.60	51273.77
233.65	51333.77
233.70	51397.78
233.75	51450.17
233.80	51496.84
233.86	51552.92
233.91	51599.96
233.96	51645.38
234.01	51700.10
234.06	51755.66
234.11	51816.32
234.16	51880.03
234.21	51940.57
234.26	51996.65
234.32	52032.76
234.37	52060.39
234.42	52094.50
234.47	52112.13
234.52	52136.49
234.57	52186.46
234.62	52227.19
234.67	52272.83
234.73	52329.08
234.78	52390.09
234.83	52435.53
234.88	52482.43
234.93	52526.00
234.98	52577.25
235.03	52617.87
235.08	52676.06
235.13	52739.09
235.19	52804.05
235.24	52861.68
235.29	52925.46
235.34	52971.16
235.39	53008.76
235.44	53042.24
235.49	53075.88
235.54	53104.58
235.59	53128.45
235.65	53159.30
235.70	53194.51
235.75	53235.42
235.80	53284.58
235.85	53343.08
235.90	53387.29
235.95	53409.05
236.00	53427.31
236.05	53448.63
236.11	53467.95
236.16	53498.66
236.21	53547.56
236.26	53590.31
236.31	53618.58
236.36	53644.69
236.41	53660.92
236.46	53669.27
236.51	53686.63
236.56	53715.10
236.62	53742.58
236.67	53775.53
236.72	53823.42
236.77	53855.57
236.82	53901.73
236.87	53920.49
236.92	53938.11
236.97	53970.68
237.02	54012.06
237.07	54057.15
237.13	54132.28
237.18	54198.63
237.23	54246.97
237.28	54290.47
237.33	54323.61
237.38	54339.02
237.43	54364.03
237.48	54367.87
237.53	54391.43
237.58	54426.23
237.63	54470.54
237.69	54510.00
237.74	54565.76
237.79	54608.16
237.84	54605.73
237.89	54609.04
237.94	54610.01
237.99	54624.03
238.04	54631.88
238.09	54653.83
238.14	54671.35
238.19	54704.51
238.25	54719.75
238.30	54722.77
238.35	54730.43
238.40	54748.03
238.45	54742.69
238.50	54749.39
238.55	54756.41
238.60	54788.21
238.65	54801.79
238.70	54824.67
238.75	54839.82
238.80	54874.07
238.86	54879.91
238.91	54895.93
238.96	54923.50
239.01	54961.98
239.06	54992.74
239.11	55017.27
239.16	55043.47
239.21	55042.97
239.26	55027.78
239.31	55032.67
239.36	55044.44
239.41	55064.98
239.46	55094.43
239.52	55126.60
239.57	55149.86
239.62	55165.57
239.67	55183.90
239.72	55213.30
239.77	55228.61
239.82	55240.77
239.87	55259.58
239.92	55268.24
239.97	55262.91
240.02	55255.56
240.07	55244.83
240.12	55245.07
240.17	55245.25
240.23	55241.86
240.28	55249.96
240.33	55263.16
240.38	55256.67
240.43	55256.96
240.48	55273.32
240.53	55294.78
240.58	55313.37
240.63	55345.97
240.68	55350.21
240.73	55342.97
240.78	55338.04
240.83	55338.93
240.88	55321.21
240.93	55311.92
240.98	55308.56
241.04	55326.94
241.09	55335.79
241.14	55347.09
241.19	55386.50
241.24	55426.42
241.29	55439.28
241.34	55458.38
241.39	55483.76
241.44	55493.86
241.49	55494.50
241.54	55496.98
241.59	55486.24
241.64	55483.12
241.69	55469.09
241.74	55455.07
241.79	55440.48
241.84	55429.90
241.90	55407.20
241.95	55382.75
242.00	55362.03
242.05	55334.25
242.10	55323.72
242.15	55314.97
242.20	55312.10
242.25	55311.46
242.30	55317.06
242.35	55308.28
242.40	55306.14
242.45	55296.01
242.50	55285.06
242.55	55269.92
242.60	55256.64
242.65	55247.40
242.70	55261.75
242.75	55287.30
242.80	55337.96
242.85	55377.13
242.91	55402.52
242.96	55406.14
243.01	55392.97
243.06	55362.53
243.11	55329.85
243.16	55300.44
243.21	55286.81
243.26	55287.85
243.31	55291.96
243.36	55299.58
243.41	55317.40
243.46	55314.28
243.51	55285.95
243.56	55240.13
243.61	55198.47
243.66	55155.83
243.71	55126.54
243.76	55125.01
243.81	55136.01
243.86	55130.49
243.91	55134.75
243.96	55131.88
244.01	55114.83
244.06	55085.38
244.12	55076.39
244.17	55061.69
244.22	55064.01
244.27	55086.70
244.32	55110.43
244.37	55137.17
244.42	55146.95
244.47	55140.70
244.52	55112.63
244.57	55080.66
244.62	55055.79
244.67	55025.54
244.72	54999.27
244.77	54999.38
244.82	55017.22
244.87	55038.15
244.92	55067.43
244.97	55088.53
245.02	55080.66
245.07	55063.95
245.12	55044.74
245.17	55022.07
245.22	55018.11
245.27	55016.77
245.32	54981.64
245.37	54938.30
245.42	54895.08
245.47	54848.34
245.52	54793.75
245.57	54776.53
245.62	54758.22
245.67	54754.48
245.72	54739.68
245.77	54721.00
245.82	54713.00
245.87	54707.74
245.92	54712.46
245.98	54711.04
246.03	54719.11
246.08	54727.38
246.13	54729.65
246.18	54730.96
246.23	54729.13
246.28	54720.13
246.33	54706.46
246.38	54678.54
246.43	54646.21
246.48	54617.36
246.53	54616.73
246.58	54617.97
246.63	54626.05
246.68	54613.99
246.73	54608.30
246.78	54583.41
246.83	54532.66
246.88	54475.54
246.93	54427.62
246.98	54376.36
247.03	54345.10
247.08	54330.04
247.13	54325.80
247.18	54320.60
247.23	54348.29
247.28	54345.79
247.33	54333.16
247.38	54314.22
247.43	54301.37
247.48	54267.73
247.53	54236.73
247.58	54202.84
247.63	54176.33
247.68	54134.14
247.73	54079.62
247.78	54040.95
247.83	54016.66
247.88	53996.57
247.93	53983.16
247.98	53988.73
248.03	53998.98
248.08	54010.88
248.13	54003.95
248.18	54003.40
248.23	53993.33
248.28	53954.81
248.33	53916.01
248.38	53887.47
248.43	53861.79
248.48	53837.73
248.53	53824.92
248.58	53806.78
248.63	53799.59
248.68	53775.87
248.73	53741.53
248.78	53713.10
248.83	53663.59
248.88	53587.79
248.93	53523.50
248.98	53457.58
249.03	53411.18
249.08	53387.76
249.13	53386.61
249.18	53383.50
249.23	53398.36
249.28	53388.82
249.33	53383.73
249.38	53370.60
249.43	53355.27
249.48	53328.48
249.53	53312.05
249.58	53287.58
249.63	53270.89
249.68	53250.62
249.73	53236.74
249.78	53213.96
249.83	53213.48
249.88	53177.85
249.93	53167.63
249.98	53156.49
250.03	53149.82
250.08	53114.20
250.13	53112.21
250.18	53079.68
250.23	53027.92
250.28	52983.17
250.33	52933.59
250.37	52890.04
250.42	52860.03
250.47	52841.29
250.52	52825.52
250.57	52816.66
250.62	52779.03
250.67	52746.14
250.72	52725.44
250.77	52685.48
250.82	52657.41
250.87	52664.97
250.92	52649.16
250.97	52623.38
251.02	52620.33
251.07	52615.69
251.12	52587.74
251.17	52559.08
251.22	52529.46
251.27	52486.19
251.32	52432.04
251.37	52378.51
251.42	52333.58
251.47	52298.53
251.52	52275.82
251.57	52263.21
251.62	52253.64
251.67	52236.48
251.72	52213.20
251.77	52171.88
251.82	52125.64
251.87	52075.98
251.92	52029.89
251.97	51978.33
252.02	51932.52
252.07	51903.42
252.12	51891.97
252.16	51892.93
252.21	51892.93
252.26	51907.94
252.31	51908.16
252.36	51893.32
252.41	51868.54
252.46	51853.38
252.51	51821.31
252.56	51791.76
252.61	51764.12
252.66	51741.91
252.71	51710.49
252.76	51681.06
252.81	51633.49
252.86	51582.89
252.91	51532.60
252.96	51470.53
253.01	51406.60
253.06	51347.00
253.11	51304.95
253.16	51263.71
253.21	51215.74
253.26	51181.62
253.31	51156.70
253.36	51130.08
253.40	51103.02
253.45	51096.84
253.50	51053.74
253.55	51016.32
253.60	50963.96
253.65	50915.79
253.70	50876.00
253.75	50866.27
253.80	50847.95
253.85	50844.88
253.90	50854.07
253.95	50845.43
254.00	50840.33
254.05	50830.13
254.10	50792.79
254.15	50755.69
254.20	50727.84
254.25	50684.62
254.30	50652.82
254.35	50615.08
254.39	50543.15
254.44	50457.43
254.49	50384.59
254.54	50360.68
254.59	50333.45
254.64	50325.47
254.69	50328.13
254.74	50333.85
254.79	50289.14
254.84	50256.78
254.89	50238.53
254.94	50221.89
254.99	50202.30
255.04	50181.00
255.09	50176.47
255.14	50148.08
255.19	50127.97
255.23	50114.11
255.28	50106.94
255.33	50093.13
255.38	50089.88
255.43	50081.21
255.48	50049.52
255.53	50007.86
255.58	49973.52
255.63	49936.79
255.68	49891.20
255.73	49847.96
255.78	49819.15
255.83	49791.31
255.88	49766.34
255.93	49742.68
255.97	49727.95
256.02	49699.55
256.07	49660.01
256.12	49589.10
256.17	49525.37
256.22	49469.36
256.27	49416.90
256.32	49370.87
256.37	49354.84
256.42	49345.39
256.47	49320.26
256.52	49293.87
256.57	49266.59
256.62	49247.79
256.66	49231.41
256.71	49209.44
256.76	49173.52
256.81	49126.08
256.86	49071.85
256.91	49017.78
256.96	48966.56
257.01	48934.75
257.06	48915.73
257.11	48882.43
257.16	48832.47
257.21	48797.11
257.26	48757.38
257.30	48715.57
257.35	48678.72
257.40	48655.83
257.45	48640.74
257.50	48617.38
257.55	48583.12
257.60	48562.87
257.65	48537.12
257.70	48498.86
257.75	48456.90
257.80	48435.36
257.85	48399.79
257.89	48349.78
257.94	48289.73
257.99	48227.15
258.04	48165.26
258.09	48119.62
258.14	48094.63
258.19	48082.68
258.24	48068.76
258.29	48030.15
258.34	47995.24
258.39	47955.94
258.44	47892.66
258.48	47842.54
258.53	47813.33
258.58	47767.48
258.63	47719.64
258.68	47681.11
258.73	47643.05
258.78	47597.48
258.83	47557.18
258.88	47512.74
258.93	47481.30
258.97	47451.17
259.02	47422.55
259.07	47393.19
259.12	47379.78
259.17	47363.62
259.22	47340.08
259.27	47313.80
259.32	47305.25
259.37	47257.48
259.42	47215.16
259.47	47172.74
259.51	47125.32
259.56	47051.94
259.61	46995.68
259.66	46922.64
259.71	46850.33
259.76	46790.32
259.81	46735.75
259.86	46689.65
259.91	46648.68
259.95	46624.50
260.00	46595.42
260.05	46575.21
260.10	46553.11
260.15	46542.28
260.20	46532.17
260.25	46524.66
260.30	46518.69
260.35	46496.85
260.40	46468.18
260.44	46437.55
260.49	46414.90
260.54	46372.04
260.59	46346.23
260.64	46338.62
260.69	46328.75
260.74	46290.99
260.79	46249.61
260.84	46201.25
260.88	46140.11
260.93	46068.33
260.98	46029.59
261.03	45989.96
261.08	45970.07
261.13	45933.63
261.18	45896.16
261.23	45836.22
261.28	45799.63
261.32	45748.07
261.37	45703.53
261.42	45676.27
261.47	45659.08
261.52	45613.14
261.57	45572.69
261.62	45524.89
261.67	45466.37
261.71	45400.56
261.76	45355.75
261.81	45297.82
261.86	45252.43
261.91	45201.46
261.96	45163.45
262.01	45123.84
262.06	45111.00
262.10	45097.86
262.15	45090.05
262.20	45077.49
262.25	45063.93
262.30	45038.47
262.35	45018.58
262.40	44991.78
262.45	44952.68
262.49	44921.68
262.54	44885.34
262.59	44841.40
262.64	44813.79
262.69	44780.62
262.74	44733.38
262.79	44678.43
262.84	44635.25
262.88	44576.87
262.93	44532.68
262.98	44496.71
263.03	44461.30
263.08	44411.50
263.13	44350.40
263.18	44286.34
263.23	44224.62
263.27	44171.83
263.32	44140.40
263.37	44124.14
263.42	44110.15
263.47	44083.38
263.52	44064.35
263.57	44023.78
263.61	43979.09
263.66	43935.18
263.71	43897.43
263.76	43861.97
263.81	43820.76
263.86	43793.53
263.91	43756.94
263.95	43701.59
264.00	43633.91
264.05	43582.94
264.10	43517.71
264.15	43448.12
264.20	43411.87
264.25	43373.55
264.29	43329.27
264.34	43275.68
264.39	43243.82
264.44	43189.88
264.49	43148.11
264.54	43104.26
264.59	43070.97
264.63	43028.12
264.68	42984.13
264.73	42926.73
264.78	42876.24
264.83	42817.46
264.88	42773.65
264.93	42743.72
264.97	42717.19
265.02	42695.00
265.07	42679.40
265.12	42638.41
265.17	42589.19
265.22	42548.41
265.27	42487.06
265.31	42428.63
265.36	42365.82
265.41	42309.80
265.46	42249.07
265.51	42177.10
265.56	42111.49
265.60	42060.03
265.65	41997.98
265.70	41934.28
265.75	41891.26
265.80	41841.51
265.85	41783.16
265.90	41732.69
265.94	41679.63
265.99	41617.89
266.04	41564.55
266.09	41530.88
266.14	41491.25
266.19	41455.60
266.23	41420.84
266.28	41377.42
266.33	41331.24
266.38	41302.64
266.43	41289.95
266.48	41272.49
266.52	41259.94
266.57	41222.61
266.62	41180.02
266.67	41120.82
266.72	41070.32
266.77	41032.33
266.81	41015.88
266.86	40989.13
266.91	40959.73
266.96	40918.87
267.01	40875.19
267.06	40819.27
267.10	40768.69
267.15	40723.25
267.20	40703.00
267.25	40666.83
267.30	40637.12
267.35	40605.59
267.39	40567.65
267.44	40525.68
267.49	40480.38
267.54	40424.35
267.59	40373.90
267.64	40317.77
267.68	40253.58
267.73	40195.68
267.78	40157.93
267.83	40129.43
267.88	40112.16
267.93	40104.48
267.97	40092.73
268.02	40056.56
268.07	40010.40
268.12	39954.99
268.17	39889.45
268.21	39841.79
268.26	39802.63
268.31	39757.53
268.36	39718.17
268.41	39677.64
268.46	39624.18
268.50	39580.26
268.55	39530.67
268.60	39470.10
268.65	39405.98
268.70	39332.52
268.74	39262.27
268.79	39189.15
268.84	39139.93
268.89	39097.04
268.94	39065.17
268.99	39030.06
269.03	38994.35
269.08	38939.65
269.13	38871.06
269.18	38788.62
269.23	38686.63
269.27	38580.16
269.32	38457.10
269.37	38336.05
269.42	38202.09
269.47	38065.87
269.51	37923.35
269.56	37781.54
269.61	37638.69
269.66	37494.91
269.71	37341.70
269.76	37193.01
269.80	37044.60
269.85	36891.00
269.90	36747.75
269.95	36604.58
270.00	36450.64
270.04	36310.04
270.09	36169.41
270.14	36029.08
270.19	35890.40
270.24	35755.82
270.28	35597.14
270.33	35425.95
270.38	35247.88
270.43	35072.08
270.48	34893.96
270.52	34739.07
270.57	34587.30
270.62	34431.88
270.67	34283.19
270.72	34126.87
270.76	33946.54
270.81	33772.56
270.86	33600.28
270.91	33422.48
270.96	33251.34
271.00	33093.65
271.05	32942.43
271.10	32801.03
271.15	32671.42
271.20	32549.73
271.24	32413.59
271.29	32275.61
271.34	32130.20
271.39	31977.18
271.44	31831.79
271.48	31699.69
271.53	31557.10
271.58	31414.08
271.63	31262.07
271.67	31110.17
271.72	30962.50
271.77	30818.50
271.82	30681.48
271.87	30545.74
271.91	30393.57
271.96	30248.61
272.01	30103.34
272.06	29969.32
272.11	29853.18
272.15	29751.34
272.20	29645.31
272.25	29553.60
272.30	29452.69
272.35	29343.38
272.39	29232.20
272.44	29109.82
272.49	28977.17
272.54	28836.89
272.58	28687.58
272.63	28533.83
272.68	28380.86
272.73	28219.37
272.78	28043.79
272.82	27844.46
272.87	27618.54
272.92	27336.05
272.97	26812.37
273.01	23857.98
273.06	18918.62
273.11	13477.25
273.16	8128.88
273.21	3058.80
273.25	461.87
273.30	-89.65
273.35	-88.98
