165.32	3380.33
165.38	-247.30
165.44	596.22
165.50	-77.83
165.55	-19.81
165.61	2.07
165.67	29.22
165.72	37.50
165.78	43.08
165.84	41.59
165.89	38.66
165.95	37.29
166.01	37.06
166.06	38.47
166.12	40.92
166.18	38.98
166.23	40.73
166.29	39.98
166.35	36.48
166.40	35.43
166.46	41.98
166.52	44.42
166.57	44.97
166.63	45.67
166.69	48.27
166.74	42.26
166.80	42.79
166.86	44.63
166.91	45.79
166.97	39.81
167.03	42.22
167.08	36.29
167.14	35.43
167.20	33.18
167.25	45.75
167.31	45.95
167.37	51.44
167.42	53.36
167.48	59.16
167.54	53.82
167.59	53.08
167.65	49.00
167.71	48.68
167.76	47.91
167.82	43.71
167.88	43.48
167.93	51.11
167.99	50.02
168.05	52.02
168.10	59.37
168.16	58.99
168.21	57.18
168.27	61.68
168.33	63.15
168.38	56.29
168.44	60.67
168.50	59.03
168.55	57.61
168.61	58.76
168.67	60.69
168.72	58.43
168.78	58.63
168.84	54.20
168.89	52.69
168.95	53.28
169.01	53.26
169.06	53.08
169.12	52.62
169.18	50.87
169.23	51.00
169.29	54.84
169.34	59.29
169.40	61.98
169.46	66.18
169.51	68.13
169.57	63.43
169.63	58.94
169.68	63.72
169.74	59.90
169.80	65.58
169.85	66.96
169.91	71.29
169.97	67.75
170.02	67.76
170.08	66.44
170.13	67.01
170.19	66.41
170.25	67.57
170.30	72.18
170.36	63.99
170.42	66.42
170.47	67.83
170.53	69.57
170.59	66.54
170.64	70.28
170.70	68.06
170.76	65.13
170.81	66.54
170.87	65.42
170.92	66.16
170.98	69.11
171.04	71.35
171.09	67.27
171.15	74.84
171.21	75.73
171.26	71.92
171.32	69.35
171.37	72.79
171.43	67.32
171.49	72.04
171.54	75.83
171.60	77.53
171.66	79.68
171.71	80.19
171.77	77.66
171.83	83.71
171.88	82.97
171.94	82.70
171.99	86.96
172.05	85.98
172.11	86.93
172.16	95.59
172.22	96.12
172.28	96.20
172.33	94.25
172.39	91.01
172.44	87.71
172.50	92.47
172.56	92.31
172.61	100.70
172.67	100.32
172.72	99.65
172.78	94.74
172.84	89.63
172.89	83.13
172.95	82.21
173.01	83.62
173.06	81.97
173.12	87.87
173.17	89.25
173.23	89.07
173.29	89.35
173.34	91.34
173.40	86.01
173.46	86.55
173.51	89.18
173.57	88.95
173.62	83.31
173.68	89.56
173.74	88.15
173.79	89.72
173.85	86.49
173.90	88.90
173.96	85.53
174.02	82.66
174.07	74.72
174.13	74.67
174.18	77.50
174.24	70.76
174.30	71.25
174.35	76.53
174.41	73.59
174.47	67.63
174.52	68.95
174.58	67.78
174.63	63.18
174.69	61.88
174.75	63.57
174.80	74.56
174.86	72.06
174.91	72.97
174.97	73.03
175.03	70.38
175.08	58.22
175.14	64.72
175.19	60.41
175.25	61.10
175.31	65.75
175.36	66.99
175.42	64.22
175.47	69.58
175.53	69.57
175.59	65.73
175.64	67.59
175.70	65.66
175.75	60.92
175.81	59.43
175.87	61.03
175.92	57.03
175.98	58.93
176.03	58.26
176.09	58.94
176.15	58.66
176.20	60.03
176.26	59.71
176.31	63.61
176.37	61.18
176.42	62.09
176.48	65.15
176.54	62.53
176.59	59.57
176.65	62.12
176.70	63.08
176.76	62.56
176.82	60.73
176.87	57.62
176.93	57.79
176.98	57.05
177.04	51.98
177.10	56.97
177.15	58.94
177.21	59.25
177.26	57.91
177.32	61.88
177.37	63.68
177.43	67.43
177.49	64.56
177.54	61.93
177.60	62.07
177.65	62.24
177.71	56.48
177.77	59.28
177.82	61.43
177.88	65.33
177.93	60.75
177.99	67.32
178.04	63.23
178.10	63.60
178.16	57.06
178.21	58.03
178.27	54.97
178.32	58.76
178.38	57.66
178.43	59.12
178.49	59.12
178.55	58.35
178.60	57.05
178.66	56.23
178.71	57.89
178.77	55.47
178.82	55.98
178.88	55.85
178.94	56.68
178.99	57.90
179.05	62.52
179.10	59.23
179.16	62.19
179.21	64.74
179.27	63.67
179.33	59.21
179.38	62.73
179.44	61.26
179.49	60.37
179.55	58.18
179.60	58.58
179.66	57.55
179.72	59.43
179.77	57.25
179.83	56.27
179.88	57.46
179.94	59.14
179.99	55.38
180.05	55.89
180.11	56.95
180.16	60.28
180.22	62.56
180.27	67.48
180.33	68.57
180.38	72.73
180.44	68.09
180.49	67.93
180.55	65.55
180.61	69.41
180.66	63.88
180.72	61.89
180.77	59.78
180.83	59.46
180.88	56.22
180.94	56.05
180.99	59.48
181.05	59.53
181.11	60.92
181.16	61.56
181.22	63.14
181.27	65.74
181.33	64.31
181.38	61.03
181.44	61.99
181.49	66.24
181.55	66.97
181.61	72.93
181.66	75.85
181.72	73.71
181.77	71.14
181.83	68.38
181.88	73.60
181.94	75.03
181.99	80.47
182.05	81.01
182.11	82.12
182.16	73.12
182.22	71.15
182.27	66.31
182.33	68.57
182.38	68.25
182.44	72.80
182.49	74.81
182.55	76.97
182.60	76.69
182.66	80.17
182.72	82.89
182.77	85.30
182.83	88.71
182.88	91.99
182.94	93.33
182.99	90.11
183.05	88.53
183.10	90.46
183.16	89.38
183.21	90.46
183.27	98.58
183.32	102.93
183.38	106.68
183.44	114.14
183.49	119.94
183.55	121.90
183.60	129.38
183.66	135.73
183.71	145.33
183.77	152.86
183.82	162.04
183.88	172.67
183.93	185.01
183.99	198.55
184.04	216.18
184.10	229.06
184.15	241.29
184.21	253.72
184.27	255.79
184.32	256.34
184.38	253.92
184.43	250.35
184.49	234.11
184.54	216.74
184.60	206.12
184.65	192.46
184.71	182.39
184.76	183.65
184.82	201.48
184.87	219.14
184.93	245.08
184.98	273.48
185.04	306.51
185.09	332.39
185.15	359.00
185.20	391.36
185.26	426.51
185.31	455.11
185.37	483.97
185.43	505.21
185.48	525.15
185.54	548.11
185.59	574.72
185.65	600.51
185.70	642.27
185.76	688.56
185.81	725.05
185.87	762.89
185.92	807.91
185.98	843.39
186.03	860.71
186.09	862.16
186.14	836.54
186.20	781.04
186.25	694.02
186.31	605.78
186.36	536.79
186.42	506.68
186.47	516.16
186.53	564.05
186.58	635.95
186.64	712.08
186.69	786.46
186.75	847.80
186.80	907.97
186.86	965.91
186.91	1026.43
186.97	1080.92
187.02	1152.45
187.08	1216.88
187.13	1273.56
187.19	1332.88
187.24	1394.41
187.30	1435.26
187.35	1478.19
187.41	1532.80
187.47	1586.20
187.52	1632.98
187.58	1691.74
187.63	1767.44
187.69	1845.83
187.74	1911.88
187.80	1971.68
187.85	2021.28
187.91	2042.09
187.96	2027.06
188.02	1967.95
188.07	1865.73
188.13	1714.76
188.18	1554.81
188.24	1437.14
188.29	1382.30
188.35	1393.24
188.40	1473.63
188.46	1601.57
188.51	1728.71
188.57	1859.33
188.62	1986.20
188.67	2103.93
188.73	2214.88
188.78	2322.27
188.84	2427.26
188.89	2531.46
188.95	2639.35
189.00	2730.62
189.06	2826.79
189.11	2919.68
189.17	3002.99
189.22	3077.75
189.28	3167.50
189.33	3245.85
189.39	3310.11
189.44	3374.24
189.50	3447.50
189.55	3515.36
189.61	3566.87
189.66	3627.41
189.72	3688.58
189.77	3741.11
189.83	3770.78
189.88	3780.47
189.94	3745.60
189.99	3662.81
190.05	3503.97
190.10	3279.94
190.16	3023.67
190.21	2799.51
190.27	2649.64
190.32	2606.21
190.38	2666.04
190.43	2810.94
190.49	2981.84
190.54	3130.76
190.60	3261.17
190.65	3371.91
190.71	3468.11
190.76	3559.88
190.81	3654.05
190.87	3752.80
190.92	3875.54
190.98	4003.92
191.03	4139.54
191.09	4281.39
191.14	4404.58
191.20	4501.43
191.25	4604.11
191.31	4702.66
191.36	4806.52
191.42	4918.26
191.47	5043.77
191.53	5164.09
191.58	5268.20
191.64	5349.25
191.69	5419.93
191.75	5469.17
191.80	5503.94
191.85	5525.38
191.91	5545.66
191.96	5570.41
192.02	5601.48
192.07	5616.63
192.13	5613.66
192.18	5568.67
192.24	5451.54
192.29	5253.60
192.35	5025.27
192.40	4839.42
192.46	4726.74
192.51	4718.63
192.57	4813.63
192.62	4989.52
192.67	5173.76
192.73	5352.91
192.78	5520.81
192.84	5672.19
192.89	5808.49
192.95	5937.25
193.00	6055.41
193.06	6163.18
193.11	6274.08
193.17	6366.87
193.22	6455.38
193.28	6542.83
193.33	6619.60
193.38	6687.33
193.44	6760.68
193.49	6831.42
193.55	6889.40
193.60	6947.18
193.66	7000.90
193.71	7044.05
193.77	7069.49
193.82	7094.20
193.88	7111.00
193.93	7135.04
193.98	7163.98
194.04	7204.35
194.09	7249.12
194.15	7303.76
194.20	7347.78
194.26	7388.18
194.31	7433.00
194.37	7457.86
194.42	7461.18
194.47	7450.61
194.53	7405.04
194.58	7312.55
194.64	7203.66
194.69	7103.64
194.75	7038.02
194.80	7022.33
194.86	7060.89
194.91	7149.45
194.97	7256.36
195.02	7361.08
195.07	7465.81
195.13	7568.38
195.18	7676.87
195.24	7777.01
195.29	7875.94
195.35	7966.25
195.40	8058.05
195.46	8130.88
195.51	8216.31
195.56	8299.36
195.62	8386.19
195.67	8461.83
195.73	8544.20
195.78	8606.88
195.84	8651.83
195.89	8685.06
195.94	8721.04
196.00	8750.84
196.05	8784.87
196.11	8840.17
196.16	8899.51
196.22	8957.87
196.27	9021.14
196.32	9081.85
196.38	9128.17
196.43	9171.50
196.49	9209.60
196.54	9245.69
196.60	9291.72
196.65	9337.45
196.71	9383.29
196.76	9433.28
196.81	9471.43
196.87	9501.75
196.92	9529.23
196.98	9547.86
197.03	9554.55
197.09	9550.43
197.14	9541.49
197.19	9540.88
197.25	9555.28
197.30	9580.41
197.36	9636.23
197.41	9703.41
197.47	9764.69
197.52	9825.46
197.57	9893.53
197.63	9945.33
197.68	9999.20
197.74	10053.24
197.79	10095.62
197.84	10140.78
197.90	10190.30
197.95	10228.23
198.01	10270.26
198.06	10318.83
198.12	10360.60
198.17	10396.73
198.22	10438.08
198.28	10474.01
198.33	10515.14
198.39	10558.16
198.44	10606.45
198.49	10650.62
198.55	10700.75
198.60	10745.21
198.66	10788.38
198.71	10835.45
198.77	10884.19
198.82	10932.88
198.87	10978.05
198.93	11025.18
198.98	11069.56
199.04	11116.54
199.09	11157.83
199.14	11203.46
199.20	11241.97
199.25	11284.95
199.31	11328.17
199.36	11372.66
199.42	11419.53
199.47	11466.96
199.52	11505.67
199.58	11541.85
199.63	11570.70
199.69	11601.10
199.74	11633.06
199.79	11658.06
199.85	11683.48
199.90	11721.80
199.96	11757.23
200.01	11799.25
200.06	11854.57
200.12	11907.24
200.17	11959.75
200.23	12015.36
200.28	12058.42
200.33	12111.02
200.39	12159.04
200.44	12206.83
200.50	12248.69
200.55	12289.49
200.60	12323.05
200.66	12362.83
200.71	12392.99
200.77	12434.33
200.82	12477.83
200.87	12517.29
200.93	12550.46
200.98	12594.15
201.04	12627.78
201.09	12668.64
201.14	12717.62
201.20	12771.44
201.25	12826.06
201.31	12886.47
201.36	12946.96
201.41	13003.97
201.47	13062.40
201.52	13111.42
201.58	13167.11
201.63	13217.10
201.68	13261.45
201.74	13309.13
201.79	13361.93
201.84	13412.75
201.90	13460.25
201.95	13510.94
202.01	13564.19
202.06	13611.27
202.11	13649.50
202.17	13697.36
202.22	13746.52
202.28	13788.71
202.33	13832.76
202.38	13875.70
202.44	13919.75
202.49	13959.79
202.54	14010.03
202.60	14051.11
202.65	14100.99
202.71	14148.81
202.76	14191.72
202.81	14228.63
202.87	14283.56
202.92	14330.98
202.98	14381.63
203.03	14439.54
203.08	14496.97
203.14	14550.78
203.19	14604.42
203.24	14658.58
203.30	14707.36
203.35	14752.87
203.41	14795.00
203.46	14840.30
203.51	14878.62
203.57	14918.29
203.62	14968.28
203.67	15023.28
203.73	15068.38
203.78	15116.71
203.84	15165.82
203.89	15202.51
203.94	15240.16
204.00	15283.91
204.05	15321.88
204.10	15348.77
204.16	15373.92
204.21	15399.53
204.27	15416.17
204.32	15426.67
204.37	15435.83
204.43	15436.77
204.48	15418.77
204.53	15406.33
204.59	15421.88
204.64	15476.90
204.69	15570.34
204.75	15692.40
204.80	15825.08
204.86	15933.97
204.91	16014.60
204.96	16071.50
205.02	16102.67
205.07	16140.64
205.12	16204.81
205.18	16286.54
205.23	16376.70
205.28	16491.38
205.34	16590.53
205.39	16673.44
205.45	16745.23
205.50	16807.30
205.55	16865.53
205.61	16926.46
205.66	16985.82
205.71	17050.00
205.77	17114.83
205.82	17169.86
205.87	17228.31
205.93	17285.23
205.98	17334.44
206.03	17377.09
206.09	17424.39
206.14	17472.60
206.20	17523.15
206.25	17576.53
206.30	17640.16
206.36	17694.84
206.41	17757.14
206.46	17812.37
206.52	17862.04
206.57	17914.27
206.62	17967.84
206.68	18009.67
206.73	18057.71
206.78	18114.58
206.84	18167.23
206.89	18223.04
206.94	18281.17
207.00	18355.72
207.05	18418.75
207.11	18484.52
207.16	18543.09
207.21	18608.30
207.27	18654.03
207.32	18708.80
207.37	18760.89
207.43	18821.75
207.48	18874.45
207.53	18929.45
207.59	18983.53
207.64	19038.12
207.69	19107.12
207.75	19174.56
207.80	19228.66
207.85	19288.96
207.91	19346.39
207.96	19391.58
208.01	19450.19
208.07	19517.66
208.12	19577.50
208.17	19635.17
208.23	19686.89
208.28	19732.10
208.33	19780.24
208.39	19837.88
208.44	19903.37
208.49	19967.33
208.55	20032.26
208.60	20092.30
208.65	20144.58
208.71	20195.91
208.76	20249.30
208.81	20305.84
208.87	20372.46
208.92	20434.17
208.97	20490.61
209.03	20555.56
209.08	20616.82
209.13	20672.99
209.19	20733.37
209.24	20793.11
209.29	20857.42
209.35	20911.46
209.40	20974.96
209.45	21040.19
209.51	21109.36
209.56	21170.53
209.61	21235.39
209.67	21297.47
209.72	21357.05
209.77	21413.99
209.83	21475.88
209.88	21545.36
209.93	21610.01
209.99	21674.23
210.04	21743.86
210.09	21806.63
210.15	21863.99
210.20	21923.63
210.25	21985.24
210.31	22043.04
210.36	22096.71
210.41	22146.54
210.46	22206.41
210.52	22261.37
210.57	22312.10
210.62	22371.57
210.68	22443.82
210.73	22495.99
210.78	22561.02
210.84	22627.03
210.89	22685.98
210.94	22737.68
211.00	22794.91
211.05	22842.15
211.10	22902.52
211.16	22966.31
211.21	23037.46
211.26	23111.62
211.32	23188.79
211.37	23254.28
211.42	23315.12
211.47	23376.61
211.53	23439.24
211.58	23492.49
211.63	23547.02
211.69	23608.13
211.74	23658.93
211.79	23709.30
211.85	23773.02
211.90	23834.15
211.95	23904.02
212.01	23978.47
212.06	24050.48
212.11	24122.38
212.16	24199.99
212.22	24272.95
212.27	24330.46
212.32	24395.87
212.38	24465.40
212.43	24526.12
212.48	24584.84
212.54	24658.70
212.59	24729.67
212.64	24797.04
212.69	24866.32
212.75	24933.16
212.80	25001.43
212.85	25065.48
212.91	25115.53
212.96	25171.77
213.01	25231.22
213.07	25289.45
213.12	25351.94
213.17	25422.41
213.22	25490.00
213.28	25551.85
213.33	25596.06
213.38	25652.49
213.44	25702.31
213.49	25762.52
213.54	25837.56
213.60	25927.68
213.65	26002.29
213.70	26083.97
213.75	26156.63
213.81	26204.85
213.86	26258.32
213.91	26308.49
213.97	26350.37
214.02	26389.61
214.07	26435.79
214.12	26474.24
214.18	26512.94
214.23	26554.86
214.28	26596.17
214.34	26629.01
214.39	26652.17
214.44	26660.15
214.49	26643.99
214.55	26599.91
214.60	26538.73
214.65	26458.01
214.71	26390.47
214.76	26388.43
214.81	26467.74
214.86	26627.74
214.92	26838.52
214.97	27069.66
215.02	27263.43
215.08	27396.12
215.13	27481.77
215.18	27522.86
215.23	27539.43
215.29	27566.35
215.34	27639.28
215.39	27740.49
215.45	27886.16
215.50	28060.42
215.55	28227.63
215.60	28353.19
215.66	28445.06
215.71	28521.86
215.76	28590.02
215.81	28646.37
215.87	28712.35
215.92	28773.62
215.97	28834.26
216.03	28895.78
216.08	28946.65
216.13	28997.31
216.18	29059.15
216.24	29120.04
216.29	29167.65
216.34	29231.59
216.39	29300.34
216.45	29364.23
216.50	29418.38
216.55	29478.29
216.61	29546.66
216.66	29601.50
216.71	29662.01
216.76	29719.13
216.82	29799.59
216.87	29867.91
216.92	29945.90
216.97	30011.88
217.03	30093.58
217.08	30162.15
217.13	30246.79
217.18	30318.96
217.24	30392.57
217.29	30462.32
217.34	30512.63
217.39	30549.53
217.45	30593.60
217.50	30646.02
217.55	30702.09
217.61	30768.34
217.66	30835.00
217.71	30905.93
217.76	30980.28
217.82	31061.56
217.87	31133.76
217.92	31214.59
217.97	31289.23
218.03	31351.58
218.08	31398.15
218.13	31441.03
218.18	31479.78
218.24	31540.67
218.29	31592.92
218.34	31650.92
218.39	31721.02
218.45	31787.27
218.50	31836.32
218.55	31905.03
218.60	31970.02
218.66	32029.52
218.71	32095.97
218.76	32164.24
218.81	32227.46
218.87	32286.40
218.92	32352.11
218.97	32422.56
219.02	32490.88
219.08	32557.42
219.13	32637.93
219.18	32706.70
219.23	32766.20
219.29	32829.67
219.34	32895.70
219.39	32954.12
219.44	33020.53
219.50	33097.00
219.55	33162.15
219.60	33221.83
219.65	33285.09
219.71	33351.74
219.76	33404.53
219.81	33459.99
219.86	33516.91
219.92	33569.21
219.97	33613.95
220.02	33662.30
220.07	33717.23
220.13	33781.06
220.18	33849.61
220.23	33923.97
220.28	34004.43
220.33	34081.39
220.39	34139.97
220.44	34195.34
220.49	34254.98
220.54	34308.32
220.60	34359.90
220.65	34427.06
220.70	34491.44
220.75	34557.40
220.81	34634.83
220.86	34712.21
220.91	34785.26
220.96	34856.53
221.02	34930.16
221.07	34992.45
221.12	35054.56
221.17	35106.90
221.22	35170.80
221.28	35217.05
221.33	35271.77
221.38	35328.53
221.43	35400.80
221.49	35464.20
221.54	35536.23
221.59	35605.94
221.64	35688.85
221.69	35779.87
221.75	35881.25
221.80	35974.56
221.85	36053.80
221.90	36117.73
221.96	36171.30
222.01	36204.57
222.06	36247.08
222.11	36294.99
222.17	36342.96
222.22	36373.16
222.27	36419.04
222.32	36467.01
222.37	36522.27
222.43	36577.54
222.48	36647.63
222.53	36719.54
222.58	36798.15
222.63	36861.06
222.69	36927.55
222.74	37001.89
222.79	37069.30
222.84	37109.53
222.90	37166.70
222.95	37225.37
223.00	37265.09
223.05	37309.47
223.10	37376.58
223.16	37441.04
223.21	37487.18
223.26	37536.05
223.31	37583.06
223.36	37622.99
223.42	37654.35
223.47	37684.88
223.52	37730.93
223.57	37778.70
223.63	37826.71
223.68	37881.22
223.73	37964.21
223.78	38041.60
223.83	38110.44
223.89	38163.79
223.94	38226.00
223.99	38286.57
224.04	38357.52
224.09	38436.08
224.15	38534.34
224.20	38625.57
224.25	38712.35
224.30	38788.84
224.35	38872.35
224.41	38961.55
224.46	39057.72
224.51	39148.04
224.56	39229.52
224.61	39307.46
224.67	39384.29
224.72	39450.66
224.77	39536.58
224.82	39634.34
224.87	39716.94
224.93	39790.58
224.98	39881.65
225.03	39964.53
225.08	40042.47
225.13	40125.31
225.19	40220.98
225.24	40306.62
225.29	40376.52
225.34	40457.06
225.39	40535.52
225.45	40606.23
225.50	40667.08
225.55	40741.91
225.60	40805.24
225.65	40871.09
225.71	40938.88
225.76	41007.30
225.81	41052.20
225.86	41092.20
225.91	41128.50
225.97	41139.74
226.02	41135.48
226.07	41115.67
226.12	41118.24
226.17	41151.41
226.22	41250.75
226.28	41404.00
226.33	41612.43
226.38	41806.15
226.43	41984.56
226.48	42097.76
226.54	42169.29
226.59	42223.80
226.64	42266.71
226.69	42287.99
226.74	42324.98
226.80	42390.23
226.85	42470.15
226.90	42564.28
226.95	42691.70
227.00	42830.27
227.05	42960.24
227.11	43083.12
227.16	43196.21
227.21	43287.34
227.26	43380.24
227.31	43455.03
227.37	43505.33
227.42	43578.07
227.47	43659.29
227.52	43726.01
227.57	43790.18
227.62	43879.54
227.68	43957.61
227.73	44034.90
227.78	44111.36
227.83	44198.04
227.88	44267.66
227.93	44337.68
227.99	44413.27
228.04	44498.03
228.09	44585.08
228.14	44662.13
228.19	44731.56
228.24	44794.51
228.30	44861.28
228.35	44912.84
228.40	44980.02
228.45	45040.50
228.50	45116.14
228.56	45171.03
228.61	45229.98
228.66	45291.59
228.71	45351.90
228.76	45393.48
228.81	45442.55
228.87	45493.44
228.92	45553.21
228.97	45614.42
229.02	45701.72
229.07	45781.91
229.12	45870.54
229.17	45940.38
229.23	46022.93
229.28	46094.57
229.33	46166.62
229.38	46245.55
229.43	46326.20
229.48	46400.87
229.54	46462.99
229.59	46540.88
229.64	46609.46
229.69	46689.63
229.74	46778.49
229.79	46849.98
229.85	46920.69
229.90	46985.86
229.95	47041.06
230.00	47098.13
230.05	47178.07
230.10	47242.07
230.16	47315.94
230.21	47371.88
230.26	47426.47
230.31	47468.35
230.36	47534.50
230.41	47591.93
230.46	47681.28
230.52	47774.49
230.57	47858.52
230.62	47936.01
230.67	48002.81
230.72	48057.03
230.77	48096.93
230.82	48156.29
230.88	48190.79
230.93	48233.34
230.98	48279.22
231.03	48336.22
231.08	48383.10
231.13	48445.03
231.19	48522.55
231.24	48602.08
231.29	48677.11
231.34	48745.37
231.39	48816.88
231.44	48881.17
231.49	48926.86
231.55	48963.51
231.60	49007.35
231.65	49060.12
231.70	49101.41
231.75	49149.19
231.80	49207.13
231.85	49270.75
231.91	49317.26
231.96	49369.58
232.01	49436.26
232.06	49508.76
232.11	49567.99
232.16	49646.71
232.21	49732.36
232.26	49822.75
232.32	49890.45
232.37	49968.68
232.42	50026.12
232.47	50074.63
232.52	50113.29
232.57	50170.08
232.62	50230.53
232.68	50293.50
232.73	50358.51
232.78	50437.62
232.83	50509.52
232.88	50583.95
232.93	50660.01
232.98	50738.00
233.03	50785.96
233.09	50848.41
233.14	50909.14
233.19	50967.31
233.24	51014.37
233.29	51066.99
233.34	51094.36
233.39	51117.82
233.45	51147.39
233.50	51189.60
233.55	51237.45
233.60	51310.99
233.65	51373.35
233.70	51436.38
233.75	51493.61
233.80	51543.63
233.86	51596.48
233.91	51647.55
233.96	51693.09
234.01	51739.91
234.06	51796.32
234.11	51847.31
234.16	51900.15
234.21	51962.96
234.26	52014.75
234.32	52058.16
234.37	52087.27
234.42	52130.12
234.47	52150.64
234.52	52176.19
234.57	52216.47
234.62	52264.63
234.67	52307.99
234.73	52366.88
234.78	52428.28
234.83	52469.12
234.88	52514.83
234.93	52549.88
234.98	52587.61
235.03	52633.63
235.08	52701.57
235.13	52758.75
235.19	52828.20
235.24	52885.12
235.29	52944.47
235.34	52985.99
235.39	53021.00
235.44	53054.67
235.49	53100.35
235.54	53132.17
235.59	53156.83
235.65	53184.91
235.70	53215.21
235.75	53251.53
235.80	53297.80
235.85	53352.45
235.90	53404.81
235.95	53434.88
236.00	53463.48
236.05	53483.43
236.11	53502.25
236.16	53537.12
236.21	53585.23
236.26	53622.26
236.31	53650.09
236.36	53679.00
236.41	53691.94
236.46	53700.37
236.51	53716.72
236.56	53739.29
236.62	53766.73
236.67	53802.18
236.72	53843.72
236.77	53872.03
236.82	53924.68
236.87	53952.91
236.92	53980.89
236.97	54014.54
237.02	54064.16
237.07	54110.33
237.13	54171.35
237.18	54221.77
237.23	54268.72
237.28	54301.27
237.33	54333.60
237.38	54353.38
237.43	54380.88
237.48	54390.68
237.53	54417.47
237.58	54448.37
237.63	54492.05
237.69	54530.53
237.74	54584.20
237.79	54617.11
237.84	54629.68
237.89	54638.53
237.94	54639.96
237.99	54659.94
238.04	54681.57
238.09	54693.52
238.14	54712.66
238.19	54746.33
238.25	54761.31
238.30	54762.05
238.35	54772.97
238.40	54777.49
238.45	54772.48
238.50	54771.48
238.55	54783.14
238.60	54806.31
238.65	54829.74
238.70	54849.37
238.75	54865.52
238.80	54891.74
238.86	54900.67
238.91	54917.77
238.96	54957.49
239.01	54997.03
239.06	55020.47
239.11	55054.71
239.16	55082.26
239.21	55071.53
239.26	55060.53
239.31	55074.13
239.36	55078.13
239.41	55093.17
239.46	55134.83
239.52	55171.93
239.57	55194.82
239.62	55213.42
239.67	55227.30
239.72	55245.28
239.77	55249.13
239.82	55261.40
239.87	55276.62
239.92	55290.97
239.97	55283.80
240.02	55277.31
240.07	55269.12
240.12	55270.49
240.17	55271.11
240.23	55264.20
240.28	55276.59
240.33	55293.23
240.38	55291.50
240.43	55281.67
240.48	55307.45
240.53	55320.42
240.58	55330.53
240.63	55363.59
240.68	55383.08
240.73	55372.99
240.78	55374.35
240.83	55367.29
240.88	55336.23
240.93	55321.20
240.98	55320.82
241.04	55332.82
241.09	55358.07
241.14	55388.26
241.19	55427.39
241.24	55463.25
241.29	55482.49
241.34	55492.72
241.39	55507.41
241.44	55516.63
241.49	55520.28
241.54	55517.23
241.59	55509.22
241.64	55507.30
241.69	55493.96
241.74	55479.06
241.79	55458.68
241.84	55448.63
241.90	55431.92
241.95	55411.47
242.00	55392.31
242.05	55387.39
242.10	55378.49
242.15	55358.13
242.20	55346.59
242.25	55342.74
242.30	55329.32
242.35	55320.53
242.40	55316.39
242.45	55320.56
242.50	55310.67
242.55	55309.74
242.60	55302.36
242.65	55304.26
242.70	55306.26
242.75	55335.12
242.80	55369.60
242.85	55404.63
242.91	55420.75
242.96	55416.18
243.01	55389.43
243.06	55357.48
243.11	55324.66
243.16	55306.48
243.21	55308.22
243.26	55327.16
243.31	55335.18
243.36	55344.37
243.41	55358.29
243.46	55352.33
243.51	55315.10
243.56	55270.90
243.61	55218.33
243.66	55171.51
243.71	55141.71
243.76	55135.08
243.81	55157.00
243.86	55163.01
243.91	55167.21
243.96	55163.61
244.01	55145.69
244.06	55114.79
244.12	55105.92
244.17	55085.50
244.22	55089.00
244.27	55112.27
244.32	55133.63
244.37	55148.09
244.42	55163.25
244.47	55151.06
244.52	55129.64
244.57	55091.46
244.62	55065.80
244.67	55042.66
244.72	55023.68
244.77	55014.70
244.82	55048.54
244.87	55083.08
244.92	55108.27
244.97	55123.19
245.02	55125.13
245.07	55099.34
245.12	55072.78
245.17	55051.22
245.22	55053.59
245.27	55043.70
245.32	55007.97
245.37	54968.95
245.42	54925.17
245.47	54880.73
245.52	54840.41
245.57	54827.12
245.62	54802.81
245.67	54789.97
245.72	54772.90
245.77	54749.19
245.82	54727.87
245.87	54731.03
245.92	54737.39
245.98	54726.73
246.03	54726.28
246.08	54738.75
246.13	54740.28
246.18	54746.92
246.23	54749.98
246.28	54750.50
246.33	54733.44
246.38	54696.11
246.43	54657.95
246.48	54635.23
246.53	54630.94
246.58	54645.31
246.63	54657.94
246.68	54655.59
246.73	54647.24
246.78	54611.09
246.83	54555.77
246.88	54501.17
246.93	54449.86
246.98	54400.24
247.03	54380.08
247.08	54363.63
247.13	54359.14
247.18	54359.06
247.23	54371.65
247.28	54367.50
247.33	54349.28
247.38	54320.64
247.43	54299.17
247.48	54279.08
247.53	54249.72
247.58	54219.37
247.63	54198.45
247.68	54158.89
247.73	54104.99
247.78	54066.17
247.83	54039.85
247.88	54018.68
247.93	54013.38
247.98	54016.62
248.03	54022.19
248.08	54030.60
248.13	54027.07
248.18	54013.68
248.23	54005.88
248.28	53974.42
248.33	53936.99
248.38	53898.74
248.43	53876.21
248.48	53851.29
248.53	53836.36
248.58	53821.85
248.63	53823.19
248.68	53798.26
248.73	53776.50
248.78	53746.52
248.83	53697.12
248.88	53628.05
248.93	53563.70
248.98	53480.28
249.03	53434.18
249.08	53412.63
249.13	53403.52
249.18	53405.63
249.23	53415.76
249.28	53406.05
249.33	53400.60
249.38	53386.98
249.43	53374.06
249.48	53354.19
249.53	53341.73
249.58	53310.68
249.63	53283.14
249.68	53261.63
249.73	53245.07
249.78	53222.33
249.83	53225.64
249.88	53205.73
249.93	53188.18
249.98	53175.93
250.03	53168.10
250.08	53137.53
250.13	53129.43
250.18	53106.02
250.23	53062.51
250.28	53011.22
250.33	52959.96
250.37	52917.53
250.42	52874.06
250.47	52851.50
250.52	52839.94
250.57	52818.45
250.62	52789.68
250.67	52768.50
250.72	52745.82
250.77	52702.73
250.82	52677.99
250.87	52674.22
250.92	52653.81
250.97	52627.93
251.02	52625.76
251.07	52629.15
251.12	52598.03
251.17	52572.53
251.22	52547.35
251.27	52508.59
251.32	52461.14
251.37	52413.60
251.42	52360.30
251.47	52319.38
251.52	52292.95
251.57	52267.70
251.62	52257.38
251.67	52252.27
251.72	52231.30
251.77	52201.56
251.82	52162.50
251.87	52125.83
251.92	52078.84
251.97	52022.01
252.02	51968.30
252.07	51939.15
252.12	51923.13
252.16	51916.89
252.21	51919.53
252.26	51930.52
252.31	51929.71
252.36	51913.88
252.41	51891.18
252.46	51883.05
252.51	51845.94
252.56	51817.25
252.61	51783.26
252.66	51763.79
252.71	51732.30
252.76	51718.30
252.81	51671.34
252.86	51615.21
252.91	51560.45
252.96	51494.87
253.01	51420.78
253.06	51360.57
253.11	51318.22
253.16	51267.45
253.21	51216.69
253.26	51177.21
253.31	51152.22
253.36	51131.04
253.40	51111.01
253.45	51105.69
253.50	51072.90
253.55	51032.48
253.60	50982.31
253.65	50939.14
253.70	50895.07
253.75	50877.79
253.80	50857.49
253.85	50854.58
253.90	50864.25
253.95	50863.51
254.00	50863.28
254.05	50850.03
254.10	50812.77
254.15	50773.71
254.20	50736.82
254.25	50702.04
254.30	50678.86
254.35	50639.78
254.39	50568.55
254.44	50494.07
254.49	50412.28
254.54	50365.39
254.59	50334.12
254.64	50328.02
254.69	50334.85
254.74	50333.94
254.79	50315.29
254.84	50287.98
254.89	50267.28
254.94	50246.01
254.99	50228.71
255.04	50206.78
255.09	50196.29
255.14	50168.21
255.19	50144.43
255.23	50138.77
255.28	50128.48
255.33	50114.70
255.38	50109.50
255.43	50096.21
255.48	50064.13
255.53	50023.79
255.58	49990.15
255.63	49951.09
255.68	49907.85
255.73	49863.82
255.78	49831.30
255.83	49809.04
255.88	49789.44
255.93	49757.65
255.97	49735.29
256.02	49706.93
256.07	49660.72
256.12	49596.10
256.17	49544.32
256.22	49490.08
256.27	49433.28
256.32	49384.49
256.37	49357.62
256.42	49340.62
256.47	49319.61
256.52	49302.87
256.57	49281.15
256.62	49262.14
256.66	49245.71
256.71	49214.98
256.76	49177.11
256.81	49133.14
256.86	49083.51
256.91	49036.36
256.96	48991.05
257.01	48953.58
257.06	48936.35
257.11	48899.09
257.16	48851.12
257.21	48819.72
257.26	48783.06
257.30	48732.00
257.35	48698.46
257.40	48672.04
257.45	48653.26
257.50	48625.92
257.55	48602.51
257.60	48582.75
257.65	48559.71
257.70	48520.00
257.75	48477.69
257.80	48444.08
257.85	48408.73
257.89	48363.11
257.94	48305.50
257.99	48249.57
258.04	48191.45
258.09	48144.23
258.14	48102.19
258.19	48088.80
258.24	48074.07
258.29	48036.12
258.34	47993.06
258.39	47959.40
258.44	47895.98
258.48	47840.43
258.53	47813.37
258.58	47773.82
258.63	47725.29
258.68	47688.33
258.73	47655.51
258.78	47607.02
258.83	47569.01
258.88	47532.89
258.93	47495.75
258.97	47462.43
259.02	47438.88
259.07	47412.38
259.12	47392.75
259.17	47384.34
259.22	47364.91
259.27	47343.14
259.32	47320.18
259.37	47276.01
259.42	47239.56
259.47	47203.78
259.51	47152.37
259.56	47092.72
259.61	47024.44
259.66	46938.97
259.71	46857.21
259.76	46796.36
259.81	46732.63
259.86	46699.58
259.91	46667.19
259.95	46640.54
260.00	46609.78
260.05	46596.22
260.10	46575.39
260.15	46551.26
260.20	46543.60
260.25	46536.66
260.30	46524.50
260.35	46495.44
260.40	46474.74
260.44	46444.32
260.49	46424.94
260.54	46387.12
260.59	46368.74
260.64	46356.81
260.69	46352.08
260.74	46315.95
260.79	46282.26
260.84	46240.43
260.88	46188.66
260.93	46105.51
260.98	46066.22
261.03	46016.63
261.08	45984.24
261.13	45942.52
261.18	45913.87
261.23	45854.48
261.28	45822.72
261.32	45772.08
261.37	45732.55
261.42	45693.15
261.47	45674.18
261.52	45627.01
261.57	45591.57
261.62	45547.84
261.67	45499.44
261.71	45427.51
261.76	45390.15
261.81	45330.18
261.86	45273.70
261.91	45232.14
261.96	45199.24
262.01	45154.38
262.06	45135.15
262.10	45126.54
262.15	45109.94
262.20	45092.86
262.25	45077.93
262.30	45057.37
262.35	45029.42
262.40	44997.60
262.45	44965.86
262.49	44934.02
262.54	44896.65
262.59	44859.63
262.64	44833.68
262.69	44795.79
262.74	44749.85
262.79	44693.57
262.84	44647.72
262.88	44602.43
262.93	44553.25
262.98	44510.94
263.03	44474.22
263.08	44418.17
263.13	44346.17
263.18	44288.28
263.23	44232.08
263.27	44182.28
263.32	44154.58
263.37	44133.77
263.42	44109.33
263.47	44081.81
263.52	44063.11
263.57	44024.23
263.61	43981.53
263.66	43945.91
263.71	43910.39
263.76	43869.16
263.81	43823.89
263.86	43794.25
263.91	43748.33
263.95	43687.04
264.00	43631.55
264.05	43586.88
264.10	43522.44
264.15	43463.18
264.20	43426.99
264.25	43387.49
264.29	43343.22
264.34	43288.83
264.39	43258.80
264.44	43206.49
264.49	43157.67
264.54	43115.97
264.59	43089.85
264.63	43040.60
264.68	42991.31
264.73	42932.29
264.78	42874.02
264.83	42821.70
264.88	42774.97
264.93	42752.78
264.97	42732.63
265.02	42716.85
265.07	42691.00
265.12	42650.87
265.17	42603.83
265.22	42564.05
265.27	42503.31
265.31	42442.33
265.36	42387.23
265.41	42323.31
265.46	42253.71
265.51	42183.07
265.56	42124.05
265.60	42070.79
265.65	42022.18
265.70	41973.05
265.75	41922.59
265.80	41863.82
265.85	41800.48
265.90	41736.16
265.94	41674.70
265.99	41616.28
266.04	41574.30
266.09	41536.93
266.14	41505.55
266.19	41478.13
266.23	41454.55
266.28	41405.95
266.33	41367.26
266.38	41337.81
266.43	41309.36
266.48	41287.33
266.52	41268.58
266.57	41235.36
266.62	41192.08
266.67	41142.13
266.72	41091.35
266.77	41059.39
266.81	41036.97
266.86	41007.27
266.91	40979.54
266.96	40935.52
267.01	40896.04
267.06	40837.37
267.10	40783.46
267.15	40727.47
267.20	40697.32
267.25	40656.93
267.30	40627.37
267.35	40599.25
267.39	40565.23
267.44	40522.02
267.49	40474.44
267.54	40424.16
267.59	40370.35
267.64	40314.10
267.68	40253.64
267.73	40198.78
267.78	40156.60
267.83	40130.17
267.88	40122.18
267.93	40120.70
267.97	40109.92
268.02	40076.21
268.07	40029.46
268.12	39970.28
268.17	39901.17
268.21	39847.55
268.26	39801.09
268.31	39754.96
268.36	39713.66
268.41	39672.93
268.46	39625.54
268.50	39590.68
268.55	39547.61
268.60	39484.70
268.65	39429.37
268.70	39354.15
268.74	39293.70
268.79	39221.26
268.84	39169.04
268.89	39115.79
268.94	39087.93
268.99	39036.04
269.03	38997.25
269.08	38943.46
269.13	38875.92
269.18	38796.01
269.23	38695.95
269.27	38583.06
269.32	38460.93
269.37	38338.64
269.42	38202.21
269.47	38067.33
269.51	37932.98
269.56	37800.60
269.61	37669.63
269.66	37517.95
269.71	37363.40
269.76	37215.03
269.80	37054.41
269.85	36892.89
269.90	36757.68
269.95	36616.35
270.00	36458.59
270.04	36315.72
270.09	36173.64
270.14	36022.74
270.19	35885.84
270.24	35756.74
270.28	35602.46
270.33	35432.79
270.38	35262.97
270.43	35091.45
270.48	34910.54
270.52	34755.44
270.57	34597.74
270.62	34434.48
270.67	34277.38
270.72	34126.34
270.76	33948.18
270.81	33783.43
270.86	33613.93
270.91	33441.03
270.96	33267.63
271.00	33111.19
271.05	32957.10
271.10	32824.86
271.15	32685.98
271.20	32558.70
271.24	32419.99
271.29	32280.12
271.34	32126.78
271.39	31981.95
271.44	31831.11
271.48	31698.26
271.53	31549.45
271.58	31405.34
271.63	31260.21
271.67	31117.41
271.72	30971.02
271.77	30834.25
271.82	30695.66
271.87	30557.53
271.91	30399.15
271.96	30251.90
272.01	30114.78
272.06	29983.78
272.11	29861.41
272.15	29758.99
272.20	29657.51
272.25	29558.14
272.30	29452.35
272.35	29345.73
272.39	29234.90
272.44	29114.02
272.49	28977.58
272.54	28844.39
272.58	28695.48
272.63	28544.71
272.68	28393.29
272.73	28239.53
272.78	28060.53
272.82	27862.52
272.87	27641.39
272.92	27348.67
272.97	26820.38
273.01	23867.58
273.06	18925.48
273.11	13477.98
273.16	8134.07
273.21	3062.44
273.25	463.47
273.30	-88.41
273.35	-89.41
