165.32	3379.58
165.38	-247.18
165.44	595.87
165.50	-77.78
165.55	-19.82
165.61	1.97
165.67	29.28
165.72	38.04
165.78	43.37
165.84	41.72
165.89	38.76
165.95	37.23
166.01	36.34
166.06	37.92
166.12	40.57
166.18	38.75
166.23	40.38
166.29	39.82
166.35	36.39
166.40	35.21
166.46	41.44
166.52	44.56
166.57	45.31
166.63	45.83
166.69	48.36
166.74	42.36
166.80	42.52
166.86	44.71
166.91	45.40
166.97	39.64
167.03	42.24
167.08	36.64
167.14	36.05
167.20	34.31
167.25	46.78
167.31	47.39
167.37	52.87
167.42	53.90
167.48	59.48
167.54	54.32
167.59	53.51
167.65	48.91
167.71	49.22
167.76	48.50
167.82	43.53
167.88	43.18
167.93	50.92
167.99	49.63
168.05	51.60
168.10	59.73
168.16	59.41
168.21	57.22
168.27	61.83
168.33	63.83
168.38	56.24
168.44	61.06
168.50	59.83
168.55	58.25
168.61	58.98
168.67	61.35
168.72	58.12
168.78	58.28
168.84	54.15
168.89	52.83
168.95	53.61
169.01	53.02
169.06	52.52
169.12	51.82
169.18	49.64
169.23	49.55
169.29	54.28
169.34	59.01
169.40	61.90
169.46	66.20
169.51	67.84
169.57	62.71
169.63	58.34
169.68	63.17
169.74	59.46
169.80	65.42
169.85	67.25
169.91	71.27
169.97	67.03
170.02	67.21
170.08	66.21
170.13	66.45
170.19	66.08
170.25	67.84
170.30	71.67
170.36	63.06
170.42	65.00
170.47	66.18
170.53	67.98
170.59	65.25
170.64	69.48
170.70	67.82
170.76	65.26
170.81	66.92
170.87	66.27
170.92	66.92
170.98	69.93
171.04	72.19
171.09	67.80
171.15	75.04
171.21	76.23
171.26	73.12
171.32	70.46
171.37	74.18
171.43	68.86
171.49	73.12
171.54	76.52
171.60	78.22
171.66	79.86
171.71	80.72
171.77	78.43
171.83	84.25
171.88	83.41
171.94	83.07
171.99	87.43
172.05	86.57
172.11	87.77
172.16	96.26
172.22	96.79
172.28	96.80
172.33	94.85
172.39	90.90
172.44	87.70
172.50	92.56
172.56	92.17
172.61	100.14
172.67	100.40
172.72	100.31
172.78	95.72
172.84	90.53
172.89	84.03
172.95	83.32
173.01	84.51
173.06	82.90
173.12	88.83
173.17	90.06
173.23	89.75
173.29	89.87
173.34	91.30
173.40	85.92
173.46	86.70
173.51	89.37
173.57	89.21
173.62	84.01
173.68	90.14
173.74	88.60
173.79	89.66
173.85	86.54
173.90	89.10
173.96	85.64
174.02	83.20
174.07	75.40
174.13	75.01
174.18	77.41
174.24	70.92
174.30	71.32
174.35	76.82
174.41	73.50
174.47	67.47
174.52	68.54
174.58	67.61
174.63	62.83
174.69	62.38
174.75	63.90
174.80	75.11
174.86	72.02
174.91	73.10
174.97	72.53
175.03	70.43
175.08	58.11
175.14	65.00
175.19	60.99
175.25	61.73
175.31	66.37
175.36	67.69
175.42	64.72
175.47	69.35
175.53	69.65
175.59	65.31
175.64	67.43
175.70	65.72
175.75	61.16
175.81	59.37
175.87	60.90
175.92	56.85
175.98	58.24
176.03	58.18
176.09	58.77
176.15	58.65
176.20	59.45
176.26	59.38
176.31	63.13
176.37	60.95
176.42	61.96
176.48	66.01
176.54	63.75
176.59	60.47
176.65	63.24
176.70	64.73
176.76	63.68
176.82	61.53
176.87	58.18
176.93	57.99
176.98	56.65
177.04	51.66
177.10	56.28
177.15	58.20
177.21	58.61
177.26	57.52
177.32	61.75
177.37	63.66
177.43	67.32
177.49	64.30
177.54	61.61
177.60	61.60
177.65	61.73
177.71	56.39
177.77	59.29
177.82	61.50
177.88	65.01
177.93	60.45
177.99	66.93
178.04	62.81
178.10	63.10
178.16	56.72
178.21	58.40
178.27	55.48
178.32	59.74
178.38	58.72
178.43	60.19
178.49	59.93
178.55	58.97
178.60	57.42
178.66	56.81
178.71	58.46
178.77	56.29
178.82	57.47
178.88	57.26
178.94	57.42
178.99	58.16
179.05	62.11
179.10	57.90
179.16	60.65
179.21	62.80
179.27	61.97
179.33	58.10
179.38	61.96
179.44	59.89
179.49	60.56
179.55	58.90
179.60	59.26
179.66	58.25
179.72	60.44
179.77	57.42
179.83	55.57
179.88	56.86
179.94	58.40
179.99	54.72
180.05	55.42
180.11	56.45
180.16	58.84
180.22	61.04
180.27	66.04
180.33	66.39
180.38	71.03
180.44	66.66
180.49	66.51
180.55	64.68
180.61	69.28
180.66	63.74
180.72	62.24
180.77	60.12
180.83	59.75
180.88	56.40
180.94	56.48
180.99	59.69
181.05	60.08
181.11	60.94
181.16	61.36
181.22	62.66
181.27	65.50
181.33	63.82
181.38	60.88
181.44	62.32
181.49	66.53
181.55	66.71
181.61	72.85
181.66	75.42
181.72	72.93
181.77	70.33
181.83	68.11
181.88	73.70
181.94	75.84
181.99	80.86
182.05	81.66
182.11	82.96
182.16	73.54
182.22	71.18
182.27	67.05
182.33	69.48
182.38	68.96
182.44	74.02
182.49	76.35
182.55	78.49
182.60	78.06
182.66	81.37
182.72	83.76
182.77	85.94
182.83	89.45
182.88	92.42
182.94	93.41
182.99	90.71
183.05	88.98
183.10	90.93
183.16	90.50
183.21	92.20
183.27	99.73
183.32	103.89
183.38	107.46
183.44	114.06
183.49	119.62
183.55	121.07
183.60	128.24
183.66	134.04
183.71	143.85
183.77	151.59
183.82	161.58
183.88	173.30
183.93	185.41
183.99	199.34
184.04	216.19
184.10	229.16
184.15	241.11
184.21	255.13
184.27	257.57
184.32	258.25
184.38	255.63
184.43	251.26
184.49	233.59
184.54	215.46
184.60	205.13
184.65	190.73
184.71	180.92
184.76	182.90
184.82	200.60
184.87	218.14
184.93	244.80
184.98	273.23
185.04	305.25
185.09	330.33
185.15	356.46
185.20	388.50
185.26	423.79
185.31	453.14
185.37	482.11
185.43	503.92
185.48	523.97
185.54	546.59
185.59	572.35
185.65	598.03
185.70	638.55
185.76	684.24
185.81	718.84
185.87	756.28
185.92	801.08
185.98	836.89
186.03	853.83
186.09	857.35
186.14	832.82
186.20	778.20
186.25	691.27
186.31	603.90
186.36	535.34
186.42	504.92
186.47	514.75
186.53	563.22
186.58	634.50
186.64	709.81
186.69	783.84
186.75	845.23
186.80	903.96
186.86	961.70
186.91	1021.52
186.97	1075.11
187.02	1145.32
187.08	1211.20
187.13	1268.90
187.19	1329.70
187.24	1392.04
187.30	1432.09
187.35	1474.61
187.41	1528.97
187.47	1581.72
187.52	1628.33
187.58	1687.98
187.63	1763.03
187.69	1838.22
187.74	1905.83
187.80	1965.55
187.85	2014.66
187.91	2035.96
187.96	2023.26
188.02	1963.23
188.07	1861.37
188.13	1710.85
188.18	1550.61
188.24	1432.36
188.29	1375.76
188.35	1387.59
188.40	1469.90
188.46	1598.06
188.51	1725.08
188.57	1853.92
188.62	1979.31
188.67	2096.77
188.73	2207.95
188.78	2315.50
188.84	2420.43
188.89	2523.11
188.95	2629.07
189.00	2719.54
189.06	2817.12
189.11	2911.86
189.17	2995.32
189.22	3068.97
189.28	3157.64
189.33	3233.51
189.39	3297.94
189.44	3365.77
189.50	3440.00
189.55	3509.44
189.61	3563.04
189.66	3623.61
189.72	3680.85
189.77	3730.97
189.83	3756.08
189.88	3766.72
189.94	3731.56
189.99	3648.25
190.05	3492.05
190.10	3271.50
190.16	3013.94
190.21	2790.39
190.27	2644.48
190.32	2601.59
190.38	2663.73
190.43	2808.27
190.49	2980.44
190.54	3126.08
190.60	3254.05
190.65	3363.18
190.71	3456.35
190.76	3542.13
190.81	3637.26
190.87	3736.15
190.92	3856.39
190.98	3986.21
191.03	4124.75
191.09	4266.88
191.14	4391.34
191.20	4489.52
191.25	4592.90
191.31	4694.43
191.36	4797.39
191.42	4909.75
191.47	5038.04
191.53	5158.79
191.58	5261.11
191.64	5342.76
191.69	5415.63
191.75	5460.36
191.80	5496.55
191.85	5516.92
191.91	5535.84
191.96	5556.38
192.02	5588.92
192.07	5600.10
192.13	5595.63
192.18	5549.06
192.24	5431.24
192.29	5234.96
192.35	5008.97
192.40	4824.95
192.46	4716.05
192.51	4709.28
192.57	4803.54
192.62	4981.69
192.67	5166.97
192.73	5347.01
192.78	5511.39
192.84	5664.19
192.89	5801.27
192.95	5932.03
193.00	6048.00
193.06	6157.95
193.11	6265.81
193.17	6355.59
193.22	6440.00
193.28	6529.52
193.33	6606.27
193.38	6674.41
193.44	6747.09
193.49	6820.69
193.55	6880.57
193.60	6940.96
193.66	6995.36
193.71	7040.49
193.77	7065.00
193.82	7081.90
193.88	7095.51
193.93	7118.83
193.98	7142.52
194.04	7183.44
194.09	7233.01
194.15	7287.36
194.20	7331.83
194.26	7373.30
194.31	7413.77
194.37	7436.67
194.42	7444.45
194.47	7432.06
194.53	7390.16
194.58	7298.45
194.64	7189.91
194.69	7088.32
194.75	7018.72
194.80	7001.51
194.86	7042.89
194.91	7133.27
194.97	7241.77
195.02	7352.61
195.07	7455.96
195.13	7555.75
195.18	7665.92
195.24	7764.16
195.29	7862.95
195.35	7952.84
195.40	8047.23
195.46	8115.16
195.51	8201.79
195.56	8285.07
195.62	8373.16
195.67	8450.60
195.73	8531.05
195.78	8587.59
195.84	8632.42
195.89	8660.15
195.94	8692.02
196.00	8722.89
196.05	8763.14
196.11	8814.85
196.16	8876.72
196.22	8934.59
196.27	8999.29
196.32	9058.04
196.38	9107.43
196.43	9156.15
196.49	9198.03
196.54	9236.66
196.60	9281.31
196.65	9324.28
196.71	9368.44
196.76	9416.10
196.81	9452.72
196.87	9483.56
196.92	9514.00
196.98	9531.69
197.03	9542.08
197.09	9538.63
197.14	9531.50
197.19	9528.84
197.25	9541.83
197.30	9566.93
197.36	9617.97
197.41	9682.82
197.47	9747.74
197.52	9810.12
197.57	9873.47
197.63	9929.31
197.68	9982.67
197.74	10035.10
197.79	10080.41
197.84	10125.02
197.90	10173.41
197.95	10211.42
198.01	10252.98
198.06	10299.22
198.12	10344.31
198.17	10378.72
198.22	10420.60
198.28	10456.24
198.33	10496.22
198.39	10532.95
198.44	10584.11
198.49	10633.84
198.55	10681.18
198.60	10725.24
198.66	10770.80
198.71	10818.11
198.77	10863.09
198.82	10914.85
198.87	10966.64
198.93	11011.56
198.98	11055.51
199.04	11105.18
199.09	11145.89
199.14	11189.31
199.20	11233.71
199.25	11271.93
199.31	11309.56
199.36	11353.46
199.42	11392.29
199.47	11435.45
199.52	11478.86
199.58	11519.40
199.63	11550.89
199.69	11586.88
199.74	11619.63
199.79	11643.98
199.85	11669.11
199.90	11711.48
199.96	11746.64
200.01	11790.43
200.06	11843.20
200.12	11892.80
200.17	11940.09
200.23	11995.44
200.28	12040.96
200.33	12094.43
200.39	12139.35
200.44	12182.16
200.50	12221.02
200.55	12261.87
200.60	12293.96
200.66	12336.21
200.71	12368.61
200.77	12408.68
200.82	12449.38
200.87	12492.71
200.93	12527.99
200.98	12573.48
201.04	12614.36
201.09	12658.87
201.14	12710.09
201.20	12762.24
201.25	12816.43
201.31	12869.32
201.36	12931.38
201.41	12983.15
201.47	13044.28
201.52	13096.62
201.58	13156.44
201.63	13204.14
201.68	13246.92
201.74	13288.96
201.79	13336.13
201.84	13387.26
201.90	13431.43
201.95	13487.09
202.01	13544.48
202.06	13597.74
202.11	13636.93
202.17	13681.98
202.22	13727.72
202.28	13767.68
202.33	13806.05
202.38	13847.04
202.44	13894.15
202.49	13939.53
202.54	13988.48
202.60	14036.52
202.65	14082.14
202.71	14126.79
202.76	14162.98
202.81	14198.94
202.87	14248.53
202.92	14299.61
202.98	14353.53
203.03	14411.62
203.08	14469.75
203.14	14522.61
203.19	14578.71
203.24	14632.54
203.30	14682.34
203.35	14733.47
203.41	14783.66
203.46	14829.14
203.51	14867.48
203.57	14912.46
203.62	14959.62
203.67	15006.35
203.73	15048.35
203.78	15096.53
203.84	15147.68
203.89	15187.81
203.94	15226.21
204.00	15268.91
204.05	15307.32
204.10	15334.72
204.16	15359.95
204.21	15388.73
204.27	15407.97
204.32	15415.34
204.37	15421.76
204.43	15416.56
204.48	15399.18
204.53	15387.52
204.59	15406.64
204.64	15463.41
204.69	15559.53
204.75	15676.87
204.80	15808.63
204.86	15920.57
204.91	15998.23
204.96	16060.46
205.02	16095.04
205.07	16128.60
205.12	16185.05
205.18	16259.38
205.23	16344.15
205.28	16457.45
205.34	16564.83
205.39	16655.17
205.45	16733.22
205.50	16801.71
205.55	16859.52
205.61	16913.73
205.66	16966.58
205.71	17029.96
205.77	17086.06
205.82	17144.18
205.87	17203.24
205.93	17258.47
205.98	17303.81
206.03	17348.16
206.09	17393.97
206.14	17443.80
206.20	17496.36
206.25	17554.63
206.30	17619.59
206.36	17674.12
206.41	17735.87
206.46	17792.78
206.52	17839.77
206.57	17888.29
206.62	17938.86
206.68	17980.09
206.73	18029.10
206.78	18086.89
206.84	18140.96
206.89	18195.80
206.94	18256.92
207.00	18327.28
207.05	18392.48
207.11	18455.99
207.16	18516.50
207.21	18583.68
207.27	18637.22
207.32	18690.06
207.37	18746.40
207.43	18804.04
207.48	18843.36
207.53	18893.20
207.59	18949.02
207.64	19006.43
207.69	19075.13
207.75	19148.59
207.80	19210.66
207.85	19268.32
207.91	19322.44
207.96	19376.68
208.01	19434.12
208.07	19494.99
208.12	19561.52
208.17	19616.77
208.23	19663.53
208.28	19712.91
208.33	19766.19
208.39	19822.26
208.44	19885.71
208.49	19953.72
208.55	20016.30
208.60	20074.10
208.65	20120.14
208.71	20172.86
208.76	20223.86
208.81	20279.60
208.87	20342.55
208.92	20403.31
208.97	20464.21
209.03	20524.96
209.08	20586.87
209.13	20644.02
209.19	20709.51
209.24	20767.86
209.29	20831.04
209.35	20885.38
209.40	20951.80
209.45	21014.00
209.51	21077.77
209.56	21142.41
209.61	21208.66
209.67	21271.37
209.72	21334.61
209.77	21393.52
209.83	21451.04
209.88	21523.07
209.93	21578.07
209.99	21636.84
210.04	21708.30
210.09	21776.55
210.15	21829.32
210.20	21895.02
210.25	21961.30
210.31	22023.26
210.36	22071.85
210.41	22124.27
210.46	22184.21
210.52	22233.48
210.57	22280.24
210.62	22343.74
210.68	22410.63
210.73	22459.76
210.78	22522.37
210.84	22587.18
210.89	22651.65
210.94	22708.58
211.00	22772.77
211.05	22820.65
211.10	22880.90
211.16	22932.62
211.21	22996.68
211.26	23058.86
211.32	23140.56
211.37	23213.66
211.42	23283.24
211.47	23353.83
211.53	23421.83
211.58	23480.29
211.63	23532.52
211.69	23590.49
211.74	23640.34
211.79	23690.41
211.85	23745.86
211.90	23813.33
211.95	23878.19
212.01	23948.64
212.06	24030.30
212.11	24103.77
212.16	24174.98
212.22	24248.15
212.27	24313.13
212.32	24372.68
212.38	24438.23
212.43	24493.22
212.48	24552.96
212.54	24621.44
212.59	24694.19
212.64	24768.87
212.69	24839.73
212.75	24906.68
212.80	24972.93
212.85	25033.81
212.91	25079.38
212.96	25136.77
213.01	25205.37
213.07	25263.01
213.12	25324.53
213.17	25393.02
213.22	25457.02
213.28	25511.80
213.33	25564.04
213.38	25611.92
213.44	25669.58
213.49	25733.32
213.54	25805.28
213.60	25894.67
213.65	25977.96
213.70	26058.60
213.75	26128.55
213.81	26182.40
213.86	26229.44
213.91	26283.93
213.97	26322.08
214.02	26363.07
214.07	26407.97
214.12	26445.26
214.18	26477.94
214.23	26526.11
214.28	26563.74
214.34	26593.14
214.39	26620.06
214.44	26626.20
214.49	26602.21
214.55	26567.23
214.60	26506.86
214.65	26428.59
214.71	26360.57
214.76	26368.27
214.81	26446.53
214.86	26614.40
214.92	26825.84
214.97	27056.81
215.02	27243.46
215.08	27367.99
215.13	27445.32
215.18	27484.53
215.23	27502.52
215.29	27532.81
215.34	27616.08
215.39	27713.11
215.45	27860.29
215.50	28033.37
215.55	28201.62
215.60	28327.65
215.66	28420.66
215.71	28492.59
215.76	28562.40
215.81	28614.09
215.87	28671.97
215.92	28738.32
215.97	28797.64
216.03	28858.42
216.08	28919.07
216.13	28983.51
216.18	29045.72
216.24	29110.58
216.29	29163.61
216.34	29221.36
216.39	29276.84
216.45	29342.98
216.50	29394.75
216.55	29453.35
216.61	29522.53
216.66	29575.92
216.71	29630.71
216.76	29694.37
216.82	29770.15
216.87	29832.79
216.92	29918.13
216.97	29988.11
217.03	30066.17
217.08	30134.17
217.13	30217.35
217.18	30283.45
217.24	30357.08
217.29	30418.15
217.34	30470.21
217.39	30506.48
217.45	30552.02
217.50	30601.46
217.55	30666.06
217.61	30735.92
217.66	30804.89
217.71	30873.08
217.76	30951.68
217.82	31027.46
217.87	31099.78
217.92	31174.24
217.97	31244.76
218.03	31299.65
218.08	31344.11
218.13	31388.50
218.18	31441.77
218.24	31514.15
218.29	31571.45
218.34	31637.68
218.39	31706.09
218.45	31771.13
218.50	31817.01
218.55	31887.10
218.60	31949.25
218.66	32001.93
218.71	32064.74
218.76	32132.68
218.81	32196.48
218.87	32260.35
218.92	32334.26
218.97	32409.16
219.02	32477.45
219.08	32549.05
219.13	32625.11
219.18	32684.20
219.23	32741.04
219.29	32806.58
219.34	32861.25
219.39	32918.56
219.44	32988.33
219.50	33048.62
219.55	33103.92
219.60	33168.76
219.65	33237.51
219.71	33299.93
219.76	33352.30
219.81	33408.66
219.86	33463.71
219.92	33512.69
219.97	33573.62
220.02	33633.80
220.07	33689.20
220.13	33750.00
220.18	33813.36
220.23	33880.35
220.28	33964.23
220.33	34042.94
220.39	34105.17
220.44	34168.15
220.49	34215.04
220.54	34256.83
220.60	34313.28
220.65	34378.03
220.70	34443.04
220.75	34520.25
220.81	34605.80
220.86	34683.24
220.91	34758.15
220.96	34828.25
221.02	34896.87
221.07	34960.93
221.12	35016.76
221.17	35068.09
221.22	35124.45
221.28	35190.09
221.33	35250.76
221.38	35315.61
221.43	35390.64
221.49	35451.51
221.54	35510.78
221.59	35573.96
221.64	35655.97
221.69	35743.86
221.75	35852.16
221.80	35949.55
221.85	36025.89
221.90	36086.57
221.96	36147.55
222.01	36174.39
222.06	36202.44
222.11	36252.81
222.17	36299.91
222.22	36329.83
222.27	36385.59
222.32	36439.78
222.37	36491.21
222.43	36554.37
222.48	36621.31
222.53	36692.87
222.58	36769.68
222.63	36838.76
222.69	36901.83
222.74	36975.88
222.79	37039.37
222.84	37091.01
222.90	37143.51
222.95	37200.95
223.00	37238.40
223.05	37288.25
223.10	37345.36
223.16	37406.79
223.21	37450.00
223.26	37500.32
223.31	37540.77
223.36	37573.52
223.42	37611.37
223.47	37646.89
223.52	37689.15
223.57	37734.04
223.63	37793.80
223.68	37844.50
223.73	37918.34
223.78	37994.14
223.83	38068.33
223.89	38119.99
223.94	38185.60
223.99	38252.39
224.04	38323.47
224.09	38395.10
224.15	38492.37
224.20	38577.35
224.25	38667.42
224.30	38757.31
224.35	38845.87
224.41	38945.85
224.46	39045.86
224.51	39119.97
224.56	39193.47
224.61	39272.96
224.67	39340.00
224.72	39409.56
224.77	39508.27
224.82	39606.06
224.87	39693.97
224.93	39769.63
224.98	39860.36
225.03	39937.54
225.08	40015.02
225.13	40097.92
225.19	40187.41
225.24	40270.33
225.29	40344.59
225.34	40419.96
225.39	40492.13
225.45	40576.16
225.50	40641.31
225.55	40716.22
225.60	40787.54
225.65	40861.05
225.71	40918.51
225.76	40974.08
225.81	41018.95
225.86	41059.11
225.91	41088.63
225.97	41104.65
226.02	41107.08
226.07	41091.08
226.12	41085.48
226.17	41121.12
226.22	41214.92
226.28	41372.16
226.33	41583.15
226.38	41782.90
226.43	41947.91
226.48	42058.84
226.54	42125.41
226.59	42172.08
226.64	42212.50
226.69	42234.42
226.74	42284.31
226.80	42350.30
226.85	42424.61
226.90	42522.94
226.95	42666.16
227.00	42797.10
227.05	42934.15
227.11	43063.42
227.16	43177.12
227.21	43264.58
227.26	43357.50
227.31	43430.42
227.37	43477.09
227.42	43549.73
227.47	43626.37
227.52	43693.31
227.57	43758.97
227.62	43848.06
227.68	43917.75
227.73	43995.65
227.78	44076.71
227.83	44163.24
227.88	44241.99
227.93	44318.66
227.99	44393.66
228.04	44469.98
228.09	44552.15
228.14	44622.61
228.19	44691.24
228.24	44753.08
228.30	44819.16
228.35	44875.14
228.40	44944.14
228.45	45005.69
228.50	45079.46
228.56	45140.06
228.61	45199.74
228.66	45249.58
228.71	45312.36
228.76	45355.80
228.81	45403.11
228.87	45448.00
228.92	45510.43
228.97	45566.99
229.02	45650.92
229.07	45721.18
229.12	45818.29
229.17	45902.51
229.23	45982.65
229.28	46064.71
229.33	46155.89
229.38	46229.41
229.43	46295.96
229.48	46376.04
229.54	46441.18
229.59	46506.61
229.64	46574.76
229.69	46660.47
229.74	46751.72
229.79	46812.33
229.85	46878.89
229.90	46945.63
229.95	47005.33
230.00	47053.12
230.05	47134.98
230.10	47208.98
230.16	47277.71
230.21	47336.49
230.26	47393.68
230.31	47429.65
230.36	47482.19
230.41	47543.41
230.46	47638.13
230.52	47734.01
230.57	47824.69
230.62	47913.33
230.67	47984.66
230.72	48030.71
230.77	48070.35
230.82	48121.70
230.88	48158.93
230.93	48203.40
230.98	48243.21
231.03	48296.13
231.08	48348.78
231.13	48406.06
231.19	48471.23
231.24	48549.13
231.29	48627.33
231.34	48701.14
231.39	48773.00
231.44	48844.58
231.49	48894.14
231.55	48933.29
231.60	48976.24
231.65	49029.51
231.70	49077.95
231.75	49125.16
231.80	49177.62
231.85	49244.51
231.91	49289.13
231.96	49331.06
232.01	49397.89
232.06	49461.42
232.11	49518.79
232.16	49596.76
232.21	49688.56
232.26	49778.14
232.32	49858.57
232.37	49933.17
232.42	49998.01
232.47	50035.30
232.52	50074.80
232.57	50125.31
232.62	50180.47
232.68	50241.81
232.73	50323.73
232.78	50406.52
232.83	50486.05
232.88	50560.51
232.93	50632.62
232.98	50694.54
233.03	50743.02
233.09	50805.14
233.14	50870.39
233.19	50932.43
233.24	50987.75
233.29	51046.11
233.34	51077.31
233.39	51094.02
233.45	51120.95
233.50	51159.79
233.55	51200.46
233.60	51269.20
233.65	51335.65
233.70	51397.04
233.75	51440.13
233.80	51487.55
233.86	51535.32
233.91	51583.59
233.96	51623.76
234.01	51693.70
234.06	51758.01
234.11	51810.13
234.16	51872.26
234.21	51941.77
234.26	51976.40
234.32	52005.60
234.37	52047.89
234.42	52090.32
234.47	52107.16
234.52	52142.99
234.57	52189.36
234.62	52222.45
234.67	52258.54
234.73	52317.93
234.78	52376.26
234.83	52425.53
234.88	52475.23
234.93	52516.61
234.98	52559.41
235.03	52600.41
235.08	52661.67
235.13	52717.65
235.19	52784.86
235.24	52844.39
235.29	52912.99
235.34	52953.83
235.39	52989.67
235.44	53019.00
235.49	53057.97
235.54	53078.79
235.59	53106.93
235.65	53144.31
235.70	53176.72
235.75	53210.20
235.80	53272.69
235.85	53325.10
235.90	53373.31
235.95	53412.09
236.00	53441.83
236.05	53460.61
236.11	53491.90
236.16	53519.41
236.21	53557.11
236.26	53595.34
236.31	53619.95
236.36	53632.83
236.41	53647.09
236.46	53660.14
236.51	53675.21
236.56	53705.74
236.62	53734.93
236.67	53770.16
236.72	53813.21
236.77	53834.93
236.82	53868.95
236.87	53901.81
236.92	53928.19
236.97	53961.14
237.02	54015.99
237.07	54069.26
237.13	54129.78
237.18	54183.90
237.23	54231.35
237.28	54270.19
237.33	54298.03
237.38	54311.06
237.43	54335.99
237.48	54343.09
237.53	54371.35
237.58	54398.68
237.63	54452.95
237.69	54501.89
237.74	54553.12
237.79	54583.93
237.84	54592.62
237.89	54588.57
237.94	54589.04
237.99	54610.59
238.04	54632.79
238.09	54657.99
238.14	54686.73
238.19	54712.35
238.25	54720.13
238.30	54716.85
238.35	54728.18
238.40	54730.36
238.45	54729.73
238.50	54735.66
238.55	54748.82
238.60	54768.09
238.65	54790.14
238.70	54810.87
238.75	54824.64
238.80	54854.39
238.86	54868.68
238.91	54889.36
238.96	54917.51
239.01	54956.65
239.06	54979.18
239.11	55005.86
239.16	55027.57
239.21	55029.49
239.26	55020.36
239.31	55031.61
239.36	55040.48
239.41	55056.87
239.46	55085.55
239.52	55119.19
239.57	55139.49
239.62	55158.95
239.67	55181.81
239.72	55206.11
239.77	55224.76
239.82	55237.02
239.87	55243.22
239.92	55251.29
239.97	55248.34
240.02	55235.61
240.07	55223.33
240.12	55226.16
240.17	55226.47
240.23	55219.97
240.28	55227.83
240.33	55248.20
240.38	55240.08
240.43	55235.66
240.48	55253.69
240.53	55273.68
240.58	55297.45
240.63	55333.59
240.68	55343.09
240.73	55340.26
240.78	55332.66
240.83	55316.13
240.88	55300.27
240.93	55297.16
240.98	55296.42
241.04	55324.02
241.09	55346.90
241.14	55366.01
241.19	55411.25
241.24	55436.03
241.29	55446.76
241.34	55461.61
241.39	55486.05
241.44	55487.48
241.49	55497.88
241.54	55493.86
241.59	55492.51
241.64	55479.77
241.69	55466.68
241.74	55451.76
241.79	55441.76
241.84	55418.71
241.90	55406.42
241.95	55378.33
242.00	55351.73
242.05	55321.95
242.10	55312.38
242.15	55292.36
242.20	55285.11
242.25	55283.57
242.30	55284.09
242.35	55278.74
242.40	55277.50
242.45	55271.20
242.50	55267.99
242.55	55267.76
242.60	55258.07
242.65	55260.60
242.70	55269.29
242.75	55293.04
242.80	55335.88
242.85	55372.67
242.91	55382.90
242.96	55382.21
243.01	55366.84
243.06	55336.41
243.11	55304.75
243.16	55286.07
243.21	55280.99
243.26	55284.15
243.31	55283.73
243.36	55293.58
243.41	55303.88
243.46	55304.79
243.51	55270.67
243.56	55221.49
243.61	55170.87
243.66	55137.95
243.71	55105.35
243.76	55107.64
243.81	55130.51
243.86	55132.36
243.91	55133.16
243.96	55125.63
244.01	55106.13
244.06	55078.84
244.12	55069.48
244.17	55051.50
244.22	55058.46
244.27	55084.76
244.32	55107.96
244.37	55126.32
244.42	55131.05
244.47	55117.79
244.52	55090.49
244.57	55062.72
244.62	55038.09
244.67	55014.40
244.72	54998.89
244.77	54987.96
244.82	55000.85
244.87	55028.99
244.92	55061.29
244.97	55078.11
245.02	55080.16
245.07	55059.54
245.12	55033.95
245.17	55015.64
245.22	55014.40
245.27	55009.45
245.32	54975.43
245.37	54935.72
245.42	54891.09
245.47	54836.69
245.52	54790.71
245.57	54774.67
245.62	54756.40
245.67	54741.63
245.72	54731.63
245.77	54715.67
245.82	54700.58
245.87	54703.81
245.92	54715.86
245.98	54706.21
246.03	54703.08
246.08	54708.83
246.13	54701.85
246.18	54694.51
246.23	54700.61
246.28	54695.94
246.33	54686.39
246.38	54663.30
246.43	54629.27
246.48	54604.35
246.53	54606.55
246.58	54610.09
246.63	54613.08
246.68	54611.66
246.73	54599.88
246.78	54567.25
246.83	54509.71
246.88	54456.21
246.93	54403.43
246.98	54352.23
247.03	54321.84
247.08	54309.27
247.13	54304.68
247.18	54311.55
247.23	54334.47
247.28	54331.17
247.33	54314.38
247.38	54289.33
247.43	54271.85
247.48	54253.66
247.53	54230.33
247.58	54202.95
247.63	54181.48
247.68	54136.77
247.73	54070.69
247.78	54034.86
247.83	54005.04
247.88	53974.41
247.93	53972.73
247.98	53976.35
248.03	53982.47
248.08	54000.02
248.13	54001.38
248.18	53977.96
248.23	53966.64
248.28	53934.82
248.33	53888.92
248.38	53860.09
248.43	53836.07
248.48	53817.38
248.53	53803.57
248.58	53786.27
248.63	53776.05
248.68	53764.24
248.73	53739.31
248.78	53702.35
248.83	53661.41
248.88	53591.67
248.93	53522.53
248.98	53450.56
249.03	53406.52
249.08	53382.95
249.13	53378.03
249.18	53369.23
249.23	53382.65
249.28	53379.58
249.33	53376.60
249.38	53375.21
249.43	53362.82
249.48	53336.33
249.53	53316.78
249.58	53285.49
249.63	53253.79
249.68	53236.45
249.73	53217.10
249.78	53194.26
249.83	53195.40
249.88	53172.14
249.93	53163.31
249.98	53155.64
250.03	53152.23
250.08	53111.60
250.13	53099.53
250.18	53070.78
250.23	53022.07
250.28	52968.78
250.33	52924.97
250.37	52887.26
250.42	52842.91
250.47	52818.68
250.52	52802.07
250.57	52780.11
250.62	52731.88
250.67	52706.70
250.72	52679.42
250.77	52633.48
250.82	52618.13
250.87	52622.10
250.92	52608.95
250.97	52590.32
251.02	52593.70
251.07	52589.31
251.12	52567.59
251.17	52545.84
251.22	52522.57
251.27	52482.98
251.32	52431.47
251.37	52382.23
251.42	52325.21
251.47	52281.33
251.52	52257.98
251.57	52242.36
251.62	52233.64
251.67	52228.28
251.72	52210.79
251.77	52172.73
251.82	52133.85
251.87	52085.08
251.92	52037.28
251.97	51983.94
252.02	51941.13
252.07	51910.00
252.12	51894.84
252.16	51881.24
252.21	51884.73
252.26	51889.75
252.31	51887.25
252.36	51880.09
252.41	51868.46
252.46	51843.01
252.51	51813.35
252.56	51775.27
252.61	51741.06
252.66	51707.09
252.71	51689.13
252.76	51661.12
252.81	51619.54
252.86	51571.23
252.91	51533.70
252.96	51464.09
253.01	51395.02
253.06	51344.39
253.11	51301.47
253.16	51251.40
253.21	51207.28
253.26	51165.72
253.31	51136.43
253.36	51106.76
253.40	51083.17
253.45	51073.55
253.50	51037.08
253.55	50992.63
253.60	50943.71
253.65	50896.62
253.70	50853.06
253.75	50845.63
253.80	50834.22
253.85	50836.44
253.90	50839.21
253.95	50832.53
254.00	50830.96
254.05	50809.16
254.10	50766.95
254.15	50729.18
254.20	50705.01
254.25	50663.08
254.30	50633.08
254.35	50592.99
254.39	50521.61
254.44	50435.72
254.49	50353.26
254.54	50325.54
254.59	50301.63
254.64	50299.86
254.69	50299.58
254.74	50308.67
254.79	50275.68
254.84	50236.47
254.89	50209.29
254.94	50194.25
254.99	50179.55
255.04	50158.23
255.09	50154.72
255.14	50137.50
255.19	50126.83
255.23	50119.02
255.28	50109.80
255.33	50097.78
255.38	50090.81
255.43	50069.60
255.48	50035.08
255.53	49990.58
255.58	49958.50
255.63	49919.48
255.68	49877.70
255.73	49836.71
255.78	49807.79
255.83	49781.78
255.88	49763.28
255.93	49731.45
255.97	49709.47
256.02	49681.00
256.07	49635.83
256.12	49562.31
256.17	49518.73
256.22	49464.01
256.27	49414.53
256.32	49373.08
256.37	49350.25
256.42	49327.18
256.47	49305.03
256.52	49280.21
256.57	49250.66
256.62	49242.98
256.66	49229.07
256.71	49198.41
256.76	49157.06
256.81	49109.24
256.86	49044.40
256.91	48991.36
256.96	48945.37
257.01	48916.81
257.06	48900.78
257.11	48871.03
257.16	48819.26
257.21	48789.10
257.26	48750.04
257.30	48706.24
257.35	48675.87
257.40	48654.33
257.45	48631.08
257.50	48602.03
257.55	48571.37
257.60	48549.69
257.65	48520.35
257.70	48480.79
257.75	48447.91
257.80	48414.92
257.85	48372.17
257.89	48330.27
257.94	48273.50
257.99	48210.76
258.04	48158.62
258.09	48119.80
258.14	48087.39
258.19	48075.28
258.24	48058.58
258.29	48025.34
258.34	47979.24
258.39	47942.21
258.44	47884.37
258.48	47827.81
258.53	47790.65
258.58	47754.49
258.63	47698.22
258.68	47654.63
258.73	47621.20
258.78	47577.75
258.83	47534.55
258.88	47501.57
258.93	47468.43
258.97	47439.36
259.02	47414.18
259.07	47386.84
259.12	47363.54
259.17	47350.12
259.22	47331.79
259.27	47308.00
259.32	47294.79
259.37	47256.75
259.42	47212.30
259.47	47167.11
259.51	47111.56
259.56	47046.06
259.61	46979.13
259.66	46906.55
259.71	46830.31
259.76	46772.51
259.81	46709.92
259.86	46673.72
259.91	46634.25
259.95	46617.37
260.00	46593.72
260.05	46578.24
260.10	46555.47
260.15	46541.88
260.20	46524.38
260.25	46512.92
260.30	46498.58
260.35	46468.45
260.40	46433.48
260.44	46408.00
260.49	46379.66
260.54	46348.51
260.59	46326.66
260.64	46324.93
260.69	46314.24
260.74	46284.48
260.79	46250.36
260.84	46207.19
260.88	46146.95
260.93	46081.86
260.98	46041.71
261.03	45996.33
261.08	45971.47
261.13	45936.37
261.18	45897.41
261.23	45840.91
261.28	45792.96
261.32	45745.26
261.37	45695.05
261.42	45658.16
261.47	45627.13
261.52	45598.01
261.57	45552.00
261.62	45520.19
261.67	45471.42
261.71	45414.98
261.76	45365.55
261.81	45314.09
261.86	45260.38
261.91	45210.08
261.96	45173.29
262.01	45126.16
262.06	45100.91
262.10	45088.27
262.15	45068.56
262.20	45048.11
262.25	45033.18
262.30	45016.14
262.35	44988.29
262.40	44964.99
262.45	44936.00
262.49	44909.86
262.54	44877.82
262.59	44848.85
262.64	44816.60
262.69	44784.49
262.74	44735.42
262.79	44670.20
262.84	44617.03
262.88	44572.72
262.93	44522.33
262.98	44484.12
263.03	44451.44
263.08	44398.21
263.13	44323.79
263.18	44255.23
263.23	44196.34
263.27	44154.34
263.32	44122.45
263.37	44111.34
263.42	44093.49
263.47	44065.18
263.52	44039.64
263.57	44004.74
263.61	43962.55
263.66	43928.20
263.71	43892.37
263.76	43851.02
263.81	43810.19
263.86	43782.85
263.91	43743.77
263.95	43691.26
264.00	43628.76
264.05	43584.25
264.10	43512.70
264.15	43443.79
264.20	43401.40
264.25	43366.35
264.29	43313.91
264.34	43265.76
264.39	43234.46
264.44	43188.09
264.49	43132.94
264.54	43086.21
264.59	43053.71
264.63	43009.44
264.68	42956.47
264.73	42910.35
264.78	42862.92
264.83	42806.71
264.88	42760.99
264.93	42729.92
264.97	42710.67
265.02	42688.35
265.07	42673.44
265.12	42633.13
265.17	42591.15
265.22	42540.40
265.27	42481.86
265.31	42417.12
265.36	42362.02
265.41	42309.78
265.46	42252.09
265.51	42185.89
265.56	42123.68
265.60	42069.01
265.65	42002.78
265.70	41945.22
265.75	41894.56
265.80	41843.06
265.85	41785.72
265.90	41733.48
265.94	41672.32
265.99	41606.92
266.04	41555.81
266.09	41516.89
266.14	41482.28
266.19	41455.93
266.23	41428.13
266.28	41386.75
266.33	41345.66
266.38	41311.03
266.43	41281.83
266.48	41266.41
266.52	41243.74
266.57	41209.94
266.62	41170.03
266.67	41122.08
266.72	41070.58
266.77	41040.64
266.81	41011.81
266.86	40980.67
266.91	40947.39
266.96	40907.87
267.01	40868.37
267.06	40818.06
267.10	40771.60
267.15	40721.94
267.20	40691.03
267.25	40650.27
267.30	40614.80
267.35	40575.81
267.39	40539.22
267.44	40497.71
267.49	40444.28
267.54	40394.51
267.59	40350.93
267.64	40301.10
267.68	40237.94
267.73	40188.35
267.78	40151.66
267.83	40119.71
267.88	40100.04
267.93	40093.69
267.97	40083.73
268.02	40048.30
268.07	40005.79
268.12	39955.07
268.17	39889.97
268.21	39836.80
268.26	39793.00
268.31	39744.12
268.36	39703.04
268.41	39662.16
268.46	39616.49
268.50	39578.80
268.55	39531.61
268.60	39469.55
268.65	39412.42
268.70	39333.24
268.74	39261.50
268.79	39196.00
268.84	39140.99
268.89	39099.98
268.94	39071.71
268.99	39030.38
269.03	38983.48
269.08	38937.55
269.13	38862.08
269.18	38779.25
269.23	38682.54
269.27	38574.38
269.32	38444.78
269.37	38319.81
269.42	38184.91
269.47	38043.70
269.51	37909.12
269.56	37778.41
269.61	37640.09
269.66	37490.75
269.71	37342.75
269.76	37197.26
269.80	37040.26
269.85	36887.45
269.90	36744.83
269.95	36602.30
270.00	36435.63
270.04	36286.67
270.09	36144.50
270.14	36000.40
270.19	35862.81
270.24	35739.41
270.28	35593.20
270.33	35420.69
270.38	35242.31
270.43	35063.47
270.48	34887.23
270.52	34727.81
270.57	34573.96
270.62	34424.39
270.67	34267.67
270.72	34110.55
270.76	33932.90
270.81	33766.85
270.86	33593.66
270.91	33423.58
270.96	33252.90
271.00	33095.58
271.05	32933.38
271.10	32795.78
271.15	32666.06
271.20	32543.71
271.24	32410.53
271.29	32281.43
271.34	32128.72
271.39	31977.15
271.44	31818.19
271.48	31674.23
271.53	31526.90
271.58	31384.64
271.63	31238.61
271.67	31097.31
271.72	30962.42
271.77	30819.95
271.82	30686.31
271.87	30550.99
271.91	30393.21
271.96	30245.41
272.01	30108.76
272.06	29970.35
272.11	29846.40
272.15	29749.74
272.20	29639.83
272.25	29534.87
272.30	29437.19
272.35	29330.29
272.39	29218.78
272.44	29095.01
272.49	28968.53
272.54	28827.96
272.58	28679.92
272.63	28526.76
272.68	28374.87
272.73	28214.42
272.78	28046.98
272.82	27849.28
272.87	27633.43
272.92	27351.05
272.97	26823.99
273.01	23864.39
273.06	18923.26
273.11	13472.27
273.16	8126.51
273.21	3059.99
273.25	463.02
273.30	-88.73
273.35	-89.76
