165.32	3380.69
165.38	-247.53
165.44	596.23
165.50	-77.50
165.55	-19.54
165.61	2.57
165.67	29.87
165.72	37.80
165.78	43.30
165.84	41.53
165.89	38.15
165.95	36.37
166.01	36.24
166.06	37.61
166.12	40.27
166.18	38.30
166.23	40.10
166.29	39.56
166.35	35.96
166.40	35.31
166.46	42.16
166.52	45.10
166.57	45.68
166.63	45.98
166.69	48.60
166.74	42.78
166.80	42.91
166.86	44.80
166.91	45.80
166.97	40.18
167.03	42.73
167.08	36.94
167.14	36.75
167.20	35.01
167.25	46.92
167.31	47.21
167.37	52.90
167.42	54.02
167.48	59.84
167.54	54.61
167.59	54.06
167.65	49.71
167.71	49.53
167.76	48.36
167.82	43.94
167.88	43.38
167.93	51.20
167.99	50.20
168.05	52.71
168.10	60.51
168.16	60.06
168.21	58.10
168.27	62.51
168.33	64.12
168.38	56.74
168.44	61.56
168.50	60.28
168.55	58.61
168.61	59.46
168.67	61.16
168.72	58.62
168.78	58.50
168.84	54.53
168.89	52.74
168.95	53.35
169.01	52.68
169.06	52.05
169.12	51.68
169.18	50.15
169.23	50.43
169.29	54.17
169.34	58.72
169.40	61.25
169.46	65.36
169.51	67.64
169.57	63.34
169.63	59.29
169.68	63.90
169.74	60.64
169.80	66.48
169.85	67.66
169.91	71.51
169.97	67.71
170.02	67.37
170.08	66.33
170.13	66.61
170.19	66.26
170.25	68.02
170.30	72.24
170.36	63.57
170.42	66.23
170.47	67.54
170.53	68.89
170.59	65.59
170.64	69.51
170.70	67.55
170.76	65.38
170.81	66.65
170.87	66.70
170.92	67.37
170.98	70.26
171.04	72.28
171.09	68.50
171.15	75.61
171.21	76.40
171.26	73.15
171.32	70.26
171.37	73.35
171.43	67.71
171.49	72.24
171.54	76.19
171.60	77.76
171.66	80.16
171.71	80.62
171.77	78.23
171.83	83.47
171.88	82.96
171.94	82.42
171.99	87.04
172.05	86.07
172.11	87.46
172.16	95.61
172.22	96.36
172.28	96.41
172.33	94.58
172.39	91.57
172.44	88.72
172.50	93.64
172.56	92.92
172.61	101.15
172.67	100.65
172.72	100.40
172.78	95.47
172.84	91.05
172.89	84.52
172.95	83.52
173.01	84.45
173.06	82.85
173.12	88.41
173.17	89.94
173.23	89.76
173.29	89.90
173.34	91.91
173.40	86.22
173.46	86.33
173.51	88.87
173.57	88.96
173.62	83.44
173.68	90.34
173.74	89.25
173.79	90.41
173.85	87.00
173.90	89.44
173.96	85.68
174.02	83.36
174.07	75.46
174.13	75.41
174.18	77.88
174.24	71.41
174.30	71.58
174.35	76.83
174.41	73.85
174.47	67.68
174.52	68.81
174.58	67.79
174.63	63.50
174.69	62.16
174.75	64.15
174.80	75.15
174.86	73.00
174.91	74.27
174.97	74.01
175.03	71.28
175.08	58.36
175.14	64.80
175.19	60.22
175.25	61.31
175.31	65.90
175.36	67.77
175.42	64.44
175.47	69.33
175.53	69.40
175.59	65.74
175.64	67.91
175.70	66.05
175.75	61.36
175.81	60.11
175.87	61.29
175.92	57.00
175.98	58.67
176.03	59.08
176.09	59.20
176.15	58.97
176.20	60.06
176.26	59.49
176.31	62.58
176.37	60.06
176.42	61.53
176.48	65.31
176.54	63.19
176.59	60.00
176.65	62.78
176.70	63.56
176.76	62.60
176.82	60.59
176.87	57.91
176.93	58.19
176.98	57.21
177.04	52.48
177.10	57.61
177.15	58.93
177.21	59.34
177.26	58.12
177.32	61.76
177.37	63.12
177.43	66.94
177.49	63.91
177.54	61.38
177.60	61.54
177.65	62.11
177.71	56.44
177.77	59.29
177.82	61.25
177.88	65.15
177.93	60.60
177.99	67.30
178.04	62.90
178.10	63.54
178.16	56.86
178.21	57.63
178.27	54.29
178.32	58.52
178.38	57.44
178.43	59.06
178.49	59.20
178.55	59.11
178.60	57.65
178.66	56.94
178.71	58.68
178.77	56.89
178.82	57.41
178.88	57.22
178.94	57.78
178.99	58.50
179.05	62.38
179.10	58.70
179.16	61.71
179.21	63.99
179.27	62.84
179.33	59.04
179.38	62.50
179.44	60.46
179.49	60.10
179.55	58.42
179.60	57.83
179.66	56.87
179.72	59.45
179.77	57.52
179.83	56.24
179.88	58.41
179.94	60.15
179.99	56.16
180.05	56.07
180.11	57.37
180.16	59.80
180.22	61.89
180.27	66.59
180.33	67.39
180.38	71.35
180.44	66.22
180.49	65.91
180.55	63.85
180.61	68.24
180.66	62.77
180.72	61.85
180.77	59.96
180.83	59.58
180.88	56.93
180.94	57.05
180.99	60.52
181.05	60.87
181.11	61.79
181.16	61.64
181.22	63.09
181.27	65.41
181.33	63.99
181.38	61.57
181.44	62.63
181.49	66.74
181.55	67.47
181.61	73.54
181.66	75.83
181.72	73.47
181.77	71.08
181.83	68.55
181.88	73.96
181.94	75.58
181.99	80.63
182.05	80.65
182.11	81.47
182.16	72.08
182.22	70.50
182.27	66.38
182.33	68.78
182.38	68.62
182.44	73.43
182.49	75.45
182.55	77.47
182.60	77.07
182.66	80.32
182.72	82.53
182.77	84.88
182.83	88.41
182.88	92.16
182.94	93.38
182.99	90.73
183.05	88.93
183.10	90.49
183.16	89.24
183.21	90.41
183.27	97.81
183.32	102.08
183.38	105.74
183.44	112.74
183.49	117.41
183.55	118.39
183.60	124.53
183.66	130.47
183.71	139.47
183.77	147.31
183.82	156.85
183.88	168.46
183.93	179.85
183.99	193.20
184.04	210.12
184.10	222.30
184.15	233.98
184.21	247.68
184.27	249.80
184.32	250.01
184.38	248.02
184.43	243.86
184.49	227.30
184.54	210.91
184.60	201.65
184.65	188.41
184.71	179.44
184.76	180.99
184.82	197.64
184.87	214.73
184.93	239.91
184.98	266.92
185.04	298.53
185.09	323.71
185.15	349.37
185.20	381.42
185.26	415.85
185.31	444.06
185.37	471.48
185.43	491.71
185.48	510.27
185.54	533.18
185.59	558.10
185.65	582.59
185.70	623.37
185.76	668.61
185.81	702.03
185.87	738.29
185.92	783.53
185.98	818.33
186.03	834.65
186.09	838.04
186.14	814.66
186.20	760.15
186.25	674.97
186.31	590.54
186.36	523.37
186.42	494.01
186.47	503.86
186.53	552.03
186.58	620.97
186.64	696.34
186.69	768.71
186.75	829.54
186.80	887.78
186.86	946.68
186.91	1004.21
186.97	1057.91
187.02	1127.33
187.08	1192.42
187.13	1246.07
187.19	1305.95
187.24	1366.50
187.30	1406.60
187.35	1448.16
187.41	1504.23
187.47	1556.47
187.52	1603.04
187.58	1661.53
187.63	1734.70
187.69	1809.02
187.74	1874.82
187.80	1932.88
187.85	1979.72
187.91	2001.99
187.96	1989.68
188.02	1930.36
188.07	1831.23
188.13	1686.18
188.18	1528.94
188.24	1412.64
188.29	1358.53
188.35	1368.59
188.40	1448.47
188.46	1572.85
188.51	1697.24
188.57	1826.08
188.62	1951.44
188.67	2066.52
188.73	2177.56
188.78	2282.33
188.84	2384.81
188.89	2488.51
188.95	2594.71
189.00	2684.60
189.06	2781.51
189.11	2874.27
189.17	2954.50
189.22	3026.33
189.28	3114.10
189.33	3190.31
189.39	3255.74
189.44	3320.72
189.50	3397.32
189.55	3466.49
189.61	3520.21
189.66	3578.84
189.72	3638.11
189.77	3687.36
189.83	3711.48
189.88	3720.96
189.94	3690.36
189.99	3611.36
190.05	3456.08
190.10	3239.70
190.16	2988.36
190.21	2763.28
190.27	2615.77
190.32	2573.47
190.38	2632.54
190.43	2773.58
190.49	2945.49
190.54	3093.35
190.60	3221.33
190.65	3330.75
190.71	3427.21
190.76	3516.51
190.81	3608.31
190.87	3706.98
190.92	3827.10
190.98	3952.03
191.03	4084.30
191.09	4225.81
191.14	4349.57
191.20	4449.27
191.25	4554.23
191.31	4656.80
191.36	4759.38
191.42	4870.68
191.47	4997.37
191.53	5120.07
191.58	5222.18
191.64	5305.20
191.69	5375.81
191.75	5420.66
191.80	5450.44
191.85	5474.97
191.91	5493.08
191.96	5513.08
192.02	5547.03
192.07	5564.69
192.13	5559.25
192.18	5515.66
192.24	5400.87
192.29	5201.59
192.35	4974.32
192.40	4789.23
192.46	4679.90
192.51	4678.25
192.57	4775.06
192.62	4954.05
192.67	5137.16
192.73	5318.53
192.78	5482.81
192.84	5636.38
192.89	5770.21
192.95	5900.00
193.00	6013.16
193.06	6120.06
193.11	6226.80
193.17	6320.20
193.22	6409.46
193.28	6498.23
193.33	6575.38
193.38	6642.82
193.44	6713.22
193.49	6783.27
193.55	6839.94
193.60	6895.96
193.66	6947.31
193.71	6993.16
193.77	7018.23
193.82	7040.92
193.88	7061.54
193.93	7091.83
193.98	7117.83
194.04	7159.93
194.09	7208.90
194.15	7260.21
194.20	7302.18
194.26	7342.27
194.31	7383.76
194.37	7406.87
194.42	7414.85
194.47	7402.57
194.53	7359.21
194.58	7268.46
194.64	7160.15
194.69	7060.29
194.75	6993.68
194.80	6977.69
194.86	7016.66
194.91	7107.96
194.97	7211.81
195.02	7320.17
195.07	7426.29
195.13	7529.31
195.18	7634.89
195.24	7738.36
195.29	7839.12
195.35	7928.91
195.40	8022.37
195.46	8095.92
195.51	8178.73
195.56	8262.78
195.62	8348.81
195.67	8425.59
195.73	8505.76
195.78	8566.13
195.84	8608.36
195.89	8641.30
195.94	8674.76
196.00	8706.60
196.05	8743.09
196.11	8799.34
196.16	8856.42
196.22	8918.72
196.27	8980.09
196.32	9039.30
196.38	9087.22
196.43	9136.65
196.49	9173.25
196.54	9214.51
196.60	9258.94
196.65	9302.78
196.71	9346.77
196.76	9392.31
196.81	9425.95
196.87	9459.06
196.92	9489.18
196.98	9509.23
197.03	9522.48
197.09	9522.41
197.14	9520.68
197.19	9519.70
197.25	9533.62
197.30	9560.91
197.36	9614.62
197.41	9675.78
197.47	9734.87
197.52	9796.04
197.57	9858.99
197.63	9912.47
197.68	9965.36
197.74	10021.89
197.79	10071.55
197.84	10113.05
197.90	10159.47
197.95	10200.17
198.01	10238.89
198.06	10276.79
198.12	10324.05
198.17	10362.03
198.22	10403.12
198.28	10440.37
198.33	10483.69
198.39	10521.69
198.44	10571.85
198.49	10618.72
198.55	10670.41
198.60	10718.39
198.66	10765.60
198.71	10812.41
198.77	10858.18
198.82	10907.46
198.87	10955.61
198.93	11002.74
198.98	11043.05
199.04	11088.35
199.09	11132.54
199.14	11176.69
199.20	11219.57
199.25	11265.95
199.31	11309.09
199.36	11350.42
199.42	11390.18
199.47	11431.49
199.52	11470.82
199.58	11510.19
199.63	11538.51
199.69	11573.64
199.74	11609.17
199.79	11634.22
199.85	11663.06
199.90	11703.93
199.96	11742.38
200.01	11786.72
200.06	11840.58
200.12	11890.89
200.17	11945.94
200.23	11997.99
200.28	12038.30
200.33	12089.00
200.39	12133.71
200.44	12173.61
200.50	12214.20
200.55	12255.86
200.60	12293.34
200.66	12332.69
200.71	12366.90
200.77	12409.81
200.82	12450.73
200.87	12488.18
200.93	12528.03
200.98	12571.29
201.04	12609.11
201.09	12654.49
201.14	12707.87
201.20	12758.46
201.25	12811.65
201.31	12863.97
201.36	12923.37
201.41	12976.37
201.47	13032.20
201.52	13084.37
201.58	13143.54
201.63	13193.49
201.68	13241.57
201.74	13290.19
201.79	13342.11
201.84	13397.85
201.90	13444.47
201.95	13497.92
202.01	13552.55
202.06	13599.81
202.11	13635.62
202.17	13683.49
202.22	13727.75
202.28	13765.89
202.33	13809.16
202.38	13850.72
202.44	13893.49
202.49	13934.61
202.54	13988.61
202.60	14039.14
202.65	14089.62
202.71	14141.76
202.76	14184.86
202.81	14224.16
202.87	14270.63
202.92	14318.62
202.98	14364.40
203.03	14420.50
203.08	14475.05
203.14	14527.96
203.19	14581.53
203.24	14638.25
203.30	14688.49
203.35	14735.55
203.41	14782.56
203.46	14827.74
203.51	14869.12
203.57	14911.30
203.62	14964.95
203.67	15015.57
203.73	15063.37
203.78	15111.64
203.84	15167.04
203.89	15201.04
203.94	15239.68
204.00	15280.42
204.05	15318.58
204.10	15342.47
204.16	15371.02
204.21	15395.43
204.27	15414.34
204.32	15419.46
204.37	15426.48
204.43	15420.17
204.48	15408.07
204.53	15395.48
204.59	15415.26
204.64	15473.31
204.69	15572.65
204.75	15688.94
204.80	15819.88
204.86	15930.65
204.91	16004.78
204.96	16057.87
205.02	16091.32
205.07	16124.71
205.12	16183.05
205.18	16262.30
205.23	16352.46
205.28	16464.03
205.34	16571.18
205.39	16659.51
205.45	16737.40
205.50	16801.45
205.55	16859.99
205.61	16920.97
205.66	16976.82
205.71	17039.58
205.77	17104.42
205.82	17167.01
205.87	17223.34
205.93	17277.35
205.98	17322.61
206.03	17366.88
206.09	17410.36
206.14	17454.76
206.20	17505.23
206.25	17557.88
206.30	17620.17
206.36	17673.74
206.41	17739.81
206.46	17799.48
206.52	17851.44
206.57	17894.31
206.62	17942.08
206.68	17984.69
206.73	18034.56
206.78	18092.83
206.84	18152.70
206.89	18215.90
206.94	18275.27
207.00	18342.54
207.05	18410.21
207.11	18471.82
207.16	18530.19
207.21	18593.25
207.27	18644.41
207.32	18697.13
207.37	18757.74
207.43	18813.18
207.48	18861.81
207.53	18915.61
207.59	18972.98
207.64	19022.65
207.69	19094.16
207.75	19163.12
207.80	19224.23
207.85	19280.80
207.91	19337.37
207.96	19382.43
208.01	19438.62
208.07	19502.11
208.12	19562.42
208.17	19621.09
208.23	19677.06
208.28	19728.95
208.33	19786.22
208.39	19846.58
208.44	19916.51
208.49	19975.92
208.55	20036.45
208.60	20087.46
208.65	20134.44
208.71	20181.58
208.76	20237.36
208.81	20293.73
208.87	20358.01
208.92	20420.81
208.97	20482.46
209.03	20540.24
209.08	20602.14
209.13	20660.58
209.19	20721.56
209.24	20780.21
209.29	20843.28
209.35	20895.53
209.40	20955.67
209.45	21020.75
209.51	21085.28
209.56	21149.90
209.61	21219.95
209.67	21276.78
209.72	21332.09
209.77	21389.63
209.83	21454.56
209.88	21520.89
209.93	21590.04
209.99	21655.87
210.04	21728.78
210.09	21791.91
210.15	21852.33
210.20	21915.79
210.25	21982.38
210.31	22041.75
210.36	22098.18
210.41	22151.55
210.46	22210.99
210.52	22261.30
210.57	22311.31
210.62	22373.50
210.68	22438.65
210.73	22491.77
210.78	22554.51
210.84	22618.70
210.89	22675.64
210.94	22729.30
211.00	22790.53
211.05	22840.63
211.10	22902.09
211.16	22961.66
211.21	23030.32
211.26	23096.46
211.32	23169.04
211.37	23232.32
211.42	23297.09
211.47	23364.39
211.53	23427.41
211.58	23492.58
211.63	23549.80
211.69	23611.19
211.74	23661.35
211.79	23708.61
211.85	23765.89
211.90	23830.52
211.95	23895.51
212.01	23962.47
212.06	24044.48
212.11	24117.57
212.16	24188.29
212.22	24261.11
212.27	24327.76
212.32	24383.50
212.38	24448.38
212.43	24516.72
212.48	24578.24
212.54	24651.75
212.59	24727.33
212.64	24794.96
212.69	24854.32
212.75	24921.81
212.80	24984.44
212.85	25050.80
212.91	25105.76
212.96	25167.20
213.01	25230.54
213.07	25293.36
213.12	25356.42
213.17	25422.02
213.22	25483.87
213.28	25537.65
213.33	25581.51
213.38	25630.15
213.44	25683.79
213.49	25753.93
213.54	25831.22
213.60	25920.31
213.65	26005.26
213.70	26092.96
213.75	26161.73
213.81	26217.07
213.86	26264.64
213.91	26314.77
213.97	26351.88
214.02	26389.04
214.07	26429.55
214.12	26469.99
214.18	26505.79
214.23	26545.01
214.28	26587.90
214.34	26621.23
214.39	26647.06
214.44	26652.78
214.49	26631.46
214.55	26589.13
214.60	26525.66
214.65	26448.23
214.71	26379.18
214.76	26386.06
214.81	26466.64
214.86	26632.17
214.92	26843.00
214.97	27071.85
215.02	27258.18
215.08	27381.91
215.13	27456.25
215.18	27494.93
215.23	27513.50
215.29	27546.59
215.34	27626.98
215.39	27733.20
215.45	27886.16
215.50	28055.83
215.55	28218.02
215.60	28341.52
215.66	28434.63
215.71	28502.05
215.76	28572.06
215.81	28631.66
215.87	28690.76
215.92	28755.92
215.97	28814.31
216.03	28876.80
216.08	28936.47
216.13	29000.14
216.18	29056.96
216.24	29121.64
216.29	29174.76
216.34	29227.84
216.39	29289.25
216.45	29352.21
216.50	29403.59
216.55	29464.10
216.61	29542.09
216.66	29601.23
216.71	29668.80
216.76	29734.16
216.82	29807.36
216.87	29868.27
216.92	29947.50
216.97	30011.50
217.03	30087.32
217.08	30157.49
217.13	30243.16
217.18	30307.87
217.24	30383.22
217.29	30459.84
217.34	30512.55
217.39	30553.86
217.45	30603.31
217.50	30647.63
217.55	30696.85
217.61	30765.41
217.66	30824.19
217.71	30887.77
217.76	30966.61
217.82	31049.89
217.87	31117.26
217.92	31194.59
217.97	31267.22
218.03	31331.52
218.08	31368.20
218.13	31420.02
218.18	31470.34
218.24	31537.06
218.29	31589.16
218.34	31655.55
218.39	31719.10
218.45	31785.27
218.50	31835.15
218.55	31896.96
218.60	31960.74
218.66	32017.90
218.71	32077.16
218.76	32147.29
218.81	32209.83
218.87	32275.27
218.92	32345.70
218.97	32419.72
219.02	32490.54
219.08	32568.34
219.13	32645.96
219.18	32716.08
219.23	32775.73
219.29	32835.88
219.34	32899.60
219.39	32955.11
219.44	33015.01
219.50	33084.48
219.55	33143.29
219.60	33199.24
219.65	33263.91
219.71	33330.31
219.76	33373.22
219.81	33431.79
219.86	33490.36
219.92	33538.13
219.97	33585.11
220.02	33647.17
220.07	33708.25
220.13	33772.82
220.18	33841.99
220.23	33916.00
220.28	33995.11
220.33	34072.84
220.39	34133.68
220.44	34194.06
220.49	34250.76
220.54	34299.39
220.60	34343.57
220.65	34403.23
220.70	34469.81
220.75	34544.21
220.81	34631.50
220.86	34716.80
220.91	34790.39
220.96	34858.11
221.02	34925.54
221.07	34986.39
221.12	35042.21
221.17	35100.11
221.22	35161.13
221.28	35221.80
221.33	35277.37
221.38	35335.28
221.43	35408.35
221.49	35478.01
221.54	35542.84
221.59	35612.26
221.64	35700.73
221.69	35787.90
221.75	35887.49
221.80	35978.25
221.85	36058.16
221.90	36111.67
221.96	36169.64
222.01	36199.32
222.06	36239.00
222.11	36283.67
222.17	36335.50
222.22	36358.53
222.27	36406.35
222.32	36448.61
222.37	36503.24
222.43	36568.43
222.48	36644.46
222.53	36717.21
222.58	36800.19
222.63	36867.01
222.69	36929.70
222.74	37001.72
222.79	37068.93
222.84	37110.87
222.90	37164.06
222.95	37211.31
223.00	37248.87
223.05	37295.06
223.10	37360.89
223.16	37420.46
223.21	37470.19
223.26	37517.85
223.31	37561.05
223.36	37596.56
223.42	37635.00
223.47	37672.16
223.52	37721.29
223.57	37774.84
223.63	37831.57
223.68	37871.71
223.73	37950.10
223.78	38024.81
223.83	38086.90
223.89	38144.56
223.94	38224.38
223.99	38280.51
224.04	38349.93
224.09	38427.94
224.15	38520.80
224.20	38602.17
224.25	38696.39
224.30	38775.44
224.35	38857.57
224.41	38956.09
224.46	39049.23
224.51	39128.46
224.56	39214.08
224.61	39298.92
224.67	39366.17
224.72	39437.34
224.77	39535.53
224.82	39629.92
224.87	39715.88
224.93	39796.76
224.98	39890.14
225.03	39971.73
225.08	40047.44
225.13	40130.38
225.19	40215.85
225.24	40301.52
225.29	40370.64
225.34	40449.01
225.39	40520.65
225.45	40595.17
225.50	40657.75
225.55	40731.86
225.60	40803.13
225.65	40875.95
225.71	40942.58
225.76	41007.64
225.81	41059.46
225.86	41103.31
225.91	41139.73
225.97	41158.80
226.02	41158.69
226.07	41128.05
226.12	41119.04
226.17	41148.84
226.22	41237.91
226.28	41395.99
226.33	41617.12
226.38	41818.14
226.43	41980.75
226.48	42092.26
226.54	42154.60
226.59	42202.51
226.64	42244.76
226.69	42275.92
226.74	42323.10
226.80	42394.07
226.85	42467.04
226.90	42561.22
226.95	42693.91
227.00	42822.78
227.05	42949.29
227.11	43072.02
227.16	43184.73
227.21	43278.67
227.26	43372.11
227.31	43457.64
227.37	43515.96
227.42	43592.31
227.47	43668.80
227.52	43740.68
227.57	43796.75
227.62	43886.98
227.68	43957.41
227.73	44032.42
227.78	44106.25
227.83	44192.27
227.88	44259.57
227.93	44335.30
227.99	44408.97
228.04	44483.91
228.09	44565.21
228.14	44641.39
228.19	44711.28
228.24	44784.96
228.30	44852.94
228.35	44916.46
228.40	44987.93
228.45	45048.19
228.50	45106.17
228.56	45167.66
228.61	45219.27
228.66	45264.41
228.71	45322.72
228.76	45369.45
228.81	45425.13
228.87	45479.28
228.92	45545.67
228.97	45609.42
229.02	45707.93
229.07	45786.48
229.12	45873.01
229.17	45941.61
229.23	46021.51
229.28	46088.43
229.33	46166.78
229.38	46233.41
229.43	46312.70
229.48	46388.47
229.54	46453.12
229.59	46518.19
229.64	46596.83
229.69	46681.11
229.74	46767.09
229.79	46839.51
229.85	46912.45
229.90	46980.34
229.95	47040.96
230.00	47094.47
230.05	47170.04
230.10	47237.52
230.16	47306.73
230.21	47371.21
230.26	47427.75
230.31	47465.63
230.36	47525.43
230.41	47586.26
230.46	47669.60
230.52	47764.03
230.57	47849.98
230.62	47937.78
230.67	48006.41
230.72	48055.00
230.77	48091.99
230.82	48145.80
230.88	48175.04
230.93	48217.82
230.98	48264.28
231.03	48327.73
231.08	48382.83
231.13	48442.84
231.19	48507.93
231.24	48580.69
231.29	48650.45
231.34	48722.90
231.39	48796.11
231.44	48865.89
231.49	48912.86
231.55	48960.80
231.60	49006.06
231.65	49057.60
231.70	49106.87
231.75	49156.18
231.80	49210.49
231.85	49269.43
231.91	49313.67
231.96	49366.33
232.01	49431.17
232.06	49488.90
232.11	49551.98
232.16	49631.92
232.21	49712.92
232.26	49802.97
232.32	49880.97
232.37	49949.67
232.42	50009.02
232.47	50056.59
232.52	50102.72
232.57	50163.21
232.62	50224.43
232.68	50290.46
232.73	50364.11
232.78	50442.15
232.83	50509.82
232.88	50579.90
232.93	50657.16
232.98	50726.60
233.03	50774.07
233.09	50836.11
233.14	50905.94
233.19	50953.77
233.24	51007.91
233.29	51061.06
233.34	51095.41
233.39	51117.93
233.45	51152.63
233.50	51187.94
233.55	51236.02
233.60	51296.93
233.65	51351.55
233.70	51414.93
233.75	51462.93
233.80	51516.08
233.86	51571.65
233.91	51624.94
233.96	51663.33
234.01	51721.14
234.06	51783.06
234.11	51840.09
234.16	51898.15
234.21	51962.74
234.26	52013.86
234.32	52046.55
234.37	52073.90
234.42	52109.21
234.47	52129.38
234.52	52159.48
234.57	52201.01
234.62	52254.40
234.67	52305.90
234.73	52368.10
234.78	52421.04
234.83	52463.56
234.88	52500.68
234.93	52545.47
234.98	52586.92
235.03	52639.75
235.08	52704.58
235.13	52761.72
235.19	52827.61
235.24	52895.60
235.29	52951.48
235.34	52993.70
235.39	53028.46
235.44	53051.96
235.49	53082.20
235.54	53110.95
235.59	53133.05
235.65	53174.56
235.70	53206.99
235.75	53245.05
235.80	53303.90
235.85	53366.13
235.90	53404.65
235.95	53435.40
236.00	53459.73
236.05	53469.54
236.11	53495.64
236.16	53521.05
236.21	53569.13
236.26	53609.28
236.31	53638.50
236.36	53652.19
236.41	53679.10
236.46	53686.61
236.51	53704.25
236.56	53731.40
236.62	53766.84
236.67	53804.49
236.72	53851.92
236.77	53878.90
236.82	53928.59
236.87	53951.59
236.92	53971.12
236.97	54003.37
237.02	54054.23
237.07	54099.14
237.13	54168.25
237.18	54229.79
237.23	54279.88
237.28	54320.15
237.33	54354.66
237.38	54363.98
237.43	54387.10
237.48	54385.67
237.53	54398.72
237.58	54420.26
237.63	54463.78
237.69	54497.54
237.74	54555.11
237.79	54599.68
237.84	54612.11
237.89	54616.06
237.94	54622.32
237.99	54639.31
238.04	54653.22
238.09	54679.42
238.14	54712.16
238.19	54741.76
238.25	54759.83
238.30	54760.81
238.35	54766.99
238.40	54775.78
238.45	54780.45
238.50	54782.48
238.55	54794.09
238.60	54816.72
238.65	54827.59
238.70	54837.85
238.75	54852.33
238.80	54890.59
238.86	54899.90
238.91	54918.87
238.96	54955.39
239.01	54985.00
239.06	55003.08
239.11	55029.87
239.16	55061.69
239.21	55059.61
239.26	55050.18
239.31	55059.95
239.36	55075.95
239.41	55088.05
239.46	55117.00
239.52	55158.71
239.57	55176.64
239.62	55197.31
239.67	55224.88
239.72	55250.75
239.77	55268.21
239.82	55286.22
239.87	55295.37
239.92	55290.06
239.97	55288.05
240.02	55272.34
240.07	55254.09
240.12	55253.48
240.17	55261.96
240.23	55255.22
240.28	55263.93
240.33	55278.86
240.38	55268.81
240.43	55267.42
240.48	55290.78
240.53	55310.19
240.58	55326.91
240.63	55364.57
240.68	55370.26
240.73	55354.99
240.78	55355.78
240.83	55360.80
240.88	55335.26
240.93	55329.12
240.98	55332.59
241.04	55337.08
241.09	55357.71
241.14	55383.01
241.19	55427.98
241.24	55464.52
241.29	55484.23
241.34	55488.79
241.39	55508.82
241.44	55506.93
241.49	55507.18
241.54	55498.78
241.59	55491.37
241.64	55483.55
241.69	55471.79
241.74	55463.18
241.79	55454.85
241.84	55448.21
241.90	55425.22
241.95	55405.03
242.00	55381.90
242.05	55362.20
242.10	55352.71
242.15	55344.42
242.20	55337.35
242.25	55330.69
242.30	55325.50
242.35	55313.88
242.40	55312.21
242.45	55302.56
242.50	55291.39
242.55	55287.31
242.60	55279.89
242.65	55282.72
242.70	55298.82
242.75	55328.08
242.80	55379.30
242.85	55405.84
242.91	55419.49
242.96	55418.54
243.01	55405.25
243.06	55363.49
243.11	55335.92
243.16	55309.46
243.21	55300.96
243.26	55303.60
243.31	55319.78
243.36	55334.70
243.41	55354.50
243.46	55354.02
243.51	55324.39
243.56	55274.83
243.61	55224.53
243.66	55179.31
243.71	55145.29
243.76	55145.35
243.81	55158.62
243.86	55162.01
243.91	55166.27
243.96	55160.30
244.01	55129.66
244.06	55101.48
244.12	55090.95
244.17	55075.42
244.22	55081.48
244.27	55110.04
244.32	55135.09
244.37	55151.04
244.42	55156.85
244.47	55140.86
244.52	55112.36
244.57	55086.57
244.62	55063.49
244.67	55042.19
244.72	55021.33
244.77	55019.22
244.82	55028.64
244.87	55057.19
244.92	55084.32
244.97	55103.93
245.02	55107.73
245.07	55086.36
245.12	55058.22
245.17	55034.74
245.22	55037.71
245.27	55028.21
245.32	54994.25
245.37	54956.87
245.42	54913.98
245.47	54860.05
245.52	54814.56
245.57	54809.15
245.62	54788.77
245.67	54770.62
245.72	54761.67
245.77	54741.47
245.82	54715.73
245.87	54719.02
245.92	54740.09
245.98	54732.50
246.03	54735.42
246.08	54746.58
246.13	54740.05
246.18	54736.36
246.23	54741.19
246.28	54738.59
246.33	54730.67
246.38	54702.41
246.43	54661.12
246.48	54631.55
246.53	54623.97
246.58	54628.74
246.63	54638.87
246.68	54632.59
246.73	54619.97
246.78	54593.61
246.83	54531.81
246.88	54481.47
246.93	54440.20
246.98	54396.47
247.03	54369.36
247.08	54353.07
247.13	54343.80
247.18	54344.73
247.23	54366.46
247.28	54378.20
247.33	54376.96
247.38	54356.61
247.43	54336.02
247.48	54310.35
247.53	54264.32
247.58	54225.32
247.63	54198.91
247.68	54161.13
247.73	54104.89
247.78	54069.17
247.83	54044.74
247.88	54020.32
247.93	54006.73
247.98	54006.34
248.03	54010.70
248.08	54026.24
248.13	54027.48
248.18	54015.82
248.23	54009.45
248.28	53978.55
248.33	53937.73
248.38	53896.82
248.43	53865.64
248.48	53839.26
248.53	53819.29
248.58	53796.89
248.63	53794.94
248.68	53782.93
248.73	53761.96
248.78	53737.35
248.83	53695.97
248.88	53628.81
248.93	53563.80
248.98	53490.61
249.03	53448.41
249.08	53420.37
249.13	53415.61
249.18	53404.84
249.23	53417.67
249.28	53401.76
249.33	53398.47
249.38	53384.85
249.43	53367.02
249.48	53332.69
249.53	53317.26
249.58	53290.48
249.63	53264.83
249.68	53259.80
249.73	53250.83
249.78	53227.46
249.83	53222.90
249.88	53198.56
249.93	53176.35
249.98	53170.36
250.03	53168.75
250.08	53138.08
250.13	53135.55
250.18	53118.29
250.23	53066.23
250.28	53020.39
250.33	52971.82
250.37	52923.27
250.42	52873.95
250.47	52848.46
250.52	52829.46
250.57	52806.72
250.62	52774.77
250.67	52748.06
250.72	52731.54
250.77	52685.42
250.82	52669.95
250.87	52670.12
250.92	52665.09
250.97	52633.78
251.02	52626.79
251.07	52621.90
251.12	52592.45
251.17	52560.88
251.22	52527.77
251.27	52497.32
251.32	52450.76
251.37	52401.68
251.42	52349.31
251.47	52314.67
251.52	52287.72
251.57	52266.33
251.62	52257.13
251.67	52245.37
251.72	52223.71
251.77	52187.22
251.82	52139.86
251.87	52097.76
251.92	52060.07
251.97	52013.41
252.02	51965.82
252.07	51943.37
252.12	51919.30
252.16	51907.08
252.21	51908.54
252.26	51916.72
252.31	51914.95
252.36	51903.45
252.41	51886.64
252.46	51865.77
252.51	51837.63
252.56	51803.61
252.61	51776.74
252.66	51746.29
252.71	51720.80
252.76	51691.45
252.81	51647.69
252.86	51592.66
252.91	51553.58
252.96	51490.52
253.01	51427.73
253.06	51368.96
253.11	51325.55
253.16	51270.96
253.21	51230.74
253.26	51193.36
253.31	51163.56
253.36	51142.22
253.40	51123.14
253.45	51110.38
253.50	51068.72
253.55	51038.01
253.60	50985.87
253.65	50938.61
253.70	50896.25
253.75	50890.77
253.80	50870.12
253.85	50869.76
253.90	50866.77
253.95	50862.69
254.00	50851.12
254.05	50836.32
254.10	50797.76
254.15	50762.76
254.20	50738.19
254.25	50701.41
254.30	50668.62
254.35	50638.02
254.39	50571.67
254.44	50482.19
254.49	50406.64
254.54	50368.70
254.59	50335.71
254.64	50329.75
254.69	50331.10
254.74	50329.10
254.79	50305.80
254.84	50266.70
254.89	50246.08
254.94	50226.69
254.99	50211.75
255.04	50181.61
255.09	50177.15
255.14	50152.69
255.19	50132.41
255.23	50119.62
255.28	50118.72
255.33	50107.41
255.38	50090.85
255.43	50079.88
255.48	50051.28
255.53	50005.60
255.58	49978.05
255.63	49954.88
255.68	49908.66
255.73	49871.15
255.78	49848.22
255.83	49812.81
255.88	49790.16
255.93	49761.83
255.97	49735.30
256.02	49699.66
256.07	49657.13
256.12	49584.90
256.17	49534.94
256.22	49483.66
256.27	49434.96
256.32	49397.96
256.37	49372.27
256.42	49356.31
256.47	49329.57
256.52	49301.73
256.57	49271.72
256.62	49259.23
256.66	49239.42
256.71	49213.10
256.76	49176.31
256.81	49135.81
256.86	49080.70
256.91	49030.70
256.96	48987.27
257.01	48958.00
257.06	48930.65
257.11	48905.96
257.16	48854.69
257.21	48817.59
257.26	48782.31
257.30	48743.82
257.35	48700.50
257.40	48681.66
257.45	48672.85
257.50	48640.01
257.55	48598.54
257.60	48578.66
257.65	48550.27
257.70	48501.92
257.75	48464.60
257.80	48445.66
257.85	48414.32
257.89	48366.28
257.94	48308.86
257.99	48248.21
258.04	48190.36
258.09	48136.42
258.14	48111.18
258.19	48099.74
258.24	48083.06
258.29	48043.66
258.34	48010.69
258.39	47970.16
258.44	47907.52
258.48	47861.54
258.53	47830.75
258.58	47788.36
258.63	47730.90
258.68	47687.54
258.73	47649.77
258.78	47603.85
258.83	47557.85
258.88	47529.21
258.93	47497.41
258.97	47467.17
259.02	47441.23
259.07	47410.48
259.12	47389.58
259.17	47375.51
259.22	47358.20
259.27	47335.90
259.32	47327.81
259.37	47282.77
259.42	47242.60
259.47	47192.91
259.51	47145.93
259.56	47089.87
259.61	47024.21
259.66	46954.99
259.71	46887.39
259.76	46821.41
259.81	46749.47
259.86	46710.24
259.91	46663.22
259.95	46628.90
260.00	46605.49
260.05	46594.44
260.10	46576.28
260.15	46565.93
260.20	46558.87
260.25	46547.91
260.30	46528.50
260.35	46497.93
260.40	46468.98
260.44	46444.76
260.49	46420.26
260.54	46386.10
260.59	46360.78
260.64	46350.83
260.69	46337.19
260.74	46300.31
260.79	46263.88
260.84	46218.66
260.88	46160.05
260.93	46084.00
260.98	46051.25
261.03	46015.91
261.08	45995.76
261.13	45964.58
261.18	45928.74
261.23	45863.58
261.28	45815.00
261.32	45764.02
261.37	45715.54
261.42	45687.85
261.47	45667.74
261.52	45624.78
261.57	45588.17
261.62	45549.71
261.67	45496.17
261.71	45429.61
261.76	45392.46
261.81	45343.33
261.86	45284.09
261.91	45236.58
261.96	45199.26
262.01	45150.13
262.06	45117.81
262.10	45113.58
262.15	45099.57
262.20	45084.26
262.25	45073.62
262.30	45056.76
262.35	45025.12
262.40	44996.69
262.45	44958.43
262.49	44918.66
262.54	44881.46
262.59	44849.12
262.64	44824.93
262.69	44801.35
262.74	44764.16
262.79	44705.87
262.84	44659.28
262.88	44602.23
262.93	44540.77
262.98	44491.31
263.03	44462.61
263.08	44411.52
263.13	44348.85
263.18	44292.66
263.23	44234.88
263.27	44174.26
263.32	44137.96
263.37	44117.04
263.42	44105.96
263.47	44079.35
263.52	44061.20
263.57	44025.50
263.61	43982.18
263.66	43938.46
263.71	43909.61
263.76	43876.41
263.81	43830.97
263.86	43804.41
263.91	43762.98
263.95	43705.91
264.00	43640.02
264.05	43600.21
264.10	43531.83
264.15	43468.88
264.20	43429.23
264.25	43392.87
264.29	43344.43
264.34	43294.24
264.39	43258.19
264.44	43204.57
264.49	43159.14
264.54	43115.45
264.59	43082.18
264.63	43041.20
264.68	42985.72
264.73	42928.71
264.78	42875.51
264.83	42813.53
264.88	42765.73
264.93	42744.61
264.97	42719.44
265.02	42690.56
265.07	42676.44
265.12	42640.54
265.17	42597.77
265.22	42555.86
265.27	42504.71
265.31	42447.98
265.36	42386.34
265.41	42336.90
265.46	42275.61
265.51	42204.39
265.56	42145.32
265.60	42090.92
265.65	42025.96
265.70	41968.67
265.75	41925.64
265.80	41870.83
265.85	41813.56
265.90	41757.82
265.94	41704.91
265.99	41642.40
266.04	41586.57
266.09	41545.31
266.14	41509.05
266.19	41475.08
266.23	41441.09
266.28	41400.70
266.33	41369.45
266.38	41334.40
266.43	41311.77
266.48	41292.10
266.52	41275.44
266.57	41236.46
266.62	41194.42
266.67	41134.61
266.72	41084.46
266.77	41047.83
266.81	41019.01
266.86	40993.70
266.91	40969.78
266.96	40928.67
267.01	40890.26
267.06	40837.18
267.10	40785.08
267.15	40733.79
267.20	40709.14
267.25	40667.29
267.30	40632.82
267.35	40603.08
267.39	40563.31
267.44	40517.61
267.49	40474.61
267.54	40430.37
267.59	40375.13
267.64	40326.33
267.68	40271.96
267.73	40214.29
267.78	40173.06
267.83	40148.29
267.88	40133.80
267.93	40124.36
267.97	40110.52
268.02	40073.15
268.07	40027.46
268.12	39967.93
268.17	39902.90
268.21	39855.97
268.26	39810.90
268.31	39767.11
268.36	39722.70
268.41	39683.75
268.46	39636.33
268.50	39602.52
268.55	39557.51
268.60	39503.71
268.65	39441.01
268.70	39359.28
268.74	39289.12
268.79	39215.58
268.84	39158.02
268.89	39111.60
268.94	39088.43
268.99	39048.16
269.03	39010.09
269.08	38964.50
269.13	38889.31
269.18	38799.88
269.23	38705.29
269.27	38598.36
269.32	38469.93
269.37	38345.50
269.42	38218.16
269.47	38075.06
269.51	37930.60
269.56	37791.49
269.61	37655.67
269.66	37502.25
269.71	37350.94
269.76	37208.14
269.80	37057.53
269.85	36910.58
269.90	36774.61
269.95	36633.53
270.00	36475.36
270.04	36334.74
270.09	36183.40
270.14	36036.22
270.19	35894.96
270.24	35762.38
270.28	35601.41
270.33	35438.11
270.38	35259.60
270.43	35088.67
270.48	34907.72
270.52	34751.46
270.57	34594.14
270.62	34439.28
270.67	34278.91
270.72	34121.70
270.76	33949.04
270.81	33779.34
270.86	33606.61
270.91	33429.46
270.96	33266.65
271.00	33107.46
271.05	32954.96
271.10	32816.43
271.15	32688.78
271.20	32565.31
271.24	32432.63
271.29	32291.78
271.34	32139.61
271.39	31988.68
271.44	31829.30
271.48	31687.08
271.53	31547.50
271.58	31409.08
271.63	31260.26
271.67	31113.84
271.72	30970.16
271.77	30826.59
271.82	30696.29
271.87	30558.85
271.91	30406.12
271.96	30262.99
272.01	30121.65
272.06	29978.78
272.11	29855.05
272.15	29747.63
272.20	29638.84
272.25	29539.30
272.30	29442.78
272.35	29344.21
272.39	29244.16
272.44	29122.53
272.49	28988.81
272.54	28844.13
272.58	28686.07
272.63	28529.51
272.68	28379.42
272.73	28221.27
272.78	28048.22
272.82	27854.21
272.87	27634.89
272.92	27345.50
272.97	26820.15
273.01	23867.87
273.06	18927.47
273.11	13476.54
273.16	8132.48
273.21	3062.91
273.25	463.09
273.30	-89.00
273.35	-89.45
