165.32	3374.84
165.38	-245.91
165.44	595.16
165.50	-77.79
165.55	-20.93
165.61	-0.04
165.67	26.30
165.72	34.32
165.78	39.09
165.84	37.59
165.89	34.42
165.95	33.26
166.01	32.70
166.06	34.31
166.12	36.76
166.18	35.07
166.23	36.64
166.29	36.22
166.35	32.79
166.40	31.93
166.46	38.37
166.52	40.98
166.57	41.55
166.63	42.10
166.69	44.45
166.74	38.64
166.80	38.96
166.86	41.14
166.91	42.13
166.97	36.70
167.03	39.48
167.08	33.54
167.14	32.67
167.20	30.93
167.25	43.18
167.31	43.09
167.37	48.92
167.42	50.32
167.48	56.06
167.54	50.62
167.59	50.25
167.65	46.00
167.71	46.17
167.76	45.14
167.82	40.64
167.88	40.06
167.93	47.37
167.99	46.58
168.05	48.84
168.10	56.76
168.16	56.22
168.21	54.18
168.27	58.11
168.33	59.72
168.38	52.19
168.44	57.14
168.50	55.89
168.55	54.25
168.61	54.81
168.67	56.89
168.72	53.85
168.78	54.23
168.84	50.05
168.89	48.54
168.95	49.42
169.01	49.41
169.06	48.71
169.12	48.27
169.18	46.62
169.23	46.60
169.29	50.63
169.34	55.07
169.40	58.01
169.46	62.34
169.51	64.25
169.57	59.80
169.63	55.43
169.68	60.51
169.74	56.84
169.80	62.73
169.85	64.15
169.91	68.18
169.97	64.02
170.02	64.00
170.08	62.92
170.13	63.30
170.19	63.20
170.25	64.60
170.30	68.30
170.36	60.03
170.42	61.61
170.47	62.91
170.53	64.43
170.59	61.85
170.64	65.33
170.70	63.86
170.76	61.01
170.81	62.40
170.87	61.67
170.92	63.05
170.98	65.86
171.04	68.26
171.09	64.56
171.15	71.80
171.21	72.17
171.26	69.19
171.32	66.48
171.37	70.09
171.43	64.84
171.49	69.61
171.54	72.97
171.60	74.58
171.66	75.76
171.71	76.10
171.77	73.55
171.83	79.23
171.88	78.32
171.94	77.80
171.99	81.92
172.05	80.80
172.11	81.83
172.16	90.34
172.22	91.18
172.28	91.52
172.33	89.58
172.39	86.44
172.44	83.62
172.50	89.03
172.56	88.89
172.61	97.78
172.67	97.54
172.72	97.18
172.78	91.99
172.84	86.99
172.89	79.88
172.95	79.33
173.01	80.50
173.06	79.10
173.12	84.88
173.17	86.08
173.23	85.39
173.29	85.21
173.34	87.00
173.40	81.59
173.46	82.45
173.51	84.90
173.57	85.25
173.62	80.40
173.68	86.34
173.74	84.81
173.79	86.65
173.85	83.54
173.90	85.60
173.96	82.63
174.02	79.96
174.07	71.50
174.13	71.04
174.18	73.50
174.24	66.60
174.30	67.00
174.35	72.37
174.41	68.90
174.47	62.64
174.52	63.87
174.58	62.72
174.63	58.43
174.69	57.49
174.75	59.75
174.80	70.43
174.86	68.26
174.91	69.38
174.97	69.30
175.03	65.97
175.08	54.04
175.14	60.07
175.19	55.33
175.25	55.98
175.31	60.66
175.36	62.27
175.42	59.53
175.47	64.47
175.53	64.90
175.59	61.63
175.64	63.09
175.70	61.63
175.75	57.40
175.81	55.74
175.87	56.61
175.92	52.64
175.98	53.99
176.03	53.62
176.09	54.13
176.15	54.44
176.20	55.80
176.26	55.56
176.31	59.22
176.37	56.80
176.42	57.62
176.48	61.33
176.54	59.03
176.59	56.21
176.65	58.92
176.70	60.48
176.76	59.73
176.82	57.60
176.87	54.65
176.93	54.57
176.98	53.26
177.04	47.97
177.10	52.84
177.15	54.44
177.21	55.20
177.26	53.68
177.32	57.33
177.37	59.33
177.43	62.98
177.49	59.39
177.54	56.92
177.60	57.70
177.65	57.96
177.71	52.48
177.77	55.88
177.82	57.75
177.88	61.85
177.93	56.82
177.99	63.37
178.04	58.77
178.10	59.26
178.16	52.31
178.21	53.59
178.27	50.46
178.32	54.57
178.38	53.30
178.43	54.99
178.49	55.13
178.55	54.49
178.60	53.06
178.66	52.65
178.71	53.82
178.77	51.75
178.82	52.61
178.88	52.41
178.94	52.71
178.99	54.25
179.05	58.62
179.10	54.40
179.16	57.33
179.21	60.13
179.27	58.80
179.33	54.50
179.38	58.76
179.44	56.94
179.49	56.64
179.55	54.48
179.60	54.35
179.66	53.30
179.72	55.81
179.77	52.92
179.83	52.10
179.88	53.61
179.94	54.59
179.99	50.71
180.05	51.21
180.11	51.80
180.16	54.45
180.22	57.03
180.27	62.08
180.33	62.99
180.38	67.58
180.44	63.13
180.49	63.13
180.55	60.83
180.61	64.91
180.66	59.44
180.72	57.64
180.77	55.45
180.83	55.55
180.88	52.71
180.94	52.27
180.99	56.06
181.05	56.18
181.11	56.84
181.16	57.16
181.22	58.71
181.27	60.85
181.33	59.67
181.38	56.45
181.44	57.20
181.49	61.78
181.55	62.77
181.61	68.63
181.66	71.26
181.72	69.40
181.77	66.75
181.83	64.64
181.88	69.94
181.94	72.16
181.99	77.61
182.05	78.15
182.11	78.91
182.16	69.94
182.22	68.18
182.27	64.00
182.33	66.52
182.38	66.47
182.44	71.55
182.49	73.53
182.55	75.50
182.60	75.35
182.66	78.41
182.72	80.71
182.77	83.18
182.83	86.66
182.88	89.89
182.94	91.10
182.99	88.23
183.05	86.93
183.10	89.01
183.16	88.40
183.21	90.51
183.27	99.13
183.32	104.30
183.38	109.05
183.44	117.75
183.49	124.53
183.55	127.62
183.60	136.06
183.66	143.94
183.71	154.80
183.77	164.39
183.82	175.74
183.88	189.09
183.93	203.59
183.99	219.23
184.04	237.82
184.10	252.01
184.15	265.19
184.21	279.40
184.27	282.02
184.32	281.88
184.38	278.39
184.43	271.90
184.49	251.49
184.54	229.97
184.60	216.43
184.65	199.90
184.71	188.45
184.76	190.08
184.82	209.59
184.87	230.09
184.93	258.93
184.98	290.70
185.04	325.16
185.09	353.71
185.15	382.20
185.20	417.52
185.26	454.76
185.31	486.75
185.37	517.22
185.43	541.19
185.48	562.47
185.54	587.40
185.59	614.80
185.65	642.05
185.70	685.76
185.76	734.13
185.81	771.20
185.87	811.05
185.92	858.60
185.98	896.60
186.03	913.67
186.09	914.83
186.14	885.99
186.20	825.22
186.25	728.53
186.31	633.49
186.36	559.11
186.42	525.79
186.47	534.74
186.53	586.11
186.58	660.44
186.64	740.31
186.69	817.77
186.75	880.75
186.80	939.73
186.86	998.46
186.91	1056.99
186.97	1109.05
187.02	1176.50
187.08	1237.56
187.13	1285.56
187.19	1333.29
187.24	1380.06
187.30	1403.20
187.35	1424.89
187.41	1457.60
187.47	1492.88
187.52	1527.93
187.58	1584.62
187.63	1669.43
187.69	1761.60
187.74	1844.84
187.80	1918.20
187.85	1972.23
187.91	1991.00
187.96	1978.17
188.02	1922.52
188.07	1831.13
188.13	1696.88
188.18	1553.78
188.24	1450.70
188.29	1406.71
188.35	1423.59
188.40	1510.21
188.46	1641.73
188.51	1771.45
188.57	1904.69
188.62	2034.66
188.67	2155.50
188.73	2272.48
188.78	2381.79
188.84	2486.44
188.89	2592.39
188.95	2700.88
189.00	2794.36
189.06	2893.56
189.11	2991.60
189.17	3075.64
189.22	3149.43
189.28	3237.46
189.33	3315.85
189.39	3379.64
189.44	3447.04
189.50	3521.51
189.55	3590.26
189.61	3644.21
189.66	3703.29
189.72	3759.73
189.77	3808.99
189.83	3834.53
189.88	3840.84
189.94	3805.10
189.99	3714.64
190.05	3550.19
190.10	3316.51
190.16	3049.55
190.21	2811.44
190.27	2652.63
190.32	2595.77
190.38	2641.55
190.43	2764.93
190.49	2911.39
190.54	3031.55
190.60	3128.10
190.65	3196.96
190.71	3250.58
190.76	3301.05
190.81	3361.84
190.87	3438.48
190.92	3560.98
190.98	3712.66
191.03	3880.82
191.09	4052.44
191.14	4199.98
191.20	4307.89
191.25	4409.45
191.31	4514.96
191.36	4637.89
191.42	4787.46
191.47	4964.11
191.53	5133.96
191.58	5276.82
191.64	5386.78
191.69	5470.12
191.75	5522.67
191.80	5556.94
191.85	5579.85
191.91	5605.27
191.96	5628.81
192.02	5660.90
192.07	5678.66
192.13	5673.82
192.18	5617.87
192.24	5498.22
192.29	5296.79
192.35	5064.44
192.40	4876.63
192.46	4770.51
192.51	4766.39
192.57	4864.24
192.62	5044.03
192.67	5232.11
192.73	5411.08
192.78	5574.59
192.84	5730.01
192.89	5867.29
192.95	5996.45
193.00	6116.50
193.06	6228.54
193.11	6335.74
193.17	6428.45
193.22	6516.87
193.28	6609.20
193.33	6687.05
193.38	6755.99
193.44	6827.42
193.49	6901.20
193.55	6957.87
193.60	7016.40
193.66	7069.51
193.71	7116.84
193.77	7140.96
193.82	7160.05
193.88	7176.19
193.93	7200.27
193.98	7224.60
194.04	7265.79
194.09	7313.01
194.15	7367.86
194.20	7410.57
194.26	7451.59
194.31	7488.74
194.37	7509.56
194.42	7511.85
194.47	7498.11
194.53	7449.72
194.58	7355.20
194.64	7240.25
194.69	7138.83
194.75	7065.43
194.80	7046.07
194.86	7087.67
194.91	7180.80
194.97	7283.19
195.02	7390.39
195.07	7495.27
195.13	7590.70
195.18	7686.20
195.24	7774.00
195.29	7856.98
195.35	7926.29
195.40	7994.34
195.46	8050.10
195.51	8131.29
195.56	8223.34
195.62	8322.76
195.67	8423.22
195.73	8524.86
195.78	8592.35
195.84	8638.45
195.89	8669.91
195.94	8702.60
196.00	8740.03
196.05	8789.07
196.11	8857.55
196.16	8930.07
196.22	9005.45
196.27	9074.39
196.32	9137.29
196.38	9184.12
196.43	9234.47
196.49	9273.23
196.54	9311.13
196.60	9352.71
196.65	9401.27
196.71	9445.73
196.76	9492.76
196.81	9532.93
196.87	9569.47
196.92	9591.92
196.98	9606.43
197.03	9612.45
197.09	9604.92
197.14	9597.66
197.19	9599.77
197.25	9615.81
197.30	9642.09
197.36	9697.87
197.41	9762.46
197.47	9827.46
197.52	9887.72
197.57	9955.50
197.63	10006.16
197.68	10060.61
197.74	10112.08
197.79	10157.40
197.84	10200.30
197.90	10247.23
197.95	10284.73
198.01	10326.74
198.06	10372.64
198.12	10414.60
198.17	10453.33
198.22	10491.18
198.28	10524.16
198.33	10565.28
198.39	10604.11
198.44	10651.63
198.49	10701.39
198.55	10749.93
198.60	10794.40
198.66	10840.37
198.71	10889.15
198.77	10938.19
198.82	10992.71
198.87	11040.05
198.93	11087.91
198.98	11131.42
199.04	11177.03
199.09	11215.40
199.14	11262.95
199.20	11305.40
199.25	11346.08
199.31	11388.97
199.36	11435.89
199.42	11477.26
199.47	11517.82
199.52	11562.89
199.58	11598.05
199.63	11624.09
199.69	11654.15
199.74	11689.80
199.79	11716.04
199.85	11748.17
199.90	11790.06
199.96	11830.97
200.01	11874.80
200.06	11921.66
200.12	11969.69
200.17	12021.88
200.23	12073.70
200.28	12117.35
200.33	12173.72
200.39	12215.69
200.44	12257.25
200.50	12299.85
200.55	12337.24
200.60	12369.41
200.66	12412.57
200.71	12446.89
200.77	12487.73
200.82	12527.92
200.87	12565.89
200.93	12604.50
200.98	12651.98
201.04	12693.06
201.09	12744.37
201.14	12798.24
201.20	12845.62
201.25	12899.12
201.31	12948.52
201.36	13009.52
201.41	13063.81
201.47	13123.89
201.52	13171.76
201.58	13234.70
201.63	13279.80
201.68	13326.09
201.74	13372.93
201.79	13422.73
201.84	13472.83
201.90	13515.76
201.95	13566.15
202.01	13618.68
202.06	13670.70
202.11	13706.75
202.17	13757.28
202.22	13801.44
202.28	13840.29
202.33	13877.24
202.38	13918.62
202.44	13961.22
202.49	14006.02
202.54	14057.74
202.60	14110.17
202.65	14158.53
202.71	14208.05
202.76	14249.72
202.81	14290.88
202.87	14336.82
202.92	14390.31
202.98	14439.89
203.03	14496.03
203.08	14549.25
203.14	14601.17
203.19	14652.06
203.24	14709.18
203.30	14761.10
203.35	14811.40
203.41	14856.67
203.46	14900.24
203.51	14938.47
203.57	14976.66
203.62	15021.59
203.67	15072.71
203.73	15112.85
203.78	15154.30
203.84	15204.26
203.89	15236.69
203.94	15265.82
204.00	15303.54
204.05	15328.95
204.10	15337.58
204.16	15345.86
204.21	15343.06
204.27	15321.04
204.32	15286.65
204.37	15237.85
204.43	15163.63
204.48	15073.90
204.53	14985.45
204.59	14955.71
204.64	15012.17
204.69	15149.24
204.75	15341.79
204.80	15568.47
204.86	15745.04
204.91	15854.69
204.96	15911.59
205.02	15921.03
205.07	15930.27
205.12	15985.02
205.18	16085.89
205.23	16219.42
205.28	16392.02
205.34	16557.09
205.39	16694.29
205.45	16796.82
205.50	16878.13
205.55	16942.49
205.61	16999.87
205.66	17056.03
205.71	17120.41
205.77	17178.49
205.82	17238.86
205.87	17297.40
205.93	17352.41
205.98	17396.93
206.03	17439.70
206.09	17480.59
206.14	17530.34
206.20	17582.15
206.25	17640.14
206.30	17705.19
206.36	17768.37
206.41	17826.71
206.46	17882.64
206.52	17930.15
206.57	17974.88
206.62	18025.81
206.68	18073.24
206.73	18125.17
206.78	18179.63
206.84	18239.98
206.89	18293.31
206.94	18353.85
207.00	18421.71
207.05	18492.02
207.11	18557.84
207.16	18616.89
207.21	18678.99
207.27	18734.40
207.32	18787.91
207.37	18843.97
207.43	18905.17
207.48	18955.37
207.53	19004.57
207.59	19057.50
207.64	19109.00
207.69	19178.12
207.75	19250.07
207.80	19313.19
207.85	19378.17
207.91	19438.11
207.96	19484.11
208.01	19538.00
208.07	19599.17
208.12	19654.50
208.17	19707.76
208.23	19758.96
208.28	19811.84
208.33	19862.15
208.39	19923.95
208.44	19991.30
208.49	20056.48
208.55	20111.59
208.60	20169.57
208.65	20216.07
208.71	20267.04
208.76	20320.95
208.81	20383.93
208.87	20450.67
208.92	20514.54
208.97	20577.86
209.03	20638.18
209.08	20693.42
209.13	20746.73
209.19	20811.20
209.24	20867.82
209.29	20932.26
209.35	20989.41
209.40	21053.63
209.45	21108.84
209.51	21174.18
209.56	21234.51
209.61	21298.94
209.67	21358.22
209.72	21421.01
209.77	21477.46
209.83	21541.95
209.88	21613.72
209.93	21684.12
209.99	21749.32
210.04	21821.96
210.09	21883.50
210.15	21943.50
210.20	22003.67
210.25	22067.57
210.31	22128.28
210.36	22183.06
210.41	22235.34
210.46	22290.75
210.52	22346.28
210.57	22392.89
210.62	22456.81
210.68	22523.50
210.73	22575.03
210.78	22633.16
210.84	22698.49
210.89	22759.82
210.94	22812.69
211.00	22876.21
211.05	22925.75
211.10	22992.68
211.16	23049.40
211.21	23117.08
211.26	23183.98
211.32	23262.96
211.37	23325.44
211.42	23395.39
211.47	23464.55
211.53	23531.23
211.58	23587.31
211.63	23643.88
211.69	23696.05
211.74	23750.13
211.79	23797.22
211.85	23859.09
211.90	23924.13
211.95	23996.61
212.01	24058.51
212.06	24136.20
212.11	24208.36
212.16	24282.81
212.22	24355.56
212.27	24424.44
212.32	24495.80
212.38	24561.93
212.43	24627.09
212.48	24686.43
212.54	24759.49
212.59	24829.56
212.64	24896.34
212.69	24955.84
212.75	25024.94
212.80	25086.72
212.85	25144.71
212.91	25203.85
212.96	25264.10
213.01	25324.63
213.07	25382.89
213.12	25445.80
213.17	25506.17
213.22	25570.13
213.28	25622.44
213.33	25667.91
213.38	25720.13
213.44	25776.23
213.49	25844.99
213.54	25915.38
213.60	26003.67
213.65	26072.95
213.70	26151.26
213.75	26211.45
213.81	26272.08
213.86	26313.50
213.91	26361.43
213.97	26395.27
214.02	26421.15
214.07	26439.81
214.12	26458.65
214.18	26471.63
214.23	26480.38
214.28	26473.48
214.34	26454.60
214.39	26415.97
214.44	26344.20
214.49	26225.99
214.55	26074.16
214.60	25873.95
214.65	25638.17
214.71	25424.97
214.76	25362.10
214.81	25463.84
214.86	25733.61
214.92	26127.68
214.97	26552.80
215.02	26877.54
215.08	27076.76
215.13	27163.66
215.18	27156.26
215.23	27110.00
215.29	27092.63
215.34	27165.62
215.39	27318.56
215.45	27556.68
215.50	27850.42
215.55	28137.65
215.60	28354.75
215.66	28499.63
215.71	28604.18
215.76	28683.96
215.81	28745.54
215.87	28806.76
215.92	28873.64
215.97	28926.97
216.03	28985.28
216.08	29043.27
216.13	29095.84
216.18	29156.28
216.24	29226.56
216.29	29282.80
216.34	29339.26
216.39	29408.91
216.45	29470.38
216.50	29525.38
216.55	29584.68
216.61	29652.69
216.66	29709.32
216.71	29776.70
216.76	29841.31
216.82	29915.54
216.87	29981.25
216.92	30057.61
216.97	30123.16
217.03	30194.84
217.08	30268.40
217.13	30350.68
217.18	30424.15
217.24	30500.71
217.29	30571.72
217.34	30620.35
217.39	30664.74
217.45	30712.40
217.50	30759.65
217.55	30816.65
217.61	30885.07
217.66	30955.67
217.71	31025.37
217.76	31105.66
217.82	31183.59
217.87	31262.87
217.92	31335.76
217.97	31403.80
218.03	31459.10
218.08	31501.37
218.13	31539.71
218.18	31588.97
218.24	31662.46
218.29	31721.18
218.34	31791.36
218.39	31864.66
218.45	31930.14
218.50	31979.63
218.55	32042.96
218.60	32106.61
218.66	32161.08
218.71	32225.82
218.76	32293.66
218.81	32359.05
218.87	32421.32
218.92	32492.35
218.97	32557.43
219.02	32620.21
219.08	32695.43
219.13	32769.88
219.18	32841.55
219.23	32905.52
219.29	32973.41
219.34	33026.85
219.39	33093.11
219.44	33151.10
219.50	33222.60
219.55	33283.28
219.60	33349.56
219.65	33406.29
219.71	33474.89
219.76	33521.34
219.81	33577.14
219.86	33638.92
219.92	33692.93
219.97	33745.69
220.02	33808.71
220.07	33871.49
220.13	33927.55
220.18	33996.41
220.23	34068.19
220.28	34151.32
220.33	34228.61
220.39	34293.66
220.44	34348.00
220.49	34405.86
220.54	34445.41
220.60	34491.80
220.65	34554.81
220.70	34622.16
220.75	34692.97
220.81	34777.00
220.86	34858.31
220.91	34927.03
220.96	34999.78
221.02	35063.69
221.07	35126.50
221.12	35178.65
221.17	35240.35
221.22	35304.57
221.28	35365.11
221.33	35424.76
221.38	35491.22
221.43	35561.95
221.49	35621.40
221.54	35687.08
221.59	35757.47
221.64	35840.13
221.69	35926.94
221.75	36026.93
221.80	36121.50
221.85	36194.76
221.90	36256.83
221.96	36314.45
222.01	36345.86
222.06	36378.46
222.11	36426.93
222.17	36475.53
222.22	36503.13
222.27	36553.30
222.32	36604.81
222.37	36659.32
222.43	36721.25
222.48	36784.79
222.53	36853.21
222.58	36934.66
222.63	37011.66
222.69	37075.95
222.74	37158.02
222.79	37235.64
222.84	37283.59
222.90	37333.73
222.95	37380.33
223.00	37421.97
223.05	37461.75
223.10	37522.04
223.16	37582.86
223.21	37635.63
223.26	37688.53
223.31	37734.11
223.36	37770.76
223.42	37807.53
223.47	37845.50
223.52	37889.09
223.57	37937.59
223.63	37990.58
223.68	38039.57
223.73	38106.59
223.78	38182.20
223.83	38254.01
223.89	38316.61
223.94	38380.75
223.99	38447.10
224.04	38514.43
224.09	38585.96
224.15	38673.64
224.20	38758.31
224.25	38852.38
224.30	38934.29
224.35	39022.05
224.41	39117.92
224.46	39217.75
224.51	39297.48
224.56	39377.61
224.61	39454.67
224.67	39524.83
224.72	39588.56
224.77	39682.21
224.82	39779.55
224.87	39865.22
224.93	39943.05
224.98	40038.31
225.03	40112.54
225.08	40188.22
225.13	40268.20
225.19	40350.10
225.24	40418.77
225.29	40480.13
225.34	40548.25
225.39	40611.45
225.45	40676.43
225.50	40736.22
225.55	40794.28
225.60	40834.77
225.65	40871.67
225.71	40891.48
225.76	40900.99
225.81	40895.19
225.86	40869.64
225.91	40820.86
225.97	40739.21
226.02	40616.45
226.07	40459.59
226.12	40361.23
226.17	40376.16
226.22	40517.33
226.28	40790.62
226.33	41171.80
226.38	41532.30
226.43	41800.99
226.48	41970.53
226.54	42048.12
226.59	42074.01
226.64	42058.43
226.69	42027.77
226.74	42022.84
226.80	42096.76
226.85	42210.51
226.90	42381.27
226.95	42619.52
227.00	42863.20
227.05	43060.34
227.11	43225.63
227.16	43362.84
227.21	43456.50
227.26	43543.65
227.31	43617.62
227.37	43680.20
227.42	43755.50
227.47	43836.41
227.52	43911.96
227.57	43973.04
227.62	44058.60
227.68	44136.21
227.73	44214.29
227.78	44303.04
227.83	44395.09
227.88	44459.95
227.93	44534.69
227.99	44612.59
228.04	44678.08
228.09	44757.68
228.14	44839.21
228.19	44908.20
228.24	44976.58
228.30	45047.68
228.35	45105.57
228.40	45178.03
228.45	45242.80
228.50	45306.31
228.56	45361.37
228.61	45424.89
228.66	45478.88
228.71	45539.31
228.76	45584.40
228.81	45637.99
228.87	45684.46
228.92	45749.66
228.97	45807.65
229.02	45905.44
229.07	45985.96
229.12	46075.60
229.17	46137.50
229.23	46211.94
229.28	46273.17
229.33	46349.62
229.38	46426.21
229.43	46507.06
229.48	46587.39
229.54	46661.48
229.59	46727.17
229.64	46800.53
229.69	46882.77
229.74	46968.73
229.79	47038.31
229.85	47116.43
229.90	47183.20
229.95	47246.24
230.00	47303.93
230.05	47390.65
230.10	47457.81
230.16	47531.77
230.21	47590.85
230.26	47649.94
230.31	47682.85
230.36	47744.11
230.41	47803.36
230.46	47890.77
230.52	47974.68
230.57	48062.88
230.62	48141.46
230.67	48209.96
230.72	48270.48
230.77	48318.49
230.82	48367.60
230.88	48401.81
230.93	48441.74
230.98	48476.98
231.03	48529.57
231.08	48584.13
231.13	48638.14
231.19	48705.32
231.24	48783.33
231.29	48861.75
231.34	48931.75
231.39	49015.86
231.44	49091.42
231.49	49142.23
231.55	49184.46
231.60	49228.54
231.65	49271.68
231.70	49311.39
231.75	49359.72
231.80	49407.67
231.85	49471.73
231.91	49521.47
231.96	49571.62
232.01	49636.06
232.06	49703.29
232.11	49761.15
232.16	49846.05
232.21	49935.72
232.26	50009.08
232.32	50093.42
232.37	50170.05
232.42	50238.84
232.47	50286.29
232.52	50340.92
232.57	50391.44
232.62	50451.71
232.68	50503.17
232.73	50573.28
232.78	50651.79
232.83	50720.94
232.88	50787.30
232.93	50862.34
232.98	50933.44
233.03	50996.82
233.09	51065.37
233.14	51136.39
233.19	51193.29
233.24	51242.35
233.29	51292.69
233.34	51320.08
233.39	51338.75
233.45	51367.31
233.50	51411.35
233.55	51449.10
233.60	51525.04
233.65	51590.95
233.70	51656.28
233.75	51707.11
233.80	51761.57
233.86	51803.70
233.91	51856.67
233.96	51902.78
234.01	51958.86
234.06	52013.63
234.11	52075.00
234.16	52135.03
234.21	52195.77
234.26	52245.79
234.32	52285.62
234.37	52315.14
234.42	52348.67
234.47	52370.22
234.52	52396.58
234.57	52439.60
234.62	52483.65
234.67	52531.90
234.73	52593.18
234.78	52649.11
234.83	52684.19
234.88	52726.78
234.93	52759.21
234.98	52796.18
235.03	52843.78
235.08	52920.48
235.13	52983.56
235.19	53058.97
235.24	53121.94
235.29	53184.18
235.34	53221.53
235.39	53251.54
235.44	53269.14
235.49	53306.64
235.54	53339.24
235.59	53360.09
235.65	53394.23
235.70	53433.03
235.75	53468.89
235.80	53518.49
235.85	53580.43
235.90	53624.09
235.95	53650.76
236.00	53678.55
236.05	53693.55
236.11	53715.72
236.16	53754.50
236.21	53803.75
236.26	53849.95
236.31	53885.19
236.36	53907.25
236.41	53921.80
236.46	53935.95
236.51	53942.72
236.56	53963.37
236.62	53988.34
236.67	54024.54
236.72	54067.47
236.77	54101.74
236.82	54148.22
236.87	54178.55
236.92	54201.89
236.97	54233.60
237.02	54277.98
237.07	54326.21
237.13	54386.35
237.18	54448.37
237.23	54497.96
237.28	54540.40
237.33	54573.10
237.38	54602.99
237.43	54624.30
237.48	54634.26
237.53	54656.13
237.58	54676.57
237.63	54713.85
237.69	54749.30
237.74	54794.54
237.79	54828.48
237.84	54838.87
237.89	54841.05
237.94	54850.74
237.99	54869.71
238.04	54891.58
238.09	54925.20
238.14	54952.69
238.19	54977.44
238.25	54996.14
238.30	54993.78
238.35	54995.69
238.40	55003.47
238.45	55009.28
238.50	55014.90
238.55	55026.82
238.60	55050.74
238.65	55068.63
238.70	55079.65
238.75	55090.74
238.80	55115.95
238.86	55126.73
238.91	55141.68
238.96	55180.12
239.01	55214.97
239.06	55251.45
239.11	55276.20
239.16	55304.35
239.21	55302.58
239.26	55293.15
239.31	55292.34
239.36	55305.65
239.41	55322.53
239.46	55359.49
239.52	55395.17
239.57	55418.60
239.62	55440.87
239.67	55462.83
239.72	55475.88
239.77	55494.27
239.82	55512.49
239.87	55522.47
239.92	55521.56
239.97	55510.03
240.02	55488.30
240.07	55467.21
240.12	55463.13
240.17	55466.67
240.23	55472.30
240.28	55484.39
240.33	55502.81
240.38	55500.72
240.43	55499.80
240.48	55517.98
240.53	55542.80
240.58	55561.46
240.63	55592.31
240.68	55612.58
240.73	55605.05
240.78	55594.94
240.83	55592.01
240.88	55571.47
240.93	55554.76
240.98	55555.77
241.04	55573.53
241.09	55589.76
241.14	55612.07
241.19	55651.80
241.24	55685.74
241.29	55707.93
241.34	55720.24
241.39	55740.54
241.44	55746.98
241.49	55758.26
241.54	55754.02
241.59	55752.53
241.64	55743.94
241.69	55728.32
241.74	55706.95
241.79	55695.40
241.84	55675.83
241.90	55661.48
241.95	55639.85
242.00	55607.35
242.05	55580.51
242.10	55571.51
242.15	55553.63
242.20	55550.56
242.25	55557.42
242.30	55555.80
242.35	55548.63
242.40	55543.74
242.45	55532.10
242.50	55523.94
242.55	55524.24
242.60	55515.10
242.65	55518.03
242.70	55531.10
242.75	55548.09
242.80	55583.54
242.85	55615.45
242.91	55626.12
242.96	55622.91
243.01	55612.11
243.06	55581.90
243.11	55549.98
243.16	55532.85
243.21	55525.95
243.26	55533.73
243.31	55539.16
243.36	55550.40
243.41	55562.74
243.46	55560.27
243.51	55534.07
243.56	55489.13
243.61	55439.13
243.66	55398.87
243.71	55370.66
243.76	55352.73
243.81	55368.24
243.86	55376.14
243.91	55379.38
243.96	55381.18
244.01	55369.45
244.06	55340.50
244.12	55335.66
244.17	55320.56
244.22	55310.32
244.27	55341.64
244.32	55374.66
244.37	55391.98
244.42	55396.46
244.47	55390.93
244.52	55359.15
244.57	55317.37
244.62	55282.03
244.67	55258.30
244.72	55232.28
244.77	55229.74
244.82	55254.40
244.87	55287.26
244.92	55315.30
244.97	55337.06
245.02	55332.86
245.07	55300.34
245.12	55275.22
245.17	55255.91
245.22	55250.80
245.27	55245.70
245.32	55215.02
245.37	55175.05
245.42	55133.15
245.47	55090.07
245.52	55041.14
245.57	55034.20
245.62	55011.58
245.67	55002.70
245.72	54990.45
245.77	54971.69
245.82	54951.26
245.87	54957.62
245.92	54956.79
245.98	54954.92
246.03	54964.14
246.08	54964.64
246.13	54959.73
246.18	54954.72
246.23	54944.94
246.28	54932.58
246.33	54923.30
246.38	54890.59
246.43	54869.18
246.48	54851.99
246.53	54852.23
246.58	54855.99
246.63	54870.54
246.68	54857.46
246.73	54845.30
246.78	54818.33
246.83	54768.94
246.88	54714.64
246.93	54662.08
246.98	54611.71
247.03	54572.56
247.08	54558.41
247.13	54549.13
247.18	54552.63
247.23	54571.41
247.28	54584.66
247.33	54570.90
247.38	54548.52
247.43	54533.85
247.48	54509.24
247.53	54469.97
247.58	54440.82
247.63	54414.70
247.68	54369.36
247.73	54314.05
247.78	54277.17
247.83	54245.44
247.88	54224.27
247.93	54215.95
247.98	54223.00
248.03	54230.05
248.08	54244.38
248.13	54231.62
248.18	54217.20
248.23	54206.32
248.28	54163.55
248.33	54117.91
248.38	54088.90
248.43	54063.95
248.48	54036.71
248.53	54034.00
248.58	54014.28
248.63	54015.24
248.68	53994.43
248.73	53972.80
248.78	53940.22
248.83	53895.18
248.88	53821.80
248.93	53759.80
248.98	53678.18
249.03	53634.52
249.08	53611.57
249.13	53609.91
249.18	53601.02
249.23	53617.51
249.28	53608.01
249.33	53603.47
249.38	53585.42
249.43	53572.45
249.48	53547.25
249.53	53526.58
249.58	53502.21
249.63	53480.93
249.68	53471.03
249.73	53451.66
249.78	53420.21
249.83	53416.05
249.88	53393.02
249.93	53377.83
249.98	53369.08
250.03	53372.70
250.08	53344.58
250.13	53326.41
250.18	53300.92
250.23	53252.95
250.28	53197.23
250.33	53144.97
250.37	53111.55
250.42	53064.68
250.47	53047.73
250.52	53039.07
250.57	53021.88
250.62	52977.11
250.67	52951.46
250.72	52926.20
250.77	52879.40
250.82	52859.61
250.87	52869.45
250.92	52857.95
250.97	52832.54
251.02	52829.75
251.07	52827.19
251.12	52799.12
251.17	52767.88
251.22	52738.02
251.27	52704.38
251.32	52649.94
251.37	52595.29
251.42	52547.82
251.47	52510.23
251.52	52482.91
251.57	52469.57
251.62	52457.99
251.67	52449.94
251.72	52433.25
251.77	52391.88
251.82	52348.00
251.87	52304.12
251.92	52255.31
251.97	52199.01
252.02	52159.38
252.07	52133.44
252.12	52120.27
252.16	52115.77
252.21	52116.07
252.26	52127.49
252.31	52118.67
252.36	52112.58
252.41	52092.41
252.46	52072.55
252.51	52041.05
252.56	52007.00
252.61	51969.07
252.66	51942.53
252.71	51919.40
252.76	51890.23
252.81	51846.97
252.86	51796.90
252.91	51743.45
252.96	51679.28
253.01	51612.27
253.06	51557.12
253.11	51509.96
253.16	51471.22
253.21	51418.75
253.26	51380.67
253.31	51349.66
253.36	51327.21
253.40	51295.66
253.45	51284.02
253.50	51242.79
253.55	51204.90
253.60	51155.24
253.65	51108.67
253.70	51071.30
253.75	51065.23
253.80	51053.70
253.85	51046.51
253.90	51050.00
253.95	51049.33
254.00	51041.25
254.05	51024.36
254.10	50994.89
254.15	50955.75
254.20	50919.69
254.25	50876.53
254.30	50844.51
254.35	50803.25
254.39	50741.76
254.44	50663.60
254.49	50588.92
254.54	50561.41
254.59	50530.70
254.64	50526.59
254.69	50523.31
254.74	50526.27
254.79	50479.63
254.84	50444.50
254.89	50414.16
254.94	50400.95
254.99	50383.85
255.04	50375.87
255.09	50371.71
255.14	50347.53
255.19	50339.75
255.23	50335.03
255.28	50322.05
255.33	50310.48
255.38	50308.50
255.43	50277.85
255.48	50248.50
255.53	50205.24
255.58	50170.24
255.63	50133.85
255.68	50096.15
255.73	50047.78
255.78	50018.85
255.83	49990.87
255.88	49966.39
255.93	49937.15
255.97	49922.78
256.02	49890.99
256.07	49845.65
256.12	49774.45
256.17	49717.43
256.22	49659.11
256.27	49609.39
256.32	49564.98
256.37	49544.60
256.42	49532.86
256.47	49504.73
256.52	49478.88
256.57	49454.93
256.62	49439.07
256.66	49418.63
256.71	49391.88
256.76	49358.12
256.81	49311.00
256.86	49256.95
256.91	49208.33
256.96	49164.40
257.01	49134.18
257.06	49114.59
257.11	49084.97
257.16	49033.80
257.21	48994.00
257.26	48947.65
257.30	48911.84
257.35	48873.70
257.40	48847.19
257.45	48832.31
257.50	48806.23
257.55	48769.00
257.60	48739.44
257.65	48719.50
257.70	48675.67
257.75	48639.55
257.80	48616.70
257.85	48588.69
257.89	48540.68
257.94	48485.87
257.99	48430.84
258.04	48370.99
258.09	48326.65
258.14	48289.47
258.19	48272.25
258.24	48258.19
258.29	48216.94
258.34	48172.84
258.39	48136.19
258.44	48079.66
258.48	48022.13
258.53	47993.45
258.58	47958.63
258.63	47912.66
258.68	47870.16
258.73	47831.13
258.78	47785.45
258.83	47735.25
258.88	47691.29
258.93	47652.40
258.97	47617.07
259.02	47585.98
259.07	47568.78
259.12	47554.54
259.17	47545.81
259.22	47532.39
259.27	47510.03
259.32	47488.53
259.37	47445.28
259.42	47404.27
259.47	47357.83
259.51	47313.55
259.56	47243.96
259.61	47177.88
259.66	47102.72
259.71	47028.31
259.76	46964.33
259.81	46912.18
259.86	46870.99
259.91	46835.16
259.95	46815.67
260.00	46787.82
260.05	46759.28
260.10	46736.12
260.15	46721.20
260.20	46696.32
260.25	46684.62
260.30	46680.76
260.35	46656.43
260.40	46621.91
260.44	46608.98
260.49	46588.95
260.54	46551.81
260.59	46531.04
260.64	46521.54
260.69	46506.26
260.74	46467.85
260.79	46435.78
260.84	46390.36
260.88	46334.90
260.93	46260.96
260.98	46225.27
261.03	46176.40
261.08	46146.35
261.13	46107.90
261.18	46070.60
261.23	46007.63
261.28	45971.17
261.32	45923.58
261.37	45873.20
261.42	45836.17
261.47	45817.92
261.52	45769.79
261.57	45724.25
261.62	45692.44
261.67	45642.08
261.71	45570.88
261.76	45535.02
261.81	45492.95
261.86	45441.54
261.91	45395.55
261.96	45362.87
262.01	45318.99
262.06	45296.04
262.10	45274.85
262.15	45258.48
262.20	45236.27
262.25	45216.63
262.30	45196.98
262.35	45173.28
262.40	45147.31
262.45	45115.71
262.49	45081.32
262.54	45040.55
262.59	45010.00
262.64	44980.04
262.69	44949.59
262.74	44903.91
262.79	44844.16
262.84	44798.89
262.88	44750.04
262.93	44696.59
262.98	44662.47
263.03	44627.15
263.08	44571.09
263.13	44499.86
263.18	44444.98
263.23	44385.06
263.27	44341.53
263.32	44314.92
263.37	44293.46
263.42	44269.07
263.47	44241.17
263.52	44214.84
263.57	44167.88
263.61	44132.14
263.66	44095.66
263.71	44057.65
263.76	44019.56
263.81	43977.74
263.86	43949.65
263.91	43908.14
263.95	43849.89
264.00	43787.81
264.05	43739.40
264.10	43672.92
264.15	43607.58
264.20	43571.23
264.25	43528.66
264.29	43492.53
264.34	43443.66
264.39	43404.45
264.44	43349.35
264.49	43304.78
264.54	43253.37
264.59	43215.73
264.63	43172.97
264.68	43125.21
264.73	43071.36
264.78	43024.05
264.83	42971.14
264.88	42925.12
264.93	42896.95
264.97	42871.99
265.02	42842.73
265.07	42817.94
265.12	42785.52
265.17	42741.34
265.22	42704.68
265.27	42643.95
265.31	42582.14
265.36	42527.18
265.41	42474.08
265.46	42407.88
265.51	42347.35
265.56	42293.80
265.60	42240.70
265.65	42177.50
265.70	42123.34
265.75	42073.18
265.80	42026.03
265.85	41957.39
265.90	41896.44
265.94	41839.81
265.99	41781.79
266.04	41725.85
266.09	41687.87
266.14	41654.65
266.19	41615.77
266.23	41582.20
266.28	41537.27
266.33	41501.25
266.38	41469.67
266.43	41444.67
266.48	41424.23
266.52	41403.20
266.57	41362.59
266.62	41324.45
266.67	41272.82
266.72	41223.66
266.77	41186.93
266.81	41162.65
266.86	41134.83
266.91	41105.62
266.96	41064.10
267.01	41025.40
267.06	40978.43
267.10	40928.29
267.15	40875.89
267.20	40849.92
267.25	40808.96
267.30	40769.85
267.35	40733.05
267.39	40705.37
267.44	40665.65
267.49	40616.71
267.54	40575.31
267.59	40526.61
267.64	40470.02
267.68	40402.02
267.73	40344.76
267.78	40300.19
267.83	40274.06
267.88	40257.54
267.93	40252.50
267.97	40248.13
268.02	40218.11
268.07	40170.20
268.12	40113.75
268.17	40054.90
268.21	40010.30
268.26	39959.04
268.31	39911.05
268.36	39868.52
268.41	39816.40
268.46	39761.21
268.50	39723.84
268.55	39682.40
268.60	39626.06
268.65	39570.64
268.70	39488.97
268.74	39418.97
268.79	39340.65
268.84	39282.25
268.89	39240.29
268.94	39215.33
268.99	39175.35
269.03	39144.44
269.08	39096.54
269.13	39024.62
269.18	38943.70
269.23	38847.17
269.27	38731.90
269.32	38600.96
269.37	38478.52
269.42	38342.60
269.47	38204.76
269.51	38067.89
269.56	37936.39
269.61	37794.50
269.66	37645.16
269.71	37489.11
269.76	37343.51
269.80	37197.84
269.85	37042.39
269.90	36901.31
269.95	36758.85
270.00	36599.57
270.04	36442.44
270.09	36298.57
270.14	36151.07
270.19	36013.40
270.24	35878.82
270.28	35728.48
270.33	35556.93
270.38	35384.77
270.43	35205.35
270.48	35032.39
270.52	34869.75
270.57	34716.58
270.62	34556.86
270.67	34399.71
270.72	34236.51
270.76	34064.30
270.81	33896.26
270.86	33722.86
270.91	33549.93
270.96	33379.93
271.00	33221.28
271.05	33063.66
271.10	32924.94
271.15	32795.35
271.20	32672.41
271.24	32532.16
271.29	32395.37
271.34	32251.81
271.39	32099.07
271.44	31949.01
271.48	31816.26
271.53	31671.65
271.58	31528.30
271.63	31380.19
271.67	31228.94
271.72	31075.19
271.77	30927.80
271.82	30787.64
271.87	30652.37
271.91	30501.25
271.96	30359.80
272.01	30227.00
272.06	30092.37
272.11	29967.91
272.15	29865.98
272.20	29765.94
272.25	29661.77
272.30	29557.41
272.35	29449.31
272.39	29334.76
272.44	29208.37
272.49	29077.98
272.54	28937.32
272.58	28789.43
272.63	28635.43
272.68	28486.80
272.73	28327.35
272.78	28156.89
272.82	27962.86
272.87	27742.13
272.92	27449.90
272.97	26923.08
273.01	23959.82
273.06	18998.15
273.11	13532.29
273.16	8167.53
273.21	3077.75
273.25	465.98
273.30	-88.46
273.35	-89.04
