165.32	3382.38
165.38	-247.23
165.44	597.00
165.50	-76.80
165.55	-18.99
165.61	2.59
165.67	29.68
165.72	38.13
165.78	43.15
165.84	41.76
165.89	38.90
165.95	36.98
166.01	36.03
166.06	37.31
166.12	39.57
166.18	37.79
166.23	40.07
166.29	39.66
166.35	36.12
166.40	35.26
166.46	41.90
166.52	44.59
166.57	45.43
166.63	46.20
166.69	48.98
166.74	43.09
166.80	43.62
166.86	45.51
166.91	46.26
166.97	40.38
167.03	42.54
167.08	36.85
167.14	36.10
167.20	34.31
167.25	46.94
167.31	47.51
167.37	52.67
167.42	54.12
167.48	60.13
167.54	54.73
167.59	53.94
167.65	49.69
167.71	49.68
167.76	48.63
167.82	44.01
167.88	43.88
167.93	51.91
167.99	51.08
168.05	53.60
168.10	61.72
168.16	61.24
168.21	59.01
168.27	62.96
168.33	64.26
168.38	56.78
168.44	61.91
168.50	60.42
168.55	59.07
168.61	59.71
168.67	61.75
168.72	58.24
168.78	59.02
168.84	55.18
168.89	54.05
168.95	54.73
169.01	54.00
169.06	52.88
169.12	51.84
169.18	49.73
169.23	49.65
169.29	54.15
169.34	58.71
169.40	61.67
169.46	66.36
169.51	68.17
169.57	64.16
169.63	59.87
169.68	65.25
169.74	61.57
169.80	67.79
169.85	68.71
169.91	72.96
169.97	68.41
170.02	68.16
170.08	66.74
170.13	67.14
170.19	66.86
170.25	68.56
170.30	72.62
170.36	64.25
170.42	66.48
170.47	67.48
170.53	69.09
170.59	66.10
170.64	70.28
170.70	68.40
170.76	65.72
170.81	67.14
170.87	66.46
170.92	67.18
170.98	70.13
171.04	72.52
171.09	68.51
171.15	75.82
171.21	76.32
171.26	73.46
171.32	70.83
171.37	74.08
171.43	69.05
171.49	73.69
171.54	76.80
171.60	78.14
171.66	80.44
171.71	80.72
171.77	78.54
171.83	84.48
171.88	84.17
171.94	83.32
171.99	87.93
172.05	86.94
172.11	87.96
172.16	96.41
172.22	96.89
172.28	97.17
172.33	95.29
172.39	91.92
172.44	88.52
172.50	93.72
172.56	92.78
172.61	100.76
172.67	100.55
172.72	100.46
172.78	95.64
172.84	91.04
172.89	84.50
172.95	83.34
173.01	84.50
173.06	82.88
173.12	88.83
173.17	90.39
173.23	90.41
173.29	90.46
173.34	92.33
173.40	86.37
173.46	86.48
173.51	89.04
173.57	89.05
173.62	83.29
173.68	90.21
173.74	89.22
173.79	90.58
173.85	87.40
173.90	90.39
173.96	86.89
174.02	84.29
174.07	76.49
174.13	75.52
174.18	77.91
174.24	71.18
174.30	71.46
174.35	76.12
174.41	73.87
174.47	68.17
174.52	69.06
174.58	68.58
174.63	64.35
174.69	63.01
174.75	64.61
174.80	75.92
174.86	72.81
174.91	73.94
174.97	73.96
175.03	71.13
175.08	58.91
175.14	65.31
175.19	61.38
175.25	61.89
175.31	66.44
175.36	68.10
175.42	65.36
175.47	69.97
175.53	70.06
175.59	66.54
175.64	67.73
175.70	66.04
175.75	61.59
175.81	60.34
175.87	61.23
175.92	57.71
175.98	58.92
176.03	58.96
176.09	59.25
176.15	59.03
176.20	59.97
176.26	59.88
176.31	63.11
176.37	60.88
176.42	61.98
176.48	65.42
176.54	62.94
176.59	59.75
176.65	62.52
176.70	64.27
176.76	63.52
176.82	61.42
176.87	58.62
176.93	58.69
176.98	57.11
177.04	52.20
177.10	57.34
177.15	58.89
177.21	59.44
177.26	58.36
177.32	62.23
177.37	64.12
177.43	67.77
177.49	64.33
177.54	62.04
177.60	62.48
177.65	62.76
177.71	57.51
177.77	60.63
177.82	62.06
177.88	65.46
177.93	60.98
177.99	67.49
178.04	62.96
178.10	63.84
178.16	57.40
178.21	58.12
178.27	55.32
178.32	59.65
178.38	58.28
178.43	60.14
178.49	60.20
178.55	59.43
178.60	57.93
178.66	57.61
178.71	59.12
178.77	57.40
178.82	58.24
178.88	57.99
178.94	58.20
178.99	58.73
179.05	62.46
179.10	58.55
179.16	61.38
179.21	63.84
179.27	63.21
179.33	59.18
179.38	63.13
179.44	60.94
179.49	61.16
179.55	58.88
179.60	59.04
179.66	57.72
179.72	60.77
179.77	57.64
179.83	56.67
179.88	58.22
179.94	59.62
179.99	55.49
180.05	56.21
180.11	57.06
180.16	59.51
180.22	62.14
180.27	66.86
180.33	68.02
180.38	72.23
180.44	67.75
180.49	67.08
180.55	65.37
180.61	69.36
180.66	64.15
180.72	62.59
180.77	60.95
180.83	60.54
180.88	57.12
180.94	56.56
180.99	59.97
181.05	59.95
181.11	61.06
181.16	61.71
181.22	63.48
181.27	66.14
181.33	64.68
181.38	61.33
181.44	61.92
181.49	66.53
181.55	67.38
181.61	73.63
181.66	76.82
181.72	75.00
181.77	71.96
181.83	69.23
181.88	74.13
181.94	75.02
181.99	80.42
182.05	80.82
182.11	81.91
182.16	72.83
182.22	71.28
182.27	66.24
182.33	69.20
182.38	68.77
182.44	74.25
182.49	76.34
182.55	78.87
182.60	78.34
182.66	82.06
182.72	83.89
182.77	86.01
182.83	89.31
182.88	92.27
182.94	92.75
182.99	90.16
183.05	88.60
183.10	90.51
183.16	89.82
183.21	91.13
183.27	98.65
183.32	103.04
183.38	106.38
183.44	112.63
183.49	117.53
183.55	118.72
183.60	125.43
183.66	131.37
183.71	141.06
183.77	148.94
183.82	158.27
183.88	168.70
183.93	180.08
183.99	193.03
184.04	209.88
184.10	222.21
184.15	234.40
184.21	247.99
184.27	250.52
184.32	251.45
184.38	249.60
184.43	246.01
184.49	229.67
184.54	212.74
184.60	202.33
184.65	188.87
184.71	178.92
184.76	180.66
184.82	198.34
184.87	215.61
184.93	240.55
184.98	268.86
185.04	299.93
185.09	324.36
185.15	350.48
185.20	382.50
185.26	415.93
185.31	443.79
185.37	471.69
185.43	492.00
185.48	511.41
185.54	534.53
185.59	560.73
185.65	586.59
185.70	627.53
185.76	673.26
185.81	708.71
185.87	745.68
185.92	790.10
185.98	825.40
186.03	841.87
186.09	843.51
186.14	819.73
186.20	765.31
186.25	680.24
186.31	594.92
186.36	529.10
186.42	499.46
186.47	509.82
186.53	557.27
186.58	626.73
186.64	702.44
186.69	775.16
186.75	835.67
186.80	894.13
186.86	951.49
186.91	1010.12
186.97	1065.12
187.02	1136.05
187.08	1204.58
187.13	1265.29
187.19	1326.68
187.24	1391.05
187.30	1436.16
187.35	1483.52
187.41	1542.17
187.47	1603.17
187.52	1654.45
187.58	1714.36
187.63	1785.91
187.69	1859.78
187.74	1919.92
187.80	1976.19
187.85	2024.77
187.91	2048.03
187.96	2032.43
188.02	1971.50
188.07	1866.01
188.13	1711.30
188.18	1546.38
188.24	1426.18
188.29	1368.68
188.35	1376.53
188.40	1457.00
188.46	1583.53
188.51	1707.13
188.57	1835.96
188.62	1963.36
188.67	2079.61
188.73	2187.54
188.78	2295.62
188.84	2399.03
188.89	2501.79
188.95	2606.67
189.00	2699.33
189.06	2795.70
189.11	2888.64
189.17	2970.83
189.22	3045.22
189.28	3131.17
189.33	3207.29
189.39	3271.98
189.44	3337.83
189.50	3411.35
189.55	3481.71
189.61	3535.52
189.66	3593.35
189.72	3651.02
189.77	3702.04
189.83	3728.15
189.88	3737.90
189.94	3708.78
189.99	3629.46
190.05	3476.89
190.10	3258.55
190.16	3006.56
190.21	2783.46
190.27	2638.23
190.32	2595.29
190.38	2661.81
190.43	2810.49
190.49	2988.01
190.54	3145.07
190.60	3285.14
190.65	3406.64
190.71	3515.65
190.76	3619.48
190.81	3722.16
190.87	3826.27
190.92	3946.29
190.98	4066.62
191.03	4189.73
191.09	4322.74
191.14	4438.19
191.20	4531.25
191.25	4633.29
191.31	4731.41
191.36	4826.66
191.42	4932.40
191.47	5044.06
191.53	5154.24
191.58	5245.52
191.64	5318.15
191.69	5383.78
191.75	5431.57
191.80	5462.33
191.85	5484.10
191.91	5507.10
191.96	5525.10
192.02	5556.58
192.07	5571.49
192.13	5566.95
192.18	5518.28
192.24	5405.35
192.29	5209.17
192.35	4982.39
192.40	4800.11
192.46	4694.18
192.51	4686.18
192.57	4779.89
192.62	4954.83
192.67	5138.74
192.73	5320.46
192.78	5485.48
192.84	5638.06
192.89	5777.16
192.95	5906.44
193.00	6015.92
193.06	6126.81
193.11	6233.92
193.17	6325.60
193.22	6411.04
193.28	6501.78
193.33	6575.14
193.38	6642.47
193.44	6712.49
193.49	6786.68
193.55	6848.35
193.60	6910.16
193.66	6965.03
193.71	7009.20
193.77	7034.78
193.82	7052.81
193.88	7066.30
193.93	7089.85
193.98	7115.33
194.04	7152.89
194.09	7194.96
194.15	7250.27
194.20	7295.50
194.26	7337.13
194.31	7379.42
194.37	7409.81
194.42	7418.08
194.47	7410.39
194.53	7367.98
194.58	7280.91
194.64	7171.44
194.69	7074.30
194.75	7004.03
194.80	6988.12
194.86	7030.43
194.91	7123.44
194.97	7226.91
195.02	7336.13
195.07	7444.31
195.13	7547.54
195.18	7657.28
195.24	7760.43
195.29	7861.86
195.35	7955.37
195.40	8048.16
195.46	8123.45
195.51	8206.18
195.56	8289.49
195.62	8369.88
195.67	8435.28
195.73	8507.86
195.78	8567.60
195.84	8613.26
195.89	8645.28
195.94	8684.33
196.00	8719.25
196.05	8756.03
196.11	8805.34
196.16	8863.46
196.22	8924.09
196.27	8983.62
196.32	9042.63
196.38	9087.18
196.43	9134.19
196.49	9171.83
196.54	9206.51
196.60	9245.02
196.65	9290.70
196.71	9335.53
196.76	9383.08
196.81	9420.88
196.87	9454.29
196.92	9483.22
196.98	9501.03
197.03	9509.34
197.09	9506.53
197.14	9501.97
197.19	9502.41
197.25	9514.77
197.30	9540.60
197.36	9594.82
197.41	9658.90
197.47	9722.73
197.52	9784.72
197.57	9847.76
197.63	9897.47
197.68	9949.27
197.74	10002.41
197.79	10047.17
197.84	10091.68
197.90	10142.48
197.95	10182.52
198.01	10223.92
198.06	10270.69
198.12	10314.87
198.17	10353.92
198.22	10395.13
198.28	10430.13
198.33	10471.38
198.39	10513.50
198.44	10557.12
198.49	10609.97
198.55	10656.92
198.60	10702.02
198.66	10743.15
198.71	10795.50
198.77	10836.36
198.82	10889.98
198.87	10937.91
198.93	10990.70
198.98	11032.32
199.04	11076.25
199.09	11113.75
199.14	11156.68
199.20	11196.80
199.25	11235.25
199.31	11280.97
199.36	11324.64
199.42	11369.27
199.47	11410.37
199.52	11456.80
199.58	11494.72
199.63	11522.40
199.69	11552.28
199.74	11585.02
199.79	11607.26
199.85	11634.14
199.90	11679.66
199.96	11717.95
200.01	11761.89
200.06	11813.50
200.12	11861.34
200.17	11909.31
200.23	11960.41
200.28	12003.63
200.33	12057.79
200.39	12106.59
200.44	12149.68
200.50	12188.69
200.55	12229.55
200.60	12267.81
200.66	12307.57
200.71	12341.89
200.77	12388.28
200.82	12428.16
200.87	12459.34
200.93	12491.87
200.98	12536.11
201.04	12574.50
201.09	12619.59
201.14	12674.56
201.20	12730.43
201.25	12785.71
201.31	12835.68
201.36	12895.71
201.41	12949.37
201.47	13009.51
201.52	13057.57
201.58	13117.24
201.63	13160.52
201.68	13206.37
201.74	13249.77
201.79	13303.33
201.84	13355.67
201.90	13409.09
201.95	13462.56
202.01	13516.24
202.06	13565.96
202.11	13606.15
202.17	13654.27
202.22	13699.29
202.28	13737.87
202.33	13778.36
202.38	13819.93
202.44	13863.81
202.49	13907.28
202.54	13960.15
202.60	14005.99
202.65	14055.41
202.71	14101.32
202.76	14143.12
202.81	14182.91
202.87	14231.43
202.92	14278.52
202.98	14331.60
203.03	14386.48
203.08	14438.01
203.14	14485.84
203.19	14539.44
203.24	14595.71
203.30	14648.25
203.35	14698.17
203.41	14750.14
203.46	14794.09
203.51	14829.52
203.57	14872.91
203.62	14923.84
203.67	14974.92
203.73	15023.76
203.78	15073.66
203.84	15124.91
203.89	15166.44
203.94	15206.24
204.00	15251.01
204.05	15295.77
204.10	15325.64
204.16	15354.87
204.21	15388.72
204.27	15411.03
204.32	15429.32
204.37	15452.78
204.43	15470.29
204.48	15472.31
204.53	15479.84
204.59	15508.34
204.64	15565.44
204.69	15647.94
204.75	15751.31
204.80	15865.49
204.86	15957.85
204.91	16030.05
204.96	16084.33
205.02	16123.33
205.07	16167.52
205.12	16228.30
205.18	16294.66
205.23	16376.13
205.28	16465.37
205.34	16545.74
205.39	16624.40
205.45	16699.64
205.50	16755.89
205.55	16814.75
205.61	16876.57
205.66	16932.38
205.71	16992.26
205.77	17056.48
205.82	17122.36
205.87	17176.90
205.93	17227.01
205.98	17275.14
206.03	17319.29
206.09	17363.32
206.14	17411.96
206.20	17462.49
206.25	17511.96
206.30	17575.14
206.36	17631.59
206.41	17699.41
206.46	17759.53
206.52	17807.02
206.57	17856.04
206.62	17898.31
206.68	17938.07
206.73	17981.76
206.78	18041.96
206.84	18095.15
206.89	18159.61
206.94	18222.65
207.00	18290.29
207.05	18358.01
207.11	18423.09
207.16	18480.80
207.21	18542.22
207.27	18597.85
207.32	18650.64
207.37	18706.45
207.43	18766.17
207.48	18812.81
207.53	18869.51
207.59	18921.95
207.64	18973.35
207.69	19038.23
207.75	19109.72
207.80	19165.36
207.85	19224.54
207.91	19284.47
207.96	19337.20
208.01	19393.50
208.07	19455.91
208.12	19519.95
208.17	19572.80
208.23	19622.00
208.28	19668.72
208.33	19727.33
208.39	19779.92
208.44	19849.64
208.49	19912.19
208.55	19972.92
208.60	20024.81
208.65	20077.68
208.71	20128.50
208.76	20185.62
208.81	20244.07
208.87	20305.96
208.92	20364.86
208.97	20429.57
209.03	20492.21
209.08	20549.65
209.13	20607.45
209.19	20669.81
209.24	20715.79
209.29	20773.76
209.35	20833.96
209.40	20897.53
209.45	20959.44
209.51	21028.69
209.56	21093.22
209.61	21159.40
209.67	21224.40
209.72	21288.81
209.77	21349.89
209.83	21409.15
209.88	21476.36
209.93	21537.90
209.99	21599.48
210.04	21667.51
210.09	21733.90
210.15	21787.18
210.20	21843.48
210.25	21904.07
210.31	21968.88
210.36	22015.04
210.41	22070.58
210.46	22133.83
210.52	22191.71
210.57	22241.32
210.62	22304.07
210.68	22371.94
210.73	22424.42
210.78	22488.15
210.84	22552.39
210.89	22618.95
210.94	22673.44
211.00	22735.12
211.05	22784.44
211.10	22841.40
211.16	22898.03
211.21	22965.58
211.26	23028.23
211.32	23096.45
211.37	23161.45
211.42	23233.46
211.47	23300.81
211.53	23368.64
211.58	23433.14
211.63	23497.03
211.69	23552.80
211.74	23600.97
211.79	23646.56
211.85	23703.74
211.90	23764.26
211.95	23826.43
212.01	23890.95
212.06	23973.74
212.11	24047.55
212.16	24116.68
212.22	24196.31
212.27	24266.24
212.32	24330.48
212.38	24399.42
212.43	24466.15
212.48	24520.08
212.54	24590.74
212.59	24662.41
212.64	24729.75
212.69	24790.10
212.75	24854.55
212.80	24916.23
212.85	24977.72
212.91	25027.67
212.96	25087.41
213.01	25156.26
213.07	25218.58
213.12	25277.61
213.17	25341.17
213.22	25409.08
213.28	25468.19
213.33	25524.08
213.38	25583.87
213.44	25649.20
213.49	25712.21
213.54	25782.75
213.60	25860.90
213.65	25935.48
213.70	26012.46
213.75	26085.11
213.81	26140.73
213.86	26198.62
213.91	26251.48
213.97	26298.29
214.02	26341.56
214.07	26388.84
214.12	26429.80
214.18	26476.25
214.23	26525.71
214.28	26573.56
214.34	26611.11
214.39	26652.41
214.44	26673.22
214.49	26679.70
214.55	26667.00
214.60	26651.21
214.65	26616.29
214.71	26591.38
214.76	26608.05
214.81	26683.70
214.86	26819.74
214.92	26985.29
214.97	27161.52
215.02	27310.95
215.08	27420.11
215.13	27492.66
215.18	27538.51
215.23	27576.65
215.29	27622.15
215.34	27698.29
215.39	27788.96
215.45	27915.59
215.50	28049.91
215.55	28181.17
215.60	28287.55
215.66	28367.80
215.71	28434.16
215.76	28504.49
215.81	28564.46
215.87	28624.96
215.92	28691.15
215.97	28746.39
216.03	28804.38
216.08	28862.86
216.13	28920.98
216.18	28974.92
216.24	29042.16
216.29	29095.90
216.34	29153.59
216.39	29218.01
216.45	29281.15
216.50	29332.86
216.55	29390.71
216.61	29460.73
216.66	29515.51
216.71	29576.26
216.76	29637.44
216.82	29707.22
216.87	29768.06
216.92	29847.63
216.97	29918.24
217.03	29997.35
217.08	30070.64
217.13	30151.04
217.18	30214.76
217.24	30284.17
217.29	30353.72
217.34	30406.43
217.39	30448.05
217.45	30495.82
217.50	30543.97
217.55	30604.01
217.61	30669.50
217.66	30737.41
217.71	30809.99
217.76	30887.85
217.82	30959.31
217.87	31037.18
217.92	31114.64
217.97	31186.34
218.03	31252.66
218.08	31295.49
218.13	31342.42
218.18	31388.56
218.24	31453.30
218.29	31507.30
218.34	31572.22
218.39	31638.61
218.45	31705.43
218.50	31755.09
218.55	31821.12
218.60	31885.64
218.66	31937.80
218.71	32000.86
218.76	32070.64
218.81	32132.46
218.87	32197.56
218.92	32268.58
218.97	32338.10
219.02	32405.24
219.08	32472.37
219.13	32544.99
219.18	32614.17
219.23	32677.50
219.29	32736.40
219.34	32800.61
219.39	32864.91
219.44	32926.63
219.50	32994.03
219.55	33057.46
219.60	33120.40
219.65	33183.03
219.71	33240.99
219.76	33294.53
219.81	33354.19
219.86	33414.33
219.92	33465.71
219.97	33527.88
220.02	33587.55
220.07	33636.91
220.13	33694.99
220.18	33762.27
220.23	33829.63
220.28	33907.79
220.33	33986.53
220.39	34053.98
220.44	34112.62
220.49	34175.73
220.54	34213.84
220.60	34264.62
220.65	34324.75
220.70	34389.54
220.75	34453.12
220.81	34541.76
220.86	34626.07
220.91	34690.65
220.96	34757.62
221.02	34827.29
221.07	34887.21
221.12	34948.81
221.17	35007.04
221.22	35067.55
221.28	35122.21
221.33	35178.87
221.38	35229.07
221.43	35306.21
221.49	35368.77
221.54	35438.29
221.59	35506.66
221.64	35588.30
221.69	35668.41
221.75	35769.26
221.80	35854.88
221.85	35930.64
221.90	36002.88
221.96	36063.32
222.01	36094.25
222.06	36133.51
222.11	36186.64
222.17	36226.03
222.22	36254.24
222.27	36308.14
222.32	36359.42
222.37	36409.32
222.43	36475.22
222.48	36547.65
222.53	36613.74
222.58	36695.74
222.63	36765.94
222.69	36833.13
222.74	36906.30
222.79	36975.14
222.84	37019.05
222.90	37071.11
222.95	37110.20
223.00	37144.71
223.05	37195.88
223.10	37262.90
223.16	37325.87
223.21	37382.08
223.26	37434.20
223.31	37473.08
223.36	37507.45
223.42	37548.50
223.47	37586.95
223.52	37635.28
223.57	37684.80
223.63	37739.66
223.68	37786.47
223.73	37859.93
223.78	37934.80
223.83	38004.80
223.89	38064.92
223.94	38124.00
223.99	38187.22
224.04	38258.09
224.09	38333.98
224.15	38423.62
224.20	38516.18
224.25	38604.97
224.30	38688.19
224.35	38771.93
224.41	38864.93
224.46	38952.72
224.51	39032.09
224.56	39109.27
224.61	39188.68
224.67	39258.51
224.72	39329.45
224.77	39426.64
224.82	39523.38
224.87	39607.57
224.93	39687.28
224.98	39780.24
225.03	39859.48
225.08	39936.33
225.13	40026.00
225.19	40116.98
225.24	40208.57
225.29	40280.83
225.34	40370.41
225.39	40455.52
225.45	40536.77
225.50	40607.66
225.55	40688.33
225.60	40752.63
225.65	40819.86
225.71	40888.29
225.76	40965.94
225.81	41029.83
225.86	41091.16
225.91	41143.21
225.97	41184.89
226.02	41206.36
226.07	41218.90
226.12	41244.64
226.17	41293.06
226.22	41376.05
226.28	41501.74
226.33	41668.46
226.38	41825.61
226.43	41968.27
226.48	42074.26
226.54	42143.00
226.59	42201.04
226.64	42249.55
226.69	42276.74
226.74	42322.41
226.80	42394.81
226.85	42464.66
226.90	42545.39
226.95	42661.47
227.00	42774.74
227.05	42881.29
227.11	42981.22
227.16	43078.45
227.21	43166.64
227.26	43251.43
227.31	43328.99
227.37	43393.56
227.42	43476.18
227.47	43555.66
227.52	43628.71
227.57	43689.46
227.62	43767.87
227.68	43838.35
227.73	43909.08
227.78	43985.85
227.83	44071.43
227.88	44150.91
227.93	44228.92
227.99	44307.83
228.04	44383.95
228.09	44462.04
228.14	44532.32
228.19	44595.42
228.24	44656.61
228.30	44722.51
228.35	44780.82
228.40	44849.81
228.45	44918.16
228.50	44992.80
228.56	45058.11
228.61	45129.33
228.66	45188.44
228.71	45240.62
228.76	45279.28
228.81	45326.50
228.87	45365.62
228.92	45427.95
228.97	45493.45
229.02	45586.81
229.07	45661.42
229.12	45752.61
229.17	45826.65
229.23	45903.34
229.28	45971.10
229.33	46050.54
229.38	46123.02
229.43	46191.71
229.48	46273.19
229.54	46335.40
229.59	46405.59
229.64	46476.38
229.69	46561.40
229.74	46650.64
229.79	46729.25
229.85	46811.85
229.90	46883.03
229.95	46945.97
230.00	46992.03
230.05	47067.78
230.10	47122.19
230.16	47190.62
230.21	47249.34
230.26	47308.46
230.31	47343.64
230.36	47407.56
230.41	47460.59
230.46	47540.36
230.52	47630.42
230.57	47721.86
230.62	47801.43
230.67	47870.25
230.72	47925.58
230.77	47974.08
230.82	48027.07
230.88	48060.62
230.93	48108.27
230.98	48152.49
231.03	48205.60
231.08	48258.22
231.13	48309.74
231.19	48379.61
231.24	48458.67
231.29	48525.74
231.34	48596.27
231.39	48681.61
231.44	48750.79
231.49	48795.04
231.55	48844.99
231.60	48888.62
231.65	48936.77
231.70	48981.58
231.75	49041.58
231.80	49098.15
231.85	49157.31
231.91	49203.24
231.96	49254.26
232.01	49313.09
232.06	49372.96
232.11	49441.42
232.16	49515.52
232.21	49593.05
232.26	49681.15
232.32	49765.25
232.37	49834.90
232.42	49905.05
232.47	49957.17
232.52	49996.31
232.57	50034.82
232.62	50089.35
232.68	50147.51
232.73	50218.16
232.78	50303.29
232.83	50385.87
232.88	50461.48
232.93	50531.66
232.98	50597.52
233.03	50644.89
233.09	50699.59
233.14	50765.26
233.19	50821.41
233.24	50878.34
233.29	50929.86
233.34	50965.53
233.39	50982.96
233.45	51015.50
233.50	51058.20
233.55	51103.34
233.60	51171.19
233.65	51237.35
233.70	51301.77
233.75	51344.47
233.80	51396.14
233.86	51443.99
233.91	51493.63
233.96	51545.71
234.01	51605.18
234.06	51665.03
234.11	51728.16
234.16	51782.62
234.21	51839.41
234.26	51889.41
234.32	51922.37
234.37	51952.27
234.42	51988.76
234.47	52008.22
234.52	52037.32
234.57	52081.90
234.62	52125.40
234.67	52180.70
234.73	52240.30
234.78	52296.87
234.83	52343.55
234.88	52396.54
234.93	52423.05
234.98	52463.55
235.03	52502.12
235.08	52561.54
235.13	52608.16
235.19	52684.21
235.24	52749.33
235.29	52825.51
235.34	52868.26
235.39	52904.47
235.44	52931.59
235.49	52964.41
235.54	52987.11
235.59	53013.73
235.65	53046.76
235.70	53085.67
235.75	53126.40
235.80	53168.70
235.85	53220.66
235.90	53266.20
235.95	53294.94
236.00	53314.26
236.05	53345.19
236.11	53377.85
236.16	53415.26
236.21	53460.81
236.26	53503.85
236.31	53534.26
236.36	53551.24
236.41	53562.66
236.46	53570.39
236.51	53594.60
236.56	53614.84
236.62	53641.25
236.67	53680.68
236.72	53728.51
236.77	53745.80
236.82	53790.16
236.87	53820.68
236.92	53843.86
236.97	53883.73
237.02	53934.55
237.07	53978.87
237.13	54044.02
237.18	54099.92
237.23	54138.01
237.28	54174.53
237.33	54208.99
237.38	54221.67
237.43	54244.49
237.48	54252.87
237.53	54277.31
237.58	54312.11
237.63	54361.46
237.69	54412.09
237.74	54465.98
237.79	54508.44
237.84	54509.81
237.89	54507.87
237.94	54501.04
237.99	54506.43
238.04	54517.00
238.09	54546.87
238.14	54577.10
238.19	54611.26
238.25	54634.03
238.30	54634.23
238.35	54634.17
238.40	54632.12
238.45	54624.33
238.50	54633.52
238.55	54644.63
238.60	54668.64
238.65	54694.73
238.70	54717.16
238.75	54728.39
238.80	54757.48
238.86	54771.08
238.91	54789.93
238.96	54820.62
239.01	54857.06
239.06	54885.01
239.11	54918.07
239.16	54938.22
239.21	54940.89
239.26	54924.82
239.31	54934.33
239.36	54937.62
239.41	54949.45
239.46	54974.49
239.52	55015.07
239.57	55037.17
239.62	55067.76
239.67	55099.72
239.72	55130.84
239.77	55142.04
239.82	55163.98
239.87	55163.81
239.92	55162.43
239.97	55148.39
240.02	55143.69
240.07	55127.36
240.12	55126.42
240.17	55135.43
240.23	55138.42
240.28	55143.31
240.33	55152.61
240.38	55146.66
240.43	55144.18
240.48	55162.32
240.53	55179.78
240.58	55198.21
240.63	55239.25
240.68	55241.13
240.73	55229.67
240.78	55226.85
240.83	55218.38
240.88	55187.86
240.93	55187.36
240.98	55196.21
241.04	55211.24
241.09	55238.32
241.14	55264.40
241.19	55301.39
241.24	55334.53
241.29	55357.49
241.34	55362.89
241.39	55382.56
241.44	55391.03
241.49	55385.46
241.54	55375.34
241.59	55376.09
241.64	55378.40
241.69	55365.68
241.74	55361.19
241.79	55353.21
241.84	55339.96
241.90	55317.98
241.95	55293.03
242.00	55263.37
242.05	55237.68
242.10	55227.42
242.15	55207.76
242.20	55203.96
242.25	55202.25
242.30	55199.58
242.35	55184.31
242.40	55181.26
242.45	55169.92
242.50	55157.45
242.55	55150.49
242.60	55151.00
242.65	55146.64
242.70	55165.96
242.75	55200.53
242.80	55241.77
242.85	55272.96
242.91	55290.29
242.96	55274.39
243.01	55247.57
243.06	55222.00
243.11	55195.05
243.16	55176.46
243.21	55181.06
243.26	55189.81
243.31	55197.95
243.36	55198.81
243.41	55216.31
243.46	55213.97
243.51	55186.01
243.56	55136.77
243.61	55090.30
243.66	55053.59
243.71	55020.80
243.76	55017.56
243.81	55034.53
243.86	55041.02
243.91	55040.15
243.96	55041.66
244.01	55018.20
244.06	54988.04
244.12	54976.66
244.17	54959.97
244.22	54953.32
244.27	54983.11
244.32	55010.00
244.37	55029.52
244.42	55043.07
244.47	55035.04
244.52	55015.08
244.57	54986.89
244.62	54965.40
244.67	54943.25
244.72	54924.77
244.77	54911.82
244.82	54925.03
244.87	54951.55
244.92	54970.82
244.97	54994.71
245.02	54995.59
245.07	54970.55
245.12	54948.15
245.17	54921.34
245.22	54915.26
245.27	54911.42
245.32	54881.89
245.37	54835.16
245.42	54801.15
245.47	54754.60
245.52	54705.61
245.57	54696.15
245.62	54680.97
245.67	54670.36
245.72	54654.79
245.77	54642.30
245.82	54622.71
245.87	54625.78
245.92	54628.31
245.98	54623.29
246.03	54620.65
246.08	54625.01
246.13	54611.93
246.18	54614.01
246.23	54617.56
246.28	54605.31
246.33	54587.66
246.38	54567.00
246.43	54530.56
246.48	54503.19
246.53	54508.05
246.58	54519.73
246.63	54526.90
246.68	54518.84
246.73	54508.19
246.78	54474.10
246.83	54420.55
246.88	54365.20
246.93	54322.66
246.98	54270.30
247.03	54238.21
247.08	54233.39
247.13	54228.23
247.18	54222.44
247.23	54244.17
247.28	54249.35
247.33	54224.26
247.38	54196.16
247.43	54181.26
247.48	54165.28
247.53	54134.17
247.58	54103.22
247.63	54085.47
247.68	54046.49
247.73	53981.23
247.78	53950.26
247.83	53924.78
247.88	53898.56
247.93	53893.65
247.98	53899.00
248.03	53901.29
248.08	53915.85
248.13	53916.98
248.18	53904.71
248.23	53895.76
248.28	53860.38
248.33	53820.20
248.38	53784.76
248.43	53761.06
248.48	53747.02
248.53	53743.83
248.58	53723.70
248.63	53714.58
248.68	53686.55
248.73	53643.00
248.78	53602.22
248.83	53558.52
248.88	53496.54
248.93	53434.10
248.98	53363.50
249.03	53317.14
249.08	53295.51
249.13	53288.56
249.18	53285.82
249.23	53300.35
249.28	53291.66
249.33	53285.57
249.38	53272.65
249.43	53259.12
249.48	53236.49
249.53	53228.46
249.58	53195.67
249.63	53172.70
249.68	53153.35
249.73	53137.89
249.78	53109.95
249.83	53111.06
249.88	53082.16
249.93	53063.54
249.98	53048.96
250.03	53044.92
250.08	53016.30
250.13	53015.51
250.18	52994.51
250.23	52951.34
250.28	52897.53
250.33	52848.26
250.37	52800.53
250.42	52757.26
250.47	52742.87
250.52	52733.88
250.57	52719.28
250.62	52684.43
250.67	52652.66
250.72	52621.99
250.77	52582.57
250.82	52556.33
250.87	52555.61
250.92	52551.36
250.97	52528.39
251.02	52519.29
251.07	52524.07
251.12	52499.86
251.17	52473.98
251.22	52442.31
251.27	52405.53
251.32	52346.87
251.37	52291.05
251.42	52243.23
251.47	52207.81
251.52	52185.87
251.57	52170.51
251.62	52165.94
251.67	52157.52
251.72	52135.68
251.77	52086.06
251.82	52039.18
251.87	51990.99
251.92	51939.32
251.97	51888.79
252.02	51853.57
252.07	51827.99
252.12	51818.18
252.16	51804.94
252.21	51806.74
252.26	51811.95
252.31	51814.65
252.36	51799.28
252.41	51787.82
252.46	51764.50
252.51	51737.62
252.56	51702.36
252.61	51677.43
252.66	51646.28
252.71	51621.36
252.76	51589.85
252.81	51543.44
252.86	51484.38
252.91	51441.71
252.96	51386.06
253.01	51323.77
253.06	51265.66
253.11	51221.10
253.16	51170.16
253.21	51117.81
253.26	51078.94
253.31	51055.02
253.36	51034.41
253.40	51011.95
253.45	51007.52
253.50	50972.60
253.55	50934.55
253.60	50885.18
253.65	50842.14
253.70	50796.36
253.75	50778.16
253.80	50762.57
253.85	50758.20
253.90	50757.48
253.95	50742.13
254.00	50740.53
254.05	50720.38
254.10	50685.46
254.15	50646.71
254.20	50623.11
254.25	50585.45
254.30	50556.11
254.35	50514.71
254.39	50449.38
254.44	50376.36
254.49	50299.79
254.54	50256.10
254.59	50224.98
254.64	50218.23
254.69	50211.61
254.74	50213.74
254.79	50189.15
254.84	50155.62
254.89	50134.14
254.94	50120.90
254.99	50100.82
255.04	50091.43
255.09	50090.67
255.14	50063.52
255.19	50044.94
255.23	50040.81
255.28	50019.78
255.33	50006.80
255.38	49994.68
255.43	49983.17
255.48	49946.68
255.53	49912.86
255.58	49885.24
255.63	49865.66
255.68	49825.90
255.73	49787.03
255.78	49761.28
255.83	49732.40
255.88	49704.00
255.93	49669.39
255.97	49650.35
256.02	49621.71
256.07	49571.02
256.12	49498.01
256.17	49444.36
256.22	49389.85
256.27	49330.45
256.32	49288.47
256.37	49274.28
256.42	49259.03
256.47	49230.64
256.52	49204.87
256.57	49179.86
256.62	49161.60
256.66	49147.85
256.71	49125.65
256.76	49091.16
256.81	49042.95
256.86	48985.36
256.91	48935.09
256.96	48888.06
257.01	48854.40
257.06	48832.69
257.11	48801.62
257.16	48745.46
257.21	48706.14
257.26	48670.49
257.30	48638.85
257.35	48599.12
257.40	48581.42
257.45	48567.36
257.50	48542.49
257.55	48506.65
257.60	48492.86
257.65	48469.21
257.70	48423.75
257.75	48386.23
257.80	48354.59
257.85	48313.38
257.89	48261.62
257.94	48209.15
257.99	48146.16
258.04	48083.94
258.09	48040.71
258.14	48012.93
258.19	47999.67
258.24	47984.99
258.29	47951.52
258.34	47909.78
258.39	47872.27
258.44	47811.04
258.48	47760.41
258.53	47726.75
258.58	47686.16
258.63	47633.91
258.68	47595.49
258.73	47558.14
258.78	47523.27
258.83	47486.21
258.88	47446.52
258.93	47411.92
258.97	47385.36
259.02	47351.20
259.07	47321.83
259.12	47307.57
259.17	47291.70
259.22	47268.97
259.27	47252.42
259.32	47235.90
259.37	47191.62
259.42	47153.49
259.47	47103.77
259.51	47050.62
259.56	46986.15
259.61	46917.17
259.66	46840.35
259.71	46770.52
259.76	46712.48
259.81	46651.87
259.86	46615.71
259.91	46580.12
259.95	46554.91
260.00	46522.86
260.05	46509.10
260.10	46498.50
260.15	46485.62
260.20	46475.79
260.25	46472.70
260.30	46452.05
260.35	46413.04
260.40	46385.81
260.44	46349.91
260.49	46321.37
260.54	46290.88
260.59	46265.78
260.64	46254.05
260.69	46252.12
260.74	46225.50
260.79	46190.31
260.84	46149.84
260.88	46085.47
260.93	46011.88
260.98	45967.07
261.03	45927.58
261.08	45903.76
261.13	45870.20
261.18	45829.01
261.23	45774.99
261.28	45726.00
261.32	45678.28
261.37	45636.37
261.42	45611.28
261.47	45587.97
261.52	45556.52
261.57	45514.33
261.62	45475.02
261.67	45420.41
261.71	45351.51
261.76	45303.99
261.81	45243.28
261.86	45191.56
261.91	45140.66
261.96	45099.98
262.01	45057.62
262.06	45041.65
262.10	45027.03
262.15	45020.67
262.20	45010.20
262.25	44989.21
262.30	44966.03
262.35	44940.59
262.40	44904.18
262.45	44868.54
262.49	44847.56
262.54	44814.21
262.59	44779.97
262.64	44751.18
262.69	44713.79
262.74	44662.59
262.79	44604.82
262.84	44562.56
262.88	44514.08
262.93	44471.61
262.98	44444.73
263.03	44407.80
263.08	44345.19
263.13	44282.85
263.18	44221.67
263.23	44149.84
263.27	44104.76
263.32	44066.44
263.37	44046.54
263.42	44027.71
263.47	44002.86
263.52	43980.35
263.57	43953.11
263.61	43911.99
263.66	43866.82
263.71	43830.67
263.76	43788.09
263.81	43740.75
263.86	43710.11
263.91	43671.15
263.95	43611.78
264.00	43551.56
264.05	43506.01
264.10	43438.56
264.15	43374.02
264.20	43341.29
264.25	43303.65
264.29	43260.19
264.34	43208.24
264.39	43174.76
264.44	43116.67
264.49	43069.24
264.54	43024.46
264.59	42998.01
264.63	42951.76
264.68	42900.38
264.73	42851.19
264.78	42803.55
264.83	42742.81
264.88	42703.43
264.93	42676.88
264.97	42648.38
265.02	42625.47
265.07	42610.92
265.12	42571.35
265.17	42527.09
265.22	42485.34
265.27	42429.40
265.31	42364.05
265.36	42306.86
265.41	42248.86
265.46	42182.83
265.51	42110.12
265.56	42046.68
265.60	41989.82
265.65	41931.74
265.70	41876.02
265.75	41829.36
265.80	41786.30
265.85	41726.88
265.90	41669.58
265.94	41618.82
265.99	41553.36
266.04	41496.20
266.09	41456.42
266.14	41422.86
266.19	41386.29
266.23	41365.37
266.28	41325.24
266.33	41289.86
266.38	41260.74
266.43	41236.81
266.48	41211.81
266.52	41187.88
266.57	41154.33
266.62	41110.95
266.67	41057.58
266.72	41003.61
266.77	40968.22
266.81	40940.25
266.86	40911.57
266.91	40887.29
266.96	40853.74
267.01	40813.12
267.06	40762.17
267.10	40718.46
267.15	40662.96
267.20	40630.51
267.25	40592.33
267.30	40553.72
267.35	40515.15
267.39	40485.42
267.44	40442.39
267.49	40392.26
267.54	40348.78
267.59	40300.68
267.64	40245.38
267.68	40184.79
267.73	40135.30
267.78	40094.94
267.83	40073.41
267.88	40058.15
267.93	40054.62
267.97	40041.58
268.02	40004.33
268.07	39957.04
268.12	39896.37
268.17	39829.07
268.21	39779.14
268.26	39734.01
268.31	39683.11
268.36	39643.97
268.41	39603.91
268.46	39561.64
268.50	39514.47
268.55	39466.97
268.60	39403.88
268.65	39341.09
268.70	39257.14
268.74	39193.40
268.79	39123.87
268.84	39075.17
268.89	39038.51
268.94	39009.28
268.99	38972.41
269.03	38934.32
269.08	38883.08
269.13	38805.99
269.18	38727.01
269.23	38629.04
269.27	38519.08
269.32	38391.39
269.37	38267.64
269.42	38126.68
269.47	37993.68
269.51	37856.82
269.56	37723.35
269.61	37579.23
269.66	37437.69
269.71	37284.40
269.76	37137.27
269.80	36989.53
269.85	36846.69
269.90	36707.17
269.95	36556.29
270.00	36395.53
270.04	36240.96
270.09	36094.56
270.14	35946.79
270.19	35815.01
270.24	35695.41
270.28	35548.62
270.33	35384.00
270.38	35204.97
270.43	35027.81
270.48	34844.25
270.52	34682.72
270.57	34521.46
270.62	34368.11
270.67	34214.78
270.72	34056.98
270.76	33889.56
270.81	33721.65
270.86	33554.13
270.91	33378.93
270.96	33207.19
271.00	33044.09
271.05	32892.90
271.10	32755.40
271.15	32622.39
271.20	32497.84
271.24	32360.47
271.29	32224.38
271.34	32071.22
271.39	31924.13
271.44	31773.80
271.48	31637.71
271.53	31489.64
271.58	31352.47
271.63	31205.31
271.67	31064.11
271.72	30919.83
271.77	30777.89
271.82	30633.95
271.87	30496.30
271.91	30335.23
271.96	30191.26
272.01	30052.80
272.06	29922.80
272.11	29800.44
272.15	29701.11
272.20	29592.58
272.25	29495.46
272.30	29393.15
272.35	29286.06
272.39	29180.14
272.44	29065.86
272.49	28928.68
272.54	28790.75
272.58	28648.51
272.63	28493.45
272.68	28340.96
272.73	28190.64
272.78	28018.19
272.82	27816.85
272.87	27590.93
272.92	27305.91
272.97	26777.97
273.01	23829.70
273.06	18896.52
273.11	13460.30
273.16	8118.07
273.21	3056.64
273.25	461.49
273.30	-88.49
273.35	-89.49
