165.32	3381.64
165.38	-247.82
165.44	596.35
165.50	-77.42
165.55	-19.56
165.61	2.28
165.67	29.47
165.72	37.51
165.78	42.59
165.84	40.76
165.89	37.56
165.95	36.32
166.01	36.17
166.06	37.83
166.12	40.77
166.18	39.04
166.23	40.76
166.29	40.09
166.35	36.71
166.40	36.15
166.46	42.75
166.52	45.42
166.57	45.92
166.63	46.52
166.69	48.74
166.74	42.72
166.80	42.87
166.86	45.03
166.91	45.51
166.97	39.57
167.03	42.19
167.08	36.56
167.14	35.90
167.20	34.07
167.25	46.52
167.31	46.49
167.37	51.89
167.42	53.51
167.48	59.49
167.54	53.72
167.59	53.09
167.65	49.06
167.71	48.81
167.76	47.55
167.82	43.56
167.88	43.75
167.93	51.36
167.99	50.09
168.05	52.43
168.10	60.47
168.16	59.90
168.21	57.40
168.27	61.96
168.33	63.76
168.38	56.26
168.44	61.09
168.50	60.08
168.55	58.70
168.61	59.34
168.67	61.34
168.72	58.17
168.78	58.46
168.84	53.98
168.89	52.66
168.95	53.10
169.01	52.69
169.06	51.94
169.12	51.77
169.18	49.95
169.23	49.86
169.29	53.99
169.34	58.49
169.40	60.76
169.46	64.86
169.51	67.01
169.57	62.87
169.63	58.86
169.68	63.74
169.74	60.53
169.80	66.43
169.85	67.59
169.91	71.79
169.97	67.94
170.02	67.52
170.08	66.46
170.13	66.86
170.19	66.26
170.25	68.01
170.30	72.66
170.36	64.67
170.42	66.80
170.47	67.90
170.53	69.30
170.59	65.57
170.64	69.06
170.70	67.18
170.76	64.90
170.81	66.25
170.87	65.71
170.92	66.57
170.98	69.58
171.04	71.95
171.09	67.70
171.15	75.27
171.21	76.35
171.26	73.16
171.32	69.93
171.37	74.16
171.43	68.68
171.49	73.08
171.54	76.16
171.60	78.04
171.66	79.24
171.71	79.80
171.77	77.87
171.83	84.15
171.88	83.55
171.94	83.46
171.99	88.05
172.05	86.09
172.11	87.07
172.16	95.45
172.22	95.81
172.28	95.50
172.33	94.23
172.39	90.73
172.44	87.33
172.50	92.57
172.56	92.63
172.61	100.42
172.67	100.40
172.72	100.53
172.78	95.63
172.84	90.80
172.89	84.49
172.95	83.75
173.01	84.69
173.06	83.22
173.12	88.67
173.17	89.80
173.23	89.11
173.29	89.27
173.34	91.08
173.40	85.83
173.46	86.11
173.51	89.29
173.57	89.52
173.62	83.97
173.68	90.08
173.74	89.35
173.79	90.58
173.85	87.42
173.90	90.00
173.96	86.31
174.02	83.66
174.07	75.19
174.13	74.46
174.18	76.74
174.24	70.54
174.30	70.65
174.35	76.17
174.41	72.90
174.47	66.96
174.52	68.21
174.58	67.25
174.63	62.79
174.69	62.04
174.75	63.69
174.80	74.55
174.86	72.11
174.91	72.83
174.97	72.92
175.03	70.28
175.08	57.76
175.14	64.05
175.19	60.09
175.25	60.41
175.31	64.97
175.36	66.56
175.42	64.02
175.47	68.82
175.53	69.11
175.59	65.35
175.64	67.17
175.70	64.86
175.75	60.16
175.81	58.84
175.87	60.51
175.92	56.48
175.98	58.48
176.03	58.95
176.09	59.40
176.15	58.80
176.20	60.08
176.26	59.76
176.31	62.93
176.37	60.35
176.42	61.72
176.48	65.13
176.54	62.75
176.59	59.43
176.65	62.16
176.70	63.79
176.76	62.67
176.82	60.77
176.87	58.10
176.93	58.09
176.98	56.41
177.04	51.78
177.10	56.45
177.15	57.84
177.21	58.39
177.26	57.26
177.32	61.11
177.37	63.01
177.43	66.71
177.49	63.38
177.54	61.05
177.60	61.35
177.65	61.66
177.71	56.45
177.77	59.40
177.82	61.27
177.88	64.92
177.93	60.26
177.99	66.48
178.04	62.18
178.10	62.45
178.16	56.01
178.21	57.08
178.27	54.37
178.32	58.73
178.38	57.76
178.43	59.29
178.49	59.31
178.55	58.32
178.60	57.03
178.66	56.27
178.71	57.57
178.77	55.68
178.82	57.15
178.88	56.81
178.94	57.71
178.99	58.83
179.05	63.11
179.10	58.47
179.16	61.64
179.21	63.81
179.27	62.59
179.33	57.78
179.38	61.92
179.44	59.70
179.49	59.77
179.55	58.16
179.60	58.59
179.66	57.42
179.72	59.89
179.77	57.04
179.83	55.96
179.88	57.49
179.94	59.03
179.99	55.64
180.05	56.06
180.11	57.11
180.16	59.53
180.22	61.91
180.27	66.09
180.33	67.34
180.38	71.40
180.44	67.39
180.49	67.12
180.55	65.18
180.61	69.01
180.66	63.51
180.72	61.71
180.77	59.57
180.83	59.57
180.88	56.44
180.94	56.63
180.99	60.44
181.05	60.95
181.11	61.80
181.16	61.87
181.22	63.00
181.27	65.52
181.33	63.90
181.38	60.64
181.44	62.19
181.49	66.91
181.55	67.22
181.61	73.39
181.66	76.35
181.72	73.79
181.77	70.57
181.83	67.98
181.88	72.88
181.94	74.49
181.99	80.05
182.05	80.51
182.11	81.33
182.16	72.23
182.22	70.30
182.27	65.53
182.33	68.70
182.38	68.60
182.44	73.66
182.49	75.66
182.55	77.79
182.60	77.03
182.66	80.19
182.72	82.63
182.77	85.13
182.83	89.06
182.88	91.82
182.94	92.53
182.99	89.55
183.05	88.25
183.10	89.31
183.16	88.88
183.21	90.58
183.27	97.98
183.32	101.95
183.38	105.84
183.44	112.53
183.49	117.45
183.55	118.99
183.60	125.13
183.66	131.23
183.71	140.45
183.77	148.27
183.82	157.33
183.88	168.88
183.93	180.20
183.99	193.70
184.04	210.40
184.10	223.24
184.15	234.95
184.21	248.99
184.27	251.55
184.32	252.50
184.38	250.50
184.43	246.24
184.49	229.50
184.54	212.59
184.60	203.49
184.65	189.75
184.71	180.41
184.76	181.93
184.82	198.29
184.87	214.55
184.93	240.26
184.98	268.25
185.04	299.88
185.09	325.37
185.15	351.86
185.20	383.35
185.26	418.00
185.31	446.93
185.37	474.95
185.43	494.45
185.48	513.59
185.54	536.37
185.59	561.43
185.65	587.32
185.70	629.20
185.76	675.89
185.81	710.59
185.87	748.32
185.92	792.61
185.98	827.08
186.03	843.62
186.09	846.19
186.14	822.42
186.20	768.36
186.25	683.18
186.31	597.32
186.36	530.47
186.42	500.22
186.47	509.57
186.53	557.54
186.58	627.02
186.64	702.75
186.69	776.10
186.75	838.16
186.80	898.14
186.86	957.21
186.91	1016.65
186.97	1072.77
187.02	1143.09
187.08	1210.13
187.13	1268.67
187.19	1332.12
187.24	1396.29
187.30	1442.37
187.35	1489.61
187.41	1550.68
187.47	1608.72
187.52	1658.96
187.58	1717.94
187.63	1790.31
187.69	1862.08
187.74	1923.26
187.80	1979.22
187.85	2028.85
187.91	2051.24
187.96	2037.34
188.02	1976.46
188.07	1872.17
188.13	1716.46
188.18	1551.56
188.24	1430.34
188.29	1372.57
188.35	1379.81
188.40	1459.41
188.46	1586.33
188.51	1712.11
188.57	1841.50
188.62	1968.52
188.67	2086.69
188.73	2195.26
188.78	2301.95
188.84	2405.28
188.89	2509.07
188.95	2614.05
189.00	2707.28
189.06	2804.33
189.11	2897.49
189.17	2976.56
189.22	3050.40
189.28	3138.13
189.33	3215.80
189.39	3280.30
189.44	3350.08
189.50	3422.94
189.55	3488.34
189.61	3540.31
189.66	3598.43
189.72	3655.56
189.77	3709.37
189.83	3739.61
189.88	3749.71
189.94	3719.24
189.99	3637.21
190.05	3481.71
190.10	3262.21
190.16	3009.10
190.21	2786.12
190.27	2643.43
190.32	2602.94
190.38	2667.57
190.43	2816.90
190.49	2996.25
190.54	3152.87
190.60	3291.24
190.65	3413.79
190.71	3523.04
190.76	3624.20
190.81	3727.47
190.87	3834.62
190.92	3955.51
190.98	4076.53
191.03	4202.26
191.09	4334.73
191.14	4452.90
191.20	4546.57
191.25	4648.38
191.31	4747.35
191.36	4844.54
191.42	4943.73
191.47	5057.89
191.53	5165.17
191.58	5257.53
191.64	5332.14
191.69	5399.90
191.75	5445.37
191.80	5479.18
191.85	5498.67
191.91	5518.15
191.96	5537.18
192.02	5567.22
192.07	5581.01
192.13	5580.98
192.18	5536.65
192.24	5420.71
192.29	5227.43
192.35	5002.38
192.40	4814.11
192.46	4701.59
192.51	4696.58
192.57	4790.98
192.62	4966.66
192.67	5150.31
192.73	5330.11
192.78	5495.16
192.84	5644.03
192.89	5779.65
192.95	5910.10
193.00	6025.78
193.06	6133.05
193.11	6241.14
193.17	6334.32
193.22	6421.91
193.28	6514.44
193.33	6590.45
193.38	6656.30
193.44	6728.04
193.49	6798.55
193.55	6855.23
193.60	6915.55
193.66	6973.00
193.71	7014.86
193.77	7043.67
193.82	7062.01
193.88	7082.94
193.93	7109.22
193.98	7136.08
194.04	7174.39
194.09	7223.63
194.15	7273.42
194.20	7315.71
194.26	7358.30
194.31	7401.10
194.37	7426.74
194.42	7431.67
194.47	7419.80
194.53	7377.03
194.58	7285.51
194.64	7176.46
194.69	7081.50
194.75	7012.83
194.80	6996.01
194.86	7039.24
194.91	7131.39
194.97	7237.04
195.02	7345.50
195.07	7454.33
195.13	7558.24
195.18	7667.31
195.24	7771.44
195.29	7881.48
195.35	7972.27
195.40	8066.82
195.46	8139.94
195.51	8225.16
195.56	8300.94
195.62	8382.07
195.67	8449.97
195.73	8523.71
195.78	8580.11
195.84	8628.80
195.89	8662.69
195.94	8698.73
196.00	8732.47
196.05	8766.07
196.11	8814.38
196.16	8870.73
196.22	8930.28
196.27	8992.83
196.32	9051.09
196.38	9099.22
196.43	9147.28
196.49	9183.64
196.54	9219.97
196.60	9261.93
196.65	9304.79
196.71	9349.66
196.76	9399.71
196.81	9437.72
196.87	9472.60
196.92	9503.08
196.98	9517.97
197.03	9523.94
197.09	9519.50
197.14	9513.54
197.19	9514.36
197.25	9528.05
197.30	9557.31
197.36	9609.36
197.41	9673.36
197.47	9731.32
197.52	9795.38
197.57	9862.45
197.63	9915.22
197.68	9963.93
197.74	10019.07
197.79	10063.78
197.84	10104.94
197.90	10154.34
197.95	10197.53
198.01	10236.42
198.06	10285.16
198.12	10327.61
198.17	10365.38
198.22	10405.73
198.28	10444.47
198.33	10484.56
198.39	10527.38
198.44	10577.47
198.49	10626.09
198.55	10671.96
198.60	10714.97
198.66	10756.64
198.71	10803.75
198.77	10847.20
198.82	10899.39
198.87	10951.72
198.93	11002.37
198.98	11046.92
199.04	11093.65
199.09	11130.06
199.14	11170.29
199.20	11208.50
199.25	11245.59
199.31	11289.15
199.36	11338.33
199.42	11378.69
199.47	11426.04
199.52	11467.54
199.58	11506.61
199.63	11537.46
199.69	11574.22
199.74	11602.56
199.79	11631.41
199.85	11658.55
199.90	11695.15
199.96	11728.68
200.01	11773.77
200.06	11822.75
200.12	11871.95
200.17	11927.09
200.23	11982.26
200.28	12027.20
200.33	12080.37
200.39	12126.56
200.44	12166.51
200.50	12210.97
200.55	12251.65
200.60	12285.83
200.66	12328.08
200.71	12364.95
200.77	12403.92
200.82	12443.26
200.87	12481.25
200.93	12517.12
200.98	12558.73
201.04	12596.13
201.09	12642.36
201.14	12694.75
201.20	12744.69
201.25	12800.88
201.31	12851.94
201.36	12909.56
201.41	12963.00
201.47	13023.98
201.52	13071.62
201.58	13135.45
201.63	13182.86
201.68	13234.10
201.74	13276.61
201.79	13327.02
201.84	13374.86
201.90	13425.00
201.95	13472.85
202.01	13529.24
202.06	13584.67
202.11	13625.32
202.17	13672.02
202.22	13716.19
202.28	13755.66
202.33	13793.38
202.38	13833.02
202.44	13879.18
202.49	13923.03
202.54	13971.96
202.60	14017.00
202.65	14068.78
202.71	14115.07
202.76	14158.02
202.81	14200.03
202.87	14249.84
202.92	14294.21
202.98	14343.77
203.03	14398.40
203.08	14454.11
203.14	14507.35
203.19	14562.96
203.24	14616.47
203.30	14666.11
203.35	14714.09
203.41	14759.92
203.46	14806.19
203.51	14850.62
203.57	14892.79
203.62	14939.99
203.67	14994.21
203.73	15039.54
203.78	15084.70
203.84	15141.85
203.89	15188.14
203.94	15225.28
204.00	15267.72
204.05	15309.03
204.10	15336.99
204.16	15365.77
204.21	15397.41
204.27	15423.45
204.32	15445.74
204.37	15474.38
204.43	15486.96
204.48	15496.86
204.53	15510.69
204.59	15537.32
204.64	15587.91
204.69	15672.83
204.75	15767.45
204.80	15874.96
204.86	15971.71
204.91	16042.53
204.96	16100.63
205.02	16141.34
205.07	16181.61
205.12	16238.18
205.18	16313.09
205.23	16390.65
205.28	16485.74
205.34	16576.55
205.39	16655.00
205.45	16722.79
205.50	16784.72
205.55	16848.93
205.61	16905.49
205.66	16965.67
205.71	17028.72
205.77	17089.09
205.82	17145.42
205.87	17204.19
205.93	17253.83
205.98	17296.97
206.03	17342.17
206.09	17384.23
206.14	17429.44
206.20	17480.76
206.25	17535.24
206.30	17595.00
206.36	17652.72
206.41	17713.21
206.46	17771.82
206.52	17823.43
206.57	17872.93
206.62	17920.22
206.68	17966.50
206.73	18014.54
206.78	18071.33
206.84	18122.96
206.89	18182.70
206.94	18243.67
207.00	18306.13
207.05	18371.61
207.11	18439.11
207.16	18498.84
207.21	18560.71
207.27	18617.41
207.32	18672.75
207.37	18735.82
207.43	18795.67
207.48	18844.95
207.53	18899.78
207.59	18954.49
207.64	19004.60
207.69	19067.84
207.75	19140.70
207.80	19198.52
207.85	19257.63
207.91	19311.07
207.96	19360.94
208.01	19413.18
208.07	19474.80
208.12	19533.50
208.17	19588.99
208.23	19637.55
208.28	19688.30
208.33	19744.40
208.39	19803.45
208.44	19876.81
208.49	19945.46
208.55	20006.93
208.60	20061.40
208.65	20111.69
208.71	20154.84
208.76	20209.13
208.81	20264.85
208.87	20327.81
208.92	20387.63
208.97	20449.39
209.03	20509.87
209.08	20569.11
209.13	20624.24
209.19	20686.04
209.24	20742.45
209.29	20804.09
209.35	20858.95
209.40	20918.27
209.45	20981.43
209.51	21050.14
209.56	21113.87
209.61	21181.56
209.67	21252.06
209.72	21309.09
209.77	21367.12
209.83	21429.18
209.88	21501.01
209.93	21562.73
209.99	21628.57
210.04	21693.41
210.09	21761.26
210.15	21814.30
210.20	21877.67
210.25	21942.66
210.31	22003.18
210.36	22051.96
210.41	22107.01
210.46	22169.37
210.52	22220.28
210.57	22269.58
210.62	22332.97
210.68	22398.15
210.73	22443.74
210.78	22512.15
210.84	22579.11
210.89	22640.65
210.94	22694.34
211.00	22757.47
211.05	22802.80
211.10	22866.01
211.16	22917.77
211.21	22983.51
211.26	23046.35
211.32	23120.54
211.37	23185.71
211.42	23253.84
211.47	23322.82
211.53	23390.02
211.58	23451.01
211.63	23506.20
211.69	23566.81
211.74	23618.17
211.79	23669.37
211.85	23725.37
211.90	23787.14
211.95	23855.94
212.01	23923.90
212.06	23998.97
212.11	24072.78
212.16	24147.82
212.22	24217.55
212.27	24284.53
212.32	24351.05
212.38	24423.74
212.43	24493.89
212.48	24561.29
212.54	24632.42
212.59	24703.59
212.64	24763.84
212.69	24820.79
212.75	24882.68
212.80	24953.24
212.85	25016.98
212.91	25068.91
212.96	25130.56
213.01	25192.92
213.07	25254.24
213.12	25312.65
213.17	25384.47
213.22	25447.90
213.28	25504.37
213.33	25546.58
213.38	25604.59
213.44	25660.55
213.49	25726.69
213.54	25801.00
213.60	25884.43
213.65	25962.41
213.70	26045.06
213.75	26112.07
213.81	26169.00
213.86	26226.72
213.91	26274.37
213.97	26313.47
214.02	26361.01
214.07	26404.77
214.12	26443.19
214.18	26494.26
214.23	26547.91
214.28	26595.28
214.34	26638.56
214.39	26682.43
214.44	26705.53
214.49	26713.90
214.55	26706.51
214.60	26686.34
214.65	26646.30
214.71	26612.09
214.76	26633.06
214.81	26705.98
214.86	26843.92
214.92	27015.51
214.97	27196.30
215.02	27341.40
215.08	27451.43
215.13	27526.67
215.18	27571.53
215.23	27606.66
215.29	27655.91
215.34	27731.63
215.39	27824.87
215.45	27954.73
215.50	28094.60
215.55	28223.30
215.60	28327.46
215.66	28402.80
215.71	28463.21
215.76	28531.86
215.81	28587.66
215.87	28644.51
215.92	28706.62
215.97	28769.27
216.03	28827.73
216.08	28884.46
216.13	28941.64
216.18	29000.87
216.24	29058.94
216.29	29110.98
216.34	29172.81
216.39	29242.78
216.45	29304.60
216.50	29365.34
216.55	29429.87
216.61	29497.41
216.66	29553.00
216.71	29615.13
216.76	29671.70
216.82	29743.92
216.87	29813.01
216.92	29892.53
216.97	29958.95
217.03	30038.65
217.08	30104.26
217.13	30178.92
217.18	30245.31
217.24	30321.21
217.29	30390.38
217.34	30445.75
217.39	30490.84
217.45	30536.80
217.50	30581.56
217.55	30634.57
217.61	30699.20
217.66	30764.88
217.71	30832.23
217.76	30915.73
217.82	30995.30
217.87	31071.16
217.92	31150.06
217.97	31222.28
218.03	31279.61
218.08	31324.73
218.13	31370.61
218.18	31417.13
218.24	31487.71
218.29	31548.41
218.34	31608.78
218.39	31676.42
218.45	31742.39
218.50	31784.13
218.55	31843.78
218.60	31908.84
218.66	31959.63
218.71	32022.18
218.76	32096.71
218.81	32162.55
218.87	32226.66
218.92	32297.43
218.97	32365.57
219.02	32425.12
219.08	32493.96
219.13	32567.04
219.18	32637.93
219.23	32696.58
219.29	32761.52
219.34	32825.09
219.39	32884.70
219.44	32949.36
219.50	33020.44
219.55	33081.51
219.60	33142.88
219.65	33206.81
219.71	33270.21
219.76	33326.59
219.81	33384.89
219.86	33442.91
219.92	33499.41
219.97	33550.54
220.02	33602.41
220.07	33668.96
220.13	33731.37
220.18	33797.66
220.23	33870.89
220.28	33957.56
220.33	34030.31
220.39	34091.98
220.44	34144.50
220.49	34198.47
220.54	34243.39
220.60	34291.58
220.65	34353.57
220.70	34430.48
220.75	34503.23
220.81	34584.65
220.86	34662.61
220.91	34731.64
220.96	34797.45
221.02	34868.91
221.07	34934.00
221.12	34997.96
221.17	35059.97
221.22	35115.31
221.28	35169.56
221.33	35224.67
221.38	35277.39
221.43	35346.80
221.49	35412.02
221.54	35479.76
221.59	35544.38
221.64	35626.76
221.69	35714.77
221.75	35820.96
221.80	35915.21
221.85	35988.72
221.90	36055.34
221.96	36103.16
222.01	36128.39
222.06	36160.97
222.11	36216.73
222.17	36263.92
222.22	36304.08
222.27	36352.70
222.32	36401.75
222.37	36448.50
222.43	36511.32
222.48	36570.20
222.53	36639.56
222.58	36720.77
222.63	36792.40
222.69	36854.91
222.74	36940.14
222.79	37006.52
222.84	37050.92
222.90	37104.50
222.95	37153.45
223.00	37185.17
223.05	37242.07
223.10	37301.94
223.16	37356.07
223.21	37403.46
223.26	37455.00
223.31	37491.39
223.36	37531.61
223.42	37571.03
223.47	37613.84
223.52	37659.39
223.57	37710.52
223.63	37762.20
223.68	37817.74
223.73	37891.36
223.78	37971.19
223.83	38036.06
223.89	38092.17
223.94	38155.63
223.99	38215.01
224.04	38284.40
224.09	38364.46
224.15	38456.36
224.20	38542.21
224.25	38629.25
224.30	38716.35
224.35	38796.35
224.41	38890.56
224.46	38982.80
224.51	39058.60
224.56	39128.39
224.61	39209.16
224.67	39285.38
224.72	39361.90
224.77	39465.54
224.82	39566.96
224.87	39657.38
224.93	39735.56
224.98	39817.63
225.03	39895.40
225.08	39968.87
225.13	40046.75
225.19	40138.40
225.24	40231.22
225.29	40304.50
225.34	40385.38
225.39	40464.47
225.45	40539.74
225.50	40611.99
225.55	40698.50
225.60	40777.04
225.65	40867.95
225.71	40944.34
225.76	41013.60
225.81	41071.42
225.86	41129.90
225.91	41168.79
225.97	41205.67
226.02	41236.04
226.07	41246.38
226.12	41260.59
226.17	41309.10
226.22	41395.64
226.28	41524.39
226.33	41684.32
226.38	41843.74
226.43	41979.87
226.48	42079.28
226.54	42141.33
226.59	42210.79
226.64	42271.12
226.69	42314.09
226.74	42361.77
226.80	42438.01
226.85	42510.69
226.90	42588.71
226.95	42699.84
227.00	42816.21
227.05	42920.16
227.11	43024.61
227.16	43123.58
227.21	43210.16
227.26	43294.07
227.31	43371.84
227.37	43423.48
227.42	43494.41
227.47	43570.56
227.52	43641.39
227.57	43707.34
227.62	43806.93
227.68	43885.47
227.73	43960.85
227.78	44045.53
227.83	44128.59
227.88	44191.87
227.93	44268.33
227.99	44346.12
228.04	44419.06
228.09	44502.90
228.14	44579.53
228.19	44650.47
228.24	44716.78
228.30	44778.90
228.35	44830.11
228.40	44888.53
228.45	44943.56
228.50	45016.09
228.56	45086.21
228.61	45146.61
228.66	45210.62
228.71	45276.81
228.76	45318.63
228.81	45363.42
228.87	45413.99
228.92	45474.11
228.97	45531.20
229.02	45626.49
229.07	45703.69
229.12	45798.56
229.17	45873.14
229.23	45954.48
229.28	46017.89
229.33	46101.53
229.38	46172.18
229.43	46240.37
229.48	46318.13
229.54	46381.96
229.59	46443.72
229.64	46520.26
229.69	46599.92
229.74	46680.97
229.79	46756.80
229.85	46825.66
229.90	46885.21
229.95	46952.12
230.00	47006.65
230.05	47081.44
230.10	47157.42
230.16	47230.89
230.21	47296.98
230.26	47356.59
230.31	47396.61
230.36	47453.79
230.41	47512.40
230.46	47595.16
230.52	47683.95
230.57	47764.55
230.62	47849.53
230.67	47916.98
230.72	47968.42
230.77	48013.82
230.82	48066.74
230.88	48096.01
230.93	48136.55
230.98	48178.84
231.03	48235.28
231.08	48289.15
231.13	48342.19
231.19	48413.50
231.24	48490.74
231.29	48562.47
231.34	48641.39
231.39	48725.31
231.44	48797.25
231.49	48843.30
231.55	48891.56
231.60	48927.07
231.65	48979.43
231.70	49025.53
231.75	49081.38
231.80	49134.66
231.85	49196.28
231.91	49234.71
231.96	49289.36
232.01	49354.26
232.06	49410.19
232.11	49474.32
232.16	49556.06
232.21	49637.81
232.26	49723.96
232.32	49812.99
232.37	49883.03
232.42	49945.83
232.47	49995.05
232.52	50033.35
232.57	50081.35
232.62	50143.67
232.68	50204.04
232.73	50274.38
232.78	50344.97
232.83	50414.16
232.88	50483.59
232.93	50560.73
232.98	50629.08
233.03	50688.68
233.09	50756.21
233.14	50829.86
233.19	50887.90
233.24	50937.48
233.29	50990.41
233.34	51014.34
233.39	51029.50
233.45	51053.59
233.50	51095.11
233.55	51142.84
233.60	51217.00
233.65	51281.53
233.70	51342.54
233.75	51386.36
233.80	51436.19
233.86	51476.65
233.91	51528.20
233.96	51575.54
234.01	51634.55
234.06	51694.03
234.11	51754.60
234.16	51810.07
234.21	51875.55
234.26	51923.17
234.32	51958.63
234.37	51998.47
234.42	52028.62
234.47	52040.79
234.52	52069.43
234.57	52109.51
234.62	52145.15
234.67	52203.35
234.73	52266.61
234.78	52324.30
234.83	52365.92
234.88	52413.92
234.93	52446.07
234.98	52490.72
235.03	52530.71
235.08	52604.56
235.13	52665.85
235.19	52736.60
235.24	52804.58
235.29	52881.69
235.34	52914.77
235.39	52943.07
235.44	52963.45
235.49	52998.00
235.54	53020.91
235.59	53038.60
235.65	53078.59
235.70	53118.91
235.75	53148.66
235.80	53194.28
235.85	53255.88
235.90	53299.91
235.95	53335.01
236.00	53365.45
236.05	53385.06
236.11	53415.52
236.16	53457.07
236.21	53500.31
236.26	53537.02
236.31	53571.56
236.36	53593.60
236.41	53599.48
236.46	53608.41
236.51	53621.46
236.56	53647.65
236.62	53680.75
236.67	53711.41
236.72	53759.72
236.77	53790.80
236.82	53824.82
236.87	53845.01
236.92	53871.13
236.97	53895.59
237.02	53939.07
237.07	53996.77
237.13	54059.30
237.18	54128.10
237.23	54178.82
237.28	54229.55
237.33	54258.37
237.38	54280.34
237.43	54297.44
237.48	54303.94
237.53	54319.96
237.58	54347.92
237.63	54393.80
237.69	54433.63
237.74	54484.71
237.79	54525.61
237.84	54534.61
237.89	54533.00
237.94	54539.50
237.99	54556.68
238.04	54567.11
238.09	54595.89
238.14	54622.49
238.19	54642.11
238.25	54663.41
238.30	54665.94
238.35	54665.14
238.40	54669.35
238.45	54677.87
238.50	54686.26
238.55	54694.76
238.60	54725.88
238.65	54750.24
238.70	54765.36
238.75	54772.91
238.80	54803.26
238.86	54809.14
238.91	54818.00
238.96	54843.21
239.01	54882.56
239.06	54914.40
239.11	54940.63
239.16	54974.06
239.21	54985.89
239.26	54970.51
239.31	54978.26
239.36	54988.79
239.41	55001.62
239.46	55026.49
239.52	55060.62
239.57	55083.63
239.62	55111.94
239.67	55138.06
239.72	55162.19
239.77	55182.93
239.82	55200.56
239.87	55204.82
239.92	55204.22
239.97	55195.99
240.02	55179.76
240.07	55159.57
240.12	55170.78
240.17	55176.64
240.23	55183.01
240.28	55192.30
240.33	55204.40
240.38	55179.41
240.43	55178.87
240.48	55192.85
240.53	55212.73
240.58	55229.68
240.63	55265.29
240.68	55270.04
240.73	55264.11
240.78	55260.99
240.83	55262.53
240.88	55242.68
240.93	55244.36
240.98	55234.89
241.04	55249.47
241.09	55267.66
241.14	55293.21
241.19	55329.26
241.24	55367.01
241.29	55383.92
241.34	55391.56
241.39	55401.38
241.44	55397.39
241.49	55398.55
241.54	55392.46
241.59	55386.64
241.64	55394.40
241.69	55390.76
241.74	55375.44
241.79	55364.68
241.84	55358.96
241.90	55340.00
241.95	55310.76
242.00	55290.63
242.05	55271.03
242.10	55251.50
242.15	55231.06
242.20	55229.53
242.25	55231.22
242.30	55222.56
242.35	55219.52
242.40	55230.75
242.45	55226.60
242.50	55223.02
242.55	55220.62
242.60	55218.61
242.65	55207.30
242.70	55215.60
242.75	55234.62
242.80	55278.21
242.85	55312.06
242.91	55324.23
242.96	55315.16
243.01	55294.74
243.06	55265.64
243.11	55226.20
243.16	55206.81
243.21	55208.38
243.26	55219.89
243.31	55234.40
243.36	55253.33
243.41	55270.10
243.46	55267.84
243.51	55242.26
243.56	55188.77
243.61	55127.64
243.66	55084.53
243.71	55050.73
243.76	55045.97
243.81	55057.21
243.86	55064.71
243.91	55068.51
243.96	55074.19
244.01	55048.14
244.06	55028.98
244.12	55019.52
244.17	55008.37
244.22	55001.20
244.27	55025.17
244.32	55048.34
244.37	55070.74
244.42	55079.92
244.47	55078.76
244.52	55053.08
244.57	55009.79
244.62	54978.96
244.67	54956.32
244.72	54927.06
244.77	54930.05
244.82	54957.28
244.87	54991.65
244.92	55010.27
244.97	55027.31
245.02	55022.50
245.07	54995.30
245.12	54969.67
245.17	54958.52
245.22	54964.70
245.27	54956.40
245.32	54930.17
245.37	54889.76
245.42	54842.64
245.47	54793.55
245.52	54747.38
245.57	54732.10
245.62	54719.56
245.67	54704.51
245.72	54688.85
245.77	54672.51
245.82	54655.88
245.87	54652.99
245.92	54662.39
245.98	54660.11
246.03	54661.44
246.08	54672.89
246.13	54665.07
246.18	54663.01
246.23	54657.51
246.28	54644.34
246.33	54625.05
246.38	54596.30
246.43	54567.79
246.48	54545.58
246.53	54549.87
246.58	54554.44
246.63	54564.87
246.68	54550.81
246.73	54541.70
246.78	54512.45
246.83	54459.21
246.88	54402.65
246.93	54356.20
246.98	54300.96
247.03	54270.69
247.08	54255.74
247.13	54248.32
247.18	54253.51
247.23	54276.82
247.28	54278.11
247.33	54257.61
247.38	54241.76
247.43	54221.54
247.48	54204.34
247.53	54177.48
247.58	54155.86
247.63	54125.58
247.68	54083.10
247.73	54018.58
247.78	53976.20
247.83	53945.49
247.88	53917.63
247.93	53913.26
247.98	53926.16
248.03	53936.44
248.08	53952.91
248.13	53954.66
248.18	53937.00
248.23	53922.49
248.28	53895.00
248.33	53852.24
248.38	53817.60
248.43	53797.50
248.48	53780.43
248.53	53761.59
248.58	53750.56
248.63	53743.23
248.68	53718.76
248.73	53688.59
248.78	53659.83
248.83	53606.19
248.88	53548.30
248.93	53485.56
248.98	53406.05
249.03	53355.29
249.08	53335.17
249.13	53325.44
249.18	53317.14
249.23	53331.85
249.28	53322.88
249.33	53317.90
249.38	53302.43
249.43	53292.36
249.48	53257.97
249.53	53242.40
249.58	53221.11
249.63	53203.48
249.68	53187.71
249.73	53179.91
249.78	53161.81
249.83	53161.84
249.88	53136.14
249.93	53113.38
249.98	53100.18
250.03	53088.71
250.08	53047.17
250.13	53035.09
250.18	53016.78
250.23	52972.59
250.28	52923.01
250.33	52876.74
250.37	52830.77
250.42	52791.25
250.47	52773.11
250.52	52765.46
250.57	52744.19
250.62	52709.62
250.67	52678.03
250.72	52654.16
250.77	52608.99
250.82	52596.30
250.87	52596.13
250.92	52590.88
250.97	52567.59
251.02	52557.96
251.07	52553.29
251.12	52527.96
251.17	52495.62
251.22	52468.71
251.27	52429.09
251.32	52376.19
251.37	52331.36
251.42	52281.51
251.47	52240.85
251.52	52221.42
251.57	52202.78
251.62	52195.21
251.67	52188.05
251.72	52166.71
251.77	52131.25
251.82	52084.13
251.87	52032.46
251.92	51984.13
251.97	51932.20
252.02	51886.68
252.07	51862.29
252.12	51844.42
252.16	51837.46
252.21	51838.71
252.26	51850.07
252.31	51852.47
252.36	51840.77
252.41	51818.91
252.46	51792.45
252.51	51764.60
252.56	51731.43
252.61	51712.47
252.66	51688.30
252.71	51669.48
252.76	51635.21
252.81	51585.63
252.86	51520.21
252.91	51467.89
252.96	51396.01
253.01	51329.82
253.06	51271.80
253.11	51237.95
253.16	51197.34
253.21	51154.65
253.26	51113.64
253.31	51092.90
253.36	51065.89
253.40	51035.59
253.45	51025.88
253.50	50996.11
253.55	50958.86
253.60	50904.28
253.65	50868.46
253.70	50833.72
253.75	50818.77
253.80	50795.44
253.85	50797.91
253.90	50796.58
253.95	50780.30
254.00	50766.79
254.05	50748.61
254.10	50704.84
254.15	50666.65
254.20	50646.68
254.25	50606.96
254.30	50577.17
254.35	50545.51
254.39	50478.07
254.44	50399.26
254.49	50324.91
254.54	50297.06
254.59	50267.74
254.64	50261.11
254.69	50261.88
254.74	50261.71
254.79	50220.44
254.84	50185.76
254.89	50168.63
254.94	50150.66
254.99	50147.06
255.04	50135.85
255.09	50130.89
255.14	50097.90
255.19	50082.89
255.23	50070.26
255.28	50061.81
255.33	50047.85
255.38	50048.33
255.43	50030.44
255.48	50000.17
255.53	49958.98
255.58	49930.06
255.63	49889.43
255.68	49842.55
255.73	49795.61
255.78	49759.32
255.83	49729.10
255.88	49707.90
255.93	49680.92
255.97	49662.63
256.02	49637.94
256.07	49590.15
256.12	49520.49
256.17	49466.07
256.22	49411.39
256.27	49357.07
256.32	49319.46
256.37	49301.51
256.42	49281.49
256.47	49253.80
256.52	49229.64
256.57	49205.45
256.62	49187.01
256.66	49182.13
256.71	49159.96
256.76	49124.39
256.81	49074.95
256.86	49021.94
256.91	48963.93
256.96	48913.87
257.01	48883.06
257.06	48852.00
257.11	48816.95
257.16	48760.90
257.21	48729.51
257.26	48688.02
257.30	48650.50
257.35	48613.89
257.40	48593.07
257.45	48579.09
257.50	48552.85
257.55	48528.47
257.60	48504.09
257.65	48483.14
257.70	48436.81
257.75	48399.05
257.80	48371.30
257.85	48332.71
257.89	48277.90
257.94	48223.65
257.99	48168.46
258.04	48111.12
258.09	48074.26
258.14	48050.94
258.19	48038.09
258.24	48024.63
258.29	47988.21
258.34	47946.76
258.39	47907.08
258.44	47846.01
258.48	47787.63
258.53	47755.62
258.58	47714.75
258.63	47667.80
258.68	47622.50
258.73	47586.67
258.78	47548.07
258.83	47504.06
258.88	47465.56
258.93	47434.82
258.97	47402.42
259.02	47371.79
259.07	47350.14
259.12	47335.57
259.17	47322.15
259.22	47305.20
259.27	47283.53
259.32	47261.50
259.37	47217.20
259.42	47176.21
259.47	47136.14
259.51	47086.91
259.56	47023.19
259.61	46954.77
259.66	46873.07
259.71	46793.25
259.76	46722.26
259.81	46667.61
259.86	46629.77
259.91	46600.54
259.95	46580.56
260.00	46559.79
260.05	46540.91
260.10	46516.30
260.15	46503.97
260.20	46487.25
260.25	46474.71
260.30	46459.92
260.35	46434.36
260.40	46405.65
260.44	46376.79
260.49	46353.27
260.54	46318.99
260.59	46290.76
260.64	46276.61
260.69	46272.33
260.74	46238.83
260.79	46204.97
260.84	46163.19
260.88	46104.68
260.93	46031.26
260.98	45991.74
261.03	45950.41
261.08	45927.61
261.13	45888.53
261.18	45843.83
261.23	45793.03
261.28	45752.57
261.32	45701.76
261.37	45664.55
261.42	45638.95
261.47	45607.08
261.52	45564.32
261.57	45530.79
261.62	45484.53
261.67	45428.85
261.71	45364.55
261.76	45317.10
261.81	45265.90
261.86	45216.91
261.91	45175.60
261.96	45141.23
262.01	45100.42
262.06	45070.11
262.10	45058.60
262.15	45038.51
262.20	45013.96
262.25	45001.04
262.30	44986.51
262.35	44955.01
262.40	44928.17
262.45	44906.96
262.49	44874.39
262.54	44835.81
262.59	44800.75
262.64	44769.48
262.69	44733.79
262.74	44689.18
262.79	44628.85
262.84	44584.17
262.88	44543.06
262.93	44491.32
262.98	44444.83
263.03	44404.83
263.08	44351.83
263.13	44277.48
263.18	44215.41
263.23	44158.43
263.27	44115.67
263.32	44090.91
263.37	44071.37
263.42	44051.76
263.47	44025.42
263.52	44005.47
263.57	43953.92
263.61	43918.33
263.66	43880.97
263.71	43851.18
263.76	43811.26
263.81	43780.01
263.86	43751.38
263.91	43713.84
263.95	43650.76
264.00	43592.34
264.05	43542.31
264.10	43467.26
264.15	43397.76
264.20	43360.71
264.25	43319.33
264.29	43271.27
264.34	43222.42
264.39	43192.94
264.44	43144.84
264.49	43095.58
264.54	43052.65
264.59	43024.20
264.63	42977.87
264.68	42928.13
264.73	42876.46
264.78	42829.30
264.83	42772.42
264.88	42724.28
264.93	42695.24
264.97	42667.21
265.02	42644.48
265.07	42626.32
265.12	42588.56
265.17	42542.60
265.22	42510.06
265.27	42453.92
265.31	42391.95
265.36	42333.64
265.41	42274.62
265.46	42206.65
265.51	42135.60
265.56	42076.23
265.60	42025.79
265.65	41967.97
265.70	41912.89
265.75	41863.23
265.80	41812.75
265.85	41745.18
265.90	41684.64
265.94	41632.20
265.99	41570.69
266.04	41517.18
266.09	41484.66
266.14	41450.52
266.19	41414.60
266.23	41382.03
266.28	41340.15
266.33	41305.50
266.38	41279.78
266.43	41248.36
266.48	41230.78
266.52	41212.09
266.57	41172.51
266.62	41134.81
266.67	41084.30
266.72	41035.91
266.77	41000.44
266.81	40971.37
266.86	40941.51
266.91	40912.22
266.96	40870.23
267.01	40825.42
267.06	40775.97
267.10	40722.88
267.15	40673.23
267.20	40643.78
267.25	40601.42
267.30	40565.71
267.35	40531.95
267.39	40502.34
267.44	40462.05
267.49	40417.57
267.54	40369.32
267.59	40317.93
267.64	40255.91
267.68	40195.03
267.73	40147.93
267.78	40102.94
267.83	40076.58
267.88	40068.04
267.93	40062.49
267.97	40045.69
268.02	40019.06
268.07	39972.05
268.12	39909.38
268.17	39844.73
268.21	39800.94
268.26	39756.52
268.31	39715.62
268.36	39671.73
268.41	39625.43
268.46	39573.20
268.50	39533.71
268.55	39485.67
268.60	39426.85
268.65	39366.01
268.70	39283.44
268.74	39216.27
268.79	39138.99
268.84	39086.97
268.89	39052.31
268.94	39031.27
268.99	38988.52
269.03	38952.58
269.08	38908.96
269.13	38837.91
269.18	38758.71
269.23	38663.92
269.27	38557.09
269.32	38425.44
269.37	38293.96
269.42	38144.18
269.47	38009.87
269.51	37873.90
269.56	37741.39
269.61	37610.46
269.66	37466.30
269.71	37310.01
269.76	37162.76
269.80	37012.61
269.85	36856.98
269.90	36722.01
269.95	36578.57
270.00	36417.22
270.04	36265.18
270.09	36119.06
270.14	35975.41
270.19	35840.32
270.24	35709.61
270.28	35555.88
270.33	35393.02
270.38	35215.06
270.43	35032.44
270.48	34857.11
270.52	34704.50
270.57	34541.14
270.62	34383.00
270.67	34232.36
270.72	34079.18
270.76	33897.81
270.81	33728.91
270.86	33559.52
270.91	33383.89
270.96	33212.72
271.00	33056.99
271.05	32904.99
271.10	32767.91
271.15	32637.79
271.20	32512.16
271.24	32380.10
271.29	32243.56
271.34	32099.87
271.39	31950.18
271.44	31798.31
271.48	31660.96
271.53	31519.80
271.58	31374.37
271.63	31226.22
271.67	31076.87
271.72	30933.02
271.77	30791.61
271.82	30654.29
271.87	30518.27
271.91	30364.49
271.96	30216.96
272.01	30080.54
272.06	29946.93
272.11	29827.37
272.15	29724.61
272.20	29619.37
272.25	29522.53
272.30	29419.22
272.35	29314.10
272.39	29204.79
272.44	29083.48
272.49	28941.27
272.54	28803.00
272.58	28651.20
272.63	28505.02
272.68	28357.32
272.73	28201.38
272.78	28031.61
272.82	27838.88
272.87	27611.21
272.92	27322.16
272.97	26797.14
273.01	23841.33
273.06	18900.22
273.11	13461.41
273.16	8120.92
273.21	3056.50
273.25	461.50
273.30	-88.71
273.35	-90.28
