165.32	3382.02
165.38	-247.40
165.44	596.84
165.50	-77.15
165.55	-19.21
165.61	2.63
165.67	29.91
165.72	38.00
165.78	43.11
165.84	41.66
165.89	38.70
165.95	37.18
166.01	36.13
166.06	38.06
166.12	40.80
166.18	38.63
166.23	40.25
166.29	39.86
166.35	36.00
166.40	34.60
166.46	41.26
166.52	44.07
166.57	45.10
166.63	45.80
166.69	48.66
166.74	42.99
166.80	43.57
166.86	45.60
166.91	46.33
166.97	40.47
167.03	42.80
167.08	36.89
167.14	35.76
167.20	33.82
167.25	46.10
167.31	46.75
167.37	52.30
167.42	54.35
167.48	60.40
167.54	55.04
167.59	53.99
167.65	49.24
167.71	48.65
167.76	47.85
167.82	43.20
167.88	43.07
167.93	51.26
167.99	50.39
168.05	52.40
168.10	60.07
168.16	59.25
168.21	57.03
168.27	61.66
168.33	63.44
168.38	56.35
168.44	61.51
168.50	60.02
168.55	58.46
168.61	58.97
168.67	61.45
168.72	58.16
168.78	58.42
168.84	53.75
168.89	52.64
168.95	52.98
169.01	52.48
169.06	51.96
169.12	51.64
169.18	49.43
169.23	49.38
169.29	54.28
169.34	59.11
169.40	62.00
169.46	66.73
169.51	69.08
169.57	64.12
169.63	59.75
169.68	64.60
169.74	60.70
169.80	65.95
169.85	67.61
169.91	71.35
169.97	67.59
170.02	67.58
170.08	66.46
170.13	66.55
170.19	66.62
170.25	67.74
170.30	71.53
170.36	63.29
170.42	65.51
170.47	66.26
170.53	68.18
170.59	65.81
170.64	70.15
170.70	68.25
170.76	65.50
170.81	66.68
170.87	65.77
170.92	66.60
170.98	69.83
171.04	72.79
171.09	69.16
171.15	76.19
171.21	76.36
171.26	72.59
171.32	69.65
171.37	72.85
171.43	67.53
171.49	72.27
171.54	76.05
171.60	77.66
171.66	79.18
171.71	79.64
171.77	77.48
171.83	83.32
171.88	82.55
171.94	82.14
171.99	86.66
172.05	85.73
172.11	87.15
172.16	95.37
172.22	96.29
172.28	96.37
172.33	94.43
172.39	90.82
172.44	88.06
172.50	93.26
172.56	92.98
172.61	101.35
172.67	100.88
172.72	100.25
172.78	94.90
172.84	89.83
172.89	83.44
172.95	82.56
173.01	84.00
173.06	82.67
173.12	88.62
173.17	89.59
173.23	89.55
173.29	89.55
173.34	91.32
173.40	85.76
173.46	85.72
173.51	88.30
173.57	88.80
173.62	83.13
173.68	89.63
173.74	89.00
173.79	90.18
173.85	86.83
173.90	89.60
173.96	85.83
174.02	82.76
174.07	74.88
174.13	74.07
174.18	76.39
174.24	69.79
174.30	70.50
174.35	75.30
174.41	72.38
174.47	66.53
174.52	68.01
174.58	67.09
174.63	63.07
174.69	62.13
174.75	63.76
174.80	74.85
174.86	72.20
174.91	73.31
174.97	73.15
175.03	70.65
175.08	58.08
175.14	64.91
175.19	60.84
175.25	61.41
175.31	66.02
175.36	67.31
175.42	63.77
175.47	68.59
175.53	69.02
175.59	65.54
175.64	67.63
175.70	66.21
175.75	61.40
175.81	59.90
175.87	60.98
175.92	57.03
175.98	58.31
176.03	58.48
176.09	58.64
176.15	58.95
176.20	60.28
176.26	60.32
176.31	63.74
176.37	61.31
176.42	61.75
176.48	65.08
176.54	62.45
176.59	59.30
176.65	62.56
176.70	64.29
176.76	63.80
176.82	62.22
176.87	59.51
176.93	59.50
176.98	58.15
177.04	52.69
177.10	57.40
177.15	58.74
177.21	59.33
177.26	58.20
177.32	62.29
177.37	64.02
177.43	67.73
177.49	64.37
177.54	61.78
177.60	62.18
177.65	62.53
177.71	57.09
177.77	59.71
177.82	61.45
177.88	64.90
177.93	60.21
177.99	66.68
178.04	62.38
178.10	62.83
178.16	56.50
178.21	57.30
178.27	54.55
178.32	58.87
178.38	57.67
178.43	59.55
178.49	59.84
178.55	58.86
178.60	57.40
178.66	56.85
178.71	58.07
178.77	55.94
178.82	57.23
178.88	57.20
178.94	57.66
178.99	58.67
179.05	63.00
179.10	58.69
179.16	61.43
179.21	63.61
179.27	62.45
179.33	58.23
179.38	62.41
179.44	60.18
179.49	60.40
179.55	58.15
179.60	58.22
179.66	57.28
179.72	59.95
179.77	57.27
179.83	56.15
179.88	57.72
179.94	58.62
179.99	55.12
180.05	55.50
180.11	56.96
180.16	59.61
180.22	62.42
180.27	66.88
180.33	67.81
180.38	72.36
180.44	67.71
180.49	66.95
180.55	64.92
180.61	68.94
180.66	63.11
180.72	61.20
180.77	59.41
180.83	59.20
180.88	56.23
180.94	55.78
180.99	60.23
181.05	60.28
181.11	61.61
181.16	62.17
181.22	63.94
181.27	65.80
181.33	64.42
181.38	60.79
181.44	61.73
181.49	65.88
181.55	66.45
181.61	72.83
181.66	75.81
181.72	73.73
181.77	71.41
181.83	68.69
181.88	73.18
181.94	74.58
181.99	79.89
182.05	80.19
182.11	81.20
182.16	72.51
182.22	70.49
182.27	65.66
182.33	68.22
182.38	68.22
182.44	72.67
182.49	75.48
182.55	77.65
182.60	77.43
182.66	80.35
182.72	83.11
182.77	85.05
182.83	88.15
182.88	91.39
182.94	92.57
182.99	89.69
183.05	88.08
183.10	89.99
183.16	88.75
183.21	90.07
183.27	97.49
183.32	101.69
183.38	104.69
183.44	111.32
183.49	116.50
183.55	117.41
183.60	123.75
183.66	130.20
183.71	139.34
183.77	146.25
183.82	155.32
183.88	165.96
183.93	177.16
183.99	190.34
184.04	206.51
184.10	219.43
184.15	231.18
184.21	244.34
184.27	246.73
184.32	248.15
184.38	245.90
184.43	242.65
184.49	226.44
184.54	209.70
184.60	200.84
184.65	187.85
184.71	177.98
184.76	179.60
184.82	196.69
184.87	213.01
184.93	237.78
184.98	265.33
185.04	296.10
185.09	319.87
185.15	345.33
185.20	376.24
185.26	409.91
185.31	438.94
185.37	466.80
185.43	487.22
185.48	505.90
185.54	528.26
185.59	552.85
185.65	577.53
185.70	617.64
185.76	663.82
185.81	698.39
185.87	735.56
185.92	779.36
185.98	813.23
186.03	829.33
186.09	832.27
186.14	807.80
186.20	755.29
186.25	671.40
186.31	586.06
186.36	519.87
186.42	491.27
186.47	501.25
186.53	549.55
186.58	619.78
186.64	694.04
186.69	766.52
186.75	826.85
186.80	885.84
186.86	944.34
186.91	1002.85
186.97	1057.86
187.02	1128.50
187.08	1194.00
187.13	1249.94
187.19	1312.96
187.24	1375.25
187.30	1420.90
187.35	1468.13
187.41	1530.11
187.47	1587.14
187.52	1638.97
187.58	1697.29
187.63	1768.90
187.69	1840.61
187.74	1903.01
187.80	1958.25
187.85	2004.97
187.91	2026.40
187.96	2012.80
188.02	1950.93
188.07	1848.42
188.13	1696.21
188.18	1534.39
188.24	1414.99
188.29	1358.94
188.35	1368.15
188.40	1448.47
188.46	1573.22
188.51	1695.69
188.57	1823.58
188.62	1946.27
188.67	2063.35
188.73	2174.11
188.78	2279.84
188.84	2382.05
188.89	2485.12
188.95	2588.87
189.00	2677.51
189.06	2775.60
189.11	2868.13
189.17	2952.31
189.22	3024.45
189.28	3112.01
189.33	3187.16
189.39	3251.97
189.44	3315.85
189.50	3388.82
189.55	3457.88
189.61	3511.17
189.66	3570.98
189.72	3629.57
189.77	3680.20
189.83	3709.09
189.88	3718.80
189.94	3687.19
189.99	3606.90
190.05	3454.68
190.10	3233.77
190.16	2984.01
190.21	2764.35
190.27	2622.27
190.32	2582.75
190.38	2648.59
190.43	2795.40
190.49	2971.34
190.54	3126.07
190.60	3265.12
190.65	3386.11
190.71	3493.50
190.76	3596.01
190.81	3698.11
190.87	3802.15
190.92	3924.46
190.98	4047.50
191.03	4170.65
191.09	4302.52
191.14	4418.85
191.20	4512.57
191.25	4615.13
191.31	4715.90
191.36	4813.57
191.42	4916.10
191.47	5031.71
191.53	5139.34
191.58	5230.44
191.64	5303.88
191.69	5369.37
191.75	5413.61
191.80	5444.56
191.85	5466.16
191.91	5485.52
191.96	5507.76
192.02	5535.20
192.07	5551.16
192.13	5546.87
192.18	5502.35
192.24	5387.04
192.29	5195.79
192.35	4971.76
192.40	4787.92
192.46	4679.54
192.51	4676.51
192.57	4770.55
192.62	4943.38
192.67	5130.05
192.73	5310.30
192.78	5471.99
192.84	5623.86
192.89	5763.31
192.95	5890.82
193.00	6000.99
193.06	6109.00
193.11	6216.20
193.17	6305.51
193.22	6388.84
193.28	6481.05
193.33	6556.34
193.38	6623.90
193.44	6694.56
193.49	6768.97
193.55	6825.80
193.60	6884.51
193.66	6938.76
193.71	6985.45
193.77	7011.35
193.82	7034.59
193.88	7054.10
193.93	7078.45
193.98	7104.69
194.04	7145.50
194.09	7191.71
194.15	7246.83
194.20	7290.60
194.26	7330.11
194.31	7372.19
194.37	7397.53
194.42	7401.16
194.47	7391.10
194.53	7352.31
194.58	7263.81
194.64	7156.88
194.69	7061.74
194.75	6997.17
194.80	6980.67
194.86	7020.76
194.91	7109.31
194.97	7213.08
195.02	7320.65
195.07	7423.25
195.13	7529.06
195.18	7641.70
195.24	7746.48
195.29	7850.94
195.35	7946.84
195.40	8042.45
195.46	8117.27
195.51	8201.51
195.56	8280.05
195.62	8361.79
195.67	8430.18
195.73	8502.02
195.78	8560.23
195.84	8606.25
195.89	8639.92
195.94	8674.99
196.00	8712.34
196.05	8750.73
196.11	8800.96
196.16	8856.35
196.22	8912.79
196.27	8971.15
196.32	9025.47
196.38	9072.80
196.43	9119.71
196.49	9157.51
196.54	9191.15
196.60	9232.63
196.65	9276.26
196.71	9321.27
196.76	9371.40
196.81	9412.85
196.87	9448.95
196.92	9477.18
196.98	9493.64
197.03	9502.24
197.09	9498.77
197.14	9493.13
197.19	9498.69
197.25	9515.32
197.30	9544.32
197.36	9599.10
197.41	9662.37
197.47	9720.20
197.52	9779.33
197.57	9844.18
197.63	9894.47
197.68	9946.57
197.74	9999.03
197.79	10049.30
197.84	10091.41
197.90	10139.21
197.95	10177.70
198.01	10219.35
198.06	10265.14
198.12	10311.32
198.17	10352.21
198.22	10399.60
198.28	10435.10
198.33	10472.90
198.39	10512.14
198.44	10557.26
198.49	10597.91
198.55	10648.37
198.60	10691.30
198.66	10731.53
198.71	10781.27
198.77	10832.14
198.82	10884.40
198.87	10940.08
198.93	10992.23
198.98	11036.58
199.04	11080.13
199.09	11117.61
199.14	11155.11
199.20	11196.56
199.25	11238.98
199.31	11283.10
199.36	11330.71
199.42	11378.50
199.47	11423.29
199.52	11467.66
199.58	11507.92
199.63	11535.69
199.69	11565.30
199.74	11596.91
199.79	11616.10
199.85	11641.30
199.90	11683.67
199.96	11720.20
200.01	11763.57
200.06	11814.92
200.12	11867.80
200.17	11919.68
200.23	11972.94
200.28	12015.08
200.33	12068.82
200.39	12112.49
200.44	12151.29
200.50	12195.87
200.55	12238.45
200.60	12275.31
200.66	12316.45
200.71	12350.70
200.77	12389.39
200.82	12426.78
200.87	12464.56
200.93	12500.43
200.98	12548.75
201.04	12584.39
201.09	12632.27
201.14	12684.55
201.20	12736.75
201.25	12789.23
201.31	12846.24
201.36	12906.79
201.41	12964.72
201.47	13022.13
201.52	13072.66
201.58	13134.14
201.63	13182.45
201.68	13226.87
201.74	13270.81
201.79	13317.54
201.84	13366.31
201.90	13415.34
201.95	13474.15
202.01	13531.98
202.06	13587.60
202.11	13629.94
202.17	13676.13
202.22	13712.59
202.28	13753.67
202.33	13790.41
202.38	13826.61
202.44	13869.78
202.49	13914.99
202.54	13962.43
202.60	14015.70
202.65	14072.82
202.71	14123.23
202.76	14163.89
202.81	14205.33
202.87	14253.41
202.92	14298.75
202.98	14346.31
203.03	14402.06
203.08	14457.07
203.14	14505.03
203.19	14558.49
203.24	14611.98
203.30	14662.68
203.35	14709.42
203.41	14757.21
203.46	14802.08
203.51	14846.26
203.57	14889.48
203.62	14942.00
203.67	14992.84
203.73	15033.88
203.78	15079.72
203.84	15132.95
203.89	15172.08
203.94	15212.16
204.00	15263.70
204.05	15307.17
204.10	15337.99
204.16	15371.38
204.21	15406.21
204.27	15430.79
204.32	15453.50
204.37	15475.57
204.43	15489.43
204.48	15494.25
204.53	15500.23
204.59	15529.29
204.64	15590.40
204.69	15675.08
204.75	15775.81
204.80	15885.07
204.86	15977.46
204.91	16044.44
204.96	16097.44
205.02	16137.68
205.07	16180.57
205.12	16238.11
205.18	16311.42
205.23	16392.70
205.28	16486.90
205.34	16574.76
205.39	16650.40
205.45	16716.47
205.50	16776.90
205.55	16837.25
205.61	16898.68
205.66	16955.21
205.71	17019.94
205.77	17083.21
205.82	17140.50
205.87	17197.36
205.93	17254.80
205.98	17305.25
206.03	17349.56
206.09	17395.87
206.14	17440.05
206.20	17490.13
206.25	17532.49
206.30	17594.72
206.36	17654.40
206.41	17721.06
206.46	17779.09
206.52	17834.53
206.57	17879.87
206.62	17922.49
206.68	17965.34
206.73	18014.78
206.78	18073.14
206.84	18129.69
206.89	18189.78
206.94	18251.77
207.00	18316.51
207.05	18386.54
207.11	18452.82
207.16	18509.53
207.21	18569.82
207.27	18619.73
207.32	18672.17
207.37	18729.88
207.43	18786.99
207.48	18838.85
207.53	18897.51
207.59	18946.64
207.64	18999.82
207.69	19071.67
207.75	19137.75
207.80	19194.26
207.85	19257.19
207.91	19311.93
207.96	19358.00
208.01	19414.80
208.07	19476.94
208.12	19534.30
208.17	19593.54
208.23	19647.32
208.28	19695.37
208.33	19752.25
208.39	19814.72
208.44	19879.14
208.49	19942.90
208.55	20002.58
208.60	20056.23
208.65	20107.52
208.71	20155.75
208.76	20208.56
208.81	20271.27
208.87	20333.48
208.92	20391.30
208.97	20455.16
209.03	20522.05
209.08	20582.19
209.13	20640.56
209.19	20701.02
209.24	20760.30
209.29	20817.84
209.35	20871.30
209.40	20933.60
209.45	20999.42
209.51	21062.56
209.56	21122.30
209.61	21188.49
209.67	21255.61
209.72	21312.47
209.77	21369.25
209.83	21437.28
209.88	21501.44
209.93	21564.13
209.99	21626.25
210.04	21698.38
210.09	21763.48
210.15	21823.08
210.20	21875.60
210.25	21944.37
210.31	22004.88
210.36	22053.09
210.41	22107.01
210.46	22171.91
210.52	22219.98
210.57	22267.65
210.62	22330.77
210.68	22394.38
210.73	22445.65
210.78	22508.85
210.84	22577.34
210.89	22633.35
210.94	22689.39
211.00	22748.01
211.05	22798.55
211.10	22852.84
211.16	22913.07
211.21	22982.60
211.26	23056.58
211.32	23130.32
211.37	23199.82
211.42	23270.71
211.47	23336.40
211.53	23398.87
211.58	23457.28
211.63	23511.75
211.69	23570.85
211.74	23622.10
211.79	23668.16
211.85	23732.09
211.90	23798.41
211.95	23863.25
212.01	23932.09
212.06	24013.88
212.11	24087.46
212.16	24159.73
212.22	24229.88
212.27	24293.93
212.32	24359.07
212.38	24425.51
212.43	24493.81
212.48	24557.80
212.54	24633.23
212.59	24704.50
212.64	24769.87
212.69	24824.38
212.75	24889.14
212.80	24953.80
212.85	25015.97
212.91	25066.30
212.96	25133.57
213.01	25197.09
213.07	25252.21
213.12	25311.31
213.17	25381.47
213.22	25441.39
213.28	25503.07
213.33	25556.65
213.38	25611.91
213.44	25669.75
213.49	25738.16
213.54	25810.65
213.60	25896.11
213.65	25977.69
213.70	26059.69
213.75	26127.90
213.81	26182.36
213.86	26232.97
213.91	26284.44
213.97	26331.26
214.02	26373.18
214.07	26414.18
214.12	26458.80
214.18	26502.44
214.23	26551.72
214.28	26602.00
214.34	26647.23
214.39	26691.24
214.44	26719.04
214.49	26718.25
214.55	26712.64
214.60	26695.71
214.65	26658.68
214.71	26621.44
214.76	26649.19
214.81	26719.37
214.86	26855.40
214.92	27019.11
214.97	27203.69
215.02	27352.55
215.08	27465.74
215.13	27536.39
215.18	27586.83
215.23	27626.60
215.29	27671.84
215.34	27741.69
215.39	27832.82
215.45	27954.08
215.50	28084.99
215.55	28217.98
215.60	28327.74
215.66	28408.54
215.71	28480.93
215.76	28550.04
215.81	28605.56
215.87	28664.82
215.92	28728.44
215.97	28780.53
216.03	28843.52
216.08	28904.96
216.13	28963.81
216.18	29029.71
216.24	29089.89
216.29	29140.91
216.34	29191.17
216.39	29255.17
216.45	29313.58
216.50	29373.05
216.55	29430.32
216.61	29505.01
216.66	29558.95
216.71	29615.10
216.76	29677.15
216.82	29753.05
216.87	29814.04
216.92	29891.98
216.97	29968.11
217.03	30043.59
217.08	30111.29
217.13	30195.82
217.18	30271.20
217.24	30339.06
217.29	30408.21
217.34	30461.56
217.39	30501.49
217.45	30543.54
217.50	30592.59
217.55	30652.00
217.61	30721.56
217.66	30793.03
217.71	30864.26
217.76	30947.17
217.82	31022.62
217.87	31096.23
217.92	31165.71
217.97	31234.67
218.03	31292.46
218.08	31332.53
218.13	31376.75
218.18	31420.23
218.24	31482.54
218.29	31534.18
218.34	31605.64
218.39	31670.50
218.45	31742.50
218.50	31799.21
218.55	31865.69
218.60	31931.34
218.66	31984.14
218.71	32050.50
218.76	32117.06
218.81	32181.85
218.87	32243.97
218.92	32318.81
218.97	32384.60
219.02	32449.18
219.08	32516.59
219.13	32585.09
219.18	32656.24
219.23	32716.88
219.29	32779.82
219.34	32838.82
219.39	32898.36
219.44	32959.79
219.50	33028.58
219.55	33088.58
219.60	33153.99
219.65	33222.78
219.71	33288.41
219.76	33342.01
219.81	33396.97
219.86	33452.59
219.92	33498.80
219.97	33549.24
220.02	33604.75
220.07	33663.37
220.13	33722.51
220.18	33789.51
220.23	33861.82
220.28	33937.19
220.33	34018.47
220.39	34085.47
220.44	34150.88
220.49	34199.09
220.54	34248.19
220.60	34297.39
220.65	34362.81
220.70	34429.41
220.75	34505.22
220.81	34588.13
220.86	34668.62
220.91	34734.58
220.96	34799.44
221.02	34866.57
221.07	34936.18
221.12	34992.66
221.17	35051.83
221.22	35116.54
221.28	35174.50
221.33	35228.52
221.38	35289.39
221.43	35360.62
221.49	35421.24
221.54	35484.38
221.59	35552.02
221.64	35631.52
221.69	35721.15
221.75	35818.55
221.80	35917.56
221.85	35991.85
221.90	36057.03
221.96	36111.59
222.01	36148.37
222.06	36180.59
222.11	36227.56
222.17	36272.03
222.22	36301.99
222.27	36352.25
222.32	36406.52
222.37	36463.13
222.43	36530.34
222.48	36600.60
222.53	36667.50
222.58	36747.09
222.63	36814.92
222.69	36879.67
222.74	36950.01
222.79	37018.99
222.84	37065.10
222.90	37119.04
222.95	37170.58
223.00	37211.20
223.05	37262.39
223.10	37322.69
223.16	37383.92
223.21	37437.57
223.26	37490.03
223.31	37520.63
223.36	37549.80
223.42	37582.85
223.47	37609.14
223.52	37658.49
223.57	37717.78
223.63	37773.78
223.68	37828.89
223.73	37904.96
223.78	37980.01
223.83	38046.66
223.89	38108.12
223.94	38176.58
223.99	38239.27
224.04	38303.09
224.09	38375.77
224.15	38466.57
224.20	38541.57
224.25	38632.22
224.30	38719.84
224.35	38811.71
224.41	38908.87
224.46	39004.97
224.51	39084.33
224.56	39160.23
224.61	39236.15
224.67	39307.46
224.72	39385.93
224.77	39479.48
224.82	39575.20
224.87	39659.11
224.93	39736.96
224.98	39825.59
225.03	39908.78
225.08	39988.95
225.13	40074.73
225.19	40165.14
225.24	40247.27
225.29	40321.43
225.34	40405.59
225.39	40488.36
225.45	40567.94
225.50	40645.73
225.55	40730.58
225.60	40798.20
225.65	40872.62
225.71	40944.79
225.76	41013.92
225.81	41067.19
225.86	41131.84
225.91	41183.10
225.97	41224.82
226.02	41255.75
226.07	41270.65
226.12	41288.19
226.17	41329.46
226.22	41408.80
226.28	41527.22
226.33	41690.75
226.38	41849.18
226.43	41986.25
226.48	42082.19
226.54	42158.57
226.59	42225.95
226.64	42278.93
226.69	42323.49
226.74	42382.84
226.80	42443.37
226.85	42506.80
226.90	42585.63
226.95	42699.20
227.00	42809.02
227.05	42925.46
227.11	43037.70
227.16	43137.53
227.21	43220.65
227.26	43308.54
227.31	43382.57
227.37	43436.49
227.42	43514.06
227.47	43594.19
227.52	43660.44
227.57	43711.57
227.62	43802.22
227.68	43871.66
227.73	43945.52
227.78	44030.30
227.83	44127.72
227.88	44196.00
227.93	44278.88
227.99	44355.98
228.04	44432.51
228.09	44521.95
228.14	44595.81
228.19	44664.30
228.24	44721.28
228.30	44793.27
228.35	44847.34
228.40	44912.11
228.45	44974.61
228.50	45050.09
228.56	45109.55
228.61	45162.99
228.66	45218.43
228.71	45280.13
228.76	45322.60
228.81	45362.89
228.87	45414.85
228.92	45476.68
228.97	45530.74
229.02	45623.70
229.07	45699.99
229.12	45783.95
229.17	45860.09
229.23	45944.05
229.28	46011.67
229.33	46097.69
229.38	46179.81
229.43	46257.90
229.48	46334.33
229.54	46399.76
229.59	46462.35
229.64	46527.05
229.69	46602.40
229.74	46688.97
229.79	46762.69
229.85	46846.56
229.90	46915.70
229.95	46982.85
230.00	47033.80
230.05	47112.51
230.10	47176.63
230.16	47249.55
230.21	47305.54
230.26	47364.24
230.31	47404.46
230.36	47462.04
230.41	47518.67
230.46	47610.47
230.52	47705.93
230.57	47793.99
230.62	47871.31
230.67	47948.36
230.72	47997.85
230.77	48035.64
230.82	48088.86
230.88	48129.60
230.93	48166.59
230.98	48208.11
231.03	48261.87
231.08	48312.05
231.13	48368.19
231.19	48443.55
231.24	48515.80
231.29	48590.46
231.34	48664.67
231.39	48748.07
231.44	48811.31
231.49	48860.84
231.55	48905.59
231.60	48946.77
231.65	48989.29
231.70	49031.64
231.75	49092.28
231.80	49146.53
231.85	49201.83
231.91	49244.90
231.96	49300.20
232.01	49349.73
232.06	49403.19
232.11	49461.84
232.16	49539.19
232.21	49624.79
232.26	49716.56
232.32	49807.45
232.37	49886.53
232.42	49954.74
232.47	49997.87
232.52	50036.18
232.57	50095.65
232.62	50154.85
232.68	50207.72
232.73	50286.32
232.78	50369.15
232.83	50428.81
232.88	50508.65
232.93	50589.88
232.98	50650.66
233.03	50698.95
233.09	50766.81
233.14	50832.30
233.19	50881.27
233.24	50937.98
233.29	50995.52
233.34	51028.56
233.39	51044.59
233.45	51083.56
233.50	51127.19
233.55	51174.32
233.60	51238.20
233.65	51308.81
233.70	51371.92
233.75	51418.05
233.80	51468.30
233.86	51519.80
233.91	51559.59
233.96	51602.73
234.01	51656.53
234.06	51710.55
234.11	51760.34
234.16	51816.13
234.21	51873.81
234.26	51925.72
234.32	51968.10
234.37	52008.24
234.42	52043.72
234.47	52068.12
234.52	52091.05
234.57	52134.79
234.62	52172.71
234.67	52223.19
234.73	52286.29
234.78	52349.76
234.83	52389.86
234.88	52440.06
234.93	52478.10
234.98	52522.78
235.03	52560.45
235.08	52620.59
235.13	52671.97
235.19	52740.17
235.24	52794.20
235.29	52868.61
235.34	52923.75
235.39	52965.84
235.44	52997.77
235.49	53038.87
235.54	53058.53
235.59	53071.97
235.65	53099.07
235.70	53131.28
235.75	53167.93
235.80	53220.73
235.85	53277.74
235.90	53323.98
235.95	53348.43
236.00	53375.17
236.05	53399.16
236.11	53426.25
236.16	53468.07
236.21	53518.56
236.26	53554.43
236.31	53573.87
236.36	53595.58
236.41	53614.30
236.46	53627.08
236.51	53645.63
236.56	53672.29
236.62	53696.75
236.67	53721.54
236.72	53769.96
236.77	53795.97
236.82	53842.93
236.87	53867.74
236.92	53889.06
236.97	53914.91
237.02	53957.06
237.07	53998.04
237.13	54070.94
237.18	54135.40
237.23	54186.27
237.28	54233.60
237.33	54268.97
237.38	54282.33
237.43	54300.78
237.48	54298.00
237.53	54316.58
237.58	54348.33
237.63	54394.89
237.69	54443.42
237.74	54509.19
237.79	54548.65
237.84	54556.55
237.89	54557.03
237.94	54560.77
237.99	54568.72
238.04	54579.99
238.09	54613.75
238.14	54651.67
238.19	54674.04
238.25	54702.73
238.30	54709.34
238.35	54705.09
238.40	54699.71
238.45	54701.01
238.50	54693.32
238.55	54696.17
238.60	54732.11
238.65	54758.10
238.70	54777.40
238.75	54794.50
238.80	54832.77
238.86	54840.22
238.91	54843.04
238.96	54869.66
239.01	54900.78
239.06	54927.30
239.11	54953.62
239.16	54986.85
239.21	54995.91
239.26	54986.45
239.31	54994.22
239.36	54998.02
239.41	55020.55
239.46	55039.60
239.52	55080.34
239.57	55101.27
239.62	55118.31
239.67	55134.00
239.72	55162.49
239.77	55173.38
239.82	55189.33
239.87	55203.94
239.92	55206.62
239.97	55200.87
240.02	55192.11
240.07	55176.07
240.12	55178.49
240.17	55182.47
240.23	55184.41
240.28	55192.85
240.33	55208.97
240.38	55195.95
240.43	55198.00
240.48	55217.66
240.53	55233.33
240.58	55249.84
240.63	55289.52
240.68	55297.31
240.73	55291.30
240.78	55298.58
240.83	55297.35
240.88	55279.59
240.93	55275.03
240.98	55274.47
241.04	55285.13
241.09	55305.21
241.14	55324.01
241.19	55366.94
241.24	55388.22
241.29	55400.35
241.34	55412.39
241.39	55423.98
241.44	55418.56
241.49	55425.87
241.54	55424.50
241.59	55406.50
241.64	55416.10
241.69	55411.58
241.74	55401.40
241.79	55395.30
241.84	55398.71
241.90	55371.40
241.95	55342.70
242.00	55319.09
242.05	55293.16
242.10	55276.89
242.15	55258.88
242.20	55256.50
242.25	55261.48
242.30	55257.92
242.35	55246.15
242.40	55248.60
242.45	55241.17
242.50	55232.74
242.55	55227.03
242.60	55225.42
242.65	55221.01
242.70	55234.80
242.75	55252.07
242.80	55293.54
242.85	55328.85
242.91	55343.05
242.96	55338.06
243.01	55325.80
243.06	55296.70
243.11	55256.77
243.16	55240.77
243.21	55239.59
243.26	55245.48
243.31	55251.40
243.36	55268.76
243.41	55288.99
243.46	55286.99
243.51	55254.20
243.56	55206.83
243.61	55152.64
243.66	55096.80
243.71	55069.91
243.76	55070.69
243.81	55090.08
243.86	55093.97
243.91	55105.06
243.96	55095.13
244.01	55072.75
244.06	55044.34
244.12	55034.25
244.17	55015.21
244.22	55013.60
244.27	55036.28
244.32	55062.81
244.37	55077.87
244.42	55092.20
244.47	55086.27
244.52	55059.74
244.57	55023.35
244.62	54999.63
244.67	54975.96
244.72	54953.14
244.77	54947.76
244.82	54962.35
244.87	54994.55
244.92	55012.14
244.97	55028.32
245.02	55021.99
245.07	55008.09
245.12	54982.23
245.17	54961.92
245.22	54962.25
245.27	54960.38
245.32	54924.86
245.37	54889.26
245.42	54855.74
245.47	54803.85
245.52	54762.23
245.57	54750.31
245.62	54725.40
245.67	54715.82
245.72	54710.39
245.77	54691.02
245.82	54667.71
245.87	54669.72
245.92	54672.27
245.98	54670.14
246.03	54675.44
246.08	54683.73
246.13	54682.54
246.18	54684.01
246.23	54669.55
246.28	54659.16
246.33	54646.37
246.38	54619.01
246.43	54580.60
246.48	54564.27
246.53	54563.04
246.58	54566.50
246.63	54573.97
246.68	54567.20
246.73	54554.28
246.78	54525.75
246.83	54477.05
246.88	54423.59
246.93	54376.50
246.98	54331.99
247.03	54299.07
247.08	54286.06
247.13	54277.90
247.18	54275.68
247.23	54295.61
247.28	54297.42
247.33	54277.69
247.38	54252.90
247.43	54238.82
247.48	54214.27
247.53	54187.09
247.58	54164.09
247.63	54145.95
247.68	54108.78
247.73	54044.13
247.78	54003.20
247.83	53976.60
247.88	53944.69
247.93	53935.63
247.98	53945.07
248.03	53947.73
248.08	53955.23
248.13	53962.33
248.18	53950.03
248.23	53941.67
248.28	53915.32
248.33	53873.70
248.38	53837.60
248.43	53813.81
248.48	53792.23
248.53	53777.62
248.58	53761.58
248.63	53752.39
248.68	53729.26
248.73	53695.33
248.78	53664.56
248.83	53625.70
248.88	53564.09
248.93	53489.45
248.98	53406.20
249.03	53356.90
249.08	53333.82
249.13	53329.31
249.18	53334.27
249.23	53359.56
249.28	53355.02
249.33	53344.25
249.38	53323.92
249.43	53306.19
249.48	53283.79
249.53	53274.71
249.58	53249.69
249.63	53229.59
249.68	53218.11
249.73	53198.78
249.78	53171.68
249.83	53167.75
249.88	53141.98
249.93	53129.46
249.98	53122.91
250.03	53116.17
250.08	53082.84
250.13	53080.00
250.18	53043.45
250.23	52990.57
250.28	52941.59
250.33	52887.50
250.37	52833.89
250.42	52800.92
250.47	52781.50
250.52	52769.48
250.57	52754.49
250.62	52720.44
250.67	52686.83
250.72	52668.26
250.77	52617.95
250.82	52601.79
250.87	52600.35
250.92	52591.50
250.97	52565.97
251.02	52568.04
251.07	52562.61
251.12	52544.31
251.17	52519.80
251.22	52487.99
251.27	52445.55
251.32	52393.28
251.37	52335.43
251.42	52283.29
251.47	52248.05
251.52	52227.85
251.57	52208.32
251.62	52201.83
251.67	52190.02
251.72	52170.83
251.77	52132.10
251.82	52091.70
251.87	52051.25
251.92	52010.80
251.97	51955.62
252.02	51904.68
252.07	51874.00
252.12	51851.85
252.16	51842.26
252.21	51845.39
252.26	51858.90
252.31	51862.20
252.36	51852.20
252.41	51831.07
252.46	51816.44
252.51	51790.10
252.56	51761.60
252.61	51735.66
252.66	51708.79
252.71	51676.79
252.76	51647.25
252.81	51603.42
252.86	51543.68
252.91	51497.66
252.96	51436.81
253.01	51367.72
253.06	51303.72
253.11	51264.85
253.16	51218.42
253.21	51175.63
253.26	51140.87
253.31	51110.55
253.36	51079.93
253.40	51055.25
253.45	51043.15
253.50	51005.85
253.55	50970.91
253.60	50933.00
253.65	50888.56
253.70	50844.63
253.75	50837.60
253.80	50819.74
253.85	50812.31
253.90	50811.30
253.95	50805.86
254.00	50798.23
254.05	50782.97
254.10	50747.42
254.15	50713.54
254.20	50683.56
254.25	50640.15
254.30	50612.71
254.35	50583.60
254.39	50523.05
254.44	50439.40
254.49	50363.73
254.54	50331.10
254.59	50288.19
254.64	50278.49
254.69	50276.46
254.74	50275.83
254.79	50234.65
254.84	50203.95
254.89	50178.60
254.94	50172.97
254.99	50157.97
255.04	50151.50
255.09	50144.91
255.14	50118.65
255.19	50102.49
255.23	50093.62
255.28	50077.22
255.33	50068.11
255.38	50065.14
255.43	50047.02
255.48	50014.40
255.53	49979.37
255.58	49940.30
255.63	49906.44
255.68	49857.78
255.73	49815.92
255.78	49783.26
255.83	49762.72
255.88	49737.63
255.93	49714.06
255.97	49693.43
256.02	49661.21
256.07	49611.15
256.12	49543.46
256.17	49487.97
256.22	49431.66
256.27	49378.37
256.32	49334.65
256.37	49313.75
256.42	49298.83
256.47	49277.62
256.52	49255.73
256.57	49229.56
256.62	49214.20
256.66	49192.52
256.71	49156.30
256.76	49116.20
256.81	49072.73
256.86	49016.80
256.91	48970.96
256.96	48934.40
257.01	48904.51
257.06	48885.27
257.11	48853.90
257.16	48797.63
257.21	48752.31
257.26	48706.53
257.30	48666.11
257.35	48627.88
257.40	48608.43
257.45	48599.77
257.50	48576.53
257.55	48545.81
257.60	48522.26
257.65	48502.82
257.70	48462.75
257.75	48425.49
257.80	48398.36
257.85	48356.98
257.89	48301.04
257.94	48245.47
257.99	48189.59
258.04	48122.67
258.09	48086.48
258.14	48057.55
258.19	48041.65
258.24	48025.27
258.29	47995.21
258.34	47957.50
258.39	47918.59
258.44	47855.28
258.48	47799.95
258.53	47771.01
258.58	47728.53
258.63	47680.63
258.68	47644.33
258.73	47612.83
258.78	47567.21
258.83	47521.58
258.88	47484.49
258.93	47451.99
258.97	47421.85
259.02	47388.50
259.07	47363.07
259.12	47339.41
259.17	47319.67
259.22	47298.67
259.27	47280.87
259.32	47268.10
259.37	47225.88
259.42	47188.21
259.47	47144.50
259.51	47103.06
259.56	47033.55
259.61	46969.32
259.66	46896.15
259.71	46818.53
259.76	46746.32
259.81	46685.49
259.86	46644.35
259.91	46611.06
259.95	46591.62
260.00	46573.07
260.05	46560.57
260.10	46548.04
260.15	46530.13
260.20	46511.95
260.25	46494.26
260.30	46482.22
260.35	46445.66
260.40	46413.87
260.44	46387.49
260.49	46365.38
260.54	46325.30
260.59	46307.37
260.64	46298.82
260.69	46290.84
260.74	46259.04
260.79	46219.16
260.84	46168.77
260.88	46106.46
260.93	46030.93
260.98	45988.87
261.03	45956.37
261.08	45936.11
261.13	45901.95
261.18	45866.32
261.23	45809.37
261.28	45771.15
261.32	45722.57
261.37	45679.16
261.42	45656.03
261.47	45633.46
261.52	45587.92
261.57	45546.90
261.62	45510.23
261.67	45450.59
261.71	45380.32
261.76	45337.81
261.81	45284.73
261.86	45228.72
261.91	45188.21
261.96	45156.13
262.01	45107.90
262.06	45081.06
262.10	45067.90
262.15	45044.51
262.20	45022.33
262.25	45013.63
262.30	44997.00
262.35	44972.99
262.40	44947.88
262.45	44925.07
262.49	44889.10
262.54	44856.71
262.59	44826.66
262.64	44794.76
262.69	44755.75
262.74	44710.29
262.79	44654.35
262.84	44601.30
262.88	44555.49
262.93	44504.79
262.98	44465.47
263.03	44428.94
263.08	44375.30
263.13	44299.05
263.18	44240.46
263.23	44179.93
263.27	44128.75
263.32	44098.37
263.37	44087.63
263.42	44071.31
263.47	44048.37
263.52	44030.40
263.57	43992.53
263.61	43951.80
263.66	43905.18
263.71	43869.73
263.76	43826.17
263.81	43782.59
263.86	43753.37
263.91	43710.98
263.95	43651.33
264.00	43594.05
264.05	43548.26
264.10	43485.47
264.15	43426.59
264.20	43386.71
264.25	43342.11
264.29	43301.27
264.34	43245.00
264.39	43209.00
264.44	43151.13
264.49	43102.69
264.54	43057.60
264.59	43022.49
264.63	42980.13
264.68	42933.21
264.73	42893.75
264.78	42836.14
264.83	42783.62
264.88	42738.75
264.93	42716.46
264.97	42681.46
265.02	42664.06
265.07	42652.22
265.12	42611.93
265.17	42567.32
265.22	42519.56
265.27	42461.45
265.31	42392.87
265.36	42330.51
265.41	42265.25
265.46	42214.33
265.51	42148.35
265.56	42087.86
265.60	42038.89
265.65	41987.42
265.70	41925.32
265.75	41871.75
265.80	41817.92
265.85	41755.40
265.90	41696.90
265.94	41637.77
265.99	41575.32
266.04	41531.79
266.09	41498.19
266.14	41462.85
266.19	41431.32
266.23	41408.71
266.28	41358.87
266.33	41315.74
266.38	41288.28
266.43	41261.08
266.48	41233.83
266.52	41216.84
266.57	41179.89
266.62	41132.76
266.67	41083.51
266.72	41033.22
266.77	40996.98
266.81	40976.84
266.86	40954.56
266.91	40923.25
266.96	40885.05
267.01	40844.49
267.06	40790.55
267.10	40741.86
267.15	40691.14
267.20	40667.95
267.25	40631.97
267.30	40602.68
267.35	40568.53
267.39	40536.88
267.44	40490.46
267.49	40443.41
267.54	40389.09
267.59	40331.71
267.64	40275.80
267.68	40211.83
267.73	40157.43
267.78	40122.74
267.83	40102.85
267.88	40092.04
267.93	40087.39
267.97	40064.89
268.02	40026.85
268.07	39974.70
268.12	39916.52
268.17	39855.96
268.21	39816.78
268.26	39773.70
268.31	39729.48
268.36	39684.34
268.41	39639.83
268.46	39594.22
268.50	39554.67
268.55	39506.35
268.60	39449.05
268.65	39388.08
268.70	39302.23
268.74	39234.87
268.79	39164.67
268.84	39112.62
268.89	39069.50
268.94	39045.60
268.99	38996.96
269.03	38959.41
269.08	38912.47
269.13	38839.46
269.18	38752.05
269.23	38662.25
269.27	38547.13
269.32	38419.94
269.37	38296.50
269.42	38164.25
269.47	38030.48
269.51	37899.64
269.56	37759.73
269.61	37618.82
269.66	37469.89
269.71	37307.66
269.76	37159.74
269.80	37011.20
269.85	36866.30
269.90	36727.93
269.95	36586.83
270.00	36430.04
270.04	36283.32
270.09	36132.34
270.14	35987.58
270.19	35850.91
270.24	35723.35
270.28	35565.75
270.33	35403.10
270.38	35226.62
270.43	35055.60
270.48	34878.46
270.52	34727.82
270.57	34569.75
270.62	34411.56
270.67	34254.41
270.72	34092.30
270.76	33913.85
270.81	33745.33
270.86	33578.25
270.91	33401.26
270.96	33232.95
271.00	33074.34
271.05	32921.09
271.10	32778.17
271.15	32644.78
271.20	32522.88
271.24	32389.31
271.29	32249.48
271.34	32099.66
271.39	31949.78
271.44	31796.44
271.48	31657.15
271.53	31514.40
271.58	31375.64
271.63	31234.45
271.67	31087.05
271.72	30938.45
271.77	30795.00
271.82	30655.31
271.87	30516.92
271.91	30366.81
271.96	30226.66
272.01	30089.02
272.06	29956.99
272.11	29838.18
272.15	29733.82
272.20	29628.55
272.25	29527.80
272.30	29430.56
272.35	29321.38
272.39	29206.56
272.44	29088.39
272.49	28955.10
272.54	28815.76
272.58	28670.29
272.63	28523.34
272.68	28372.16
272.73	28221.09
272.78	28045.78
272.82	27840.12
272.87	27619.60
272.92	27332.76
272.97	26802.89
273.01	23850.95
273.06	18915.35
273.11	13470.10
273.16	8123.82
273.21	3057.13
273.25	460.16
273.30	-88.75
273.35	-89.59
