165.32	3384.14
165.38	-248.45
165.44	596.85
165.50	-76.51
165.55	-16.97
165.61	5.97
165.67	34.79
165.72	44.40
165.78	50.16
165.84	48.45
165.89	45.64
165.95	44.30
166.01	43.61
166.06	44.69
166.12	47.40
166.18	45.17
166.23	46.37
166.29	45.80
166.35	42.73
166.40	41.87
166.46	48.94
166.52	51.80
166.57	52.68
166.63	53.59
166.69	56.01
166.74	49.91
166.80	50.46
166.86	52.55
166.91	52.78
166.97	47.33
167.03	50.10
167.08	44.17
167.14	43.14
167.20	41.58
167.25	53.81
167.31	54.13
167.37	59.47
167.42	61.26
167.48	67.19
167.54	61.97
167.59	61.28
167.65	57.27
167.71	56.93
167.76	55.57
167.82	51.05
167.88	50.70
167.93	58.34
167.99	57.24
168.05	59.59
168.10	66.95
168.16	66.06
168.21	64.24
168.27	68.97
168.33	70.55
168.38	63.61
168.44	68.56
168.50	67.32
168.55	65.65
168.61	66.55
168.67	68.29
168.72	65.49
168.78	65.59
168.84	61.65
168.89	60.21
168.95	61.29
169.01	60.88
169.06	60.52
169.12	59.47
169.18	57.10
169.23	57.15
169.29	61.36
169.34	65.04
169.40	67.75
169.46	72.30
169.51	73.87
169.57	69.48
169.63	65.87
169.68	70.85
169.74	67.44
169.80	73.18
169.85	74.26
169.91	78.38
169.97	74.30
170.02	74.69
170.08	73.88
170.13	74.34
170.19	73.87
170.25	75.53
170.30	79.56
170.36	71.51
170.42	73.63
170.47	74.30
170.53	75.45
170.59	72.24
170.64	76.10
170.70	74.53
170.76	72.15
170.81	74.09
170.87	73.76
170.92	73.90
170.98	76.64
171.04	79.28
171.09	75.20
171.15	82.02
171.21	82.93
171.26	79.90
171.32	77.56
171.37	81.37
171.43	75.71
171.49	80.32
171.54	83.88
171.60	84.63
171.66	86.52
171.71	87.60
171.77	85.59
171.83	91.14
171.88	90.43
171.94	89.55
171.99	93.65
172.05	92.37
172.11	93.62
172.16	102.58
172.22	103.41
172.28	103.30
172.33	101.49
172.39	98.40
172.44	95.11
172.50	100.00
172.56	99.66
172.61	107.65
172.67	106.78
172.72	106.40
172.78	101.46
172.84	96.67
172.89	90.08
172.95	89.23
173.01	90.43
173.06	89.22
173.12	95.53
173.17	97.04
173.23	97.14
173.29	97.07
173.34	98.56
173.40	92.59
173.46	93.03
173.51	95.54
173.57	96.40
173.62	90.83
173.68	97.61
173.74	96.37
173.79	97.77
173.85	94.61
173.90	97.46
173.96	93.62
174.02	91.06
174.07	83.05
174.13	82.12
174.18	84.62
174.24	78.25
174.30	78.61
174.35	83.91
174.41	81.13
174.47	75.16
174.52	76.55
174.58	75.45
174.63	71.45
174.69	70.58
174.75	72.45
174.80	83.41
174.86	81.15
174.91	81.81
174.97	81.58
175.03	78.63
175.08	66.14
175.14	72.85
175.19	68.65
175.25	69.05
175.31	73.63
175.36	75.35
175.42	72.08
175.47	77.30
175.53	77.56
175.59	74.14
175.64	75.49
175.70	74.22
175.75	68.98
175.81	67.49
175.87	68.65
175.92	64.67
175.98	65.81
176.03	65.94
176.09	67.00
176.15	67.08
176.20	68.50
176.26	67.86
176.31	71.36
176.37	68.59
176.42	69.67
176.48	73.24
176.54	71.49
176.59	68.71
176.65	71.24
176.70	72.62
176.76	71.76
176.82	69.52
176.87	66.24
176.93	66.41
176.98	64.69
177.04	59.81
177.10	64.67
177.15	66.84
177.21	67.54
177.26	66.67
177.32	70.33
177.37	71.84
177.43	75.09
177.49	71.33
177.54	68.88
177.60	69.49
177.65	70.59
177.71	65.12
177.77	68.53
177.82	70.34
177.88	73.95
177.93	68.73
177.99	75.16
178.04	70.65
178.10	71.35
178.16	64.81
178.21	65.69
178.27	62.64
178.32	66.51
178.38	65.51
178.43	66.85
178.49	66.62
178.55	66.44
178.60	65.35
178.66	64.45
178.71	66.28
178.77	64.56
178.82	65.15
178.88	65.00
178.94	65.35
178.99	66.21
179.05	70.74
179.10	67.06
179.16	70.12
179.21	72.64
179.27	71.82
179.33	67.65
179.38	70.99
179.44	68.88
179.49	68.86
179.55	66.77
179.60	67.01
179.66	66.07
179.72	68.49
179.77	65.98
179.83	64.51
179.88	66.12
179.94	67.60
179.99	63.92
180.05	64.09
180.11	65.60
180.16	67.66
180.22	70.24
180.27	74.85
180.33	75.90
180.38	79.99
180.44	75.40
180.49	74.38
180.55	72.04
180.61	76.17
180.66	70.88
180.72	69.65
180.77	68.42
180.83	68.45
180.88	65.53
180.94	65.30
180.99	69.13
181.05	69.12
181.11	70.20
181.16	70.52
181.22	71.64
181.27	74.10
181.33	72.86
181.38	69.41
181.44	70.23
181.49	74.89
181.55	75.05
181.61	80.92
181.66	83.50
181.72	81.62
181.77	78.57
181.83	76.60
181.88	81.43
181.94	83.25
181.99	88.04
182.05	88.82
182.11	89.18
182.16	79.80
182.22	77.69
182.27	72.87
182.33	74.59
182.38	74.18
182.44	79.36
182.49	81.38
182.55	83.35
182.60	83.34
182.66	86.64
182.72	88.83
182.77	91.43
182.83	95.15
182.88	98.09
182.94	99.31
182.99	96.61
183.05	95.01
183.10	97.06
183.16	95.90
183.21	96.65
183.27	103.73
183.32	107.73
183.38	109.76
183.44	115.53
183.49	119.50
183.55	119.57
183.60	124.45
183.66	129.27
183.71	137.64
183.77	143.88
183.82	151.81
183.88	160.90
183.93	171.26
183.99	182.80
184.04	198.25
184.10	209.31
184.15	219.95
184.21	232.37
184.27	234.53
184.32	235.43
184.38	233.95
184.43	232.50
184.49	218.03
184.54	203.82
184.60	197.35
184.65	186.36
184.71	178.16
184.76	180.14
184.82	196.20
184.87	210.53
184.93	234.28
184.98	259.48
185.04	287.92
185.09	310.87
185.15	334.69
185.20	362.50
185.26	394.83
185.31	421.71
185.37	448.49
185.43	468.42
185.48	487.93
185.54	509.71
185.59	534.97
185.65	557.92
185.70	596.29
185.76	640.05
185.81	672.31
185.87	707.59
185.92	750.79
185.98	785.79
186.03	802.78
186.09	806.53
186.14	785.24
186.20	735.87
186.25	655.85
186.31	574.86
186.36	512.55
186.42	486.02
186.47	496.34
186.53	542.96
186.58	610.92
186.64	684.43
186.69	754.84
186.75	813.47
186.80	871.17
186.86	928.94
186.91	987.70
186.97	1042.48
187.02	1114.78
187.08	1184.37
187.13	1246.37
187.19	1313.44
187.24	1384.99
187.30	1439.41
187.35	1497.50
187.41	1570.80
187.47	1640.53
187.52	1697.44
187.58	1758.03
187.63	1824.20
187.69	1886.36
187.74	1938.41
187.80	1986.84
187.85	2031.53
187.91	2052.91
187.96	2039.60
188.02	1975.23
188.07	1868.30
188.13	1708.03
188.18	1539.60
188.24	1412.77
188.29	1353.18
188.35	1359.68
188.40	1438.12
188.46	1561.67
188.51	1684.93
188.57	1811.00
188.62	1932.95
188.67	2048.12
188.73	2155.45
188.78	2258.38
188.84	2360.42
188.89	2461.40
188.95	2566.01
189.00	2655.36
189.06	2751.86
189.11	2844.94
189.17	2926.96
189.22	2997.98
189.28	3086.97
189.33	3164.94
189.39	3228.04
189.44	3294.28
189.50	3368.59
189.55	3436.78
189.61	3489.86
189.66	3547.94
189.72	3607.72
189.77	3658.81
189.83	3686.23
189.88	3695.10
189.94	3667.80
189.99	3590.53
190.05	3442.66
190.10	3227.98
190.16	2983.66
190.21	2766.77
190.27	2628.19
190.32	2594.15
190.38	2668.72
190.43	2824.95
190.49	3014.51
190.54	3183.69
190.60	3339.68
190.65	3480.23
190.71	3611.52
190.76	3735.84
190.81	3860.19
190.87	3976.66
190.92	4099.26
190.98	4210.99
191.03	4317.26
191.09	4430.80
191.14	4533.46
191.20	4619.43
191.25	4716.27
191.31	4815.11
191.36	4900.34
191.42	4982.91
191.47	5072.82
191.53	5159.96
191.58	5230.01
191.64	5291.34
191.69	5351.78
191.75	5394.30
191.80	5424.68
191.85	5444.34
191.91	5464.15
191.96	5483.97
192.02	5513.26
192.07	5526.23
192.13	5522.84
192.18	5476.37
192.24	5363.67
192.29	5173.21
192.35	4952.55
192.40	4771.03
192.46	4664.66
192.51	4659.12
192.57	4750.99
192.62	4922.87
192.67	5107.41
192.73	5284.03
192.78	5447.64
192.84	5596.62
192.89	5733.63
192.95	5859.99
193.00	5974.95
193.06	6079.30
193.11	6186.10
193.17	6275.65
193.22	6360.43
193.28	6449.13
193.33	6527.99
193.38	6595.66
193.44	6665.68
193.49	6736.69
193.55	6793.68
193.60	6849.17
193.66	6902.80
193.71	6945.97
193.77	6970.07
193.82	6992.93
193.88	7013.16
193.93	7041.76
193.98	7071.75
194.04	7117.01
194.09	7159.09
194.15	7209.26
194.20	7248.71
194.26	7291.71
194.31	7331.73
194.37	7359.95
194.42	7367.49
194.47	7360.84
194.53	7317.66
194.58	7230.05
194.64	7124.29
194.69	7028.09
194.75	6959.40
194.80	6942.57
194.86	6983.99
194.91	7075.02
194.97	7181.53
195.02	7295.15
195.07	7404.15
195.13	7506.95
195.18	7616.40
195.24	7725.42
195.29	7832.15
195.35	7935.78
195.40	8042.39
195.46	8127.79
195.51	8215.48
195.56	8293.95
195.62	8365.62
195.67	8428.56
195.73	8495.03
195.78	8545.54
195.84	8592.81
195.89	8629.14
195.94	8661.20
196.00	8690.98
196.05	8723.82
196.11	8764.56
196.16	8815.33
196.22	8870.54
196.27	8924.71
196.32	8980.05
196.38	9023.18
196.43	9065.77
196.49	9101.24
196.54	9139.83
196.60	9179.67
196.65	9226.68
196.71	9268.21
196.76	9317.98
196.81	9358.59
196.87	9391.40
196.92	9418.88
196.98	9440.14
197.03	9446.80
197.09	9437.93
197.14	9432.05
197.19	9433.07
197.25	9444.91
197.30	9470.39
197.36	9524.85
197.41	9586.35
197.47	9646.36
197.52	9709.01
197.57	9771.28
197.63	9824.83
197.68	9881.39
197.74	9933.11
197.79	9979.24
197.84	10023.91
197.90	10072.05
197.95	10112.43
198.01	10153.82
198.06	10200.08
198.12	10245.40
198.17	10287.30
198.22	10332.15
198.28	10369.08
198.33	10410.67
198.39	10454.84
198.44	10497.50
198.49	10538.51
198.55	10588.50
198.60	10629.13
198.66	10670.15
198.71	10719.80
198.77	10767.22
198.82	10816.48
198.87	10864.76
198.93	10915.60
198.98	10955.74
199.04	11002.20
199.09	11043.80
199.14	11085.25
199.20	11119.45
199.25	11157.38
199.31	11197.82
199.36	11242.58
199.42	11291.14
199.47	11334.84
199.52	11379.65
199.58	11417.56
199.63	11443.17
199.69	11469.48
199.74	11502.52
199.79	11530.30
199.85	11559.88
199.90	11599.82
199.96	11637.67
200.01	11684.30
200.06	11736.32
200.12	11786.90
200.17	11840.64
200.23	11894.95
200.28	11937.09
200.33	11986.60
200.39	12030.84
200.44	12073.41
200.50	12111.67
200.55	12152.15
200.60	12185.72
200.66	12222.77
200.71	12255.59
200.77	12301.82
200.82	12335.60
200.87	12376.31
200.93	12412.07
200.98	12457.28
201.04	12490.51
201.09	12539.09
201.14	12588.50
201.20	12643.73
201.25	12695.74
201.31	12753.48
201.36	12811.86
201.41	12870.49
201.47	12926.46
201.52	12977.02
201.58	13035.91
201.63	13084.06
201.68	13125.80
201.74	13172.79
201.79	13219.72
201.84	13269.08
201.90	13322.31
201.95	13373.86
202.01	13426.13
202.06	13479.46
202.11	13518.93
202.17	13564.84
202.22	13609.29
202.28	13653.43
202.33	13693.57
202.38	13735.17
202.44	13778.26
202.49	13825.88
202.54	13869.75
202.60	13919.88
202.65	13964.90
202.71	14012.15
202.76	14051.90
202.81	14092.16
202.87	14141.78
202.92	14192.38
202.98	14242.77
203.03	14297.47
203.08	14352.92
203.14	14401.36
203.19	14459.52
203.24	14514.61
203.30	14569.10
203.35	14620.87
203.41	14665.17
203.46	14707.48
203.51	14746.22
203.57	14780.86
203.62	14828.55
203.67	14887.71
203.73	14936.37
203.78	14982.64
203.84	15042.25
203.89	15082.08
203.94	15123.98
204.00	15168.49
204.05	15219.28
204.10	15257.10
204.16	15300.36
204.21	15341.95
204.27	15386.58
204.32	15428.00
204.37	15479.12
204.43	15530.44
204.48	15574.39
204.53	15617.18
204.59	15666.65
204.64	15720.63
204.69	15783.89
204.75	15849.39
204.80	15918.27
204.86	15973.22
204.91	16026.43
204.96	16078.68
205.02	16125.95
205.07	16175.77
205.12	16242.40
205.18	16304.35
205.23	16362.07
205.28	16429.44
205.34	16490.81
205.39	16547.60
205.45	16602.88
205.50	16661.70
205.55	16718.59
205.61	16775.94
205.66	16829.63
205.71	16896.31
205.77	16960.34
205.82	17018.26
205.87	17074.06
205.93	17126.01
205.98	17169.96
206.03	17211.54
206.09	17254.84
206.14	17307.75
206.20	17366.48
206.25	17420.64
206.30	17477.07
206.36	17537.02
206.41	17594.10
206.46	17647.18
206.52	17694.06
206.57	17747.31
206.62	17793.14
206.68	17836.10
206.73	17881.84
206.78	17941.63
206.84	17997.12
206.89	18056.95
206.94	18116.28
207.00	18185.25
207.05	18253.71
207.11	18319.28
207.16	18375.53
207.21	18442.12
207.27	18492.33
207.32	18540.30
207.37	18597.41
207.43	18654.04
207.48	18701.13
207.53	18760.86
207.59	18810.91
207.64	18860.45
207.69	18931.89
207.75	19003.37
207.80	19062.90
207.85	19128.69
207.91	19183.13
207.96	19228.83
208.01	19282.91
208.07	19339.08
208.12	19396.55
208.17	19453.66
208.23	19506.21
208.28	19552.22
208.33	19612.41
208.39	19672.37
208.44	19736.01
208.49	19795.58
208.55	19858.25
208.60	19907.02
208.65	19951.53
208.71	20002.70
208.76	20062.38
208.81	20118.71
208.87	20182.77
208.92	20245.53
208.97	20304.47
209.03	20364.21
209.08	20426.13
209.13	20481.56
209.19	20545.39
209.24	20607.77
209.29	20664.77
209.35	20718.82
209.40	20782.11
209.45	20844.92
209.51	20909.92
209.56	20979.34
209.61	21050.17
209.67	21118.15
209.72	21177.81
209.77	21235.76
209.83	21293.33
209.88	21359.28
209.93	21421.93
209.99	21480.36
210.04	21546.20
210.09	21614.38
210.15	21665.89
210.20	21721.50
210.25	21790.56
210.31	21852.16
210.36	21898.50
210.41	21958.94
210.46	22018.03
210.52	22069.96
210.57	22116.59
210.62	22178.50
210.68	22241.08
210.73	22290.70
210.78	22350.38
210.84	22419.59
210.89	22484.93
210.94	22543.01
211.00	22608.57
211.05	22662.65
211.10	22721.43
211.16	22776.97
211.21	22843.89
211.26	22908.67
211.32	22982.20
211.37	23049.41
211.42	23115.39
211.47	23184.32
211.53	23249.37
211.58	23305.36
211.63	23360.41
211.69	23419.45
211.74	23468.93
211.79	23517.77
211.85	23579.17
211.90	23639.72
211.95	23704.73
212.01	23763.50
212.06	23837.41
212.11	23912.22
212.16	23993.56
212.22	24067.17
212.27	24141.72
212.32	24212.47
212.38	24278.07
212.43	24335.00
212.48	24393.00
212.54	24461.32
212.59	24531.82
212.64	24596.99
212.69	24660.95
212.75	24727.01
212.80	24791.65
212.85	24853.74
212.91	24906.35
212.96	24967.09
213.01	25031.10
213.07	25089.12
213.12	25153.07
213.17	25216.82
213.22	25279.12
213.28	25338.26
213.33	25388.32
213.38	25441.87
213.44	25503.05
213.49	25572.91
213.54	25649.72
213.60	25737.34
213.65	25815.17
213.70	25901.82
213.75	25973.32
213.81	26031.98
213.86	26087.30
213.91	26146.51
213.97	26201.26
214.02	26248.59
214.07	26306.44
214.12	26356.35
214.18	26407.85
214.23	26466.86
214.28	26527.43
214.34	26589.22
214.39	26661.41
214.44	26725.39
214.49	26771.68
214.55	26823.50
214.60	26866.54
214.65	26904.05
214.71	26939.87
214.76	26999.73
214.81	27073.30
214.86	27160.68
214.92	27237.37
214.97	27326.82
215.02	27403.02
215.08	27469.09
215.13	27531.44
215.18	27603.32
215.23	27675.86
215.29	27748.54
215.34	27826.45
215.39	27900.83
215.45	27987.30
215.50	28069.75
215.55	28142.46
215.60	28207.72
215.66	28259.81
215.71	28314.29
215.76	28371.49
215.81	28428.46
215.87	28485.34
215.92	28551.89
215.97	28605.52
216.03	28660.54
216.08	28721.94
216.13	28778.42
216.18	28832.80
216.24	28892.74
216.29	28947.32
216.34	28999.69
216.39	29066.66
216.45	29128.10
216.50	29188.53
216.55	29253.41
216.61	29321.06
216.66	29375.09
216.71	29435.12
216.76	29498.27
216.82	29565.05
216.87	29630.84
216.92	29711.22
216.97	29782.26
217.03	29853.30
217.08	29926.96
217.13	30007.72
217.18	30077.37
217.24	30155.72
217.29	30226.43
217.34	30275.35
217.39	30314.16
217.45	30359.04
217.50	30405.72
217.55	30463.55
217.61	30533.00
217.66	30598.03
217.71	30662.15
217.76	30739.20
217.82	30815.60
217.87	30887.41
217.92	30967.85
217.97	31043.92
218.03	31100.50
218.08	31141.42
218.13	31188.73
218.18	31236.40
218.24	31295.35
218.29	31355.42
218.34	31421.82
218.39	31487.75
218.45	31558.79
218.50	31615.00
218.55	31676.45
218.60	31742.76
218.66	31797.84
218.71	31856.21
218.76	31923.98
218.81	31991.27
218.87	32050.93
218.92	32120.17
218.97	32194.34
219.02	32258.85
219.08	32319.99
219.13	32393.96
219.18	32459.15
219.23	32516.14
219.29	32579.00
219.34	32645.17
219.39	32705.28
219.44	32769.81
219.50	32836.48
219.55	32897.93
219.60	32965.22
219.65	33034.18
219.71	33105.62
219.76	33156.79
219.81	33210.93
219.86	33263.51
219.92	33309.58
219.97	33355.12
220.02	33413.14
220.07	33473.75
220.13	33536.41
220.18	33607.00
220.23	33679.63
220.28	33761.84
220.33	33837.58
220.39	33898.28
220.44	33952.31
220.49	34005.41
220.54	34043.78
220.60	34098.53
220.65	34165.00
220.70	34234.24
220.75	34304.73
220.81	34395.52
220.86	34473.68
220.91	34541.95
220.96	34612.00
221.02	34679.56
221.07	34738.30
221.12	34788.41
221.17	34838.04
221.22	34898.09
221.28	34959.06
221.33	35020.00
221.38	35081.78
221.43	35161.87
221.49	35223.05
221.54	35289.06
221.59	35352.64
221.64	35437.21
221.69	35520.86
221.75	35615.50
221.80	35710.49
221.85	35784.15
221.90	35849.10
221.96	35907.66
222.01	35943.48
222.06	35969.63
222.11	36022.39
222.17	36066.59
222.22	36099.79
222.27	36150.23
222.32	36201.35
222.37	36251.51
222.43	36315.08
222.48	36381.42
222.53	36450.45
222.58	36532.41
222.63	36606.47
222.69	36668.62
222.74	36740.57
222.79	36803.19
222.84	36843.63
222.90	36898.76
222.95	36952.70
223.00	37000.11
223.05	37055.10
223.10	37129.01
223.16	37185.83
223.21	37236.82
223.26	37280.70
223.31	37320.87
223.36	37347.99
223.42	37385.08
223.47	37412.96
223.52	37451.99
223.57	37498.98
223.63	37557.80
223.68	37598.38
223.73	37677.07
223.78	37757.62
223.83	37830.11
223.89	37889.17
223.94	37973.61
223.99	38033.17
224.04	38103.75
224.09	38179.35
224.15	38271.06
224.20	38342.09
224.25	38440.55
224.30	38531.15
224.35	38618.76
224.41	38708.65
224.46	38806.86
224.51	38880.82
224.56	38953.33
224.61	39033.76
224.67	39106.67
224.72	39179.66
224.77	39274.65
224.82	39366.80
224.87	39450.46
224.93	39533.75
224.98	39623.00
225.03	39698.78
225.08	39780.15
225.13	39869.40
225.19	39965.62
225.24	40055.68
225.29	40136.61
225.34	40223.40
225.39	40300.13
225.45	40380.59
225.50	40455.86
225.55	40546.64
225.60	40630.02
225.65	40726.92
225.71	40813.02
225.76	40910.82
225.81	41000.06
225.86	41088.16
225.91	41180.72
225.97	41269.09
226.02	41354.69
226.07	41423.28
226.12	41489.79
226.17	41548.42
226.22	41614.64
226.28	41691.33
226.33	41784.50
226.38	41871.74
226.43	41953.54
226.48	42019.57
226.54	42077.85
226.59	42151.90
226.64	42233.92
226.69	42309.30
226.74	42384.49
226.80	42450.15
226.85	42503.50
226.90	42545.71
226.95	42604.67
227.00	42674.67
227.05	42755.84
227.11	42838.97
227.16	42924.84
227.21	43004.08
227.26	43086.64
227.31	43154.67
227.37	43208.19
227.42	43284.74
227.47	43362.98
227.52	43433.96
227.57	43497.59
227.62	43591.11
227.68	43665.69
227.73	43731.18
227.78	43810.37
227.83	43906.01
227.88	43972.41
227.93	44046.52
227.99	44133.32
228.04	44212.58
228.09	44286.61
228.14	44363.68
228.19	44436.11
228.24	44492.37
228.30	44553.37
228.35	44614.78
228.40	44681.75
228.45	44739.13
228.50	44811.75
228.56	44874.13
228.61	44933.44
228.66	44988.08
228.71	45044.28
228.76	45091.30
228.81	45141.16
228.87	45188.36
228.92	45251.75
228.97	45314.41
229.02	45406.66
229.07	45476.58
229.12	45561.11
229.17	45634.07
229.23	45707.38
229.28	45774.69
229.33	45856.11
229.38	45932.90
229.43	46007.84
229.48	46093.74
229.54	46157.24
229.59	46226.12
229.64	46300.92
229.69	46381.25
229.74	46467.16
229.79	46540.90
229.85	46611.38
229.90	46685.10
229.95	46749.30
230.00	46805.60
230.05	46881.33
230.10	46955.45
230.16	47022.05
230.21	47077.34
230.26	47128.50
230.31	47168.18
230.36	47231.24
230.41	47291.80
230.46	47383.79
230.52	47476.54
230.57	47564.00
230.62	47642.97
230.67	47701.62
230.72	47747.39
230.77	47793.72
230.82	47853.19
230.88	47883.06
230.93	47931.16
230.98	47971.72
231.03	48024.58
231.08	48075.69
231.13	48135.95
231.19	48198.31
231.24	48271.18
231.29	48343.21
231.34	48411.58
231.39	48484.58
231.44	48566.20
231.49	48619.18
231.55	48665.66
231.60	48708.34
231.65	48761.34
231.70	48797.62
231.75	48845.19
231.80	48896.03
231.85	48952.50
231.91	49000.41
231.96	49052.01
232.01	49124.01
232.06	49188.03
232.11	49254.06
232.16	49323.50
232.21	49405.89
232.26	49488.03
232.32	49568.76
232.37	49638.96
232.42	49707.78
232.47	49757.76
232.52	49804.51
232.57	49859.90
232.62	49920.81
232.68	49974.71
232.73	50045.60
232.78	50122.92
232.83	50195.86
232.88	50259.68
232.93	50336.38
232.98	50404.75
233.03	50454.47
233.09	50510.66
233.14	50584.71
233.19	50643.57
233.24	50698.94
233.29	50751.82
233.34	50791.41
233.39	50808.25
233.45	50841.14
233.50	50877.33
233.55	50926.47
233.60	50987.70
233.65	51063.67
233.70	51127.02
233.75	51177.54
233.80	51229.15
233.86	51279.31
233.91	51325.48
233.96	51369.12
234.01	51419.79
234.06	51474.90
234.11	51532.01
234.16	51587.23
234.21	51648.64
234.26	51703.51
234.32	51744.80
234.37	51783.45
234.42	51816.91
234.47	51834.22
234.52	51869.57
234.57	51907.40
234.62	51942.95
234.67	51989.69
234.73	52047.70
234.78	52098.25
234.83	52144.34
234.88	52193.15
234.93	52230.93
234.98	52275.50
235.03	52314.41
235.08	52384.71
235.13	52440.97
235.19	52510.72
235.24	52575.75
235.29	52652.47
235.34	52686.15
235.39	52722.33
235.44	52756.75
235.49	52799.99
235.54	52817.87
235.59	52838.01
235.65	52872.97
235.70	52898.29
235.75	52929.94
235.80	52990.22
235.85	53054.25
235.90	53105.68
235.95	53140.52
236.00	53170.55
236.05	53189.22
236.11	53212.96
236.16	53236.64
236.21	53276.27
236.26	53308.79
236.31	53337.33
236.36	53362.93
236.41	53378.78
236.46	53395.79
236.51	53414.59
236.56	53436.66
236.62	53459.79
236.67	53498.10
236.72	53544.74
236.77	53575.33
236.82	53625.72
236.87	53659.76
236.92	53677.69
236.97	53712.44
237.02	53758.98
237.07	53798.33
237.13	53856.31
237.18	53912.04
237.23	53955.36
237.28	54002.45
237.33	54038.68
237.38	54060.44
237.43	54094.57
237.48	54103.92
237.53	54121.34
237.58	54150.98
237.63	54191.85
237.69	54222.82
237.74	54275.52
237.79	54307.12
237.84	54313.74
237.89	54319.37
237.94	54327.94
237.99	54341.15
238.04	54367.13
238.09	54394.76
238.14	54423.44
238.19	54449.82
238.25	54467.52
238.30	54461.91
238.35	54465.00
238.40	54466.21
238.45	54473.27
238.50	54475.24
238.55	54490.55
238.60	54514.48
238.65	54534.75
238.70	54549.20
238.75	54560.20
238.80	54584.95
238.86	54588.59
238.91	54607.44
238.96	54639.91
239.01	54676.90
239.06	54709.15
239.11	54742.30
239.16	54762.34
239.21	54757.46
239.26	54748.01
239.31	54754.77
239.36	54773.99
239.41	54794.09
239.46	54830.14
239.52	54862.82
239.57	54883.63
239.62	54898.36
239.67	54921.68
239.72	54941.51
239.77	54962.45
239.82	54974.67
239.87	54984.95
239.92	54987.34
239.97	54984.50
240.02	54977.45
240.07	54966.09
240.12	54972.00
240.17	54976.08
240.23	54983.11
240.28	54987.70
240.33	55002.25
240.38	54988.48
240.43	54992.65
240.48	55006.47
240.53	55023.30
240.58	55039.07
240.63	55079.32
240.68	55088.23
240.73	55081.85
240.78	55084.43
240.83	55083.18
240.88	55052.08
240.93	55042.13
240.98	55039.29
241.04	55045.24
241.09	55069.02
241.14	55102.24
241.19	55137.85
241.24	55168.74
241.29	55190.48
241.34	55197.55
241.39	55214.06
241.44	55218.55
241.49	55229.97
241.54	55232.10
241.59	55222.05
241.64	55221.66
241.69	55211.24
241.74	55188.43
241.79	55170.31
241.84	55160.59
241.90	55139.95
241.95	55112.84
242.00	55095.75
242.05	55079.63
242.10	55068.13
242.15	55052.62
242.20	55056.01
242.25	55052.15
242.30	55043.04
242.35	55033.94
242.40	55030.06
242.45	55020.89
242.50	55011.92
242.55	55014.66
242.60	55012.95
242.65	55000.18
242.70	55017.67
242.75	55048.59
242.80	55089.87
242.85	55129.20
242.91	55162.80
242.96	55155.24
243.01	55134.54
243.06	55112.22
243.11	55076.93
243.16	55045.12
243.21	55043.54
243.26	55053.13
243.31	55056.65
243.36	55065.68
243.41	55089.31
243.46	55078.84
243.51	55044.25
243.56	54988.47
243.61	54935.90
243.66	54895.10
243.71	54867.57
243.76	54866.62
243.81	54884.96
243.86	54895.05
243.91	54890.25
243.96	54889.58
244.01	54858.73
244.06	54832.69
244.12	54815.87
244.17	54804.59
244.22	54810.50
244.27	54850.92
244.32	54874.43
244.37	54896.94
244.42	54902.54
244.47	54894.50
244.52	54870.90
244.57	54842.75
244.62	54814.70
244.67	54800.59
244.72	54773.60
244.77	54760.75
244.82	54772.60
244.87	54797.68
244.92	54814.69
244.97	54832.91
245.02	54833.76
245.07	54820.60
245.12	54803.55
245.17	54779.93
245.22	54777.52
245.27	54769.97
245.32	54735.56
245.37	54703.22
245.42	54660.50
245.47	54606.56
245.52	54564.08
245.57	54549.58
245.62	54524.16
245.67	54517.64
245.72	54509.07
245.77	54489.66
245.82	54466.37
245.87	54469.09
245.92	54475.60
245.98	54473.20
246.03	54481.32
246.08	54493.29
246.13	54486.31
246.18	54489.89
246.23	54490.77
246.28	54478.66
246.33	54468.37
246.38	54442.56
246.43	54410.12
246.48	54385.53
246.53	54379.89
246.58	54378.49
246.63	54382.80
246.68	54373.02
246.73	54364.26
246.78	54343.35
246.83	54294.42
246.88	54243.16
246.93	54196.10
246.98	54141.75
247.03	54106.57
247.08	54089.38
247.13	54079.35
247.18	54078.80
247.23	54106.80
247.28	54106.67
247.33	54095.74
247.38	54079.14
247.43	54063.01
247.48	54040.08
247.53	54015.98
247.58	53986.08
247.63	53958.03
247.68	53912.52
247.73	53851.81
247.78	53815.96
247.83	53790.25
247.88	53770.20
247.93	53766.18
247.98	53771.78
248.03	53767.60
248.08	53776.49
248.13	53775.25
248.18	53768.02
248.23	53761.18
248.28	53739.70
248.33	53700.26
248.38	53665.23
248.43	53638.25
248.48	53611.19
248.53	53594.79
248.58	53581.77
248.63	53579.29
248.68	53559.98
248.73	53536.50
248.78	53502.35
248.83	53452.88
248.88	53386.95
248.93	53317.76
248.98	53241.20
249.03	53207.80
249.08	53185.23
249.13	53173.77
249.18	53172.78
249.23	53189.48
249.28	53169.37
249.33	53166.20
249.38	53155.73
249.43	53144.99
249.48	53112.29
249.53	53097.77
249.58	53077.78
249.63	53054.15
249.68	53035.45
249.73	53027.11
249.78	53010.13
249.83	53001.04
249.88	52977.51
249.93	52960.67
249.98	52948.97
250.03	52940.41
250.08	52910.35
250.13	52901.20
250.18	52874.36
250.23	52829.27
250.28	52778.39
250.33	52729.72
250.37	52688.68
250.42	52650.21
250.47	52621.37
250.52	52609.15
250.57	52587.27
250.62	52554.88
250.67	52524.34
250.72	52503.22
250.77	52459.23
250.82	52442.95
250.87	52442.80
250.92	52434.60
250.97	52418.97
251.02	52415.96
251.07	52413.53
251.12	52380.10
251.17	52352.60
251.22	52324.94
251.27	52287.13
251.32	52233.45
251.37	52191.42
251.42	52147.39
251.47	52109.12
251.52	52078.10
251.57	52064.04
251.62	52049.48
251.67	52034.99
251.72	52018.48
251.77	51989.97
251.82	51952.77
251.87	51912.69
251.92	51867.48
251.97	51808.14
252.02	51764.00
252.07	51728.30
252.12	51710.15
252.16	51702.21
252.21	51703.85
252.26	51709.90
252.31	51710.85
252.36	51700.98
252.41	51677.01
252.46	51655.03
252.51	51626.03
252.56	51594.99
252.61	51565.35
252.66	51544.71
252.71	51521.69
252.76	51495.10
252.81	51449.92
252.86	51393.03
252.91	51343.64
252.96	51277.39
253.01	51203.85
253.06	51141.14
253.11	51096.76
253.16	51049.86
253.21	50999.41
253.26	50969.49
253.31	50948.37
253.36	50929.08
253.40	50907.97
253.45	50906.35
253.50	50866.45
253.55	50833.04
253.60	50781.93
253.65	50731.30
253.70	50694.09
253.75	50681.04
253.80	50659.57
253.85	50664.44
253.90	50679.34
253.95	50671.51
254.00	50670.61
254.05	50655.03
254.10	50611.17
254.15	50566.51
254.20	50535.32
254.25	50493.67
254.30	50464.26
254.35	50426.12
254.39	50360.75
254.44	50284.12
254.49	50208.90
254.54	50169.79
254.59	50147.19
254.64	50141.38
254.69	50140.78
254.74	50143.58
254.79	50115.63
254.84	50076.25
254.89	50059.00
254.94	50041.94
254.99	50029.61
255.04	50012.66
255.09	50010.49
255.14	49981.58
255.19	49961.54
255.23	49951.92
255.28	49947.89
255.33	49935.14
255.38	49931.88
255.43	49917.65
255.48	49886.54
255.53	49840.69
255.58	49809.24
255.63	49766.55
255.68	49725.47
255.73	49679.74
255.78	49653.30
255.83	49626.25
255.88	49601.49
255.93	49580.37
255.97	49568.52
256.02	49535.18
256.07	49488.42
256.12	49425.54
256.17	49365.73
256.22	49306.94
256.27	49248.99
256.32	49205.37
256.37	49187.95
256.42	49170.48
256.47	49133.39
256.52	49109.83
256.57	49089.86
256.62	49069.95
256.66	49053.36
256.71	49031.67
256.76	49001.97
256.81	48949.34
256.86	48892.26
256.91	48840.21
256.96	48798.18
257.01	48768.80
257.06	48749.56
257.11	48715.77
257.16	48665.36
257.21	48630.35
257.26	48584.32
257.30	48545.42
257.35	48511.69
257.40	48487.27
257.45	48468.40
257.50	48447.38
257.55	48415.66
257.60	48395.97
257.65	48376.43
257.70	48337.60
257.75	48300.98
257.80	48272.00
257.85	48230.62
257.89	48177.92
257.94	48118.58
257.99	48056.40
258.04	47996.53
258.09	47957.79
258.14	47926.53
258.19	47914.30
258.24	47899.35
258.29	47869.06
258.34	47831.70
258.39	47799.48
258.44	47736.84
258.48	47682.75
258.53	47646.19
258.58	47604.41
258.63	47552.70
258.68	47513.36
258.73	47483.28
258.78	47437.80
258.83	47401.70
258.88	47368.94
258.93	47343.00
258.97	47312.75
259.02	47283.92
259.07	47256.73
259.12	47230.36
259.17	47213.93
259.22	47190.77
259.27	47172.28
259.32	47154.82
259.37	47122.31
259.42	47085.35
259.47	47043.18
259.51	46995.92
259.56	46924.85
259.61	46849.09
259.66	46765.99
259.71	46689.92
259.76	46624.59
259.81	46566.05
259.86	46536.07
259.91	46504.64
259.95	46482.88
260.00	46458.44
260.05	46444.19
260.10	46417.15
260.15	46404.13
260.20	46388.22
260.25	46379.02
260.30	46364.30
260.35	46337.88
260.40	46307.52
260.44	46280.43
260.49	46255.75
260.54	46223.25
260.59	46202.22
260.64	46191.76
260.69	46188.07
260.74	46157.09
260.79	46116.78
260.84	46073.39
260.88	46015.34
260.93	45939.90
260.98	45893.42
261.03	45849.36
261.08	45820.68
261.13	45783.29
261.18	45746.98
261.23	45689.88
261.28	45653.93
261.32	45607.34
261.37	45564.72
261.42	45528.47
261.47	45514.36
261.52	45473.63
261.57	45429.20
261.62	45390.15
261.67	45340.66
261.71	45268.45
261.76	45226.33
261.81	45175.44
261.86	45124.02
261.91	45077.13
261.96	45040.37
262.01	44996.59
262.06	44976.27
262.10	44962.78
262.15	44945.59
262.20	44930.03
262.25	44910.41
262.30	44889.20
262.35	44862.52
262.40	44834.38
262.45	44806.17
262.49	44778.16
262.54	44739.35
262.59	44704.29
262.64	44678.46
262.69	44641.65
262.74	44602.96
262.79	44554.69
262.84	44502.71
262.88	44454.67
262.93	44407.36
262.98	44365.36
263.03	44318.50
263.08	44266.46
263.13	44190.47
263.18	44133.52
263.23	44069.25
263.27	44026.45
263.32	43994.41
263.37	43984.86
263.42	43961.91
263.47	43939.22
263.52	43916.81
263.57	43885.09
263.61	43840.81
263.66	43798.61
263.71	43758.11
263.76	43713.69
263.81	43661.39
263.86	43632.31
263.91	43588.55
263.95	43531.57
264.00	43479.82
264.05	43441.97
264.10	43374.74
264.15	43312.34
264.20	43279.31
264.25	43234.31
264.29	43187.52
264.34	43134.84
264.39	43103.77
264.44	43048.22
264.49	43002.95
264.54	42956.85
264.59	42925.42
264.63	42877.14
264.68	42828.51
264.73	42776.47
264.78	42730.42
264.83	42676.83
264.88	42635.41
264.93	42612.18
264.97	42585.63
265.02	42561.34
265.07	42546.43
265.12	42510.75
265.17	42459.91
265.22	42425.14
265.27	42359.75
265.31	42294.95
265.36	42231.59
265.41	42180.77
265.46	42114.52
265.51	42054.75
265.56	41994.97
265.60	41942.97
265.65	41883.09
265.70	41822.54
265.75	41766.56
265.80	41714.53
265.85	41655.41
265.90	41597.78
265.94	41548.72
265.99	41493.82
266.04	41442.76
266.09	41405.15
266.14	41370.14
266.19	41328.42
266.23	41293.79
266.28	41252.46
266.33	41217.16
266.38	41184.00
266.43	41163.00
266.48	41145.95
266.52	41114.14
266.57	41077.09
266.62	41041.78
266.67	40993.22
266.72	40949.02
266.77	40927.23
266.81	40905.30
266.86	40871.52
266.91	40841.02
266.96	40795.54
267.01	40748.96
267.06	40698.50
267.10	40651.29
267.15	40610.03
267.20	40583.72
267.25	40544.90
267.30	40506.54
267.35	40470.08
267.39	40427.97
267.44	40386.05
267.49	40340.86
267.54	40293.70
267.59	40243.41
267.64	40189.19
267.68	40129.77
267.73	40077.42
267.78	40033.20
267.83	40011.09
267.88	39997.61
267.93	39991.81
267.97	39979.54
268.02	39945.78
268.07	39891.75
268.12	39834.65
268.17	39768.67
268.21	39722.65
268.26	39678.45
268.31	39639.53
268.36	39593.22
268.41	39548.01
268.46	39495.59
268.50	39454.90
268.55	39399.06
268.60	39343.66
268.65	39285.43
268.70	39208.57
268.74	39143.85
268.79	39079.49
268.84	39026.14
268.89	38982.77
268.94	38954.49
268.99	38916.61
269.03	38873.98
269.08	38821.36
269.13	38745.30
269.18	38662.79
269.23	38563.18
269.27	38456.61
269.32	38328.82
269.37	38206.87
269.42	38071.83
269.47	37937.66
269.51	37803.15
269.56	37666.33
269.61	37532.60
269.66	37387.76
269.71	37228.47
269.76	37080.75
269.80	36931.28
269.85	36781.36
269.90	36638.57
269.95	36492.23
270.00	36332.06
270.04	36184.51
270.09	36039.06
270.14	35899.56
270.19	35766.99
270.24	35639.89
270.28	35487.23
270.33	35317.77
270.38	35136.73
270.43	34965.02
270.48	34786.45
270.52	34634.00
270.57	34486.06
270.62	34336.03
270.67	34179.32
270.72	34021.21
270.76	33840.42
270.81	33668.84
270.86	33493.26
270.91	33320.91
270.96	33153.70
271.00	32995.30
271.05	32842.15
271.10	32703.32
271.15	32569.82
271.20	32445.87
271.24	32316.90
271.29	32174.07
271.34	32029.95
271.39	31879.83
271.44	31730.87
271.48	31595.35
271.53	31451.32
271.58	31305.40
271.63	31162.08
271.67	31012.85
271.72	30866.02
271.77	30724.48
271.82	30593.97
271.87	30455.49
271.91	30303.03
271.96	30155.25
272.01	30011.81
272.06	29868.71
272.11	29749.56
272.15	29649.40
272.20	29545.52
272.25	29461.25
272.30	29363.68
272.35	29254.26
272.39	29149.55
272.44	29029.85
272.49	28892.36
272.54	28758.19
272.58	28613.90
272.63	28459.75
272.68	28315.77
272.73	28153.53
272.78	27979.72
272.82	27780.70
272.87	27556.61
272.92	27265.11
272.97	26747.06
273.01	23801.46
273.06	18874.45
273.11	13443.00
273.16	8112.25
273.21	3053.27
273.25	460.65
273.30	-89.28
273.35	-90.03
