165.32	3385.03
165.38	-248.58
165.44	597.42
165.50	-76.17
165.55	-16.56
165.61	6.46
165.67	35.66
165.72	45.25
165.78	51.00
165.84	49.81
165.89	46.88
165.95	44.94
166.01	44.21
166.06	45.67
166.12	47.96
166.18	45.99
166.23	47.69
166.29	46.98
166.35	44.04
166.40	43.08
166.46	50.13
166.52	53.31
166.57	54.41
166.63	54.73
166.69	57.58
166.74	51.61
166.80	51.53
166.86	53.74
166.91	54.75
166.97	49.11
167.03	51.63
167.08	45.89
167.14	44.63
167.20	42.47
167.25	54.35
167.31	54.70
167.37	60.34
167.42	62.23
167.48	68.36
167.54	62.84
167.59	61.99
167.65	57.69
167.71	56.84
167.76	55.80
167.82	51.85
167.88	52.03
167.93	59.09
167.99	58.62
168.05	60.69
168.10	68.45
168.16	67.31
168.21	65.92
168.27	70.41
168.33	72.15
168.38	64.83
168.44	69.80
168.50	68.12
168.55	66.70
168.61	67.10
168.67	68.47
168.72	65.82
168.78	65.96
168.84	61.87
168.89	60.50
168.95	61.79
169.01	61.30
169.06	61.37
169.12	60.54
169.18	58.54
169.23	58.59
169.29	62.46
169.34	66.32
169.40	69.04
169.46	73.59
169.51	75.87
169.57	71.22
169.63	67.50
169.68	72.11
169.74	68.68
169.80	73.92
169.85	75.64
169.91	79.61
169.97	75.79
170.02	76.01
170.08	75.11
170.13	76.08
170.19	75.74
170.25	77.51
170.30	81.03
170.36	73.00
170.42	74.54
170.47	75.33
170.53	76.65
170.59	73.94
170.64	77.34
170.70	75.61
170.76	73.15
170.81	74.68
170.87	74.10
170.92	74.93
170.98	77.79
171.04	80.48
171.09	76.15
171.15	83.39
171.21	84.44
171.26	81.37
171.32	78.65
171.37	82.17
171.43	76.59
171.49	81.02
171.54	84.07
171.60	86.07
171.66	88.36
171.71	89.13
171.77	86.96
171.83	92.90
171.88	91.53
171.94	91.02
171.99	95.64
172.05	94.45
172.11	95.86
172.16	104.43
172.22	105.34
172.28	105.46
172.33	103.41
172.39	99.89
172.44	96.86
172.50	101.30
172.56	100.62
172.61	109.13
172.67	108.97
172.72	108.54
172.78	104.03
172.84	98.96
172.89	92.25
172.95	91.60
173.01	92.40
173.06	90.36
173.12	96.42
173.17	97.67
173.23	97.11
173.29	97.71
173.34	99.59
173.40	93.86
173.46	94.61
173.51	97.37
173.57	97.39
173.62	92.16
173.68	98.74
173.74	97.58
173.79	98.79
173.85	95.69
173.90	98.67
173.96	95.42
174.02	92.70
174.07	84.65
174.13	84.08
174.18	86.71
174.24	80.01
174.30	80.07
174.35	85.52
174.41	82.50
174.47	75.88
174.52	77.04
174.58	76.11
174.63	71.66
174.69	70.85
174.75	72.66
174.80	83.46
174.86	81.04
174.91	81.83
174.97	81.93
175.03	79.69
175.08	67.81
175.14	74.20
175.19	70.41
175.25	70.48
175.31	74.84
175.36	75.92
175.42	73.25
175.47	78.06
175.53	78.69
175.59	74.65
175.64	76.59
175.70	74.73
175.75	69.97
175.81	68.58
175.87	69.85
175.92	66.34
175.98	67.66
176.03	67.61
176.09	67.88
176.15	68.33
176.20	68.79
176.26	69.19
176.31	72.56
176.37	70.17
176.42	71.01
176.48	74.62
176.54	71.99
176.59	69.12
176.65	72.35
176.70	73.56
176.76	73.10
176.82	71.05
176.87	68.47
176.93	68.04
176.98	66.70
177.04	61.57
177.10	66.05
177.15	67.22
177.21	67.41
177.26	66.59
177.32	70.29
177.37	72.41
177.43	76.42
177.49	73.61
177.54	71.01
177.60	71.47
177.65	71.63
177.71	66.14
177.77	69.10
177.82	71.10
177.88	74.87
177.93	70.55
177.99	76.92
178.04	72.45
178.10	72.93
178.16	66.54
178.21	67.51
178.27	64.18
178.32	68.44
178.38	67.39
178.43	69.00
178.49	68.89
178.55	68.71
178.60	67.51
178.66	66.75
178.71	68.21
178.77	66.27
178.82	67.00
178.88	66.49
178.94	66.83
178.99	67.61
179.05	72.06
179.10	68.44
179.16	71.44
179.21	74.06
179.27	72.91
179.33	68.40
179.38	71.81
179.44	70.24
179.49	70.24
179.55	68.45
179.60	68.89
179.66	68.22
179.72	70.47
179.77	67.52
179.83	66.30
179.88	67.69
179.94	68.80
179.99	64.69
180.05	65.41
180.11	66.52
180.16	68.61
180.22	70.92
180.27	75.88
180.33	77.13
180.38	81.11
180.44	76.82
180.49	76.32
180.55	73.98
180.61	77.89
180.66	72.54
180.72	71.19
180.77	69.56
180.83	69.49
180.88	66.21
180.94	66.12
180.99	69.95
181.05	69.86
181.11	70.79
181.16	71.04
181.22	72.84
181.27	74.85
181.33	73.34
181.38	70.09
181.44	71.27
181.49	75.77
181.55	75.83
181.61	82.54
181.66	85.50
181.72	83.38
181.77	80.21
181.83	78.50
181.88	83.04
181.94	84.66
181.99	89.23
182.05	89.71
182.11	90.38
182.16	81.16
182.22	78.76
182.27	74.43
182.33	76.55
182.38	75.78
182.44	80.72
182.49	82.81
182.55	84.57
182.60	84.47
182.66	88.04
182.72	90.02
182.77	92.22
182.83	95.84
182.88	98.67
182.94	99.50
182.99	97.06
183.05	95.46
183.10	97.21
183.16	96.29
183.21	97.22
183.27	104.24
183.32	108.10
183.38	110.36
183.44	116.15
183.49	120.56
183.55	120.29
183.60	125.07
183.66	129.92
183.71	138.01
183.77	144.03
183.82	152.07
183.88	161.98
183.93	171.86
183.99	183.61
184.04	199.24
184.10	210.92
184.15	221.85
184.21	234.99
184.27	236.99
184.32	238.25
184.38	236.72
184.43	234.68
184.49	220.01
184.54	205.95
184.60	199.30
184.65	188.44
184.71	180.03
184.76	182.14
184.82	198.46
184.87	213.11
184.93	235.63
184.98	261.02
185.04	290.75
185.09	313.18
185.15	336.27
185.20	366.79
185.26	399.59
185.31	425.85
185.37	452.42
185.43	472.96
185.48	491.16
185.54	513.02
185.59	538.25
185.65	563.15
185.70	602.24
185.76	646.61
185.81	679.98
185.87	715.92
185.92	758.04
185.98	791.36
186.03	807.74
186.09	811.08
186.14	788.54
186.20	739.66
186.25	660.31
186.31	579.47
186.36	516.45
186.42	489.88
186.47	500.48
186.53	547.04
186.58	614.11
186.64	687.04
186.69	757.97
186.75	816.18
186.80	874.23
186.86	933.15
186.91	991.98
186.97	1047.97
187.02	1119.85
187.08	1189.66
187.13	1250.36
187.19	1318.49
187.24	1389.66
187.30	1444.68
187.35	1502.20
187.41	1576.13
187.47	1645.56
187.52	1703.53
187.58	1763.62
187.63	1830.07
187.69	1892.44
187.74	1942.68
187.80	1990.48
187.85	2035.12
187.91	2058.68
187.96	2046.53
188.02	1986.49
188.07	1877.46
188.13	1717.62
188.18	1546.37
188.24	1418.78
188.29	1356.01
188.35	1363.18
188.40	1439.93
188.46	1564.56
188.51	1686.66
188.57	1815.19
188.62	1939.03
188.67	2056.10
188.73	2164.95
188.78	2269.90
188.84	2370.32
188.89	2469.62
188.95	2574.97
189.00	2664.55
189.06	2761.47
189.11	2855.28
189.17	2939.58
189.22	3009.26
189.28	3095.25
189.33	3170.68
189.39	3234.58
189.44	3299.78
189.50	3373.59
189.55	3441.88
189.61	3495.49
189.66	3552.13
189.72	3610.96
189.77	3662.77
189.83	3692.80
189.88	3706.56
189.94	3679.25
189.99	3600.54
190.05	3451.66
190.10	3238.23
190.16	2989.45
190.21	2774.16
190.27	2635.91
190.32	2603.55
190.38	2674.20
190.43	2833.10
190.49	3021.33
190.54	3190.70
190.60	3345.02
190.65	3486.85
190.71	3615.75
190.76	3740.45
190.81	3864.91
190.87	3986.14
190.92	4111.08
190.98	4223.41
191.03	4327.81
191.09	4440.22
191.14	4540.33
191.20	4625.39
191.25	4724.45
191.31	4822.81
191.36	4909.11
191.42	4989.84
191.47	5078.71
191.53	5164.86
191.58	5237.59
191.64	5299.93
191.69	5359.97
191.75	5404.85
191.80	5434.26
191.85	5454.16
191.91	5475.56
191.96	5496.34
192.02	5524.74
192.07	5540.35
192.13	5534.80
192.18	5487.61
192.24	5375.29
192.29	5182.14
192.35	4956.64
192.40	4774.58
192.46	4665.75
192.51	4658.71
192.57	4750.82
192.62	4925.61
192.67	5111.22
192.73	5290.41
192.78	5452.84
192.84	5602.81
192.89	5738.65
192.95	5865.71
193.00	5976.84
193.06	6085.02
193.11	6190.91
193.17	6277.51
193.22	6360.85
193.28	6451.82
193.33	6527.57
193.38	6598.32
193.44	6669.82
193.49	6741.47
193.55	6799.21
193.60	6855.31
193.66	6905.71
193.71	6953.01
193.77	6980.92
193.82	7002.59
193.88	7021.47
193.93	7048.60
193.98	7073.41
194.04	7113.28
194.09	7158.87
194.15	7210.49
194.20	7252.70
194.26	7295.71
194.31	7338.45
194.37	7365.87
194.42	7374.97
194.47	7367.46
194.53	7328.16
194.58	7239.56
194.64	7131.37
194.69	7037.06
194.75	6969.76
194.80	6952.37
194.86	6992.54
194.91	7083.52
194.97	7187.90
195.02	7295.77
195.07	7404.21
195.13	7512.11
195.18	7626.29
195.24	7735.43
195.29	7847.96
195.35	7948.52
195.40	8053.23
195.46	8132.17
195.51	8219.57
195.56	8294.59
195.62	8369.41
195.67	8428.27
195.73	8494.32
195.78	8546.18
195.84	8589.81
195.89	8624.48
195.94	8656.25
196.00	8686.93
196.05	8717.98
196.11	8763.76
196.16	8810.75
196.22	8866.91
196.27	8925.63
196.32	8982.26
196.38	9028.09
196.43	9073.31
196.49	9106.82
196.54	9140.74
196.60	9182.96
196.65	9225.73
196.71	9271.72
196.76	9321.85
196.81	9361.13
196.87	9389.77
196.92	9417.41
196.98	9434.21
197.03	9441.67
197.09	9437.70
197.14	9429.43
197.19	9430.96
197.25	9442.90
197.30	9471.04
197.36	9526.26
197.41	9591.47
197.47	9652.37
197.52	9713.53
197.57	9776.53
197.63	9826.51
197.68	9881.37
197.74	9937.37
197.79	9983.65
197.84	10029.03
197.90	10077.92
197.95	10118.22
198.01	10159.83
198.06	10207.46
198.12	10251.32
198.17	10288.76
198.22	10330.18
198.28	10367.28
198.33	10404.00
198.39	10442.15
198.44	10489.12
198.49	10536.82
198.55	10580.48
198.60	10629.67
198.66	10675.30
198.71	10723.43
198.77	10766.71
198.82	10820.46
198.87	10865.08
198.93	10911.88
198.98	10953.73
199.04	11000.29
199.09	11034.69
199.14	11076.51
199.20	11117.94
199.25	11163.27
199.31	11207.01
199.36	11252.77
199.42	11297.46
199.47	11342.46
199.52	11380.79
199.58	11413.44
199.63	11442.18
199.69	11472.16
199.74	11503.81
199.79	11525.95
199.85	11558.11
199.90	11598.44
199.96	11640.43
200.01	11677.60
200.06	11729.88
200.12	11775.43
200.17	11824.86
200.23	11873.99
200.28	11920.48
200.33	11973.34
200.39	12020.34
200.44	12063.41
200.50	12104.36
200.55	12143.21
200.60	12176.59
200.66	12218.26
200.71	12254.75
200.77	12296.88
200.82	12337.86
200.87	12375.43
200.93	12406.81
200.98	12446.56
201.04	12481.66
201.09	12525.56
201.14	12579.95
201.20	12632.71
201.25	12687.61
201.31	12742.86
201.36	12805.39
201.41	12855.80
201.47	12917.39
201.52	12968.14
201.58	13028.88
201.63	13070.99
201.68	13121.54
201.74	13166.82
201.79	13215.36
201.84	13265.30
201.90	13318.25
201.95	13365.44
202.01	13416.02
202.06	13471.27
202.11	13511.54
202.17	13561.72
202.22	13609.86
202.28	13652.73
202.33	13691.39
202.38	13728.61
202.44	13772.23
202.49	13820.56
202.54	13867.75
202.60	13915.34
202.65	13969.56
202.71	14015.64
202.76	14050.97
202.81	14092.09
202.87	14137.38
202.92	14179.18
202.98	14225.83
203.03	14283.86
203.08	14341.15
203.14	14392.11
203.19	14448.06
203.24	14502.67
203.30	14553.69
203.35	14602.30
203.41	14653.48
203.46	14701.04
203.51	14743.28
203.57	14784.28
203.62	14830.81
203.67	14886.22
203.73	14932.54
203.78	14984.56
203.84	15036.61
203.89	15084.67
203.94	15126.26
204.00	15175.76
204.05	15217.33
204.10	15258.47
204.16	15292.14
204.21	15331.02
204.27	15371.28
204.32	15418.10
204.37	15466.27
204.43	15518.71
204.48	15564.65
204.53	15607.70
204.59	15654.83
204.64	15711.02
204.69	15775.00
204.75	15833.90
204.80	15900.00
204.86	15956.97
204.91	16009.55
204.96	16063.95
205.02	16117.13
205.07	16170.57
205.12	16230.50
205.18	16294.37
205.23	16351.32
205.28	16419.22
205.34	16482.01
205.39	16541.26
205.45	16599.08
205.50	16655.81
205.55	16708.99
205.61	16765.56
205.66	16821.63
205.71	16884.88
205.77	16947.78
205.82	17012.36
205.87	17067.27
205.93	17123.16
205.98	17164.82
206.03	17206.61
206.09	17248.92
206.14	17298.30
206.20	17350.84
206.25	17405.50
206.30	17464.55
206.36	17523.36
206.41	17588.07
206.46	17641.26
206.52	17692.06
206.57	17741.18
206.62	17783.02
206.68	17827.21
206.73	17875.86
206.78	17933.75
206.84	17989.64
206.89	18049.22
206.94	18105.20
207.00	18169.26
207.05	18230.63
207.11	18295.89
207.16	18359.15
207.21	18425.37
207.27	18480.36
207.32	18534.36
207.37	18591.18
207.43	18645.28
207.48	18690.95
207.53	18745.62
207.59	18803.55
207.64	18857.70
207.69	18928.35
207.75	19000.58
207.80	19061.43
207.85	19113.99
207.91	19167.04
207.96	19213.45
208.01	19263.82
208.07	19322.66
208.12	19385.80
208.17	19440.42
208.23	19492.10
208.28	19545.52
208.33	19598.39
208.39	19655.53
208.44	19723.23
208.49	19781.92
208.55	19838.91
208.60	19896.12
208.65	19942.78
208.71	19989.03
208.76	20050.66
208.81	20109.54
208.87	20173.27
208.92	20234.29
208.97	20301.48
209.03	20357.01
209.08	20420.85
209.13	20484.07
209.19	20549.46
209.24	20605.78
209.29	20670.51
209.35	20721.66
209.40	20776.33
209.45	20839.21
209.51	20905.25
209.56	20965.38
209.61	21033.14
209.67	21097.69
209.72	21157.58
209.77	21212.97
209.83	21272.33
209.88	21341.63
209.93	21410.19
209.99	21472.64
210.04	21541.13
210.09	21609.54
210.15	21664.06
210.20	21714.76
210.25	21780.87
210.31	21845.02
210.36	21895.52
210.41	21947.85
210.46	22007.98
210.52	22057.42
210.57	22102.30
210.62	22165.41
210.68	22233.73
210.73	22285.91
210.78	22348.77
210.84	22416.09
210.89	22475.40
210.94	22529.40
211.00	22594.77
211.05	22647.90
211.10	22704.63
211.16	22761.87
211.21	22830.24
211.26	22898.84
211.32	22969.98
211.37	23034.44
211.42	23100.09
211.47	23163.64
211.53	23220.45
211.58	23278.46
211.63	23341.45
211.69	23398.66
211.74	23450.70
211.79	23497.25
211.85	23556.75
211.90	23613.34
211.95	23684.46
212.01	23751.39
212.06	23833.31
212.11	23907.52
212.16	23985.25
212.22	24056.19
212.27	24122.55
212.32	24190.46
212.38	24260.85
212.43	24321.18
212.48	24380.10
212.54	24450.26
212.59	24523.23
212.64	24580.29
212.69	24644.60
212.75	24713.29
212.80	24777.84
212.85	24837.55
212.91	24897.59
212.96	24957.68
213.01	25014.62
213.07	25071.38
213.12	25132.96
213.17	25197.39
213.22	25255.45
213.28	25316.60
213.33	25370.10
213.38	25422.10
213.44	25476.55
213.49	25551.50
213.54	25634.04
213.60	25717.82
213.65	25800.94
213.70	25890.73
213.75	25963.77
213.81	26020.53
213.86	26082.75
213.91	26137.82
213.97	26184.48
214.02	26234.06
214.07	26283.07
214.12	26332.27
214.18	26387.48
214.23	26451.23
214.28	26511.84
214.34	26577.49
214.39	26648.61
214.44	26707.59
214.49	26759.55
214.55	26810.01
214.60	26858.40
214.65	26899.55
214.71	26943.56
214.76	27000.91
214.81	27069.99
214.86	27156.69
214.92	27234.33
214.97	27315.96
215.02	27395.63
215.08	27467.64
215.13	27533.92
215.18	27603.76
215.23	27674.99
215.29	27741.17
215.34	27814.62
215.39	27880.96
215.45	27959.41
215.50	28040.54
215.55	28119.94
215.60	28189.11
215.66	28247.67
215.71	28309.13
215.76	28365.78
215.81	28421.83
215.87	28475.97
215.92	28537.88
215.97	28586.20
216.03	28649.28
216.08	28698.76
216.13	28762.15
216.18	28824.72
216.24	28895.78
216.29	28942.78
216.34	29000.46
216.39	29065.89
216.45	29122.21
216.50	29169.09
216.55	29229.54
216.61	29303.56
216.66	29356.25
216.71	29420.46
216.76	29492.37
216.82	29570.11
216.87	29634.64
216.92	29708.01
216.97	29769.49
217.03	29839.11
217.08	29905.12
217.13	29981.15
217.18	30050.10
217.24	30128.56
217.29	30199.68
217.34	30254.83
217.39	30298.40
217.45	30343.79
217.50	30391.71
217.55	30444.10
217.61	30507.06
217.66	30575.98
217.71	30645.74
217.76	30724.12
217.82	30805.18
217.87	30885.01
217.92	30957.80
217.97	31031.94
218.03	31086.53
218.08	31128.96
218.13	31171.00
218.18	31219.87
218.24	31285.38
218.29	31350.39
218.34	31416.61
218.39	31486.62
218.45	31554.14
218.50	31604.05
218.55	31663.74
218.60	31725.86
218.66	31775.38
218.71	31840.53
218.76	31904.87
218.81	31969.44
218.87	32031.46
218.92	32101.84
218.97	32170.24
219.02	32231.44
219.08	32300.63
219.13	32375.02
219.18	32444.13
219.23	32500.77
219.29	32571.37
219.34	32632.43
219.39	32695.87
219.44	32759.74
219.50	32832.08
219.55	32893.95
219.60	32959.66
219.65	33026.11
219.71	33095.30
219.76	33145.14
219.81	33202.76
219.86	33260.29
219.92	33302.52
219.97	33353.45
220.02	33410.35
220.07	33469.34
220.13	33528.73
220.18	33599.37
220.23	33666.93
220.28	33749.49
220.33	33821.28
220.39	33883.13
220.44	33943.65
220.49	34004.05
220.54	34045.32
220.60	34095.89
220.65	34150.70
220.70	34213.27
220.75	34283.88
220.81	34368.93
220.86	34453.56
220.91	34529.10
220.96	34601.00
221.02	34667.81
221.07	34732.59
221.12	34783.11
221.17	34836.32
221.22	34894.46
221.28	34951.79
221.33	35006.08
221.38	35067.48
221.43	35148.85
221.49	35215.11
221.54	35280.06
221.59	35349.39
221.64	35430.92
221.69	35505.02
221.75	35599.00
221.80	35690.54
221.85	35767.64
221.90	35832.36
221.96	35895.51
222.01	35932.28
222.06	35975.26
222.11	36023.01
222.17	36067.90
222.22	36102.11
222.27	36145.86
222.32	36191.70
222.37	36243.48
222.43	36307.60
222.48	36368.57
222.53	36442.02
222.58	36520.52
222.63	36589.26
222.69	36649.96
222.74	36728.25
222.79	36795.45
222.84	36838.81
222.90	36892.04
222.95	36940.97
223.00	36981.62
223.05	37037.43
223.10	37098.70
223.16	37158.70
223.21	37210.47
223.26	37254.68
223.31	37288.74
223.36	37329.12
223.42	37368.13
223.47	37405.32
223.52	37458.06
223.57	37509.79
223.63	37558.67
223.68	37603.46
223.73	37679.49
223.78	37750.32
223.83	37815.23
223.89	37876.54
223.94	37955.85
223.99	38019.58
224.04	38090.18
224.09	38165.68
224.15	38248.83
224.20	38323.61
224.25	38415.81
224.30	38498.11
224.35	38587.38
224.41	38687.78
224.46	38789.10
224.51	38866.51
224.56	38945.97
224.61	39019.36
224.67	39099.94
224.72	39163.43
224.77	39261.05
224.82	39355.72
224.87	39447.34
224.93	39520.10
224.98	39612.32
225.03	39694.27
225.08	39774.56
225.13	39860.35
225.19	39952.96
225.24	40047.14
225.29	40118.93
225.34	40203.10
225.39	40285.34
225.45	40373.86
225.50	40449.35
225.55	40542.56
225.60	40634.24
225.65	40730.64
225.71	40816.97
225.76	40910.39
225.81	40993.66
225.86	41089.39
225.91	41176.37
225.97	41269.48
226.02	41359.50
226.07	41444.61
226.12	41505.69
226.17	41562.90
226.22	41619.65
226.28	41689.62
226.33	41764.54
226.38	41844.17
226.43	41928.73
226.48	41996.57
226.54	42055.63
226.59	42130.94
226.64	42203.53
226.69	42268.94
226.74	42341.96
226.80	42414.75
226.85	42465.89
226.90	42519.34
226.95	42586.81
227.00	42661.34
227.05	42738.12
227.11	42822.51
227.16	42912.05
227.21	42985.14
227.26	43062.14
227.31	43136.40
227.37	43198.43
227.42	43267.54
227.47	43355.72
227.52	43428.35
227.57	43485.63
227.62	43572.72
227.68	43649.26
227.73	43719.55
227.78	43803.34
227.83	43894.25
227.88	43966.81
227.93	44042.99
227.99	44122.28
228.04	44191.16
228.09	44273.41
228.14	44341.27
228.19	44415.49
228.24	44483.74
228.30	44547.22
228.35	44604.83
228.40	44673.70
228.45	44727.34
228.50	44793.06
228.56	44866.97
228.61	44925.12
228.66	44980.31
228.71	45036.50
228.76	45077.39
228.81	45118.83
228.87	45168.37
228.92	45224.70
228.97	45288.88
229.02	45383.52
229.07	45464.89
229.12	45553.01
229.17	45629.90
229.23	45708.11
229.28	45777.08
229.33	45851.47
229.38	45926.57
229.43	46011.11
229.48	46091.75
229.54	46152.96
229.59	46221.11
229.64	46288.57
229.69	46356.99
229.74	46444.13
229.79	46517.56
229.85	46587.12
229.90	46657.92
229.95	46728.60
230.00	46783.76
230.05	46866.08
230.10	46934.99
230.16	47004.78
230.21	47062.66
230.26	47119.41
230.31	47159.01
230.36	47215.09
230.41	47276.66
230.46	47360.59
230.52	47454.88
230.57	47543.60
230.62	47633.85
230.67	47701.85
230.72	47759.11
230.77	47800.02
230.82	47848.88
230.88	47880.41
230.93	47926.61
230.98	47966.33
231.03	48017.81
231.08	48070.81
231.13	48129.34
231.19	48197.43
231.24	48274.16
231.29	48348.23
231.34	48416.91
231.39	48496.44
231.44	48558.29
231.49	48604.86
231.55	48651.62
231.60	48695.13
231.65	48746.59
231.70	48794.15
231.75	48844.05
231.80	48895.10
231.85	48952.52
231.91	48986.48
231.96	49038.36
232.01	49111.34
232.06	49176.43
232.11	49241.93
232.16	49328.85
232.21	49418.06
232.26	49500.13
232.32	49581.51
232.37	49654.28
232.42	49712.54
232.47	49756.16
232.52	49801.28
232.57	49851.79
232.62	49910.05
232.68	49969.67
232.73	50038.73
232.78	50105.39
232.83	50176.74
232.88	50245.75
232.93	50320.74
232.98	50383.26
233.03	50442.01
233.09	50500.94
233.14	50568.88
233.19	50630.35
233.24	50691.17
233.29	50743.43
233.34	50779.11
233.39	50800.71
233.45	50828.81
233.50	50868.66
233.55	50926.00
233.60	50994.27
233.65	51055.48
233.70	51118.26
233.75	51164.30
233.80	51205.69
233.86	51249.28
233.91	51303.04
233.96	51349.82
234.01	51409.08
234.06	51464.62
234.11	51524.13
234.16	51579.03
234.21	51639.45
234.26	51682.75
234.32	51719.56
234.37	51759.12
234.42	51798.97
234.47	51819.64
234.52	51858.06
234.57	51903.07
234.62	51942.64
234.67	51991.38
234.73	52051.85
234.78	52111.61
234.83	52155.10
234.88	52200.02
234.93	52232.34
234.98	52266.37
235.03	52297.79
235.08	52360.27
235.13	52416.09
235.19	52481.48
235.24	52550.25
235.29	52623.12
235.34	52663.66
235.39	52703.02
235.44	52736.26
235.49	52772.27
235.54	52792.31
235.59	52812.41
235.65	52840.02
235.70	52877.65
235.75	52911.95
235.80	52967.18
235.85	53033.42
235.90	53076.38
235.95	53103.13
236.00	53133.62
236.05	53162.26
236.11	53180.03
236.16	53218.26
236.21	53268.91
236.26	53301.88
236.31	53324.10
236.36	53348.94
236.41	53362.54
236.46	53370.44
236.51	53394.20
236.56	53416.42
236.62	53446.41
236.67	53487.12
236.72	53537.06
236.77	53565.46
236.82	53614.88
236.87	53641.05
236.92	53655.14
236.97	53685.90
237.02	53730.21
237.07	53773.75
237.13	53838.28
237.18	53906.02
237.23	53949.53
237.28	53991.87
237.33	54031.80
237.38	54050.08
237.43	54070.69
237.48	54074.97
237.53	54098.44
237.58	54123.31
237.63	54173.53
237.69	54213.83
237.74	54273.02
237.79	54315.08
237.84	54321.87
237.89	54319.62
237.94	54329.89
237.99	54340.26
238.04	54343.80
238.09	54366.45
238.14	54396.11
238.19	54419.74
238.25	54433.13
238.30	54439.52
238.35	54443.80
238.40	54444.69
238.45	54446.91
238.50	54458.37
238.55	54470.74
238.60	54506.98
238.65	54531.21
238.70	54545.25
238.75	54558.86
238.80	54587.41
238.86	54587.46
238.91	54601.92
238.96	54634.37
239.01	54668.43
239.06	54690.57
239.11	54725.85
239.16	54758.80
239.21	54765.22
239.26	54759.23
239.31	54767.26
239.36	54774.39
239.41	54784.97
239.46	54810.75
239.52	54837.81
239.57	54863.47
239.62	54879.19
239.67	54897.73
239.72	54919.34
239.77	54934.87
239.82	54955.68
239.87	54969.47
239.92	54979.10
239.97	54973.09
240.02	54965.62
240.07	54952.56
240.12	54957.31
240.17	54953.02
240.23	54963.61
240.28	54972.34
240.33	54984.18
240.38	54969.04
240.43	54976.35
240.48	54980.74
240.53	55003.88
240.58	55028.34
240.63	55071.29
240.68	55070.89
240.73	55066.91
240.78	55065.60
240.83	55061.21
240.88	55035.27
240.93	55037.31
240.98	55041.69
241.04	55056.04
241.09	55078.56
241.14	55106.18
241.19	55144.16
241.24	55178.96
241.29	55196.21
241.34	55200.35
241.39	55211.11
241.44	55215.35
241.49	55207.55
241.54	55205.40
241.59	55201.68
241.64	55203.87
241.69	55193.63
241.74	55189.93
241.79	55175.26
241.84	55157.18
241.90	55137.09
241.95	55113.92
242.00	55082.49
242.05	55058.19
242.10	55049.13
242.15	55034.62
242.20	55028.93
242.25	55035.13
242.30	55038.84
242.35	55030.08
242.40	55029.10
242.45	55017.27
242.50	55010.79
242.55	55001.61
242.60	55001.93
242.65	54997.90
242.70	55006.06
242.75	55037.61
242.80	55080.04
242.85	55114.48
242.91	55138.03
242.96	55144.66
243.01	55114.12
243.06	55083.70
243.11	55039.77
243.16	55012.63
243.21	55014.22
243.26	55029.56
243.31	55047.50
243.36	55063.68
243.41	55081.10
243.46	55070.45
243.51	55037.74
243.56	54976.45
243.61	54921.09
243.66	54872.73
243.71	54848.61
243.76	54845.51
243.81	54866.34
243.86	54874.87
243.91	54888.23
243.96	54876.72
244.01	54857.34
244.06	54827.32
244.12	54828.13
244.17	54805.93
244.22	54814.51
244.27	54831.54
244.32	54858.51
244.37	54872.69
244.42	54880.58
244.47	54871.84
244.52	54849.11
244.57	54814.51
244.62	54778.27
244.67	54760.53
244.72	54740.74
244.77	54736.29
244.82	54762.71
244.87	54800.11
244.92	54823.76
244.97	54833.61
245.02	54834.05
245.07	54811.04
245.12	54783.33
245.17	54764.76
245.22	54767.34
245.27	54765.08
245.32	54732.32
245.37	54697.89
245.42	54657.87
245.47	54606.64
245.52	54559.83
245.57	54545.81
245.62	54529.28
245.67	54513.56
245.72	54501.15
245.77	54481.90
245.82	54467.16
245.87	54470.91
245.92	54485.32
245.98	54480.91
246.03	54482.37
246.08	54484.68
246.13	54471.49
246.18	54467.33
246.23	54464.54
246.28	54458.40
246.33	54441.69
246.38	54412.46
246.43	54376.82
246.48	54354.44
246.53	54352.89
246.58	54367.67
246.63	54381.14
246.68	54378.24
246.73	54368.78
246.78	54334.10
246.83	54276.29
246.88	54217.28
246.93	54165.60
246.98	54114.26
247.03	54093.39
247.08	54085.47
247.13	54080.08
247.18	54084.06
247.23	54105.66
247.28	54104.15
247.33	54087.91
247.38	54070.77
247.43	54049.72
247.48	54037.50
247.53	54011.01
247.58	53980.50
247.63	53960.82
247.68	53924.97
247.73	53864.30
247.78	53819.07
247.83	53791.87
247.88	53759.55
247.93	53749.51
247.98	53743.36
248.03	53753.95
248.08	53767.98
248.13	53768.53
248.18	53756.42
248.23	53755.16
248.28	53729.48
248.33	53680.51
248.38	53649.91
248.43	53626.10
248.48	53605.77
248.53	53584.50
248.58	53567.99
248.63	53567.04
248.68	53546.87
248.73	53515.56
248.78	53485.61
248.83	53446.49
248.88	53379.27
248.93	53309.35
248.98	53228.16
249.03	53186.10
249.08	53165.59
249.13	53155.60
249.18	53152.19
249.23	53173.61
249.28	53168.91
249.33	53161.71
249.38	53147.75
249.43	53140.64
249.48	53117.35
249.53	53100.67
249.58	53068.76
249.63	53052.25
249.68	53029.10
249.73	53021.02
249.78	53000.23
249.83	52998.60
249.88	52963.33
249.93	52947.35
249.98	52929.11
250.03	52919.75
250.08	52895.36
250.13	52894.66
250.18	52871.26
250.23	52825.00
250.28	52779.69
250.33	52728.43
250.37	52685.39
250.42	52647.46
250.47	52625.75
250.52	52606.88
250.57	52587.40
250.62	52546.16
250.67	52517.64
250.72	52493.81
250.77	52451.40
250.82	52433.62
250.87	52437.83
250.92	52427.81
250.97	52402.64
251.02	52401.10
251.07	52394.86
251.12	52365.63
251.17	52334.11
251.22	52313.72
251.27	52269.71
251.32	52217.37
251.37	52169.76
251.42	52123.95
251.47	52078.09
251.52	52057.88
251.57	52044.92
251.62	52034.35
251.67	52022.67
251.72	52003.89
251.77	51963.92
251.82	51922.36
251.87	51876.14
251.92	51835.76
251.97	51785.73
252.02	51752.19
252.07	51724.71
252.12	51715.21
252.16	51705.77
252.21	51711.71
252.26	51711.43
252.31	51711.52
252.36	51700.74
252.41	51681.55
252.46	51654.61
252.51	51627.31
252.56	51588.09
252.61	51551.30
252.66	51522.64
252.71	51496.07
252.76	51463.76
252.81	51424.53
252.86	51376.89
252.91	51327.99
252.96	51267.76
253.01	51199.62
253.06	51142.35
253.11	51098.29
253.16	51053.92
253.21	51002.02
253.26	50968.22
253.31	50942.97
253.36	50917.86
253.40	50888.02
253.45	50888.86
253.50	50852.51
253.55	50806.66
253.60	50761.47
253.65	50726.20
253.70	50683.71
253.75	50673.06
253.80	50664.43
253.85	50657.96
253.90	50659.62
253.95	50653.21
254.00	50648.91
254.05	50638.81
254.10	50608.58
254.15	50572.74
254.20	50548.91
254.25	50516.13
254.30	50479.19
254.35	50434.68
254.39	50365.61
254.44	50278.41
254.49	50197.17
254.54	50155.61
254.59	50128.72
254.64	50125.26
254.69	50122.58
254.74	50122.77
254.79	50094.09
254.84	50061.34
254.89	50035.15
254.94	50020.40
254.99	50005.79
255.04	49993.21
255.09	49981.71
255.14	49956.17
255.19	49942.37
255.23	49932.98
255.28	49926.00
255.33	49918.05
255.38	49917.25
255.43	49901.19
255.48	49877.81
255.53	49832.97
255.58	49800.65
255.63	49760.83
255.68	49717.74
255.73	49667.26
255.78	49639.12
255.83	49613.32
255.88	49589.43
255.93	49560.98
255.97	49535.14
256.02	49505.33
256.07	49460.42
256.12	49391.22
256.17	49336.27
256.22	49289.18
256.27	49237.97
256.32	49197.68
256.37	49186.45
256.42	49177.00
256.47	49150.46
256.52	49121.93
256.57	49092.10
256.62	49066.50
256.66	49045.06
256.71	49021.74
256.76	48982.78
256.81	48937.17
256.86	48887.49
256.91	48836.05
256.96	48790.98
257.01	48763.99
257.06	48738.20
257.11	48705.65
257.16	48655.03
257.21	48612.33
257.26	48575.78
257.30	48537.17
257.35	48496.33
257.40	48479.22
257.45	48466.83
257.50	48436.93
257.55	48405.44
257.60	48387.57
257.65	48366.48
257.70	48324.04
257.75	48296.58
257.80	48267.18
257.85	48229.25
257.89	48172.92
257.94	48109.03
257.99	48040.11
258.04	47988.08
258.09	47950.48
258.14	47919.76
258.19	47915.19
258.24	47897.63
258.29	47851.79
258.34	47805.03
258.39	47768.65
258.44	47704.54
258.48	47654.09
258.53	47635.26
258.58	47596.98
258.63	47548.81
258.68	47519.15
258.73	47489.72
258.78	47443.11
258.83	47405.00
258.88	47369.04
258.93	47325.49
258.97	47289.72
259.02	47258.84
259.07	47233.99
259.12	47208.66
259.17	47193.71
259.22	47179.09
259.27	47159.94
259.32	47138.42
259.37	47103.28
259.42	47066.06
259.47	47016.40
259.51	46971.55
259.56	46903.34
259.61	46837.69
259.66	46762.61
259.71	46691.26
259.76	46626.28
259.81	46576.45
259.86	46535.23
259.91	46506.28
259.95	46477.63
260.00	46452.82
260.05	46433.02
260.10	46414.51
260.15	46390.01
260.20	46371.54
260.25	46359.97
260.30	46345.22
260.35	46319.32
260.40	46294.58
260.44	46275.47
260.49	46255.96
260.54	46226.92
260.59	46203.56
260.64	46188.93
260.69	46177.85
260.74	46140.53
260.79	46095.10
260.84	46052.57
260.88	46001.57
260.93	45929.72
260.98	45892.31
261.03	45854.85
261.08	45820.26
261.13	45782.46
261.18	45744.60
261.23	45676.65
261.28	45632.42
261.32	45585.23
261.37	45547.98
261.42	45521.45
261.47	45507.41
261.52	45465.35
261.57	45427.58
261.62	45376.30
261.67	45318.81
261.71	45243.36
261.76	45197.54
261.81	45146.56
261.86	45098.60
261.91	45056.59
261.96	45032.74
262.01	44994.73
262.06	44965.92
262.10	44956.66
262.15	44945.02
262.20	44925.18
262.25	44909.85
262.30	44889.18
262.35	44853.52
262.40	44815.15
262.45	44785.09
262.49	44754.84
262.54	44721.38
262.59	44698.43
262.64	44670.11
262.69	44632.98
262.74	44583.33
262.79	44531.61
262.84	44482.48
262.88	44436.53
262.93	44382.90
262.98	44349.81
263.03	44312.52
263.08	44259.33
263.13	44191.31
263.18	44130.75
263.23	44070.08
263.27	44018.91
263.32	43982.22
263.37	43966.58
263.42	43953.52
263.47	43919.33
263.52	43898.56
263.57	43864.95
263.61	43829.15
263.66	43785.13
263.71	43752.32
263.76	43715.95
263.81	43670.59
263.86	43637.38
263.91	43595.76
263.95	43538.53
264.00	43476.44
264.05	43430.33
264.10	43359.88
264.15	43298.60
264.20	43266.40
264.25	43228.93
264.29	43183.22
264.34	43135.46
264.39	43106.36
264.44	43049.58
264.49	43000.18
264.54	42951.02
264.59	42917.13
264.63	42872.03
264.68	42822.97
264.73	42770.91
264.78	42730.96
264.83	42680.66
264.88	42630.64
264.93	42611.07
264.97	42583.11
265.02	42551.61
265.07	42528.40
265.12	42493.62
265.17	42445.63
265.22	42408.46
265.27	42358.72
265.31	42298.02
265.36	42237.71
265.41	42177.41
265.46	42111.61
265.51	42039.07
265.56	41981.61
265.60	41931.56
265.65	41879.03
265.70	41819.47
265.75	41769.98
265.80	41719.21
265.85	41649.90
265.90	41591.08
265.94	41538.46
265.99	41476.61
266.04	41424.66
266.09	41395.31
266.14	41360.73
266.19	41331.40
266.23	41307.71
266.28	41262.74
266.33	41224.54
266.38	41192.72
266.43	41162.09
266.48	41145.21
266.52	41122.69
266.57	41088.89
266.62	41046.91
266.67	40990.93
266.72	40939.85
266.77	40909.40
266.81	40878.62
266.86	40847.38
266.91	40820.25
266.96	40775.74
267.01	40729.26
267.06	40680.20
267.10	40635.71
267.15	40591.18
267.20	40562.36
267.25	40523.95
267.30	40486.42
267.35	40451.76
267.39	40416.73
267.44	40374.97
267.49	40327.01
267.54	40280.43
267.59	40233.09
267.64	40181.43
267.68	40118.88
267.73	40070.15
267.78	40036.95
267.83	40009.84
267.88	39993.55
267.93	39988.01
267.97	39975.50
268.02	39938.17
268.07	39886.45
268.12	39827.84
268.17	39765.66
268.21	39717.07
268.26	39673.24
268.31	39629.11
268.36	39586.68
268.41	39542.11
268.46	39491.86
268.50	39454.61
268.55	39405.38
268.60	39348.53
268.65	39288.52
268.70	39212.43
268.74	39141.10
268.79	39071.90
268.84	39010.70
268.89	38967.11
268.94	38941.53
268.99	38894.89
269.03	38861.95
269.08	38818.47
269.13	38742.74
269.18	38657.02
269.23	38564.56
269.27	38447.37
269.32	38324.51
269.37	38203.65
269.42	38068.90
269.47	37931.66
269.51	37805.43
269.56	37667.51
269.61	37535.12
269.66	37386.51
269.71	37236.74
269.76	37089.19
269.80	36943.79
269.85	36794.80
269.90	36655.91
269.95	36510.11
270.00	36345.30
270.04	36192.33
270.09	36039.21
270.14	35894.89
270.19	35757.22
270.24	35624.37
270.28	35477.61
270.33	35309.68
270.38	35131.66
270.43	34955.42
270.48	34783.61
270.52	34624.72
270.57	34471.90
270.62	34318.43
270.67	34161.70
270.72	34005.10
270.76	33830.24
270.81	33663.56
270.86	33498.09
270.91	33328.65
270.96	33153.80
271.00	32998.66
271.05	32846.70
271.10	32704.86
271.15	32573.30
271.20	32456.61
271.24	32319.02
271.29	32179.15
271.34	32026.01
271.39	31873.57
271.44	31720.71
271.48	31579.29
271.53	31432.58
271.58	31291.16
271.63	31145.19
271.67	30996.86
271.72	30858.20
271.77	30720.52
271.82	30586.34
271.87	30456.71
271.91	30303.91
271.96	30151.80
272.01	30015.14
272.06	29882.11
272.11	29756.45
272.15	29653.68
272.20	29550.65
272.25	29454.25
272.30	29358.43
272.35	29251.04
272.39	29142.15
272.44	29021.57
272.49	28881.29
272.54	28739.56
272.58	28592.87
272.63	28438.86
272.68	28291.32
272.73	28136.96
272.78	27964.27
272.82	27766.73
272.87	27543.64
272.92	27255.26
272.97	26735.89
273.01	23788.78
273.06	18862.83
273.11	13437.51
273.16	8108.81
273.21	3050.07
273.25	460.25
273.30	-88.24
273.35	-89.50
