165.32	3385.09
165.38	-247.88
165.44	597.39
165.50	-76.01
165.55	-16.94
165.61	6.51
165.67	35.73
165.72	45.12
165.78	50.58
165.84	49.30
165.89	46.40
165.95	44.16
166.01	43.74
166.06	45.41
166.12	48.13
166.18	46.17
166.23	48.44
166.29	47.54
166.35	44.16
166.40	43.44
166.46	49.87
166.52	52.24
166.57	53.05
166.63	53.71
166.69	56.22
166.74	50.12
166.80	50.68
166.86	52.82
166.91	53.72
166.97	48.07
167.03	50.87
167.08	45.32
167.14	44.74
167.20	42.56
167.25	54.72
167.31	55.16
167.37	60.52
167.42	62.22
167.48	68.37
167.54	62.94
167.59	61.89
167.65	57.29
167.71	56.96
167.76	55.53
167.82	50.95
167.88	51.12
167.93	59.09
167.99	57.98
168.05	60.36
168.10	68.05
168.16	67.30
168.21	65.36
168.27	69.81
168.33	71.55
168.38	64.67
168.44	69.71
168.50	68.36
168.55	66.67
168.61	67.31
168.67	69.36
168.72	66.24
168.78	66.24
168.84	62.32
168.89	60.95
168.95	61.60
169.01	61.24
169.06	60.92
169.12	59.99
169.18	58.26
169.23	58.02
169.29	62.15
169.34	66.34
169.40	69.21
169.46	73.27
169.51	75.59
169.57	71.09
169.63	66.44
169.68	71.09
169.74	67.77
169.80	73.58
169.85	74.75
169.91	79.33
169.97	75.64
170.02	75.68
170.08	74.48
170.13	75.04
170.19	74.62
170.25	76.18
170.30	80.03
170.36	71.86
170.42	73.95
170.47	75.27
170.53	76.94
170.59	74.16
170.64	77.98
170.70	76.51
170.76	73.71
170.81	75.38
170.87	74.48
170.92	74.73
170.98	77.54
171.04	79.93
171.09	75.65
171.15	83.16
171.21	84.36
171.26	81.23
171.32	78.62
171.37	81.81
171.43	76.36
171.49	80.67
171.54	84.06
171.60	85.60
171.66	88.07
171.71	88.27
171.77	85.92
171.83	91.68
171.88	91.24
171.94	90.53
171.99	95.58
172.05	94.01
172.11	94.72
172.16	102.90
172.22	103.41
172.28	103.31
172.33	102.40
172.39	99.73
172.44	96.47
172.50	101.66
172.56	101.20
172.61	109.50
172.67	109.07
172.72	108.87
172.78	103.69
172.84	98.92
172.89	92.06
172.95	90.90
173.01	91.93
173.06	90.74
173.12	96.37
173.17	97.86
173.23	98.02
173.29	98.69
173.34	100.26
173.40	94.52
173.46	94.86
173.51	97.10
173.57	96.64
173.62	91.18
173.68	98.05
173.74	96.80
173.79	98.73
173.85	96.30
173.90	99.14
173.96	95.23
174.02	92.85
174.07	84.45
174.13	83.23
174.18	85.58
174.24	79.51
174.30	80.23
174.35	85.42
174.41	82.45
174.47	76.60
174.52	77.17
174.58	75.69
174.63	71.66
174.69	70.83
174.75	72.38
174.80	83.85
174.86	81.57
174.91	82.74
174.97	82.85
175.03	80.27
175.08	67.96
175.14	74.48
175.19	70.47
175.25	71.03
175.31	75.66
175.36	76.99
175.42	74.07
175.47	78.56
175.53	79.39
175.59	75.68
175.64	77.52
175.70	75.50
175.75	70.91
175.81	69.18
175.87	70.47
175.92	66.82
175.98	68.12
176.03	68.09
176.09	68.50
176.15	68.33
176.20	69.61
176.26	69.52
176.31	72.64
176.37	70.31
176.42	71.47
176.48	74.60
176.54	72.39
176.59	69.33
176.65	71.90
176.70	73.06
176.76	72.66
176.82	70.59
176.87	67.80
176.93	67.42
176.98	66.27
177.04	61.27
177.10	65.88
177.15	68.07
177.21	69.17
177.26	67.99
177.32	71.31
177.37	73.11
177.43	76.08
177.49	72.65
177.54	70.19
177.60	70.79
177.65	71.66
177.71	66.78
177.77	69.94
177.82	71.55
177.88	75.52
177.93	70.45
177.99	76.38
178.04	71.77
178.10	73.04
178.16	66.13
178.21	67.41
178.27	64.46
178.32	68.63
178.38	66.74
178.43	68.44
178.49	68.26
178.55	67.50
178.60	66.08
178.66	65.33
178.71	66.91
178.77	65.12
178.82	66.54
178.88	66.00
178.94	66.75
178.99	67.79
179.05	71.83
179.10	67.83
179.16	71.28
179.21	73.74
179.27	72.57
179.33	68.89
179.38	72.72
179.44	71.01
179.49	70.80
179.55	68.65
179.60	68.38
179.66	67.16
179.72	69.03
179.77	66.23
179.83	65.05
179.88	66.45
179.94	67.70
179.99	63.93
180.05	65.09
180.11	66.08
180.16	68.72
180.22	71.03
180.27	75.84
180.33	76.62
180.38	81.07
180.44	76.63
180.49	76.00
180.55	73.90
180.61	77.75
180.66	72.28
180.72	70.66
180.77	69.44
180.83	68.87
180.88	65.58
180.94	65.32
180.99	68.76
181.05	68.93
181.11	70.31
181.16	70.69
181.22	72.44
181.27	74.75
181.33	73.10
181.38	70.19
181.44	71.39
181.49	75.43
181.55	75.65
181.61	82.03
181.66	84.41
181.72	81.98
181.77	79.24
181.83	77.27
181.88	81.98
181.94	83.78
181.99	89.30
182.05	89.96
182.11	90.75
182.16	81.46
182.22	78.93
182.27	74.04
182.33	76.20
182.38	75.83
182.44	80.43
182.49	82.79
182.55	85.29
182.60	84.79
182.66	88.18
182.72	90.65
182.77	93.00
182.83	96.11
182.88	99.70
182.94	100.51
182.99	97.59
183.05	96.40
183.10	97.51
183.16	96.20
183.21	97.18
183.27	104.32
183.32	107.65
183.38	110.53
183.44	116.69
183.49	120.53
183.55	120.12
183.60	124.97
183.66	129.57
183.71	137.43
183.77	143.41
183.82	151.45
183.88	161.38
183.93	171.93
183.99	183.71
184.04	200.12
184.10	212.32
184.15	222.66
184.21	235.14
184.27	236.92
184.32	237.12
184.38	235.14
184.43	233.12
184.49	219.14
184.54	204.93
184.60	199.42
184.65	188.28
184.71	179.84
184.76	181.17
184.82	197.70
184.87	211.68
184.93	234.88
184.98	260.49
185.04	290.26
185.09	313.04
185.15	336.96
185.20	367.15
185.26	399.47
185.31	425.57
185.37	451.55
185.43	471.42
185.48	489.19
185.54	510.96
185.59	534.73
185.65	558.07
185.70	595.94
185.76	638.93
185.81	671.51
185.87	707.62
185.92	751.18
185.98	785.65
186.03	802.94
186.09	808.35
186.14	786.28
186.20	737.39
186.25	656.92
186.31	577.26
186.36	513.21
186.42	487.04
186.47	496.73
186.53	543.32
186.58	609.61
186.64	682.44
186.69	753.55
186.75	813.12
186.80	871.53
186.86	929.75
186.91	988.65
186.97	1044.09
187.02	1114.96
187.08	1183.92
187.13	1244.09
187.19	1310.89
187.24	1380.87
187.30	1436.09
187.35	1493.32
187.41	1566.70
187.47	1636.50
187.52	1695.28
187.58	1754.67
187.63	1822.49
187.69	1884.79
187.74	1935.55
187.80	1981.10
187.85	2025.98
187.91	2048.25
187.96	2036.20
188.02	1974.37
188.07	1868.79
188.13	1710.14
188.18	1539.72
188.24	1413.08
188.29	1352.21
188.35	1356.76
188.40	1433.53
188.46	1556.07
188.51	1679.17
188.57	1806.63
188.62	1931.45
188.67	2044.91
188.73	2153.95
188.78	2257.02
188.84	2358.13
188.89	2459.80
188.95	2564.95
189.00	2655.99
189.06	2751.79
189.11	2841.94
189.17	2920.42
189.22	2993.53
189.28	3079.50
189.33	3155.45
189.39	3221.34
189.44	3288.20
189.50	3361.42
189.55	3429.77
189.61	3483.93
189.66	3542.55
189.72	3601.71
189.77	3652.26
189.83	3681.03
189.88	3694.04
189.94	3664.43
189.99	3588.19
190.05	3439.77
190.10	3226.26
190.16	2979.75
190.21	2765.89
190.27	2627.37
190.32	2594.80
190.38	2667.26
190.43	2823.70
190.49	3010.85
190.54	3182.62
190.60	3337.64
190.65	3478.50
190.71	3609.76
190.76	3736.29
190.81	3855.92
190.87	3973.52
190.92	4096.59
190.98	4206.92
191.03	4310.29
191.09	4426.06
191.14	4526.42
191.20	4612.26
191.25	4709.31
191.31	4805.96
191.36	4892.17
191.42	4977.00
191.47	5068.11
191.53	5157.14
191.58	5229.92
191.64	5288.96
191.69	5348.21
191.75	5387.63
191.80	5413.90
191.85	5433.72
191.91	5454.63
191.96	5474.03
192.02	5504.60
192.07	5520.08
192.13	5517.42
192.18	5471.78
192.24	5358.05
192.29	5167.17
192.35	4946.77
192.40	4761.65
192.46	4654.49
192.51	4650.31
192.57	4742.66
192.62	4916.73
192.67	5101.07
192.73	5278.51
192.78	5439.57
192.84	5589.90
192.89	5723.11
192.95	5853.25
193.00	5967.30
193.06	6075.36
193.11	6178.95
193.17	6269.62
193.22	6349.55
193.28	6438.57
193.33	6513.76
193.38	6581.38
193.44	6650.03
193.49	6726.79
193.55	6783.31
193.60	6839.56
193.66	6893.58
193.71	6940.78
193.77	6967.07
193.82	6987.71
193.88	7005.95
193.93	7030.18
193.98	7054.61
194.04	7090.62
194.09	7138.20
194.15	7191.91
194.20	7237.98
194.26	7281.20
194.31	7326.06
194.37	7354.56
194.42	7364.67
194.47	7360.34
194.53	7319.92
194.58	7233.63
194.64	7123.60
194.69	7027.66
194.75	6957.12
194.80	6942.45
194.86	6981.88
194.91	7072.58
194.97	7175.22
195.02	7286.69
195.07	7393.33
195.13	7499.56
195.18	7614.54
195.24	7727.27
195.29	7839.98
195.35	7940.67
195.40	8048.18
195.46	8129.84
195.51	8214.82
195.56	8288.82
195.62	8362.50
195.67	8417.19
195.73	8485.77
195.78	8537.82
195.84	8582.03
195.89	8616.82
195.94	8651.92
196.00	8679.72
196.05	8711.92
196.11	8754.29
196.16	8800.78
196.22	8853.16
196.27	8906.01
196.32	8960.03
196.38	9006.65
196.43	9058.11
196.49	9099.26
196.54	9138.31
196.60	9178.37
196.65	9221.07
196.71	9258.49
196.76	9301.82
196.81	9339.13
196.87	9376.13
196.92	9405.21
196.98	9427.19
197.03	9439.39
197.09	9436.93
197.14	9428.98
197.19	9426.65
197.25	9436.48
197.30	9462.28
197.36	9514.03
197.41	9576.75
197.47	9640.75
197.52	9703.91
197.57	9768.89
197.63	9820.61
197.68	9875.70
197.74	9928.97
197.79	9977.61
197.84	10018.85
197.90	10067.70
197.95	10104.73
198.01	10144.09
198.06	10187.25
198.12	10235.86
198.17	10275.42
198.22	10317.93
198.28	10358.00
198.33	10401.36
198.39	10438.27
198.44	10487.14
198.49	10537.73
198.55	10585.88
198.60	10628.82
198.66	10674.34
198.71	10719.44
198.77	10760.42
198.82	10807.94
198.87	10855.66
198.93	10902.58
198.98	10946.24
199.04	10993.08
199.09	11031.30
199.14	11074.13
199.20	11116.92
199.25	11158.38
199.31	11201.53
199.36	11249.06
199.42	11292.61
199.47	11336.13
199.52	11378.40
199.58	11412.22
199.63	11435.45
199.69	11462.58
199.74	11489.79
199.79	11505.98
199.85	11535.99
199.90	11581.60
199.96	11622.87
200.01	11668.40
200.06	11725.64
200.12	11775.75
200.17	11827.36
200.23	11883.75
200.28	11927.80
200.33	11977.62
200.39	12019.56
200.44	12055.55
200.50	12092.99
200.55	12130.68
200.60	12168.53
200.66	12211.89
200.71	12249.55
200.77	12289.80
200.82	12331.70
200.87	12370.30
200.93	12404.95
200.98	12446.62
201.04	12483.07
201.09	12526.14
201.14	12577.26
201.20	12625.32
201.25	12683.49
201.31	12740.73
201.36	12799.06
201.41	12850.29
201.47	12909.78
201.52	12958.85
201.58	13012.52
201.63	13056.36
201.68	13102.63
201.74	13151.82
201.79	13200.98
201.84	13258.27
201.90	13317.52
201.95	13369.96
202.01	13422.54
202.06	13475.73
202.11	13514.26
202.17	13557.91
202.22	13602.57
202.28	13645.47
202.33	13682.39
202.38	13722.97
202.44	13766.91
202.49	13813.35
202.54	13860.40
202.60	13910.47
202.65	13957.67
202.71	14001.12
202.76	14043.99
202.81	14082.94
202.87	14128.39
202.92	14173.18
202.98	14224.99
203.03	14279.23
203.08	14333.53
203.14	14385.12
203.19	14445.62
203.24	14502.01
203.30	14550.16
203.35	14603.32
203.41	14651.03
203.46	14694.75
203.51	14734.98
203.57	14779.81
203.62	14827.83
203.67	14882.89
203.73	14929.09
203.78	14978.37
203.84	15032.05
203.89	15072.35
203.94	15114.06
204.00	15162.81
204.05	15214.58
204.10	15252.23
204.16	15296.19
204.21	15342.31
204.27	15380.65
204.32	15416.80
204.37	15465.29
204.43	15512.85
204.48	15554.57
204.53	15601.19
204.59	15654.46
204.64	15713.94
204.69	15775.74
204.75	15834.35
204.80	15898.67
204.86	15955.26
204.91	16006.92
204.96	16064.46
205.02	16121.72
205.07	16180.09
205.12	16243.69
205.18	16304.43
205.23	16362.73
205.28	16424.32
205.34	16480.72
205.39	16536.08
205.45	16593.55
205.50	16644.48
205.55	16700.53
205.61	16762.10
205.66	16819.40
205.71	16881.91
205.77	16950.32
205.82	17010.22
205.87	17061.82
205.93	17114.58
205.98	17161.55
206.03	17200.83
206.09	17250.98
206.14	17305.09
206.20	17356.30
206.25	17413.32
206.30	17474.73
206.36	17528.58
206.41	17588.45
206.46	17642.43
206.52	17690.11
206.57	17739.61
206.62	17780.38
206.68	17823.61
206.73	17869.27
206.78	17926.62
206.84	17978.91
206.89	18041.21
206.94	18105.63
207.00	18177.00
207.05	18237.91
207.11	18307.89
207.16	18369.17
207.21	18429.72
207.27	18481.06
207.32	18538.96
207.37	18596.90
207.43	18648.26
207.48	18694.35
207.53	18745.73
207.59	18799.55
207.64	18851.02
207.69	18927.78
207.75	18996.08
207.80	19056.80
207.85	19115.35
207.91	19173.16
207.96	19218.33
208.01	19271.18
208.07	19332.38
208.12	19388.80
208.17	19440.75
208.23	19490.15
208.28	19538.94
208.33	19595.81
208.39	19654.50
208.44	19718.50
208.49	19783.08
208.55	19840.79
208.60	19893.49
208.65	19945.45
208.71	19996.87
208.76	20049.45
208.81	20110.86
208.87	20175.32
208.92	20236.46
208.97	20295.00
209.03	20358.17
209.08	20424.18
209.13	20484.00
209.19	20543.48
209.24	20600.68
209.29	20662.95
209.35	20713.12
209.40	20776.72
209.45	20839.54
209.51	20904.68
209.56	20960.80
209.61	21025.54
209.67	21084.67
209.72	21145.29
209.77	21206.79
209.83	21273.22
209.88	21348.87
209.93	21409.65
209.99	21471.13
210.04	21536.49
210.09	21604.05
210.15	21660.90
210.20	21724.69
210.25	21792.88
210.31	21857.84
210.36	21906.72
210.41	21955.13
210.46	22014.72
210.52	22062.26
210.57	22106.83
210.62	22166.74
210.68	22231.18
210.73	22278.23
210.78	22339.06
210.84	22406.35
210.89	22467.24
210.94	22526.01
211.00	22590.79
211.05	22642.53
211.10	22702.16
211.16	22765.47
211.21	22831.84
211.26	22896.89
211.32	22974.87
211.37	23037.59
211.42	23100.92
211.47	23159.39
211.53	23222.71
211.58	23279.74
211.63	23337.04
211.69	23389.53
211.74	23441.82
211.79	23491.98
211.85	23548.58
211.90	23612.00
211.95	23684.58
212.01	23761.19
212.06	23838.86
212.11	23917.19
212.16	23992.41
212.22	24066.57
212.27	24127.12
212.32	24192.22
212.38	24253.68
212.43	24317.12
212.48	24374.02
212.54	24440.58
212.59	24508.96
212.64	24578.37
212.69	24638.94
212.75	24703.69
212.80	24774.65
212.85	24833.90
212.91	24884.20
212.96	24941.82
213.01	25004.69
213.07	25062.30
213.12	25130.96
213.17	25200.23
213.22	25264.34
213.28	25321.63
213.33	25367.60
213.38	25421.08
213.44	25480.58
213.49	25553.18
213.54	25626.94
213.60	25719.83
213.65	25803.92
213.70	25889.57
213.75	25955.11
213.81	26016.95
213.86	26069.22
213.91	26120.67
213.97	26169.55
214.02	26224.43
214.07	26277.98
214.12	26336.12
214.18	26391.19
214.23	26450.45
214.28	26514.19
214.34	26582.62
214.39	26650.94
214.44	26714.44
214.49	26767.22
214.55	26818.62
214.60	26870.38
214.65	26916.32
214.71	26957.19
214.76	27008.92
214.81	27072.37
214.86	27148.27
214.92	27220.91
214.97	27302.57
215.02	27389.07
215.08	27464.34
215.13	27536.06
215.18	27599.78
215.23	27670.35
215.29	27740.51
215.34	27814.74
215.39	27886.94
215.45	27972.11
215.50	28055.53
215.55	28124.29
215.60	28191.80
215.66	28248.05
215.71	28305.13
215.76	28368.37
215.81	28426.18
215.87	28482.00
215.92	28541.21
215.97	28593.48
216.03	28649.94
216.08	28704.52
216.13	28763.44
216.18	28824.07
216.24	28890.63
216.29	28939.26
216.34	28998.67
216.39	29061.64
216.45	29119.71
216.50	29179.04
216.55	29238.26
216.61	29314.09
216.66	29373.59
216.71	29433.29
216.76	29491.96
216.82	29569.50
216.87	29628.88
216.92	29702.24
216.97	29777.06
217.03	29854.82
217.08	29924.02
217.13	30003.34
217.18	30075.17
217.24	30137.94
217.29	30198.52
217.34	30251.57
217.39	30292.51
217.45	30338.86
217.50	30390.94
217.55	30448.32
217.61	30511.96
217.66	30582.22
217.71	30647.91
217.76	30724.58
217.82	30805.80
217.87	30886.63
217.92	30962.89
217.97	31032.14
218.03	31093.30
218.08	31138.62
218.13	31176.53
218.18	31217.20
218.24	31284.67
218.29	31345.48
218.34	31409.83
218.39	31474.72
218.45	31549.40
218.50	31606.90
218.55	31662.30
218.60	31730.27
218.66	31792.96
218.71	31849.45
218.76	31910.92
218.81	31976.48
218.87	32035.00
218.92	32099.35
218.97	32169.83
219.02	32235.48
219.08	32306.81
219.13	32379.97
219.18	32450.51
219.23	32514.68
219.29	32582.45
219.34	32645.96
219.39	32708.30
219.44	32768.63
219.50	32831.87
219.55	32892.47
219.60	32953.84
219.65	33012.94
219.71	33079.44
219.76	33134.34
219.81	33185.69
219.86	33244.84
219.92	33299.87
219.97	33354.98
220.02	33408.57
220.07	33465.27
220.13	33523.51
220.18	33591.15
220.23	33653.58
220.28	33740.44
220.33	33823.24
220.39	33889.75
220.44	33940.15
220.49	33998.49
220.54	34039.22
220.60	34090.20
220.65	34149.74
220.70	34224.90
220.75	34293.72
220.81	34375.11
220.86	34448.99
220.91	34517.41
220.96	34585.53
221.02	34660.85
221.07	34727.46
221.12	34783.18
221.17	34841.46
221.22	34897.23
221.28	34951.36
221.33	35005.91
221.38	35068.90
221.43	35138.20
221.49	35200.40
221.54	35261.77
221.59	35332.12
221.64	35412.34
221.69	35501.03
221.75	35603.91
221.80	35707.42
221.85	35781.82
221.90	35851.05
221.96	35911.40
222.01	35945.72
222.06	35976.53
222.11	36027.56
222.17	36064.33
222.22	36088.12
222.27	36137.44
222.32	36186.05
222.37	36234.22
222.43	36297.53
222.48	36369.98
222.53	36435.83
222.58	36517.35
222.63	36593.52
222.69	36663.48
222.74	36743.45
222.79	36811.55
222.84	36862.58
222.90	36910.84
222.95	36959.57
223.00	36992.78
223.05	37041.03
223.10	37093.94
223.16	37153.39
223.21	37212.31
223.26	37265.95
223.31	37311.51
223.36	37345.57
223.42	37377.78
223.47	37406.47
223.52	37451.91
223.57	37491.64
223.63	37555.18
223.68	37608.78
223.73	37679.96
223.78	37746.80
223.83	37819.84
223.89	37875.49
223.94	37946.06
223.99	38010.04
224.04	38083.97
224.09	38163.99
224.15	38254.88
224.20	38333.59
224.25	38421.47
224.30	38509.90
224.35	38592.19
224.41	38681.45
224.46	38776.34
224.51	38859.78
224.56	38931.19
224.61	39010.12
224.67	39080.52
224.72	39156.61
224.77	39246.69
224.82	39348.79
224.87	39438.03
224.93	39526.86
224.98	39619.51
225.03	39698.00
225.08	39771.05
225.13	39854.16
225.19	39943.52
225.24	40027.06
225.29	40110.19
225.34	40206.01
225.39	40293.99
225.45	40374.91
225.50	40464.78
225.55	40554.44
225.60	40632.30
225.65	40726.91
225.71	40815.17
225.76	40895.05
225.81	40984.27
225.86	41079.98
225.91	41165.12
225.97	41262.19
226.02	41350.28
226.07	41420.56
226.12	41490.08
226.17	41549.38
226.22	41611.57
226.28	41686.13
226.33	41777.95
226.38	41860.34
226.43	41948.08
226.48	42016.18
226.54	42082.12
226.59	42152.78
226.64	42217.45
226.69	42281.66
226.74	42352.30
226.80	42417.55
226.85	42475.15
226.90	42534.32
226.95	42602.36
227.00	42665.16
227.05	42744.69
227.11	42834.10
227.16	42919.29
227.21	42992.12
227.26	43087.41
227.31	43159.50
227.37	43206.42
227.42	43271.91
227.47	43352.35
227.52	43417.00
227.57	43479.22
227.62	43568.23
227.68	43642.50
227.73	43719.41
227.78	43800.93
227.83	43884.84
227.88	43954.08
227.93	44040.12
227.99	44117.57
228.04	44181.85
228.09	44259.43
228.14	44334.90
228.19	44397.37
228.24	44469.11
228.30	44547.25
228.35	44614.73
228.40	44676.48
228.45	44738.90
228.50	44808.23
228.56	44871.76
228.61	44931.42
228.66	44990.60
228.71	45045.82
228.76	45084.39
228.81	45126.64
228.87	45169.92
228.92	45233.44
228.97	45298.32
229.02	45382.97
229.07	45459.99
229.12	45555.85
229.17	45628.70
229.23	45705.13
229.28	45777.83
229.33	45858.60
229.38	45933.52
229.43	46006.25
229.48	46087.05
229.54	46152.44
229.59	46220.87
229.64	46284.04
229.69	46365.09
229.74	46451.98
229.79	46527.41
229.85	46599.84
229.90	46675.12
229.95	46741.69
230.00	46788.97
230.05	46865.32
230.10	46933.56
230.16	47006.23
230.21	47065.17
230.26	47126.90
230.31	47160.92
230.36	47214.47
230.41	47270.02
230.46	47360.22
230.52	47454.76
230.57	47550.34
230.62	47642.59
230.67	47706.20
230.72	47755.09
230.77	47794.52
230.82	47844.23
230.88	47866.29
230.93	47912.70
230.98	47951.05
231.03	48007.03
231.08	48059.10
231.13	48121.99
231.19	48197.94
231.24	48275.83
231.29	48353.95
231.34	48419.58
231.39	48499.81
231.44	48561.19
231.49	48611.91
231.55	48652.42
231.60	48701.79
231.65	48749.64
231.70	48794.99
231.75	48850.14
231.80	48902.25
231.85	48957.71
231.91	48996.72
231.96	49039.96
232.01	49093.95
232.06	49152.36
232.11	49211.70
232.16	49294.23
232.21	49391.35
232.26	49481.92
232.32	49564.21
232.37	49641.05
232.42	49708.88
232.47	49745.97
232.52	49786.92
232.57	49843.74
232.62	49902.17
232.68	49958.15
232.73	50035.98
232.78	50113.10
232.83	50180.36
232.88	50250.30
232.93	50324.41
232.98	50390.89
233.03	50446.36
233.09	50513.17
233.14	50583.16
233.19	50636.59
233.24	50685.16
233.29	50732.07
233.34	50758.25
233.39	50776.42
233.45	50813.16
233.50	50853.68
233.55	50903.08
233.60	50971.38
233.65	51034.43
233.70	51090.76
233.75	51145.53
233.80	51199.81
233.86	51250.90
233.91	51300.06
233.96	51350.65
234.01	51404.35
234.06	51461.23
234.11	51521.19
234.16	51582.08
234.21	51641.30
234.26	51692.70
234.32	51723.68
234.37	51752.73
234.42	51787.32
234.47	51808.97
234.52	51838.92
234.57	51880.62
234.62	51927.32
234.67	51971.10
234.73	52033.74
234.78	52091.90
234.83	52145.18
234.88	52194.50
234.93	52230.51
234.98	52263.39
235.03	52299.82
235.08	52360.81
235.13	52408.96
235.19	52488.15
235.24	52554.84
235.29	52621.88
235.34	52661.31
235.39	52696.32
235.44	52719.18
235.49	52755.82
235.54	52778.62
235.59	52797.72
235.65	52835.46
235.70	52874.70
235.75	52912.08
235.80	52966.78
235.85	53026.21
235.90	53075.13
235.95	53101.91
236.00	53123.65
236.05	53153.42
236.11	53192.71
236.16	53223.37
236.21	53263.57
236.26	53312.60
236.31	53335.98
236.36	53351.04
236.41	53364.51
236.46	53383.20
236.51	53394.44
236.56	53417.76
236.62	53444.13
236.67	53480.49
236.72	53530.03
236.77	53561.52
236.82	53603.55
236.87	53627.44
236.92	53651.73
236.97	53680.70
237.02	53728.42
237.07	53773.14
237.13	53842.23
237.18	53899.50
237.23	53940.18
237.28	53973.25
237.33	54012.08
237.38	54029.93
237.43	54057.06
237.48	54073.42
237.53	54100.77
237.58	54128.63
237.63	54170.22
237.69	54212.67
237.74	54266.35
237.79	54302.70
237.84	54308.33
237.89	54309.68
237.94	54311.69
237.99	54322.51
238.04	54344.89
238.09	54377.35
238.14	54411.57
238.19	54440.57
238.25	54459.74
238.30	54452.28
238.35	54451.02
238.40	54449.20
238.45	54447.38
238.50	54448.67
238.55	54456.82
238.60	54489.96
238.65	54510.50
238.70	54528.68
238.75	54533.77
238.80	54573.34
238.86	54571.23
238.91	54599.26
238.96	54632.55
239.01	54680.80
239.06	54708.33
239.11	54735.23
239.16	54750.35
239.21	54744.65
239.26	54737.85
239.31	54744.80
239.36	54763.76
239.41	54786.67
239.46	54818.52
239.52	54843.27
239.57	54858.91
239.62	54879.47
239.67	54895.61
239.72	54919.62
239.77	54945.41
239.82	54963.15
239.87	54975.10
239.92	54981.08
239.97	54976.93
240.02	54953.12
240.07	54943.34
240.12	54944.38
240.17	54950.33
240.23	54954.88
240.28	54970.34
240.33	54989.91
240.38	54982.08
240.43	54974.73
240.48	54993.16
240.53	55016.62
240.58	55024.67
240.63	55058.29
240.68	55069.34
240.73	55068.90
240.78	55059.34
240.83	55057.38
240.88	55031.54
240.93	55032.58
240.98	55028.32
241.04	55042.97
241.09	55065.19
241.14	55099.03
241.19	55136.15
241.24	55162.47
241.29	55186.57
241.34	55200.48
241.39	55205.76
241.44	55209.37
241.49	55213.25
241.54	55207.25
241.59	55196.16
241.64	55203.76
241.69	55181.28
241.74	55169.17
241.79	55159.49
241.84	55152.57
241.90	55126.40
241.95	55112.32
242.00	55086.97
242.05	55060.53
242.10	55045.29
242.15	55038.67
242.20	55035.56
242.25	55033.23
242.30	55027.65
242.35	55017.92
242.40	55011.10
242.45	55007.54
242.50	55005.15
242.55	55005.55
242.60	54995.04
242.65	54997.98
242.70	55004.99
242.75	55023.79
242.80	55066.16
242.85	55112.37
242.91	55119.30
242.96	55107.42
243.01	55088.60
243.06	55053.59
243.11	55016.02
243.16	55006.10
243.21	55012.27
243.26	55022.28
243.31	55038.26
243.36	55052.63
243.41	55065.83
243.46	55064.07
243.51	55046.59
243.56	54990.60
243.61	54939.44
243.66	54886.62
243.71	54845.34
243.76	54832.17
243.81	54848.95
243.86	54855.43
243.91	54864.11
243.96	54865.21
244.01	54841.17
244.06	54823.12
244.12	54808.15
244.17	54801.42
244.22	54808.05
244.27	54837.40
244.32	54853.53
244.37	54870.48
244.42	54876.93
244.47	54863.04
244.52	54841.66
244.57	54813.44
244.62	54794.05
244.67	54767.05
244.72	54749.37
244.77	54735.72
244.82	54750.78
244.87	54770.39
244.92	54798.10
244.97	54815.40
245.02	54822.92
245.07	54806.68
245.12	54796.02
245.17	54777.26
245.22	54780.15
245.27	54766.61
245.32	54733.49
245.37	54686.20
245.42	54637.82
245.47	54592.01
245.52	54552.99
245.57	54538.20
245.62	54521.39
245.67	54520.78
245.72	54507.22
245.77	54488.44
245.82	54475.79
245.87	54487.70
245.92	54484.03
245.98	54478.12
246.03	54477.36
246.08	54486.11
246.13	54473.58
246.18	54479.74
246.23	54471.82
246.28	54463.94
246.33	54442.22
246.38	54411.86
246.43	54378.02
246.48	54358.92
246.53	54359.97
246.58	54379.49
246.63	54384.42
246.68	54373.58
246.73	54360.04
246.78	54327.09
246.83	54267.53
246.88	54210.20
246.93	54159.42
246.98	54112.49
247.03	54088.29
247.08	54074.63
247.13	54082.64
247.18	54086.04
247.23	54108.03
247.28	54110.58
247.33	54092.95
247.38	54066.51
247.43	54049.05
247.48	54027.67
247.53	53998.44
247.58	53974.57
247.63	53948.34
247.68	53911.79
247.73	53857.19
247.78	53818.13
247.83	53786.33
247.88	53761.00
247.93	53755.68
247.98	53761.02
248.03	53766.96
248.08	53783.20
248.13	53790.57
248.18	53778.38
248.23	53772.87
248.28	53744.31
248.33	53699.72
248.38	53664.15
248.43	53638.75
248.48	53614.72
248.53	53606.27
248.58	53586.20
248.63	53583.64
248.68	53559.05
248.73	53518.98
248.78	53488.08
248.83	53442.65
248.88	53368.98
248.93	53306.14
248.98	53230.41
249.03	53182.20
249.08	53159.53
249.13	53150.85
249.18	53146.61
249.23	53169.17
249.28	53157.06
249.33	53151.94
249.38	53141.15
249.43	53128.07
249.48	53106.05
249.53	53095.05
249.58	53074.67
249.63	53054.32
249.68	53043.45
249.73	53027.10
249.78	53005.66
249.83	53002.33
249.88	52978.52
249.93	52960.30
249.98	52946.23
250.03	52930.25
250.08	52898.33
250.13	52891.99
250.18	52864.79
250.23	52826.99
250.28	52778.13
250.33	52722.07
250.37	52674.78
250.42	52632.31
250.47	52599.67
250.52	52592.36
250.57	52578.92
250.62	52548.80
250.67	52514.78
250.72	52500.10
250.77	52453.73
250.82	52442.10
250.87	52441.72
250.92	52439.41
250.97	52418.95
251.02	52415.55
251.07	52404.23
251.12	52378.78
251.17	52351.29
251.22	52319.46
251.27	52278.82
251.32	52233.75
251.37	52182.58
251.42	52128.28
251.47	52087.99
251.52	52064.14
251.57	52046.21
251.62	52033.93
251.67	52027.83
251.72	52017.83
251.77	51985.47
251.82	51947.71
251.87	51908.27
251.92	51862.21
251.97	51789.74
252.02	51749.61
252.07	51710.96
252.12	51692.11
252.16	51685.45
252.21	51695.68
252.26	51698.45
252.31	51700.74
252.36	51691.31
252.41	51676.59
252.46	51655.59
252.51	51628.85
252.56	51602.59
252.61	51572.96
252.66	51540.37
252.71	51513.79
252.76	51480.09
252.81	51434.52
252.86	51374.82
252.91	51333.12
252.96	51276.04
253.01	51211.61
253.06	51156.23
253.11	51118.06
253.16	51067.99
253.21	51014.37
253.26	50985.24
253.31	50950.24
253.36	50924.58
253.40	50893.18
253.45	50885.31
253.50	50837.85
253.55	50801.02
253.60	50750.82
253.65	50717.21
253.70	50683.92
253.75	50678.55
253.80	50666.27
253.85	50660.98
253.90	50655.79
253.95	50646.55
254.00	50639.73
254.05	50622.18
254.10	50587.99
254.15	50555.66
254.20	50523.72
254.25	50484.72
254.30	50459.42
254.35	50424.94
254.39	50362.16
254.44	50281.22
254.49	50205.88
254.54	50154.48
254.59	50121.67
254.64	50118.95
254.69	50131.04
254.74	50132.46
254.79	50110.62
254.84	50083.35
254.89	50057.62
254.94	50035.32
254.99	50021.39
255.04	50003.18
255.09	50003.65
255.14	49976.19
255.19	49957.97
255.23	49945.24
255.28	49934.74
255.33	49913.29
255.38	49907.89
255.43	49890.69
255.48	49859.98
255.53	49816.22
255.58	49782.24
255.63	49740.34
255.68	49693.21
255.73	49649.99
255.78	49619.51
255.83	49595.05
255.88	49578.43
255.93	49554.22
255.97	49539.62
256.02	49515.71
256.07	49474.02
256.12	49414.31
256.17	49368.14
256.22	49313.50
256.27	49263.26
256.32	49216.29
256.37	49187.38
256.42	49164.84
256.47	49137.14
256.52	49110.74
256.57	49082.78
256.62	49066.11
256.66	49051.62
256.71	49027.28
256.76	48994.12
256.81	48950.35
256.86	48892.73
256.91	48843.68
256.96	48796.07
257.01	48762.24
257.06	48743.58
257.11	48717.05
257.16	48657.00
257.21	48617.30
257.26	48580.17
257.30	48533.21
257.35	48488.33
257.40	48471.92
257.45	48460.00
257.50	48428.70
257.55	48406.24
257.60	48387.78
257.65	48365.73
257.70	48320.07
257.75	48291.83
257.80	48256.54
257.85	48222.82
257.89	48167.58
257.94	48106.57
257.99	48040.92
258.04	47984.71
258.09	47937.62
258.14	47913.30
258.19	47907.54
258.24	47889.90
258.29	47857.78
258.34	47815.95
258.39	47783.04
258.44	47719.05
258.48	47668.47
258.53	47635.86
258.58	47603.41
258.63	47547.03
258.68	47512.24
258.73	47473.63
258.78	47430.01
258.83	47388.65
258.88	47350.31
258.93	47322.08
258.97	47298.47
259.02	47261.47
259.07	47230.19
259.12	47214.57
259.17	47193.07
259.22	47176.32
259.27	47156.63
259.32	47140.22
259.37	47097.75
259.42	47055.14
259.47	47008.98
259.51	46962.40
259.56	46901.47
259.61	46841.11
259.66	46763.14
259.71	46682.58
259.76	46623.17
259.81	46563.35
259.86	46514.25
259.91	46486.85
259.95	46467.89
260.00	46442.99
260.05	46426.04
260.10	46399.67
260.15	46381.43
260.20	46370.44
260.25	46367.26
260.30	46352.81
260.35	46338.77
260.40	46306.24
260.44	46275.77
260.49	46247.82
260.54	46214.00
260.59	46189.49
260.64	46184.75
260.69	46180.68
260.74	46143.29
260.79	46110.43
260.84	46064.15
260.88	46007.68
260.93	45934.43
260.98	45890.91
261.03	45855.79
261.08	45829.61
261.13	45792.63
261.18	45745.67
261.23	45698.88
261.28	45654.43
261.32	45611.73
261.37	45565.65
261.42	45540.01
261.47	45513.53
261.52	45466.27
261.57	45419.88
261.62	45377.50
261.67	45323.23
261.71	45255.63
261.76	45211.03
261.81	45156.92
261.86	45107.78
261.91	45056.75
261.96	45015.90
262.01	44971.76
262.06	44953.50
262.10	44934.07
262.15	44923.14
262.20	44915.34
262.25	44901.62
262.30	44873.62
262.35	44859.03
262.40	44835.75
262.45	44800.30
262.49	44770.37
262.54	44745.55
262.59	44708.93
262.64	44680.32
262.69	44645.93
262.74	44599.37
262.79	44540.65
262.84	44493.12
262.88	44439.21
262.93	44389.96
262.98	44352.65
263.03	44318.88
263.08	44265.79
263.13	44197.16
263.18	44130.03
263.23	44075.41
263.27	44025.79
263.32	43992.16
263.37	43977.62
263.42	43961.06
263.47	43929.00
263.52	43905.11
263.57	43867.60
263.61	43824.44
263.66	43782.23
263.71	43748.36
263.76	43712.32
263.81	43669.85
263.86	43645.50
263.91	43608.12
263.95	43550.54
264.00	43487.76
264.05	43445.34
264.10	43371.95
264.15	43313.72
264.20	43273.04
264.25	43229.87
264.29	43178.09
264.34	43128.77
264.39	43093.05
264.44	43038.16
264.49	42989.78
264.54	42944.35
264.59	42914.73
264.63	42868.55
264.68	42825.63
264.73	42780.17
264.78	42737.21
264.83	42683.28
264.88	42639.72
264.93	42610.85
264.97	42581.90
265.02	42551.91
265.07	42530.67
265.12	42491.93
265.17	42440.19
265.22	42396.28
265.27	42340.95
265.31	42280.47
265.36	42217.55
265.41	42168.88
265.46	42105.72
265.51	42040.79
265.56	41983.38
265.60	41930.67
265.65	41875.01
265.70	41824.87
265.75	41770.82
265.80	41715.15
265.85	41654.85
265.90	41592.71
265.94	41532.10
265.99	41478.93
266.04	41431.48
266.09	41396.59
266.14	41363.44
266.19	41325.59
266.23	41290.58
266.28	41250.32
266.33	41208.34
266.38	41175.71
266.43	41153.58
266.48	41137.69
266.52	41101.78
266.57	41075.67
266.62	41038.34
266.67	40992.93
266.72	40935.57
266.77	40906.88
266.81	40877.77
266.86	40848.11
266.91	40816.82
266.96	40777.87
267.01	40744.33
267.06	40697.00
267.10	40644.24
267.15	40595.10
267.20	40572.07
267.25	40532.82
267.30	40496.49
267.35	40463.19
267.39	40425.74
267.44	40382.90
267.49	40333.04
267.54	40280.88
267.59	40231.13
267.64	40174.37
267.68	40110.92
267.73	40057.41
267.78	40018.19
267.83	39991.49
267.88	39977.90
267.93	39972.96
267.97	39957.73
268.02	39923.92
268.07	39879.88
268.12	39824.60
268.17	39762.06
268.21	39716.38
268.26	39669.22
268.31	39622.31
268.36	39580.68
268.41	39535.11
268.46	39486.22
268.50	39445.20
268.55	39400.94
268.60	39344.39
268.65	39285.10
268.70	39202.90
268.74	39133.61
268.79	39068.62
268.84	39012.83
268.89	38967.79
268.94	38947.95
268.99	38909.78
269.03	38865.51
269.08	38814.31
269.13	38747.88
269.18	38659.62
269.23	38568.01
269.27	38454.53
269.32	38329.97
269.37	38203.46
269.42	38072.58
269.47	37935.70
269.51	37803.57
269.56	37669.80
269.61	37533.26
269.66	37384.62
269.71	37229.15
269.76	37081.04
269.80	36932.06
269.85	36781.90
269.90	36640.83
269.95	36495.77
270.00	36328.67
270.04	36178.62
270.09	36031.74
270.14	35886.24
270.19	35747.07
270.24	35621.37
270.28	35466.65
270.33	35299.14
270.38	35125.79
270.43	34954.16
270.48	34775.06
270.52	34623.38
270.57	34469.76
270.62	34315.49
270.67	34161.66
270.72	34014.43
270.76	33835.76
270.81	33665.24
270.86	33494.90
270.91	33318.31
270.96	33147.32
271.00	32987.54
271.05	32830.67
271.10	32689.27
271.15	32562.35
271.20	32437.77
271.24	32304.18
271.29	32172.59
271.34	32028.39
271.39	31876.98
271.44	31724.49
271.48	31592.09
271.53	31444.41
271.58	31299.89
271.63	31150.39
271.67	31007.03
271.72	30859.52
271.77	30722.92
271.82	30588.99
271.87	30456.65
271.91	30299.21
271.96	30156.24
272.01	30020.33
272.06	29886.03
272.11	29763.27
272.15	29664.83
272.20	29558.25
272.25	29456.10
272.30	29357.15
272.35	29252.43
272.39	29133.60
272.44	29016.48
272.49	28878.43
272.54	28735.35
272.58	28588.24
272.63	28448.26
272.68	28294.23
272.73	28141.17
272.78	27963.25
272.82	27764.86
272.87	27534.40
272.92	27249.92
272.97	26732.16
273.01	23793.25
273.06	18865.25
273.11	13439.72
273.16	8109.46
273.21	3049.20
273.25	458.84
273.30	-89.70
273.35	-89.28
