165.32	3385.06
165.38	-248.74
165.44	597.14
165.50	-76.49
165.55	-17.01
165.61	6.31
165.67	35.24
165.72	44.70
165.78	50.49
165.84	49.33
165.89	46.52
165.95	45.19
166.01	44.27
166.06	45.84
166.12	48.17
166.18	46.25
166.23	48.03
166.29	47.28
166.35	43.89
166.40	43.37
166.46	49.79
166.52	52.79
166.57	53.85
166.63	54.63
166.69	56.74
166.74	50.93
166.80	50.66
166.86	52.57
166.91	52.97
166.97	47.21
167.03	49.64
167.08	44.07
167.14	43.49
167.20	41.89
167.25	54.46
167.31	55.09
167.37	60.26
167.42	62.08
167.48	67.81
167.54	62.60
167.59	61.49
167.65	57.66
167.71	57.32
167.76	56.54
167.82	52.07
167.88	52.03
167.93	59.84
167.99	58.50
168.05	60.82
168.10	68.79
168.16	68.09
168.21	66.02
168.27	70.77
168.33	72.12
168.38	64.42
168.44	69.04
168.50	67.67
168.55	65.74
168.61	66.00
168.67	68.16
168.72	65.26
168.78	65.26
168.84	61.41
168.89	60.25
168.95	60.98
169.01	60.83
169.06	60.37
169.12	59.77
169.18	57.86
169.23	57.61
169.29	61.58
169.34	65.95
169.40	68.62
169.46	73.09
169.51	75.14
169.57	71.23
169.63	67.13
169.68	71.85
169.74	68.28
169.80	73.93
169.85	75.09
169.91	78.72
169.97	75.27
170.02	75.62
170.08	74.62
170.13	75.04
170.19	74.93
170.25	76.16
170.30	80.12
170.36	72.47
170.42	74.48
170.47	75.83
170.53	77.43
170.59	74.30
170.64	77.65
170.70	75.67
170.76	72.65
170.81	73.82
170.87	73.13
170.92	74.18
170.98	77.27
171.04	80.35
171.09	76.72
171.15	84.18
171.21	84.59
171.26	81.42
171.32	78.18
171.37	81.85
171.43	76.21
171.49	80.51
171.54	83.86
171.60	86.05
171.66	87.93
171.71	88.18
171.77	86.08
171.83	92.64
171.88	91.63
171.94	90.84
171.99	95.53
172.05	94.44
172.11	94.93
172.16	103.32
172.22	104.11
172.28	104.38
172.33	102.22
172.39	98.89
172.44	95.49
172.50	100.20
172.56	99.76
172.61	108.71
172.67	108.81
172.72	109.32
172.78	104.90
172.84	99.95
172.89	93.06
172.95	92.09
173.01	92.52
173.06	90.73
173.12	96.73
173.17	98.18
173.23	97.36
173.29	98.33
173.34	100.06
173.40	94.58
173.46	94.85
173.51	98.07
173.57	97.30
173.62	92.27
173.68	98.81
173.74	98.36
173.79	99.49
173.85	97.02
173.90	99.58
173.96	95.98
174.02	93.03
174.07	85.08
174.13	83.95
174.18	86.12
174.24	79.25
174.30	79.16
174.35	84.51
174.41	82.10
174.47	76.16
174.52	77.71
174.58	76.94
174.63	72.03
174.69	70.65
174.75	72.57
174.80	83.32
174.86	80.75
174.91	82.20
174.97	82.44
175.03	79.83
175.08	67.76
175.14	74.76
175.19	70.65
175.25	71.36
175.31	76.12
175.36	77.31
175.42	74.18
175.47	78.78
175.53	78.63
175.59	74.65
175.64	76.74
175.70	74.68
175.75	69.79
175.81	68.12
175.87	69.46
175.92	65.71
175.98	66.97
176.03	67.34
176.09	68.13
176.15	68.23
176.20	69.15
176.26	69.13
176.31	72.79
176.37	69.95
176.42	70.79
176.48	74.28
176.54	72.25
176.59	68.90
176.65	71.85
176.70	73.09
176.76	72.47
176.82	70.12
176.87	66.84
176.93	66.58
176.98	65.38
177.04	60.39
177.10	65.37
177.15	68.01
177.21	68.98
177.26	67.68
177.32	71.55
177.37	73.37
177.43	76.31
177.49	73.21
177.54	70.64
177.60	70.79
177.65	71.10
177.71	66.25
177.77	69.21
177.82	71.19
177.88	75.21
177.93	70.09
177.99	76.23
178.04	71.54
178.10	72.06
178.16	65.05
178.21	66.98
178.27	63.90
178.32	68.21
178.38	67.19
178.43	68.79
178.49	68.32
178.55	68.16
178.60	67.24
178.66	66.63
178.71	68.51
178.77	66.69
178.82	67.22
178.88	66.78
178.94	67.20
178.99	68.28
179.05	72.32
179.10	68.24
179.16	71.00
179.21	73.58
179.27	72.23
179.33	67.88
179.38	71.26
179.44	69.51
179.49	69.62
179.55	67.52
179.60	67.97
179.66	67.20
179.72	69.44
179.77	67.03
179.83	65.86
179.88	66.97
179.94	68.47
179.99	64.99
180.05	64.73
180.11	66.01
180.16	69.11
180.22	71.18
180.27	75.36
180.33	76.25
180.38	80.14
180.44	75.58
180.49	75.75
180.55	73.65
180.61	77.56
180.66	72.39
180.72	70.68
180.77	68.66
180.83	68.60
180.88	65.78
180.94	65.46
180.99	69.37
181.05	69.43
181.11	70.68
181.16	71.37
181.22	72.84
181.27	74.77
181.33	73.43
181.38	70.02
181.44	70.91
181.49	75.69
181.55	76.28
181.61	82.52
181.66	85.16
181.72	82.88
181.77	80.02
181.83	77.24
181.88	82.20
181.94	83.73
181.99	88.89
182.05	88.85
182.11	90.20
182.16	80.80
182.22	78.74
182.27	74.00
182.33	76.21
182.38	75.74
182.44	80.22
182.49	82.86
182.55	84.82
182.60	84.62
182.66	87.44
182.72	90.52
182.77	92.39
182.83	95.79
182.88	98.97
182.94	100.51
182.99	97.17
183.05	96.04
183.10	97.82
183.16	96.48
183.21	97.33
183.27	104.32
183.32	107.57
183.38	110.56
183.44	116.81
183.49	121.10
183.55	121.53
183.60	126.76
183.66	131.15
183.71	139.56
183.77	145.65
183.82	153.18
183.88	162.87
183.93	172.81
183.99	185.24
184.04	200.57
184.10	212.32
184.15	222.85
184.21	234.88
184.27	236.20
184.32	237.30
184.38	235.85
184.43	233.18
184.49	219.25
184.54	205.27
184.60	198.33
184.65	187.03
184.71	179.52
184.76	182.25
184.82	198.51
184.87	213.77
184.93	236.73
184.98	261.69
185.04	290.43
185.09	313.05
185.15	336.60
185.20	366.30
185.26	399.63
185.31	426.74
185.37	452.46
185.43	472.59
185.48	491.93
185.54	513.88
185.59	539.03
185.65	563.54
185.70	602.60
185.76	646.68
185.81	680.57
185.87	715.70
185.92	759.02
185.98	793.21
186.03	809.72
186.09	813.34
186.14	791.43
186.20	741.70
186.25	661.00
186.31	579.93
186.36	516.02
186.42	488.48
186.47	498.74
186.53	545.33
186.58	612.32
186.64	685.03
186.69	757.29
186.75	816.79
186.80	876.35
186.86	935.01
186.91	994.38
186.97	1049.50
187.02	1121.26
187.08	1188.75
187.13	1249.89
187.19	1317.96
187.24	1389.02
187.30	1444.26
187.35	1503.00
187.41	1576.40
187.47	1644.52
187.52	1702.81
187.58	1762.33
187.63	1829.88
187.69	1892.88
187.74	1944.15
187.80	1992.55
187.85	2036.47
187.91	2059.16
187.96	2045.84
188.02	1985.05
188.07	1875.77
188.13	1717.39
188.18	1546.50
188.24	1421.15
188.29	1359.24
188.35	1366.25
188.40	1443.63
188.46	1567.37
188.51	1689.19
188.57	1816.74
188.62	1940.34
188.67	2054.42
188.73	2162.44
188.78	2266.39
188.84	2366.83
188.89	2468.41
188.95	2572.81
189.00	2663.30
189.06	2760.82
189.11	2854.26
189.17	2936.18
189.22	3007.81
189.28	3096.33
189.33	3172.40
189.39	3238.49
189.44	3303.30
189.50	3379.44
189.55	3447.64
189.61	3501.07
189.66	3558.30
189.72	3616.98
189.77	3668.87
189.83	3698.01
189.88	3709.22
189.94	3679.91
189.99	3604.97
190.05	3453.93
190.10	3237.70
190.16	2991.00
190.21	2775.78
190.27	2635.62
190.32	2603.02
190.38	2676.72
190.43	2833.71
190.49	3019.98
190.54	3189.08
190.60	3346.31
190.65	3487.67
190.71	3618.82
190.76	3746.47
190.81	3872.17
190.87	3988.46
190.92	4111.91
190.98	4222.85
191.03	4328.59
191.09	4439.32
191.14	4539.32
191.20	4622.17
191.25	4720.61
191.31	4817.35
191.36	4902.82
191.42	4988.29
191.47	5082.41
191.53	5169.16
191.58	5241.60
191.64	5304.71
191.69	5363.40
191.75	5403.87
191.80	5434.05
191.85	5450.20
191.91	5469.48
191.96	5491.88
192.02	5523.50
192.07	5538.86
192.13	5536.80
192.18	5491.25
192.24	5376.22
192.29	5180.27
192.35	4953.64
192.40	4771.33
192.46	4664.02
192.51	4656.46
192.57	4751.73
192.62	4928.76
192.67	5113.38
192.73	5289.43
192.78	5452.88
192.84	5600.33
192.89	5733.93
192.95	5861.75
193.00	5977.83
193.06	6084.69
193.11	6191.10
193.17	6282.55
193.22	6366.18
193.28	6454.62
193.33	6530.36
193.38	6599.09
193.44	6668.22
193.49	6741.05
193.55	6799.41
193.60	6858.20
193.66	6911.10
193.71	6957.58
193.77	6983.34
193.82	7000.71
193.88	7016.90
193.93	7041.26
193.98	7067.10
194.04	7109.30
194.09	7158.65
194.15	7213.64
194.20	7261.67
194.26	7303.67
194.31	7344.15
194.37	7370.98
194.42	7377.98
194.47	7366.76
194.53	7327.55
194.58	7239.42
194.64	7130.57
194.69	7034.44
194.75	6966.52
194.80	6947.30
194.86	6989.14
194.91	7083.12
194.97	7188.99
195.02	7302.06
195.07	7411.46
195.13	7516.92
195.18	7628.69
195.24	7737.67
195.29	7846.38
195.35	7946.65
195.40	8049.44
195.46	8130.14
195.51	8215.19
195.56	8289.98
195.62	8363.88
195.67	8425.30
195.73	8490.93
195.78	8545.19
195.84	8592.91
195.89	8630.26
195.94	8664.28
196.00	8698.12
196.05	8729.85
196.11	8771.88
196.16	8817.89
196.22	8871.39
196.27	8923.79
196.32	8975.64
196.38	9020.59
196.43	9069.86
196.49	9105.56
196.54	9141.83
196.60	9187.03
196.65	9229.12
196.71	9269.96
196.76	9317.88
196.81	9354.08
196.87	9387.95
196.92	9416.14
196.98	9431.47
197.03	9440.24
197.09	9437.79
197.14	9428.23
197.19	9426.40
197.25	9440.38
197.30	9467.36
197.36	9520.19
197.41	9582.92
197.47	9646.92
197.52	9708.38
197.57	9773.90
197.63	9828.42
197.68	9883.08
197.74	9936.13
197.79	9983.35
197.84	10028.58
197.90	10076.21
197.95	10115.34
198.01	10157.69
198.06	10204.78
198.12	10250.19
198.17	10291.34
198.22	10332.53
198.28	10368.72
198.33	10408.23
198.39	10444.22
198.44	10488.80
198.49	10539.17
198.55	10587.00
198.60	10633.77
198.66	10678.72
198.71	10727.58
198.77	10776.02
198.82	10826.40
198.87	10870.30
198.93	10914.92
198.98	10956.54
199.04	10997.95
199.09	11039.38
199.14	11081.43
199.20	11124.32
199.25	11164.87
199.31	11208.89
199.36	11255.13
199.42	11299.67
199.47	11342.48
199.52	11380.73
199.58	11414.53
199.63	11438.86
199.69	11469.76
199.74	11504.15
199.79	11532.37
199.85	11561.12
199.90	11603.13
199.96	11640.71
200.01	11679.72
200.06	11726.91
200.12	11775.92
200.17	11829.60
200.23	11882.14
200.28	11929.73
200.33	11985.73
200.39	12032.72
200.44	12069.52
200.50	12114.78
200.55	12151.58
200.60	12182.39
200.66	12221.31
200.71	12256.11
200.77	12289.34
200.82	12331.41
200.87	12369.47
200.93	12403.84
200.98	12447.37
201.04	12491.31
201.09	12537.13
201.14	12591.21
201.20	12644.37
201.25	12696.58
201.31	12750.42
201.36	12808.49
201.41	12865.44
201.47	12925.58
201.52	12978.85
201.58	13033.42
201.63	13079.98
201.68	13122.76
201.74	13171.30
201.79	13221.84
201.84	13277.77
201.90	13326.22
201.95	13379.58
202.01	13432.16
202.06	13485.35
202.11	13523.03
202.17	13572.13
202.22	13620.89
202.28	13658.51
202.33	13696.98
202.38	13734.38
202.44	13781.33
202.49	13819.63
202.54	13867.70
202.60	13916.38
202.65	13967.73
202.71	14012.35
202.76	14057.02
202.81	14093.50
202.87	14143.26
202.92	14185.19
202.98	14233.44
203.03	14286.33
203.08	14347.20
203.14	14393.88
203.19	14453.40
203.24	14502.26
203.30	14551.77
203.35	14599.32
203.41	14647.43
203.46	14694.31
203.51	14740.11
203.57	14782.15
203.62	14830.59
203.67	14882.84
203.73	14925.07
203.78	14974.22
203.84	15031.00
203.89	15072.42
203.94	15115.93
204.00	15168.93
204.05	15214.65
204.10	15255.94
204.16	15301.92
204.21	15341.29
204.27	15382.32
204.32	15424.72
204.37	15471.94
204.43	15507.83
204.48	15557.79
204.53	15601.88
204.59	15653.80
204.64	15709.18
204.69	15783.69
204.75	15844.63
204.80	15911.40
204.86	15967.84
204.91	16024.79
204.96	16079.93
205.02	16131.60
205.07	16187.84
205.12	16249.52
205.18	16308.15
205.23	16365.44
205.28	16432.89
205.34	16489.63
205.39	16548.45
205.45	16606.77
205.50	16660.18
205.55	16717.37
205.61	16776.44
205.66	16832.09
205.71	16895.20
205.77	16954.99
205.82	17010.67
205.87	17060.55
205.93	17113.73
205.98	17156.22
206.03	17201.82
206.09	17247.87
206.14	17306.15
206.20	17361.16
206.25	17413.17
206.30	17475.71
206.36	17533.24
206.41	17591.65
206.46	17643.25
206.52	17698.49
206.57	17747.46
206.62	17789.87
206.68	17830.70
206.73	17878.12
206.78	17932.63
206.84	17986.59
206.89	18048.93
206.94	18106.57
207.00	18178.25
207.05	18245.06
207.11	18308.22
207.16	18367.62
207.21	18430.55
207.27	18476.59
207.32	18527.49
207.37	18584.25
207.43	18642.69
207.48	18695.83
207.53	18756.64
207.59	18812.60
207.64	18865.80
207.69	18929.28
207.75	18999.53
207.80	19058.87
207.85	19119.80
207.91	19177.51
207.96	19230.59
208.01	19284.19
208.07	19343.73
208.12	19397.05
208.17	19448.32
208.23	19496.13
208.28	19543.36
208.33	19595.08
208.39	19660.02
208.44	19728.01
208.49	19789.43
208.55	19853.85
208.60	19911.36
208.65	19953.77
208.71	20004.00
208.76	20060.33
208.81	20116.38
208.87	20180.19
208.92	20242.01
208.97	20301.81
209.03	20359.77
209.08	20418.05
209.13	20473.60
209.19	20539.64
209.24	20596.64
209.29	20664.97
209.35	20722.00
209.40	20781.88
209.45	20840.33
209.51	20912.40
209.56	20967.26
209.61	21032.40
209.67	21095.80
209.72	21159.38
209.77	21211.56
209.83	21279.58
209.88	21347.49
209.93	21413.80
209.99	21475.96
210.04	21547.74
210.09	21606.38
210.15	21663.27
210.20	21721.97
210.25	21783.72
210.31	21840.59
210.36	21896.27
210.41	21951.97
210.46	22007.60
210.52	22062.61
210.57	22114.05
210.62	22174.57
210.68	22236.34
210.73	22290.84
210.78	22351.48
210.84	22414.33
210.89	22475.70
210.94	22529.84
211.00	22590.47
211.05	22642.36
211.10	22703.91
211.16	22764.15
211.21	22833.36
211.26	22903.27
211.32	22976.93
211.37	23044.69
211.42	23111.81
211.47	23175.80
211.53	23239.52
211.58	23300.88
211.63	23360.12
211.69	23418.95
211.74	23475.35
211.79	23518.03
211.85	23573.18
211.90	23631.98
211.95	23697.05
212.01	23766.51
212.06	23846.38
212.11	23919.72
212.16	23991.00
212.22	24061.24
212.27	24120.75
212.32	24187.68
212.38	24253.41
212.43	24314.50
212.48	24374.05
212.54	24444.63
212.59	24521.48
212.64	24590.76
212.69	24657.14
212.75	24722.11
212.80	24789.09
212.85	24845.45
212.91	24897.08
212.96	24957.36
213.01	25021.23
213.07	25078.41
213.12	25140.39
213.17	25206.75
213.22	25270.69
213.28	25333.69
213.33	25388.33
213.38	25444.50
213.44	25501.83
213.49	25572.64
213.54	25642.59
213.60	25722.36
213.65	25802.03
213.70	25880.92
213.75	25945.48
213.81	26005.46
213.86	26065.92
213.91	26123.39
213.97	26178.96
214.02	26232.98
214.07	26285.25
214.12	26341.51
214.18	26395.47
214.23	26458.11
214.28	26517.75
214.34	26586.40
214.39	26657.02
214.44	26714.82
214.49	26764.78
214.55	26822.87
214.60	26863.87
214.65	26903.91
214.71	26950.85
214.76	27008.69
214.81	27072.93
214.86	27162.81
214.92	27240.42
214.97	27321.03
215.02	27402.68
215.08	27473.23
215.13	27536.91
215.18	27605.89
215.23	27676.76
215.29	27750.53
215.34	27825.08
215.39	27892.05
215.45	27974.83
215.50	28054.39
215.55	28125.80
215.60	28196.19
215.66	28260.24
215.71	28309.23
215.76	28371.45
215.81	28422.81
215.87	28475.49
215.92	28538.60
215.97	28592.12
216.03	28646.34
216.08	28699.94
216.13	28759.28
216.18	28813.68
216.24	28882.11
216.29	28934.73
216.34	28992.77
216.39	29056.34
216.45	29115.83
216.50	29172.13
216.55	29235.02
216.61	29308.58
216.66	29367.97
216.71	29433.97
216.76	29490.88
216.82	29566.66
216.87	29634.70
216.92	29707.18
216.97	29773.36
217.03	29855.01
217.08	29921.61
217.13	29997.40
217.18	30072.93
217.24	30142.28
217.29	30206.19
217.34	30254.56
217.39	30298.12
217.45	30339.08
217.50	30386.80
217.55	30442.31
217.61	30517.88
217.66	30580.82
217.71	30647.45
217.76	30733.09
217.82	30814.46
217.87	30888.83
217.92	30967.06
217.97	31045.05
218.03	31101.11
218.08	31147.78
218.13	31190.50
218.18	31236.49
218.24	31300.61
218.29	31357.79
218.34	31418.70
218.39	31484.83
218.45	31552.19
218.50	31601.58
218.55	31664.86
218.60	31729.74
218.66	31787.00
218.71	31851.41
218.76	31921.83
218.81	31982.12
218.87	32044.77
218.92	32108.26
218.97	32176.95
219.02	32233.38
219.08	32305.28
219.13	32375.94
219.18	32440.14
219.23	32497.73
219.29	32566.89
219.34	32631.39
219.39	32697.40
219.44	32767.52
219.50	32840.22
219.55	32897.07
219.60	32956.70
219.65	33019.46
219.71	33081.60
219.76	33127.92
219.81	33188.32
219.86	33241.72
219.92	33292.33
219.97	33348.69
220.02	33412.21
220.07	33466.72
220.13	33527.77
220.18	33591.75
220.23	33657.18
220.28	33733.34
220.33	33816.25
220.39	33883.49
220.44	33940.98
220.49	33995.01
220.54	34034.60
220.60	34082.08
220.65	34143.84
220.70	34211.55
220.75	34289.73
220.81	34378.71
220.86	34456.91
220.91	34527.72
220.96	34603.26
221.02	34674.00
221.07	34738.23
221.12	34791.43
221.17	34846.71
221.22	34905.38
221.28	34957.60
221.33	35009.23
221.38	35068.51
221.43	35141.38
221.49	35202.05
221.54	35264.44
221.59	35332.99
221.64	35420.07
221.69	35507.25
221.75	35600.93
221.80	35695.16
221.85	35770.10
221.90	35830.58
221.96	35880.93
222.01	35915.23
222.06	35951.12
222.11	36006.47
222.17	36058.62
222.22	36093.66
222.27	36142.95
222.32	36196.41
222.37	36249.38
222.43	36309.08
222.48	36375.79
222.53	36448.93
222.58	36523.73
222.63	36602.06
222.69	36663.53
222.74	36742.77
222.79	36810.30
222.84	36858.52
222.90	36898.81
222.95	36948.98
223.00	36987.31
223.05	37038.30
223.10	37106.08
223.16	37165.77
223.21	37220.82
223.26	37267.68
223.31	37304.81
223.36	37332.92
223.42	37372.56
223.47	37400.58
223.52	37446.53
223.57	37495.70
223.63	37548.08
223.68	37590.96
223.73	37668.45
223.78	37744.75
223.83	37810.14
223.89	37871.53
223.94	37953.17
223.99	38015.35
224.04	38089.23
224.09	38171.63
224.15	38260.35
224.20	38335.08
224.25	38429.32
224.30	38507.28
224.35	38591.48
224.41	38691.08
224.46	38791.23
224.51	38874.89
224.56	38958.17
224.61	39036.09
224.67	39104.33
224.72	39173.30
224.77	39262.46
224.82	39358.83
224.87	39440.63
224.93	39523.65
224.98	39611.00
225.03	39698.83
225.08	39776.89
225.13	39872.98
225.19	39969.51
225.24	40060.20
225.29	40133.99
225.34	40220.31
225.39	40301.30
225.45	40381.92
225.50	40463.44
225.55	40552.89
225.60	40638.39
225.65	40731.61
225.71	40829.79
225.76	40923.60
225.81	41008.90
225.86	41098.63
225.91	41189.57
225.97	41272.48
226.02	41360.12
226.07	41434.60
226.12	41502.89
226.17	41556.90
226.22	41625.03
226.28	41694.48
226.33	41781.14
226.38	41862.13
226.43	41950.53
226.48	42017.28
226.54	42077.18
226.59	42145.05
226.64	42217.65
226.69	42281.36
226.74	42350.72
226.80	42421.13
226.85	42476.31
226.90	42529.22
226.95	42600.20
227.00	42665.96
227.05	42743.12
227.11	42838.23
227.16	42928.26
227.21	42999.73
227.26	43086.11
227.31	43157.53
227.37	43204.74
227.42	43275.90
227.47	43362.82
227.52	43429.75
227.57	43490.17
227.62	43581.59
227.68	43655.09
227.73	43724.03
227.78	43808.45
227.83	43900.96
227.88	43966.21
227.93	44041.41
227.99	44124.10
228.04	44199.22
228.09	44275.58
228.14	44347.33
228.19	44414.87
228.24	44470.04
228.30	44534.78
228.35	44603.47
228.40	44676.26
228.45	44740.72
228.50	44810.52
228.56	44875.01
228.61	44932.98
228.66	44988.16
228.71	45045.47
228.76	45091.76
228.81	45137.95
228.87	45180.44
228.92	45242.87
228.97	45300.76
229.02	45391.89
229.07	45467.48
229.12	45559.30
229.17	45633.28
229.23	45716.13
229.28	45784.72
229.33	45862.13
229.38	45933.64
229.43	46011.43
229.48	46091.84
229.54	46159.67
229.59	46221.38
229.64	46294.61
229.69	46368.80
229.74	46450.51
229.79	46520.35
229.85	46606.87
229.90	46671.42
229.95	46736.04
230.00	46791.43
230.05	46873.20
230.10	46933.33
230.16	46999.90
230.21	47055.41
230.26	47114.06
230.31	47145.99
230.36	47206.09
230.41	47270.37
230.46	47361.08
230.52	47454.62
230.57	47552.41
230.62	47631.85
230.67	47702.73
230.72	47755.56
230.77	47795.98
230.82	47847.31
230.88	47882.28
230.93	47927.50
230.98	47975.37
231.03	48025.80
231.08	48068.02
231.13	48123.92
231.19	48192.52
231.24	48260.53
231.29	48339.07
231.34	48415.96
231.39	48499.25
231.44	48570.53
231.49	48632.57
231.55	48674.26
231.60	48714.53
231.65	48760.08
231.70	48802.80
231.75	48843.00
231.80	48891.72
231.85	48957.02
231.91	49000.12
231.96	49044.47
232.01	49111.29
232.06	49184.66
232.11	49240.71
232.16	49323.81
232.21	49413.27
232.26	49496.29
232.32	49571.81
232.37	49648.10
232.42	49706.43
232.47	49750.57
232.52	49797.71
232.57	49855.06
232.62	49908.43
232.68	49974.23
232.73	50049.03
232.78	50127.27
232.83	50190.31
232.88	50267.11
232.93	50339.82
232.98	50404.42
233.03	50447.39
233.09	50513.55
233.14	50587.65
233.19	50646.97
233.24	50695.63
233.29	50751.54
233.34	50779.75
233.39	50791.04
233.45	50821.01
233.50	50864.68
233.55	50909.48
233.60	50973.48
233.65	51042.89
233.70	51098.28
233.75	51150.71
233.80	51202.08
233.86	51259.67
233.91	51307.10
233.96	51356.87
234.01	51416.64
234.06	51474.45
234.11	51529.98
234.16	51581.36
234.21	51642.94
234.26	51686.38
234.32	51735.93
234.37	51768.52
234.42	51810.91
234.47	51837.50
234.52	51867.78
234.57	51900.35
234.62	51944.62
234.67	51989.61
234.73	52039.08
234.78	52096.46
234.83	52140.18
234.88	52182.45
234.93	52218.62
234.98	52267.68
235.03	52313.27
235.08	52373.90
235.13	52423.19
235.19	52489.59
235.24	52548.29
235.29	52602.38
235.34	52644.30
235.39	52693.77
235.44	52724.34
235.49	52761.01
235.54	52788.00
235.59	52807.84
235.65	52831.80
235.70	52871.07
235.75	52909.09
235.80	52969.99
235.85	53035.26
235.90	53085.48
235.95	53119.32
236.00	53141.31
236.05	53164.20
236.11	53183.40
236.16	53212.62
236.21	53252.89
236.26	53288.46
236.31	53314.14
236.36	53336.36
236.41	53356.24
236.46	53365.94
236.51	53390.38
236.56	53415.07
236.62	53451.46
236.67	53489.25
236.72	53537.70
236.77	53564.07
236.82	53608.74
236.87	53628.64
236.92	53649.76
236.97	53679.71
237.02	53730.03
237.07	53777.28
237.13	53848.54
237.18	53909.98
237.23	53961.65
237.28	54002.58
237.33	54036.50
237.38	54049.68
237.43	54069.53
237.48	54072.22
237.53	54085.84
237.58	54113.04
237.63	54158.29
237.69	54193.91
237.74	54242.84
237.79	54283.81
237.84	54290.42
237.89	54297.99
237.94	54316.51
237.99	54336.77
238.04	54351.67
238.09	54377.48
238.14	54406.74
238.19	54431.78
238.25	54452.48
238.30	54461.48
238.35	54459.97
238.40	54452.68
238.45	54443.93
238.50	54440.22
238.55	54455.54
238.60	54491.91
238.65	54518.63
238.70	54538.41
238.75	54558.23
238.80	54577.66
238.86	54582.21
238.91	54597.26
238.96	54630.17
239.01	54672.15
239.06	54702.06
239.11	54730.49
239.16	54756.29
239.21	54762.23
239.26	54745.81
239.31	54750.33
239.36	54763.99
239.41	54787.97
239.46	54816.64
239.52	54850.55
239.57	54874.42
239.62	54893.42
239.67	54907.58
239.72	54930.43
239.77	54944.11
239.82	54962.87
239.87	54981.41
239.92	54985.46
239.97	54971.35
240.02	54959.04
240.07	54941.04
240.12	54936.79
240.17	54940.46
240.23	54939.83
240.28	54952.38
240.33	54970.67
240.38	54961.32
240.43	54957.61
240.48	54980.59
240.53	55009.01
240.58	55030.93
240.63	55064.24
240.68	55083.82
240.73	55075.24
240.78	55067.64
240.83	55061.36
240.88	55046.08
240.93	55032.84
240.98	55035.30
241.04	55045.01
241.09	55063.68
241.14	55082.23
241.19	55130.41
241.24	55162.47
241.29	55182.78
241.34	55184.62
241.39	55203.54
241.44	55194.71
241.49	55196.52
241.54	55191.87
241.59	55194.89
241.64	55195.50
241.69	55186.76
241.74	55181.66
241.79	55175.72
241.84	55170.53
241.90	55148.48
241.95	55129.55
242.00	55107.90
242.05	55081.52
242.10	55062.74
242.15	55038.30
242.20	55035.37
242.25	55028.63
242.30	55029.98
242.35	55027.91
242.40	55033.76
242.45	55025.50
242.50	55022.18
242.55	55018.61
242.60	55009.55
242.65	55009.87
242.70	55023.70
242.75	55046.08
242.80	55078.49
242.85	55111.43
242.91	55125.37
242.96	55112.69
243.01	55094.82
243.06	55064.62
243.11	55027.84
243.16	55008.32
243.21	55013.02
243.26	55023.92
243.31	55035.54
243.36	55050.98
243.41	55069.95
243.46	55062.18
243.51	55024.83
243.56	54970.06
243.61	54913.37
243.66	54871.26
243.71	54847.11
243.76	54851.49
243.81	54875.07
243.86	54875.32
243.91	54878.58
243.96	54875.76
244.01	54846.77
244.06	54823.02
244.12	54827.35
244.17	54814.67
244.22	54816.41
244.27	54844.45
244.32	54868.78
244.37	54888.70
244.42	54893.69
244.47	54880.87
244.52	54857.80
244.57	54824.45
244.62	54796.42
244.67	54767.36
244.72	54742.87
244.77	54732.55
244.82	54751.73
244.87	54778.57
244.92	54813.63
244.97	54836.77
245.02	54837.66
245.07	54816.21
245.12	54789.69
245.17	54772.83
245.22	54773.75
245.27	54767.59
245.32	54733.03
245.37	54688.00
245.42	54639.49
245.47	54592.00
245.52	54553.61
245.57	54542.53
245.62	54525.93
245.67	54514.56
245.72	54500.76
245.77	54484.17
245.82	54464.77
245.87	54472.55
245.92	54477.86
245.98	54476.79
246.03	54475.33
246.08	54482.87
246.13	54473.08
246.18	54471.86
246.23	54461.72
246.28	54447.69
246.33	54426.53
246.38	54404.45
246.43	54374.54
246.48	54360.86
246.53	54360.79
246.58	54375.79
246.63	54384.39
246.68	54381.07
246.73	54362.03
246.78	54333.37
246.83	54279.42
246.88	54224.65
246.93	54172.84
246.98	54124.82
247.03	54101.48
247.08	54092.81
247.13	54085.36
247.18	54083.72
247.23	54107.94
247.28	54110.10
247.33	54092.19
247.38	54074.64
247.43	54057.45
247.48	54028.62
247.53	53995.90
247.58	53955.10
247.63	53931.60
247.68	53890.43
247.73	53836.30
247.78	53798.71
247.83	53781.03
247.88	53751.35
247.93	53751.42
247.98	53758.17
248.03	53764.54
248.08	53776.75
248.13	53778.19
248.18	53762.33
248.23	53753.68
248.28	53724.78
248.33	53685.82
248.38	53652.16
248.43	53626.41
248.48	53601.39
248.53	53583.09
248.58	53562.88
248.63	53554.12
248.68	53529.32
248.73	53506.10
248.78	53481.63
248.83	53437.33
248.88	53368.39
248.93	53306.74
248.98	53228.65
249.03	53169.39
249.08	53145.72
249.13	53146.22
249.18	53140.68
249.23	53152.83
249.28	53154.86
249.33	53145.98
249.38	53128.01
249.43	53115.34
249.48	53091.95
249.53	53079.81
249.58	53061.13
249.63	53049.89
249.68	53037.46
249.73	53025.31
249.78	53004.96
249.83	52997.93
249.88	52966.63
249.93	52949.68
249.98	52940.44
250.03	52927.41
250.08	52896.60
250.13	52895.16
250.18	52875.42
250.23	52825.74
250.28	52778.56
250.33	52733.24
250.37	52680.45
250.42	52631.61
250.47	52611.16
250.52	52595.15
250.57	52575.38
250.62	52547.12
250.67	52520.70
250.72	52495.99
250.77	52453.77
250.82	52438.38
250.87	52433.67
250.92	52419.19
250.97	52399.65
251.02	52396.90
251.07	52394.92
251.12	52370.30
251.17	52346.58
251.22	52315.21
251.27	52281.64
251.32	52224.92
251.37	52180.51
251.42	52134.50
251.47	52092.43
251.52	52061.65
251.57	52044.91
251.62	52032.91
251.67	52018.48
251.72	52000.99
251.77	51959.53
251.82	51919.44
251.87	51875.38
251.92	51830.67
251.97	51782.40
252.02	51747.81
252.07	51717.22
252.12	51699.68
252.16	51693.09
252.21	51692.86
252.26	51696.60
252.31	51693.27
252.36	51686.83
252.41	51667.26
252.46	51643.20
252.51	51619.14
252.56	51588.87
252.61	51552.95
252.66	51529.48
252.71	51513.09
252.76	51487.72
252.81	51458.67
252.86	51403.78
252.91	51353.66
252.96	51280.21
253.01	51207.48
253.06	51135.89
253.11	51088.13
253.16	51037.73
253.21	50998.20
253.26	50960.41
253.31	50930.68
253.36	50908.13
253.40	50885.96
253.45	50870.39
253.50	50838.34
253.55	50803.13
253.60	50754.81
253.65	50705.99
253.70	50672.37
253.75	50658.72
253.80	50639.98
253.85	50636.72
253.90	50644.49
253.95	50635.32
254.00	50631.51
254.05	50623.64
254.10	50591.15
254.15	50557.87
254.20	50533.10
254.25	50489.69
254.30	50456.03
254.35	50420.97
254.39	50348.88
254.44	50267.89
254.49	50195.32
254.54	50150.38
254.59	50121.20
254.64	50125.73
254.69	50125.54
254.74	50129.79
254.79	50106.58
254.84	50074.91
254.89	50046.59
254.94	50027.52
254.99	50006.98
255.04	49991.83
255.09	49987.84
255.14	49962.27
255.19	49948.94
255.23	49943.27
255.28	49930.15
255.33	49909.04
255.38	49906.57
255.43	49888.82
255.48	49857.07
255.53	49822.45
255.58	49799.56
255.63	49756.43
255.68	49710.09
255.73	49669.85
255.78	49638.77
255.83	49610.84
255.88	49591.54
255.93	49565.49
255.97	49543.07
256.02	49509.04
256.07	49465.93
256.12	49397.87
256.17	49347.80
256.22	49296.34
256.27	49246.45
256.32	49202.14
256.37	49182.00
256.42	49159.26
256.47	49132.04
256.52	49112.81
256.57	49091.55
256.62	49075.02
256.66	49061.16
256.71	49034.57
256.76	48991.52
256.81	48938.45
256.86	48888.75
256.91	48841.60
256.96	48794.51
257.01	48766.15
257.06	48749.75
257.11	48718.48
257.16	48660.46
257.21	48620.20
257.26	48585.80
257.30	48534.68
257.35	48490.77
257.40	48477.52
257.45	48466.47
257.50	48432.47
257.55	48407.25
257.60	48389.07
257.65	48361.08
257.70	48317.11
257.75	48285.12
257.80	48256.50
257.85	48215.96
257.89	48175.25
257.94	48118.94
257.99	48061.78
258.04	47999.25
258.09	47959.52
258.14	47915.54
258.19	47900.63
258.24	47877.20
258.29	47846.28
258.34	47804.24
258.39	47777.39
258.44	47724.14
258.48	47679.98
258.53	47648.15
258.58	47609.48
258.63	47555.21
258.68	47513.55
258.73	47473.43
258.78	47433.55
258.83	47393.26
258.88	47361.10
258.93	47324.58
258.97	47291.42
259.02	47256.52
259.07	47224.18
259.12	47198.55
259.17	47184.27
259.22	47168.68
259.27	47150.85
259.32	47134.91
259.37	47090.02
259.42	47052.49
259.47	47008.38
259.51	46954.24
259.56	46895.05
259.61	46831.86
259.66	46758.90
259.71	46688.62
259.76	46631.19
259.81	46572.24
259.86	46538.33
259.91	46497.42
259.95	46468.17
260.00	46439.90
260.05	46424.09
260.10	46405.45
260.15	46393.31
260.20	46378.17
260.25	46370.63
260.30	46358.33
260.35	46324.33
260.40	46298.22
260.44	46275.81
260.49	46251.49
260.54	46217.38
260.59	46191.90
260.64	46179.00
260.69	46170.57
260.74	46132.61
260.79	46098.69
260.84	46061.36
260.88	45996.98
260.93	45923.33
260.98	45887.13
261.03	45847.96
261.08	45816.04
261.13	45787.11
261.18	45747.35
261.23	45682.03
261.28	45629.01
261.32	45591.04
261.37	45537.43
261.42	45501.68
261.47	45488.15
261.52	45453.22
261.57	45406.34
261.62	45378.58
261.67	45327.76
261.71	45260.98
261.76	45212.89
261.81	45157.44
261.86	45101.27
261.91	45058.66
261.96	45024.63
262.01	44981.72
262.06	44959.34
262.10	44947.03
262.15	44928.81
262.20	44913.05
262.25	44902.77
262.30	44886.83
262.35	44858.21
262.40	44826.01
262.45	44790.19
262.49	44757.92
262.54	44719.43
262.59	44688.67
262.64	44664.75
262.69	44635.07
262.74	44589.68
262.79	44538.17
262.84	44491.54
262.88	44447.50
262.93	44390.56
262.98	44352.22
263.03	44318.12
263.08	44256.98
263.13	44176.94
263.18	44119.04
263.23	44054.28
263.27	43997.91
263.32	43975.32
263.37	43962.43
263.42	43943.09
263.47	43914.02
263.52	43889.07
263.57	43852.07
263.61	43814.33
263.66	43776.46
263.71	43752.85
263.76	43714.73
263.81	43670.25
263.86	43638.74
263.91	43595.63
263.95	43530.34
264.00	43476.94
264.05	43430.84
264.10	43362.40
264.15	43304.75
264.20	43268.06
264.25	43233.51
264.29	43187.29
264.34	43138.72
264.39	43100.78
264.44	43050.13
264.49	42997.11
264.54	42951.10
264.59	42919.64
264.63	42874.28
264.68	42825.06
264.73	42776.53
264.78	42728.04
264.83	42677.00
264.88	42633.24
264.93	42608.62
264.97	42575.60
265.02	42554.22
265.07	42527.36
265.12	42489.46
265.17	42446.00
265.22	42411.45
265.27	42351.28
265.31	42288.77
265.36	42228.00
265.41	42163.83
265.46	42094.96
265.51	42028.05
265.56	41973.24
265.60	41926.07
265.65	41870.47
265.70	41814.14
265.75	41761.54
265.80	41716.67
265.85	41649.04
265.90	41593.08
265.94	41542.83
265.99	41486.68
266.04	41430.55
266.09	41395.25
266.14	41359.99
266.19	41320.57
266.23	41287.70
266.28	41248.52
266.33	41209.01
266.38	41180.79
266.43	41153.58
266.48	41136.46
266.52	41106.35
266.57	41075.77
266.62	41033.33
266.67	40987.00
266.72	40937.90
266.77	40908.13
266.81	40876.47
266.86	40847.22
266.91	40816.11
266.96	40774.10
267.01	40732.14
267.06	40685.65
267.10	40640.57
267.15	40595.95
267.20	40568.58
267.25	40534.11
267.30	40499.13
267.35	40463.79
267.39	40422.59
267.44	40380.09
267.49	40328.90
267.54	40282.48
267.59	40229.43
267.64	40178.08
267.68	40109.65
267.73	40056.67
267.78	40012.49
267.83	39988.01
267.88	39977.83
267.93	39983.11
267.97	39972.32
268.02	39937.53
268.07	39892.08
268.12	39832.31
268.17	39760.73
268.21	39712.08
268.26	39664.57
268.31	39617.89
268.36	39570.08
268.41	39533.39
268.46	39484.26
268.50	39450.93
268.55	39397.40
268.60	39343.31
268.65	39283.57
268.70	39204.54
268.74	39134.72
268.79	39062.02
268.84	39008.03
268.89	38964.38
268.94	38933.33
268.99	38893.06
269.03	38852.68
269.08	38806.38
269.13	38730.27
269.18	38657.22
269.23	38562.79
269.27	38466.93
269.32	38332.82
269.37	38214.13
269.42	38076.39
269.47	37939.51
269.51	37798.48
269.56	37661.88
269.61	37515.39
269.66	37365.09
269.71	37210.54
269.76	37065.76
269.80	36921.61
269.85	36773.08
269.90	36637.93
269.95	36498.66
270.00	36331.40
270.04	36184.12
270.09	36045.68
270.14	35892.05
270.19	35748.47
270.24	35625.54
270.28	35475.92
270.33	35307.95
270.38	35133.77
270.43	34955.55
270.48	34776.47
270.52	34618.37
270.57	34458.11
270.62	34300.92
270.67	34154.68
270.72	34002.05
270.76	33826.42
270.81	33664.95
270.86	33497.02
270.91	33322.28
270.96	33151.62
271.00	32996.94
271.05	32836.88
271.10	32705.40
271.15	32576.26
271.20	32452.67
271.24	32312.90
271.29	32181.24
271.34	32030.23
271.39	31874.97
271.44	31715.68
271.48	31577.73
271.53	31431.16
271.58	31288.62
271.63	31140.09
271.67	30997.91
271.72	30853.09
271.77	30707.26
271.82	30570.92
271.87	30440.28
271.91	30289.12
271.96	30147.38
272.01	30011.37
272.06	29877.77
272.11	29758.44
272.15	29654.49
272.20	29555.55
272.25	29459.91
272.30	29361.04
272.35	29253.03
272.39	29149.96
272.44	29028.85
272.49	28887.92
272.54	28747.97
272.58	28598.19
272.63	28443.88
272.68	28285.93
272.73	28134.73
272.78	27961.87
272.82	27769.30
272.87	27541.86
272.92	27258.76
272.97	26735.13
273.01	23788.33
273.06	18858.81
273.11	13434.29
273.16	8103.68
273.21	3049.54
273.25	460.43
273.30	-89.61
273.35	-89.91
