165.32	3384.66
165.38	-248.90
165.44	596.91
165.50	-76.62
165.55	-16.79
165.61	6.67
165.67	35.86
165.72	45.66
165.78	51.61
165.84	50.38
165.89	47.26
165.95	45.50
166.01	45.33
166.06	46.68
166.12	48.80
166.18	46.99
166.23	48.81
166.29	47.66
166.35	44.47
166.40	43.51
166.46	49.86
166.52	52.46
166.57	53.42
166.63	53.93
166.69	56.80
166.74	51.04
166.80	51.53
166.86	52.83
166.91	53.66
166.97	47.89
167.03	50.56
167.08	44.70
167.14	44.24
167.20	42.11
167.25	54.48
167.31	54.80
167.37	60.46
167.42	62.26
167.48	68.06
167.54	62.63
167.59	62.26
167.65	58.19
167.71	57.97
167.76	57.23
167.82	52.54
167.88	51.89
167.93	59.10
167.99	58.22
168.05	60.41
168.10	68.44
168.16	68.03
168.21	66.36
168.27	70.61
168.33	72.72
168.38	65.28
168.44	69.85
168.50	68.03
168.55	66.49
168.61	66.37
168.67	68.54
168.72	65.80
168.78	66.08
168.84	61.68
168.89	60.35
168.95	60.90
169.01	60.48
169.06	60.64
169.12	60.55
169.18	59.11
169.23	59.13
169.29	63.20
169.34	67.10
169.40	69.81
169.46	74.39
169.51	76.34
169.57	71.83
169.63	67.97
169.68	72.73
169.74	68.85
169.80	75.07
169.85	76.73
169.91	80.41
169.97	76.41
170.02	76.15
170.08	74.84
170.13	74.97
170.19	74.82
170.25	76.55
170.30	80.73
170.36	72.43
170.42	74.39
170.47	75.34
170.53	76.59
170.59	73.57
170.64	76.90
170.70	75.06
170.76	72.34
170.81	73.90
170.87	73.24
170.92	74.43
170.98	77.23
171.04	79.74
171.09	75.81
171.15	83.11
171.21	83.74
171.26	80.84
171.32	78.75
171.37	82.17
171.43	76.76
171.49	81.28
171.54	85.09
171.60	86.33
171.66	88.24
171.71	88.79
171.77	86.79
171.83	92.20
171.88	91.61
171.94	91.11
171.99	95.41
172.05	94.06
172.11	95.42
172.16	103.55
172.22	103.87
172.28	104.10
172.33	102.36
172.39	98.79
172.44	95.62
172.50	101.10
172.56	100.53
172.61	108.62
172.67	108.30
172.72	108.12
172.78	102.88
172.84	98.01
172.89	91.95
172.95	91.41
173.01	92.44
173.06	90.86
173.12	97.22
173.17	98.20
173.23	97.77
173.29	98.03
173.34	100.38
173.40	94.46
173.46	94.43
173.51	96.50
173.57	96.72
173.62	91.09
173.68	97.88
173.74	97.16
173.79	98.92
173.85	96.09
173.90	98.92
173.96	95.13
174.02	92.27
174.07	84.70
174.13	83.42
174.18	85.70
174.24	79.39
174.30	80.23
174.35	85.38
174.41	83.10
174.47	76.74
174.52	77.71
174.58	76.99
174.63	72.81
174.69	71.63
174.75	73.61
174.80	84.85
174.86	81.93
174.91	82.79
174.97	82.80
175.03	80.18
175.08	67.98
175.14	74.81
175.19	70.70
175.25	71.33
175.31	75.46
175.36	76.86
175.42	73.47
175.47	77.81
175.53	77.91
175.59	74.77
175.64	75.99
175.70	74.25
175.75	69.85
175.81	68.41
175.87	69.51
175.92	66.10
175.98	68.16
176.03	68.00
176.09	68.36
176.15	68.25
176.20	69.24
176.26	69.01
176.31	72.47
176.37	70.10
176.42	71.44
176.48	74.89
176.54	72.16
176.59	69.24
176.65	72.27
176.70	73.13
176.76	72.81
176.82	71.16
176.87	68.30
176.93	67.51
176.98	66.97
177.04	61.53
177.10	66.28
177.15	68.14
177.21	69.11
177.26	67.47
177.32	71.13
177.37	72.26
177.43	75.96
177.49	72.70
177.54	70.48
177.60	71.30
177.65	71.88
177.71	66.59
177.77	69.61
177.82	70.91
177.88	74.84
177.93	70.66
177.99	76.89
178.04	72.73
178.10	73.34
178.16	66.37
178.21	67.25
178.27	63.99
178.32	67.90
178.38	67.05
178.43	68.91
178.49	68.66
178.55	68.23
178.60	67.11
178.66	66.45
178.71	67.77
178.77	65.73
178.82	66.12
178.88	65.50
178.94	66.03
178.99	67.06
179.05	71.77
179.10	68.48
179.16	72.05
179.21	74.86
179.27	73.78
179.33	69.16
179.38	72.92
179.44	70.43
179.49	70.11
179.55	67.87
179.60	67.90
179.66	66.72
179.72	69.80
179.77	67.04
179.83	66.31
179.88	67.91
179.94	69.39
179.99	65.43
180.05	65.73
180.11	66.42
180.16	68.86
180.22	71.40
180.27	75.56
180.33	76.72
180.38	80.67
180.44	76.54
180.49	75.52
180.55	74.23
180.61	77.86
180.66	72.96
180.72	71.33
180.77	69.81
180.83	68.91
180.88	66.18
180.94	66.00
180.99	69.81
181.05	70.14
181.11	71.41
181.16	71.49
181.22	72.94
181.27	74.77
181.33	73.28
181.38	69.88
181.44	70.56
181.49	74.81
181.55	75.41
181.61	81.48
181.66	84.36
181.72	82.66
181.77	79.93
181.83	77.31
181.88	82.27
181.94	83.93
181.99	88.91
182.05	89.70
182.11	90.76
182.16	81.43
182.22	78.91
182.27	74.33
182.33	76.30
182.38	75.97
182.44	79.97
182.49	82.16
182.55	83.88
182.60	83.46
182.66	86.60
182.72	89.41
182.77	92.20
182.83	95.51
182.88	98.46
182.94	99.46
182.99	97.22
183.05	95.39
183.10	97.60
183.16	96.41
183.21	97.17
183.27	104.06
183.32	107.21
183.38	109.71
183.44	115.68
183.49	119.62
183.55	120.08
183.60	125.58
183.66	130.34
183.71	138.14
183.77	145.02
183.82	152.09
183.88	161.43
183.93	171.49
183.99	184.28
184.04	199.52
184.10	210.73
184.15	221.31
184.21	233.80
184.27	234.85
184.32	235.35
184.38	234.00
184.43	231.44
184.49	217.40
184.54	203.74
184.60	197.42
184.65	186.70
184.71	179.49
184.76	181.20
184.82	197.31
184.87	211.93
184.93	235.10
184.98	259.90
185.04	288.52
185.09	310.78
185.15	334.71
185.20	365.55
185.26	398.46
185.31	426.41
185.37	452.93
185.43	472.84
185.48	489.79
185.54	511.36
185.59	534.78
185.65	559.25
185.70	598.15
185.76	641.95
185.81	674.08
185.87	709.56
185.92	750.80
185.98	784.15
186.03	800.92
186.09	805.76
186.14	783.94
186.20	735.88
186.25	656.24
186.31	576.18
186.36	512.84
186.42	486.24
186.47	495.66
186.53	542.23
186.58	609.52
186.64	682.87
186.69	753.87
186.75	813.64
186.80	870.85
186.86	928.10
186.91	986.52
186.97	1042.22
187.02	1113.14
187.08	1182.59
187.13	1242.19
187.19	1310.23
187.24	1379.86
187.30	1435.60
187.35	1492.00
187.41	1564.91
187.47	1631.00
187.52	1688.30
187.58	1746.97
187.63	1814.24
187.69	1878.80
187.74	1932.03
187.80	1982.08
187.85	2028.35
187.91	2051.75
187.96	2038.87
188.02	1977.75
188.07	1868.72
188.13	1709.19
188.18	1539.98
188.24	1414.26
188.29	1353.03
188.35	1358.98
188.40	1436.07
188.46	1559.55
188.51	1682.34
188.57	1808.15
188.62	1932.71
188.67	2046.82
188.73	2155.23
188.78	2257.40
188.84	2357.32
188.89	2458.04
188.95	2562.38
189.00	2651.31
189.06	2748.66
189.11	2841.54
189.17	2921.31
189.22	2992.97
189.28	3079.89
189.33	3155.01
189.39	3220.48
189.44	3286.44
189.50	3359.98
189.55	3428.45
189.61	3480.67
189.66	3538.68
189.72	3597.79
189.77	3649.06
189.83	3677.76
189.88	3691.42
189.94	3665.21
189.99	3588.71
190.05	3440.26
190.10	3227.40
190.16	2981.31
190.21	2762.84
190.27	2624.82
190.32	2591.31
190.38	2663.96
190.43	2820.15
190.49	3006.93
190.54	3175.66
190.60	3332.36
190.65	3472.93
190.71	3604.11
190.76	3732.69
190.81	3857.55
190.87	3974.63
190.92	4097.25
190.98	4209.83
191.03	4314.09
191.09	4426.55
191.14	4527.54
191.20	4610.17
191.25	4707.36
191.31	4803.30
191.36	4889.70
191.42	4972.98
191.47	5064.92
191.53	5151.26
191.58	5223.30
191.64	5282.83
191.69	5340.11
191.75	5383.08
191.80	5411.10
191.85	5432.29
191.91	5451.93
191.96	5472.79
192.02	5503.59
192.07	5517.60
192.13	5514.21
192.18	5469.87
192.24	5358.11
192.29	5166.47
192.35	4945.23
192.40	4764.51
192.46	4657.61
192.51	4652.50
192.57	4743.42
192.62	4917.36
192.67	5097.55
192.73	5273.61
192.78	5434.10
192.84	5581.75
192.89	5715.78
192.95	5847.03
193.00	5961.02
193.06	6069.92
193.11	6180.35
193.17	6272.10
193.22	6352.57
193.28	6442.73
193.33	6517.62
193.38	6580.50
193.44	6649.93
193.49	6723.53
193.55	6779.62
193.60	6839.33
193.66	6896.16
193.71	6939.55
193.77	6963.69
193.82	6987.03
193.88	7003.10
193.93	7029.23
193.98	7057.12
194.04	7099.48
194.09	7143.51
194.15	7196.48
194.20	7239.09
194.26	7280.10
194.31	7321.86
194.37	7346.75
194.42	7353.13
194.47	7341.92
194.53	7302.75
194.58	7213.08
194.64	7110.35
194.69	7016.36
194.75	6950.70
194.80	6933.88
194.86	6978.59
194.91	7067.42
194.97	7175.02
195.02	7282.82
195.07	7390.33
195.13	7495.26
195.18	7608.50
195.24	7717.16
195.29	7832.68
195.35	7935.46
195.40	8040.61
195.46	8124.05
195.51	8211.65
195.56	8287.28
195.62	8359.94
195.67	8416.43
195.73	8480.44
195.78	8527.87
195.84	8574.07
195.89	8608.20
195.94	8646.34
196.00	8679.83
196.05	8714.44
196.11	8757.24
196.16	8806.35
196.22	8856.16
196.27	8904.65
196.32	8957.66
196.38	9001.66
196.43	9049.41
196.49	9087.93
196.54	9129.43
196.60	9169.01
196.65	9214.47
196.71	9254.96
196.76	9302.49
196.81	9340.54
196.87	9379.36
196.92	9407.86
196.98	9428.65
197.03	9438.99
197.09	9435.61
197.14	9428.01
197.19	9424.78
197.25	9437.84
197.30	9463.96
197.36	9516.73
197.41	9581.03
197.47	9648.06
197.52	9706.27
197.57	9767.89
197.63	9823.21
197.68	9871.98
197.74	9919.55
197.79	9967.69
197.84	10014.20
197.90	10059.37
197.95	10098.08
198.01	10139.26
198.06	10181.33
198.12	10224.09
198.17	10258.66
198.22	10303.87
198.28	10343.57
198.33	10385.65
198.39	10428.85
198.44	10479.63
198.49	10529.24
198.55	10575.18
198.60	10623.71
198.66	10663.96
198.71	10714.12
198.77	10753.96
198.82	10807.30
198.87	10856.15
198.93	10900.50
198.98	10939.76
199.04	10989.55
199.09	11025.59
199.14	11064.17
199.20	11108.48
199.25	11148.44
199.31	11187.08
199.36	11231.71
199.42	11276.61
199.47	11316.32
199.52	11357.09
199.58	11396.60
199.63	11426.24
199.69	11456.74
199.74	11490.70
199.79	11517.81
199.85	11546.71
199.90	11588.77
199.96	11628.66
200.01	11673.81
200.06	11726.72
200.12	11776.96
200.17	11826.31
200.23	11875.17
200.28	11919.25
200.33	11967.65
200.39	12010.67
200.44	12053.08
200.50	12096.33
200.55	12138.95
200.60	12177.35
200.66	12216.72
200.71	12248.23
200.77	12288.98
200.82	12326.61
200.87	12359.83
200.93	12397.93
200.98	12442.26
201.04	12480.16
201.09	12521.01
201.14	12575.58
201.20	12622.59
201.25	12676.17
201.31	12729.11
201.36	12792.20
201.41	12848.02
201.47	12907.98
201.52	12959.85
201.58	13021.31
201.63	13064.37
201.68	13111.50
201.74	13160.02
201.79	13212.32
201.84	13259.86
201.90	13310.85
201.95	13363.41
202.01	13417.99
202.06	13465.04
202.11	13507.26
202.17	13552.88
202.22	13591.56
202.28	13633.36
202.33	13672.76
202.38	13711.38
202.44	13760.79
202.49	13809.24
202.54	13856.55
202.60	13904.93
202.65	13956.56
202.71	14001.41
202.76	14040.32
202.81	14077.38
202.87	14128.37
202.92	14177.67
202.98	14229.30
203.03	14284.00
203.08	14340.86
203.14	14392.25
203.19	14444.34
203.24	14499.18
203.30	14551.41
203.35	14598.58
203.41	14641.56
203.46	14684.67
203.51	14723.21
203.57	14761.08
203.62	14809.21
203.67	14867.11
203.73	14913.04
203.78	14962.30
203.84	15020.76
203.89	15067.89
203.94	15110.29
204.00	15159.23
204.05	15206.91
204.10	15244.18
204.16	15281.88
204.21	15323.60
204.27	15365.66
204.32	15405.81
204.37	15458.08
204.43	15508.59
204.48	15550.00
204.53	15596.81
204.59	15647.95
204.64	15702.32
204.69	15763.21
204.75	15827.81
204.80	15894.93
204.86	15952.42
204.91	16008.10
204.96	16062.84
205.02	16114.15
205.07	16164.69
205.12	16227.11
205.18	16285.14
205.23	16348.51
205.28	16411.96
205.34	16474.69
205.39	16531.44
205.45	16591.34
205.50	16640.85
205.55	16698.67
205.61	16755.67
205.66	16815.65
205.71	16876.36
205.77	16938.46
205.82	16997.96
205.87	17058.36
205.93	17109.82
205.98	17159.47
206.03	17202.07
206.09	17247.59
206.14	17292.86
206.20	17347.49
206.25	17399.78
206.30	17467.87
206.36	17522.79
206.41	17582.96
206.46	17637.25
206.52	17684.16
206.57	17732.00
206.62	17779.93
206.68	17824.81
206.73	17870.64
206.78	17924.62
206.84	17982.85
206.89	18044.18
206.94	18102.28
207.00	18173.42
207.05	18243.35
207.11	18305.36
207.16	18360.87
207.21	18424.10
207.27	18473.90
207.32	18526.96
207.37	18576.50
207.43	18632.82
207.48	18682.53
207.53	18737.35
207.59	18794.79
207.64	18851.28
207.69	18923.06
207.75	18992.39
207.80	19049.49
207.85	19105.12
207.91	19161.82
207.96	19211.05
208.01	19261.62
208.07	19320.41
208.12	19379.86
208.17	19436.05
208.23	19480.97
208.28	19534.59
208.33	19591.83
208.39	19650.96
208.44	19711.68
208.49	19778.06
208.55	19837.66
208.60	19894.56
208.65	19940.03
208.71	19989.63
208.76	20039.12
208.81	20096.08
208.87	20159.99
208.92	20221.19
208.97	20280.21
209.03	20344.67
209.08	20408.81
209.13	20460.72
209.19	20527.08
209.24	20584.86
209.29	20647.65
209.35	20696.92
209.40	20759.28
209.45	20817.18
209.51	20886.05
209.56	20946.29
209.61	21016.22
209.67	21083.26
209.72	21147.55
209.77	21206.67
209.83	21267.84
209.88	21332.71
209.93	21392.66
209.99	21451.75
210.04	21519.46
210.09	21589.41
210.15	21645.87
210.20	21706.15
210.25	21769.84
210.31	21834.59
210.36	21881.11
210.41	21936.06
210.46	21998.32
210.52	22055.09
210.57	22100.18
210.62	22163.00
210.68	22230.63
210.73	22281.88
210.78	22342.40
210.84	22403.21
210.89	22468.49
210.94	22521.37
211.00	22579.79
211.05	22625.89
211.10	22685.79
211.16	22740.31
211.21	22805.47
211.26	22870.97
211.32	22950.35
211.37	23020.42
211.42	23085.78
211.47	23150.01
211.53	23213.65
211.58	23268.18
211.63	23326.91
211.69	23382.08
211.74	23436.66
211.79	23484.31
211.85	23541.33
211.90	23604.69
211.95	23671.99
212.01	23734.99
212.06	23815.59
212.11	23892.53
212.16	23962.76
212.22	24042.36
212.27	24108.66
212.32	24173.57
212.38	24247.30
212.43	24312.37
212.48	24378.32
212.54	24451.74
212.59	24525.70
212.64	24583.87
212.69	24647.43
212.75	24711.34
212.80	24778.71
212.85	24843.61
212.91	24901.51
212.96	24957.24
213.01	25012.02
213.07	25072.94
213.12	25130.38
213.17	25192.57
213.22	25259.54
213.28	25322.84
213.33	25372.44
213.38	25425.89
213.44	25481.90
213.49	25548.51
213.54	25617.57
213.60	25702.90
213.65	25785.26
213.70	25872.15
213.75	25942.15
213.81	26006.52
213.86	26059.31
213.91	26110.52
213.97	26157.84
214.02	26204.97
214.07	26254.31
214.12	26305.85
214.18	26361.89
214.23	26427.53
214.28	26500.04
214.34	26570.07
214.39	26644.03
214.44	26712.06
214.49	26759.62
214.55	26807.22
214.60	26852.22
214.65	26890.86
214.71	26928.24
214.76	26989.95
214.81	27052.38
214.86	27133.98
214.92	27210.09
214.97	27291.72
215.02	27372.57
215.08	27448.92
215.13	27516.42
215.18	27587.59
215.23	27658.93
215.29	27731.67
215.34	27806.43
215.39	27881.90
215.45	27960.70
215.50	28045.64
215.55	28117.23
215.60	28188.75
215.66	28234.90
215.71	28293.55
215.76	28352.45
215.81	28405.79
215.87	28459.02
215.92	28532.83
215.97	28589.75
216.03	28643.87
216.08	28702.03
216.13	28759.78
216.18	28815.39
216.24	28879.12
216.29	28938.45
216.34	28996.74
216.39	29057.93
216.45	29115.27
216.50	29171.17
216.55	29223.37
216.61	29295.69
216.66	29349.57
216.71	29413.38
216.76	29476.75
216.82	29554.05
216.87	29610.06
216.92	29682.40
216.97	29749.80
217.03	29828.70
217.08	29903.55
217.13	29987.65
217.18	30065.44
217.24	30136.34
217.29	30196.83
217.34	30240.71
217.39	30283.79
217.45	30329.75
217.50	30377.75
217.55	30427.59
217.61	30500.77
217.66	30560.28
217.71	30627.31
217.76	30709.44
217.82	30795.69
217.87	30866.35
217.92	30948.71
217.97	31021.90
218.03	31084.69
218.08	31129.78
218.13	31169.95
218.18	31213.68
218.24	31279.47
218.29	31334.29
218.34	31397.54
218.39	31470.53
218.45	31535.33
218.50	31586.01
218.55	31648.37
218.60	31715.10
218.66	31772.77
218.71	31836.58
218.76	31903.73
218.81	31967.34
218.87	32024.51
218.92	32093.56
218.97	32165.68
219.02	32226.95
219.08	32291.82
219.13	32367.91
219.18	32430.34
219.23	32489.37
219.29	32554.95
219.34	32622.03
219.39	32682.27
219.44	32751.41
219.50	32826.93
219.55	32889.04
219.60	32951.64
219.65	33021.74
219.71	33083.96
219.76	33129.92
219.81	33185.11
219.86	33244.67
219.92	33294.31
219.97	33342.03
220.02	33394.70
220.07	33456.67
220.13	33518.85
220.18	33581.24
220.23	33656.27
220.28	33737.98
220.33	33814.89
220.39	33872.04
220.44	33932.96
220.49	33992.25
220.54	34038.51
220.60	34085.30
220.65	34148.76
220.70	34211.64
220.75	34275.80
220.81	34362.46
220.86	34435.57
220.91	34497.59
220.96	34568.86
221.02	34632.88
221.07	34688.11
221.12	34749.22
221.17	34807.81
221.22	34862.88
221.28	34925.90
221.33	34987.37
221.38	35043.93
221.43	35117.09
221.49	35179.27
221.54	35243.97
221.59	35315.14
221.64	35401.38
221.69	35487.89
221.75	35593.66
221.80	35694.66
221.85	35771.75
221.90	35843.67
221.96	35907.03
222.01	35936.70
222.06	35966.10
222.11	36012.11
222.17	36048.91
222.22	36070.53
222.27	36124.60
222.32	36174.02
222.37	36228.16
222.43	36295.51
222.48	36371.20
222.53	36437.42
222.58	36516.75
222.63	36592.71
222.69	36655.32
222.74	36728.45
222.79	36797.04
222.84	36841.76
222.90	36880.66
222.95	36934.94
223.00	36973.84
223.05	37022.26
223.10	37083.63
223.16	37145.20
223.21	37196.81
223.26	37247.32
223.31	37282.18
223.36	37316.61
223.42	37360.11
223.47	37389.51
223.52	37434.63
223.57	37487.71
223.63	37546.77
223.68	37593.26
223.73	37674.98
223.78	37751.42
223.83	37821.11
223.89	37875.93
223.94	37953.57
223.99	38007.60
224.04	38076.87
224.09	38152.01
224.15	38243.06
224.20	38317.66
224.25	38407.07
224.30	38483.78
224.35	38577.00
224.41	38669.18
224.46	38759.19
224.51	38843.68
224.56	38931.74
224.61	39002.53
224.67	39079.91
224.72	39157.69
224.77	39251.76
224.82	39347.08
224.87	39434.23
224.93	39514.19
224.98	39604.16
225.03	39686.98
225.08	39761.61
225.13	39850.30
225.19	39943.63
225.24	40034.75
225.29	40104.22
225.34	40190.61
225.39	40276.41
225.45	40360.53
225.50	40438.26
225.55	40529.53
225.60	40610.00
225.65	40705.54
225.71	40794.30
225.76	40882.03
225.81	40976.25
225.86	41072.72
225.91	41158.22
225.97	41242.04
226.02	41333.59
226.07	41403.29
226.12	41470.95
226.17	41525.47
226.22	41593.56
226.28	41665.80
226.33	41755.23
226.38	41835.10
226.43	41922.49
226.48	41994.08
226.54	42055.76
226.59	42130.30
226.64	42206.46
226.69	42272.62
226.74	42345.35
226.80	42414.64
226.85	42466.09
226.90	42515.38
226.95	42580.79
227.00	42647.80
227.05	42723.61
227.11	42812.11
227.16	42896.48
227.21	42982.66
227.26	43063.06
227.31	43137.55
227.37	43193.44
227.42	43268.75
227.47	43339.49
227.52	43410.29
227.57	43472.89
227.62	43554.29
227.68	43632.11
227.73	43707.82
227.78	43792.45
227.83	43876.99
227.88	43949.55
227.93	44025.80
227.99	44103.99
228.04	44171.93
228.09	44252.96
228.14	44323.28
228.19	44397.03
228.24	44466.24
228.30	44534.91
228.35	44595.42
228.40	44667.04
228.45	44719.90
228.50	44786.72
228.56	44853.96
228.61	44920.64
228.66	44976.60
228.71	45040.11
228.76	45083.16
228.81	45127.07
228.87	45161.75
228.92	45223.70
228.97	45281.90
229.02	45375.84
229.07	45445.65
229.12	45544.20
229.17	45617.49
229.23	45698.70
229.28	45768.04
229.33	45858.16
229.38	45929.47
229.43	46007.16
229.48	46087.31
229.54	46150.08
229.59	46213.51
229.64	46282.15
229.69	46361.12
229.74	46440.11
229.79	46512.61
229.85	46584.87
229.90	46654.84
229.95	46714.44
230.00	46771.58
230.05	46845.01
230.10	46917.16
230.16	46991.39
230.21	47050.97
230.26	47112.56
230.31	47156.22
230.36	47219.14
230.41	47280.85
230.46	47373.37
230.52	47458.56
230.57	47541.11
230.62	47616.20
230.67	47679.50
230.72	47725.82
230.77	47764.10
230.82	47811.42
230.88	47843.00
230.93	47895.40
230.98	47940.71
231.03	48002.09
231.08	48065.46
231.13	48123.61
231.19	48186.25
231.24	48263.26
231.29	48345.07
231.34	48416.61
231.39	48496.14
231.44	48558.86
231.49	48611.47
231.55	48651.11
231.60	48694.74
231.65	48743.60
231.70	48785.66
231.75	48837.21
231.80	48892.13
231.85	48949.61
231.91	48989.07
231.96	49043.73
232.01	49103.59
232.06	49157.27
232.11	49216.79
232.16	49300.14
232.21	49390.38
232.26	49476.23
232.32	49558.31
232.37	49630.92
232.42	49692.69
232.47	49736.52
232.52	49781.19
232.57	49835.37
232.62	49891.97
232.68	49955.71
232.73	50029.60
232.78	50105.06
232.83	50179.57
232.88	50246.22
232.93	50316.23
232.98	50379.95
233.03	50429.76
233.09	50479.17
233.14	50560.52
233.19	50623.60
233.24	50676.95
233.29	50725.97
233.34	50767.23
233.39	50778.20
233.45	50802.37
233.50	50842.14
233.55	50888.86
233.60	50954.92
233.65	51014.55
233.70	51079.42
233.75	51128.32
233.80	51183.72
233.86	51236.44
233.91	51291.61
233.96	51333.23
234.01	51385.87
234.06	51440.82
234.11	51499.74
234.16	51564.89
234.21	51633.23
234.26	51684.87
234.32	51727.43
234.37	51754.98
234.42	51781.89
234.47	51796.91
234.52	51830.69
234.57	51870.70
234.62	51912.02
234.67	51963.85
234.73	52025.98
234.78	52085.08
234.83	52131.51
234.88	52181.51
234.93	52214.07
234.98	52261.60
235.03	52303.56
235.08	52368.68
235.13	52431.51
235.19	52505.18
235.24	52560.75
235.29	52620.61
235.34	52662.47
235.39	52691.01
235.44	52726.92
235.49	52765.19
235.54	52795.63
235.59	52814.50
235.65	52849.17
235.70	52875.72
235.75	52909.60
235.80	52961.65
235.85	53012.66
235.90	53062.46
235.95	53092.12
236.00	53121.70
236.05	53141.92
236.11	53176.41
236.16	53204.17
236.21	53251.51
236.26	53281.50
236.31	53307.51
236.36	53327.01
236.41	53342.37
236.46	53353.84
236.51	53372.96
236.56	53400.39
236.62	53422.22
236.67	53459.93
236.72	53507.67
236.77	53540.69
236.82	53586.74
236.87	53625.92
236.92	53647.12
236.97	53676.71
237.02	53730.47
237.07	53775.19
237.13	53840.06
237.18	53896.50
237.23	53944.55
237.28	53976.96
237.33	53998.47
237.38	54007.39
237.43	54030.83
237.48	54040.17
237.53	54060.35
237.58	54101.31
237.63	54138.33
237.69	54184.98
237.74	54235.99
237.79	54278.11
237.84	54278.19
237.89	54293.77
237.94	54300.72
237.99	54315.21
238.04	54339.96
238.09	54372.96
238.14	54397.92
238.19	54417.86
238.25	54434.38
238.30	54423.07
238.35	54421.22
238.40	54415.68
238.45	54414.77
238.50	54419.71
238.55	54438.24
238.60	54469.70
238.65	54498.99
238.70	54520.98
238.75	54534.77
238.80	54566.57
238.86	54578.01
238.91	54588.30
238.96	54610.48
239.01	54644.73
239.06	54674.20
239.11	54709.21
239.16	54745.76
239.21	54759.83
239.26	54754.18
239.31	54762.65
239.36	54769.87
239.41	54788.32
239.46	54818.07
239.52	54852.59
239.57	54868.48
239.62	54882.52
239.67	54898.26
239.72	54919.46
239.77	54934.99
239.82	54949.90
239.87	54966.77
239.92	54970.28
239.97	54957.01
240.02	54937.11
240.07	54920.71
240.12	54921.60
240.17	54933.58
240.23	54941.91
240.28	54957.36
240.33	54977.90
240.38	54961.46
240.43	54953.89
240.48	54971.29
240.53	54991.45
240.58	55004.05
240.63	55048.07
240.68	55061.82
240.73	55059.27
240.78	55058.37
240.83	55056.85
240.88	55033.44
240.93	55027.88
240.98	55024.86
241.04	55035.44
241.09	55051.37
241.14	55075.76
241.19	55109.70
241.24	55140.06
241.29	55156.49
241.34	55166.04
241.39	55184.93
241.44	55188.96
241.49	55192.08
241.54	55191.66
241.59	55196.01
241.64	55185.98
241.69	55172.50
241.74	55157.99
241.79	55144.92
241.84	55125.80
241.90	55112.23
241.95	55090.36
242.00	55065.40
242.05	55050.36
242.10	55038.88
242.15	55026.46
242.20	55025.51
242.25	55032.35
242.30	55025.21
242.35	55019.27
242.40	55017.77
242.45	55009.81
242.50	54996.32
242.55	54993.31
242.60	54991.87
242.65	54985.28
242.70	54993.80
242.75	55025.96
242.80	55061.83
242.85	55096.52
242.91	55116.05
242.96	55109.09
243.01	55082.82
243.06	55061.53
243.11	55023.53
243.16	55003.37
243.21	55010.10
243.26	55024.56
243.31	55031.33
243.36	55045.43
243.41	55060.08
243.46	55061.92
243.51	55030.82
243.56	54978.22
243.61	54925.47
243.66	54883.41
243.71	54839.34
243.76	54830.76
243.81	54853.09
243.86	54852.76
243.91	54853.89
243.96	54854.36
244.01	54833.45
244.06	54803.40
244.12	54807.97
244.17	54794.87
244.22	54799.58
244.27	54831.89
244.32	54855.47
244.37	54864.29
244.42	54865.46
244.47	54852.51
244.52	54827.02
244.57	54797.47
244.62	54779.44
244.67	54767.93
244.72	54747.54
244.77	54741.81
244.82	54759.19
244.87	54780.01
244.92	54800.87
244.97	54825.81
245.02	54822.59
245.07	54795.31
245.12	54770.39
245.17	54745.92
245.22	54742.29
245.27	54743.76
245.32	54718.65
245.37	54681.00
245.42	54647.54
245.47	54594.97
245.52	54546.91
245.57	54536.36
245.62	54523.71
245.67	54508.85
245.72	54504.31
245.77	54482.20
245.82	54459.58
245.87	54462.50
245.92	54469.85
245.98	54454.71
246.03	54454.34
246.08	54458.15
246.13	54449.41
246.18	54449.81
246.23	54454.74
246.28	54449.26
246.33	54433.45
246.38	54406.55
246.43	54378.38
246.48	54354.86
246.53	54358.68
246.58	54377.68
246.63	54389.31
246.68	54375.92
246.73	54362.15
246.78	54334.64
246.83	54277.43
246.88	54218.52
246.93	54167.63
246.98	54122.69
247.03	54081.16
247.08	54065.43
247.13	54063.67
247.18	54065.03
247.23	54078.87
247.28	54085.07
247.33	54068.67
247.38	54042.60
247.43	54033.16
247.48	54017.26
247.53	53992.12
247.58	53964.20
247.63	53944.81
247.68	53893.02
247.73	53830.96
247.78	53792.79
247.83	53767.90
247.88	53740.74
247.93	53741.80
247.98	53751.69
248.03	53758.94
248.08	53773.23
248.13	53767.15
248.18	53752.54
248.23	53743.17
248.28	53708.16
248.33	53661.76
248.38	53638.23
248.43	53605.94
248.48	53578.28
248.53	53561.50
248.58	53550.38
248.63	53539.97
248.68	53526.52
248.73	53502.67
248.78	53475.66
248.83	53427.62
248.88	53357.21
248.93	53294.66
248.98	53221.49
249.03	53175.90
249.08	53150.06
249.13	53149.31
249.18	53143.84
249.23	53150.95
249.28	53144.10
249.33	53135.70
249.38	53118.87
249.43	53102.61
249.48	53089.72
249.53	53073.38
249.58	53053.08
249.63	53027.31
249.68	53017.11
249.73	53004.17
249.78	52983.26
249.83	52973.85
249.88	52952.56
249.93	52928.14
249.98	52913.63
250.03	52910.36
250.08	52884.91
250.13	52881.13
250.18	52860.44
250.23	52809.76
250.28	52761.06
250.33	52716.13
250.37	52669.80
250.42	52630.50
250.47	52611.93
250.52	52597.34
250.57	52576.45
250.62	52545.76
250.67	52517.91
250.72	52499.24
250.77	52455.29
250.82	52438.19
250.87	52434.11
250.92	52425.37
250.97	52395.32
251.02	52383.80
251.07	52381.99
251.12	52358.91
251.17	52331.27
251.22	52304.76
251.27	52273.42
251.32	52224.81
251.37	52176.70
251.42	52124.97
251.47	52092.13
251.52	52064.40
251.57	52047.58
251.62	52041.76
251.67	52033.46
251.72	52007.19
251.77	51971.66
251.82	51921.80
251.87	51874.23
251.92	51831.93
251.97	51775.14
252.02	51736.63
252.07	51711.69
252.12	51688.66
252.16	51678.34
252.21	51680.29
252.26	51685.85
252.31	51682.94
252.36	51682.72
252.41	51658.99
252.46	51640.98
252.51	51615.79
252.56	51584.02
252.61	51550.93
252.66	51525.06
252.71	51506.53
252.76	51477.14
252.81	51426.36
252.86	51370.46
252.91	51323.46
252.96	51251.01
253.01	51179.74
253.06	51126.16
253.11	51080.93
253.16	51044.84
253.21	51009.09
253.26	50972.28
253.31	50944.20
253.36	50918.12
253.40	50884.11
253.45	50866.55
253.50	50828.26
253.55	50799.19
253.60	50754.75
253.65	50717.12
253.70	50682.55
253.75	50674.84
253.80	50655.69
253.85	50651.66
253.90	50655.33
253.95	50642.50
254.00	50633.79
254.05	50619.06
254.10	50577.67
254.15	50542.58
254.20	50517.00
254.25	50480.51
254.30	50450.13
254.35	50416.55
254.39	50344.73
254.44	50265.03
254.49	50185.46
254.54	50139.77
254.59	50108.42
254.64	50103.71
254.69	50102.09
254.74	50109.75
254.79	50085.15
254.84	50053.71
254.89	50031.28
254.94	50013.43
254.99	49997.06
255.04	49986.24
255.09	49977.94
255.14	49951.48
255.19	49942.26
255.23	49933.58
255.28	49920.96
255.33	49912.65
255.38	49910.45
255.43	49891.84
255.48	49855.92
255.53	49813.15
255.58	49776.95
255.63	49727.56
255.68	49685.89
255.73	49645.83
255.78	49615.52
255.83	49589.27
255.88	49574.36
255.93	49537.69
255.97	49515.58
256.02	49486.42
256.07	49443.35
256.12	49378.79
256.17	49334.03
256.22	49277.58
256.27	49229.48
256.32	49193.74
256.37	49177.42
256.42	49160.64
256.47	49139.93
256.52	49112.06
256.57	49083.92
256.62	49062.11
256.66	49046.54
256.71	49021.31
256.76	48981.86
256.81	48933.09
256.86	48880.94
256.91	48830.59
256.96	48784.97
257.01	48755.75
257.06	48735.38
257.11	48704.44
257.16	48657.07
257.21	48618.29
257.26	48581.33
257.30	48544.19
257.35	48501.46
257.40	48474.26
257.45	48463.81
257.50	48439.56
257.55	48405.26
257.60	48382.52
257.65	48361.11
257.70	48316.11
257.75	48278.65
257.80	48249.58
257.85	48217.12
257.89	48163.30
257.94	48106.90
257.99	48045.15
258.04	47987.04
258.09	47938.11
258.14	47906.21
258.19	47894.73
258.24	47878.32
258.29	47843.79
258.34	47810.37
258.39	47778.24
258.44	47722.46
258.48	47679.13
258.53	47643.84
258.58	47599.75
258.63	47545.55
258.68	47502.79
258.73	47461.17
258.78	47422.11
258.83	47381.61
258.88	47341.01
258.93	47303.39
258.97	47277.56
259.02	47245.39
259.07	47225.76
259.12	47215.72
259.17	47208.71
259.22	47189.34
259.27	47166.10
259.32	47145.28
259.37	47099.34
259.42	47050.85
259.47	47004.00
259.51	46963.00
259.56	46901.31
259.61	46838.20
259.66	46761.67
259.71	46684.03
259.76	46616.47
259.81	46555.36
259.86	46519.66
259.91	46489.61
259.95	46463.47
260.00	46438.01
260.05	46423.65
260.10	46404.65
260.15	46391.56
260.20	46377.40
260.25	46370.74
260.30	46355.97
260.35	46326.81
260.40	46295.68
260.44	46276.73
260.49	46256.88
260.54	46224.19
260.59	46193.76
260.64	46181.26
260.69	46174.03
260.74	46138.59
260.79	46102.87
260.84	46065.03
260.88	46013.47
260.93	45934.56
260.98	45890.78
261.03	45848.49
261.08	45822.21
261.13	45782.86
261.18	45746.99
261.23	45682.73
261.28	45643.10
261.32	45592.96
261.37	45545.43
261.42	45516.60
261.47	45508.58
261.52	45463.23
261.57	45420.23
261.62	45386.05
261.67	45332.73
261.71	45255.75
261.76	45208.72
261.81	45157.98
261.86	45101.40
261.91	45053.44
261.96	45020.39
262.01	44978.99
262.06	44958.04
262.10	44941.94
262.15	44926.82
262.20	44911.11
262.25	44902.72
262.30	44883.96
262.35	44865.78
262.40	44835.09
262.45	44801.31
262.49	44767.63
262.54	44728.99
262.59	44687.86
262.64	44662.88
262.69	44627.28
262.74	44575.79
262.79	44521.29
262.84	44475.28
262.88	44426.03
262.93	44379.93
262.98	44345.21
263.03	44311.63
263.08	44260.28
263.13	44187.10
263.18	44124.83
263.23	44065.58
263.27	44011.43
263.32	43980.01
263.37	43962.85
263.42	43951.14
263.47	43921.93
263.52	43899.53
263.57	43861.65
263.61	43819.64
263.66	43773.12
263.71	43740.19
263.76	43700.76
263.81	43663.38
263.86	43635.04
263.91	43599.76
263.95	43540.76
264.00	43481.64
264.05	43431.01
264.10	43361.97
264.15	43294.18
264.20	43254.05
264.25	43207.71
264.29	43163.19
264.34	43118.39
264.39	43081.88
264.44	43027.89
264.49	42987.42
264.54	42932.89
264.59	42901.55
264.63	42857.99
264.68	42815.64
264.73	42769.70
264.78	42734.51
264.83	42678.01
264.88	42633.28
264.93	42607.04
264.97	42575.81
265.02	42547.55
265.07	42531.61
265.12	42496.45
265.17	42448.99
265.22	42405.50
265.27	42345.28
265.31	42281.91
265.36	42222.29
265.41	42166.57
265.46	42106.54
265.51	42039.58
265.56	41972.84
265.60	41916.20
265.65	41856.57
265.70	41798.99
265.75	41748.79
265.80	41705.62
265.85	41646.34
265.90	41590.59
265.94	41542.51
265.99	41482.98
266.04	41423.24
266.09	41385.41
266.14	41349.55
266.19	41308.56
266.23	41287.05
266.28	41248.29
266.33	41217.53
266.38	41190.47
266.43	41169.95
266.48	41147.00
266.52	41126.94
266.57	41086.35
266.62	41045.95
266.67	40987.31
266.72	40933.03
266.77	40897.88
266.81	40871.43
266.86	40838.76
266.91	40816.20
266.96	40782.16
267.01	40747.53
267.06	40698.21
267.10	40652.96
267.15	40604.74
267.20	40567.13
267.25	40525.35
267.30	40497.47
267.35	40460.71
267.39	40417.41
267.44	40381.62
267.49	40329.22
267.54	40271.58
267.59	40218.15
267.64	40169.30
267.68	40103.78
267.73	40053.55
267.78	40014.30
267.83	39988.46
267.88	39971.00
267.93	39965.03
267.97	39949.92
268.02	39916.17
268.07	39870.16
268.12	39819.87
268.17	39757.67
268.21	39717.45
268.26	39676.39
268.31	39629.20
268.36	39581.84
268.41	39536.01
268.46	39479.81
268.50	39436.49
268.55	39394.63
268.60	39334.65
268.65	39277.42
268.70	39208.35
268.74	39140.36
268.79	39066.70
268.84	39022.00
268.89	38980.61
268.94	38948.90
268.99	38914.51
269.03	38877.78
269.08	38825.78
269.13	38754.86
269.18	38674.23
269.23	38571.66
269.27	38465.26
269.32	38326.64
269.37	38199.31
269.42	38064.09
269.47	37927.51
269.51	37790.53
269.56	37661.65
269.61	37529.56
269.66	37379.61
269.71	37225.86
269.76	37079.74
269.80	36931.15
269.85	36778.02
269.90	36632.33
269.95	36493.66
270.00	36332.12
270.04	36186.56
270.09	36037.20
270.14	35901.57
270.19	35762.11
270.24	35633.86
270.28	35483.73
270.33	35313.14
270.38	35130.45
270.43	34954.55
270.48	34780.01
270.52	34623.00
270.57	34468.29
270.62	34314.58
270.67	34162.25
270.72	34003.05
270.76	33823.41
270.81	33658.72
270.86	33492.81
270.91	33316.46
270.96	33143.20
271.00	32991.76
271.05	32841.05
271.10	32699.46
271.15	32571.87
271.20	32455.82
271.24	32319.84
271.29	32183.61
271.34	32038.26
271.39	31883.79
271.44	31725.01
271.48	31588.18
271.53	31443.77
271.58	31298.68
271.63	31152.67
271.67	31003.48
271.72	30856.57
271.77	30713.66
271.82	30580.22
271.87	30449.43
271.91	30295.97
271.96	30155.68
272.01	30017.38
272.06	29876.36
272.11	29752.74
272.15	29650.62
272.20	29540.41
272.25	29443.13
272.30	29344.00
272.35	29241.69
272.39	29139.40
272.44	29019.82
272.49	28884.89
272.54	28748.06
272.58	28591.80
272.63	28436.71
272.68	28283.13
272.73	28123.55
272.78	27953.16
272.82	27758.43
272.87	27536.53
272.92	27252.02
272.97	26732.61
273.01	23786.90
273.06	18863.17
273.11	13435.39
273.16	8106.45
273.21	3051.53
273.25	461.43
273.30	-88.75
273.35	-89.47
