165.32	3384.95
165.38	-249.48
165.44	597.06
165.50	-76.82
165.55	-17.29
165.61	5.93
165.67	34.89
165.72	44.34
165.78	50.34
165.84	49.45
165.89	46.52
165.95	45.07
166.01	44.73
166.06	46.80
166.12	49.06
166.18	47.05
166.23	48.68
166.29	48.20
166.35	44.44
166.40	43.66
166.46	50.46
166.52	53.40
166.57	53.97
166.63	54.63
166.69	57.02
166.74	51.18
166.80	51.23
166.86	52.98
166.91	53.58
166.97	48.14
167.03	50.77
167.08	44.99
167.14	44.27
167.20	42.35
167.25	54.54
167.31	54.97
167.37	60.39
167.42	62.07
167.48	67.86
167.54	62.46
167.59	61.76
167.65	57.54
167.71	57.67
167.76	56.85
167.82	52.38
167.88	52.00
167.93	59.93
167.99	58.63
168.05	60.82
168.10	68.61
168.16	67.94
168.21	65.85
168.27	70.23
168.33	72.13
168.38	64.88
168.44	69.89
168.50	68.24
168.55	66.41
168.61	67.03
168.67	68.45
168.72	65.33
168.78	65.59
168.84	61.75
168.89	60.19
168.95	61.49
169.01	61.29
169.06	60.66
169.12	60.03
169.18	57.99
169.23	58.04
169.29	62.03
169.34	66.66
169.40	69.24
169.46	73.85
169.51	75.83
169.57	71.38
169.63	67.28
169.68	72.23
169.74	68.62
169.80	73.79
169.85	75.15
169.91	79.05
169.97	75.00
170.02	74.94
170.08	74.06
170.13	74.49
170.19	74.42
170.25	76.53
170.30	80.76
170.36	72.81
170.42	74.65
170.47	75.75
170.53	77.07
170.59	74.04
170.64	77.31
170.70	75.49
170.76	72.70
170.81	73.96
170.87	73.39
170.92	74.88
170.98	78.46
171.04	81.01
171.09	76.92
171.15	84.25
171.21	84.64
171.26	81.55
171.32	78.86
171.37	81.86
171.43	76.05
171.49	81.10
171.54	83.85
171.60	85.43
171.66	88.08
171.71	88.81
171.77	86.16
171.83	91.96
171.88	90.88
171.94	89.93
171.99	94.88
172.05	94.06
172.11	94.87
172.16	103.39
172.22	104.31
172.28	103.41
172.33	101.39
172.39	98.65
172.44	95.56
172.50	100.67
172.56	100.47
172.61	108.72
172.67	108.22
172.72	108.61
172.78	103.65
172.84	98.94
172.89	92.02
172.95	91.56
173.01	92.09
173.06	90.60
173.12	96.46
173.17	97.77
173.23	97.01
173.29	97.24
173.34	99.33
173.40	93.57
173.46	94.24
173.51	97.12
173.57	97.38
173.62	91.47
173.68	98.19
173.74	97.22
173.79	98.75
173.85	96.19
173.90	99.40
173.96	95.91
174.02	93.34
174.07	85.29
174.13	83.83
174.18	85.96
174.24	79.19
174.30	79.56
174.35	84.49
174.41	81.89
174.47	75.97
174.52	77.28
174.58	75.89
174.63	71.63
174.69	70.59
174.75	72.22
174.80	83.50
174.86	81.26
174.91	82.04
174.97	82.29
175.03	79.58
175.08	67.29
175.14	74.13
175.19	70.62
175.25	71.02
175.31	75.35
175.36	76.64
175.42	73.50
175.47	78.14
175.53	78.33
175.59	74.89
175.64	76.75
175.70	74.81
175.75	69.85
175.81	68.32
175.87	69.98
175.92	66.01
175.98	67.60
176.03	68.07
176.09	68.29
176.15	67.83
176.20	69.04
176.26	68.80
176.31	72.02
176.37	69.94
176.42	71.34
176.48	74.51
176.54	72.23
176.59	69.42
176.65	72.21
176.70	73.45
176.76	72.70
176.82	70.46
176.87	67.18
176.93	67.43
176.98	66.30
177.04	62.12
177.10	66.80
177.15	68.53
177.21	69.00
177.26	67.62
177.32	71.12
177.37	72.87
177.43	76.55
177.49	72.86
177.54	70.53
177.60	70.74
177.65	71.48
177.71	66.18
177.77	69.35
177.82	70.99
177.88	74.78
177.93	69.91
177.99	76.24
178.04	71.69
178.10	72.37
178.16	65.95
178.21	67.30
178.27	64.46
178.32	68.88
178.38	67.58
178.43	69.14
178.49	68.98
178.55	67.82
178.60	66.26
178.66	65.54
178.71	66.89
178.77	64.91
178.82	66.31
178.88	66.31
178.94	66.74
178.99	67.98
179.05	72.39
179.10	68.35
179.16	70.87
179.21	73.51
179.27	71.99
179.33	67.50
179.38	71.35
179.44	69.67
179.49	69.25
179.55	67.87
179.60	68.39
179.66	67.36
179.72	70.12
179.77	67.87
179.83	66.38
179.88	67.79
179.94	68.70
179.99	64.52
180.05	64.95
180.11	65.95
180.16	68.42
180.22	71.61
180.27	76.29
180.33	76.99
180.38	81.05
180.44	76.56
180.49	76.11
180.55	74.27
180.61	78.34
180.66	72.92
180.72	71.53
180.77	69.18
180.83	69.01
180.88	65.76
180.94	65.72
180.99	69.05
181.05	69.02
181.11	70.25
181.16	70.95
181.22	72.84
181.27	75.01
181.33	74.02
181.38	70.75
181.44	71.42
181.49	75.66
181.55	76.21
181.61	82.53
181.66	85.15
181.72	82.99
181.77	80.23
181.83	78.01
181.88	82.51
181.94	83.70
181.99	89.10
182.05	89.22
182.11	90.08
182.16	81.05
182.22	79.34
182.27	74.44
182.33	76.72
182.38	76.26
182.44	80.93
182.49	83.11
182.55	85.26
182.60	84.64
182.66	87.99
182.72	90.31
182.77	91.92
182.83	94.86
182.88	98.24
182.94	98.97
182.99	96.09
183.05	95.30
183.10	98.22
183.16	97.20
183.21	98.17
183.27	105.23
183.32	108.39
183.38	110.49
183.44	116.35
183.49	120.34
183.55	120.49
183.60	125.73
183.66	130.98
183.71	138.73
183.77	145.22
183.82	152.98
183.88	162.45
183.93	171.88
183.99	184.42
184.04	199.88
184.10	211.29
184.15	222.44
184.21	235.17
184.27	236.76
184.32	238.09
184.38	237.79
184.43	234.73
184.49	220.31
184.54	205.82
184.60	198.94
184.65	187.43
184.71	180.48
184.76	182.27
184.82	199.14
184.87	213.82
184.93	236.51
184.98	261.83
185.04	291.49
185.09	314.18
185.15	338.78
185.20	369.07
185.26	401.73
185.31	428.30
185.37	454.74
185.43	474.14
185.48	492.65
185.54	515.08
185.59	539.52
185.65	563.68
185.70	603.13
185.76	646.76
185.81	679.56
185.87	716.48
185.92	761.09
185.98	795.28
186.03	812.94
186.09	816.70
186.14	794.55
186.20	743.98
186.25	663.10
186.31	582.28
186.36	518.43
186.42	490.84
186.47	499.50
186.53	545.69
186.58	612.46
186.64	687.09
186.69	758.50
186.75	820.01
186.80	879.04
186.86	937.32
186.91	995.95
186.97	1051.97
187.02	1123.69
187.08	1193.34
187.13	1255.40
187.19	1323.21
187.24	1393.24
187.30	1447.79
187.35	1505.54
187.41	1577.29
187.47	1645.80
187.52	1704.85
187.58	1764.41
187.63	1831.55
187.69	1896.65
187.74	1948.13
187.80	1994.17
187.85	2038.30
187.91	2061.35
187.96	2047.99
188.02	1986.07
188.07	1880.07
188.13	1719.95
188.18	1548.95
188.24	1420.92
188.29	1359.65
188.35	1365.24
188.40	1443.21
188.46	1568.19
188.51	1692.40
188.57	1818.60
188.62	1942.11
188.67	2057.35
188.73	2165.53
188.78	2268.40
188.84	2372.27
188.89	2476.06
188.95	2581.91
189.00	2670.82
189.06	2766.64
189.11	2856.09
189.17	2935.59
189.22	3006.85
189.28	3094.30
189.33	3170.18
189.39	3235.19
189.44	3300.08
189.50	3375.95
189.55	3443.26
189.61	3497.30
189.66	3558.10
189.72	3619.39
189.77	3670.38
189.83	3700.37
189.88	3712.61
189.94	3684.04
189.99	3604.63
190.05	3453.59
190.10	3239.19
190.16	2992.25
190.21	2773.69
190.27	2634.97
190.32	2601.10
190.38	2671.06
190.43	2829.21
190.49	3018.50
190.54	3188.59
190.60	3343.74
190.65	3487.97
190.71	3619.20
190.76	3745.50
190.81	3869.88
190.87	3989.64
190.92	4112.15
190.98	4221.09
191.03	4325.99
191.09	4439.31
191.14	4541.61
191.20	4627.48
191.25	4727.03
191.31	4824.62
191.36	4910.40
191.42	4993.36
191.47	5084.81
191.53	5171.62
191.58	5243.82
191.64	5304.66
191.69	5363.54
191.75	5405.19
191.80	5435.84
191.85	5455.34
191.91	5476.76
191.96	5497.62
192.02	5526.19
192.07	5539.30
192.13	5536.39
192.18	5491.14
192.24	5376.62
192.29	5183.54
192.35	4958.35
192.40	4772.06
192.46	4662.07
192.51	4653.16
192.57	4750.24
192.62	4926.15
192.67	5111.60
192.73	5291.06
192.78	5457.65
192.84	5605.74
192.89	5743.15
192.95	5874.39
193.00	5987.32
193.06	6093.93
193.11	6201.15
193.17	6289.67
193.22	6371.12
193.28	6460.10
193.33	6534.59
193.38	6599.96
193.44	6670.17
193.49	6741.04
193.55	6797.41
193.60	6856.92
193.66	6910.32
193.71	6955.83
193.77	6983.34
193.82	7003.64
193.88	7018.70
193.93	7042.05
193.98	7069.16
194.04	7108.04
194.09	7158.99
194.15	7213.49
194.20	7260.28
194.26	7300.03
194.31	7343.50
194.37	7366.61
194.42	7376.31
194.47	7370.75
194.53	7330.46
194.58	7243.50
194.64	7138.82
194.69	7041.15
194.75	6969.59
194.80	6950.21
194.86	6988.08
194.91	7076.77
194.97	7183.37
195.02	7295.46
195.07	7405.66
195.13	7511.55
195.18	7623.59
195.24	7730.76
195.29	7840.36
195.35	7943.43
195.40	8049.17
195.46	8130.99
195.51	8219.43
195.56	8296.77
195.62	8371.25
195.67	8431.39
195.73	8499.67
195.78	8550.19
195.84	8592.29
195.89	8626.46
195.94	8661.16
196.00	8690.34
196.05	8722.90
196.11	8765.86
196.16	8811.90
196.22	8863.56
196.27	8917.38
196.32	8970.28
196.38	9015.95
196.43	9063.84
196.49	9101.59
196.54	9136.90
196.60	9179.44
196.65	9225.58
196.71	9269.51
196.76	9316.32
196.81	9358.99
196.87	9392.25
196.92	9420.08
196.98	9435.15
197.03	9445.70
197.09	9441.17
197.14	9434.34
197.19	9433.82
197.25	9448.35
197.30	9473.73
197.36	9522.97
197.41	9583.97
197.47	9642.93
197.52	9703.08
197.57	9765.76
197.63	9822.97
197.68	9875.98
197.74	9930.86
197.79	9978.92
197.84	10022.61
197.90	10067.76
197.95	10110.31
198.01	10149.88
198.06	10196.94
198.12	10249.49
198.17	10289.77
198.22	10328.89
198.28	10368.58
198.33	10409.30
198.39	10442.99
198.44	10488.05
198.49	10537.74
198.55	10583.84
198.60	10629.79
198.66	10675.74
198.71	10723.47
198.77	10768.99
198.82	10819.16
198.87	10865.38
198.93	10909.01
198.98	10951.74
199.04	10997.20
199.09	11035.06
199.14	11074.82
199.20	11117.55
199.25	11156.34
199.31	11196.86
199.36	11242.22
199.42	11286.22
199.47	11326.28
199.52	11371.16
199.58	11408.00
199.63	11439.66
199.69	11467.09
199.74	11500.62
199.79	11526.31
199.85	11556.44
199.90	11593.80
199.96	11633.41
200.01	11678.33
200.06	11726.47
200.12	11776.89
200.17	11829.12
200.23	11883.04
200.28	11925.98
200.33	11978.38
200.39	12022.31
200.44	12063.66
200.50	12107.20
200.55	12147.70
200.60	12181.98
200.66	12221.79
200.71	12252.44
200.77	12290.95
200.82	12328.29
200.87	12367.23
200.93	12404.09
200.98	12450.06
201.04	12485.04
201.09	12529.96
201.14	12581.60
201.20	12632.69
201.25	12687.63
201.31	12746.06
201.36	12808.62
201.41	12863.05
201.47	12921.21
201.52	12970.72
201.58	13025.75
201.63	13068.12
201.68	13111.62
201.74	13155.01
201.79	13204.31
201.84	13256.70
201.90	13303.62
201.95	13356.41
202.01	13413.05
202.06	13467.57
202.11	13507.49
202.17	13559.30
202.22	13606.71
202.28	13646.81
202.33	13685.04
202.38	13726.42
202.44	13770.17
202.49	13813.01
202.54	13860.30
202.60	13904.64
202.65	13953.22
202.71	13999.59
202.76	14040.27
202.81	14081.14
202.87	14136.67
202.92	14179.85
202.98	14227.57
203.03	14280.37
203.08	14332.79
203.14	14381.87
203.19	14438.99
203.24	14500.96
203.30	14553.55
203.35	14606.86
203.41	14652.54
203.46	14701.37
203.51	14740.21
203.57	14784.06
203.62	14830.96
203.67	14886.20
203.73	14932.81
203.78	14980.54
203.84	15034.93
203.89	15077.98
203.94	15114.32
204.00	15157.42
204.05	15203.52
204.10	15243.55
204.16	15283.74
204.21	15328.59
204.27	15372.18
204.32	15408.84
204.37	15455.00
204.43	15503.51
204.48	15550.93
204.53	15595.42
204.59	15648.47
204.64	15707.51
204.69	15768.86
204.75	15826.49
204.80	15896.03
204.86	15958.46
204.91	16011.62
204.96	16067.85
205.02	16122.24
205.07	16176.71
205.12	16237.99
205.18	16296.94
205.23	16355.34
205.28	16423.71
205.34	16477.99
205.39	16531.46
205.45	16586.43
205.50	16641.29
205.55	16690.12
205.61	16753.09
205.66	16808.23
205.71	16874.22
205.77	16934.33
205.82	16996.56
205.87	17047.34
205.93	17101.17
205.98	17151.53
206.03	17198.85
206.09	17250.24
206.14	17300.92
206.20	17354.94
206.25	17405.28
206.30	17461.82
206.36	17515.79
206.41	17578.88
206.46	17629.67
206.52	17679.11
206.57	17729.67
206.62	17771.66
206.68	17815.22
206.73	17872.51
206.78	17928.36
206.84	17983.60
206.89	18046.12
206.94	18103.63
207.00	18168.64
207.05	18230.75
207.11	18295.14
207.16	18350.61
207.21	18415.97
207.27	18467.56
207.32	18522.85
207.37	18581.53
207.43	18640.75
207.48	18684.44
207.53	18737.64
207.59	18791.26
207.64	18843.59
207.69	18911.45
207.75	18980.97
207.80	19041.75
207.85	19095.90
207.91	19154.99
207.96	19205.63
208.01	19264.59
208.07	19316.89
208.12	19382.27
208.17	19434.66
208.23	19481.72
208.28	19531.70
208.33	19595.13
208.39	19651.48
208.44	19719.02
208.49	19784.45
208.55	19842.96
208.60	19896.83
208.65	19948.24
208.71	19993.18
208.76	20048.83
208.81	20108.05
208.87	20167.37
208.92	20228.80
208.97	20294.19
209.03	20351.62
209.08	20412.06
209.13	20472.27
209.19	20531.43
209.24	20587.74
209.29	20650.72
209.35	20704.95
209.40	20767.72
209.45	20835.22
209.51	20902.78
209.56	20959.89
209.61	21027.88
209.67	21086.47
209.72	21148.86
209.77	21201.17
209.83	21269.06
209.88	21335.09
209.93	21403.71
209.99	21459.34
210.04	21530.26
210.09	21595.08
210.15	21650.78
210.20	21710.10
210.25	21771.55
210.31	21836.94
210.36	21888.49
210.41	21945.19
210.46	22004.36
210.52	22057.88
210.57	22096.36
210.62	22154.04
210.68	22215.90
210.73	22266.73
210.78	22331.21
210.84	22405.54
210.89	22470.54
210.94	22526.87
211.00	22585.37
211.05	22636.11
211.10	22690.18
211.16	22750.16
211.21	22812.35
211.26	22878.78
211.32	22950.32
211.37	23016.67
211.42	23081.79
211.47	23150.94
211.53	23221.81
211.58	23285.34
211.63	23343.49
211.69	23398.63
211.74	23451.32
211.79	23496.12
211.85	23551.51
211.90	23611.80
211.95	23681.70
212.01	23750.77
212.06	23826.94
212.11	23901.34
212.16	23976.53
212.22	24045.00
212.27	24107.79
212.32	24168.77
212.38	24237.68
212.43	24296.88
212.48	24354.02
212.54	24423.06
212.59	24500.47
212.64	24562.70
212.69	24632.80
212.75	24696.87
212.80	24763.14
212.85	24823.63
212.91	24882.45
212.96	24937.74
213.01	25006.89
213.07	25071.05
213.12	25132.54
213.17	25197.53
213.22	25264.06
213.28	25318.87
213.33	25362.48
213.38	25414.81
213.44	25468.95
213.49	25539.99
213.54	25619.63
213.60	25708.40
213.65	25793.44
213.70	25880.08
213.75	25945.49
213.81	26002.50
213.86	26060.26
213.91	26114.08
213.97	26160.59
214.02	26206.35
214.07	26259.26
214.12	26313.77
214.18	26372.78
214.23	26440.30
214.28	26509.93
214.34	26575.50
214.39	26643.27
214.44	26704.98
214.49	26752.21
214.55	26797.24
214.60	26845.70
214.65	26887.34
214.71	26922.55
214.76	26979.82
214.81	27050.82
214.86	27133.77
214.92	27208.24
214.97	27293.81
215.02	27378.20
215.08	27453.83
215.13	27527.69
215.18	27594.74
215.23	27662.18
215.29	27728.79
215.34	27810.09
215.39	27878.20
215.45	27964.93
215.50	28052.98
215.55	28128.57
215.60	28185.04
215.66	28238.11
215.71	28296.06
215.76	28352.84
215.81	28401.85
215.87	28465.69
215.92	28524.38
215.97	28576.19
216.03	28636.44
216.08	28696.47
216.13	28751.43
216.18	28816.01
216.24	28883.31
216.29	28927.55
216.34	28983.80
216.39	29054.24
216.45	29117.38
216.50	29172.44
216.55	29234.68
216.61	29304.28
216.66	29350.21
216.71	29408.09
216.76	29469.74
216.82	29552.99
216.87	29616.91
216.92	29696.93
216.97	29765.01
217.03	29840.68
217.08	29906.73
217.13	29990.42
217.18	30063.80
217.24	30137.14
217.29	30203.74
217.34	30256.59
217.39	30298.46
217.45	30339.02
217.50	30384.49
217.55	30440.73
217.61	30507.07
217.66	30573.84
217.71	30646.20
217.76	30720.57
217.82	30794.27
217.87	30869.47
217.92	30943.74
217.97	31010.83
218.03	31073.20
218.08	31120.47
218.13	31159.29
218.18	31207.42
218.24	31275.32
218.29	31338.15
218.34	31405.32
218.39	31475.33
218.45	31537.66
218.50	31590.30
218.55	31649.24
218.60	31713.47
218.66	31765.70
218.71	31830.19
218.76	31891.61
218.81	31953.52
218.87	32016.31
218.92	32091.42
218.97	32157.85
219.02	32224.65
219.08	32297.54
219.13	32369.08
219.18	32436.10
219.23	32498.98
219.29	32560.92
219.34	32621.69
219.39	32684.95
219.44	32745.03
219.50	32818.53
219.55	32880.84
219.60	32947.95
219.65	33006.51
219.71	33069.40
219.76	33116.35
219.81	33179.63
219.86	33236.14
219.92	33282.57
219.97	33335.85
220.02	33392.41
220.07	33444.88
220.13	33497.51
220.18	33571.17
220.23	33644.45
220.28	33721.54
220.33	33796.51
220.39	33864.44
220.44	33923.79
220.49	33978.84
220.54	34032.50
220.60	34087.78
220.65	34150.34
220.70	34217.49
220.75	34292.80
220.81	34371.28
220.86	34448.42
220.91	34516.82
220.96	34582.26
221.02	34644.01
221.07	34711.35
221.12	34767.93
221.17	34822.80
221.22	34878.08
221.28	34932.05
221.33	34983.05
221.38	35038.48
221.43	35117.59
221.49	35184.73
221.54	35252.39
221.59	35322.71
221.64	35408.34
221.69	35487.34
221.75	35587.88
221.80	35689.65
221.85	35766.19
221.90	35835.29
221.96	35900.20
222.01	35934.20
222.06	35960.30
222.11	36009.24
222.17	36050.69
222.22	36072.40
222.27	36121.62
222.32	36168.48
222.37	36219.26
222.43	36281.02
222.48	36354.02
222.53	36428.61
222.58	36509.58
222.63	36583.65
222.69	36651.74
222.74	36724.99
222.79	36784.60
222.84	36836.69
222.90	36891.89
222.95	36936.28
223.00	36980.50
223.05	37031.82
223.10	37095.17
223.16	37149.33
223.21	37202.00
223.26	37251.29
223.31	37289.16
223.36	37320.01
223.42	37354.68
223.47	37393.19
223.52	37434.52
223.57	37480.05
223.63	37534.18
223.68	37584.29
223.73	37659.53
223.78	37735.68
223.83	37809.96
223.89	37868.45
223.94	37938.65
223.99	38001.10
224.04	38067.88
224.09	38142.17
224.15	38230.92
224.20	38313.96
224.25	38401.82
224.30	38483.48
224.35	38575.55
224.41	38672.39
224.46	38768.36
224.51	38846.04
224.56	38929.19
224.61	39003.50
224.67	39078.62
224.72	39153.26
224.77	39247.59
224.82	39342.61
224.87	39426.58
224.93	39503.09
224.98	39593.59
225.03	39675.01
225.08	39757.76
225.13	39849.61
225.19	39940.72
225.24	40024.81
225.29	40097.65
225.34	40179.47
225.39	40259.60
225.45	40349.67
225.50	40431.02
225.55	40529.40
225.60	40618.25
225.65	40719.04
225.71	40805.33
225.76	40896.14
225.81	40985.99
225.86	41074.40
225.91	41157.65
225.97	41247.24
226.02	41337.92
226.07	41407.73
226.12	41474.81
226.17	41529.74
226.22	41598.91
226.28	41667.00
226.33	41757.83
226.38	41839.29
226.43	41927.95
226.48	41991.96
226.54	42052.13
226.59	42121.11
226.64	42196.39
226.69	42264.89
226.74	42340.43
226.80	42416.27
226.85	42463.14
226.90	42514.94
226.95	42578.46
227.00	42642.49
227.05	42717.93
227.11	42810.83
227.16	42899.54
227.21	42980.07
227.26	43069.16
227.31	43144.30
227.37	43201.96
227.42	43271.93
227.47	43348.07
227.52	43415.65
227.57	43471.74
227.62	43551.07
227.68	43627.49
227.73	43707.33
227.78	43784.49
227.83	43876.82
227.88	43951.35
227.93	44026.18
227.99	44100.12
228.04	44175.23
228.09	44247.99
228.14	44321.89
228.19	44386.37
228.24	44449.11
228.30	44518.32
228.35	44585.74
228.40	44647.28
228.45	44708.23
228.50	44780.36
228.56	44843.04
228.61	44898.01
228.66	44963.92
228.71	45029.13
228.76	45074.80
228.81	45117.70
228.87	45162.83
228.92	45224.56
228.97	45283.14
229.02	45376.47
229.07	45454.86
229.12	45551.36
229.17	45624.93
229.23	45699.87
229.28	45759.75
229.33	45839.55
229.38	45912.27
229.43	45983.44
229.48	46062.12
229.54	46133.79
229.59	46200.95
229.64	46273.88
229.69	46355.73
229.74	46445.68
229.79	46518.26
229.85	46593.31
229.90	46661.98
229.95	46730.57
230.00	46785.26
230.05	46859.30
230.10	46930.11
230.16	46997.30
230.21	47050.32
230.26	47105.29
230.31	47139.94
230.36	47194.89
230.41	47248.14
230.46	47328.08
230.52	47423.03
230.57	47510.45
230.62	47595.99
230.67	47673.21
230.72	47732.93
230.77	47772.25
230.82	47824.70
230.88	47852.41
230.93	47895.95
230.98	47940.29
231.03	47990.94
231.08	48044.34
231.13	48099.57
231.19	48168.44
231.24	48240.02
231.29	48322.10
231.34	48394.50
231.39	48472.56
231.44	48542.36
231.49	48594.13
231.55	48634.88
231.60	48679.87
231.65	48738.20
231.70	48778.24
231.75	48826.11
231.80	48874.70
231.85	48926.75
231.91	48964.04
231.96	49013.20
232.01	49073.84
232.06	49141.70
232.11	49205.57
232.16	49287.90
232.21	49370.46
232.26	49457.83
232.32	49537.76
232.37	49614.53
232.42	49685.03
232.47	49733.43
232.52	49774.91
232.57	49827.18
232.62	49883.33
232.68	49933.41
232.73	50011.79
232.78	50102.13
232.83	50175.58
232.88	50253.08
232.93	50331.28
232.98	50402.78
233.03	50443.75
233.09	50507.45
233.14	50571.17
233.19	50632.40
233.24	50679.65
233.29	50732.29
233.34	50757.83
233.39	50781.02
233.45	50809.89
233.50	50847.58
233.55	50899.04
233.60	50963.30
233.65	51021.90
233.70	51083.11
233.75	51143.87
233.80	51194.38
233.86	51250.88
233.91	51308.52
233.96	51351.88
234.01	51396.06
234.06	51451.22
234.11	51507.49
234.16	51557.64
234.21	51622.06
234.26	51666.93
234.32	51696.54
234.37	51731.57
234.42	51772.99
234.47	51790.40
234.52	51820.94
234.57	51870.55
234.62	51908.70
234.67	51953.45
234.73	52012.67
234.78	52076.20
234.83	52122.69
234.88	52170.78
234.93	52210.84
234.98	52253.57
235.03	52301.28
235.08	52370.34
235.13	52427.41
235.19	52492.84
235.24	52545.09
235.29	52602.90
235.34	52633.76
235.39	52660.33
235.44	52688.50
235.49	52734.07
235.54	52762.19
235.59	52787.13
235.65	52834.85
235.70	52871.29
235.75	52906.23
235.80	52958.22
235.85	53017.05
235.90	53062.81
235.95	53095.06
236.00	53124.71
236.05	53144.44
236.11	53177.75
236.16	53203.75
236.21	53248.66
236.26	53283.74
236.31	53309.05
236.36	53323.54
236.41	53337.36
236.46	53350.92
236.51	53375.79
236.56	53410.37
236.62	53448.47
236.67	53487.49
236.72	53536.68
236.77	53557.90
236.82	53595.84
236.87	53613.06
236.92	53630.80
236.97	53657.12
237.02	53711.58
237.07	53759.84
237.13	53823.18
237.18	53891.24
237.23	53934.65
237.28	53970.32
237.33	54002.74
237.38	54020.49
237.43	54039.32
237.48	54054.57
237.53	54073.08
237.58	54101.38
237.63	54145.98
237.69	54191.59
237.74	54242.07
237.79	54281.98
237.84	54288.32
237.89	54289.12
237.94	54292.78
237.99	54309.19
238.04	54331.66
238.09	54361.59
238.14	54398.29
238.19	54425.08
238.25	54441.35
238.30	54432.76
238.35	54433.02
238.40	54432.04
238.45	54433.38
238.50	54429.75
238.55	54447.22
238.60	54475.23
238.65	54498.84
238.70	54513.64
238.75	54537.68
238.80	54569.20
238.86	54579.90
238.91	54597.81
238.96	54629.08
239.01	54661.36
239.06	54685.93
239.11	54715.12
239.16	54737.24
239.21	54742.09
239.26	54731.38
239.31	54743.15
239.36	54760.49
239.41	54778.30
239.46	54805.94
239.52	54841.49
239.57	54861.51
239.62	54868.73
239.67	54887.74
239.72	54908.62
239.77	54924.59
239.82	54939.14
239.87	54954.05
239.92	54961.05
239.97	54958.63
240.02	54943.17
240.07	54928.91
240.12	54931.55
240.17	54933.95
240.23	54930.25
240.28	54943.86
240.33	54955.11
240.38	54945.41
240.43	54941.62
240.48	54966.96
240.53	54987.64
240.58	55008.93
240.63	55044.50
240.68	55051.74
240.73	55039.24
240.78	55035.89
240.83	55033.19
240.88	55008.30
240.93	55011.05
240.98	55013.26
241.04	55028.38
241.09	55051.25
241.14	55080.74
241.19	55116.33
241.24	55149.89
241.29	55168.58
241.34	55173.21
241.39	55188.40
241.44	55187.59
241.49	55192.16
241.54	55184.83
241.59	55187.44
241.64	55193.02
241.69	55191.21
241.74	55179.71
241.79	55175.00
241.84	55159.26
241.90	55137.11
241.95	55116.39
242.00	55090.79
242.05	55069.30
242.10	55064.34
242.15	55045.11
242.20	55033.37
242.25	55034.72
242.30	55021.51
242.35	55008.14
242.40	55004.44
242.45	54995.32
242.50	54974.84
242.55	54976.99
242.60	54968.44
242.65	54968.52
242.70	54983.25
242.75	55012.59
242.80	55048.77
242.85	55084.95
242.91	55102.19
242.96	55100.10
243.01	55090.41
243.06	55065.27
243.11	55027.78
243.16	54999.26
243.21	54989.73
243.26	54994.05
243.31	55007.31
243.36	55023.69
243.41	55051.00
243.46	55050.34
243.51	55021.69
243.56	54967.12
243.61	54913.12
243.66	54865.28
243.71	54833.53
243.76	54827.56
243.81	54845.93
243.86	54850.44
243.91	54858.23
243.96	54859.44
244.01	54837.06
244.06	54812.71
244.12	54804.14
244.17	54785.27
244.22	54783.60
244.27	54811.22
244.32	54831.45
244.37	54848.25
244.42	54855.90
244.47	54847.07
244.52	54826.68
244.57	54787.48
244.62	54758.11
244.67	54743.37
244.72	54721.97
244.77	54707.89
244.82	54733.75
244.87	54768.08
244.92	54787.74
244.97	54806.55
245.02	54809.69
245.07	54785.34
245.12	54760.74
245.17	54743.28
245.22	54749.78
245.27	54742.89
245.32	54712.31
245.37	54672.29
245.42	54626.29
245.47	54572.97
245.52	54537.64
245.57	54526.67
245.62	54506.64
245.67	54493.97
245.72	54485.94
245.77	54456.45
245.82	54438.95
245.87	54445.00
245.92	54453.14
245.98	54440.59
246.03	54449.76
246.08	54458.31
246.13	54451.32
246.18	54457.96
246.23	54460.86
246.28	54450.99
246.33	54436.86
246.38	54407.23
246.43	54361.94
246.48	54338.67
246.53	54344.56
246.58	54350.85
246.63	54364.99
246.68	54361.24
246.73	54346.89
246.78	54314.20
246.83	54259.51
246.88	54200.40
246.93	54155.75
246.98	54107.90
247.03	54066.03
247.08	54057.58
247.13	54057.67
247.18	54059.29
247.23	54079.28
247.28	54090.83
247.33	54072.56
247.38	54049.32
247.43	54032.32
247.48	54007.63
247.53	53977.49
247.58	53949.94
247.63	53928.53
247.68	53891.15
247.73	53843.83
247.78	53803.39
247.83	53773.47
247.88	53742.50
247.93	53732.75
247.98	53733.10
248.03	53746.78
248.08	53765.58
248.13	53770.66
248.18	53759.52
248.23	53753.38
248.28	53720.04
248.33	53672.09
248.38	53634.54
248.43	53608.59
248.48	53582.70
248.53	53565.32
248.58	53555.72
248.63	53556.94
248.68	53541.84
248.73	53516.12
248.78	53484.83
248.83	53431.76
248.88	53363.86
248.93	53297.09
248.98	53223.64
249.03	53182.85
249.08	53158.99
249.13	53147.69
249.18	53146.67
249.23	53157.19
249.28	53143.26
249.33	53144.11
249.38	53129.01
249.43	53105.54
249.48	53084.69
249.53	53074.37
249.58	53048.13
249.63	53033.03
249.68	53027.18
249.73	53011.52
249.78	52983.81
249.83	52980.05
249.88	52952.04
249.93	52931.97
249.98	52919.27
250.03	52916.64
250.08	52884.16
250.13	52873.12
250.18	52844.40
250.23	52798.34
250.28	52740.37
250.33	52690.13
250.37	52647.97
250.42	52613.57
250.47	52586.97
250.52	52585.69
250.57	52570.64
250.62	52544.40
250.67	52509.68
250.72	52492.18
250.77	52445.53
250.82	52420.81
250.87	52404.15
250.92	52387.64
250.97	52369.34
251.02	52365.81
251.07	52365.72
251.12	52344.94
251.17	52320.33
251.22	52279.51
251.27	52249.17
251.32	52201.13
251.37	52154.42
251.42	52113.92
251.47	52081.96
251.52	52044.78
251.57	52027.60
251.62	52016.99
251.67	52002.03
251.72	51981.64
251.77	51952.23
251.82	51904.81
251.87	51860.02
251.92	51818.14
251.97	51768.54
252.02	51725.28
252.07	51698.81
252.12	51687.53
252.16	51679.86
252.21	51678.20
252.26	51684.55
252.31	51689.60
252.36	51681.48
252.41	51661.32
252.46	51640.13
252.51	51609.99
252.56	51576.62
252.61	51547.36
252.66	51518.53
252.71	51492.94
252.76	51459.77
252.81	51409.03
252.86	51346.39
252.91	51305.32
252.96	51249.60
253.01	51188.86
253.06	51132.14
253.11	51094.22
253.16	51047.72
253.21	50997.73
253.26	50962.28
253.31	50939.31
253.36	50909.37
253.40	50878.06
253.45	50866.46
253.50	50822.46
253.55	50775.13
253.60	50738.54
253.65	50695.52
253.70	50661.97
253.75	50656.75
253.80	50647.47
253.85	50640.35
253.90	50641.38
253.95	50624.78
254.00	50613.10
254.05	50599.89
254.10	50562.61
254.15	50526.92
254.20	50503.63
254.25	50473.64
254.30	50440.49
254.35	50393.37
254.39	50330.89
254.44	50250.60
254.49	50165.24
254.54	50127.98
254.59	50105.11
254.64	50093.88
254.69	50097.01
254.74	50105.80
254.79	50080.83
254.84	50045.29
254.89	50027.80
254.94	50011.14
254.99	49994.90
255.04	49980.91
255.09	49975.33
255.14	49948.26
255.19	49934.25
255.23	49928.01
255.28	49916.18
255.33	49906.97
255.38	49896.39
255.43	49873.49
255.48	49840.68
255.53	49795.67
255.58	49764.63
255.63	49727.72
255.68	49681.39
255.73	49637.04
255.78	49610.15
255.83	49576.58
255.88	49553.97
255.93	49537.49
255.97	49512.71
256.02	49474.40
256.07	49439.91
256.12	49376.39
256.17	49316.37
256.22	49263.33
256.27	49217.71
256.32	49172.00
256.37	49151.46
256.42	49138.42
256.47	49113.39
256.52	49090.86
256.57	49063.31
256.62	49046.85
256.66	49031.93
256.71	49010.63
256.76	48963.42
256.81	48919.14
256.86	48866.39
256.91	48812.52
256.96	48770.77
257.01	48744.28
257.06	48721.71
257.11	48691.40
257.16	48637.27
257.21	48593.63
257.26	48557.36
257.30	48516.87
257.35	48479.56
257.40	48461.68
257.45	48451.02
257.50	48428.31
257.55	48404.74
257.60	48379.13
257.65	48355.49
257.70	48316.09
257.75	48279.82
257.80	48243.37
257.85	48210.73
257.89	48160.89
257.94	48099.98
257.99	48035.64
258.04	47984.47
258.09	47941.37
258.14	47913.51
258.19	47896.25
258.24	47886.16
258.29	47844.12
258.34	47802.49
258.39	47767.09
258.44	47703.11
258.48	47650.49
258.53	47624.17
258.58	47590.15
258.63	47532.69
258.68	47504.83
258.73	47469.19
258.78	47412.04
258.83	47367.15
258.88	47335.15
258.93	47300.04
258.97	47267.71
259.02	47252.66
259.07	47223.54
259.12	47197.86
259.17	47176.63
259.22	47163.67
259.27	47140.74
259.32	47126.65
259.37	47090.33
259.42	47054.10
259.47	47005.01
259.51	46955.74
259.56	46888.73
259.61	46825.24
259.66	46749.70
259.71	46680.39
259.76	46621.31
259.81	46565.35
259.86	46523.86
259.91	46486.31
259.95	46456.02
260.00	46422.97
260.05	46403.87
260.10	46385.29
260.15	46375.98
260.20	46365.25
260.25	46355.75
260.30	46346.76
260.35	46321.07
260.40	46285.07
260.44	46249.96
260.49	46226.64
260.54	46184.84
260.59	46156.94
260.64	46148.11
260.69	46144.45
260.74	46108.69
260.79	46076.58
260.84	46041.09
260.88	45986.83
260.93	45907.92
260.98	45870.34
261.03	45830.44
261.08	45790.57
261.13	45753.99
261.18	45721.02
261.23	45663.68
261.28	45623.35
261.32	45583.72
261.37	45540.08
261.42	45513.86
261.47	45493.43
261.52	45450.44
261.57	45407.62
261.62	45368.46
261.67	45312.07
261.71	45245.88
261.76	45204.32
261.81	45144.61
261.86	45095.42
261.91	45049.80
261.96	45012.24
262.01	44971.54
262.06	44961.11
262.10	44941.45
262.15	44924.45
262.20	44904.49
262.25	44887.91
262.30	44862.53
262.35	44842.62
262.40	44813.21
262.45	44783.15
262.49	44743.58
262.54	44709.17
262.59	44668.87
262.64	44641.58
262.69	44610.60
262.74	44571.52
262.79	44517.57
262.84	44473.35
262.88	44429.87
262.93	44381.51
262.98	44344.70
263.03	44311.94
263.08	44264.83
263.13	44188.96
263.18	44124.71
263.23	44059.27
263.27	44004.84
263.32	43968.26
263.37	43953.09
263.42	43941.06
263.47	43912.63
263.52	43891.92
263.57	43856.09
263.61	43819.72
263.66	43775.58
263.71	43744.19
263.76	43701.68
263.81	43654.01
263.86	43625.25
263.91	43585.38
263.95	43522.34
264.00	43457.93
264.05	43412.91
264.10	43345.63
264.15	43276.91
264.20	43239.09
264.25	43205.86
264.29	43166.74
264.34	43117.29
264.39	43088.88
264.44	43043.52
264.49	42997.67
264.54	42945.90
264.59	42906.12
264.63	42859.19
264.68	42812.27
264.73	42760.22
264.78	42716.68
264.83	42665.33
264.88	42621.44
264.93	42599.73
264.97	42573.82
265.02	42546.54
265.07	42532.83
265.12	42501.65
265.17	42452.62
265.22	42408.74
265.27	42345.13
265.31	42279.15
265.36	42212.93
265.41	42148.31
265.46	42084.57
265.51	42020.15
265.56	41956.64
265.60	41906.74
265.65	41849.47
265.70	41796.23
265.75	41740.71
265.80	41697.48
265.85	41633.87
265.90	41583.06
265.94	41525.24
265.99	41469.17
266.04	41412.55
266.09	41381.04
266.14	41349.51
266.19	41312.20
266.23	41290.19
266.28	41246.77
266.33	41202.95
266.38	41165.87
266.43	41144.70
266.48	41123.87
266.52	41101.48
266.57	41067.58
266.62	41030.95
266.67	40980.27
266.72	40927.10
266.77	40897.74
266.81	40869.68
266.86	40838.54
266.91	40810.48
266.96	40772.46
267.01	40730.17
267.06	40683.47
267.10	40630.96
267.15	40582.44
267.20	40557.34
267.25	40519.80
267.30	40483.81
267.35	40450.65
267.39	40412.18
267.44	40366.81
267.49	40313.50
267.54	40264.74
267.59	40213.83
267.64	40160.53
267.68	40098.53
267.73	40051.41
267.78	40008.87
267.83	39984.48
267.88	39977.27
267.93	39973.80
267.97	39958.35
268.02	39928.26
268.07	39882.04
268.12	39815.59
268.17	39750.71
268.21	39699.93
268.26	39646.28
268.31	39602.49
268.36	39557.23
268.41	39506.78
268.46	39458.86
268.50	39423.83
268.55	39380.59
268.60	39335.33
268.65	39283.79
268.70	39210.33
268.74	39146.81
268.79	39074.85
268.84	39015.56
268.89	38972.84
268.94	38944.15
268.99	38901.68
269.03	38858.09
269.08	38807.60
269.13	38726.39
269.18	38646.89
269.23	38556.79
269.27	38449.19
269.32	38325.44
269.37	38210.63
269.42	38071.19
269.47	37924.35
269.51	37783.88
269.56	37651.32
269.61	37510.80
269.66	37364.85
269.71	37217.73
269.76	37073.97
269.80	36914.34
269.85	36770.29
269.90	36632.07
269.95	36482.06
270.00	36319.31
270.04	36178.26
270.09	36025.54
270.14	35877.06
270.19	35742.49
270.24	35618.91
270.28	35467.30
270.33	35301.53
270.38	35127.77
270.43	34954.31
270.48	34771.67
270.52	34610.47
270.57	34454.17
270.62	34298.99
270.67	34149.00
270.72	33997.19
270.76	33820.87
270.81	33651.47
270.86	33481.75
270.91	33304.87
270.96	33136.46
271.00	32981.97
271.05	32833.81
271.10	32690.97
271.15	32556.47
271.20	32430.08
271.24	32297.55
271.29	32158.41
271.34	32012.99
271.39	31859.05
271.44	31706.57
271.48	31568.51
271.53	31423.79
271.58	31286.94
271.63	31144.19
271.67	30997.70
271.72	30852.79
271.77	30710.32
271.82	30573.54
271.87	30443.51
271.91	30285.64
271.96	30145.21
272.01	30009.12
272.06	29869.64
272.11	29746.61
272.15	29651.06
272.20	29536.62
272.25	29437.84
272.30	29340.99
272.35	29232.11
272.39	29127.53
272.44	29009.59
272.49	28872.64
272.54	28731.27
272.58	28579.64
272.63	28424.29
272.68	28279.32
272.73	28122.03
272.78	27951.63
272.82	27759.24
272.87	27532.87
272.92	27244.88
272.97	26725.28
273.01	23783.13
273.06	18859.09
273.11	13435.25
273.16	8105.82
273.21	3052.41
273.25	460.14
273.30	-88.95
273.35	-90.51
