165.32	3385.27
165.38	-248.87
165.44	597.05
165.50	-76.58
165.55	-16.63
165.61	7.13
165.67	36.63
165.72	46.15
165.78	51.90
165.84	50.05
165.89	47.05
165.95	45.25
166.01	44.97
166.06	46.29
166.12	49.12
166.18	46.50
166.23	48.07
166.29	47.48
166.35	44.53
166.40	43.36
166.46	50.43
166.52	52.84
166.57	54.07
166.63	54.43
166.69	57.02
166.74	50.81
166.80	51.46
166.86	52.92
166.91	53.89
166.97	48.51
167.03	51.39
167.08	45.73
167.14	44.81
167.20	42.44
167.25	54.43
167.31	54.57
167.37	59.88
167.42	61.91
167.48	68.03
167.54	62.81
167.59	62.41
167.65	58.49
167.71	58.01
167.76	56.91
167.82	52.37
167.88	51.65
167.93	59.17
167.99	58.14
168.05	60.49
168.10	68.57
168.16	67.90
168.21	65.58
168.27	70.14
168.33	71.98
168.38	64.42
168.44	69.52
168.50	68.17
168.55	66.69
168.61	67.47
168.67	69.59
168.72	66.62
168.78	66.96
168.84	62.59
168.89	61.42
168.95	62.47
169.01	62.08
169.06	61.42
169.12	60.99
169.18	58.34
169.23	57.66
169.29	61.97
169.34	66.89
169.40	69.68
169.46	74.37
169.51	76.64
169.57	72.03
169.63	67.59
169.68	72.29
169.74	68.50
169.80	74.36
169.85	75.85
169.91	79.77
169.97	76.04
170.02	76.33
170.08	75.17
170.13	75.31
170.19	74.92
170.25	76.55
170.30	80.48
170.36	72.57
170.42	74.83
170.47	75.92
170.53	77.46
170.59	74.31
170.64	77.46
170.70	75.76
170.76	73.40
170.81	74.82
170.87	74.11
170.92	75.08
170.98	77.84
171.04	80.34
171.09	76.07
171.15	83.76
171.21	84.71
171.26	81.48
171.32	78.70
171.37	82.53
171.43	77.23
171.49	81.91
171.54	85.20
171.60	86.83
171.66	87.99
171.71	88.41
171.77	86.26
171.83	92.58
171.88	92.01
171.94	91.87
171.99	96.44
172.05	95.15
172.11	95.85
172.16	103.72
172.22	104.41
172.28	104.33
172.33	102.26
172.39	98.90
172.44	95.88
172.50	101.04
172.56	100.51
172.61	109.19
172.67	109.13
172.72	109.10
172.78	103.92
172.84	99.03
172.89	92.05
172.95	90.90
173.01	91.89
173.06	90.54
173.12	96.16
173.17	97.78
173.23	97.55
173.29	97.83
173.34	99.62
173.40	94.29
173.46	94.54
173.51	97.51
173.57	97.53
173.62	92.34
173.68	99.10
173.74	98.21
173.79	99.49
173.85	96.63
173.90	99.16
173.96	95.43
174.02	92.60
174.07	84.87
174.13	84.04
174.18	86.02
174.24	79.44
174.30	79.34
174.35	84.66
174.41	82.02
174.47	75.83
174.52	77.28
174.58	76.79
174.63	72.48
174.69	71.00
174.75	73.69
174.80	84.91
174.86	82.25
174.91	83.01
174.97	83.57
175.03	80.66
175.08	68.27
175.14	75.12
175.19	71.30
175.25	71.45
175.31	75.85
175.36	77.24
175.42	74.25
175.47	78.27
175.53	78.72
175.59	75.17
175.64	76.82
175.70	74.52
175.75	70.13
175.81	68.50
175.87	69.91
175.92	65.81
175.98	68.08
176.03	68.12
176.09	68.52
176.15	68.27
176.20	69.50
176.26	68.79
176.31	72.37
176.37	70.06
176.42	71.36
176.48	75.12
176.54	73.20
176.59	70.20
176.65	73.01
176.70	74.23
176.76	73.33
176.82	71.20
176.87	68.24
176.93	68.27
176.98	66.89
177.04	62.25
177.10	67.22
177.15	69.01
177.21	69.75
177.26	68.50
177.32	71.89
177.37	73.19
177.43	76.47
177.49	72.89
177.54	70.49
177.60	70.91
177.65	71.51
177.71	66.22
177.77	69.18
177.82	71.09
177.88	75.11
177.93	70.80
177.99	77.45
178.04	73.44
178.10	73.79
178.16	67.01
178.21	67.58
178.27	64.27
178.32	68.26
178.38	67.30
178.43	68.90
178.49	68.92
178.55	68.41
178.60	66.88
178.66	66.34
178.71	67.88
178.77	65.82
178.82	66.97
178.88	66.89
178.94	66.85
178.99	67.80
179.05	72.02
179.10	67.93
179.16	71.06
179.21	73.54
179.27	72.24
179.33	67.65
179.38	71.23
179.44	69.10
179.49	68.97
179.55	67.10
179.60	67.77
179.66	66.89
179.72	69.55
179.77	67.15
179.83	66.21
179.88	67.40
179.94	68.82
179.99	64.82
180.05	65.25
180.11	65.77
180.16	68.79
180.22	71.32
180.27	76.33
180.33	77.51
180.38	81.60
180.44	77.04
180.49	76.97
180.55	74.43
180.61	78.22
180.66	73.34
180.72	71.71
180.77	69.62
180.83	69.38
180.88	66.51
180.94	66.29
180.99	69.93
181.05	69.66
181.11	70.70
181.16	70.97
181.22	72.33
181.27	74.57
181.33	73.19
181.38	70.49
181.44	71.52
181.49	76.02
181.55	76.61
181.61	82.97
181.66	85.63
181.72	83.33
181.77	80.44
181.83	77.85
181.88	82.84
181.94	84.08
181.99	89.45
182.05	89.96
182.11	91.14
182.16	81.71
182.22	79.35
182.27	74.52
182.33	76.63
182.38	75.72
182.44	80.55
182.49	82.72
182.55	84.96
182.60	84.95
182.66	88.74
182.72	91.41
182.77	94.12
182.83	97.15
182.88	100.20
182.94	101.27
182.99	98.46
183.05	96.91
183.10	99.32
183.16	98.04
183.21	98.61
183.27	105.28
183.32	108.80
183.38	110.99
183.44	117.05
183.49	121.02
183.55	121.06
183.60	126.24
183.66	131.32
183.71	139.24
183.77	145.81
183.82	154.11
183.88	163.64
183.93	173.52
183.99	186.00
184.04	201.60
184.10	212.81
184.15	223.61
184.21	235.78
184.27	237.25
184.32	237.83
184.38	236.61
184.43	234.59
184.49	220.57
184.54	206.92
184.60	200.12
184.65	189.08
184.71	180.01
184.76	182.21
184.82	198.58
184.87	213.50
184.93	236.07
184.98	262.61
185.04	291.02
185.09	313.22
185.15	337.28
185.20	367.17
185.26	399.47
185.31	426.76
185.37	453.57
185.43	473.17
185.48	491.06
185.54	512.86
185.59	537.34
185.65	560.34
185.70	599.26
185.76	645.10
185.81	678.05
185.87	713.40
185.92	756.70
185.98	791.33
186.03	806.93
186.09	810.65
186.14	790.43
186.20	741.24
186.25	661.58
186.31	581.51
186.36	518.81
186.42	490.86
186.47	501.05
186.53	546.64
186.58	614.01
186.64	687.89
186.69	758.80
186.75	817.26
186.80	875.90
186.86	933.25
186.91	991.29
186.97	1047.71
187.02	1120.78
187.08	1188.71
187.13	1250.04
187.19	1318.14
187.24	1388.94
187.30	1444.03
187.35	1503.15
187.41	1575.84
187.47	1645.65
187.52	1702.83
187.58	1762.94
187.63	1830.34
187.69	1892.48
187.74	1942.07
187.80	1990.16
187.85	2035.29
187.91	2056.35
187.96	2045.14
188.02	1983.98
188.07	1875.81
188.13	1714.96
188.18	1545.97
188.24	1420.16
188.29	1359.48
188.35	1366.45
188.40	1444.30
188.46	1567.90
188.51	1688.32
188.57	1814.75
188.62	1937.91
188.67	2054.29
188.73	2163.75
188.78	2270.71
188.84	2371.36
188.89	2474.44
188.95	2577.14
189.00	2665.71
189.06	2759.82
189.11	2853.65
189.17	2933.58
189.22	3006.15
189.28	3093.57
189.33	3170.03
189.39	3232.47
189.44	3298.02
189.50	3373.52
189.55	3440.75
189.61	3495.77
189.66	3556.22
189.72	3616.24
189.77	3667.04
189.83	3699.77
189.88	3711.17
189.94	3681.89
189.99	3603.83
190.05	3455.04
190.10	3239.06
190.16	2993.99
190.21	2779.46
190.27	2640.46
190.32	2605.76
190.38	2677.17
190.43	2833.93
190.49	3022.43
190.54	3192.70
190.60	3350.17
190.65	3492.40
190.71	3621.93
190.76	3745.39
190.81	3868.87
190.87	3985.04
190.92	4107.51
190.98	4215.37
191.03	4321.66
191.09	4435.93
191.14	4536.68
191.20	4621.22
191.25	4722.28
191.31	4819.87
191.36	4905.22
191.42	4991.34
191.47	5081.03
191.53	5168.39
191.58	5240.83
191.64	5304.12
191.69	5363.28
191.75	5409.62
191.80	5438.20
191.85	5459.08
191.91	5478.09
191.96	5496.66
192.02	5526.38
192.07	5543.53
192.13	5540.59
192.18	5493.94
192.24	5381.01
192.29	5187.34
192.35	4964.30
192.40	4778.87
192.46	4669.48
192.51	4662.32
192.57	4755.29
192.62	4929.22
192.67	5112.90
192.73	5294.26
192.78	5459.98
192.84	5608.93
192.89	5741.46
192.95	5869.68
193.00	5981.06
193.06	6089.52
193.11	6198.42
193.17	6290.52
193.22	6372.61
193.28	6465.08
193.33	6536.58
193.38	6600.40
193.44	6669.88
193.49	6743.02
193.55	6797.13
193.60	6853.72
193.66	6906.49
193.71	6952.84
193.77	6981.37
193.82	7002.50
193.88	7024.03
193.93	7051.28
193.98	7075.61
194.04	7114.99
194.09	7161.33
194.15	7210.78
194.20	7258.19
194.26	7299.75
194.31	7341.33
194.37	7368.24
194.42	7376.65
194.47	7365.02
194.53	7326.09
194.58	7237.68
194.64	7131.59
194.69	7036.52
194.75	6969.14
194.80	6952.14
194.86	6994.52
194.91	7083.53
194.97	7189.36
195.02	7298.99
195.07	7407.97
195.13	7511.88
195.18	7623.55
195.24	7732.52
195.29	7842.18
195.35	7945.90
195.40	8053.41
195.46	8136.05
195.51	8221.19
195.56	8297.65
195.62	8369.07
195.67	8428.85
195.73	8496.29
195.78	8552.71
195.84	8599.48
195.89	8632.38
195.94	8664.47
196.00	8693.79
196.05	8723.17
196.11	8763.03
196.16	8810.25
196.22	8863.98
196.27	8919.26
196.32	8971.63
196.38	9019.60
196.43	9068.46
196.49	9105.35
196.54	9145.26
196.60	9184.81
196.65	9231.62
196.71	9272.27
196.76	9319.08
196.81	9355.44
196.87	9393.83
196.92	9420.29
196.98	9438.85
197.03	9450.00
197.09	9445.38
197.14	9436.94
197.19	9438.32
197.25	9451.41
197.30	9474.01
197.36	9527.35
197.41	9590.25
197.47	9652.29
197.52	9712.21
197.57	9779.56
197.63	9831.04
197.68	9885.97
197.74	9935.00
197.79	9982.87
197.84	10024.86
197.90	10074.69
197.95	10115.83
198.01	10158.03
198.06	10204.49
198.12	10250.28
198.17	10288.01
198.22	10324.80
198.28	10361.60
198.33	10401.95
198.39	10441.45
198.44	10489.84
198.49	10540.57
198.55	10591.56
198.60	10640.38
198.66	10686.11
198.71	10735.59
198.77	10783.02
198.82	10830.17
198.87	10876.63
198.93	10926.59
198.98	10967.48
199.04	11008.10
199.09	11049.85
199.14	11090.38
199.20	11126.74
199.25	11164.99
199.31	11209.24
199.36	11249.09
199.42	11291.39
199.47	11335.06
199.52	11376.68
199.58	11413.99
199.63	11444.63
199.69	11476.68
199.74	11510.67
199.79	11535.70
199.85	11565.77
199.90	11611.76
199.96	11651.78
200.01	11692.47
200.06	11747.84
200.12	11797.73
200.17	11843.33
200.23	11896.31
200.28	11942.04
200.33	11987.90
200.39	12031.97
200.44	12073.47
200.50	12114.01
200.55	12154.41
200.60	12190.62
200.66	12227.04
200.71	12261.20
200.77	12299.63
200.82	12336.16
200.87	12375.22
200.93	12415.52
200.98	12461.17
201.04	12498.67
201.09	12544.42
201.14	12596.06
201.20	12642.13
201.25	12696.15
201.31	12748.82
201.36	12808.97
201.41	12865.73
201.47	12930.69
201.52	12978.24
201.58	13037.84
201.63	13083.06
201.68	13128.66
201.74	13171.35
201.79	13222.80
201.84	13273.33
201.90	13323.02
201.95	13375.64
202.01	13434.32
202.06	13489.37
202.11	13529.93
202.17	13578.87
202.22	13620.98
202.28	13658.46
202.33	13693.51
202.38	13730.78
202.44	13776.51
202.49	13821.08
202.54	13867.35
202.60	13916.28
202.65	13974.52
202.71	14017.28
202.76	14055.11
202.81	14094.82
202.87	14140.68
202.92	14183.55
202.98	14236.36
203.03	14292.90
203.08	14349.01
203.14	14401.59
203.19	14456.18
203.24	14507.38
203.30	14556.93
203.35	14605.00
203.41	14651.98
203.46	14696.55
203.51	14735.67
203.57	14780.81
203.62	14830.84
203.67	14888.91
203.73	14934.03
203.78	14983.93
203.84	15036.72
203.89	15076.99
203.94	15115.68
204.00	15169.70
204.05	15223.37
204.10	15261.47
204.16	15307.23
204.21	15348.69
204.27	15382.54
204.32	15419.98
204.37	15472.03
204.43	15516.42
204.48	15565.37
204.53	15612.87
204.59	15664.50
204.64	15719.02
204.69	15788.89
204.75	15850.91
204.80	15921.61
204.86	15981.38
204.91	16037.04
204.96	16090.47
205.02	16138.40
205.07	16191.49
205.12	16250.39
205.18	16308.80
205.23	16360.47
205.28	16431.16
205.34	16488.14
205.39	16548.00
205.45	16611.23
205.50	16672.92
205.55	16724.85
205.61	16783.51
205.66	16838.88
205.71	16897.02
205.77	16955.23
205.82	17013.58
205.87	17069.53
205.93	17121.15
205.98	17170.35
206.03	17215.61
206.09	17263.30
206.14	17310.23
206.20	17367.69
206.25	17419.65
206.30	17477.03
206.36	17537.48
206.41	17602.95
206.46	17657.34
206.52	17706.50
206.57	17761.12
206.62	17797.50
206.68	17840.15
206.73	17886.50
206.78	17943.13
206.84	17995.02
206.89	18058.62
206.94	18116.56
207.00	18181.14
207.05	18248.31
207.11	18312.36
207.16	18372.03
207.21	18433.52
207.27	18485.69
207.32	18536.76
207.37	18597.85
207.43	18654.37
207.48	18707.25
207.53	18766.21
207.59	18822.01
207.64	18873.64
207.69	18942.26
207.75	19007.37
207.80	19057.42
207.85	19113.23
207.91	19164.85
207.96	19210.52
208.01	19265.86
208.07	19329.93
208.12	19393.16
208.17	19449.21
208.23	19503.85
208.28	19556.29
208.33	19612.81
208.39	19671.87
208.44	19741.37
208.49	19800.59
208.55	19858.89
208.60	19910.66
208.65	19958.02
208.71	20007.53
208.76	20067.08
208.81	20127.86
208.87	20193.04
208.92	20252.34
208.97	20309.00
209.03	20365.72
209.08	20425.20
209.13	20487.45
209.19	20549.92
209.24	20607.41
209.29	20667.37
209.35	20723.54
209.40	20785.65
209.45	20850.24
209.51	20922.74
209.56	20985.18
209.61	21047.56
209.67	21107.27
209.72	21162.90
209.77	21212.90
209.83	21276.13
209.88	21343.50
209.93	21411.18
209.99	21478.77
210.04	21557.15
210.09	21625.89
210.15	21685.69
210.20	21742.68
210.25	21804.53
210.31	21860.94
210.36	21907.37
210.41	21960.61
210.46	22020.03
210.52	22075.13
210.57	22116.66
210.62	22183.11
210.68	22247.91
210.73	22297.61
210.78	22358.24
210.84	22429.10
210.89	22489.79
210.94	22543.66
211.00	22607.32
211.05	22660.22
211.10	22718.30
211.16	22777.95
211.21	22842.85
211.26	22905.78
211.32	22976.74
211.37	23042.03
211.42	23106.17
211.47	23174.53
211.53	23242.06
211.58	23296.58
211.63	23353.75
211.69	23408.76
211.74	23458.67
211.79	23503.82
211.85	23565.37
211.90	23628.89
211.95	23695.11
212.01	23765.41
212.06	23843.18
212.11	23915.81
212.16	23992.57
212.22	24066.68
212.27	24130.57
212.32	24193.05
212.38	24259.82
212.43	24316.49
212.48	24373.25
212.54	24441.33
212.59	24520.36
212.64	24588.73
212.69	24657.38
212.75	24728.69
212.80	24795.14
212.85	24851.98
212.91	24904.06
212.96	24956.02
213.01	25013.29
213.07	25072.45
213.12	25134.87
213.17	25201.55
213.22	25271.37
213.28	25337.56
213.33	25387.67
213.38	25444.38
213.44	25503.29
213.49	25568.33
213.54	25640.42
213.60	25727.19
213.65	25807.02
213.70	25892.49
213.75	25970.22
213.81	26034.18
213.86	26094.97
213.91	26148.12
213.97	26195.82
214.02	26238.09
214.07	26284.19
214.12	26331.16
214.18	26391.97
214.23	26453.34
214.28	26526.87
214.34	26591.59
214.39	26666.20
214.44	26725.53
214.49	26776.69
214.55	26819.05
214.60	26869.33
214.65	26914.44
214.71	26957.22
214.76	27014.67
214.81	27078.94
214.86	27162.26
214.92	27231.22
214.97	27308.34
215.02	27394.05
215.08	27470.27
215.13	27543.81
215.18	27611.86
215.23	27690.49
215.29	27758.98
215.34	27840.42
215.39	27906.87
215.45	27993.93
215.50	28068.73
215.55	28142.87
215.60	28204.09
215.66	28260.30
215.71	28317.42
215.76	28382.32
215.81	28433.82
215.87	28492.06
215.92	28548.81
215.97	28601.39
216.03	28657.33
216.08	28718.70
216.13	28777.09
216.18	28838.24
216.24	28906.11
216.29	28959.28
216.34	29016.02
216.39	29082.98
216.45	29145.32
216.50	29198.18
216.55	29251.89
216.61	29313.05
216.66	29364.47
216.71	29423.15
216.76	29488.39
216.82	29564.69
216.87	29632.34
216.92	29711.65
216.97	29781.05
217.03	29847.31
217.08	29922.16
217.13	29999.90
217.18	30074.52
217.24	30151.63
217.29	30225.29
217.34	30273.68
217.39	30319.52
217.45	30358.72
217.50	30398.99
217.55	30452.32
217.61	30524.74
217.66	30587.37
217.71	30655.56
217.76	30742.70
217.82	30821.55
217.87	30895.64
217.92	30974.57
217.97	31041.03
218.03	31095.64
218.08	31141.50
218.13	31184.11
218.18	31231.19
218.24	31298.10
218.29	31358.04
218.34	31423.24
218.39	31485.51
218.45	31551.65
218.50	31605.63
218.55	31671.14
218.60	31731.83
218.66	31791.10
218.71	31854.52
218.76	31918.41
218.81	31974.39
218.87	32034.18
218.92	32103.69
218.97	32173.42
219.02	32243.32
219.08	32311.82
219.13	32380.65
219.18	32443.33
219.23	32507.61
219.29	32571.77
219.34	32634.78
219.39	32708.45
219.44	32777.65
219.50	32840.65
219.55	32901.80
219.60	32965.81
219.65	33024.41
219.71	33085.53
219.76	33139.81
219.81	33192.74
219.86	33254.44
219.92	33307.85
219.97	33360.62
220.02	33418.50
220.07	33479.06
220.13	33533.32
220.18	33601.33
220.23	33672.76
220.28	33753.21
220.33	33834.52
220.39	33905.66
220.44	33964.33
220.49	34018.05
220.54	34064.38
220.60	34109.32
220.65	34165.46
220.70	34232.12
220.75	34309.29
220.81	34388.93
220.86	34467.49
220.91	34532.51
220.96	34598.87
221.02	34664.93
221.07	34731.90
221.12	34786.78
221.17	34854.68
221.22	34914.58
221.28	34972.70
221.33	35027.97
221.38	35093.07
221.43	35161.61
221.49	35221.47
221.54	35286.37
221.59	35353.48
221.64	35430.35
221.69	35511.66
221.75	35611.67
221.80	35701.13
221.85	35773.83
221.90	35845.56
221.96	35909.91
222.01	35945.94
222.06	35980.57
222.11	36026.72
222.17	36069.89
222.22	36095.58
222.27	36141.26
222.32	36191.42
222.37	36247.63
222.43	36303.95
222.48	36372.58
222.53	36448.11
222.58	36533.78
222.63	36610.89
222.69	36681.79
222.74	36761.52
222.79	36825.43
222.84	36866.32
222.90	36908.47
222.95	36953.88
223.00	36988.80
223.05	37040.21
223.10	37097.82
223.16	37165.19
223.21	37218.51
223.26	37267.83
223.31	37303.34
223.36	37345.52
223.42	37377.27
223.47	37405.76
223.52	37448.25
223.57	37493.65
223.63	37545.73
223.68	37605.87
223.73	37685.21
223.78	37767.53
223.83	37843.36
223.89	37904.66
223.94	37967.04
223.99	38032.05
224.04	38096.39
224.09	38166.55
224.15	38255.99
224.20	38330.92
224.25	38417.18
224.30	38499.83
224.35	38591.44
224.41	38684.12
224.46	38785.00
224.51	38868.62
224.56	38949.52
224.61	39026.34
224.67	39105.84
224.72	39172.71
224.77	39268.53
224.82	39366.57
224.87	39454.87
224.93	39524.89
224.98	39617.30
225.03	39698.96
225.08	39773.82
225.13	39862.39
225.19	39950.34
225.24	40040.34
225.29	40122.02
225.34	40215.15
225.39	40301.01
225.45	40393.35
225.50	40475.73
225.55	40561.77
225.60	40646.61
225.65	40736.02
225.71	40824.91
225.76	40921.26
225.81	41005.62
225.86	41099.09
225.91	41186.21
225.97	41280.86
226.02	41367.88
226.07	41439.85
226.12	41504.21
226.17	41562.68
226.22	41621.20
226.28	41685.65
226.33	41776.04
226.38	41852.21
226.43	41943.47
226.48	42011.69
226.54	42075.22
226.59	42145.32
226.64	42225.40
226.69	42285.05
226.74	42358.23
226.80	42428.59
226.85	42483.67
226.90	42531.83
226.95	42595.84
227.00	42665.64
227.05	42747.89
227.11	42830.37
227.16	42919.79
227.21	43000.86
227.26	43084.20
227.31	43154.08
227.37	43211.38
227.42	43274.54
227.47	43352.74
227.52	43415.79
227.57	43475.25
227.62	43568.67
227.68	43650.80
227.73	43731.16
227.78	43817.56
227.83	43909.94
227.88	43977.59
227.93	44055.17
227.99	44132.44
228.04	44206.35
228.09	44281.51
228.14	44355.98
228.19	44422.40
228.24	44482.93
228.30	44551.29
228.35	44610.01
228.40	44675.73
228.45	44730.04
228.50	44798.76
228.56	44863.91
228.61	44927.92
228.66	44985.86
228.71	45048.22
228.76	45096.53
228.81	45136.57
228.87	45187.61
228.92	45246.55
228.97	45308.11
229.02	45397.84
229.07	45470.02
229.12	45553.00
229.17	45627.19
229.23	45709.67
229.28	45775.74
229.33	45857.92
229.38	45932.98
229.43	46006.67
229.48	46084.17
229.54	46149.49
229.59	46220.13
229.64	46284.75
229.69	46364.55
229.74	46451.34
229.79	46523.55
229.85	46599.12
229.90	46673.15
229.95	46734.89
230.00	46793.44
230.05	46875.03
230.10	46941.56
230.16	47013.54
230.21	47073.44
230.26	47126.90
230.31	47166.34
230.36	47224.58
230.41	47286.04
230.46	47377.97
230.52	47469.78
230.57	47551.60
230.62	47637.49
230.67	47710.46
230.72	47759.05
230.77	47794.49
230.82	47849.07
230.88	47875.67
230.93	47911.44
230.98	47950.78
231.03	48013.86
231.08	48066.24
231.13	48124.69
231.19	48199.39
231.24	48272.77
231.29	48348.89
231.34	48424.70
231.39	48508.20
231.44	48571.40
231.49	48627.37
231.55	48666.56
231.60	48703.52
231.65	48750.10
231.70	48794.63
231.75	48843.26
231.80	48892.21
231.85	48952.18
231.91	48993.33
231.96	49039.45
232.01	49104.08
232.06	49167.46
232.11	49231.73
232.16	49311.28
232.21	49398.14
232.26	49484.66
232.32	49562.25
232.37	49634.56
232.42	49698.29
232.47	49744.86
232.52	49794.10
232.57	49853.59
232.62	49915.81
232.68	49976.61
232.73	50055.83
232.78	50127.17
232.83	50203.53
232.88	50274.49
232.93	50354.59
232.98	50418.79
233.03	50466.66
233.09	50517.81
233.14	50589.05
233.19	50642.82
233.24	50694.17
233.29	50746.30
233.34	50780.96
233.39	50792.32
233.45	50822.37
233.50	50863.66
233.55	50920.47
233.60	50990.42
233.65	51054.09
233.70	51113.90
233.75	51164.01
233.80	51206.31
233.86	51256.66
233.91	51307.01
233.96	51350.76
234.01	51407.36
234.06	51468.64
234.11	51522.59
234.16	51577.45
234.21	51645.78
234.26	51694.17
234.32	51730.15
234.37	51759.47
234.42	51794.41
234.47	51809.55
234.52	51839.70
234.57	51881.52
234.62	51936.72
234.67	51991.78
234.73	52056.53
234.78	52104.51
234.83	52147.99
234.88	52192.18
234.93	52224.23
234.98	52267.52
235.03	52321.75
235.08	52387.21
235.13	52437.67
235.19	52506.55
235.24	52561.00
235.29	52619.20
235.34	52661.37
235.39	52698.65
235.44	52736.26
235.49	52773.22
235.54	52802.82
235.59	52817.55
235.65	52852.24
235.70	52883.07
235.75	52930.22
235.80	52989.27
235.85	53052.39
235.90	53095.11
235.95	53122.43
236.00	53140.55
236.05	53157.05
236.11	53181.05
236.16	53213.53
236.21	53269.11
236.26	53303.57
236.31	53328.08
236.36	53346.22
236.41	53364.77
236.46	53372.21
236.51	53398.64
236.56	53426.33
236.62	53460.67
236.67	53494.59
236.72	53535.52
236.77	53556.47
236.82	53603.04
236.87	53623.97
236.92	53638.32
236.97	53673.32
237.02	53728.59
237.07	53768.92
237.13	53839.81
237.18	53908.46
237.23	53955.78
237.28	53996.20
237.33	54036.23
237.38	54051.48
237.43	54082.42
237.48	54084.33
237.53	54101.86
237.58	54129.47
237.63	54172.20
237.69	54205.03
237.74	54252.99
237.79	54299.19
237.84	54300.52
237.89	54317.80
237.94	54322.32
237.99	54339.82
238.04	54350.50
238.09	54378.93
238.14	54394.96
238.19	54421.37
238.25	54444.70
238.30	54439.62
238.35	54448.27
238.40	54451.02
238.45	54452.97
238.50	54456.63
238.55	54481.07
238.60	54512.13
238.65	54533.99
238.70	54550.52
238.75	54568.87
238.80	54585.07
238.86	54583.89
238.91	54604.37
238.96	54640.40
239.01	54669.60
239.06	54703.59
239.11	54735.56
239.16	54762.21
239.21	54758.02
239.26	54749.93
239.31	54761.95
239.36	54773.04
239.41	54787.53
239.46	54814.74
239.52	54846.80
239.57	54865.25
239.62	54883.92
239.67	54901.45
239.72	54927.16
239.77	54946.91
239.82	54958.29
239.87	54971.56
239.92	54980.52
239.97	54975.77
240.02	54966.44
240.07	54947.79
240.12	54945.30
240.17	54942.79
240.23	54946.53
240.28	54951.86
240.33	54976.56
240.38	54967.92
240.43	54967.74
240.48	54987.92
240.53	55008.05
240.58	55022.83
240.63	55064.66
240.68	55076.66
240.73	55064.60
240.78	55060.06
240.83	55053.56
240.88	55026.15
240.93	55024.69
240.98	55026.58
241.04	55041.25
241.09	55060.05
241.14	55090.67
241.19	55130.43
241.24	55166.26
241.29	55188.83
241.34	55201.24
241.39	55206.09
241.44	55208.39
241.49	55205.23
241.54	55193.30
241.59	55191.11
241.64	55199.67
241.69	55193.13
241.74	55187.95
241.79	55185.35
241.84	55172.75
241.90	55157.66
241.95	55123.77
242.00	55095.84
242.05	55071.71
242.10	55063.06
242.15	55043.35
242.20	55046.25
242.25	55046.74
242.30	55045.89
242.35	55031.06
242.40	55029.13
242.45	55020.30
242.50	55009.02
242.55	55010.88
242.60	55015.26
242.65	55009.27
242.70	55022.63
242.75	55047.91
242.80	55083.46
242.85	55114.35
242.91	55133.07
242.96	55120.02
243.01	55101.44
243.06	55063.16
243.11	55031.80
243.16	55007.67
243.21	55013.55
243.26	55029.87
243.31	55047.47
243.36	55058.08
243.41	55075.85
243.46	55073.46
243.51	55043.15
243.56	54992.52
243.61	54940.17
243.66	54902.38
243.71	54868.09
243.76	54861.92
243.81	54877.84
243.86	54883.59
243.91	54886.36
243.96	54882.64
244.01	54855.01
244.06	54827.89
244.12	54815.59
244.17	54794.27
244.22	54792.21
244.27	54823.00
244.32	54846.35
244.37	54865.81
244.42	54873.09
244.47	54871.70
244.52	54844.87
244.57	54813.71
244.62	54779.20
244.67	54761.19
244.72	54729.71
244.77	54729.21
244.82	54743.50
244.87	54782.62
244.92	54807.78
244.97	54835.53
245.02	54825.90
245.07	54800.97
245.12	54774.92
245.17	54760.48
245.22	54757.68
245.27	54757.83
245.32	54737.26
245.37	54695.66
245.42	54645.37
245.47	54597.32
245.52	54552.34
245.57	54543.44
245.62	54530.87
245.67	54527.90
245.72	54524.05
245.77	54505.66
245.82	54478.12
245.87	54478.67
245.92	54484.00
245.98	54471.80
246.03	54477.76
246.08	54489.71
246.13	54483.90
246.18	54479.21
246.23	54474.73
246.28	54459.19
246.33	54445.32
246.38	54417.17
246.43	54388.88
246.48	54367.97
246.53	54374.14
246.58	54381.28
246.63	54392.59
246.68	54384.08
246.73	54365.56
246.78	54332.79
246.83	54284.67
246.88	54224.20
246.93	54173.92
246.98	54134.98
247.03	54102.99
247.08	54078.52
247.13	54079.01
247.18	54076.00
247.23	54093.10
247.28	54093.74
247.33	54078.41
247.38	54058.79
247.43	54045.99
247.48	54022.96
247.53	53995.60
247.58	53969.55
247.63	53939.65
247.68	53899.78
247.73	53842.76
247.78	53808.07
247.83	53782.92
247.88	53764.77
247.93	53762.42
247.98	53766.93
248.03	53772.33
248.08	53783.47
248.13	53781.09
248.18	53762.58
248.23	53759.06
248.28	53721.58
248.33	53679.49
248.38	53644.47
248.43	53614.47
248.48	53586.90
248.53	53577.07
248.58	53566.28
248.63	53568.22
248.68	53545.67
248.73	53524.00
248.78	53496.19
248.83	53442.26
248.88	53370.54
248.93	53311.77
248.98	53235.55
249.03	53193.35
249.08	53176.35
249.13	53162.63
249.18	53160.32
249.23	53175.50
249.28	53164.46
249.33	53150.37
249.38	53138.44
249.43	53124.75
249.48	53099.86
249.53	53082.41
249.58	53070.09
249.63	53051.10
249.68	53040.28
249.73	53021.10
249.78	53007.84
249.83	52993.61
249.88	52964.07
249.93	52940.36
249.98	52932.13
250.03	52922.22
250.08	52900.37
250.13	52896.29
250.18	52878.82
250.23	52840.84
250.28	52786.01
250.33	52733.64
250.37	52698.04
250.42	52660.02
250.47	52631.44
250.52	52614.65
250.57	52598.64
250.62	52557.79
250.67	52526.67
250.72	52500.35
250.77	52462.62
250.82	52443.64
250.87	52445.75
250.92	52440.60
250.97	52420.57
251.02	52421.12
251.07	52415.30
251.12	52384.74
251.17	52342.64
251.22	52311.13
251.27	52268.87
251.32	52222.69
251.37	52176.31
251.42	52127.92
251.47	52091.64
251.52	52071.48
251.57	52051.83
251.62	52041.02
251.67	52034.35
251.72	52013.62
251.77	51975.67
251.82	51927.65
251.87	51884.89
251.92	51840.78
251.97	51789.58
252.02	51741.61
252.07	51719.32
252.12	51702.27
252.16	51700.89
252.21	51705.98
252.26	51709.70
252.31	51705.01
252.36	51701.85
252.41	51670.79
252.46	51647.43
252.51	51622.60
252.56	51594.17
252.61	51552.65
252.66	51533.53
252.71	51506.07
252.76	51473.75
252.81	51427.89
252.86	51375.05
252.91	51325.15
252.96	51258.65
253.01	51200.20
253.06	51144.74
253.11	51107.50
253.16	51066.19
253.21	51030.77
253.26	50989.63
253.31	50954.07
253.36	50925.51
253.40	50889.97
253.45	50873.76
253.50	50842.09
253.55	50805.34
253.60	50758.58
253.65	50718.80
253.70	50681.02
253.75	50663.84
253.80	50650.67
253.85	50649.62
253.90	50660.41
253.95	50657.00
254.00	50655.27
254.05	50639.86
254.10	50606.84
254.15	50562.27
254.20	50530.89
254.25	50493.54
254.30	50462.12
254.35	50417.45
254.39	50353.44
254.44	50266.12
254.49	50189.42
254.54	50167.52
254.59	50141.18
254.64	50134.11
254.69	50140.40
254.74	50144.96
254.79	50107.30
254.84	50068.45
254.89	50050.81
254.94	50033.30
254.99	50016.72
255.04	49997.99
255.09	49994.59
255.14	49967.84
255.19	49954.52
255.23	49942.83
255.28	49928.65
255.33	49921.23
255.38	49911.68
255.43	49891.63
255.48	49860.53
255.53	49819.89
255.58	49791.54
255.63	49756.40
255.68	49713.37
255.73	49669.52
255.78	49640.97
255.83	49606.64
255.88	49577.58
255.93	49555.25
255.97	49529.17
256.02	49491.49
256.07	49444.29
256.12	49386.29
256.17	49328.86
256.22	49279.37
256.27	49235.81
256.32	49192.87
256.37	49169.40
256.42	49152.07
256.47	49125.03
256.52	49102.34
256.57	49079.08
256.62	49055.87
256.66	49041.79
256.71	49018.50
256.76	48984.15
256.81	48935.59
256.86	48889.55
256.91	48834.49
256.96	48795.10
257.01	48765.08
257.06	48747.80
257.11	48716.64
257.16	48667.94
257.21	48624.37
257.26	48579.81
257.30	48542.42
257.35	48497.00
257.40	48477.34
257.45	48462.03
257.50	48437.57
257.55	48407.08
257.60	48396.06
257.65	48374.92
257.70	48328.92
257.75	48287.54
257.80	48253.04
257.85	48213.24
257.89	48160.20
257.94	48111.56
257.99	48055.38
258.04	48002.29
258.09	47960.05
258.14	47935.64
258.19	47920.60
258.24	47904.25
258.29	47868.09
258.34	47823.91
258.39	47783.06
258.44	47728.57
258.48	47677.58
258.53	47642.27
258.58	47603.56
258.63	47554.93
258.68	47503.89
258.73	47470.70
258.78	47426.57
258.83	47388.25
258.88	47348.93
258.93	47321.16
258.97	47291.03
259.02	47267.46
259.07	47240.33
259.12	47223.83
259.17	47208.06
259.22	47186.24
259.27	47161.04
259.32	47132.95
259.37	47087.81
259.42	47047.46
259.47	47002.38
259.51	46941.35
259.56	46886.03
259.61	46818.47
259.66	46742.77
259.71	46668.33
259.76	46619.87
259.81	46571.06
259.86	46539.57
259.91	46508.12
259.95	46487.09
260.00	46456.58
260.05	46431.72
260.10	46407.12
260.15	46387.55
260.20	46378.50
260.25	46377.84
260.30	46359.45
260.35	46333.63
260.40	46303.82
260.44	46268.51
260.49	46240.94
260.54	46210.62
260.59	46188.70
260.64	46190.93
260.69	46188.27
260.74	46153.81
260.79	46128.13
260.84	46084.47
260.88	46018.66
260.93	45940.06
260.98	45899.31
261.03	45850.90
261.08	45821.08
261.13	45785.70
261.18	45748.72
261.23	45689.94
261.28	45645.62
261.32	45596.57
261.37	45547.67
261.42	45513.85
261.47	45492.95
261.52	45450.79
261.57	45414.07
261.62	45375.13
261.67	45327.06
261.71	45258.55
261.76	45215.21
261.81	45156.25
261.86	45103.63
261.91	45059.29
261.96	45027.43
262.01	44989.80
262.06	44970.36
262.10	44960.59
262.15	44939.17
262.20	44926.09
262.25	44909.99
262.30	44894.07
262.35	44865.40
262.40	44843.82
262.45	44812.23
262.49	44777.17
262.54	44738.56
262.59	44707.07
262.64	44677.11
262.69	44639.63
262.74	44593.16
262.79	44535.57
262.84	44485.82
262.88	44429.38
262.93	44376.02
262.98	44336.28
263.03	44299.86
263.08	44249.91
263.13	44182.97
263.18	44116.55
263.23	44059.27
263.27	44013.79
263.32	43980.39
263.37	43965.98
263.42	43953.86
263.47	43924.79
263.52	43896.52
263.57	43861.52
263.61	43823.80
263.66	43787.66
263.71	43757.01
263.76	43722.30
263.81	43672.62
263.86	43639.88
263.91	43594.83
263.95	43532.89
264.00	43471.28
264.05	43437.46
264.10	43377.22
264.15	43310.48
264.20	43274.13
264.25	43227.74
264.29	43173.25
264.34	43117.75
264.39	43089.73
264.44	43038.22
264.49	42999.12
264.54	42958.32
264.59	42929.09
264.63	42885.18
264.68	42838.22
264.73	42780.37
264.78	42731.05
264.83	42667.97
264.88	42619.08
264.93	42591.82
264.97	42571.20
265.02	42540.45
265.07	42529.50
265.12	42493.10
265.17	42449.32
265.22	42407.81
265.27	42361.14
265.31	42296.57
265.36	42234.74
265.41	42175.61
265.46	42113.95
265.51	42041.36
265.56	41979.39
265.60	41929.17
265.65	41873.72
265.70	41817.43
265.75	41770.99
265.80	41714.55
265.85	41652.06
265.90	41594.71
265.94	41536.87
265.99	41474.22
266.04	41428.66
266.09	41392.50
266.14	41355.72
266.19	41319.60
266.23	41282.22
266.28	41238.90
266.33	41203.60
266.38	41172.07
266.43	41151.07
266.48	41133.55
266.52	41111.29
266.57	41077.23
266.62	41035.97
266.67	40982.66
266.72	40933.73
266.77	40899.01
266.81	40872.93
266.86	40845.34
266.91	40818.26
266.96	40783.27
267.01	40745.45
267.06	40696.66
267.10	40650.40
267.15	40602.00
267.20	40570.45
267.25	40531.85
267.30	40495.58
267.35	40458.42
267.39	40422.33
267.44	40380.72
267.49	40331.12
267.54	40285.10
267.59	40230.10
267.64	40174.90
267.68	40114.12
267.73	40059.84
267.78	40018.77
267.83	39993.36
267.88	39982.54
267.93	39976.69
267.97	39972.49
268.02	39930.42
268.07	39886.59
268.12	39826.38
268.17	39761.94
268.21	39711.59
268.26	39671.36
268.31	39626.90
268.36	39581.53
268.41	39532.22
268.46	39481.93
268.50	39442.49
268.55	39390.37
268.60	39339.18
268.65	39286.21
268.70	39206.20
268.74	39141.00
268.79	39078.37
268.84	39019.14
268.89	38975.39
268.94	38947.34
268.99	38901.41
269.03	38861.47
269.08	38811.64
269.13	38733.76
269.18	38652.28
269.23	38559.32
269.27	38448.73
269.32	38322.47
269.37	38205.29
269.42	38076.01
269.47	37937.03
269.51	37801.18
269.56	37670.44
269.61	37537.38
269.66	37384.22
269.71	37234.75
269.76	37092.08
269.80	36940.43
269.85	36781.58
269.90	36645.83
269.95	36502.41
270.00	36337.43
270.04	36195.97
270.09	36051.45
270.14	35911.45
270.19	35775.64
270.24	35644.12
270.28	35483.67
270.33	35323.50
270.38	35140.90
270.43	34959.26
270.48	34782.58
270.52	34628.25
270.57	34464.54
270.62	34313.01
270.67	34161.20
270.72	34010.39
270.76	33832.82
270.81	33666.17
270.86	33489.17
270.91	33318.40
270.96	33145.69
271.00	32988.99
271.05	32838.83
271.10	32698.32
271.15	32559.62
271.20	32437.83
271.24	32302.41
271.29	32167.74
271.34	32022.63
271.39	31877.05
271.44	31727.38
271.48	31594.93
271.53	31450.58
271.58	31308.89
271.63	31161.14
271.67	31008.12
271.72	30856.06
271.77	30707.29
271.82	30570.31
271.87	30437.55
271.91	30286.88
271.96	30147.25
272.01	30012.95
272.06	29880.68
272.11	29759.18
272.15	29661.12
272.20	29553.50
272.25	29456.07
272.30	29360.85
272.35	29250.56
272.39	29135.19
272.44	29018.19
272.49	28878.20
272.54	28734.67
272.58	28591.37
272.63	28444.08
272.68	28292.09
272.73	28141.76
272.78	27965.39
272.82	27768.09
272.87	27546.79
272.92	27261.42
272.97	26735.79
273.01	23795.97
273.06	18867.49
273.11	13436.88
273.16	8106.01
273.21	3052.58
273.25	459.87
273.30	-89.32
273.35	-89.37
