165.32	3373.77
165.38	-246.58
165.44	594.44
165.50	-78.64
165.55	-21.94
165.61	-0.89
165.67	25.25
165.72	33.62
165.78	38.90
165.84	37.83
165.89	34.85
165.95	33.33
166.01	32.87
166.06	34.31
166.12	36.31
166.18	34.54
166.23	36.61
166.29	35.91
166.35	32.66
166.40	32.07
166.46	38.69
166.52	41.09
166.57	41.57
166.63	42.05
166.69	44.70
166.74	38.28
166.80	38.77
166.86	40.70
166.91	41.36
166.97	35.62
167.03	38.73
167.08	33.14
167.14	32.39
167.20	30.59
167.25	43.18
167.31	43.41
167.37	48.56
167.42	50.75
167.48	56.42
167.54	50.55
167.59	49.85
167.65	45.74
167.71	45.20
167.76	44.03
167.82	39.67
167.88	39.24
167.93	46.95
167.99	45.70
168.05	48.15
168.10	55.78
168.16	55.21
168.21	53.29
168.27	57.73
168.33	59.63
168.38	52.82
168.44	57.74
168.50	56.30
168.55	54.81
168.61	55.55
168.67	57.38
168.72	54.57
168.78	54.33
168.84	50.16
168.89	48.40
168.95	49.15
169.01	48.49
169.06	48.37
169.12	47.37
169.18	45.53
169.23	45.19
169.29	49.54
169.34	53.82
169.40	57.03
169.46	61.37
169.51	63.48
169.57	58.75
169.63	54.62
169.68	59.86
169.74	56.45
169.80	62.75
169.85	64.35
169.91	68.51
169.97	64.28
170.02	63.97
170.08	62.31
170.13	62.71
170.19	62.35
170.25	64.02
170.30	67.66
170.36	59.45
170.42	61.46
170.47	62.44
170.53	63.53
170.59	61.23
170.64	64.86
170.70	63.21
170.76	60.64
170.81	62.37
170.87	61.89
170.92	62.81
170.98	65.92
171.04	68.54
171.09	64.60
171.15	71.77
171.21	72.62
171.26	69.23
171.32	66.56
171.37	70.27
171.43	64.68
171.49	68.93
171.54	72.05
171.60	73.56
171.66	75.49
171.71	75.97
171.77	73.89
171.83	79.66
171.88	78.75
171.94	77.63
171.99	82.47
172.05	82.03
172.11	83.29
172.16	92.03
172.22	93.04
172.28	92.69
172.33	90.12
172.39	87.07
172.44	83.63
172.50	88.34
172.56	87.99
172.61	96.28
172.67	96.06
172.72	95.96
172.78	91.09
172.84	86.37
172.89	79.84
172.95	79.05
173.01	79.78
173.06	78.36
173.12	83.89
173.17	85.35
173.23	84.00
173.29	84.21
173.34	86.17
173.40	80.76
173.46	81.37
173.51	84.56
173.57	84.63
173.62	78.96
173.68	85.77
173.74	84.02
173.79	85.54
173.85	82.54
173.90	85.20
173.96	81.70
174.02	79.51
174.07	71.52
174.13	70.73
174.18	73.37
174.24	66.52
174.30	66.59
174.35	71.49
174.41	68.89
174.47	62.83
174.52	64.00
174.58	63.03
174.63	59.14
174.69	58.28
174.75	60.11
174.80	71.02
174.86	68.80
174.91	69.59
174.97	69.35
175.03	66.51
175.08	54.33
175.14	61.02
175.19	56.83
175.25	57.34
175.31	61.62
175.36	62.85
175.42	59.20
175.47	63.70
175.53	64.01
175.59	60.48
175.64	62.47
175.70	60.64
175.75	56.15
175.81	54.74
175.87	56.16
175.92	51.98
175.98	53.50
176.03	53.99
176.09	54.14
176.15	53.98
176.20	55.05
176.26	55.22
176.31	58.42
176.37	55.90
176.42	57.15
176.48	60.93
176.54	58.53
176.59	55.49
176.65	58.43
176.70	59.63
176.76	58.65
176.82	56.80
176.87	53.84
176.93	53.65
176.98	51.98
177.04	46.95
177.10	51.66
177.15	53.16
177.21	54.01
177.26	53.40
177.32	57.59
177.37	59.09
177.43	62.68
177.49	59.55
177.54	56.76
177.60	56.82
177.65	57.14
177.71	51.68
177.77	54.45
177.82	56.28
177.88	59.93
177.93	55.46
177.99	62.01
178.04	57.80
178.10	58.21
178.16	51.81
178.21	52.64
178.27	49.88
178.32	53.84
178.38	52.68
178.43	54.57
178.49	54.80
178.55	53.80
178.60	52.05
178.66	51.74
178.71	53.14
178.77	51.13
178.82	52.36
178.88	52.88
178.94	53.42
178.99	53.90
179.05	58.27
179.10	54.18
179.16	56.71
179.21	59.18
179.27	58.05
179.33	53.87
179.38	57.82
179.44	55.75
179.49	56.10
179.55	54.53
179.60	54.31
179.66	52.98
179.72	55.55
179.77	52.21
179.83	51.28
179.88	53.03
179.94	54.64
179.99	51.03
180.05	51.57
180.11	52.43
180.16	54.75
180.22	57.41
180.27	62.37
180.33	63.32
180.38	67.42
180.44	63.26
180.49	62.71
180.55	60.33
180.61	64.59
180.66	59.32
180.72	57.79
180.77	55.94
180.83	56.02
180.88	52.95
180.94	52.80
180.99	56.30
181.05	56.69
181.11	57.17
181.16	57.40
181.22	59.01
181.27	61.56
181.33	60.28
181.38	57.77
181.44	58.41
181.49	62.65
181.55	63.16
181.61	68.67
181.66	71.04
181.72	69.17
181.77	66.57
181.83	64.36
181.88	69.59
181.94	71.18
181.99	76.63
182.05	77.51
182.11	78.52
182.16	69.91
182.22	68.71
182.27	64.23
182.33	66.71
182.38	66.09
182.44	70.58
182.49	72.31
182.55	74.52
182.60	73.66
182.66	76.57
182.72	79.05
182.77	80.74
182.83	83.60
182.88	86.82
182.94	88.46
182.99	85.68
183.05	85.03
183.10	87.62
183.16	87.15
183.21	89.12
183.27	97.65
183.32	103.16
183.38	108.28
183.44	117.01
183.49	123.86
183.55	127.31
183.60	135.24
183.66	143.14
183.71	154.78
183.77	164.53
183.82	176.33
183.88	189.45
183.93	203.34
183.99	219.01
184.04	237.48
184.10	250.61
184.15	264.48
184.21	278.76
184.27	280.31
184.32	280.44
184.38	276.93
184.43	269.79
184.49	248.72
184.54	227.33
184.60	213.52
184.65	196.21
184.71	184.88
184.76	186.37
184.82	205.10
184.87	223.82
184.93	252.07
184.98	282.89
185.04	317.23
185.09	345.35
185.15	375.52
185.20	411.23
185.26	448.45
185.31	480.03
185.37	509.97
185.43	531.34
185.48	551.94
185.54	576.52
185.59	604.14
185.65	631.24
185.70	674.91
185.76	723.11
185.81	758.93
185.87	797.77
185.92	843.89
185.98	880.52
186.03	897.51
186.09	898.49
186.14	869.48
186.20	810.08
186.25	716.48
186.31	621.83
186.36	549.66
186.42	517.07
186.47	525.94
186.53	574.79
186.58	646.81
186.64	724.21
186.69	798.98
186.75	859.53
186.80	917.46
186.86	972.55
186.91	1026.36
186.97	1073.52
187.02	1133.45
187.08	1185.49
187.13	1221.89
187.19	1254.82
187.24	1283.30
187.30	1287.29
187.35	1285.98
187.41	1297.99
187.47	1314.05
187.52	1336.25
187.58	1389.53
187.63	1478.05
187.69	1581.85
187.74	1676.13
187.80	1756.00
187.85	1810.25
187.91	1829.25
187.96	1816.32
188.02	1773.68
188.07	1703.73
188.13	1595.94
188.18	1480.86
188.24	1400.07
188.29	1368.23
188.35	1391.14
188.40	1479.61
188.46	1611.01
188.51	1740.23
188.57	1873.48
188.62	2002.24
188.67	2122.24
188.73	2235.55
188.78	2345.84
188.84	2450.79
188.89	2556.22
188.95	2661.38
189.00	2753.80
189.06	2851.38
189.11	2946.29
189.17	3028.39
189.22	3102.73
189.28	3190.86
189.33	3266.17
189.39	3330.35
189.44	3397.20
189.50	3471.47
189.55	3537.58
189.61	3591.75
189.66	3648.33
189.72	3705.44
189.77	3755.76
189.83	3778.39
189.88	3782.80
189.94	3746.95
189.99	3655.00
190.05	3486.36
190.10	3254.87
190.16	2985.28
190.21	2740.90
190.27	2574.11
190.32	2503.54
190.38	2530.46
190.43	2630.82
190.49	2750.30
190.54	2835.24
190.60	2890.96
190.65	2919.08
190.71	2929.45
190.76	2937.19
190.81	2964.30
190.87	3027.90
190.92	3150.09
190.98	3317.73
191.03	3512.20
191.09	3705.92
191.14	3866.24
191.20	3977.78
191.25	4078.41
191.31	4187.93
191.36	4336.46
191.42	4525.23
191.47	4750.48
191.53	4974.16
191.58	5160.76
191.64	5296.74
191.69	5398.75
191.75	5461.51
191.80	5499.76
191.85	5527.17
191.91	5553.44
191.96	5579.02
192.02	5611.48
192.07	5625.36
192.13	5623.18
192.18	5577.62
192.24	5458.42
192.29	5260.14
192.35	5034.34
192.40	4845.36
192.46	4734.99
192.51	4733.00
192.57	4830.80
192.62	5010.19
192.67	5197.65
192.73	5378.73
192.78	5543.27
192.84	5696.80
192.89	5836.03
192.95	5967.80
193.00	6084.34
193.06	6196.05
193.11	6304.83
193.17	6394.96
193.22	6482.06
193.28	6573.68
193.33	6649.21
193.38	6716.55
193.44	6787.54
193.49	6861.57
193.55	6920.77
193.60	6980.33
193.66	7034.47
193.71	7080.05
193.77	7101.65
193.82	7121.72
193.88	7137.33
193.93	7160.88
193.98	7185.76
194.04	7226.64
194.09	7275.30
194.15	7327.88
194.20	7372.03
194.26	7413.66
194.31	7450.41
194.37	7466.39
194.42	7463.04
194.47	7444.88
194.53	7390.81
194.58	7297.68
194.64	7182.95
194.69	7087.12
194.75	7014.82
194.80	6999.30
194.86	7037.32
194.91	7128.50
194.97	7230.30
195.02	7332.19
195.07	7426.58
195.13	7515.39
195.18	7601.58
195.24	7674.89
195.29	7738.93
195.35	7783.50
195.40	7831.06
195.46	7870.23
195.51	7942.70
195.56	8042.07
195.62	8167.59
195.67	8288.38
195.73	8410.49
195.78	8492.59
195.84	8546.62
195.89	8575.18
195.94	8602.51
196.00	8642.70
196.05	8703.19
196.11	8784.59
196.16	8871.59
196.22	8963.19
196.27	9041.99
196.32	9107.98
196.38	9159.99
196.43	9214.88
196.49	9255.66
196.54	9293.88
196.60	9335.18
196.65	9383.15
196.71	9423.74
196.76	9472.58
196.81	9510.97
196.87	9546.98
196.92	9571.06
196.98	9591.30
197.03	9600.37
197.09	9597.25
197.14	9591.67
197.19	9591.39
197.25	9608.13
197.30	9634.21
197.36	9687.84
197.41	9753.33
197.47	9817.91
197.52	9877.19
197.57	9941.87
197.63	9996.83
197.68	10048.98
197.74	10100.79
197.79	10147.59
197.84	10192.80
197.90	10241.89
197.95	10278.70
198.01	10318.55
198.06	10358.52
198.12	10396.36
198.17	10426.00
198.22	10465.48
198.28	10503.41
198.33	10546.03
198.39	10587.60
198.44	10637.25
198.49	10686.69
198.55	10734.38
198.60	10780.52
198.66	10825.46
198.71	10879.47
198.77	10928.07
198.82	10978.80
198.87	11031.40
198.93	11081.07
198.98	11125.04
199.04	11173.18
199.09	11214.42
199.14	11256.16
199.20	11303.24
199.25	11342.41
199.31	11385.01
199.36	11434.05
199.42	11483.29
199.47	11526.02
199.52	11567.43
199.58	11610.18
199.63	11636.69
199.69	11666.22
199.74	11696.85
199.79	11724.39
199.85	11749.06
199.90	11794.63
199.96	11832.54
200.01	11876.60
200.06	11927.40
200.12	11977.37
200.17	12027.59
200.23	12079.57
200.28	12125.11
200.33	12179.18
200.39	12227.86
200.44	12269.86
200.50	12310.28
200.55	12349.38
200.60	12387.18
200.66	12426.65
200.71	12459.13
200.77	12500.19
200.82	12542.43
200.87	12580.65
200.93	12616.48
200.98	12665.39
201.04	12710.30
201.09	12755.89
201.14	12802.78
201.20	12854.67
201.25	12904.99
201.31	12956.00
201.36	13014.46
201.41	13072.26
201.47	13129.90
201.52	13183.43
201.58	13239.13
201.63	13284.89
201.68	13333.28
201.74	13381.23
201.79	13426.60
201.84	13477.07
201.90	13525.45
201.95	13573.78
202.01	13622.33
202.06	13676.22
202.11	13717.32
202.17	13762.98
202.22	13803.76
202.28	13846.63
202.33	13888.20
202.38	13928.83
202.44	13977.50
202.49	14022.08
202.54	14072.79
202.60	14118.24
202.65	14169.48
202.71	14215.38
202.76	14264.51
202.81	14303.04
202.87	14353.03
202.92	14401.02
202.98	14452.61
203.03	14505.26
203.08	14559.16
203.14	14609.77
203.19	14666.07
203.24	14724.53
203.30	14775.77
203.35	14823.47
203.41	14867.60
203.46	14908.33
203.51	14945.27
203.57	14984.35
203.62	15031.25
203.67	15080.48
203.73	15121.03
203.78	15159.63
203.84	15197.96
203.89	15226.83
203.94	15247.34
204.00	15270.97
204.05	15278.32
204.10	15268.73
204.16	15245.92
204.21	15212.40
204.27	15144.92
204.32	15057.86
204.37	14948.03
204.43	14795.77
204.48	14612.63
204.53	14448.51
204.59	14372.88
204.64	14423.38
204.69	14609.23
204.75	14891.71
204.80	15212.13
204.86	15459.79
204.91	15604.49
204.96	15657.05
205.02	15641.08
205.07	15626.00
205.12	15683.06
205.18	15815.68
205.23	16007.63
205.28	16243.63
205.34	16467.73
205.39	16647.01
205.45	16784.81
205.50	16879.44
205.55	16949.16
205.61	17018.87
205.66	17082.45
205.71	17146.57
205.77	17208.14
205.82	17277.30
205.87	17334.55
205.93	17387.44
205.98	17431.14
206.03	17471.98
206.09	17513.52
206.14	17561.19
206.20	17613.99
206.25	17666.84
206.30	17726.46
206.36	17781.16
206.41	17839.22
206.46	17891.29
206.52	17939.09
206.57	17996.32
206.62	18047.25
206.68	18096.56
206.73	18150.19
206.78	18210.43
206.84	18261.75
206.89	18322.05
206.94	18384.19
207.00	18457.30
207.05	18532.11
207.11	18604.43
207.16	18666.59
207.21	18727.90
207.27	18778.98
207.32	18825.96
207.37	18883.84
207.43	18938.98
207.48	18991.20
207.53	19045.53
207.59	19096.77
207.64	19147.38
207.69	19217.86
207.75	19289.08
207.80	19346.12
207.85	19409.10
207.91	19463.66
207.96	19512.32
208.01	19561.24
208.07	19623.98
208.12	19686.49
208.17	19741.31
208.23	19793.91
208.28	19845.51
208.33	19904.29
208.39	19960.41
208.44	20027.38
208.49	20090.37
208.55	20157.81
208.60	20213.09
208.65	20267.65
208.71	20320.37
208.76	20374.13
208.81	20433.03
208.87	20496.81
208.92	20553.59
208.97	20617.93
209.03	20680.44
209.08	20734.44
209.13	20791.44
209.19	20855.33
209.24	20909.05
209.29	20971.18
209.35	21027.98
209.40	21086.88
209.45	21148.03
209.51	21215.11
209.56	21275.63
209.61	21345.12
209.67	21411.09
209.72	21473.01
209.77	21529.91
209.83	21594.23
209.88	21661.11
209.93	21728.24
209.99	21796.79
210.04	21873.25
210.09	21939.29
210.15	21997.08
210.20	22055.68
210.25	22121.16
210.31	22174.06
210.36	22226.17
210.41	22283.73
210.46	22342.30
210.52	22392.67
210.57	22446.57
210.62	22508.31
210.68	22572.81
210.73	22626.02
210.78	22687.88
210.84	22748.70
210.89	22810.13
210.94	22862.33
211.00	22918.55
211.05	22971.21
211.10	23036.00
211.16	23096.26
211.21	23166.39
211.26	23237.11
211.32	23311.33
211.37	23370.49
211.42	23440.24
211.47	23501.14
211.53	23565.35
211.58	23627.45
211.63	23695.39
211.69	23749.47
211.74	23805.64
211.79	23858.90
211.85	23913.75
211.90	23974.01
211.95	24039.61
212.01	24106.72
212.06	24181.95
212.11	24251.54
212.16	24326.19
212.22	24399.46
212.27	24469.88
212.32	24532.44
212.38	24602.08
212.43	24663.83
212.48	24725.68
212.54	24793.86
212.59	24865.44
212.64	24936.11
212.69	24996.44
212.75	25063.61
212.80	25126.11
212.85	25187.62
212.91	25237.33
212.96	25294.95
213.01	25351.90
213.07	25414.25
213.12	25474.14
213.17	25540.08
213.22	25613.67
213.28	25674.69
213.33	25716.11
213.38	25769.82
213.44	25819.99
213.49	25876.52
213.54	25945.96
213.60	26029.99
213.65	26100.31
213.70	26177.01
213.75	26240.13
213.81	26279.84
213.86	26320.97
213.91	26357.85
213.97	26379.83
214.02	26389.41
214.07	26400.50
214.12	26392.35
214.18	26370.90
214.23	26337.20
214.28	26286.05
214.34	26204.21
214.39	26088.64
214.44	25924.44
214.49	25698.59
214.55	25412.48
214.60	25050.51
214.65	24631.65
214.71	24270.54
214.76	24131.91
214.81	24251.98
214.86	24646.39
214.92	25241.66
214.97	25880.47
215.02	26364.24
215.08	26644.83
215.13	26746.06
215.18	26689.50
215.23	26556.21
215.29	26476.88
215.34	26544.08
215.39	26741.04
215.45	27080.95
215.50	27514.13
215.55	27938.73
215.60	28261.94
215.66	28478.73
215.71	28619.69
215.76	28725.36
215.81	28792.98
215.87	28851.15
215.92	28913.64
215.97	28973.14
216.03	29030.96
216.08	29093.92
216.13	29159.33
216.18	29221.54
216.24	29291.59
216.29	29344.69
216.34	29401.42
216.39	29467.75
216.45	29528.15
216.50	29579.99
216.55	29644.00
216.61	29718.84
216.66	29773.08
216.71	29835.70
216.76	29900.66
216.82	29966.51
216.87	30034.06
216.92	30111.83
216.97	30185.22
217.03	30263.22
217.08	30344.28
217.13	30418.67
217.18	30488.61
217.24	30558.86
217.29	30622.88
217.34	30671.26
217.39	30714.38
217.45	30765.24
217.50	30817.83
217.55	30871.12
217.61	30944.40
217.66	31015.22
217.71	31083.27
217.76	31157.34
217.82	31241.63
217.87	31314.18
217.92	31391.02
217.97	31462.05
218.03	31523.36
218.08	31571.73
218.13	31617.98
218.18	31662.31
218.24	31727.97
218.29	31789.22
218.34	31854.11
218.39	31913.47
218.45	31981.51
218.50	32034.56
218.55	32094.43
218.60	32153.84
218.66	32214.47
218.71	32279.99
218.76	32344.28
218.81	32411.67
218.87	32479.90
218.92	32552.65
218.97	32621.17
219.02	32699.03
219.08	32769.55
219.13	32838.15
219.18	32906.97
219.23	32968.37
219.29	33022.09
219.34	33084.04
219.39	33153.06
219.44	33217.05
219.50	33282.67
219.55	33349.24
219.60	33413.97
219.65	33473.72
219.71	33538.72
219.76	33593.25
219.81	33650.49
219.86	33709.19
219.92	33767.15
219.97	33814.42
220.02	33869.66
220.07	33926.78
220.13	33981.76
220.18	34046.89
220.23	34112.27
220.28	34198.32
220.33	34279.02
220.39	34342.23
220.44	34395.69
220.49	34464.33
220.54	34507.65
220.60	34551.45
220.65	34616.31
220.70	34681.69
220.75	34748.69
220.81	34826.67
220.86	34906.70
220.91	34976.93
220.96	35052.27
221.02	35122.62
221.07	35191.27
221.12	35244.39
221.17	35305.53
221.22	35360.12
221.28	35418.19
221.33	35477.64
221.38	35543.34
221.43	35618.37
221.49	35682.54
221.54	35748.84
221.59	35810.20
221.64	35891.54
221.69	35975.70
221.75	36076.42
221.80	36174.33
221.85	36260.90
221.90	36328.64
221.96	36386.60
222.01	36426.43
222.06	36461.08
222.11	36505.05
222.17	36555.05
222.22	36584.19
222.27	36625.97
222.32	36669.36
222.37	36721.53
222.43	36771.44
222.48	36838.17
222.53	36914.93
222.58	37000.35
222.63	37070.67
222.69	37139.31
222.74	37215.04
222.79	37280.52
222.84	37322.44
222.90	37375.79
222.95	37430.65
223.00	37472.12
223.05	37524.09
223.10	37585.37
223.16	37646.55
223.21	37698.83
223.26	37748.17
223.31	37788.34
223.36	37819.78
223.42	37851.46
223.47	37882.94
223.52	37929.41
223.57	37968.36
223.63	38027.68
223.68	38082.21
223.73	38158.05
223.78	38236.18
223.83	38309.49
223.89	38374.16
223.94	38448.73
223.99	38511.95
224.04	38571.94
224.09	38643.11
224.15	38730.01
224.20	38806.67
224.25	38895.87
224.30	38983.56
224.35	39070.93
224.41	39168.71
224.46	39262.40
224.51	39342.19
224.56	39419.67
224.61	39506.83
224.67	39580.42
224.72	39651.28
224.77	39742.83
224.82	39835.11
224.87	39910.68
224.93	39981.44
224.98	40063.05
225.03	40138.55
225.08	40209.85
225.13	40288.41
225.19	40369.66
225.24	40440.82
225.29	40490.41
225.34	40551.98
225.39	40597.31
225.45	40632.13
225.50	40664.37
225.55	40696.90
225.60	40695.93
225.65	40697.65
225.71	40678.27
225.76	40627.72
225.81	40545.58
225.86	40434.33
225.91	40281.38
225.97	40074.81
226.02	39809.80
226.07	39506.89
226.12	39306.06
226.17	39284.38
226.22	39472.93
226.28	39887.60
226.33	40467.33
226.38	41011.42
226.43	41418.82
226.48	41670.54
226.54	41763.12
226.59	41754.72
226.64	41693.68
226.69	41587.96
226.74	41535.65
226.80	41604.46
226.85	41751.66
226.90	41989.84
226.95	42347.34
227.00	42694.13
227.05	42976.21
227.11	43203.76
227.16	43380.61
227.21	43500.33
227.26	43605.23
227.31	43687.92
227.37	43748.24
227.42	43827.20
227.47	43908.30
227.52	43976.18
227.57	44033.58
227.62	44128.58
227.68	44204.79
227.73	44275.99
227.78	44362.46
227.83	44457.65
227.88	44526.23
227.93	44601.33
227.99	44680.94
228.04	44751.54
228.09	44828.92
228.14	44901.63
228.19	44973.28
228.24	45036.75
228.30	45110.33
228.35	45175.93
228.40	45243.67
228.45	45293.80
228.50	45370.62
228.56	45435.69
228.61	45491.50
228.66	45554.00
228.71	45621.73
228.76	45660.68
228.81	45702.16
228.87	45754.28
228.92	45811.48
228.97	45880.73
229.02	45971.96
229.07	46056.24
229.12	46147.51
229.17	46219.03
229.23	46293.48
229.28	46360.86
229.33	46442.32
229.38	46512.56
229.43	46590.28
229.48	46665.44
229.54	46740.68
229.59	46800.03
229.64	46874.47
229.69	46953.63
229.74	47041.92
229.79	47112.96
229.85	47183.68
229.90	47238.14
229.95	47296.48
230.00	47350.98
230.05	47420.50
230.10	47493.84
230.16	47567.99
230.21	47635.33
230.26	47691.49
230.31	47736.85
230.36	47797.22
230.41	47860.03
230.46	47946.63
230.52	48041.22
230.57	48129.98
230.62	48224.49
230.67	48294.65
230.72	48348.75
230.77	48387.83
230.82	48436.57
230.88	48461.81
230.93	48510.19
230.98	48543.82
231.03	48596.93
231.08	48643.20
231.13	48691.58
231.19	48759.83
231.24	48840.02
231.29	48917.60
231.34	48993.90
231.39	49074.68
231.44	49137.71
231.49	49188.91
231.55	49236.98
231.60	49285.95
231.65	49336.17
231.70	49385.22
231.75	49437.27
231.80	49477.73
231.85	49532.59
231.91	49573.43
231.96	49624.55
232.01	49695.23
232.06	49772.30
232.11	49839.83
232.16	49926.09
232.21	50013.80
232.26	50097.11
232.32	50180.58
232.37	50248.13
232.42	50307.60
232.47	50353.54
232.52	50394.05
232.57	50436.85
232.62	50492.37
232.68	50553.19
232.73	50628.54
232.78	50709.94
232.83	50788.11
232.88	50862.30
232.93	50937.59
232.98	51006.01
233.03	51054.14
233.09	51114.66
233.14	51185.91
233.19	51246.86
233.24	51289.91
233.29	51348.95
233.34	51382.52
233.39	51406.54
233.45	51436.22
233.50	51483.04
233.55	51522.51
233.60	51588.82
233.65	51651.21
233.70	51716.37
233.75	51763.91
233.80	51826.50
233.86	51879.79
233.91	51931.86
233.96	51977.70
234.01	52043.39
234.06	52092.36
234.11	52152.07
234.16	52206.70
234.21	52269.26
234.26	52315.48
234.32	52350.48
234.37	52374.59
234.42	52406.06
234.47	52426.65
234.52	52449.85
234.57	52499.66
234.62	52544.17
234.67	52596.11
234.73	52648.32
234.78	52713.81
234.83	52760.33
234.88	52806.95
234.93	52839.04
234.98	52884.12
235.03	52922.10
235.08	52978.10
235.13	53043.45
235.19	53128.77
235.24	53186.97
235.29	53251.46
235.34	53293.47
235.39	53319.44
235.44	53342.54
235.49	53382.18
235.54	53412.75
235.59	53432.35
235.65	53471.75
235.70	53499.15
235.75	53534.21
235.80	53580.36
235.85	53640.17
235.90	53682.57
235.95	53718.00
236.00	53751.36
236.05	53779.25
236.11	53809.49
236.16	53839.94
236.21	53883.24
236.26	53922.42
236.31	53947.45
236.36	53972.19
236.41	53986.66
236.46	53996.52
236.51	54008.74
236.56	54038.65
236.62	54063.00
236.67	54100.12
236.72	54147.12
236.77	54181.21
236.82	54220.21
236.87	54245.28
236.92	54270.48
236.97	54299.10
237.02	54343.88
237.07	54392.75
237.13	54456.56
237.18	54512.48
237.23	54561.04
237.28	54595.75
237.33	54627.22
237.38	54648.23
237.43	54670.68
237.48	54680.68
237.53	54705.11
237.58	54726.02
237.63	54766.77
237.69	54808.55
237.74	54864.41
237.79	54908.27
237.84	54923.21
237.89	54930.91
237.94	54935.15
237.99	54949.12
238.04	54964.04
238.09	54993.83
238.14	55022.67
238.19	55047.27
238.25	55059.04
238.30	55054.19
238.35	55054.04
238.40	55056.36
238.45	55068.04
238.50	55072.28
238.55	55090.99
238.60	55117.30
238.65	55133.88
238.70	55147.09
238.75	55170.33
238.80	55192.64
238.86	55192.52
238.91	55204.83
238.96	55236.48
239.01	55261.58
239.06	55293.20
239.11	55326.63
239.16	55353.71
239.21	55352.31
239.26	55341.97
239.31	55350.47
239.36	55366.25
239.41	55385.55
239.46	55414.40
239.52	55451.45
239.57	55463.83
239.62	55478.98
239.67	55500.18
239.72	55524.00
239.77	55543.54
239.82	55564.95
239.87	55572.13
239.92	55572.28
239.97	55568.41
240.02	55557.58
240.07	55544.68
240.12	55549.82
240.17	55560.44
240.23	55561.64
240.28	55569.36
240.33	55581.58
240.38	55573.80
240.43	55572.77
240.48	55580.82
240.53	55591.78
240.58	55604.94
240.63	55634.66
240.68	55641.83
240.73	55637.67
240.78	55629.35
240.83	55629.16
240.88	55609.37
240.93	55597.56
240.98	55603.22
241.04	55633.73
241.09	55657.77
241.14	55687.62
241.19	55732.84
241.24	55762.06
241.29	55778.55
241.34	55782.27
241.39	55803.41
241.44	55800.31
241.49	55807.76
241.54	55798.57
241.59	55795.41
241.64	55786.16
241.69	55778.99
241.74	55760.25
241.79	55750.75
241.84	55732.49
241.90	55708.43
241.95	55680.77
242.00	55660.05
242.05	55637.73
242.10	55630.90
242.15	55620.80
242.20	55618.93
242.25	55619.84
242.30	55615.29
242.35	55602.77
242.40	55599.11
242.45	55589.19
242.50	55573.56
242.55	55573.54
242.60	55570.53
242.65	55566.67
242.70	55579.73
242.75	55603.19
242.80	55639.92
242.85	55681.64
242.91	55700.76
242.96	55693.41
243.01	55687.93
243.06	55655.55
243.11	55619.00
243.16	55596.51
243.21	55599.44
243.26	55602.48
243.31	55616.11
243.36	55624.53
243.41	55643.81
243.46	55640.47
243.51	55610.04
243.56	55551.74
243.61	55497.32
243.66	55450.21
243.71	55415.45
243.76	55403.43
243.81	55417.26
243.86	55418.39
243.91	55418.69
243.96	55421.36
244.01	55408.35
244.06	55377.45
244.12	55367.77
244.17	55353.82
244.22	55339.50
244.27	55360.65
244.32	55397.16
244.37	55424.31
244.42	55431.10
244.47	55427.63
244.52	55400.48
244.57	55362.50
244.62	55327.40
244.67	55303.79
244.72	55287.17
244.77	55284.94
244.82	55305.16
244.87	55341.83
244.92	55370.27
244.97	55392.19
245.02	55388.51
245.07	55367.28
245.12	55347.04
245.17	55328.40
245.22	55318.09
245.27	55315.51
245.32	55289.29
245.37	55243.59
245.42	55197.51
245.47	55152.74
245.52	55109.62
245.57	55089.54
245.62	55072.39
245.67	55059.84
245.72	55045.09
245.77	55022.19
245.82	55010.55
245.87	55016.88
245.92	55024.19
245.98	55019.57
246.03	55021.16
246.08	55028.04
246.13	55011.16
246.18	55013.92
246.23	55011.23
246.28	55002.56
246.33	54990.67
246.38	54963.99
246.43	54934.48
246.48	54908.41
246.53	54909.25
246.58	54903.92
246.63	54917.61
246.68	54910.48
246.73	54903.82
246.78	54868.89
246.83	54816.51
246.88	54756.90
246.93	54706.70
246.98	54659.31
247.03	54633.34
247.08	54621.05
247.13	54615.61
247.18	54610.37
247.23	54629.03
247.28	54629.19
247.33	54615.10
247.38	54592.25
247.43	54573.80
247.48	54548.15
247.53	54514.21
247.58	54483.10
247.63	54451.60
247.68	54413.06
247.73	54350.60
247.78	54314.83
247.83	54286.17
247.88	54271.48
247.93	54264.64
247.98	54270.98
248.03	54274.70
248.08	54285.83
248.13	54282.89
248.18	54265.61
248.23	54258.28
248.28	54226.50
248.33	54185.59
248.38	54149.35
248.43	54125.38
248.48	54103.25
248.53	54094.69
248.58	54080.73
248.63	54075.96
248.68	54052.12
248.73	54020.50
248.78	53980.75
248.83	53936.00
248.88	53869.78
248.93	53806.56
248.98	53740.34
249.03	53695.35
249.08	53663.18
249.13	53658.81
249.18	53651.59
249.23	53653.95
249.28	53641.27
249.33	53641.48
249.38	53626.59
249.43	53616.88
249.48	53596.23
249.53	53594.01
249.58	53566.65
249.63	53538.44
249.68	53513.14
249.73	53500.11
249.78	53472.06
249.83	53472.81
249.88	53456.00
249.93	53446.21
249.98	53431.83
250.03	53427.67
250.08	53391.93
250.13	53381.30
250.18	53355.90
250.23	53314.81
250.28	53257.01
250.33	53206.97
250.37	53158.16
250.42	53120.51
250.47	53090.55
250.52	53081.48
250.57	53068.74
250.62	53034.87
250.67	53002.69
250.72	52984.56
250.77	52943.48
250.82	52919.62
250.87	52915.49
250.92	52907.89
250.97	52876.22
251.02	52869.74
251.07	52867.61
251.12	52845.75
251.17	52815.33
251.22	52795.06
251.27	52756.02
251.32	52704.20
251.37	52656.00
251.42	52614.78
251.47	52572.13
251.52	52547.25
251.57	52526.13
251.62	52512.93
251.67	52491.46
251.72	52470.87
251.77	52435.42
251.82	52393.10
251.87	52347.74
251.92	52306.18
251.97	52249.99
252.02	52204.44
252.07	52177.85
252.12	52165.43
252.16	52151.81
252.21	52156.30
252.26	52160.63
252.31	52154.31
252.36	52137.37
252.41	52122.00
252.46	52098.12
252.51	52065.21
252.56	52030.42
252.61	52004.00
252.66	51981.87
252.71	51964.21
252.76	51936.71
252.81	51899.43
252.86	51844.07
252.91	51784.45
252.96	51716.70
253.01	51655.75
253.06	51593.67
253.11	51547.96
253.16	51512.94
253.21	51466.90
253.26	51433.16
253.31	51399.32
253.36	51373.61
253.40	51338.41
253.45	51327.44
253.50	51287.53
253.55	51254.85
253.60	51209.11
253.65	51170.95
253.70	51134.90
253.75	51120.10
253.80	51106.71
253.85	51100.78
253.90	51103.23
253.95	51097.91
254.00	51090.31
254.05	51073.87
254.10	51036.92
254.15	50994.31
254.20	50961.20
254.25	50924.20
254.30	50889.40
254.35	50850.37
254.39	50781.40
254.44	50698.16
254.49	50616.85
254.54	50584.11
254.59	50551.92
254.64	50551.29
254.69	50547.23
254.74	50548.25
254.79	50511.81
254.84	50482.30
254.89	50449.46
254.94	50443.24
254.99	50436.38
255.04	50427.09
255.09	50418.32
255.14	50402.22
255.19	50379.28
255.23	50359.76
255.28	50345.91
255.33	50335.46
255.38	50327.34
255.43	50316.48
255.48	50292.04
255.53	50252.39
255.58	50224.79
255.63	50184.47
255.68	50134.64
255.73	50092.46
255.78	50060.59
255.83	50034.56
255.88	50011.17
255.93	49981.45
255.97	49956.36
256.02	49926.18
256.07	49871.18
256.12	49801.94
256.17	49752.77
256.22	49697.62
256.27	49644.02
256.32	49604.57
256.37	49587.96
256.42	49566.34
256.47	49537.46
256.52	49517.33
256.57	49496.93
256.62	49478.18
256.66	49466.53
256.71	49445.04
256.76	49402.70
256.81	49352.50
256.86	49302.62
256.91	49255.19
256.96	49210.62
257.01	49181.84
257.06	49162.54
257.11	49124.87
257.16	49062.44
257.21	49024.15
257.26	48986.35
257.30	48948.27
257.35	48913.80
257.40	48894.16
257.45	48878.31
257.50	48846.32
257.55	48809.09
257.60	48782.16
257.65	48754.78
257.70	48709.27
257.75	48673.45
257.80	48641.29
257.85	48611.48
257.89	48564.95
257.94	48511.14
257.99	48454.87
258.04	48399.26
258.09	48356.79
258.14	48323.06
258.19	48302.61
258.24	48281.04
258.29	48244.07
258.34	48198.13
258.39	48165.44
258.44	48110.37
258.48	48063.12
258.53	48032.67
258.58	47993.83
258.63	47941.30
258.68	47898.04
258.73	47855.96
258.78	47816.75
258.83	47769.20
258.88	47733.43
258.93	47700.42
258.97	47669.05
259.02	47634.31
259.07	47612.52
259.12	47591.84
259.17	47577.68
259.22	47556.66
259.27	47535.99
259.32	47515.11
259.37	47472.31
259.42	47432.77
259.47	47390.39
259.51	47337.54
259.56	47279.16
259.61	47209.79
259.66	47134.62
259.71	47062.33
259.76	47003.51
259.81	46933.17
259.86	46901.23
259.91	46858.45
259.95	46831.50
260.00	46800.26
260.05	46786.66
260.10	46765.22
260.15	46757.50
260.20	46742.90
260.25	46737.05
260.30	46724.22
260.35	46694.39
260.40	46657.88
260.44	46628.09
260.49	46607.26
260.54	46574.31
260.59	46548.35
260.64	46541.43
260.69	46538.53
260.74	46505.92
260.79	46471.54
260.84	46429.53
260.88	46369.95
260.93	46292.55
260.98	46240.78
261.03	46197.97
261.08	46171.18
261.13	46135.15
261.18	46090.25
261.23	46033.36
261.28	45998.80
261.32	45951.81
261.37	45915.71
261.42	45899.34
261.47	45882.40
261.52	45827.93
261.57	45786.03
261.62	45735.78
261.67	45674.39
261.71	45603.79
261.76	45566.01
261.81	45508.40
261.86	45460.88
261.91	45417.09
261.96	45385.28
262.01	45344.12
262.06	45325.94
262.10	45313.54
262.15	45298.53
262.20	45277.69
262.25	45259.80
262.30	45237.42
262.35	45206.01
262.40	45176.36
262.45	45140.42
262.49	45109.24
262.54	45078.54
262.59	45053.37
262.64	45023.35
262.69	44990.48
262.74	44947.38
262.79	44891.00
262.84	44837.83
262.88	44789.73
262.93	44739.67
262.98	44707.08
263.03	44669.77
263.08	44618.66
263.13	44551.67
263.18	44492.40
263.23	44422.52
263.27	44372.32
263.32	44332.51
263.37	44316.62
263.42	44304.71
263.47	44270.93
263.52	44243.91
263.57	44215.23
263.61	44172.28
263.66	44130.95
263.71	44107.28
263.76	44071.61
263.81	44030.69
263.86	43996.71
263.91	43946.94
263.95	43879.32
264.00	43814.62
264.05	43762.60
264.10	43696.94
264.15	43638.36
264.20	43599.85
264.25	43560.22
264.29	43513.31
264.34	43461.85
264.39	43426.89
264.44	43375.21
264.49	43333.83
264.54	43288.14
264.59	43259.55
264.63	43211.43
264.68	43165.68
264.73	43109.93
264.78	43065.31
264.83	43001.95
264.88	42954.39
264.93	42927.61
264.97	42900.83
265.02	42868.63
265.07	42854.26
265.12	42816.12
265.17	42766.67
265.22	42729.68
265.27	42673.45
265.31	42611.95
265.36	42557.45
265.41	42505.62
265.46	42440.88
265.51	42369.62
265.56	42305.43
265.60	42253.76
265.65	42191.23
265.70	42133.59
265.75	42087.31
265.80	42046.25
265.85	41986.82
265.90	41934.15
265.94	41874.71
265.99	41814.60
266.04	41754.66
266.09	41714.50
266.14	41680.86
266.19	41648.75
266.23	41620.60
266.28	41584.21
266.33	41550.23
266.38	41522.03
266.43	41491.64
266.48	41466.03
266.52	41442.26
266.57	41406.63
266.62	41362.09
266.67	41315.09
266.72	41268.14
266.77	41224.90
266.81	41193.02
266.86	41159.25
266.91	41125.13
266.96	41087.79
267.01	41054.53
267.06	41006.05
267.10	40957.12
267.15	40911.70
267.20	40884.05
267.25	40841.32
267.30	40804.73
267.35	40774.59
267.39	40736.84
267.44	40692.86
267.49	40647.56
267.54	40595.63
267.59	40540.98
267.64	40490.82
267.68	40429.17
267.73	40375.17
267.78	40336.38
267.83	40313.42
267.88	40298.93
267.93	40296.48
267.97	40280.01
268.02	40247.70
268.07	40195.18
268.12	40137.13
268.17	40071.24
268.21	40027.48
268.26	39981.29
268.31	39938.69
268.36	39892.66
268.41	39845.63
268.46	39793.28
268.50	39755.54
268.55	39703.43
268.60	39643.29
268.65	39577.42
268.70	39504.74
268.74	39425.18
268.79	39357.25
268.84	39304.98
268.89	39267.62
268.94	39236.33
268.99	39199.65
269.03	39163.11
269.08	39113.19
269.13	39040.78
269.18	38958.83
269.23	38863.19
269.27	38751.33
269.32	38620.04
269.37	38495.07
269.42	38357.17
269.47	38223.13
269.51	38089.73
269.56	37961.69
269.61	37819.63
269.66	37669.01
269.71	37510.19
269.76	37355.26
269.80	37198.17
269.85	37049.33
269.90	36909.64
269.95	36768.80
270.00	36612.62
270.04	36469.04
270.09	36325.47
270.14	36176.48
270.19	36036.88
270.24	35903.38
270.28	35744.59
270.33	35572.85
270.38	35392.17
270.43	35212.68
270.48	35037.18
270.52	34882.58
270.57	34726.88
270.62	34579.07
270.67	34429.40
270.72	34269.43
270.76	34091.09
270.81	33923.87
270.86	33746.53
270.91	33569.51
270.96	33398.49
271.00	33238.66
271.05	33081.26
271.10	32948.35
271.15	32812.81
271.20	32683.97
271.24	32550.07
271.29	32413.33
271.34	32267.39
271.39	32121.17
271.44	31974.21
271.48	31834.91
271.53	31687.57
271.58	31538.70
271.63	31389.94
271.67	31242.41
271.72	31098.58
271.77	30955.14
271.82	30817.66
271.87	30679.63
271.91	30524.98
271.96	30379.01
272.01	30238.78
272.06	30109.35
272.11	29986.56
272.15	29883.62
272.20	29772.23
272.25	29675.32
272.30	29568.83
272.35	29466.23
272.39	29363.61
272.44	29242.31
272.49	29105.73
272.54	28963.03
272.58	28810.42
272.63	28653.15
272.68	28502.63
272.73	28346.48
272.78	28177.08
272.82	27982.14
272.87	27756.19
272.92	27476.33
272.97	26952.05
273.01	23984.40
273.06	19016.91
273.11	13547.04
273.16	8172.10
273.21	3076.53
273.25	464.89
273.30	-88.13
273.35	-88.86
