165.32	3373.94
165.38	-246.37
165.44	595.26
165.50	-77.40
165.55	-20.64
165.61	0.38
165.67	26.98
165.72	34.77
165.78	39.52
165.84	38.19
165.89	35.21
165.95	33.69
166.01	32.81
166.06	34.02
166.12	36.82
166.18	34.59
166.23	36.29
166.29	36.12
166.35	33.14
166.40	31.80
166.46	38.27
166.52	40.83
166.57	41.86
166.63	42.71
166.69	45.15
166.74	39.55
166.80	39.97
166.86	41.86
166.91	42.36
166.97	37.21
167.03	39.39
167.08	33.58
167.14	32.45
167.20	30.27
167.25	42.33
167.31	42.66
167.37	47.95
167.42	49.57
167.48	55.48
167.54	49.99
167.59	49.85
167.65	45.79
167.71	45.46
167.76	44.59
167.82	40.11
167.88	39.59
167.93	47.51
167.99	46.79
168.05	48.58
168.10	56.49
168.16	55.70
168.21	53.45
168.27	57.59
168.33	59.96
168.38	52.76
168.44	57.73
168.50	56.31
168.55	54.89
168.61	55.34
168.67	57.43
168.72	54.59
168.78	54.57
168.84	50.37
168.89	49.24
168.95	49.93
169.01	49.09
169.06	48.99
169.12	48.29
169.18	45.93
169.23	45.72
169.29	50.16
169.34	54.09
169.40	56.59
169.46	61.09
169.51	63.21
169.57	58.90
169.63	55.02
169.68	60.35
169.74	56.85
169.80	62.61
169.85	63.87
169.91	67.69
169.97	63.65
170.02	63.19
170.08	62.31
170.13	62.82
170.19	62.91
170.25	64.52
170.30	68.76
170.36	60.39
170.42	62.55
170.47	63.90
170.53	65.47
170.59	62.68
170.64	65.93
170.70	63.95
170.76	61.01
170.81	62.69
170.87	61.97
170.92	63.07
170.98	65.90
171.04	68.22
171.09	63.81
171.15	70.97
171.21	71.84
171.26	69.37
171.32	66.68
171.37	70.48
171.43	64.96
171.49	69.27
171.54	71.97
171.60	73.56
171.66	75.57
171.71	76.32
171.77	74.03
171.83	80.07
171.88	79.77
171.94	79.04
171.99	83.73
172.05	83.19
172.11	83.88
172.16	91.93
172.22	92.23
172.28	92.62
172.33	90.27
172.39	87.11
172.44	83.86
172.50	89.22
172.56	88.39
172.61	96.90
172.67	96.63
172.72	96.37
172.78	91.01
172.84	86.31
172.89	79.50
172.95	79.24
173.01	80.57
173.06	79.30
173.12	84.71
173.17	85.92
173.23	85.12
173.29	85.45
173.34	87.10
173.40	81.61
173.46	82.61
173.51	85.70
173.57	85.32
173.62	80.23
173.68	87.10
173.74	85.96
173.79	87.24
173.85	84.35
173.90	86.66
173.96	82.67
174.02	79.67
174.07	71.41
174.13	70.50
174.18	72.91
174.24	66.26
174.30	66.43
174.35	71.73
174.41	69.02
174.47	63.18
174.52	64.30
174.58	63.44
174.63	58.87
174.69	57.84
174.75	59.43
174.80	70.99
174.86	68.79
174.91	69.86
174.97	69.49
175.03	66.77
175.08	54.23
175.14	60.41
175.19	56.41
175.25	56.96
175.31	62.11
175.36	63.57
175.42	60.59
175.47	65.31
175.53	65.68
175.59	61.81
175.64	63.70
175.70	61.75
175.75	56.89
175.81	55.66
175.87	56.86
175.92	52.66
175.98	54.00
176.03	54.18
176.09	54.83
176.15	54.40
176.20	55.39
176.26	55.33
176.31	58.90
176.37	56.04
176.42	57.47
176.48	61.10
176.54	58.63
176.59	55.39
176.65	57.99
176.70	59.31
176.76	58.46
176.82	56.39
176.87	53.46
176.93	53.59
176.98	52.10
177.04	47.17
177.10	52.11
177.15	53.54
177.21	54.07
177.26	53.20
177.32	56.85
177.37	58.84
177.43	62.37
177.49	58.98
177.54	56.16
177.60	56.93
177.65	57.11
177.71	51.94
177.77	55.49
177.82	57.30
177.88	60.56
177.93	56.12
177.99	62.51
178.04	58.07
178.10	58.70
178.16	52.76
178.21	53.64
178.27	50.82
178.32	54.26
178.38	52.96
178.43	54.31
178.49	54.51
178.55	53.56
178.60	52.42
178.66	51.90
178.71	53.24
178.77	51.47
178.82	52.68
178.88	52.79
178.94	53.11
178.99	54.56
179.05	57.86
179.10	53.62
179.16	56.42
179.21	59.14
179.27	57.73
179.33	54.30
179.38	58.34
179.44	56.60
179.49	56.40
179.55	54.83
179.60	54.58
179.66	53.56
179.72	55.78
179.77	53.36
179.83	51.81
179.88	53.86
179.94	55.31
179.99	51.20
180.05	51.40
180.11	52.52
180.16	54.53
180.22	56.84
180.27	61.73
180.33	62.47
180.38	66.63
180.44	62.40
180.49	61.84
180.55	59.84
180.61	63.90
180.66	58.85
180.72	57.17
180.77	55.63
180.83	55.73
180.88	53.03
180.94	52.53
180.99	56.46
181.05	56.29
181.11	57.56
181.16	57.91
181.22	59.41
181.27	61.61
181.33	60.54
181.38	57.17
181.44	58.00
181.49	62.43
181.55	62.83
181.61	69.14
181.66	71.88
181.72	70.04
181.77	67.34
181.83	65.37
181.88	70.17
181.94	72.27
181.99	77.35
182.05	78.13
182.11	79.21
182.16	70.67
182.22	68.76
182.27	64.81
182.33	67.54
182.38	67.18
182.44	71.63
182.49	72.96
182.55	74.22
182.60	72.74
182.66	75.24
182.72	77.21
182.77	79.63
182.83	83.07
182.88	86.52
182.94	88.38
182.99	86.07
183.05	84.84
183.10	87.32
183.16	87.64
183.21	89.93
183.27	98.24
183.32	103.99
183.38	109.31
183.44	118.29
183.49	124.72
183.55	128.24
183.60	137.14
183.66	145.23
183.71	155.86
183.77	166.10
183.82	177.59
183.88	190.67
183.93	204.24
183.99	220.10
184.04	238.74
184.10	252.87
184.15	266.17
184.21	281.56
184.27	283.98
184.32	283.32
184.38	279.32
184.43	272.12
184.49	250.32
184.54	228.71
184.60	215.29
184.65	198.83
184.71	187.55
184.76	188.71
184.82	206.95
184.87	225.79
184.93	253.78
184.98	284.67
185.04	320.16
185.09	348.60
185.15	378.88
185.20	414.70
185.26	452.83
185.31	485.72
185.37	517.11
185.43	539.64
185.48	560.77
185.54	585.57
185.59	611.50
185.65	638.05
185.70	681.85
185.76	730.76
185.81	767.98
185.87	807.42
185.92	855.28
185.98	892.67
186.03	909.89
186.09	910.09
186.14	881.57
186.20	821.45
186.25	726.37
186.31	630.64
186.36	557.07
186.42	522.62
186.47	530.43
186.53	580.17
186.58	652.84
186.64	730.99
186.69	809.45
186.75	871.99
186.80	930.78
186.86	987.89
186.91	1042.44
186.97	1088.46
187.02	1147.77
187.08	1197.54
187.13	1233.04
187.19	1267.55
187.24	1296.36
187.30	1300.57
187.35	1300.53
187.41	1312.53
187.47	1326.14
187.52	1347.79
187.58	1401.96
187.63	1491.33
187.69	1597.61
187.74	1693.90
187.80	1773.56
187.85	1828.94
187.91	1850.44
187.96	1837.88
188.02	1794.32
188.07	1724.57
188.13	1614.90
188.18	1496.33
188.24	1412.50
188.29	1382.72
188.35	1406.75
188.40	1494.14
188.46	1627.19
188.51	1756.83
188.57	1889.01
188.62	2016.92
188.67	2137.15
188.73	2250.24
188.78	2361.02
188.84	2466.21
188.89	2571.50
188.95	2681.34
189.00	2775.38
189.06	2874.46
189.11	2970.13
189.17	3053.59
189.22	3125.31
189.28	3212.48
189.33	3288.33
189.39	3353.64
189.44	3419.58
189.50	3496.18
189.55	3564.91
189.61	3617.88
189.66	3674.60
189.72	3732.49
189.77	3779.76
189.83	3802.21
189.88	3807.45
189.94	3768.72
189.99	3679.26
190.05	3512.54
190.10	3278.94
190.16	3006.61
190.21	2762.54
190.27	2592.33
190.32	2521.32
190.38	2548.22
190.43	2646.70
190.49	2764.61
190.54	2848.42
190.60	2903.51
190.65	2931.61
190.71	2943.14
190.76	2952.02
190.81	2983.37
190.87	3046.34
190.92	3168.09
190.98	3336.99
191.03	3533.57
191.09	3728.88
191.14	3889.31
191.20	4005.55
191.25	4107.11
191.31	4218.50
191.36	4364.43
191.42	4555.06
191.47	4776.11
191.53	4998.08
191.58	5182.39
191.64	5322.64
191.69	5424.37
191.75	5489.20
191.80	5531.05
191.85	5554.26
191.91	5576.81
191.96	5601.80
192.02	5631.73
192.07	5646.67
192.13	5647.52
192.18	5596.04
192.24	5475.00
192.29	5274.65
192.35	5044.41
192.40	4856.80
192.46	4750.95
192.51	4748.68
192.57	4849.53
192.62	5029.69
192.67	5217.81
192.73	5399.94
192.78	5567.04
192.84	5719.37
192.89	5857.91
192.95	5990.00
193.00	6105.93
193.06	6215.92
193.11	6326.47
193.17	6418.39
193.22	6503.03
193.28	6594.14
193.33	6671.07
193.38	6737.21
193.44	6807.84
193.49	6881.28
193.55	6942.03
193.60	7000.60
193.66	7053.20
193.71	7101.74
193.77	7127.69
193.82	7145.38
193.88	7164.96
193.93	7193.80
193.98	7222.46
194.04	7262.62
194.09	7310.01
194.15	7361.16
194.20	7400.22
194.26	7434.97
194.31	7470.75
194.37	7489.62
194.42	7486.60
194.47	7466.98
194.53	7415.46
194.58	7322.17
194.64	7206.31
194.69	7106.31
194.75	7036.34
194.80	7019.87
194.86	7057.36
194.91	7148.96
194.97	7249.42
195.02	7351.39
195.07	7443.34
195.13	7529.31
195.18	7614.26
195.24	7683.68
195.29	7748.02
195.35	7794.11
195.40	7844.60
195.46	7885.59
195.51	7962.80
195.56	8064.79
195.62	8186.74
195.67	8302.35
195.73	8418.47
195.78	8501.55
195.84	8547.35
195.89	8577.52
195.94	8610.88
196.00	8655.55
196.05	8718.13
196.11	8804.47
196.16	8894.94
196.22	8985.86
196.27	9063.56
196.32	9127.84
196.38	9178.60
196.43	9231.01
196.49	9267.21
196.54	9308.27
196.60	9352.63
196.65	9400.14
196.71	9441.37
196.76	9492.87
196.81	9531.80
196.87	9567.12
196.92	9592.81
196.98	9612.16
197.03	9620.01
197.09	9613.80
197.14	9605.19
197.19	9604.00
197.25	9617.45
197.30	9642.24
197.36	9694.91
197.41	9757.13
197.47	9822.15
197.52	9884.70
197.57	9953.69
197.63	10011.10
197.68	10067.65
197.74	10121.42
197.79	10168.95
197.84	10211.53
197.90	10259.14
197.95	10297.57
198.01	10330.64
198.06	10371.18
198.12	10410.59
198.17	10441.61
198.22	10475.67
198.28	10514.94
198.33	10550.29
198.39	10589.54
198.44	10639.33
198.49	10690.14
198.55	10740.16
198.60	10790.94
198.66	10838.90
198.71	10888.17
198.77	10936.25
198.82	10989.24
198.87	11038.75
198.93	11085.76
198.98	11128.94
199.04	11175.18
199.09	11217.07
199.14	11263.37
199.20	11307.39
199.25	11352.06
199.31	11400.48
199.36	11444.88
199.42	11489.39
199.47	11536.62
199.52	11577.54
199.58	11613.41
199.63	11643.63
199.69	11672.81
199.74	11701.25
199.79	11722.20
199.85	11749.87
199.90	11792.15
199.96	11834.41
200.01	11880.88
200.06	11939.98
200.12	11991.81
200.17	12043.02
200.23	12093.47
200.28	12136.17
200.33	12186.24
200.39	12232.59
200.44	12273.56
200.50	12317.50
200.55	12357.47
200.60	12393.59
200.66	12433.60
200.71	12470.91
200.77	12515.73
200.82	12559.61
200.87	12599.24
200.93	12637.34
200.98	12678.04
201.04	12713.81
201.09	12761.91
201.14	12816.42
201.20	12864.67
201.25	12922.20
201.31	12974.86
201.36	13028.74
201.41	13079.25
201.47	13136.52
201.52	13181.55
201.58	13243.05
201.63	13292.99
201.68	13339.73
201.74	13389.27
201.79	13446.56
201.84	13495.14
201.90	13544.12
201.95	13591.61
202.01	13639.52
202.06	13686.14
202.11	13723.88
202.17	13766.57
202.22	13810.19
202.28	13851.71
202.33	13889.16
202.38	13927.05
202.44	13970.66
202.49	14020.78
202.54	14069.68
202.60	14117.01
202.65	14168.43
202.71	14214.01
202.76	14254.83
202.81	14297.86
202.87	14351.35
202.92	14401.58
202.98	14456.00
203.03	14510.25
203.08	14567.67
203.14	14618.44
203.19	14670.57
203.24	14724.25
203.30	14776.29
203.35	14824.21
203.41	14872.30
203.46	14915.99
203.51	14956.84
203.57	14992.12
203.62	15033.70
203.67	15074.98
203.73	15115.15
203.78	15156.26
203.84	15197.92
203.89	15226.68
203.94	15249.89
204.00	15269.96
204.05	15278.69
204.10	15275.36
204.16	15253.11
204.21	15216.23
204.27	15156.56
204.32	15063.96
204.37	14948.21
204.43	14794.10
204.48	14612.75
204.53	14445.11
204.59	14371.68
204.64	14426.77
204.69	14617.77
204.75	14901.33
204.80	15217.35
204.86	15466.85
204.91	15615.52
204.96	15664.02
205.02	15648.98
205.07	15632.93
205.12	15684.81
205.18	15811.52
205.23	15998.87
205.28	16234.31
205.34	16464.35
205.39	16651.68
205.45	16784.00
205.50	16882.06
205.55	16957.02
205.61	17022.96
205.66	17082.08
205.71	17145.71
205.77	17210.28
205.82	17269.54
205.87	17328.03
205.93	17382.44
205.98	17427.32
206.03	17470.84
206.09	17513.48
206.14	17560.76
206.20	17612.65
206.25	17669.13
206.30	17727.22
206.36	17788.34
206.41	17853.19
206.46	17909.06
206.52	17953.94
206.57	18007.28
206.62	18049.79
206.68	18090.69
206.73	18141.82
206.78	18199.52
206.84	18253.87
206.89	18315.43
206.94	18382.78
207.00	18452.36
207.05	18525.51
207.11	18589.39
207.16	18650.87
207.21	18710.57
207.27	18764.79
207.32	18818.93
207.37	18880.79
207.43	18944.06
207.48	18994.35
207.53	19044.01
207.59	19100.10
207.64	19153.00
207.69	19220.92
207.75	19291.71
207.80	19356.50
207.85	19416.83
207.91	19469.75
207.96	19519.00
208.01	19572.79
208.07	19632.91
208.12	19690.17
208.17	19751.21
208.23	19802.12
208.28	19853.84
208.33	19910.42
208.39	19970.86
208.44	20034.24
208.49	20094.62
208.55	20147.86
208.60	20200.25
208.65	20246.41
208.71	20294.56
208.76	20352.18
208.81	20417.69
208.87	20485.14
208.92	20549.81
208.97	20616.32
209.03	20675.74
209.08	20735.02
209.13	20791.17
209.19	20853.36
209.24	20910.28
209.29	20977.39
209.35	21032.12
209.40	21091.32
209.45	21150.40
209.51	21215.44
209.56	21279.17
209.61	21345.61
209.67	21413.80
209.72	21475.98
209.77	21539.04
209.83	21599.47
209.88	21667.96
209.93	21734.63
209.99	21800.74
210.04	21869.06
210.09	21934.79
210.15	21989.72
210.20	22044.23
210.25	22109.33
210.31	22171.95
210.36	22221.91
210.41	22279.24
210.46	22337.73
210.52	22387.90
210.57	22431.57
210.62	22488.38
210.68	22552.33
210.73	22603.62
210.78	22664.99
210.84	22729.51
210.89	22795.31
210.94	22853.90
211.00	22914.50
211.05	22966.57
211.10	23030.62
211.16	23090.04
211.21	23161.29
211.26	23231.97
211.32	23307.85
211.37	23372.40
211.42	23439.37
211.47	23505.15
211.53	23567.48
211.58	23626.49
211.63	23689.31
211.69	23743.82
211.74	23791.78
211.79	23839.83
211.85	23903.95
211.90	23959.52
211.95	24034.57
212.01	24104.23
212.06	24188.69
212.11	24257.34
212.16	24331.79
212.22	24398.00
212.27	24461.37
212.32	24523.94
212.38	24589.99
212.43	24655.63
212.48	24719.74
212.54	24790.36
212.59	24860.22
212.64	24926.40
212.69	24989.99
212.75	25054.75
212.80	25121.58
212.85	25184.60
212.91	25235.30
212.96	25294.32
213.01	25354.35
213.07	25414.24
213.12	25477.83
213.17	25542.55
213.22	25603.62
213.28	25664.42
213.33	25714.18
213.38	25762.09
213.44	25819.21
213.49	25887.98
213.54	25954.20
213.60	26032.21
213.65	26106.50
213.70	26184.01
213.75	26236.86
213.81	26281.30
213.86	26315.47
213.91	26348.49
213.97	26365.32
214.02	26379.51
214.07	26383.03
214.12	26378.73
214.18	26359.46
214.23	26332.71
214.28	26282.21
214.34	26202.70
214.39	26087.70
214.44	25923.29
214.49	25700.14
214.55	25410.14
214.60	25053.64
214.65	24637.71
214.71	24275.80
214.76	24130.99
214.81	24250.88
214.86	24639.33
214.92	25238.57
214.97	25872.15
215.02	26356.69
215.08	26644.84
215.13	26749.03
215.18	26687.33
215.23	26559.25
215.29	26477.51
215.34	26545.60
215.39	26738.66
215.45	27073.92
215.50	27506.62
215.55	27935.20
215.60	28252.56
215.66	28470.86
215.71	28622.31
215.76	28725.70
215.81	28793.28
215.87	28854.59
215.92	28917.70
215.97	28965.01
216.03	29013.39
216.08	29069.85
216.13	29134.60
216.18	29203.14
216.24	29277.14
216.29	29343.29
216.34	29400.67
216.39	29468.71
216.45	29530.85
216.50	29586.46
216.55	29646.12
216.61	29719.61
216.66	29769.32
216.71	29823.51
216.76	29888.16
216.82	29961.45
216.87	30030.02
216.92	30106.91
216.97	30180.16
217.03	30257.21
217.08	30326.29
217.13	30402.42
217.18	30475.59
217.24	30550.02
217.29	30611.83
217.34	30664.13
217.39	30711.98
217.45	30762.78
217.50	30816.12
217.55	30873.52
217.61	30943.83
217.66	31006.41
217.71	31071.56
217.76	31142.52
217.82	31221.63
217.87	31301.36
217.92	31378.26
217.97	31448.29
218.03	31513.16
218.08	31564.32
218.13	31602.53
218.18	31646.94
218.24	31713.69
218.29	31759.24
218.34	31819.02
218.39	31888.73
218.45	31958.77
218.50	32013.96
218.55	32086.47
218.60	32149.03
218.66	32206.45
218.71	32271.40
218.76	32338.05
218.81	32409.72
218.87	32477.95
218.92	32549.54
218.97	32618.70
219.02	32688.44
219.08	32755.29
219.13	32828.37
219.18	32894.14
219.23	32953.55
219.29	33008.36
219.34	33062.74
219.39	33126.36
219.44	33192.08
219.50	33261.86
219.55	33330.98
219.60	33399.85
219.65	33466.66
219.71	33535.11
219.76	33588.31
219.81	33645.49
219.86	33699.16
219.92	33750.20
219.97	33806.26
220.02	33867.72
220.07	33922.24
220.13	33987.08
220.18	34054.51
220.23	34118.26
220.28	34200.95
220.33	34280.83
220.39	34339.21
220.44	34393.11
220.49	34447.89
220.54	34486.06
220.60	34538.23
220.65	34605.07
220.70	34676.18
220.75	34748.17
220.81	34834.34
220.86	34913.25
220.91	34978.74
220.96	35047.39
221.02	35117.99
221.07	35178.74
221.12	35235.86
221.17	35303.74
221.22	35355.21
221.28	35412.09
221.33	35474.11
221.38	35533.75
221.43	35599.31
221.49	35668.08
221.54	35737.41
221.59	35801.41
221.64	35885.05
221.69	35974.95
221.75	36077.38
221.80	36172.97
221.85	36254.36
221.90	36321.23
221.96	36377.51
222.01	36408.81
222.06	36442.46
222.11	36494.72
222.17	36539.25
222.22	36568.53
222.27	36618.20
222.32	36668.30
222.37	36719.81
222.43	36782.49
222.48	36852.23
222.53	36927.61
222.58	37001.02
222.63	37072.00
222.69	37130.60
222.74	37211.16
222.79	37270.34
222.84	37321.42
222.90	37367.83
222.95	37423.48
223.00	37459.78
223.05	37521.96
223.10	37589.62
223.16	37651.12
223.21	37702.56
223.26	37749.54
223.31	37778.65
223.36	37809.61
223.42	37852.54
223.47	37888.19
223.52	37935.35
223.57	37987.02
223.63	38047.74
223.68	38090.72
223.73	38161.78
223.78	38237.01
223.83	38306.73
223.89	38363.95
223.94	38430.54
223.99	38495.45
224.04	38562.72
224.09	38636.14
224.15	38720.39
224.20	38802.78
224.25	38888.18
224.30	38970.86
224.35	39066.44
224.41	39162.18
224.46	39265.00
224.51	39349.58
224.56	39430.49
224.61	39505.75
224.67	39573.29
224.72	39639.22
224.77	39736.02
224.82	39831.54
224.87	39914.91
224.93	39990.35
224.98	40074.85
225.03	40150.25
225.08	40219.63
225.13	40287.68
225.19	40371.52
225.24	40440.40
225.29	40479.75
225.34	40530.65
225.39	40575.54
225.45	40614.64
225.50	40644.11
225.55	40680.58
225.60	40691.61
225.65	40692.56
225.71	40661.94
225.76	40608.61
225.81	40526.77
225.86	40415.55
225.91	40271.47
225.97	40071.74
226.02	39817.70
226.07	39512.66
226.12	39306.51
226.17	39281.93
226.22	39470.85
226.28	39877.31
226.33	40460.62
226.38	41010.64
226.43	41410.54
226.48	41659.63
226.54	41752.91
226.59	41740.76
226.64	41675.72
226.69	41579.83
226.74	41529.38
226.80	41592.50
226.85	41749.15
226.90	41992.00
226.95	42347.53
227.00	42697.08
227.05	42985.85
227.11	43212.27
227.16	43383.38
227.21	43497.38
227.26	43597.32
227.31	43678.46
227.37	43730.09
227.42	43809.83
227.47	43892.00
227.52	43964.09
227.57	44031.77
227.62	44130.87
227.68	44200.38
227.73	44274.19
227.78	44352.04
227.83	44435.66
227.88	44497.71
227.93	44575.02
227.99	44656.40
228.04	44739.68
228.09	44822.23
228.14	44902.64
228.19	44973.84
228.24	45033.85
228.30	45100.06
228.35	45162.56
228.40	45228.67
228.45	45292.35
228.50	45361.99
228.56	45424.26
228.61	45482.72
228.66	45543.46
228.71	45601.76
228.76	45652.27
228.81	45701.32
228.87	45746.02
228.92	45807.99
228.97	45872.28
229.02	45958.97
229.07	46034.70
229.12	46131.62
229.17	46198.44
229.23	46284.20
229.28	46358.74
229.33	46443.11
229.38	46518.93
229.43	46595.70
229.48	46671.53
229.54	46735.68
229.59	46798.88
229.64	46862.64
229.69	46944.70
229.74	47021.06
229.79	47090.83
229.85	47167.02
229.90	47242.03
229.95	47303.70
230.00	47367.20
230.05	47452.72
230.10	47521.77
230.16	47579.65
230.21	47638.36
230.26	47690.64
230.31	47724.01
230.36	47780.05
230.41	47844.10
230.46	47941.03
230.52	48036.07
230.57	48122.27
230.62	48207.08
230.67	48281.97
230.72	48333.39
230.77	48373.17
230.82	48430.72
230.88	48461.97
230.93	48508.00
230.98	48542.41
231.03	48595.96
231.08	48646.37
231.13	48708.89
231.19	48779.45
231.24	48857.86
231.29	48937.86
231.34	49000.92
231.39	49074.88
231.44	49137.92
231.49	49192.53
231.55	49235.83
231.60	49283.81
231.65	49341.40
231.70	49383.56
231.75	49437.06
231.80	49489.83
231.85	49551.56
231.91	49592.03
231.96	49643.79
232.01	49702.88
232.06	49765.78
232.11	49827.05
232.16	49904.70
232.21	49992.26
232.26	50086.86
232.32	50168.43
232.37	50239.51
232.42	50304.21
232.47	50346.14
232.52	50381.21
232.57	50433.89
232.62	50497.91
232.68	50556.86
232.73	50637.73
232.78	50716.69
232.83	50793.20
232.88	50869.98
232.93	50953.77
232.98	51013.00
233.03	51063.97
233.09	51122.48
233.14	51189.88
233.19	51242.50
233.24	51300.62
233.29	51356.91
233.34	51386.70
233.39	51399.16
233.45	51427.12
233.50	51465.99
233.55	51513.43
233.60	51585.51
233.65	51654.87
233.70	51714.41
233.75	51765.32
233.80	51813.89
233.86	51869.97
233.91	51921.28
233.96	51971.03
234.01	52028.21
234.06	52084.04
234.11	52132.49
234.16	52183.37
234.21	52247.30
234.26	52303.40
234.32	52342.97
234.37	52373.39
234.42	52409.58
234.47	52431.67
234.52	52458.04
234.57	52494.26
234.62	52533.45
234.67	52581.37
234.73	52638.47
234.78	52689.54
234.83	52743.83
234.88	52801.26
234.93	52842.62
234.98	52874.02
235.03	52921.42
235.08	52974.90
235.13	53023.39
235.19	53092.90
235.24	53162.58
235.29	53227.10
235.34	53281.68
235.39	53321.59
235.44	53350.91
235.49	53383.42
235.54	53405.66
235.59	53420.13
235.65	53451.21
235.70	53477.40
235.75	53515.63
235.80	53563.34
235.85	53618.97
235.90	53668.22
235.95	53708.65
236.00	53736.04
236.05	53765.85
236.11	53793.77
236.16	53819.21
236.21	53864.58
236.26	53899.35
236.31	53929.33
236.36	53953.51
236.41	53979.58
236.46	53993.24
236.51	54015.23
236.56	54044.62
236.62	54067.95
236.67	54101.22
236.72	54141.64
236.77	54169.54
236.82	54200.90
236.87	54232.87
236.92	54252.35
236.97	54288.07
237.02	54343.20
237.07	54401.67
237.13	54463.75
237.18	54525.87
237.23	54571.51
237.28	54607.79
237.33	54643.14
237.38	54667.56
237.43	54691.46
237.48	54699.97
237.53	54719.02
237.58	54738.56
237.63	54782.23
237.69	54820.65
237.74	54870.13
237.79	54908.50
237.84	54919.44
237.89	54924.32
237.94	54927.84
237.99	54947.93
238.04	54968.85
238.09	54998.66
238.14	55023.35
238.19	55056.21
238.25	55074.22
238.30	55067.23
238.35	55062.32
238.40	55063.50
238.45	55056.73
238.50	55052.37
238.55	55068.39
238.60	55098.10
238.65	55115.96
238.70	55135.28
238.75	55151.97
238.80	55180.26
238.86	55186.56
238.91	55201.56
238.96	55232.78
239.01	55266.19
239.06	55293.53
239.11	55327.62
239.16	55348.40
239.21	55345.93
239.26	55339.60
239.31	55348.43
239.36	55358.36
239.41	55379.25
239.46	55420.64
239.52	55450.92
239.57	55476.05
239.62	55493.65
239.67	55515.44
239.72	55525.90
239.77	55543.08
239.82	55554.12
239.87	55565.97
239.92	55573.81
239.97	55578.22
240.02	55564.45
240.07	55540.05
240.12	55539.94
240.17	55535.17
240.23	55521.32
240.28	55533.21
240.33	55551.65
240.38	55531.95
240.43	55529.40
240.48	55557.38
240.53	55572.99
240.58	55594.84
240.63	55638.26
240.68	55651.79
240.73	55645.64
240.78	55639.98
240.83	55635.96
240.88	55622.15
240.93	55622.55
240.98	55618.95
241.04	55643.46
241.09	55668.08
241.14	55687.41
241.19	55728.16
241.24	55756.32
241.29	55772.20
241.34	55784.06
241.39	55797.91
241.44	55792.73
241.49	55796.41
241.54	55792.80
241.59	55781.96
241.64	55785.13
241.69	55779.79
241.74	55776.10
241.79	55760.15
241.84	55751.67
241.90	55719.90
241.95	55687.65
242.00	55657.71
242.05	55636.42
242.10	55620.09
242.15	55605.87
242.20	55606.51
242.25	55600.87
242.30	55596.14
242.35	55581.41
242.40	55589.87
242.45	55583.70
242.50	55581.91
242.55	55579.67
242.60	55578.29
242.65	55578.74
242.70	55589.36
242.75	55614.31
242.80	55656.32
242.85	55690.58
242.91	55701.14
242.96	55695.03
243.01	55674.26
243.06	55642.16
243.11	55604.43
243.16	55573.16
243.21	55566.21
243.26	55578.60
243.31	55590.30
243.36	55610.40
243.41	55634.41
243.46	55631.30
243.51	55593.19
243.56	55534.74
243.61	55479.53
243.66	55437.21
243.71	55412.92
243.76	55414.96
243.81	55432.52
243.86	55434.92
243.91	55438.20
243.96	55426.03
244.01	55398.07
244.06	55375.01
244.12	55365.70
244.17	55343.04
244.22	55342.07
244.27	55365.81
244.32	55390.28
244.37	55408.37
244.42	55420.61
244.47	55420.51
244.52	55398.33
244.57	55368.92
244.62	55336.75
244.67	55311.02
244.72	55292.06
244.77	55288.04
244.82	55302.22
244.87	55338.37
244.92	55370.93
244.97	55385.53
245.02	55379.89
245.07	55361.60
245.12	55343.39
245.17	55318.83
245.22	55317.04
245.27	55315.20
245.32	55275.79
245.37	55226.32
245.42	55178.31
245.47	55130.68
245.52	55083.33
245.57	55070.44
245.62	55052.84
245.67	55047.11
245.72	55033.89
245.77	55016.66
245.82	55004.06
245.87	55008.59
245.92	55012.49
245.98	55003.45
246.03	55007.88
246.08	55018.99
246.13	55007.26
246.18	55007.56
246.23	55008.64
246.28	54999.54
246.33	54980.11
246.38	54958.90
246.43	54923.69
246.48	54899.86
246.53	54900.62
246.58	54908.74
246.63	54916.68
246.68	54909.96
246.73	54902.28
246.78	54874.31
246.83	54818.97
246.88	54756.16
246.93	54710.01
246.98	54664.12
247.03	54626.00
247.08	54612.40
247.13	54609.60
247.18	54614.01
247.23	54629.09
247.28	54634.21
247.33	54614.08
247.38	54583.38
247.43	54562.51
247.48	54538.06
247.53	54502.85
247.58	54476.14
247.63	54466.04
247.68	54427.26
247.73	54368.78
247.78	54336.01
247.83	54309.00
247.88	54273.21
247.93	54260.48
247.98	54266.13
248.03	54269.78
248.08	54280.67
248.13	54291.71
248.18	54280.61
248.23	54267.10
248.28	54231.14
248.33	54187.17
248.38	54145.54
248.43	54119.42
248.48	54098.44
248.53	54087.69
248.58	54069.33
248.63	54069.10
248.68	54056.57
248.73	54033.31
248.78	54001.71
248.83	53959.99
248.88	53888.93
248.93	53815.81
248.98	53733.22
249.03	53685.07
249.08	53659.46
249.13	53657.33
249.18	53648.20
249.23	53668.64
249.28	53662.04
249.33	53655.93
249.38	53637.79
249.43	53621.28
249.48	53594.99
249.53	53585.11
249.58	53555.50
249.63	53530.87
249.68	53522.15
249.73	53501.98
249.78	53474.96
249.83	53477.24
249.88	53451.20
249.93	53434.02
249.98	53421.72
250.03	53414.04
250.08	53387.53
250.13	53379.23
250.18	53347.95
250.23	53299.86
250.28	53245.20
250.33	53185.98
250.37	53135.41
250.42	53101.75
250.47	53082.41
250.52	53071.19
250.57	53058.44
250.62	53034.74
250.67	53008.57
250.72	52991.53
250.77	52950.13
250.82	52929.86
250.87	52929.07
250.92	52913.75
250.97	52883.34
251.02	52878.58
251.07	52869.47
251.12	52840.15
251.17	52809.67
251.22	52781.01
251.27	52741.03
251.32	52691.15
251.37	52641.42
251.42	52588.56
251.47	52555.51
251.52	52535.25
251.57	52522.54
251.62	52515.96
251.67	52509.96
251.72	52484.05
251.77	52443.11
251.82	52388.75
251.87	52341.01
251.92	52291.87
251.97	52240.39
252.02	52199.21
252.07	52179.18
252.12	52166.77
252.16	52153.26
252.21	52154.06
252.26	52165.99
252.31	52166.84
252.36	52154.78
252.41	52142.20
252.46	52119.67
252.51	52079.65
252.56	52046.56
252.61	52016.39
252.66	51994.61
252.71	51969.70
252.76	51945.48
252.81	51899.35
252.86	51846.25
252.91	51795.37
252.96	51728.67
253.01	51660.74
253.06	51607.34
253.11	51555.40
253.16	51510.54
253.21	51468.31
253.26	51428.97
253.31	51397.67
253.36	51369.69
253.40	51339.98
253.45	51328.26
253.50	51294.20
253.55	51250.11
253.60	51207.97
253.65	51167.86
253.70	51128.05
253.75	51113.53
253.80	51093.47
253.85	51091.56
253.90	51093.53
253.95	51084.68
254.00	51082.69
254.05	51071.43
254.10	51033.53
254.15	50993.95
254.20	50964.59
254.25	50916.22
254.30	50888.18
254.35	50848.26
254.39	50785.38
254.44	50702.88
254.49	50628.49
254.54	50596.60
254.59	50567.92
254.64	50560.25
254.69	50559.74
254.74	50560.29
254.79	50519.06
254.84	50480.46
254.89	50451.18
254.94	50435.87
254.99	50427.56
255.04	50410.12
255.09	50414.22
255.14	50393.72
255.19	50382.48
255.23	50370.58
255.28	50364.56
255.33	50346.16
255.38	50337.59
255.43	50319.54
255.48	50291.61
255.53	50254.92
255.58	50222.85
255.63	50185.47
255.68	50133.28
255.73	50082.75
255.78	50049.24
255.83	50019.39
255.88	49997.17
255.93	49971.48
255.97	49953.80
256.02	49922.02
256.07	49878.94
256.12	49811.50
256.17	49765.04
256.22	49712.42
256.27	49657.81
256.32	49613.43
256.37	49595.44
256.42	49573.34
256.47	49542.17
256.52	49522.12
256.57	49495.61
256.62	49480.26
256.66	49464.94
256.71	49441.25
256.76	49398.64
256.81	49349.45
256.86	49290.95
256.91	49239.89
256.96	49202.78
257.01	49179.61
257.06	49161.51
257.11	49128.36
257.16	49072.74
257.21	49031.97
257.26	48990.41
257.30	48948.21
257.35	48910.15
257.40	48885.99
257.45	48866.65
257.50	48834.69
257.55	48803.05
257.60	48780.27
257.65	48755.94
257.70	48711.88
257.75	48678.60
257.80	48650.86
257.85	48613.01
257.89	48568.88
257.94	48513.53
257.99	48449.41
258.04	48393.70
258.09	48353.85
258.14	48331.02
258.19	48318.22
258.24	48300.67
258.29	48265.11
258.34	48230.03
258.39	48186.77
258.44	48122.47
258.48	48073.61
258.53	48036.40
258.58	47988.42
258.63	47931.97
258.68	47888.99
258.73	47855.36
258.78	47811.01
258.83	47765.70
258.88	47735.93
258.93	47707.93
258.97	47670.12
259.02	47642.50
259.07	47620.75
259.12	47597.03
259.17	47578.79
259.22	47565.36
259.27	47543.58
259.32	47523.26
259.37	47482.67
259.42	47448.05
259.47	47399.46
259.51	47354.02
259.56	47288.14
259.61	47212.11
259.66	47130.75
259.71	47055.88
259.76	46992.06
259.81	46934.07
259.86	46903.50
259.91	46866.68
259.95	46843.77
260.00	46813.60
260.05	46795.94
260.10	46774.37
260.15	46763.93
260.20	46747.59
260.25	46740.92
260.30	46723.20
260.35	46695.47
260.40	46657.44
260.44	46634.01
260.49	46607.20
260.54	46576.64
260.59	46550.16
260.64	46545.49
260.69	46537.77
260.74	46501.47
260.79	46467.69
260.84	46431.20
260.88	46376.49
260.93	46302.21
260.98	46261.80
261.03	46214.01
261.08	46183.09
261.13	46138.75
261.18	46098.06
261.23	46043.87
261.28	46006.23
261.32	45957.96
261.37	45913.32
261.42	45886.52
261.47	45867.88
261.52	45818.83
261.57	45774.02
261.62	45734.25
261.67	45676.46
261.71	45596.81
261.76	45558.07
261.81	45508.03
261.86	45461.42
261.91	45418.06
261.96	45393.73
262.01	45348.81
262.06	45325.42
262.10	45310.21
262.15	45291.20
262.20	45273.51
262.25	45257.12
262.30	45243.73
262.35	45218.29
262.40	45185.77
262.45	45151.27
262.49	45125.55
262.54	45086.58
262.59	45053.86
262.64	45028.06
262.69	44991.79
262.74	44944.79
262.79	44890.36
262.84	44845.25
262.88	44798.03
262.93	44748.06
262.98	44711.37
263.03	44676.13
263.08	44614.21
263.13	44538.75
263.18	44470.96
263.23	44405.20
263.27	44350.38
263.32	44327.48
263.37	44315.50
263.42	44304.10
263.47	44279.75
263.52	44260.09
263.57	44222.15
263.61	44179.53
263.66	44139.48
263.71	44111.30
263.76	44069.17
263.81	44022.07
263.86	43990.06
263.91	43950.91
263.95	43884.45
264.00	43824.92
264.05	43778.23
264.10	43718.57
264.15	43647.94
264.20	43609.97
264.25	43566.25
264.29	43514.82
264.34	43461.31
264.39	43430.42
264.44	43378.87
264.49	43329.46
264.54	43283.16
264.59	43249.18
264.63	43207.68
264.68	43157.21
264.73	43111.26
264.78	43068.94
264.83	43009.41
264.88	42954.78
264.93	42928.66
264.97	42902.12
265.02	42874.49
265.07	42865.88
265.12	42837.11
265.17	42787.89
265.22	42742.31
265.27	42684.06
265.31	42612.92
265.36	42548.19
265.41	42494.14
265.46	42426.67
265.51	42364.04
265.56	42309.73
265.60	42259.62
265.65	42199.33
265.70	42154.85
265.75	42103.08
265.80	42049.13
265.85	41989.98
265.90	41930.17
265.94	41862.10
265.99	41798.20
266.04	41748.02
266.09	41708.64
266.14	41677.88
266.19	41647.46
266.23	41620.44
266.28	41571.58
266.33	41534.91
266.38	41509.07
266.43	41483.33
266.48	41464.74
266.52	41446.14
266.57	41411.69
266.62	41364.11
266.67	41305.54
266.72	41249.38
266.77	41208.79
266.81	41179.52
266.86	41148.19
266.91	41131.00
266.96	41092.71
267.01	41051.40
267.06	40998.26
267.10	40951.90
267.15	40898.68
267.20	40868.77
267.25	40837.14
267.30	40807.00
267.35	40771.38
267.39	40737.26
267.44	40700.44
267.49	40653.92
267.54	40595.26
267.59	40545.03
267.64	40493.87
267.68	40427.56
267.73	40369.76
267.78	40328.33
267.83	40302.80
267.88	40283.68
267.93	40282.38
267.97	40269.27
268.02	40236.14
268.07	40185.56
268.12	40132.62
268.17	40055.48
268.21	40001.98
268.26	39959.62
268.31	39921.20
268.36	39874.37
268.41	39840.35
268.46	39800.65
268.50	39764.05
268.55	39713.51
268.60	39653.36
268.65	39592.15
268.70	39514.97
268.74	39439.51
268.79	39365.41
268.84	39311.13
268.89	39264.63
268.94	39231.25
268.99	39196.54
269.03	39159.23
269.08	39110.19
269.13	39038.63
269.18	38952.90
269.23	38859.85
269.27	38754.80
269.32	38628.12
269.37	38506.14
269.42	38382.91
269.47	38243.00
269.51	38101.94
269.56	37966.04
269.61	37830.56
269.66	37676.10
269.71	37515.89
269.76	37370.07
269.80	37219.14
269.85	37069.08
269.90	36925.51
269.95	36784.11
270.00	36616.46
270.04	36465.61
270.09	36314.67
270.14	36170.09
270.19	36030.24
270.24	35907.67
270.28	35748.67
270.33	35580.85
270.38	35400.26
270.43	35224.84
270.48	35047.74
270.52	34901.84
270.57	34750.33
270.62	34596.53
270.67	34444.73
270.72	34284.60
270.76	34098.61
270.81	33923.57
270.86	33750.40
270.91	33569.50
270.96	33392.16
271.00	33240.63
271.05	33080.52
271.10	32939.68
271.15	32809.38
271.20	32686.58
271.24	32545.91
271.29	32410.92
271.34	32264.34
271.39	32120.32
271.44	31971.94
271.48	31834.45
271.53	31692.53
271.58	31553.48
271.63	31402.11
271.67	31254.36
271.72	31107.13
271.77	30964.90
271.82	30825.42
271.87	30688.97
271.91	30529.01
271.96	30387.53
272.01	30238.93
272.06	30099.32
272.11	29977.80
272.15	29877.97
272.20	29771.28
272.25	29679.92
272.30	29582.41
272.35	29473.91
272.39	29362.68
272.44	29238.47
272.49	29099.56
272.54	28963.04
272.58	28813.54
272.63	28662.83
272.68	28515.68
272.73	28361.60
272.78	28184.38
272.82	27986.54
272.87	27760.73
272.92	27473.89
272.97	26948.94
273.01	23985.30
273.06	19020.69
273.11	13552.38
273.16	8177.71
273.21	3080.57
273.25	465.85
273.30	-88.21
273.35	-88.96
