165.32	3374.20
165.38	-246.45
165.44	594.79
165.50	-78.22
165.55	-21.03
165.61	0.35
165.67	26.63
165.72	34.80
165.78	39.98
165.84	38.29
165.89	35.15
165.95	33.70
166.01	33.19
166.06	34.48
166.12	36.67
166.18	34.62
166.23	36.38
166.29	35.75
166.35	32.53
166.40	32.07
166.46	38.58
166.52	41.17
166.57	41.99
166.63	42.43
166.69	44.82
166.74	39.10
166.80	39.60
166.86	41.41
166.91	42.13
166.97	36.65
167.03	38.72
167.08	33.30
167.14	32.43
167.20	30.70
167.25	42.86
167.31	43.45
167.37	48.31
167.42	50.52
167.48	56.20
167.54	51.16
167.59	50.45
167.65	46.46
167.71	46.32
167.76	45.35
167.82	40.53
167.88	40.26
167.93	48.10
167.99	46.95
168.05	49.22
168.10	56.43
168.16	55.54
168.21	53.32
168.27	57.51
168.33	59.43
168.38	52.48
168.44	57.45
168.50	56.27
168.55	54.47
168.61	55.03
168.67	57.20
168.72	54.37
168.78	54.60
168.84	50.67
168.89	49.25
168.95	49.90
169.01	49.48
169.06	49.03
169.12	48.46
169.18	46.53
169.23	46.52
169.29	50.52
169.34	54.81
169.40	57.35
169.46	61.65
169.51	63.42
169.57	59.20
169.63	55.00
169.68	59.96
169.74	56.88
169.80	63.24
169.85	64.79
169.91	68.44
169.97	64.62
170.02	64.09
170.08	62.80
170.13	62.82
170.19	62.96
170.25	64.05
170.30	68.12
170.36	60.05
170.42	62.03
170.47	62.92
170.53	64.79
170.59	62.05
170.64	65.15
170.70	63.46
170.76	60.80
170.81	62.05
170.87	60.95
170.92	62.24
170.98	65.20
171.04	67.85
171.09	64.05
171.15	71.76
171.21	72.63
171.26	69.56
171.32	67.20
171.37	70.37
171.43	64.90
171.49	69.23
171.54	72.57
171.60	73.37
171.66	75.59
171.71	75.93
171.77	73.57
171.83	79.51
171.88	78.90
171.94	78.18
171.99	82.67
172.05	81.60
172.11	82.51
172.16	91.01
172.22	91.76
172.28	91.70
172.33	89.78
172.39	86.51
172.44	83.48
172.50	88.88
172.56	88.72
172.61	97.03
172.67	96.67
172.72	96.33
172.78	91.20
172.84	86.28
172.89	79.57
172.95	78.99
173.01	79.95
173.06	78.31
173.12	84.14
173.17	85.51
173.23	84.50
173.29	84.80
173.34	86.40
173.40	80.65
173.46	81.26
173.51	84.15
173.57	84.06
173.62	78.65
173.68	85.23
173.74	84.30
173.79	86.37
173.85	83.79
173.90	86.78
173.96	83.40
174.02	80.86
174.07	72.04
174.13	70.95
174.18	72.95
174.24	66.15
174.30	66.13
174.35	71.87
174.41	69.07
174.47	63.00
174.52	64.49
174.58	63.33
174.63	58.72
174.69	57.70
174.75	59.61
174.80	70.24
174.86	68.22
174.91	69.43
174.97	69.10
175.03	66.83
175.08	54.50
175.14	60.83
175.19	56.85
175.25	57.60
175.31	61.73
175.36	63.26
175.42	60.26
175.47	64.72
175.53	65.06
175.59	61.48
175.64	63.05
175.70	61.14
175.75	56.15
175.81	54.67
175.87	55.66
175.92	51.81
175.98	53.46
176.03	54.22
176.09	54.29
176.15	53.97
176.20	55.41
176.26	55.06
176.31	58.30
176.37	55.97
176.42	57.72
176.48	61.22
176.54	58.37
176.59	55.02
176.65	57.80
176.70	59.26
176.76	58.16
176.82	56.62
176.87	53.55
176.93	53.43
176.98	51.90
177.04	47.45
177.10	52.04
177.15	53.97
177.21	54.69
177.26	53.63
177.32	56.96
177.37	59.07
177.43	62.73
177.49	59.85
177.54	57.16
177.60	57.99
177.65	58.03
177.71	52.50
177.77	55.24
177.82	56.75
177.88	60.48
177.93	55.76
177.99	62.56
178.04	58.60
178.10	60.19
178.16	53.59
178.21	54.80
178.27	51.78
178.32	55.64
178.38	53.75
178.43	55.34
178.49	55.44
178.55	54.55
178.60	52.91
178.66	52.39
178.71	53.76
178.77	51.85
178.82	52.66
178.88	52.57
178.94	53.03
178.99	53.92
179.05	57.73
179.10	53.85
179.16	57.02
179.21	59.64
179.27	58.88
179.33	54.76
179.38	59.10
179.44	56.92
179.49	56.37
179.55	54.22
179.60	54.53
179.66	52.90
179.72	55.44
179.77	53.19
179.83	51.90
179.88	53.52
179.94	54.76
179.99	51.06
180.05	51.22
180.11	52.25
180.16	54.54
180.22	57.29
180.27	61.89
180.33	62.98
180.38	67.22
180.44	62.80
180.49	62.55
180.55	60.64
180.61	65.33
180.66	59.68
180.72	57.95
180.77	56.21
180.83	55.71
180.88	52.01
180.94	51.82
180.99	55.87
181.05	56.10
181.11	57.18
181.16	57.76
181.22	59.55
181.27	62.03
181.33	60.50
181.38	57.33
181.44	58.27
181.49	62.61
181.55	62.61
181.61	68.96
181.66	71.93
181.72	69.40
181.77	66.70
181.83	64.69
181.88	69.00
181.94	70.64
181.99	76.31
182.05	77.37
182.11	78.50
182.16	70.10
182.22	68.40
182.27	63.65
182.33	66.15
182.38	66.19
182.44	70.69
182.49	72.52
182.55	74.59
182.60	73.25
182.66	75.55
182.72	77.84
182.77	79.74
182.83	83.09
182.88	87.02
182.94	88.86
182.99	86.23
183.05	85.46
183.10	87.63
183.16	86.87
183.21	88.70
183.27	97.27
183.32	102.58
183.38	107.39
183.44	116.32
183.49	123.36
183.55	126.63
183.60	134.86
183.66	143.18
183.71	153.79
183.77	163.21
183.82	174.77
183.88	187.67
183.93	200.58
183.99	216.20
184.04	234.77
184.10	248.07
184.15	261.75
184.21	275.95
184.27	277.64
184.32	277.09
184.38	273.69
184.43	266.69
184.49	246.74
184.54	225.89
184.60	213.01
184.65	196.28
184.71	185.05
184.76	186.12
184.82	204.56
184.87	223.32
184.93	251.49
184.98	282.42
185.04	318.32
185.09	346.75
185.15	376.60
185.20	411.45
185.26	448.53
185.31	479.42
185.37	509.61
185.43	531.15
185.48	551.65
185.54	575.04
185.59	600.73
185.65	626.11
185.70	668.21
185.76	715.96
185.81	752.74
185.87	791.82
185.92	840.37
185.98	878.10
186.03	895.34
186.09	897.07
186.14	869.48
186.20	809.25
186.25	715.42
186.31	621.97
186.36	549.65
186.42	517.76
186.47	526.30
186.53	575.48
186.58	647.55
186.64	724.71
186.69	797.40
186.75	858.94
186.80	916.28
186.86	971.09
186.91	1025.15
186.97	1073.15
187.02	1131.05
187.08	1182.38
187.13	1218.16
187.19	1250.05
187.24	1278.47
187.30	1282.66
187.35	1282.94
187.41	1296.11
187.47	1312.40
187.52	1335.46
187.58	1389.94
187.63	1477.75
187.69	1581.53
187.74	1676.48
187.80	1754.83
187.85	1809.91
187.91	1829.54
187.96	1815.57
188.02	1771.56
188.07	1702.45
188.13	1593.11
188.18	1478.61
188.24	1399.03
188.29	1369.02
188.35	1391.55
188.40	1480.62
188.46	1611.23
188.51	1740.18
188.57	1871.41
188.62	2000.65
188.67	2119.42
188.73	2232.74
188.78	2340.04
188.84	2445.05
188.89	2549.81
188.95	2656.68
189.00	2749.63
189.06	2848.63
189.11	2945.53
189.17	3028.72
189.22	3102.66
189.28	3190.14
189.33	3267.33
189.39	3330.23
189.44	3396.55
189.50	3468.67
189.55	3534.67
189.61	3587.17
189.66	3645.95
189.72	3700.55
189.77	3750.68
189.83	3774.05
189.88	3777.22
189.94	3735.52
189.99	3647.75
190.05	3482.05
190.10	3251.64
190.16	2982.19
190.21	2740.98
190.27	2571.33
190.32	2501.22
190.38	2527.43
190.43	2629.39
190.49	2748.90
190.54	2835.21
190.60	2890.30
190.65	2918.17
190.71	2928.34
190.76	2937.30
190.81	2965.82
190.87	3029.96
190.92	3151.86
190.98	3320.21
191.03	3515.00
191.09	3710.80
191.14	3869.22
191.20	3982.20
191.25	4081.45
191.31	4190.73
191.36	4334.14
191.42	4524.40
191.47	4749.38
191.53	4974.04
191.58	5157.85
191.64	5296.91
191.69	5400.02
191.75	5459.99
191.80	5497.04
191.85	5526.18
191.91	5553.20
191.96	5575.26
192.02	5606.70
192.07	5624.28
192.13	5623.05
192.18	5574.19
192.24	5457.95
192.29	5262.70
192.35	5035.00
192.40	4845.62
192.46	4736.13
192.51	4731.76
192.57	4826.12
192.62	5004.49
192.67	5190.99
192.73	5372.27
192.78	5539.04
192.84	5694.55
192.89	5832.15
192.95	5964.35
193.00	6080.52
193.06	6192.74
193.11	6299.34
193.17	6392.04
193.22	6478.03
193.28	6568.95
193.33	6643.40
193.38	6713.65
193.44	6786.80
193.49	6862.42
193.55	6921.82
193.60	6980.50
193.66	7034.73
193.71	7079.76
193.77	7102.13
193.82	7123.44
193.88	7140.69
193.93	7166.27
193.98	7190.57
194.04	7231.39
194.09	7278.26
194.15	7330.91
194.20	7375.63
194.26	7414.88
194.31	7452.24
194.37	7466.90
194.42	7463.97
194.47	7442.72
194.53	7392.09
194.58	7295.32
194.64	7183.09
194.69	7081.02
194.75	7009.62
194.80	6992.69
194.86	7032.46
194.91	7123.97
194.97	7227.45
195.02	7331.96
195.07	7428.94
195.13	7517.40
195.18	7601.45
195.24	7675.36
195.29	7732.20
195.35	7773.68
195.40	7820.25
195.46	7864.54
195.51	7941.37
195.56	8043.15
195.62	8170.15
195.67	8293.20
195.73	8406.45
195.78	8483.34
195.84	8535.08
195.89	8558.68
195.94	8585.25
196.00	8629.81
196.05	8693.02
196.11	8779.29
196.16	8871.31
196.22	8965.16
196.27	9044.47
196.32	9108.65
196.38	9156.40
196.43	9208.41
196.49	9246.12
196.54	9286.40
196.60	9332.52
196.65	9382.07
196.71	9424.61
196.76	9475.26
196.81	9514.77
196.87	9552.43
196.92	9579.93
196.98	9598.59
197.03	9604.98
197.09	9601.32
197.14	9590.80
197.19	9590.08
197.25	9604.28
197.30	9632.46
197.36	9685.80
197.41	9749.12
197.47	9810.54
197.52	9874.17
197.57	9939.83
197.63	9994.16
197.68	10051.06
197.74	10103.79
197.79	10147.98
197.84	10192.99
197.90	10238.22
197.95	10277.47
198.01	10316.94
198.06	10357.71
198.12	10395.74
198.17	10429.11
198.22	10463.67
198.28	10500.41
198.33	10540.00
198.39	10579.21
198.44	10622.05
198.49	10669.77
198.55	10716.26
198.60	10764.02
198.66	10812.50
198.71	10870.80
198.77	10924.26
198.82	10980.82
198.87	11029.59
198.93	11081.15
198.98	11126.07
199.04	11174.07
199.09	11213.53
199.14	11260.80
199.20	11299.48
199.25	11342.12
199.31	11383.02
199.36	11431.35
199.42	11475.67
199.47	11518.30
199.52	11559.15
199.58	11597.31
199.63	11624.26
199.69	11653.73
199.74	11693.19
199.79	11720.30
199.85	11749.37
199.90	11791.71
199.96	11833.96
200.01	11874.45
200.06	11924.66
200.12	11975.79
200.17	12025.65
200.23	12080.61
200.28	12124.70
200.33	12173.74
200.39	12216.79
200.44	12262.24
200.50	12304.78
200.55	12348.39
200.60	12387.84
200.66	12427.55
200.71	12463.46
200.77	12500.57
200.82	12538.65
200.87	12576.85
200.93	12616.00
200.98	12655.56
201.04	12693.80
201.09	12739.32
201.14	12792.95
201.20	12844.07
201.25	12901.90
201.31	12954.34
201.36	13013.71
201.41	13068.16
201.47	13122.85
201.52	13170.45
201.58	13233.32
201.63	13279.93
201.68	13327.14
201.74	13376.51
201.79	13430.42
201.84	13475.63
201.90	13520.23
201.95	13566.22
202.01	13618.90
202.06	13664.47
202.11	13707.83
202.17	13756.60
202.22	13801.01
202.28	13838.34
202.33	13879.05
202.38	13916.96
202.44	13963.50
202.49	14011.14
202.54	14066.23
202.60	14115.76
202.65	14164.16
202.71	14211.79
202.76	14251.55
202.81	14288.90
202.87	14338.74
202.92	14391.75
202.98	14441.13
203.03	14497.03
203.08	14550.23
203.14	14602.92
203.19	14655.81
203.24	14714.03
203.30	14763.98
203.35	14812.20
203.41	14854.00
203.46	14897.24
203.51	14933.29
203.57	14973.07
203.62	15022.05
203.67	15073.80
203.73	15112.59
203.78	15148.65
203.84	15191.30
203.89	15212.26
203.94	15226.32
204.00	15245.48
204.05	15260.60
204.10	15255.44
204.16	15239.87
204.21	15209.37
204.27	15149.16
204.32	15058.72
204.37	14938.60
204.43	14788.00
204.48	14606.30
204.53	14442.85
204.59	14368.62
204.64	14425.46
204.69	14614.44
204.75	14895.07
204.80	15215.22
204.86	15466.15
204.91	15614.91
204.96	15660.55
205.02	15642.48
205.07	15622.67
205.12	15670.70
205.18	15794.15
205.23	15981.06
205.28	16221.29
205.34	16452.39
205.39	16640.54
205.45	16780.59
205.50	16878.03
205.55	16950.80
205.61	17017.38
205.66	17074.80
205.71	17138.85
205.77	17204.57
205.82	17266.02
205.87	17323.95
205.93	17380.51
205.98	17422.95
206.03	17463.43
206.09	17507.68
206.14	17557.28
206.20	17612.28
206.25	17666.33
206.30	17728.11
206.36	17784.46
206.41	17843.10
206.46	17898.34
206.52	17944.21
206.57	17995.55
206.62	18047.34
206.68	18092.23
206.73	18139.02
206.78	18200.11
206.84	18256.66
206.89	18313.89
206.94	18373.97
207.00	18441.05
207.05	18511.94
207.11	18578.14
207.16	18642.65
207.21	18709.16
207.27	18768.76
207.32	18819.82
207.37	18882.67
207.43	18940.51
207.48	18989.12
207.53	19038.21
207.59	19092.52
207.64	19142.33
207.69	19208.09
207.75	19276.32
207.80	19337.17
207.85	19400.55
207.91	19458.97
207.96	19508.34
208.01	19564.51
208.07	19628.13
208.12	19686.60
208.17	19741.13
208.23	19796.98
208.28	19850.16
208.33	19902.52
208.39	19965.61
208.44	20031.69
208.49	20088.29
208.55	20146.46
208.60	20202.56
208.65	20249.86
208.71	20296.05
208.76	20354.50
208.81	20415.16
208.87	20477.36
208.92	20532.36
208.97	20592.86
209.03	20653.06
209.08	20713.52
209.13	20777.42
209.19	20847.00
209.24	20910.19
209.29	20976.06
209.35	21026.64
209.40	21087.63
209.45	21147.89
209.51	21210.44
209.56	21269.80
209.61	21343.20
209.67	21403.05
209.72	21464.52
209.77	21526.93
209.83	21590.35
209.88	21656.95
209.93	21722.29
209.99	21784.55
210.04	21852.50
210.09	21919.58
210.15	21974.26
210.20	22036.52
210.25	22101.15
210.31	22166.10
210.36	22216.62
210.41	22267.01
210.46	22320.68
210.52	22374.97
210.57	22424.13
210.62	22492.27
210.68	22564.55
210.73	22619.46
210.78	22682.38
210.84	22745.62
210.89	22804.50
210.94	22860.01
211.00	22921.25
211.05	22970.99
211.10	23027.58
211.16	23074.50
211.21	23137.23
211.26	23209.35
211.32	23285.25
211.37	23354.97
211.42	23426.44
211.47	23495.20
211.53	23557.97
211.58	23617.95
211.63	23678.48
211.69	23742.30
211.74	23794.18
211.79	23842.85
211.85	23898.90
211.90	23956.82
211.95	24019.46
212.01	24091.30
212.06	24174.30
212.11	24250.00
212.16	24324.44
212.22	24402.18
212.27	24465.07
212.32	24523.78
212.38	24589.90
212.43	24658.14
212.48	24715.34
212.54	24789.95
212.59	24866.29
212.64	24935.47
212.69	24994.81
212.75	25061.95
212.80	25122.35
212.85	25180.55
212.91	25230.16
212.96	25286.36
213.01	25344.44
213.07	25405.31
213.12	25469.89
213.17	25536.36
213.22	25601.42
213.28	25665.88
213.33	25715.49
213.38	25765.86
213.44	25818.09
213.49	25882.38
213.54	25942.07
213.60	26019.49
213.65	26090.75
213.70	26165.69
213.75	26220.17
213.81	26267.43
213.86	26307.85
213.91	26338.13
213.97	26359.09
214.02	26374.02
214.07	26385.94
214.12	26374.63
214.18	26356.72
214.23	26328.05
214.28	26277.23
214.34	26188.26
214.39	26082.14
214.44	25916.39
214.49	25691.09
214.55	25403.45
214.60	25051.16
214.65	24621.42
214.71	24256.59
214.76	24112.33
214.81	24232.80
214.86	24620.76
214.92	25226.21
214.97	25867.32
215.02	26355.48
215.08	26646.30
215.13	26748.85
215.18	26687.69
215.23	26552.10
215.29	26474.81
215.34	26538.07
215.39	26735.30
215.45	27075.84
215.50	27517.39
215.55	27937.40
215.60	28254.30
215.66	28468.27
215.71	28609.33
215.76	28707.37
215.81	28774.60
215.87	28840.62
215.92	28907.95
215.97	28965.41
216.03	29023.05
216.08	29085.55
216.13	29147.52
216.18	29208.74
216.24	29276.31
216.29	29328.48
216.34	29382.59
216.39	29443.37
216.45	29505.06
216.50	29563.68
216.55	29628.14
216.61	29704.17
216.66	29753.37
216.71	29820.86
216.76	29881.67
216.82	29960.22
216.87	30026.76
216.92	30110.97
216.97	30169.45
217.03	30248.27
217.08	30316.72
217.13	30393.11
217.18	30469.68
217.24	30544.21
217.29	30607.63
217.34	30659.21
217.39	30708.64
217.45	30755.76
217.50	30810.33
217.55	30873.12
217.61	30946.55
217.66	31011.35
217.71	31080.45
217.76	31161.80
217.82	31238.76
217.87	31315.73
217.92	31394.65
217.97	31466.05
218.03	31524.47
218.08	31564.25
218.13	31603.90
218.18	31650.62
218.24	31713.66
218.29	31770.80
218.34	31839.80
218.39	31906.87
218.45	31969.48
218.50	32021.61
218.55	32086.25
218.60	32145.02
218.66	32200.25
218.71	32262.53
218.76	32330.20
218.81	32394.24
218.87	32467.78
218.92	32540.80
218.97	32613.25
219.02	32679.22
219.08	32744.79
219.13	32809.86
219.18	32874.90
219.23	32935.92
219.29	33002.58
219.34	33071.09
219.39	33141.02
219.44	33205.36
219.50	33270.47
219.55	33332.73
219.60	33394.10
219.65	33451.55
219.71	33515.98
219.76	33575.75
219.81	33631.38
219.86	33687.45
219.92	33748.32
219.97	33809.48
220.02	33859.52
220.07	33917.44
220.13	33981.71
220.18	34043.50
220.23	34106.89
220.28	34195.38
220.33	34274.15
220.39	34332.88
220.44	34390.42
220.49	34443.81
220.54	34484.29
220.60	34535.92
220.65	34601.92
220.70	34671.38
220.75	34744.54
220.81	34830.30
220.86	34903.83
220.91	34973.95
220.96	35044.51
221.02	35114.39
221.07	35181.45
221.12	35237.67
221.17	35290.55
221.22	35352.29
221.28	35411.65
221.33	35459.98
221.38	35528.04
221.43	35606.39
221.49	35666.06
221.54	35734.45
221.59	35809.92
221.64	35889.72
221.69	35978.72
221.75	36081.03
221.80	36176.54
221.85	36250.27
221.90	36317.74
221.96	36374.05
222.01	36409.42
222.06	36447.19
222.11	36501.84
222.17	36542.95
222.22	36569.44
222.27	36612.22
222.32	36656.97
222.37	36704.87
222.43	36770.80
222.48	36839.13
222.53	36914.59
222.58	36995.91
222.63	37067.86
222.69	37133.42
222.74	37211.76
222.79	37274.06
222.84	37315.30
222.90	37365.89
222.95	37414.87
223.00	37451.45
223.05	37503.88
223.10	37565.51
223.16	37633.75
223.21	37681.52
223.26	37735.80
223.31	37775.13
223.36	37810.80
223.42	37838.14
223.47	37878.20
223.52	37922.67
223.57	37970.58
223.63	38032.61
223.68	38087.04
223.73	38164.74
223.78	38240.89
223.83	38312.55
223.89	38369.31
223.94	38444.17
223.99	38500.61
224.04	38562.31
224.09	38634.76
224.15	38724.20
224.20	38801.07
224.25	38889.99
224.30	38975.79
224.35	39065.99
224.41	39161.65
224.46	39250.59
224.51	39330.09
224.56	39416.17
224.61	39491.42
224.67	39560.58
224.72	39629.18
224.77	39721.14
224.82	39809.94
224.87	39889.28
224.93	39960.98
224.98	40049.32
225.03	40124.79
225.08	40190.78
225.13	40263.70
225.19	40343.01
225.24	40413.81
225.29	40470.56
225.34	40526.70
225.39	40581.03
225.45	40625.85
225.50	40657.19
225.55	40677.52
225.60	40679.32
225.65	40679.29
225.71	40652.01
225.76	40604.30
225.81	40526.33
225.86	40428.09
225.91	40271.11
225.97	40071.17
226.02	39804.49
226.07	39496.60
226.12	39283.93
226.17	39267.22
226.22	39454.47
226.28	39865.93
226.33	40456.93
226.38	41007.64
226.43	41412.79
226.48	41655.49
226.54	41754.13
226.59	41744.59
226.64	41680.67
226.69	41580.91
226.74	41538.90
226.80	41598.44
226.85	41749.35
226.90	41989.08
226.95	42340.45
227.00	42690.93
227.05	42979.97
227.11	43199.45
227.16	43382.82
227.21	43495.54
227.26	43594.87
227.31	43675.74
227.37	43738.63
227.42	43809.63
227.47	43898.83
227.52	43965.16
227.57	44023.22
227.62	44113.75
227.68	44190.45
227.73	44262.99
227.78	44350.34
227.83	44433.40
227.88	44503.54
227.93	44583.17
227.99	44662.50
228.04	44733.10
228.09	44818.15
228.14	44895.42
228.19	44961.34
228.24	45020.76
228.30	45087.50
228.35	45146.51
228.40	45210.57
228.45	45266.54
228.50	45347.88
228.56	45411.13
228.61	45479.97
228.66	45536.62
228.71	45602.34
228.76	45641.01
228.81	45694.16
228.87	45732.05
228.92	45797.17
228.97	45852.48
229.02	45945.05
229.07	46018.21
229.12	46121.34
229.17	46197.31
229.23	46281.48
229.28	46346.61
229.33	46425.08
229.38	46490.75
229.43	46558.92
229.48	46634.09
229.54	46701.76
229.59	46769.88
229.64	46846.11
229.69	46931.26
229.74	47022.02
229.79	47097.73
229.85	47173.51
229.90	47241.45
229.95	47310.12
230.00	47363.52
230.05	47444.21
230.10	47511.33
230.16	47575.03
230.21	47634.53
230.26	47694.47
230.31	47739.67
230.36	47807.69
230.41	47875.07
230.46	47965.95
230.52	48054.41
230.57	48130.01
230.62	48206.00
230.67	48273.59
230.72	48314.70
230.77	48353.75
230.82	48403.05
230.88	48440.48
230.93	48485.63
230.98	48525.60
231.03	48585.48
231.08	48639.64
231.13	48694.97
231.19	48758.99
231.24	48836.30
231.29	48915.55
231.34	48993.15
231.39	49068.94
231.44	49142.28
231.49	49197.33
231.55	49239.97
231.60	49282.83
231.65	49337.25
231.70	49381.15
231.75	49437.68
231.80	49487.78
231.85	49546.22
231.91	49588.89
231.96	49638.22
232.01	49698.07
232.06	49756.14
232.11	49823.17
232.16	49906.03
232.21	49997.27
232.26	50077.62
232.32	50168.94
232.37	50238.00
232.42	50296.25
232.47	50338.69
232.52	50382.95
232.57	50432.18
232.62	50482.53
232.68	50548.84
232.73	50617.84
232.78	50698.33
232.83	50772.60
232.88	50850.72
232.93	50921.03
232.98	50993.59
233.03	51047.56
233.09	51102.97
233.14	51175.58
233.19	51237.95
233.24	51288.46
233.29	51343.01
233.34	51387.16
233.39	51404.54
233.45	51434.58
233.50	51483.86
233.55	51525.19
233.60	51583.40
233.65	51652.35
233.70	51716.66
233.75	51764.30
233.80	51821.36
233.86	51879.86
233.91	51921.07
233.96	51956.66
234.01	52009.09
234.06	52063.72
234.11	52115.48
234.16	52176.22
234.21	52248.12
234.26	52303.11
234.32	52347.49
234.37	52383.48
234.42	52422.90
234.47	52440.62
234.52	52466.84
234.57	52503.02
234.62	52539.12
234.67	52588.23
234.73	52648.96
234.78	52701.22
234.83	52742.35
234.88	52795.81
234.93	52822.75
234.98	52858.25
235.03	52898.99
235.08	52968.44
235.13	53023.81
235.19	53104.40
235.24	53167.46
235.29	53233.18
235.34	53278.49
235.39	53309.71
235.44	53330.16
235.49	53372.31
235.54	53405.73
235.59	53422.05
235.65	53460.00
235.70	53490.55
235.75	53527.05
235.80	53579.25
235.85	53640.93
235.90	53688.93
235.95	53730.82
236.00	53755.15
236.05	53782.26
236.11	53804.61
236.16	53829.97
236.21	53871.98
236.26	53910.43
236.31	53924.80
236.36	53946.64
236.41	53962.40
236.46	53977.97
236.51	53995.50
236.56	54028.52
236.62	54055.01
236.67	54086.58
236.72	54124.23
236.77	54152.61
236.82	54191.01
236.87	54218.92
236.92	54247.61
236.97	54284.27
237.02	54324.11
237.07	54377.85
237.13	54441.79
237.18	54496.68
237.23	54541.64
237.28	54588.19
237.33	54621.08
237.38	54644.17
237.43	54667.09
237.48	54668.35
237.53	54687.43
237.58	54715.49
237.63	54761.89
237.69	54806.09
237.74	54867.32
237.79	54905.96
237.84	54915.22
237.89	54919.94
237.94	54926.90
237.99	54938.41
238.04	54954.05
238.09	54978.33
238.14	55002.92
238.19	55027.51
238.25	55061.24
238.30	55069.51
238.35	55069.36
238.40	55069.10
238.45	55072.43
238.50	55057.20
238.55	55066.97
238.60	55099.09
238.65	55122.40
238.70	55139.55
238.75	55157.56
238.80	55186.29
238.86	55191.65
238.91	55206.31
238.96	55235.00
239.01	55276.40
239.06	55299.25
239.11	55327.00
239.16	55354.11
239.21	55356.69
239.26	55348.67
239.31	55360.10
239.36	55363.03
239.41	55373.56
239.46	55406.21
239.52	55430.15
239.57	55446.98
239.62	55475.53
239.67	55499.46
239.72	55526.21
239.77	55547.49
239.82	55568.08
239.87	55577.82
239.92	55578.58
239.97	55561.50
240.02	55545.44
240.07	55531.97
240.12	55529.17
240.17	55535.34
240.23	55537.40
240.28	55553.31
240.33	55561.21
240.38	55555.29
240.43	55555.00
240.48	55573.14
240.53	55592.42
240.58	55618.81
240.63	55655.85
240.68	55667.27
240.73	55651.62
240.78	55646.50
240.83	55631.60
240.88	55608.21
240.93	55595.98
240.98	55607.79
241.04	55619.51
241.09	55641.31
241.14	55669.20
241.19	55713.88
241.24	55745.06
241.29	55764.58
241.34	55776.03
241.39	55787.51
241.44	55788.35
241.49	55788.02
241.54	55779.50
241.59	55769.44
241.64	55766.52
241.69	55754.10
241.74	55744.66
241.79	55734.21
241.84	55732.36
241.90	55710.25
241.95	55681.72
242.00	55660.64
242.05	55639.85
242.10	55617.22
242.15	55607.03
242.20	55607.40
242.25	55602.49
242.30	55594.80
242.35	55592.37
242.40	55581.13
242.45	55568.07
242.50	55556.43
242.55	55557.04
242.60	55551.69
242.65	55560.42
242.70	55578.08
242.75	55607.16
242.80	55648.09
242.85	55680.93
242.91	55694.04
242.96	55690.68
243.01	55671.10
243.06	55636.90
243.11	55610.20
243.16	55586.65
243.21	55584.07
243.26	55591.23
243.31	55606.70
243.36	55611.42
243.41	55621.66
243.46	55614.80
243.51	55584.74
243.56	55525.96
243.61	55465.54
243.66	55429.46
243.71	55395.00
243.76	55391.00
243.81	55412.86
243.86	55419.09
243.91	55423.69
243.96	55428.30
244.01	55400.40
244.06	55370.04
244.12	55368.88
244.17	55347.84
244.22	55347.01
244.27	55377.16
244.32	55393.73
244.37	55414.48
244.42	55422.26
244.47	55416.34
244.52	55392.95
244.57	55362.57
244.62	55333.01
244.67	55317.10
244.72	55283.73
244.77	55277.47
244.82	55303.45
244.87	55335.22
244.92	55360.08
244.97	55383.49
245.02	55378.51
245.07	55354.89
245.12	55321.47
245.17	55290.10
245.22	55285.88
245.27	55284.16
245.32	55249.89
245.37	55212.31
245.42	55173.30
245.47	55130.09
245.52	55086.11
245.57	55077.46
245.62	55069.29
245.67	55058.50
245.72	55057.60
245.77	55037.99
245.82	55025.60
245.87	55011.87
245.92	55020.82
245.98	55002.91
246.03	55009.30
246.08	55009.80
246.13	55010.11
246.18	55009.31
246.23	55007.40
246.28	54995.88
246.33	54975.45
246.38	54948.52
246.43	54914.14
246.48	54889.16
246.53	54885.69
246.58	54898.19
246.63	54910.13
246.68	54908.89
246.73	54901.84
246.78	54874.17
246.83	54822.23
246.88	54763.29
246.93	54713.85
246.98	54659.83
247.03	54628.41
247.08	54608.95
247.13	54600.15
247.18	54594.39
247.23	54616.80
247.28	54619.24
247.33	54610.74
247.38	54590.50
247.43	54576.82
247.48	54550.09
247.53	54514.95
247.58	54484.00
247.63	54462.70
247.68	54418.64
247.73	54364.94
247.78	54332.28
247.83	54302.47
247.88	54277.33
247.93	54270.10
247.98	54271.98
248.03	54268.78
248.08	54284.54
248.13	54280.29
248.18	54273.66
248.23	54262.71
248.28	54234.92
248.33	54191.57
248.38	54155.92
248.43	54121.86
248.48	54100.25
248.53	54086.56
248.58	54066.34
248.63	54064.95
248.68	54049.74
248.73	54022.59
248.78	53992.19
248.83	53941.77
248.88	53868.59
248.93	53803.73
248.98	53729.31
249.03	53688.19
249.08	53667.46
249.13	53661.09
249.18	53644.86
249.23	53653.38
249.28	53635.08
249.33	53633.89
249.38	53625.64
249.43	53618.31
249.48	53592.73
249.53	53581.86
249.58	53555.02
249.63	53529.83
249.68	53517.40
249.73	53504.27
249.78	53471.42
249.83	53466.35
249.88	53445.11
249.93	53424.42
249.98	53413.75
250.03	53417.47
250.08	53386.67
250.13	53371.38
250.18	53350.56
250.23	53305.53
250.28	53253.49
250.33	53199.22
250.37	53159.03
250.42	53114.19
250.47	53082.67
250.52	53065.44
250.57	53053.81
250.62	53016.10
250.67	52985.76
250.72	52972.13
250.77	52930.75
250.82	52907.70
250.87	52907.05
250.92	52891.97
250.97	52873.58
251.02	52874.35
251.07	52873.81
251.12	52848.97
251.17	52822.10
251.22	52788.76
251.27	52749.75
251.32	52697.94
251.37	52645.18
251.42	52601.85
251.47	52562.87
251.52	52527.17
251.57	52502.10
251.62	52492.66
251.67	52478.64
251.72	52459.47
251.77	52434.44
251.82	52391.48
251.87	52350.21
251.92	52298.12
251.97	52245.51
252.02	52198.41
252.07	52170.84
252.12	52152.23
252.16	52155.16
252.21	52151.50
252.26	52156.64
252.31	52158.71
252.36	52146.40
252.41	52124.60
252.46	52100.83
252.51	52064.69
252.56	52025.03
252.61	51993.47
252.66	51959.51
252.71	51938.44
252.76	51919.52
252.81	51883.85
252.86	51829.08
252.91	51783.42
252.96	51717.48
253.01	51643.58
253.06	51579.29
253.11	51535.90
253.16	51492.81
253.21	51449.39
253.26	51414.74
253.31	51388.67
253.36	51370.11
253.40	51345.43
253.45	51338.73
253.50	51301.65
253.55	51259.57
253.60	51209.55
253.65	51165.94
253.70	51119.82
253.75	51105.99
253.80	51089.52
253.85	51085.47
253.90	51092.11
253.95	51080.36
254.00	51072.87
254.05	51061.76
254.10	51023.41
254.15	50978.61
254.20	50955.15
254.25	50920.49
254.30	50893.79
254.35	50857.66
254.39	50796.04
254.44	50714.15
254.49	50632.88
254.54	50596.59
254.59	50561.50
254.64	50553.25
254.69	50552.34
254.74	50555.34
254.79	50516.81
254.84	50487.57
254.89	50458.01
254.94	50439.90
254.99	50430.93
255.04	50414.09
255.09	50406.47
255.14	50384.35
255.19	50375.80
255.23	50362.43
255.28	50356.17
255.33	50347.16
255.38	50341.18
255.43	50315.53
255.48	50287.10
255.53	50245.89
255.58	50209.85
255.63	50173.42
255.68	50125.23
255.73	50073.29
255.78	50046.78
255.83	50020.70
255.88	49995.08
255.93	49974.29
255.97	49959.66
256.02	49922.61
256.07	49878.30
256.12	49812.66
256.17	49757.30
256.22	49709.81
256.27	49657.48
256.32	49612.10
256.37	49594.66
256.42	49575.76
256.47	49541.11
256.52	49513.57
256.57	49488.76
256.62	49469.69
256.66	49460.61
256.71	49440.99
256.76	49401.88
256.81	49353.25
256.86	49290.39
256.91	49231.43
256.96	49171.78
257.01	49145.65
257.06	49124.35
257.11	49096.97
257.16	49054.09
257.21	49025.76
257.26	48987.50
257.30	48946.90
257.35	48910.51
257.40	48877.49
257.45	48855.64
257.50	48826.95
257.55	48792.30
257.60	48769.33
257.65	48749.57
257.70	48712.90
257.75	48678.70
257.80	48649.08
257.85	48612.89
257.89	48566.46
257.94	48514.05
257.99	48451.92
258.04	48402.56
258.09	48360.43
258.14	48323.05
258.19	48306.08
258.24	48288.90
258.29	48242.95
258.34	48200.62
258.39	48166.10
258.44	48105.85
258.48	48053.27
258.53	48021.22
258.58	47981.11
258.63	47933.69
258.68	47888.84
258.73	47851.79
258.78	47813.09
258.83	47774.73
258.88	47737.44
258.93	47707.02
258.97	47676.75
259.02	47643.60
259.07	47613.22
259.12	47595.09
259.17	47571.96
259.22	47552.19
259.27	47526.08
259.32	47504.70
259.37	47454.14
259.42	47415.90
259.47	47368.27
259.51	47329.64
259.56	47262.63
259.61	47200.32
259.66	47130.94
259.71	47062.87
259.76	46993.75
259.81	46940.95
259.86	46900.68
259.91	46859.35
259.95	46829.07
260.00	46814.52
260.05	46800.30
260.10	46778.75
260.15	46771.76
260.20	46763.90
260.25	46751.83
260.30	46738.95
260.35	46711.81
260.40	46674.27
260.44	46641.59
260.49	46612.00
260.54	46575.92
260.59	46555.70
260.64	46549.12
260.69	46544.82
260.74	46508.50
260.79	46475.45
260.84	46432.76
260.88	46370.66
260.93	46288.60
260.98	46245.91
261.03	46194.17
261.08	46164.95
261.13	46135.31
261.18	46102.86
261.23	46048.46
261.28	46010.95
261.32	45963.71
261.37	45918.30
261.42	45885.24
261.47	45859.61
261.52	45814.59
261.57	45771.56
261.62	45728.45
261.67	45677.86
261.71	45607.94
261.76	45565.42
261.81	45512.97
261.86	45461.70
261.91	45417.50
261.96	45389.51
262.01	45349.52
262.06	45326.28
262.10	45313.39
262.15	45295.23
262.20	45279.75
262.25	45263.59
262.30	45243.10
262.35	45214.80
262.40	45189.67
262.45	45151.53
262.49	45121.35
262.54	45089.69
262.59	45057.77
262.64	45031.34
262.69	44997.85
262.74	44950.30
262.79	44889.82
262.84	44840.17
262.88	44781.58
262.93	44736.34
262.98	44701.24
263.03	44670.45
263.08	44619.38
263.13	44552.55
263.18	44487.67
263.23	44421.33
263.27	44364.35
263.32	44324.12
263.37	44305.31
263.42	44286.75
263.47	44259.16
263.52	44238.51
263.57	44210.70
263.61	44169.29
263.66	44129.04
263.71	44095.47
263.76	44057.24
263.81	44008.77
263.86	43983.75
263.91	43946.15
263.95	43890.59
264.00	43824.82
264.05	43780.85
264.10	43714.47
264.15	43643.10
264.20	43606.38
264.25	43566.29
264.29	43515.83
264.34	43457.53
264.39	43422.92
264.44	43362.38
264.49	43316.65
264.54	43267.48
264.59	43242.12
264.63	43200.20
264.68	43147.15
264.73	43097.50
264.78	43054.92
264.83	42990.37
264.88	42944.65
264.93	42923.98
264.97	42899.73
265.02	42873.55
265.07	42859.73
265.12	42822.20
265.17	42779.25
265.22	42736.31
265.27	42680.80
265.31	42620.76
265.36	42565.93
265.41	42503.15
265.46	42438.26
265.51	42366.49
265.56	42299.26
265.60	42238.25
265.65	42177.37
265.70	42123.96
265.75	42075.12
265.80	42024.43
265.85	41968.99
265.90	41914.80
265.94	41854.21
265.99	41795.39
266.04	41749.94
266.09	41706.01
266.14	41673.62
266.19	41637.80
266.23	41605.87
266.28	41565.60
266.33	41531.66
266.38	41501.98
266.43	41480.42
266.48	41464.41
266.52	41435.00
266.57	41397.77
266.62	41354.21
266.67	41303.08
266.72	41251.67
266.77	41215.77
266.81	41196.21
266.86	41171.20
266.91	41145.52
266.96	41109.57
267.01	41068.81
267.06	41012.44
267.10	40961.57
267.15	40908.80
267.20	40874.29
267.25	40834.35
267.30	40799.06
267.35	40761.30
267.39	40719.19
267.44	40679.17
267.49	40638.85
267.54	40593.72
267.59	40550.48
267.64	40498.44
267.68	40433.49
267.73	40377.59
267.78	40332.32
267.83	40297.74
267.88	40287.93
267.93	40278.52
267.97	40260.70
268.02	40229.92
268.07	40183.13
268.12	40124.31
268.17	40066.27
268.21	40021.13
268.26	39974.08
268.31	39932.82
268.36	39886.95
268.41	39842.10
268.46	39795.88
268.50	39754.28
268.55	39702.38
268.60	39645.87
268.65	39585.30
268.70	39502.95
268.74	39434.12
268.79	39363.37
268.84	39313.28
268.89	39271.97
268.94	39242.37
268.99	39205.94
269.03	39164.58
269.08	39110.94
269.13	39034.90
269.18	38956.79
269.23	38858.75
269.27	38752.45
269.32	38624.80
269.37	38498.49
269.42	38360.47
269.47	38223.04
269.51	38083.87
269.56	37950.26
269.61	37815.29
269.66	37666.82
269.71	37506.03
269.76	37356.29
269.80	37197.11
269.85	37046.93
269.90	36907.24
269.95	36769.74
270.00	36612.29
270.04	36470.80
270.09	36319.96
270.14	36169.65
270.19	36028.21
270.24	35900.83
270.28	35741.70
270.33	35580.77
270.38	35406.15
270.43	35224.61
270.48	35043.40
270.52	34894.29
270.57	34724.81
270.62	34566.20
270.67	34418.41
270.72	34263.56
270.76	34077.97
270.81	33913.67
270.86	33744.05
270.91	33564.52
270.96	33392.62
271.00	33238.29
271.05	33084.65
271.10	32945.19
271.15	32816.46
271.20	32691.89
271.24	32556.23
271.29	32423.30
271.34	32275.04
271.39	32119.97
271.44	31968.87
271.48	31830.97
271.53	31683.03
271.58	31546.14
271.63	31403.65
271.67	31257.35
271.72	31111.56
271.77	30963.70
271.82	30821.56
271.87	30684.11
271.91	30524.39
271.96	30374.95
272.01	30240.35
272.06	30106.29
272.11	29983.35
272.15	29880.80
272.20	29777.89
272.25	29681.45
272.30	29581.15
272.35	29466.79
272.39	29358.51
272.44	29241.40
272.49	29104.17
272.54	28960.05
272.58	28811.54
272.63	28659.67
272.68	28498.47
272.73	28335.46
272.78	28166.60
272.82	27974.42
272.87	27751.97
272.92	27471.23
272.97	26946.65
273.01	23979.97
273.06	19015.07
273.11	13542.73
273.16	8170.25
273.21	3078.76
273.25	465.21
273.30	-87.68
273.35	-89.09
