165.32	3374.06
165.38	-246.22
165.44	594.79
165.50	-77.90
165.55	-21.01
165.61	0.02
165.67	26.40
165.72	34.80
165.78	39.47
165.84	38.16
165.89	34.88
165.95	33.22
166.01	32.82
166.06	34.53
166.12	36.73
166.18	35.10
166.23	37.03
166.29	36.14
166.35	32.79
166.40	31.90
166.46	38.31
166.52	40.76
166.57	41.60
166.63	41.85
166.69	44.64
166.74	38.65
166.80	39.25
166.86	40.92
166.91	41.63
166.97	35.64
167.03	38.22
167.08	32.58
167.14	31.51
167.20	29.70
167.25	42.07
167.31	42.57
167.37	47.48
167.42	49.78
167.48	55.86
167.54	50.33
167.59	49.81
167.65	45.80
167.71	45.87
167.76	44.77
167.82	40.69
167.88	39.99
167.93	47.46
167.99	45.66
168.05	47.85
168.10	55.64
168.16	55.31
168.21	53.39
168.27	58.14
168.33	60.13
168.38	52.62
168.44	57.55
168.50	56.28
168.55	54.53
168.61	54.94
168.67	57.44
168.72	54.56
168.78	55.12
168.84	51.00
168.89	49.75
168.95	50.12
169.01	49.53
169.06	48.41
169.12	48.17
169.18	46.17
169.23	46.14
169.29	50.47
169.34	55.14
169.40	57.66
169.46	61.90
169.51	63.82
169.57	59.31
169.63	55.10
169.68	60.03
169.74	56.65
169.80	62.57
169.85	64.04
169.91	68.38
169.97	64.34
170.02	63.92
170.08	62.97
170.13	63.47
170.19	62.50
170.25	63.90
170.30	68.29
170.36	60.28
170.42	61.86
170.47	63.56
170.53	65.47
170.59	62.56
170.64	65.63
170.70	63.65
170.76	60.47
170.81	61.69
170.87	60.72
170.92	61.88
170.98	65.20
171.04	68.43
171.09	64.27
171.15	71.96
171.21	72.59
171.26	69.54
171.32	66.82
171.37	70.81
171.43	64.95
171.49	69.44
171.54	72.69
171.60	74.21
171.66	75.71
171.71	76.30
171.77	73.89
171.83	79.89
171.88	78.74
171.94	77.93
171.99	82.52
172.05	81.35
172.11	82.04
172.16	90.89
172.22	91.58
172.28	91.81
172.33	90.20
172.39	87.43
172.44	83.99
172.50	89.33
172.56	88.95
172.61	97.40
172.67	96.93
172.72	96.76
172.78	91.74
172.84	86.62
172.89	79.62
172.95	78.59
173.01	79.84
173.06	78.92
173.12	84.62
173.17	86.04
173.23	85.80
173.29	85.32
173.34	86.64
173.40	81.05
173.46	81.21
173.51	84.20
173.57	84.69
173.62	79.28
173.68	85.88
173.74	84.89
173.79	85.70
173.85	83.01
173.90	85.45
173.96	81.78
174.02	79.24
174.07	71.44
174.13	70.44
174.18	73.03
174.24	66.59
174.30	67.16
174.35	72.12
174.41	69.17
174.47	63.03
174.52	64.15
174.58	62.60
174.63	58.33
174.69	57.25
174.75	59.00
174.80	70.01
174.86	67.65
174.91	68.98
174.97	68.83
175.03	66.65
175.08	54.48
175.14	61.42
175.19	57.22
175.25	57.49
175.31	61.30
175.36	62.79
175.42	59.77
175.47	64.55
175.53	65.41
175.59	62.08
175.64	64.17
175.70	62.24
175.75	57.18
175.81	55.33
175.87	56.70
175.92	52.55
175.98	54.08
176.03	54.27
176.09	54.69
176.15	54.38
176.20	55.50
176.26	55.41
176.31	59.04
176.37	57.25
176.42	58.21
176.48	61.49
176.54	58.78
176.59	55.78
176.65	58.02
176.70	59.24
176.76	58.59
176.82	56.89
176.87	53.76
176.93	53.53
176.98	52.38
177.04	47.25
177.10	52.23
177.15	54.01
177.21	54.99
177.26	53.88
177.32	57.82
177.37	58.83
177.43	62.65
177.49	59.11
177.54	56.90
177.60	57.36
177.65	58.03
177.71	52.18
177.77	55.12
177.82	56.47
177.88	59.95
177.93	55.49
177.99	62.08
178.04	58.25
178.10	58.74
178.16	52.46
178.21	54.00
178.27	50.86
178.32	54.49
178.38	53.38
178.43	54.94
178.49	54.40
178.55	53.42
178.60	51.89
178.66	51.37
178.71	52.89
178.77	50.63
178.82	51.72
178.88	52.00
178.94	52.54
178.99	53.55
179.05	57.64
179.10	54.01
179.16	56.52
179.21	58.64
179.27	57.43
179.33	53.85
179.38	57.70
179.44	56.07
179.49	56.15
179.55	54.59
179.60	54.35
179.66	53.27
179.72	55.54
179.77	53.01
179.83	51.47
179.88	53.34
179.94	54.37
179.99	50.63
180.05	51.27
180.11	52.03
180.16	54.43
180.22	57.41
180.27	61.81
180.33	62.80
180.38	67.70
180.44	63.00
180.49	62.64
180.55	60.72
180.61	64.89
180.66	59.08
180.72	57.72
180.77	55.64
180.83	55.68
180.88	52.28
180.94	52.42
180.99	55.57
181.05	55.54
181.11	56.80
181.16	57.28
181.22	58.51
181.27	61.16
181.33	59.86
181.38	56.26
181.44	57.37
181.49	61.75
181.55	62.25
181.61	68.63
181.66	71.84
181.72	69.64
181.77	67.24
181.83	65.26
181.88	70.16
181.94	71.75
181.99	77.18
182.05	78.03
182.11	79.12
182.16	70.12
182.22	67.87
182.27	63.62
182.33	65.89
182.38	65.34
182.44	70.08
182.49	72.10
182.55	73.43
182.60	72.14
182.66	75.30
182.72	77.25
182.77	79.63
182.83	83.02
182.88	86.40
182.94	87.53
182.99	85.44
183.05	84.54
183.10	86.82
183.16	86.89
183.21	89.51
183.27	98.09
183.32	103.64
183.38	108.59
183.44	116.33
183.49	122.83
183.55	125.30
183.60	133.84
183.66	142.17
183.71	154.48
183.77	164.02
183.82	175.57
183.88	187.99
183.93	200.95
183.99	215.65
184.04	233.63
184.10	247.15
184.15	260.63
184.21	275.08
184.27	276.86
184.32	277.15
184.38	273.65
184.43	266.78
184.49	246.17
184.54	225.37
184.60	211.91
184.65	195.12
184.71	183.51
184.76	184.51
184.82	203.61
184.87	222.16
184.93	250.38
184.98	281.04
185.04	315.94
185.09	343.56
185.15	373.70
185.20	409.71
185.26	446.84
185.31	477.94
185.37	507.12
185.43	528.86
185.48	548.46
185.54	572.90
185.59	599.36
185.65	625.62
185.70	668.36
185.76	716.12
185.81	752.34
185.87	792.41
185.92	839.26
185.98	876.24
186.03	891.12
186.09	891.83
186.14	862.43
186.20	804.21
186.25	710.10
186.31	618.46
186.36	546.37
186.42	514.65
186.47	523.16
186.53	572.67
186.58	643.93
186.64	721.06
186.69	795.20
186.75	856.04
186.80	913.24
186.86	970.25
186.91	1023.08
186.97	1070.72
187.02	1129.43
187.08	1180.70
187.13	1215.66
187.19	1251.53
187.24	1281.00
187.30	1285.07
187.35	1285.79
187.41	1298.32
187.47	1310.82
187.52	1332.20
187.58	1385.56
187.63	1472.25
187.69	1574.69
187.74	1669.20
187.80	1747.27
187.85	1802.32
187.91	1822.86
187.96	1810.69
188.02	1769.00
188.07	1699.74
188.13	1591.10
188.18	1474.78
188.24	1394.27
188.29	1364.96
188.35	1390.15
188.40	1478.56
188.46	1611.22
188.51	1739.71
188.57	1870.64
188.62	1998.20
188.67	2119.36
188.73	2230.48
188.78	2339.95
188.84	2444.15
188.89	2549.25
188.95	2654.55
189.00	2748.52
189.06	2845.92
189.11	2941.73
189.17	3024.75
189.22	3097.79
189.28	3185.76
189.33	3261.23
189.39	3323.67
189.44	3388.52
189.50	3463.07
189.55	3531.03
189.61	3584.82
189.66	3642.85
189.72	3698.32
189.77	3745.71
189.83	3766.56
189.88	3769.19
189.94	3732.10
189.99	3644.80
190.05	3478.30
190.10	3245.45
190.16	2977.05
190.21	2735.16
190.27	2565.89
190.32	2498.44
190.38	2525.41
190.43	2627.98
190.49	2745.81
190.54	2829.92
190.60	2884.95
190.65	2915.02
190.71	2925.84
190.76	2934.77
190.81	2964.07
190.87	3027.55
190.92	3149.23
190.98	3317.93
191.03	3511.63
191.09	3706.19
191.14	3863.09
191.20	3976.03
191.25	4073.73
191.31	4184.56
191.36	4329.24
191.42	4518.74
191.47	4740.28
191.53	4962.66
191.58	5146.98
191.64	5285.33
191.69	5389.68
191.75	5453.31
191.80	5492.10
191.85	5519.09
191.91	5546.23
191.96	5571.47
192.02	5603.61
192.07	5621.85
192.13	5619.43
192.18	5571.43
192.24	5450.19
192.29	5254.56
192.35	5025.28
192.40	4838.16
192.46	4729.56
192.51	4727.76
192.57	4824.66
192.62	5004.02
192.67	5190.40
192.73	5369.55
192.78	5533.84
192.84	5687.89
192.89	5826.14
192.95	5958.73
193.00	6076.24
193.06	6188.35
193.11	6293.99
193.17	6386.98
193.22	6472.22
193.28	6562.80
193.33	6637.33
193.38	6704.50
193.44	6774.96
193.49	6850.61
193.55	6910.28
193.60	6968.31
193.66	7022.38
193.71	7066.63
193.77	7090.14
193.82	7109.65
193.88	7131.26
193.93	7157.33
193.98	7185.10
194.04	7225.73
194.09	7272.64
194.15	7322.44
194.20	7365.02
194.26	7405.53
194.31	7443.40
194.37	7461.08
194.42	7458.92
194.47	7440.23
194.53	7387.98
194.58	7292.54
194.64	7181.92
194.69	7081.74
194.75	7014.70
194.80	6996.33
194.86	7032.34
194.91	7118.83
194.97	7223.07
195.02	7324.44
195.07	7421.23
195.13	7510.66
195.18	7597.22
195.24	7665.64
195.29	7727.46
195.35	7773.29
195.40	7820.51
195.46	7861.35
195.51	7938.69
195.56	8037.45
195.62	8159.96
195.67	8281.53
195.73	8401.47
195.78	8481.17
195.84	8531.66
195.89	8556.13
195.94	8586.44
196.00	8627.87
196.05	8690.86
196.11	8773.38
196.16	8867.95
196.22	8956.02
196.27	9035.09
196.32	9100.79
196.38	9154.18
196.43	9205.73
196.49	9245.14
196.54	9283.59
196.60	9328.26
196.65	9372.02
196.71	9413.59
196.76	9461.97
196.81	9500.59
196.87	9533.80
196.92	9563.30
196.98	9583.77
197.03	9593.87
197.09	9593.04
197.14	9587.15
197.19	9586.88
197.25	9598.85
197.30	9629.80
197.36	9679.24
197.41	9743.64
197.47	9808.59
197.52	9871.00
197.57	9935.74
197.63	9993.92
197.68	10049.22
197.74	10101.72
197.79	10150.43
197.84	10190.84
197.90	10235.48
197.95	10274.51
198.01	10311.09
198.06	10349.29
198.12	10387.34
198.17	10421.86
198.22	10459.28
198.28	10498.42
198.33	10537.62
198.39	10581.19
198.44	10628.73
198.49	10676.66
198.55	10721.02
198.60	10769.55
198.66	10814.01
198.71	10864.75
198.77	10913.58
198.82	10970.19
198.87	11021.46
198.93	11072.44
198.98	11117.40
199.04	11165.57
199.09	11207.52
199.14	11247.79
199.20	11289.77
199.25	11329.78
199.31	11371.95
199.36	11417.86
199.42	11466.86
199.47	11511.78
199.52	11556.62
199.58	11591.39
199.63	11620.25
199.69	11648.82
199.74	11681.62
199.79	11708.00
199.85	11742.89
199.90	11784.30
199.96	11828.04
200.01	11871.75
200.06	11922.89
200.12	11969.90
200.17	12023.03
200.23	12073.31
200.28	12116.75
200.33	12169.29
200.39	12217.49
200.44	12257.87
200.50	12300.44
200.55	12343.98
200.60	12382.75
200.66	12422.96
200.71	12460.11
200.77	12501.67
200.82	12542.24
200.87	12578.52
200.93	12617.35
200.98	12661.54
201.04	12697.39
201.09	12743.33
201.14	12794.08
201.20	12843.86
201.25	12896.91
201.31	12955.56
201.36	13013.12
201.41	13068.85
201.47	13127.69
201.52	13180.10
201.58	13239.62
201.63	13287.82
201.68	13337.59
201.74	13385.29
201.79	13436.11
201.84	13484.19
201.90	13533.16
201.95	13579.23
202.01	13626.98
202.06	13670.48
202.11	13709.23
202.17	13752.86
202.22	13797.62
202.28	13839.28
202.33	13880.24
202.38	13918.21
202.44	13967.12
202.49	14013.40
202.54	14064.71
202.60	14114.68
202.65	14167.44
202.71	14210.57
202.76	14249.80
202.81	14290.54
202.87	14339.65
202.92	14386.52
202.98	14437.73
203.03	14496.08
203.08	14550.00
203.14	14601.87
203.19	14655.81
203.24	14713.66
203.30	14766.33
203.35	14817.85
203.41	14863.60
203.46	14904.85
203.51	14943.04
203.57	14982.00
203.62	15029.26
203.67	15080.13
203.73	15122.31
203.78	15157.57
203.84	15195.88
203.89	15218.93
203.94	15238.34
204.00	15262.42
204.05	15273.02
204.10	15260.94
204.16	15240.06
204.21	15203.36
204.27	15140.98
204.32	15055.65
204.37	14946.77
204.43	14795.46
204.48	14615.47
204.53	14448.92
204.59	14372.10
204.64	14429.48
204.69	14615.74
204.75	14897.02
204.80	15214.49
204.86	15459.79
204.91	15598.73
204.96	15650.21
205.02	15629.70
205.07	15611.68
205.12	15672.02
205.18	15803.67
205.23	15992.41
205.28	16232.27
205.34	16466.10
205.39	16648.44
205.45	16780.39
205.50	16876.82
205.55	16949.69
205.61	17015.57
205.66	17081.57
205.71	17145.52
205.77	17206.16
205.82	17268.75
205.87	17323.53
205.93	17368.16
205.98	17415.77
206.03	17455.76
206.09	17503.20
206.14	17549.79
206.20	17603.89
206.25	17661.31
206.30	17726.58
206.36	17780.83
206.41	17845.25
206.46	17903.38
206.52	17950.26
206.57	18000.16
206.62	18048.05
206.68	18091.20
206.73	18139.06
206.78	18197.61
206.84	18256.07
206.89	18316.08
206.94	18377.41
207.00	18454.22
207.05	18517.46
207.11	18582.24
207.16	18645.11
207.21	18705.52
207.27	18751.16
207.32	18809.89
207.37	18865.74
207.43	18919.20
207.48	18969.19
207.53	19025.04
207.59	19080.83
207.64	19138.30
207.69	19212.25
207.75	19287.30
207.80	19347.69
207.85	19404.51
207.91	19462.32
207.96	19510.65
208.01	19569.29
208.07	19630.77
208.12	19691.44
208.17	19741.42
208.23	19790.91
208.28	19834.58
208.33	19891.20
208.39	19951.41
208.44	20018.59
208.49	20082.37
208.55	20147.13
208.60	20199.54
208.65	20252.33
208.71	20306.64
208.76	20363.09
208.81	20427.74
208.87	20496.59
208.92	20554.43
208.97	20610.63
209.03	20670.74
209.08	20724.96
209.13	20778.94
209.19	20845.74
209.24	20906.09
209.29	20968.57
209.35	21021.86
209.40	21085.10
209.45	21145.99
209.51	21212.80
209.56	21272.62
209.61	21343.07
209.67	21408.95
209.72	21469.37
209.77	21522.17
209.83	21585.29
209.88	21652.38
209.93	21715.21
209.99	21778.59
210.04	21857.34
210.09	21930.14
210.15	21990.39
210.20	22052.87
210.25	22117.52
210.31	22178.26
210.36	22223.31
210.41	22273.68
210.46	22329.89
210.52	22385.57
210.57	22434.72
210.62	22500.37
210.68	22568.26
210.73	22620.82
210.78	22677.72
210.84	22738.24
210.89	22792.88
210.94	22847.97
211.00	22911.13
211.05	22966.67
211.10	23027.90
211.16	23094.89
211.21	23162.08
211.26	23226.88
211.32	23301.48
211.37	23368.56
211.42	23434.10
211.47	23499.33
211.53	23571.88
211.58	23630.21
211.63	23687.72
211.69	23741.18
211.74	23790.35
211.79	23828.16
211.85	23886.27
211.90	23950.08
211.95	24020.51
212.01	24091.82
212.06	24183.36
212.11	24260.38
212.16	24333.63
212.22	24405.81
212.27	24476.94
212.32	24535.40
212.38	24600.87
212.43	24665.65
212.48	24728.19
212.54	24797.67
212.59	24867.97
212.64	24935.90
212.69	24997.40
212.75	25063.38
212.80	25127.80
212.85	25191.70
212.91	25244.70
212.96	25307.87
213.01	25367.35
213.07	25419.49
213.12	25478.06
213.17	25542.71
213.22	25608.07
213.28	25665.63
213.33	25714.71
213.38	25762.76
213.44	25811.45
213.49	25868.81
213.54	25939.04
213.60	26014.43
213.65	26088.37
213.70	26165.02
213.75	26222.75
213.81	26264.98
213.86	26311.24
213.91	26343.31
213.97	26364.01
214.02	26376.57
214.07	26381.61
214.12	26373.57
214.18	26355.85
214.23	26325.15
214.28	26272.52
214.34	26194.53
214.39	26083.41
214.44	25918.99
214.49	25692.29
214.55	25408.53
214.60	25050.11
214.65	24623.04
214.71	24260.75
214.76	24120.69
214.81	24240.11
214.86	24629.62
214.92	25233.48
214.97	25875.12
215.02	26361.54
215.08	26646.69
215.13	26750.37
215.18	26687.43
215.23	26546.84
215.29	26467.74
215.34	26535.55
215.39	26728.84
215.45	27065.87
215.50	27504.13
215.55	27923.07
215.60	28241.60
215.66	28455.55
215.71	28599.94
215.76	28700.99
215.81	28775.98
215.87	28838.43
215.92	28906.71
215.97	28968.37
216.03	29032.11
216.08	29092.54
216.13	29152.50
216.18	29214.70
216.24	29280.68
216.29	29329.24
216.34	29380.92
216.39	29448.12
216.45	29510.95
216.50	29567.10
216.55	29629.93
216.61	29709.51
216.66	29763.74
216.71	29826.32
216.76	29888.96
216.82	29967.44
216.87	30028.39
216.92	30105.28
216.97	30174.10
217.03	30252.40
217.08	30322.48
217.13	30401.52
217.18	30475.02
217.24	30544.64
217.29	30610.47
217.34	30666.54
217.39	30713.38
217.45	30755.90
217.50	30808.51
217.55	30871.16
217.61	30942.63
217.66	31009.47
217.71	31082.51
217.76	31159.35
217.82	31237.07
217.87	31301.64
217.92	31379.84
217.97	31444.14
218.03	31513.89
218.08	31558.87
218.13	31611.14
218.18	31655.08
218.24	31731.41
218.29	31783.13
218.34	31840.54
218.39	31906.24
218.45	31974.23
218.50	32023.16
218.55	32086.22
218.60	32157.62
218.66	32212.78
218.71	32270.37
218.76	32336.44
218.81	32400.29
218.87	32464.34
218.92	32540.29
218.97	32614.49
219.02	32681.34
219.08	32746.46
219.13	32818.37
219.18	32875.93
219.23	32936.10
219.29	32998.79
219.34	33065.72
219.39	33128.01
219.44	33190.30
219.50	33263.93
219.55	33332.16
219.60	33397.96
219.65	33458.92
219.71	33526.95
219.76	33581.23
219.81	33637.03
219.86	33695.47
219.92	33751.18
219.97	33807.81
220.02	33864.67
220.07	33919.13
220.13	33973.21
220.18	34038.24
220.23	34104.91
220.28	34184.06
220.33	34266.93
220.39	34333.56
220.44	34393.39
220.49	34450.06
220.54	34496.95
220.60	34546.29
220.65	34613.75
220.70	34679.51
220.75	34756.02
220.81	34834.77
220.86	34912.02
220.91	34984.42
220.96	35054.69
221.02	35121.37
221.07	35191.79
221.12	35249.02
221.17	35304.77
221.22	35365.86
221.28	35420.41
221.33	35472.46
221.38	35539.72
221.43	35615.67
221.49	35681.21
221.54	35753.60
221.59	35822.91
221.64	35901.01
221.69	35985.02
221.75	36087.48
221.80	36182.99
221.85	36256.66
221.90	36323.71
221.96	36376.18
222.01	36406.01
222.06	36437.21
222.11	36487.62
222.17	36526.90
222.22	36556.90
222.27	36603.28
222.32	36647.66
222.37	36703.64
222.43	36771.18
222.48	36835.94
222.53	36909.86
222.58	36993.95
222.63	37065.87
222.69	37128.60
222.74	37212.03
222.79	37278.94
222.84	37331.49
222.90	37380.40
222.95	37426.81
223.00	37462.07
223.05	37512.03
223.10	37564.14
223.16	37627.34
223.21	37683.44
223.26	37735.35
223.31	37767.79
223.36	37808.67
223.42	37846.04
223.47	37880.29
223.52	37938.85
223.57	37991.95
223.63	38048.46
223.68	38095.04
223.73	38171.34
223.78	38233.39
223.83	38310.27
223.89	38366.47
223.94	38441.07
223.99	38504.62
224.04	38576.63
224.09	38645.51
224.15	38737.50
224.20	38811.01
224.25	38901.49
224.30	38987.20
224.35	39078.17
224.41	39172.96
224.46	39271.33
224.51	39347.45
224.56	39417.74
224.61	39494.24
224.67	39564.38
224.72	39637.19
224.77	39736.59
224.82	39836.72
224.87	39915.26
224.93	39984.48
224.98	40059.04
225.03	40129.52
225.08	40193.36
225.13	40268.76
225.19	40344.54
225.24	40421.90
225.29	40473.13
225.34	40532.51
225.39	40579.42
225.45	40628.47
225.50	40653.33
225.55	40676.55
225.60	40685.60
225.65	40687.83
225.71	40655.65
225.76	40610.61
225.81	40527.79
225.86	40418.40
225.91	40256.53
225.97	40059.13
226.02	39801.58
226.07	39501.89
226.12	39293.79
226.17	39286.91
226.22	39475.79
226.28	39882.09
226.33	40466.98
226.38	41007.15
226.43	41407.82
226.48	41652.91
226.54	41746.98
226.59	41731.57
226.64	41670.72
226.69	41570.28
226.74	41526.63
226.80	41597.02
226.85	41753.43
226.90	41995.62
226.95	42350.52
227.00	42705.71
227.05	42987.53
227.11	43211.86
227.16	43389.10
227.21	43496.89
227.26	43589.74
227.31	43660.93
227.37	43713.80
227.42	43791.78
227.47	43877.64
227.52	43951.15
227.57	44023.33
227.62	44121.70
227.68	44193.73
227.73	44275.37
227.78	44353.72
227.83	44442.01
227.88	44511.32
227.93	44586.48
227.99	44661.45
228.04	44739.28
228.09	44818.45
228.14	44894.46
228.19	44970.45
228.24	45042.68
228.30	45113.52
228.35	45176.71
228.40	45243.90
228.45	45299.58
228.50	45362.84
228.56	45428.06
228.61	45485.89
228.66	45541.89
228.71	45601.21
228.76	45649.22
228.81	45698.88
228.87	45747.57
228.92	45810.06
228.97	45871.38
229.02	45958.25
229.07	46031.39
229.12	46117.20
229.17	46192.67
229.23	46270.46
229.28	46335.15
229.33	46410.79
229.38	46487.61
229.43	46566.09
229.48	46657.36
229.54	46733.05
229.59	46799.41
229.64	46870.54
229.69	46945.24
229.74	47026.12
229.79	47088.47
229.85	47157.92
229.90	47226.76
229.95	47287.39
230.00	47337.72
230.05	47418.93
230.10	47491.72
230.16	47564.26
230.21	47632.24
230.26	47694.48
230.31	47735.72
230.36	47799.22
230.41	47854.53
230.46	47934.65
230.52	48018.73
230.57	48106.88
230.62	48192.91
230.67	48263.93
230.72	48325.84
230.77	48370.09
230.82	48419.59
230.88	48446.77
230.93	48495.14
230.98	48529.66
231.03	48591.91
231.08	48646.58
231.13	48708.03
231.19	48775.66
231.24	48855.33
231.29	48925.74
231.34	48999.54
231.39	49080.59
231.44	49147.31
231.49	49198.60
231.55	49240.83
231.60	49281.39
231.65	49324.87
231.70	49370.30
231.75	49416.44
231.80	49473.71
231.85	49537.15
231.91	49588.39
231.96	49640.69
232.01	49705.53
232.06	49767.00
232.11	49827.38
232.16	49905.92
232.21	49991.95
232.26	50072.79
232.32	50155.73
232.37	50236.01
232.42	50299.90
232.47	50343.18
232.52	50394.92
232.57	50444.39
232.62	50488.76
232.68	50544.04
232.73	50624.25
232.78	50699.21
232.83	50775.27
232.88	50853.75
232.93	50935.51
232.98	50994.39
233.03	51043.67
233.09	51102.70
233.14	51173.99
233.19	51226.02
233.24	51284.15
233.29	51344.05
233.34	51375.73
233.39	51390.38
233.45	51423.43
233.50	51458.04
233.55	51505.91
233.60	51582.53
233.65	51652.48
233.70	51714.40
233.75	51769.50
233.80	51820.46
233.86	51865.41
233.91	51916.51
233.96	51961.29
234.01	52015.78
234.06	52071.63
234.11	52131.74
234.16	52186.91
234.21	52250.84
234.26	52307.65
234.32	52350.18
234.37	52381.81
234.42	52419.26
234.47	52431.28
234.52	52453.59
234.57	52493.05
234.62	52533.99
234.67	52585.94
234.73	52649.36
234.78	52707.16
234.83	52752.10
234.88	52801.61
234.93	52831.44
234.98	52868.98
235.03	52914.68
235.08	52972.27
235.13	53021.81
235.19	53098.36
235.24	53160.14
235.29	53224.13
235.34	53268.91
235.39	53305.69
235.44	53332.53
235.49	53374.36
235.54	53404.95
235.59	53424.38
235.65	53446.92
235.70	53475.59
235.75	53507.60
235.80	53554.89
235.85	53612.00
235.90	53672.73
235.95	53709.75
236.00	53742.31
236.05	53766.17
236.11	53800.02
236.16	53836.23
236.21	53884.35
236.26	53932.61
236.31	53955.00
236.36	53975.71
236.41	53987.51
236.46	54000.03
236.51	54007.24
236.56	54037.63
236.62	54060.91
236.67	54093.73
236.72	54132.79
236.77	54160.78
236.82	54203.56
236.87	54231.03
236.92	54252.61
236.97	54288.77
237.02	54343.36
237.07	54391.07
237.13	54462.38
237.18	54519.64
237.23	54563.09
237.28	54607.48
237.33	54637.64
237.38	54652.30
237.43	54676.67
237.48	54683.98
237.53	54696.80
237.58	54717.83
237.63	54754.99
237.69	54798.16
237.74	54855.64
237.79	54888.60
237.84	54901.07
237.89	54911.20
237.94	54924.51
237.99	54935.47
238.04	54960.54
238.09	55002.93
238.14	55030.84
238.19	55050.51
238.25	55068.20
238.30	55065.07
238.35	55058.25
238.40	55053.99
238.45	55058.14
238.50	55060.84
238.55	55075.45
238.60	55107.52
238.65	55133.74
238.70	55150.59
238.75	55163.34
238.80	55189.79
238.86	55189.15
238.91	55207.77
238.96	55239.11
239.01	55276.59
239.06	55303.73
239.11	55333.82
239.16	55352.45
239.21	55349.79
239.26	55338.83
239.31	55342.99
239.36	55354.41
239.41	55379.78
239.46	55405.57
239.52	55443.78
239.57	55468.35
239.62	55490.69
239.67	55506.81
239.72	55534.75
239.77	55546.20
239.82	55561.27
239.87	55572.08
239.92	55580.42
239.97	55574.90
240.02	55571.67
240.07	55553.39
240.12	55548.92
240.17	55553.18
240.23	55557.62
240.28	55565.22
240.33	55575.62
240.38	55568.67
240.43	55557.18
240.48	55565.29
240.53	55578.01
240.58	55603.75
240.63	55638.91
240.68	55659.32
240.73	55652.97
240.78	55638.38
240.83	55631.95
240.88	55614.34
240.93	55598.10
240.98	55603.56
241.04	55627.93
241.09	55650.09
241.14	55663.48
241.19	55708.63
241.24	55734.41
241.29	55753.73
241.34	55755.82
241.39	55777.40
241.44	55780.13
241.49	55790.62
241.54	55787.12
241.59	55787.94
241.64	55787.61
241.69	55775.18
241.74	55755.04
241.79	55746.76
241.84	55741.58
241.90	55719.46
241.95	55696.92
242.00	55673.76
242.05	55645.91
242.10	55632.56
242.15	55621.22
242.20	55613.44
242.25	55612.25
242.30	55608.70
242.35	55594.94
242.40	55589.02
242.45	55583.63
242.50	55581.91
242.55	55577.11
242.60	55576.04
242.65	55574.38
242.70	55583.45
242.75	55594.43
242.80	55635.48
242.85	55668.88
242.91	55682.73
242.96	55680.12
243.01	55672.34
243.06	55647.18
243.11	55616.89
243.16	55597.58
243.21	55597.03
243.26	55598.40
243.31	55599.58
243.36	55606.04
243.41	55621.55
243.46	55615.31
243.51	55592.07
243.56	55544.89
243.61	55482.60
243.66	55434.54
243.71	55399.37
243.76	55399.37
243.81	55422.63
243.86	55434.76
243.91	55445.68
243.96	55445.80
244.01	55420.01
244.06	55381.19
244.12	55372.99
244.17	55353.47
244.22	55355.25
244.27	55374.92
244.32	55403.42
244.37	55416.71
244.42	55424.79
244.47	55417.69
244.52	55401.98
244.57	55370.86
244.62	55350.69
244.67	55332.23
244.72	55308.38
244.77	55300.79
244.82	55318.21
244.87	55352.49
244.92	55371.36
244.97	55394.71
245.02	55392.52
245.07	55362.56
245.12	55329.02
245.17	55316.50
245.22	55313.56
245.27	55302.36
245.32	55276.29
245.37	55238.67
245.42	55185.47
245.47	55132.01
245.52	55092.26
245.57	55077.24
245.62	55055.45
245.67	55055.09
245.72	55043.69
245.77	55021.73
245.82	55005.13
245.87	55011.62
245.92	55017.06
245.98	55010.43
246.03	55019.60
246.08	55026.23
246.13	55015.11
246.18	55010.25
246.23	55006.78
246.28	54988.75
246.33	54968.94
246.38	54947.40
246.43	54909.90
246.48	54888.94
246.53	54896.46
246.58	54908.46
246.63	54913.57
246.68	54917.05
246.73	54901.57
246.78	54870.34
246.83	54819.02
246.88	54768.20
246.93	54719.72
246.98	54673.25
247.03	54628.60
247.08	54610.26
247.13	54589.59
247.18	54587.25
247.23	54617.64
247.28	54635.54
247.33	54624.28
247.38	54613.95
247.43	54585.63
247.48	54556.07
247.53	54521.58
247.58	54493.74
247.63	54458.05
247.68	54421.45
247.73	54362.54
247.78	54322.29
247.83	54292.49
247.88	54268.95
247.93	54265.75
247.98	54270.70
248.03	54273.37
248.08	54286.29
248.13	54291.24
248.18	54275.37
248.23	54264.39
248.28	54234.00
248.33	54189.06
248.38	54161.18
248.43	54140.78
248.48	54111.68
248.53	54100.26
248.58	54090.57
248.63	54080.63
248.68	54053.95
248.73	54032.80
248.78	53998.86
248.83	53950.69
248.88	53883.79
248.93	53818.15
248.98	53742.65
249.03	53699.74
249.08	53670.49
249.13	53666.08
249.18	53659.73
249.23	53670.64
249.28	53659.89
249.33	53654.84
249.38	53636.67
249.43	53622.00
249.48	53592.99
249.53	53572.55
249.58	53542.59
249.63	53519.76
249.68	53507.64
249.73	53494.98
249.78	53478.72
249.83	53479.21
249.88	53449.39
249.93	53426.87
249.98	53421.49
250.03	53413.16
250.08	53382.71
250.13	53381.56
250.18	53364.67
250.23	53320.25
250.28	53272.16
250.33	53221.05
250.37	53171.25
250.42	53121.77
250.47	53089.19
250.52	53069.83
250.57	53053.19
250.62	53022.04
250.67	52998.72
250.72	52974.84
250.77	52934.80
250.82	52912.64
250.87	52912.90
250.92	52907.46
250.97	52889.44
251.02	52890.22
251.07	52887.20
251.12	52857.76
251.17	52820.14
251.22	52796.04
251.27	52752.62
251.32	52701.07
251.37	52651.81
251.42	52603.70
251.47	52559.76
251.52	52532.50
251.57	52518.07
251.62	52512.29
251.67	52508.45
251.72	52485.29
251.77	52457.89
251.82	52412.95
251.87	52365.79
251.92	52320.38
251.97	52273.37
252.02	52215.00
252.07	52187.20
252.12	52166.38
252.16	52154.22
252.21	52153.37
252.26	52169.26
252.31	52160.52
252.36	52152.42
252.41	52126.80
252.46	52098.56
252.51	52064.04
252.56	52031.39
252.61	51999.99
252.66	51973.25
252.71	51958.10
252.76	51937.65
252.81	51899.94
252.86	51848.94
252.91	51806.38
252.96	51737.91
253.01	51655.64
253.06	51595.98
253.11	51550.43
253.16	51502.88
253.21	51449.84
253.26	51420.10
253.31	51397.32
253.36	51374.98
253.40	51355.43
253.45	51354.78
253.50	51322.49
253.55	51282.49
253.60	51230.29
253.65	51180.65
253.70	51139.69
253.75	51118.19
253.80	51094.38
253.85	51096.15
253.90	51101.03
253.95	51092.94
254.00	51095.56
254.05	51085.38
254.10	51047.17
254.15	51011.23
254.20	50974.76
254.25	50932.33
254.30	50893.05
254.35	50851.09
254.39	50783.28
254.44	50714.14
254.49	50632.04
254.54	50616.17
254.59	50589.44
254.64	50582.69
254.69	50573.52
254.74	50576.03
254.79	50531.02
254.84	50487.07
254.89	50460.65
254.94	50447.61
254.99	50435.29
255.04	50419.28
255.09	50421.85
255.14	50393.99
255.19	50374.05
255.23	50369.31
255.28	50359.78
255.33	50346.19
255.38	50342.79
255.43	50325.32
255.48	50285.37
255.53	50243.16
255.58	50217.13
255.63	50182.08
255.68	50138.51
255.73	50100.74
255.78	50072.33
255.83	50035.29
255.88	50013.53
255.93	49982.62
255.97	49964.05
256.02	49929.50
256.07	49886.53
256.12	49813.79
256.17	49770.27
256.22	49714.41
256.27	49662.37
256.32	49618.35
256.37	49597.89
256.42	49574.46
256.47	49548.50
256.52	49520.63
256.57	49494.32
256.62	49481.16
256.66	49460.18
256.71	49426.49
256.76	49389.29
256.81	49339.65
256.86	49280.77
256.91	49234.10
256.96	49190.47
257.01	49158.55
257.06	49146.15
257.11	49113.99
257.16	49059.53
257.21	49028.61
257.26	48999.17
257.30	48953.12
257.35	48916.03
257.40	48893.29
257.45	48873.09
257.50	48838.51
257.55	48810.45
257.60	48787.21
257.65	48763.54
257.70	48724.58
257.75	48693.49
257.80	48668.66
257.85	48631.83
257.89	48587.56
257.94	48529.31
257.99	48463.82
258.04	48404.48
258.09	48360.86
258.14	48331.12
258.19	48315.84
258.24	48296.56
258.29	48250.84
258.34	48211.72
258.39	48171.81
258.44	48115.26
258.48	48066.94
258.53	48033.65
258.58	47989.11
258.63	47933.15
258.68	47885.99
258.73	47848.92
258.78	47806.53
258.83	47769.53
258.88	47732.29
258.93	47698.54
258.97	47664.02
259.02	47637.02
259.07	47609.06
259.12	47592.50
259.17	47582.70
259.22	47570.81
259.27	47552.05
259.32	47535.28
259.37	47494.01
259.42	47452.86
259.47	47408.89
259.51	47359.72
259.56	47292.97
259.61	47228.33
259.66	47149.43
259.71	47067.21
259.76	46997.82
259.81	46937.07
259.86	46896.84
259.91	46856.37
259.95	46836.02
260.00	46812.96
260.05	46794.36
260.10	46766.72
260.15	46757.67
260.20	46743.75
260.25	46741.32
260.30	46731.49
260.35	46706.15
260.40	46668.91
260.44	46637.45
260.49	46606.47
260.54	46569.08
260.59	46549.40
260.64	46552.69
260.69	46548.29
260.74	46510.55
260.79	46480.24
260.84	46436.43
260.88	46370.67
260.93	46290.35
260.98	46248.51
261.03	46204.14
261.08	46176.37
261.13	46141.35
261.18	46109.83
261.23	46050.85
261.28	46009.03
261.32	45966.96
261.37	45920.87
261.42	45886.92
261.47	45867.91
261.52	45820.50
261.57	45775.95
261.62	45740.14
261.67	45682.26
261.71	45621.42
261.76	45583.24
261.81	45526.05
261.86	45467.05
261.91	45431.88
261.96	45394.98
262.01	45350.47
262.06	45327.49
262.10	45326.31
262.15	45304.47
262.20	45288.52
262.25	45271.20
262.30	45249.09
262.35	45204.40
262.40	45177.60
262.45	45140.57
262.49	45116.00
262.54	45088.18
262.59	45068.14
262.64	45038.20
262.69	45008.89
262.74	44961.89
262.79	44901.78
262.84	44847.89
262.88	44799.17
262.93	44743.39
262.98	44701.44
263.03	44668.57
263.08	44616.54
263.13	44543.80
263.18	44481.19
263.23	44418.35
263.27	44368.08
263.32	44330.87
263.37	44315.64
263.42	44300.53
263.47	44279.15
263.52	44248.65
263.57	44216.89
263.61	44174.20
263.66	44128.20
263.71	44089.43
263.76	44046.42
263.81	44001.91
263.86	43974.28
263.91	43938.84
263.95	43875.16
264.00	43821.13
264.05	43772.13
264.10	43706.52
264.15	43644.36
264.20	43606.10
264.25	43568.34
264.29	43519.30
264.34	43464.04
264.39	43426.63
264.44	43380.26
264.49	43325.31
264.54	43290.28
264.59	43261.31
264.63	43211.52
264.68	43154.34
264.73	43109.40
264.78	43051.23
264.83	42995.58
264.88	42946.92
264.93	42927.33
264.97	42900.74
265.02	42883.63
265.07	42863.69
265.12	42829.27
265.17	42780.89
265.22	42737.41
265.27	42675.96
265.31	42614.88
265.36	42556.78
265.41	42499.21
265.46	42443.45
265.51	42375.23
265.56	42314.74
265.60	42268.73
265.65	42214.40
265.70	42155.49
265.75	42104.89
265.80	42058.05
265.85	41993.24
265.90	41932.08
265.94	41869.08
265.99	41806.14
266.04	41750.13
266.09	41710.85
266.14	41679.54
266.19	41647.16
266.23	41617.20
266.28	41581.34
266.33	41544.31
266.38	41507.52
266.43	41483.03
266.48	41465.63
266.52	41434.69
266.57	41397.71
266.62	41358.29
266.67	41306.33
266.72	41253.50
266.77	41221.80
266.81	41195.71
266.86	41172.24
266.91	41144.74
266.96	41110.54
267.01	41067.97
267.06	41018.42
267.10	40959.14
267.15	40906.63
267.20	40870.88
267.25	40828.59
267.30	40786.77
267.35	40758.75
267.39	40727.73
267.44	40690.14
267.49	40650.09
267.54	40611.00
267.59	40554.56
267.64	40499.22
267.68	40435.80
267.73	40375.56
267.78	40331.75
267.83	40304.44
267.88	40290.51
267.93	40285.94
267.97	40270.37
268.02	40233.40
268.07	40188.45
268.12	40128.59
268.17	40067.59
268.21	40024.97
268.26	39980.23
268.31	39929.92
268.36	39886.80
268.41	39841.51
268.46	39789.31
268.50	39756.67
268.55	39717.64
268.60	39655.28
268.65	39588.41
268.70	39507.45
268.74	39435.50
268.79	39360.98
268.84	39314.32
268.89	39276.09
268.94	39249.72
268.99	39207.13
269.03	39172.19
269.08	39118.61
269.13	39037.37
269.18	38956.84
269.23	38858.05
269.27	38749.92
269.32	38622.18
269.37	38510.33
269.42	38378.06
269.47	38240.58
269.51	38103.90
269.56	37969.80
269.61	37827.27
269.66	37672.02
269.71	37521.90
269.76	37375.39
269.80	37220.90
269.85	37075.92
269.90	36943.99
269.95	36798.73
270.00	36635.22
270.04	36488.17
270.09	36335.19
270.14	36185.00
270.19	36044.75
270.24	35911.23
270.28	35755.25
270.33	35592.25
270.38	35415.86
270.43	35235.90
270.48	35056.37
270.52	34900.46
270.57	34737.37
270.62	34578.96
270.67	34420.79
270.72	34268.43
270.76	34094.55
270.81	33925.75
270.86	33752.45
270.91	33584.27
270.96	33415.08
271.00	33254.54
271.05	33096.01
271.10	32958.13
271.15	32822.43
271.20	32692.17
271.24	32552.89
271.29	32416.05
271.34	32269.70
271.39	32121.38
271.44	31974.50
271.48	31838.19
271.53	31692.88
271.58	31546.49
271.63	31398.67
271.67	31248.61
271.72	31105.33
271.77	30959.88
271.82	30821.59
271.87	30684.85
271.91	30526.31
271.96	30376.99
272.01	30242.65
272.06	30109.15
272.11	29982.80
272.15	29880.08
272.20	29773.65
272.25	29677.90
272.30	29574.19
272.35	29467.29
272.39	29356.83
272.44	29237.36
272.49	29094.62
272.54	28953.41
272.58	28805.49
272.63	28654.64
272.68	28508.12
272.73	28354.81
272.78	28183.09
272.82	27990.22
272.87	27768.35
272.92	27473.74
272.97	26948.20
273.01	23982.64
273.06	19016.34
273.11	13543.18
273.16	8173.87
273.21	3077.67
273.25	466.47
273.30	-87.85
273.35	-89.08
