165.32	3373.38
165.38	-245.34
165.44	594.97
165.50	-77.69
165.55	-21.01
165.61	0.03
165.67	26.39
165.72	34.80
165.78	39.49
165.84	37.96
165.89	35.06
165.95	33.48
166.01	32.55
166.06	34.18
166.12	36.70
166.18	34.67
166.23	36.43
166.29	35.88
166.35	32.70
166.40	31.86
166.46	38.20
166.52	40.51
166.57	41.21
166.63	41.50
166.69	43.98
166.74	37.66
166.80	38.56
166.86	41.03
166.91	41.91
166.97	36.18
167.03	39.09
167.08	33.28
167.14	31.82
167.20	29.83
167.25	42.57
167.31	42.71
167.37	48.26
167.42	50.28
167.48	56.50
167.54	50.73
167.59	50.08
167.65	45.53
167.71	45.43
167.76	44.06
167.82	39.40
167.88	39.72
167.93	47.58
167.99	46.31
168.05	48.29
168.10	56.04
168.16	55.00
168.21	53.02
168.27	57.46
168.33	59.72
168.38	52.96
168.44	57.91
168.50	56.67
168.55	55.25
168.61	55.66
168.67	57.45
168.72	55.03
168.78	55.04
168.84	50.71
168.89	49.29
168.95	49.96
169.01	49.01
169.06	48.87
169.12	48.41
169.18	46.41
169.23	46.57
169.29	50.78
169.34	54.69
169.40	57.34
169.46	62.03
169.51	63.65
169.57	58.88
169.63	54.88
169.68	59.51
169.74	55.93
169.80	62.17
169.85	64.29
169.91	68.57
169.97	64.66
170.02	64.68
170.08	63.41
170.13	63.23
170.19	62.44
170.25	64.59
170.30	68.51
170.36	60.12
170.42	62.08
170.47	63.56
170.53	64.71
170.59	62.20
170.64	66.02
170.70	64.53
170.76	61.67
170.81	63.56
170.87	62.57
170.92	63.55
170.98	66.53
171.04	69.06
171.09	64.48
171.15	71.78
171.21	72.29
171.26	69.24
171.32	66.85
171.37	70.50
171.43	65.09
171.49	69.42
171.54	72.87
171.60	74.51
171.66	76.27
171.71	76.79
171.77	74.95
171.83	80.72
171.88	79.64
171.94	78.96
171.99	83.36
172.05	82.05
172.11	82.85
172.16	91.67
172.22	92.50
172.28	92.66
172.33	90.74
172.39	87.53
172.44	83.71
172.50	88.78
172.56	88.03
172.61	96.97
172.67	96.79
172.72	96.64
172.78	91.75
172.84	86.60
172.89	79.62
172.95	78.53
173.01	79.80
173.06	78.65
173.12	84.53
173.17	85.56
173.23	85.37
173.29	85.68
173.34	87.33
173.40	81.89
173.46	82.31
173.51	84.88
173.57	84.64
173.62	79.17
173.68	85.84
173.74	84.67
173.79	86.16
173.85	83.35
173.90	85.81
173.96	82.38
174.02	79.99
174.07	71.83
174.13	70.80
174.18	73.04
174.24	66.26
174.30	66.82
174.35	72.15
174.41	69.45
174.47	63.82
174.52	65.13
174.58	63.61
174.63	59.16
174.69	58.44
174.75	59.74
174.80	70.76
174.86	68.74
174.91	69.70
174.97	69.57
175.03	67.16
175.08	55.10
175.14	61.57
175.19	57.53
175.25	57.58
175.31	61.87
175.36	62.87
175.42	59.67
175.47	64.45
175.53	65.22
175.59	62.06
175.64	63.82
175.70	61.59
175.75	56.93
175.81	55.40
175.87	56.33
175.92	52.68
175.98	54.41
176.03	54.61
176.09	54.55
176.15	54.17
176.20	55.37
176.26	55.22
176.31	58.81
176.37	56.46
176.42	58.20
176.48	61.12
176.54	58.83
176.59	55.11
176.65	57.85
176.70	59.20
176.76	58.66
176.82	56.77
176.87	54.21
176.93	54.33
176.98	52.43
177.04	47.36
177.10	51.92
177.15	53.42
177.21	54.25
177.26	53.62
177.32	57.60
177.37	59.46
177.43	63.26
177.49	59.60
177.54	56.73
177.60	57.27
177.65	57.40
177.71	52.06
177.77	55.13
177.82	56.89
177.88	60.35
177.93	56.05
177.99	62.26
178.04	57.96
178.10	58.49
178.16	52.37
178.21	53.31
178.27	50.61
178.32	54.66
178.38	53.78
178.43	55.26
178.49	55.39
178.55	54.54
178.60	53.60
178.66	52.50
178.71	53.80
178.77	51.55
178.82	52.30
178.88	51.69
178.94	52.35
178.99	53.14
179.05	57.31
179.10	53.21
179.16	56.54
179.21	59.35
179.27	58.21
179.33	54.10
179.38	58.38
179.44	56.11
179.49	55.78
179.55	53.93
179.60	54.06
179.66	52.75
179.72	55.02
179.77	52.61
179.83	51.88
179.88	53.80
179.94	55.19
179.99	51.47
180.05	51.85
180.11	52.96
180.16	55.56
180.22	58.10
180.27	62.47
180.33	63.27
180.38	67.29
180.44	62.58
180.49	62.28
180.55	61.08
180.61	64.87
180.66	59.34
180.72	57.47
180.77	55.89
180.83	55.24
180.88	52.18
180.94	52.05
180.99	56.03
181.05	56.06
181.11	57.33
181.16	57.77
181.22	59.09
181.27	61.52
181.33	60.02
181.38	56.99
181.44	58.36
181.49	62.90
181.55	63.36
181.61	69.61
181.66	71.87
181.72	69.57
181.77	66.91
181.83	64.65
181.88	69.57
181.94	71.40
181.99	76.81
182.05	77.81
182.11	78.91
182.16	70.11
182.22	68.39
182.27	63.88
182.33	66.34
182.38	66.38
182.44	70.85
182.49	72.90
182.55	74.87
182.60	73.93
182.66	75.85
182.72	78.09
182.77	80.21
182.83	83.74
182.88	86.93
182.94	88.86
182.99	85.99
183.05	84.89
183.10	87.15
183.16	87.05
183.21	89.25
183.27	98.50
183.32	104.15
183.38	108.91
183.44	117.81
183.49	125.24
183.55	128.30
183.60	136.92
183.66	145.27
183.71	156.72
183.77	166.13
183.82	177.42
183.88	190.41
183.93	204.38
183.99	219.73
184.04	238.40
184.10	252.91
184.15	266.47
184.21	280.45
184.27	282.38
184.32	281.39
184.38	276.90
184.43	270.21
184.49	249.65
184.54	228.27
184.60	214.95
184.65	198.72
184.71	187.05
184.76	188.45
184.82	206.73
184.87	226.72
184.93	254.35
184.98	285.08
185.04	320.26
185.09	348.82
185.15	377.38
185.20	413.18
185.26	451.27
185.31	483.26
185.37	513.83
185.43	537.32
185.48	558.98
185.54	583.54
185.59	609.71
185.65	636.82
185.70	679.31
185.76	727.13
185.81	764.26
185.87	804.47
185.92	851.07
185.98	889.02
186.03	906.68
186.09	906.75
186.14	878.43
186.20	819.02
186.25	724.47
186.31	629.36
186.36	556.29
186.42	522.46
186.47	530.10
186.53	579.32
186.58	652.17
186.64	729.48
186.69	805.36
186.75	868.08
186.80	925.81
186.86	980.90
186.91	1036.48
186.97	1082.80
187.02	1142.36
187.08	1194.36
187.13	1230.36
187.19	1264.21
187.24	1294.22
187.30	1297.83
187.35	1297.55
187.41	1310.59
187.47	1324.68
187.52	1345.89
187.58	1400.89
187.63	1489.87
187.69	1594.76
187.74	1690.41
187.80	1770.11
187.85	1825.02
187.91	1846.04
187.96	1832.55
188.02	1789.73
188.07	1720.15
188.13	1611.46
188.18	1494.24
188.24	1412.48
188.29	1380.82
188.35	1405.28
188.40	1493.40
188.46	1624.80
188.51	1755.66
188.57	1888.73
188.62	2017.71
188.67	2137.45
188.73	2251.94
188.78	2361.30
188.84	2466.44
188.89	2573.07
188.95	2681.42
189.00	2774.01
189.06	2871.86
189.11	2967.59
189.17	3048.63
189.22	3121.87
189.28	3213.14
189.33	3290.38
189.39	3355.35
189.44	3421.98
189.50	3497.42
189.55	3562.10
189.61	3614.71
189.66	3670.36
189.72	3726.93
189.77	3773.35
189.83	3797.62
189.88	3800.41
189.94	3763.80
189.99	3672.55
190.05	3504.68
190.10	3266.85
190.16	2996.73
190.21	2752.13
190.27	2582.44
190.32	2511.79
190.38	2540.04
190.43	2640.34
190.49	2758.46
190.54	2844.76
190.60	2901.35
190.65	2930.78
190.71	2943.16
190.76	2951.64
190.81	2981.86
190.87	3044.94
190.92	3166.66
190.98	3334.07
191.03	3531.06
191.09	3727.71
191.14	3888.60
191.20	4001.64
191.25	4102.25
191.31	4212.71
191.36	4356.83
191.42	4545.83
191.47	4769.45
191.53	4993.03
191.58	5178.58
191.64	5317.91
191.69	5420.86
191.75	5484.79
191.80	5523.49
191.85	5550.72
191.91	5575.81
191.96	5604.09
192.02	5636.01
192.07	5651.21
192.13	5647.76
192.18	5597.50
192.24	5475.88
192.29	5275.03
192.35	5047.46
192.40	4859.68
192.46	4751.11
192.51	4747.08
192.57	4847.62
192.62	5026.72
192.67	5214.83
192.73	5399.64
192.78	5565.09
192.84	5719.16
192.89	5856.97
192.95	5988.51
193.00	6101.59
193.06	6211.76
193.11	6318.01
193.17	6412.43
193.22	6497.49
193.28	6588.22
193.33	6663.08
193.38	6732.46
193.44	6802.86
193.49	6875.60
193.55	6936.32
193.60	6998.70
193.66	7053.77
193.71	7099.56
193.77	7127.17
193.82	7145.58
193.88	7162.65
193.93	7187.29
193.98	7214.35
194.04	7254.29
194.09	7300.18
194.15	7350.85
194.20	7394.46
194.26	7432.40
194.31	7467.93
194.37	7489.31
194.42	7488.34
194.47	7469.64
194.53	7415.92
194.58	7317.79
194.64	7202.20
194.69	7099.88
194.75	7025.76
194.80	7008.53
194.86	7049.17
194.91	7138.42
194.97	7241.39
195.02	7346.03
195.07	7440.12
195.13	7528.12
195.18	7611.82
195.24	7682.90
195.29	7742.59
195.35	7789.12
195.40	7833.44
195.46	7873.76
195.51	7949.65
195.56	8053.66
195.62	8181.70
195.67	8304.22
195.73	8422.45
195.78	8500.56
195.84	8546.71
195.89	8567.48
195.94	8598.06
196.00	8644.44
196.05	8710.10
196.11	8794.60
196.16	8888.28
196.22	8979.24
196.27	9056.19
196.32	9120.81
196.38	9176.07
196.43	9228.81
196.49	9269.08
196.54	9311.02
196.60	9356.10
196.65	9396.39
196.71	9434.29
196.76	9482.30
196.81	9518.34
196.87	9551.07
196.92	9580.17
196.98	9602.25
197.03	9612.92
197.09	9606.36
197.14	9600.17
197.19	9600.97
197.25	9612.61
197.30	9635.70
197.36	9691.18
197.41	9756.15
197.47	9821.53
197.52	9884.39
197.57	9950.28
197.63	10005.33
197.68	10059.82
197.74	10108.45
197.79	10153.54
197.84	10197.77
197.90	10242.05
197.95	10276.23
198.01	10315.22
198.06	10359.09
198.12	10399.38
198.17	10434.35
198.22	10474.10
198.28	10514.64
198.33	10555.01
198.39	10594.94
198.44	10644.69
198.49	10692.88
198.55	10737.75
198.60	10783.70
198.66	10830.62
198.71	10882.24
198.77	10933.94
198.82	10989.81
198.87	11040.29
198.93	11094.53
198.98	11143.07
199.04	11185.91
199.09	11227.71
199.14	11268.53
199.20	11309.21
199.25	11344.51
199.31	11389.23
199.36	11434.07
199.42	11481.99
199.47	11525.01
199.52	11569.53
199.58	11611.16
199.63	11637.45
199.69	11668.43
199.74	11697.01
199.79	11720.44
199.85	11748.22
199.90	11790.54
199.96	11830.81
200.01	11875.05
200.06	11930.25
200.12	11980.30
200.17	12033.56
200.23	12089.79
200.28	12136.04
200.33	12185.82
200.39	12231.72
200.44	12272.19
200.50	12313.23
200.55	12356.61
200.60	12391.82
200.66	12433.69
200.71	12471.93
200.77	12509.75
200.82	12545.25
200.87	12586.95
200.93	12624.37
200.98	12666.06
201.04	12703.79
201.09	12753.54
201.14	12803.84
201.20	12850.80
201.25	12904.44
201.31	12959.92
201.36	13018.30
201.41	13075.73
201.47	13134.83
201.52	13189.73
201.58	13248.55
201.63	13295.89
201.68	13340.29
201.74	13386.80
201.79	13437.14
201.84	13488.03
201.90	13533.05
201.95	13584.31
202.01	13633.77
202.06	13681.50
202.11	13721.69
202.17	13767.44
202.22	13811.76
202.28	13858.93
202.33	13898.84
202.38	13937.59
202.44	13984.79
202.49	14026.83
202.54	14072.26
202.60	14118.48
202.65	14169.85
202.71	14218.82
202.76	14262.99
202.81	14305.03
202.87	14354.23
202.92	14400.57
202.98	14448.14
203.03	14498.52
203.08	14552.67
203.14	14603.02
203.19	14659.52
203.24	14717.11
203.30	14773.33
203.35	14823.07
203.41	14869.71
203.46	14913.99
203.51	14950.60
203.57	14988.90
203.62	15033.01
203.67	15076.92
203.73	15111.94
203.78	15152.04
203.84	15192.62
203.89	15220.07
203.94	15245.14
204.00	15267.80
204.05	15275.88
204.10	15265.36
204.16	15243.23
204.21	15205.44
204.27	15145.94
204.32	15057.24
204.37	14944.74
204.43	14789.94
204.48	14611.83
204.53	14442.60
204.59	14364.93
204.64	14423.37
204.69	14610.37
204.75	14889.34
204.80	15206.86
204.86	15456.55
204.91	15599.35
204.96	15653.55
205.02	15636.91
205.07	15617.99
205.12	15671.54
205.18	15794.53
205.23	15985.69
205.28	16225.70
205.34	16461.32
205.39	16646.80
205.45	16787.31
205.50	16879.52
205.55	16951.76
205.61	17018.24
205.66	17082.15
205.71	17148.41
205.77	17210.75
205.82	17271.24
205.87	17326.03
205.93	17380.88
205.98	17427.88
206.03	17472.77
206.09	17521.68
206.14	17569.49
206.20	17623.65
206.25	17672.89
206.30	17735.52
206.36	17792.96
206.41	17856.84
206.46	17907.52
206.52	17956.77
206.57	18009.48
206.62	18054.59
206.68	18096.82
206.73	18147.68
206.78	18205.51
206.84	18258.08
206.89	18318.50
206.94	18383.11
207.00	18455.31
207.05	18523.89
207.11	18591.24
207.16	18645.03
207.21	18705.38
207.27	18754.87
207.32	18807.74
207.37	18866.57
207.43	18926.27
207.48	18980.16
207.53	19036.01
207.59	19095.42
207.64	19146.96
207.69	19220.21
207.75	19283.96
207.80	19340.81
207.85	19396.52
207.91	19455.54
207.96	19503.18
208.01	19564.14
208.07	19630.55
208.12	19693.07
208.17	19743.83
208.23	19793.71
208.28	19838.20
208.33	19890.41
208.39	19948.83
208.44	20022.45
208.49	20089.45
208.55	20157.36
208.60	20211.30
208.65	20263.37
208.71	20306.96
208.76	20364.64
208.81	20420.56
208.87	20487.14
208.92	20542.42
208.97	20607.98
209.03	20668.39
209.08	20728.47
209.13	20789.94
209.19	20859.02
209.24	20918.52
209.29	20979.76
209.35	21036.27
209.40	21093.89
209.45	21152.39
209.51	21214.72
209.56	21278.12
209.61	21344.73
209.67	21412.70
209.72	21476.23
209.77	21531.36
209.83	21593.25
209.88	21660.74
209.93	21723.39
209.99	21788.14
210.04	21863.36
210.09	21931.90
210.15	21989.45
210.20	22052.14
210.25	22109.03
210.31	22172.51
210.36	22215.82
210.41	22266.92
210.46	22324.53
210.52	22385.12
210.57	22433.25
210.62	22503.55
210.68	22576.65
210.73	22627.23
210.78	22686.85
210.84	22749.01
210.89	22806.89
210.94	22858.71
211.00	22916.74
211.05	22969.40
211.10	23032.14
211.16	23090.99
211.21	23155.91
211.26	23226.84
211.32	23298.28
211.37	23361.66
211.42	23433.03
211.47	23497.82
211.53	23563.81
211.58	23625.59
211.63	23684.71
211.69	23736.56
211.74	23796.27
211.79	23847.16
211.85	23905.39
211.90	23969.37
211.95	24038.96
212.01	24102.93
212.06	24175.33
212.11	24253.82
212.16	24323.22
212.22	24391.81
212.27	24460.56
212.32	24527.63
212.38	24588.18
212.43	24654.78
212.48	24719.11
212.54	24793.35
212.59	24864.74
212.64	24935.34
212.69	24998.71
212.75	25065.59
212.80	25125.75
212.85	25189.68
212.91	25238.99
212.96	25296.85
213.01	25356.35
213.07	25411.30
213.12	25473.04
213.17	25540.38
213.22	25600.49
213.28	25659.55
213.33	25712.74
213.38	25763.66
213.44	25813.16
213.49	25876.21
213.54	25941.99
213.60	26015.16
213.65	26082.88
213.70	26160.00
213.75	26224.27
213.81	26268.87
213.86	26310.88
213.91	26344.66
213.97	26363.76
214.02	26370.98
214.07	26378.33
214.12	26375.00
214.18	26356.19
214.23	26322.39
214.28	26272.80
214.34	26192.89
214.39	26076.66
214.44	25915.84
214.49	25697.25
214.55	25412.56
214.60	25048.75
214.65	24623.29
214.71	24257.83
214.76	24111.82
214.81	24235.85
214.86	24631.56
214.92	25232.65
214.97	25871.51
215.02	26359.11
215.08	26638.86
215.13	26740.36
215.18	26683.35
215.23	26549.68
215.29	26473.73
215.34	26543.34
215.39	26737.31
215.45	27069.05
215.50	27502.81
215.55	27926.24
215.60	28242.21
215.66	28457.57
215.71	28607.35
215.76	28711.58
215.81	28773.62
215.87	28837.64
215.92	28909.73
215.97	28965.80
216.03	29025.18
216.08	29085.23
216.13	29142.53
216.18	29203.30
216.24	29272.25
216.29	29327.63
216.34	29394.56
216.39	29464.45
216.45	29526.38
216.50	29582.36
216.55	29644.94
216.61	29713.31
216.66	29769.59
216.71	29830.14
216.76	29894.87
216.82	29964.66
216.87	30031.84
216.92	30109.38
216.97	30178.95
217.03	30255.06
217.08	30330.78
217.13	30407.10
217.18	30472.81
217.24	30544.28
217.29	30607.83
217.34	30656.88
217.39	30698.26
217.45	30746.11
217.50	30797.78
217.55	30860.74
217.61	30934.36
217.66	31008.32
217.71	31077.71
217.76	31154.03
217.82	31227.42
217.87	31297.15
217.92	31371.68
217.97	31448.59
218.03	31514.38
218.08	31564.96
218.13	31609.68
218.18	31654.43
218.24	31721.96
218.29	31777.52
218.34	31841.10
218.39	31910.07
218.45	31978.16
218.50	32031.48
218.55	32093.69
218.60	32162.02
218.66	32214.80
218.71	32274.58
218.76	32337.71
218.81	32404.33
218.87	32461.45
218.92	32531.23
218.97	32608.84
219.02	32671.71
219.08	32739.58
219.13	32810.72
219.18	32887.83
219.23	32939.17
219.29	33007.01
219.34	33068.75
219.39	33128.99
219.44	33186.49
219.50	33259.33
219.55	33322.76
219.60	33382.60
219.65	33456.85
219.71	33522.24
219.76	33579.80
219.81	33636.51
219.86	33698.97
219.92	33743.87
219.97	33794.83
220.02	33853.88
220.07	33909.65
220.13	33966.94
220.18	34040.09
220.23	34111.47
220.28	34188.53
220.33	34266.40
220.39	34330.26
220.44	34384.02
220.49	34442.81
220.54	34487.85
220.60	34542.77
220.65	34613.26
220.70	34680.54
220.75	34749.06
220.81	34829.82
220.86	34905.66
220.91	34965.84
220.96	35037.52
221.02	35111.52
221.07	35176.83
221.12	35231.27
221.17	35293.58
221.22	35354.37
221.28	35407.58
221.33	35470.34
221.38	35537.74
221.43	35612.21
221.49	35675.58
221.54	35742.75
221.59	35806.36
221.64	35885.44
221.69	35974.27
221.75	36071.68
221.80	36170.08
221.85	36245.06
221.90	36308.72
221.96	36364.88
222.01	36405.68
222.06	36438.13
222.11	36485.60
222.17	36531.26
222.22	36559.35
222.27	36606.43
222.32	36659.49
222.37	36720.89
222.43	36784.47
222.48	36849.87
222.53	36915.66
222.58	36993.23
222.63	37061.69
222.69	37133.50
222.74	37212.33
222.79	37287.83
222.84	37334.45
222.90	37381.28
222.95	37433.08
223.00	37467.36
223.05	37505.58
223.10	37564.92
223.16	37628.57
223.21	37677.72
223.26	37733.56
223.31	37777.84
223.36	37815.33
223.42	37850.66
223.47	37884.78
223.52	37933.54
223.57	37987.63
223.63	38041.62
223.68	38097.07
223.73	38174.19
223.78	38248.66
223.83	38315.85
223.89	38374.50
223.94	38442.07
223.99	38498.80
224.04	38563.63
224.09	38634.54
224.15	38721.78
224.20	38795.61
224.25	38878.31
224.30	38966.33
224.35	39052.75
224.41	39150.71
224.46	39255.79
224.51	39338.12
224.56	39409.00
224.61	39493.24
224.67	39566.72
224.72	39633.21
224.77	39731.61
224.82	39834.09
224.87	39914.11
224.93	39987.61
224.98	40067.46
225.03	40141.42
225.08	40202.36
225.13	40278.81
225.19	40356.78
225.24	40430.96
225.29	40475.18
225.34	40535.70
225.39	40584.10
225.45	40620.55
225.50	40643.60
225.55	40678.04
225.60	40688.14
225.65	40680.67
225.71	40658.03
225.76	40615.18
225.81	40533.35
225.86	40418.40
225.91	40272.56
225.97	40074.31
226.02	39816.83
226.07	39508.56
226.12	39305.55
226.17	39285.06
226.22	39471.61
226.28	39875.70
226.33	40461.47
226.38	41002.58
226.43	41395.96
226.48	41644.89
226.54	41743.53
226.59	41731.41
226.64	41660.00
226.69	41571.09
226.74	41522.26
226.80	41585.41
226.85	41742.42
226.90	41994.69
226.95	42346.44
227.00	42698.85
227.05	42984.78
227.11	43213.66
227.16	43386.17
227.21	43496.38
227.26	43595.41
227.31	43673.06
227.37	43727.28
227.42	43807.46
227.47	43891.93
227.52	43965.59
227.57	44031.84
227.62	44115.23
227.68	44189.48
227.73	44268.54
227.78	44344.02
227.83	44439.23
227.88	44517.01
227.93	44592.14
227.99	44668.38
228.04	44743.14
228.09	44809.65
228.14	44885.13
228.19	44960.36
228.24	45026.14
228.30	45097.74
228.35	45168.11
228.40	45234.27
228.45	45298.84
228.50	45372.06
228.56	45437.95
228.61	45501.45
228.66	45562.61
228.71	45614.26
228.76	45656.26
228.81	45697.45
228.87	45740.46
228.92	45803.11
228.97	45866.38
229.02	45956.97
229.07	46037.65
229.12	46131.60
229.17	46204.51
229.23	46277.90
229.28	46345.22
229.33	46419.07
229.38	46491.12
229.43	46568.12
229.48	46652.04
229.54	46727.10
229.59	46800.23
229.64	46864.69
229.69	46937.29
229.74	47028.85
229.79	47092.35
229.85	47170.90
229.90	47240.64
229.95	47309.02
230.00	47362.11
230.05	47441.14
230.10	47509.52
230.16	47583.13
230.21	47644.33
230.26	47697.85
230.31	47736.33
230.36	47794.33
230.41	47855.02
230.46	47941.51
230.52	48034.09
230.57	48128.88
230.62	48210.52
230.67	48282.13
230.72	48336.16
230.77	48380.30
230.82	48425.28
230.88	48459.71
230.93	48501.87
230.98	48544.45
231.03	48599.40
231.08	48649.27
231.13	48703.91
231.19	48771.32
231.24	48838.80
231.29	48913.81
231.34	48988.83
231.39	49075.28
231.44	49145.13
231.49	49200.70
231.55	49246.05
231.60	49292.56
231.65	49341.00
231.70	49387.85
231.75	49444.32
231.80	49494.98
231.85	49558.26
231.91	49592.82
231.96	49639.45
232.01	49697.81
232.06	49759.93
232.11	49816.18
232.16	49898.03
232.21	49985.13
232.26	50072.65
232.32	50156.12
232.37	50238.87
232.42	50313.92
232.47	50368.41
232.52	50412.31
232.57	50457.58
232.62	50507.74
232.68	50557.34
232.73	50617.64
232.78	50693.01
232.83	50775.26
232.88	50845.31
232.93	50920.41
232.98	50990.43
233.03	51048.83
233.09	51120.63
233.14	51195.72
233.19	51257.68
233.24	51310.99
233.29	51362.54
233.34	51383.48
233.39	51404.15
233.45	51435.05
233.50	51486.35
233.55	51530.11
233.60	51595.76
233.65	51660.49
233.70	51723.28
233.75	51765.65
233.80	51818.75
233.86	51869.46
233.91	51914.37
233.96	51945.82
234.01	52000.63
234.06	52055.16
234.11	52105.69
234.16	52160.49
234.21	52234.44
234.26	52285.26
234.32	52324.47
234.37	52362.25
234.42	52405.43
234.47	52423.50
234.52	52454.18
234.57	52494.15
234.62	52541.74
234.67	52589.10
234.73	52644.50
234.78	52693.72
234.83	52740.17
234.88	52789.54
234.93	52826.86
234.98	52868.57
235.03	52920.75
235.08	52989.66
235.13	53038.18
235.19	53105.91
235.24	53173.89
235.29	53232.51
235.34	53271.07
235.39	53312.61
235.44	53341.13
235.49	53381.80
235.54	53409.81
235.59	53438.06
235.65	53462.55
235.70	53496.51
235.75	53525.61
235.80	53579.34
235.85	53634.36
235.90	53681.73
235.95	53706.42
236.00	53737.23
236.05	53756.23
236.11	53777.24
236.16	53812.54
236.21	53865.41
236.26	53898.83
236.31	53930.24
236.36	53952.95
236.41	53969.45
236.46	53979.01
236.51	54004.08
236.56	54024.71
236.62	54053.75
236.67	54088.36
236.72	54137.21
236.77	54160.56
236.82	54206.97
236.87	54231.04
236.92	54261.86
236.97	54295.23
237.02	54349.33
237.07	54399.63
237.13	54468.04
237.18	54523.29
237.23	54567.33
237.28	54605.40
237.33	54639.00
237.38	54653.60
237.43	54674.04
237.48	54679.34
237.53	54696.11
237.58	54725.05
237.63	54770.25
237.69	54810.28
237.74	54865.50
237.79	54906.66
237.84	54910.34
237.89	54915.46
237.94	54922.40
237.99	54936.18
238.04	54950.37
238.09	54976.53
238.14	54999.96
238.19	55030.67
238.25	55050.64
238.30	55048.79
238.35	55053.86
238.40	55062.29
238.45	55058.14
238.50	55062.02
238.55	55076.77
238.60	55105.11
238.65	55120.65
238.70	55136.50
238.75	55148.78
238.80	55177.59
238.86	55183.66
238.91	55203.35
238.96	55245.34
239.01	55280.94
239.06	55314.29
239.11	55349.44
239.16	55382.66
239.21	55372.45
239.26	55358.32
239.31	55359.79
239.36	55365.99
239.41	55377.26
239.46	55414.53
239.52	55453.07
239.57	55475.02
239.62	55496.65
239.67	55508.52
239.72	55526.28
239.77	55542.32
239.82	55562.36
239.87	55574.85
239.92	55584.75
239.97	55572.13
240.02	55561.46
240.07	55546.67
240.12	55538.55
240.17	55538.14
240.23	55543.93
240.28	55552.41
240.33	55557.20
240.38	55552.32
240.43	55555.07
240.48	55580.00
240.53	55599.34
240.58	55630.47
240.63	55667.61
240.68	55681.99
240.73	55666.38
240.78	55661.54
240.83	55650.16
240.88	55628.34
240.93	55620.99
240.98	55628.41
241.04	55633.91
241.09	55646.39
241.14	55669.89
241.19	55709.01
241.24	55737.83
241.29	55758.86
241.34	55772.65
241.39	55789.07
241.44	55783.97
241.49	55780.71
241.54	55779.61
241.59	55780.68
241.64	55776.19
241.69	55764.94
241.74	55755.69
241.79	55746.13
241.84	55733.16
241.90	55711.86
241.95	55689.53
242.00	55665.09
242.05	55643.90
242.10	55625.76
242.15	55609.01
242.20	55602.87
242.25	55606.89
242.30	55604.00
242.35	55602.41
242.40	55601.08
242.45	55595.84
242.50	55579.84
242.55	55572.78
242.60	55563.06
242.65	55555.90
242.70	55567.00
242.75	55590.63
242.80	55636.61
242.85	55671.46
242.91	55701.26
242.96	55696.06
243.01	55681.69
243.06	55648.51
243.11	55620.67
243.16	55599.08
243.21	55601.65
243.26	55611.38
243.31	55617.30
243.36	55621.46
243.41	55628.97
243.46	55625.70
243.51	55596.77
243.56	55551.95
243.61	55494.31
243.66	55456.04
243.71	55420.32
243.76	55410.58
243.81	55418.00
243.86	55426.82
243.91	55428.08
243.96	55425.42
244.01	55401.40
244.06	55377.64
244.12	55368.26
244.17	55353.86
244.22	55353.35
244.27	55382.77
244.32	55415.78
244.37	55435.46
244.42	55437.42
244.47	55426.78
244.52	55397.96
244.57	55355.58
244.62	55324.92
244.67	55305.84
244.72	55285.36
244.77	55284.45
244.82	55305.80
244.87	55346.62
244.92	55372.70
244.97	55386.43
245.02	55379.91
245.07	55358.94
245.12	55325.68
245.17	55300.85
245.22	55311.26
245.27	55311.72
245.32	55277.73
245.37	55240.19
245.42	55195.07
245.47	55132.59
245.52	55087.00
245.57	55077.01
245.62	55057.34
245.67	55050.35
245.72	55045.98
245.77	55026.91
245.82	55004.07
245.87	55005.01
245.92	55010.85
245.98	55003.53
246.03	55003.96
246.08	55013.87
246.13	55011.24
246.18	55017.37
246.23	55015.88
246.28	55009.63
246.33	54993.53
246.38	54963.99
246.43	54926.06
246.48	54900.21
246.53	54888.10
246.58	54894.86
246.63	54906.10
246.68	54893.90
246.73	54883.14
246.78	54864.66
246.83	54817.87
246.88	54760.82
246.93	54721.01
246.98	54676.11
247.03	54644.36
247.08	54622.81
247.13	54619.88
247.18	54611.96
247.23	54629.16
247.28	54631.50
247.33	54617.05
247.38	54588.77
247.43	54572.03
247.48	54549.50
247.53	54521.41
247.58	54487.05
247.63	54468.02
247.68	54430.07
247.73	54376.84
247.78	54336.70
247.83	54309.07
247.88	54271.06
247.93	54265.98
247.98	54265.13
248.03	54264.93
248.08	54282.55
248.13	54287.84
248.18	54276.16
248.23	54270.86
248.28	54248.67
248.33	54194.19
248.38	54166.71
248.43	54142.82
248.48	54121.54
248.53	54100.21
248.58	54091.03
248.63	54078.52
248.68	54048.78
248.73	54017.86
248.78	53984.57
248.83	53936.65
248.88	53875.54
248.93	53811.04
248.98	53731.80
249.03	53690.43
249.08	53670.79
249.13	53666.49
249.18	53670.86
249.23	53680.61
249.28	53671.21
249.33	53662.23
249.38	53641.45
249.43	53615.87
249.48	53599.24
249.53	53583.44
249.58	53566.48
249.63	53546.80
249.68	53528.69
249.73	53511.14
249.78	53486.44
249.83	53471.58
249.88	53449.66
249.93	53439.51
249.98	53423.51
250.03	53414.09
250.08	53388.10
250.13	53376.68
250.18	53350.49
250.23	53307.13
250.28	53255.30
250.33	53206.26
250.37	53163.41
250.42	53125.79
250.47	53100.06
250.52	53099.80
250.57	53082.68
250.62	53046.53
250.67	53016.10
250.72	52994.40
250.77	52942.27
250.82	52916.59
250.87	52913.86
250.92	52899.08
250.97	52883.76
251.02	52879.38
251.07	52879.49
251.12	52851.28
251.17	52826.24
251.22	52796.25
251.27	52758.22
251.32	52709.30
251.37	52659.36
251.42	52609.13
251.47	52562.71
251.52	52531.09
251.57	52515.00
251.62	52506.84
251.67	52496.08
251.72	52481.30
251.77	52447.90
251.82	52397.96
251.87	52348.65
251.92	52302.80
251.97	52246.34
252.02	52206.38
252.07	52181.32
252.12	52171.91
252.16	52157.41
252.21	52157.60
252.26	52166.91
252.31	52162.45
252.36	52145.37
252.41	52125.05
252.46	52101.61
252.51	52069.57
252.56	52036.05
252.61	52009.95
252.66	51984.17
252.71	51960.93
252.76	51929.50
252.81	51885.07
252.86	51830.50
252.91	51778.83
252.96	51714.62
253.01	51646.90
253.06	51590.37
253.11	51544.89
253.16	51504.73
253.21	51460.74
253.26	51427.70
253.31	51393.38
253.36	51367.95
253.40	51350.23
253.45	51341.21
253.50	51303.75
253.55	51267.56
253.60	51218.21
253.65	51161.86
253.70	51117.73
253.75	51096.03
253.80	51085.21
253.85	51085.24
253.90	51087.89
253.95	51082.55
254.00	51080.76
254.05	51066.02
254.10	51026.68
254.15	50999.01
254.20	50974.18
254.25	50941.12
254.30	50906.04
254.35	50864.61
254.39	50793.40
254.44	50706.61
254.49	50627.40
254.54	50601.81
254.59	50573.93
254.64	50569.19
254.69	50566.72
254.74	50566.44
254.79	50521.88
254.84	50488.67
254.89	50469.83
254.94	50459.13
254.99	50447.39
255.04	50443.01
255.09	50435.47
255.14	50398.57
255.19	50379.96
255.23	50361.95
255.28	50339.74
255.33	50330.48
255.38	50331.59
255.43	50315.59
255.48	50289.45
255.53	50255.66
255.58	50227.86
255.63	50194.41
255.68	50151.78
255.73	50115.00
255.78	50080.11
255.83	50046.02
255.88	50017.04
255.93	49991.11
255.97	49959.97
256.02	49929.61
256.07	49883.86
256.12	49810.53
256.17	49753.47
256.22	49702.19
256.27	49644.81
256.32	49603.09
256.37	49588.57
256.42	49567.94
256.47	49538.37
256.52	49521.65
256.57	49499.18
256.62	49483.48
256.66	49464.79
256.71	49435.66
256.76	49401.66
256.81	49347.40
256.86	49295.44
256.91	49247.27
256.96	49210.41
257.01	49167.83
257.06	49146.06
257.11	49108.47
257.16	49055.09
257.21	49015.27
257.26	48987.29
257.30	48946.99
257.35	48920.90
257.40	48908.97
257.45	48891.86
257.50	48857.76
257.55	48828.08
257.60	48791.71
257.65	48760.69
257.70	48719.31
257.75	48688.35
257.80	48665.63
257.85	48638.46
257.89	48589.14
257.94	48537.86
257.99	48468.08
258.04	48403.32
258.09	48351.16
258.14	48321.18
258.19	48307.88
258.24	48298.78
258.29	48263.07
258.34	48223.86
258.39	48185.13
258.44	48114.62
258.48	48054.89
258.53	48023.96
258.58	47984.11
258.63	47929.11
258.68	47897.91
258.73	47862.27
258.78	47821.76
258.83	47783.25
258.88	47745.84
258.93	47702.42
258.97	47668.23
259.02	47638.30
259.07	47606.00
259.12	47592.36
259.17	47575.55
259.22	47565.88
259.27	47537.68
259.32	47524.64
259.37	47476.30
259.42	47447.70
259.47	47398.96
259.51	47356.85
259.56	47285.95
259.61	47226.28
259.66	47145.73
259.71	47077.11
259.76	47004.44
259.81	46950.89
259.86	46906.49
259.91	46870.93
259.95	46837.34
260.00	46811.16
260.05	46794.87
260.10	46770.63
260.15	46746.83
260.20	46733.37
260.25	46734.23
260.30	46713.37
260.35	46692.08
260.40	46665.46
260.44	46643.84
260.49	46609.96
260.54	46581.29
260.59	46557.71
260.64	46552.16
260.69	46536.25
260.74	46502.52
260.79	46463.08
260.84	46416.40
260.88	46352.19
260.93	46285.86
260.98	46250.23
261.03	46210.32
261.08	46192.08
261.13	46159.95
261.18	46122.41
261.23	46062.99
261.28	46019.28
261.32	45964.08
261.37	45922.55
261.42	45885.17
261.47	45866.73
261.52	45827.96
261.57	45785.13
261.62	45740.21
261.67	45690.09
261.71	45623.23
261.76	45581.13
261.81	45535.15
261.86	45485.51
261.91	45448.25
261.96	45409.06
262.01	45361.02
262.06	45336.38
262.10	45325.96
262.15	45299.70
262.20	45283.82
262.25	45261.50
262.30	45234.02
262.35	45203.84
262.40	45174.65
262.45	45144.68
262.49	45126.68
262.54	45096.86
262.59	45059.37
262.64	45034.13
262.69	44997.22
262.74	44948.34
262.79	44886.95
262.84	44843.91
262.88	44791.63
262.93	44737.83
262.98	44698.43
263.03	44661.75
263.08	44608.53
263.13	44540.28
263.18	44480.63
263.23	44419.70
263.27	44376.32
263.32	44343.55
263.37	44327.00
263.42	44304.83
263.47	44272.90
263.52	44246.03
263.57	44213.17
263.61	44167.55
263.66	44126.93
263.71	44089.44
263.76	44051.53
263.81	44001.81
263.86	43973.07
263.91	43935.68
263.95	43877.99
264.00	43818.14
264.05	43772.21
264.10	43708.82
264.15	43643.04
264.20	43615.43
264.25	43573.70
264.29	43538.51
264.34	43487.82
264.39	43453.55
264.44	43396.72
264.49	43345.49
264.54	43290.10
264.59	43261.39
264.63	43212.58
264.68	43160.09
264.73	43113.86
264.78	43062.48
264.83	43004.00
264.88	42960.89
264.93	42937.34
264.97	42911.20
265.02	42889.56
265.07	42869.73
265.12	42833.36
265.17	42790.20
265.22	42746.37
265.27	42690.20
265.31	42627.95
265.36	42568.75
265.41	42507.51
265.46	42444.61
265.51	42375.62
265.56	42314.11
265.60	42261.51
265.65	42199.88
265.70	42145.09
265.75	42093.51
265.80	42046.06
265.85	41978.15
265.90	41921.15
265.94	41862.37
265.99	41800.93
266.04	41741.75
266.09	41709.92
266.14	41675.13
266.19	41640.66
266.23	41612.00
266.28	41572.64
266.33	41536.72
266.38	41506.54
266.43	41482.98
266.48	41463.04
266.52	41440.32
266.57	41399.61
266.62	41359.96
266.67	41305.43
266.72	41255.02
266.77	41221.61
266.81	41200.56
266.86	41168.71
266.91	41143.87
266.96	41104.24
267.01	41058.62
267.06	41001.28
267.10	40960.48
267.15	40911.55
267.20	40882.03
267.25	40843.02
267.30	40816.91
267.35	40782.29
267.39	40738.19
267.44	40695.61
267.49	40651.26
267.54	40598.28
267.59	40540.13
267.64	40496.72
267.68	40430.13
267.73	40373.61
267.78	40329.11
267.83	40307.13
267.88	40289.42
267.93	40292.53
267.97	40282.15
268.02	40249.31
268.07	40198.82
268.12	40141.51
268.17	40075.93
268.21	40025.56
268.26	39978.60
268.31	39928.05
268.36	39877.98
268.41	39834.17
268.46	39785.89
268.50	39747.21
268.55	39699.36
268.60	39641.53
268.65	39578.16
268.70	39501.27
268.74	39436.30
268.79	39368.90
268.84	39317.46
268.89	39268.72
268.94	39234.44
268.99	39189.10
269.03	39147.52
269.08	39102.99
269.13	39032.88
269.18	38957.41
269.23	38861.18
269.27	38758.88
269.32	38627.79
269.37	38506.19
269.42	38370.78
269.47	38233.23
269.51	38088.99
269.56	37956.73
269.61	37818.41
269.66	37666.81
269.71	37515.97
269.76	37370.22
269.80	37211.63
269.85	37059.27
269.90	36920.89
269.95	36776.64
270.00	36618.73
270.04	36465.59
270.09	36319.14
270.14	36171.23
270.19	36031.05
270.24	35894.33
270.28	35752.28
270.33	35583.61
270.38	35404.86
270.43	35232.08
270.48	35058.27
270.52	34895.04
270.57	34738.87
270.62	34584.65
270.67	34430.99
270.72	34275.05
270.76	34099.11
270.81	33932.94
270.86	33762.75
270.91	33578.45
270.96	33403.98
271.00	33243.53
271.05	33084.70
271.10	32946.38
271.15	32819.63
271.20	32697.14
271.24	32563.31
271.29	32425.34
271.34	32274.83
271.39	32121.72
271.44	31970.72
271.48	31832.59
271.53	31688.62
271.58	31545.41
271.63	31404.58
271.67	31253.70
271.72	31106.82
271.77	30964.98
271.82	30827.59
271.87	30684.05
271.91	30530.87
271.96	30385.62
272.01	30242.04
272.06	30104.33
272.11	29979.21
272.15	29871.93
272.20	29762.40
272.25	29664.54
272.30	29569.87
272.35	29467.60
272.39	29359.61
272.44	29244.73
272.49	29110.27
272.54	28970.85
272.58	28821.46
272.63	28667.81
272.68	28516.08
272.73	28358.59
272.78	28178.27
272.82	27976.41
272.87	27756.57
272.92	27467.59
272.97	26939.70
273.01	23972.21
273.06	19010.76
273.11	13539.64
273.16	8166.83
273.21	3074.74
273.25	465.41
273.30	-87.49
273.35	-89.21
