165.32	3373.98
165.38	-245.55
165.44	594.96
165.50	-78.03
165.55	-21.28
165.61	-0.52
165.67	25.93
165.72	33.93
165.78	38.86
165.84	37.18
165.89	34.39
165.95	33.15
166.01	32.99
166.06	34.63
166.12	37.11
166.18	35.11
166.23	36.75
166.29	35.77
166.35	32.36
166.40	32.04
166.46	38.66
166.52	40.82
166.57	41.58
166.63	41.97
166.69	44.18
166.74	38.15
166.80	38.86
166.86	41.03
166.91	42.01
166.97	36.31
167.03	38.93
167.08	33.19
167.14	32.11
167.20	30.14
167.25	42.43
167.31	42.59
167.37	47.76
167.42	49.92
167.48	56.19
167.54	50.61
167.59	50.24
167.65	45.93
167.71	45.55
167.76	44.21
167.82	39.98
167.88	39.49
167.93	47.28
167.99	45.68
168.05	47.80
168.10	55.97
168.16	55.69
168.21	54.27
168.27	59.34
168.33	61.62
168.38	53.75
168.44	58.22
168.50	56.05
168.55	54.17
168.61	54.49
168.67	56.57
168.72	53.75
168.78	54.09
168.84	50.47
168.89	49.29
168.95	50.22
169.01	49.68
169.06	49.53
169.12	48.11
169.18	45.64
169.23	45.47
169.29	49.68
169.34	53.72
169.40	56.86
169.46	61.51
169.51	63.63
169.57	59.11
169.63	55.22
169.68	60.17
169.74	56.69
169.80	62.74
169.85	64.15
169.91	68.23
169.97	64.05
170.02	64.04
170.08	62.69
170.13	63.39
170.19	63.07
170.25	64.88
170.30	68.56
170.36	60.49
170.42	62.29
170.47	63.35
170.53	65.01
170.59	62.18
170.64	65.81
170.70	64.16
170.76	61.80
170.81	62.74
170.87	62.05
170.92	62.66
170.98	65.43
171.04	67.48
171.09	63.73
171.15	71.12
171.21	71.99
171.26	69.36
171.32	66.68
171.37	70.19
171.43	64.73
171.49	68.94
171.54	72.26
171.60	74.15
171.66	76.41
171.71	76.57
171.77	74.12
171.83	79.82
171.88	78.61
171.94	78.00
171.99	82.95
172.05	82.29
172.11	82.72
172.16	91.29
172.22	91.62
172.28	91.45
172.33	89.40
172.39	86.64
172.44	83.58
172.50	88.63
172.56	88.43
172.61	97.07
172.67	96.58
172.72	96.52
172.78	91.38
172.84	86.42
172.89	79.43
172.95	78.89
173.01	79.92
173.06	78.67
173.12	84.15
173.17	85.69
173.23	85.17
173.29	85.16
173.34	86.82
173.40	81.66
173.46	82.10
173.51	84.97
173.57	84.92
173.62	79.50
173.68	85.80
173.74	84.73
173.79	86.18
173.85	83.06
173.90	85.77
173.96	82.36
174.02	79.69
174.07	71.32
174.13	70.84
174.18	73.25
174.24	66.72
174.30	67.12
174.35	72.34
174.41	69.26
174.47	63.02
174.52	64.18
174.58	62.80
174.63	58.38
174.69	57.48
174.75	59.51
174.80	70.34
174.86	68.00
174.91	68.90
174.97	69.03
175.03	66.12
175.08	54.05
175.14	61.12
175.19	57.51
175.25	57.91
175.31	62.77
175.36	64.14
175.42	60.78
175.47	65.43
175.53	65.83
175.59	61.98
175.64	63.84
175.70	62.03
175.75	56.82
175.81	55.29
175.87	56.50
175.92	52.17
175.98	53.67
176.03	53.77
176.09	54.42
176.15	54.29
176.20	55.42
176.26	55.27
176.31	58.62
176.37	55.39
176.42	56.35
176.48	60.12
176.54	57.70
176.59	55.04
176.65	58.20
176.70	59.83
176.76	58.76
176.82	56.80
176.87	53.92
176.93	53.62
176.98	52.22
177.04	47.65
177.10	52.18
177.15	53.54
177.21	54.92
177.26	53.93
177.32	57.57
177.37	59.39
177.43	63.02
177.49	59.55
177.54	56.90
177.60	57.27
177.65	57.34
177.71	51.86
177.77	54.83
177.82	56.39
177.88	59.96
177.93	55.67
177.99	62.50
178.04	57.94
178.10	58.62
178.16	52.64
178.21	53.64
178.27	50.67
178.32	54.56
178.38	53.20
178.43	54.85
178.49	54.72
178.55	53.87
178.60	52.32
178.66	51.98
178.71	53.00
178.77	50.96
178.82	51.97
178.88	52.12
178.94	52.42
178.99	53.30
179.05	57.82
179.10	53.81
179.16	56.66
179.21	59.03
179.27	58.20
179.33	53.83
179.38	57.95
179.44	56.04
179.49	55.97
179.55	54.01
179.60	54.27
179.66	52.77
179.72	54.99
179.77	52.50
179.83	51.59
179.88	52.69
179.94	54.71
179.99	51.58
180.05	52.41
180.11	53.06
180.16	55.87
180.22	57.75
180.27	61.95
180.33	62.77
180.38	66.94
180.44	62.22
180.49	61.82
180.55	60.06
180.61	64.01
180.66	58.41
180.72	57.05
180.77	55.21
180.83	54.98
180.88	51.79
180.94	51.83
180.99	55.57
181.05	55.64
181.11	56.73
181.16	57.49
181.22	59.27
181.27	61.78
181.33	60.40
181.38	57.25
181.44	57.97
181.49	62.29
181.55	62.60
181.61	69.37
181.66	71.60
181.72	69.34
181.77	67.03
181.83	65.02
181.88	69.59
181.94	71.78
181.99	77.50
182.05	77.97
182.11	79.18
182.16	70.78
182.22	69.34
182.27	65.04
182.33	67.67
182.38	67.27
182.44	71.36
182.49	73.23
182.55	74.55
182.60	73.59
182.66	76.04
182.72	78.63
182.77	80.48
182.83	84.18
182.88	87.60
182.94	89.34
182.99	86.62
183.05	85.49
183.10	87.64
183.16	87.69
183.21	89.79
183.27	99.00
183.32	104.37
183.38	109.33
183.44	117.14
183.49	123.59
183.55	126.55
183.60	135.41
183.66	143.70
183.71	155.35
183.77	165.24
183.82	176.35
183.88	189.56
183.93	203.83
183.99	219.78
184.04	238.80
184.10	252.91
184.15	266.32
184.21	280.44
184.27	281.72
184.32	281.61
184.38	277.75
184.43	270.44
184.49	248.93
184.54	227.68
184.60	213.84
184.65	196.67
184.71	185.31
184.76	187.25
184.82	206.13
184.87	224.73
184.93	253.12
184.98	283.94
185.04	318.67
185.09	346.63
185.15	376.58
185.20	412.68
185.26	450.12
185.31	482.41
185.37	514.03
185.43	536.69
185.48	557.62
185.54	582.79
185.59	609.20
185.65	635.03
185.70	679.12
185.76	727.64
185.81	765.20
185.87	804.00
185.92	852.60
185.98	888.78
186.03	905.45
186.09	905.05
186.14	877.65
186.20	816.32
186.25	722.57
186.31	627.71
186.36	554.65
186.42	521.68
186.47	530.47
186.53	579.70
186.58	653.02
186.64	731.13
186.69	806.48
186.75	868.38
186.80	926.90
186.86	982.37
186.91	1037.18
186.97	1083.52
187.02	1142.92
187.08	1194.09
187.13	1230.58
187.19	1264.25
187.24	1294.19
187.30	1297.86
187.35	1298.53
187.41	1310.15
187.47	1325.80
187.52	1347.87
187.58	1401.65
187.63	1489.95
187.69	1593.39
187.74	1688.66
187.80	1767.67
187.85	1822.97
187.91	1841.75
187.96	1829.61
188.02	1785.98
188.07	1716.33
188.13	1606.91
188.18	1491.88
188.24	1410.81
188.29	1378.94
188.35	1401.69
188.40	1491.42
188.46	1623.22
188.51	1753.83
188.57	1886.32
188.62	2016.76
188.67	2137.49
188.73	2252.20
188.78	2361.92
188.84	2468.46
188.89	2575.29
188.95	2683.69
189.00	2774.63
189.06	2872.27
189.11	2968.17
189.17	3052.38
189.22	3125.25
189.28	3212.61
189.33	3289.20
189.39	3353.53
189.44	3417.44
189.50	3491.68
189.55	3560.14
189.61	3612.17
189.66	3667.97
189.72	3724.30
189.77	3769.11
189.83	3792.18
189.88	3796.82
189.94	3759.41
189.99	3666.19
190.05	3501.78
190.10	3268.62
190.16	2999.35
190.21	2755.47
190.27	2586.78
190.32	2514.55
190.38	2541.53
190.43	2640.39
190.49	2760.43
190.54	2847.73
190.60	2905.74
190.65	2932.97
190.71	2942.91
190.76	2951.16
190.81	2979.07
190.87	3041.94
190.92	3165.03
190.98	3335.38
191.03	3530.49
191.09	3727.91
191.14	3888.96
191.20	4001.95
191.25	4101.78
191.31	4213.71
191.36	4360.31
191.42	4547.83
191.47	4772.44
191.53	4995.24
191.58	5180.34
191.64	5319.72
191.69	5422.99
191.75	5484.72
191.80	5524.15
191.85	5549.72
191.91	5572.52
191.96	5597.38
192.02	5631.22
192.07	5646.60
192.13	5641.66
192.18	5593.02
192.24	5473.68
192.29	5273.03
192.35	5045.44
192.40	4858.91
192.46	4748.99
192.51	4745.35
192.57	4844.40
192.62	5024.17
192.67	5215.22
192.73	5397.92
192.78	5563.79
192.84	5717.93
192.89	5854.62
192.95	5984.60
193.00	6099.89
193.06	6209.97
193.11	6319.94
193.17	6417.75
193.22	6505.32
193.28	6600.68
193.33	6676.09
193.38	6741.26
193.44	6809.21
193.49	6879.13
193.55	6934.35
193.60	6995.79
193.66	7050.99
193.71	7094.40
193.77	7119.85
193.82	7140.45
193.88	7157.05
193.93	7181.58
193.98	7208.71
194.04	7247.88
194.09	7293.91
194.15	7344.87
194.20	7388.21
194.26	7429.79
194.31	7467.92
194.37	7483.36
194.42	7482.71
194.47	7461.48
194.53	7410.13
194.58	7312.16
194.64	7203.54
194.69	7103.24
194.75	7034.86
194.80	7013.39
194.86	7055.51
194.91	7143.86
194.97	7243.47
195.02	7341.58
195.07	7438.32
195.13	7525.89
195.18	7611.07
195.24	7682.11
195.29	7747.89
195.35	7790.78
195.40	7838.74
195.46	7878.61
195.51	7956.02
195.56	8055.54
195.62	8179.62
195.67	8298.49
195.73	8417.44
195.78	8496.43
195.84	8542.76
195.89	8569.77
195.94	8599.63
196.00	8638.32
196.05	8701.89
196.11	8790.04
196.16	8885.54
196.22	8976.71
196.27	9060.76
196.32	9128.71
196.38	9177.96
196.43	9226.22
196.49	9264.60
196.54	9304.20
196.60	9347.20
196.65	9394.43
196.71	9437.48
196.76	9486.04
196.81	9521.60
196.87	9557.37
196.92	9583.37
196.98	9604.02
197.03	9617.02
197.09	9616.61
197.14	9608.32
197.19	9612.95
197.25	9624.31
197.30	9649.18
197.36	9699.85
197.41	9765.89
197.47	9828.60
197.52	9889.39
197.57	9955.15
197.63	10007.49
197.68	10058.97
197.74	10112.22
197.79	10163.22
197.84	10203.90
197.90	10252.72
197.95	10292.82
198.01	10327.88
198.06	10363.48
198.12	10404.38
198.17	10437.45
198.22	10472.20
198.28	10509.46
198.33	10548.47
198.39	10588.00
198.44	10635.72
198.49	10685.48
198.55	10735.77
198.60	10787.16
198.66	10835.33
198.71	10890.32
198.77	10936.39
198.82	10986.74
198.87	11038.57
198.93	11088.52
198.98	11131.01
199.04	11178.97
199.09	11222.67
199.14	11264.18
199.20	11305.87
199.25	11347.35
199.31	11393.10
199.36	11436.77
199.42	11483.57
199.47	11526.89
199.52	11568.21
199.58	11608.59
199.63	11634.69
199.69	11662.33
199.74	11695.98
199.79	11722.53
199.85	11749.10
199.90	11797.14
199.96	11838.93
200.01	11880.73
200.06	11932.51
200.12	11977.69
200.17	12029.32
200.23	12080.74
200.28	12125.83
200.33	12176.24
200.39	12229.38
200.44	12268.95
200.50	12306.89
200.55	12347.93
200.60	12386.48
200.66	12425.07
200.71	12462.52
200.77	12509.49
200.82	12551.25
200.87	12589.99
200.93	12626.64
200.98	12664.87
201.04	12702.47
201.09	12746.39
201.14	12798.58
201.20	12852.46
201.25	12907.05
201.31	12957.55
201.36	13017.82
201.41	13072.28
201.47	13128.22
201.52	13180.48
201.58	13244.75
201.63	13286.16
201.68	13331.62
201.74	13377.00
201.79	13430.58
201.84	13483.13
201.90	13537.81
201.95	13586.40
202.01	13639.35
202.06	13685.00
202.11	13719.15
202.17	13765.56
202.22	13809.44
202.28	13852.98
202.33	13893.77
202.38	13933.36
202.44	13975.77
202.49	14023.17
202.54	14068.61
202.60	14117.32
202.65	14169.62
202.71	14219.21
202.76	14261.02
202.81	14304.21
202.87	14352.53
202.92	14398.44
202.98	14447.23
203.03	14501.24
203.08	14553.28
203.14	14603.64
203.19	14662.81
203.24	14719.55
203.30	14773.65
203.35	14823.74
203.41	14871.02
203.46	14908.15
203.51	14945.59
203.57	14982.38
203.62	15022.47
203.67	15069.37
203.73	15112.08
203.78	15152.02
203.84	15195.31
203.89	15228.29
203.94	15247.82
204.00	15268.21
204.05	15276.36
204.10	15265.62
204.16	15244.54
204.21	15210.74
204.27	15145.21
204.32	15057.94
204.37	14942.88
204.43	14789.38
204.48	14609.12
204.53	14446.91
204.59	14372.23
204.64	14424.43
204.69	14610.97
204.75	14894.08
204.80	15210.84
204.86	15459.85
204.91	15608.70
204.96	15663.43
205.02	15641.84
205.07	15626.39
205.12	15682.24
205.18	15811.37
205.23	15997.34
205.28	16239.88
205.34	16470.16
205.39	16656.50
205.45	16791.92
205.50	16888.65
205.55	16965.28
205.61	17027.22
205.66	17086.44
205.71	17151.06
205.77	17214.11
205.82	17266.93
205.87	17325.98
205.93	17377.68
205.98	17419.06
206.03	17459.66
206.09	17508.87
206.14	17560.03
206.20	17609.74
206.25	17665.42
206.30	17727.81
206.36	17785.04
206.41	17847.70
206.46	17902.75
206.52	17950.97
206.57	18000.77
206.62	18045.34
206.68	18084.88
206.73	18133.40
206.78	18190.22
206.84	18246.75
206.89	18307.05
206.94	18375.51
207.00	18448.63
207.05	18523.07
207.11	18591.81
207.16	18654.00
207.21	18712.76
207.27	18766.76
207.32	18818.85
207.37	18876.01
207.43	18935.47
207.48	18986.54
207.53	19037.41
207.59	19092.13
207.64	19147.26
207.69	19215.45
207.75	19287.68
207.80	19349.10
207.85	19407.72
207.91	19461.55
207.96	19510.41
208.01	19563.96
208.07	19626.13
208.12	19690.15
208.17	19745.15
208.23	19799.40
208.28	19849.29
208.33	19902.65
208.39	19956.35
208.44	20024.49
208.49	20087.47
208.55	20150.61
208.60	20210.78
208.65	20263.85
208.71	20316.82
208.76	20369.17
208.81	20426.24
208.87	20491.63
208.92	20553.39
208.97	20611.55
209.03	20676.46
209.08	20736.71
209.13	20792.70
209.19	20853.34
209.24	20911.32
209.29	20970.28
209.35	21023.57
209.40	21084.26
209.45	21144.70
209.51	21209.34
209.56	21271.47
209.61	21344.78
209.67	21407.82
209.72	21474.25
209.77	21535.43
209.83	21593.11
209.88	21657.62
209.93	21720.32
209.99	21779.96
210.04	21848.77
210.09	21922.12
210.15	21980.86
210.20	22041.56
210.25	22108.89
210.31	22170.52
210.36	22220.66
210.41	22270.92
210.46	22330.39
210.52	22378.46
210.57	22422.00
210.62	22484.41
210.68	22555.58
210.73	22608.76
210.78	22673.55
210.84	22740.82
210.89	22802.76
210.94	22856.09
211.00	22915.86
211.05	22967.65
211.10	23033.36
211.16	23088.67
211.21	23152.72
211.26	23223.77
211.32	23298.19
211.37	23363.46
211.42	23435.37
211.47	23502.71
211.53	23565.15
211.58	23623.61
211.63	23678.08
211.69	23737.76
211.74	23792.45
211.79	23841.15
211.85	23898.47
211.90	23967.11
211.95	24035.75
212.01	24103.66
212.06	24181.81
212.11	24259.07
212.16	24333.34
212.22	24398.50
212.27	24460.76
212.32	24525.17
212.38	24591.84
212.43	24653.37
212.48	24721.46
212.54	24792.83
212.59	24869.12
212.64	24936.82
212.69	25002.32
212.75	25065.51
212.80	25129.97
212.85	25189.70
212.91	25242.66
212.96	25302.87
213.01	25363.02
213.07	25426.62
213.12	25490.09
213.17	25554.61
213.22	25611.55
213.28	25667.24
213.33	25710.78
213.38	25755.22
213.44	25803.83
213.49	25867.41
213.54	25939.13
213.60	26025.91
213.65	26099.82
213.70	26178.46
213.75	26238.34
213.81	26282.83
213.86	26319.37
213.91	26353.85
213.97	26370.99
214.02	26379.03
214.07	26382.75
214.12	26371.55
214.18	26353.62
214.23	26326.28
214.28	26274.63
214.34	26195.58
214.39	26083.57
214.44	25924.02
214.49	25698.44
214.55	25417.97
214.60	25055.83
214.65	24630.91
214.71	24261.27
214.76	24124.21
214.81	24238.58
214.86	24634.35
214.92	25235.68
214.97	25878.28
215.02	26356.74
215.08	26649.83
215.13	26746.74
215.18	26695.93
215.23	26562.60
215.29	26483.61
215.34	26542.30
215.39	26738.67
215.45	27071.28
215.50	27509.89
215.55	27934.00
215.60	28253.97
215.66	28468.41
215.71	28612.89
215.76	28709.67
215.81	28780.19
215.87	28847.27
215.92	28919.28
215.97	28979.54
216.03	29035.22
216.08	29096.05
216.13	29155.59
216.18	29213.35
216.24	29272.67
216.29	29328.50
216.34	29386.24
216.39	29449.99
216.45	29514.07
216.50	29576.10
216.55	29632.10
216.61	29702.63
216.66	29757.65
216.71	29818.03
216.76	29872.75
216.82	29954.08
216.87	30016.17
216.92	30093.71
216.97	30158.42
217.03	30239.14
217.08	30313.74
217.13	30397.04
217.18	30472.81
217.24	30551.63
217.29	30620.45
217.34	30662.21
217.39	30707.55
217.45	30753.14
217.50	30800.61
217.55	30855.07
217.61	30933.81
217.66	30995.53
217.71	31060.03
217.76	31144.84
217.82	31226.21
217.87	31298.33
217.92	31376.78
217.97	31452.08
218.03	31508.38
218.08	31550.55
218.13	31589.98
218.18	31637.43
218.24	31702.29
218.29	31762.46
218.34	31835.91
218.39	31910.40
218.45	31979.69
218.50	32034.08
218.55	32097.42
218.60	32152.84
218.66	32206.21
218.71	32271.33
218.76	32339.86
218.81	32403.05
218.87	32474.47
218.92	32544.57
218.97	32613.75
219.02	32681.82
219.08	32752.31
219.13	32824.79
219.18	32891.75
219.23	32952.31
219.29	33009.12
219.34	33071.48
219.39	33130.06
219.44	33196.66
219.50	33270.02
219.55	33333.83
219.60	33401.20
219.65	33468.19
219.71	33529.42
219.76	33578.30
219.81	33639.14
219.86	33692.99
219.92	33742.36
219.97	33804.59
220.02	33863.34
220.07	33925.08
220.13	33984.97
220.18	34054.17
220.23	34116.75
220.28	34197.12
220.33	34271.19
220.39	34329.71
220.44	34395.87
220.49	34453.63
220.54	34496.05
220.60	34546.93
220.65	34613.29
220.70	34670.59
220.75	34738.86
220.81	34828.29
220.86	34912.22
220.91	34986.12
220.96	35061.10
221.02	35135.45
221.07	35199.01
221.12	35250.82
221.17	35305.07
221.22	35362.58
221.28	35420.98
221.33	35474.49
221.38	35536.37
221.43	35610.13
221.49	35675.66
221.54	35734.74
221.59	35806.23
221.64	35883.16
221.69	35969.37
221.75	36064.22
221.80	36165.48
221.85	36242.37
221.90	36308.87
221.96	36365.07
222.01	36400.32
222.06	36439.62
222.11	36490.72
222.17	36537.85
222.22	36565.92
222.27	36614.83
222.32	36661.97
222.37	36712.67
222.43	36773.11
222.48	36845.25
222.53	36917.23
222.58	36995.64
222.63	37068.05
222.69	37137.97
222.74	37214.67
222.79	37277.22
222.84	37318.52
222.90	37366.51
222.95	37416.41
223.00	37459.82
223.05	37516.67
223.10	37586.33
223.16	37649.37
223.21	37701.43
223.26	37744.07
223.31	37775.24
223.36	37806.54
223.42	37843.82
223.47	37875.57
223.52	37924.75
223.57	37980.27
223.63	38036.52
223.68	38084.00
223.73	38159.56
223.78	38232.27
223.83	38301.53
223.89	38356.02
223.94	38428.32
223.99	38492.62
224.04	38567.05
224.09	38637.50
224.15	38729.42
224.20	38806.37
224.25	38893.87
224.30	38976.09
224.35	39070.49
224.41	39171.04
224.46	39272.75
224.51	39356.49
224.56	39436.83
224.61	39513.04
224.67	39584.16
224.72	39647.66
224.77	39739.54
224.82	39833.03
224.87	39908.15
224.93	39982.05
224.98	40071.54
225.03	40146.01
225.08	40213.24
225.13	40291.72
225.19	40356.97
225.24	40422.77
225.29	40468.84
225.34	40523.80
225.39	40571.14
225.45	40625.42
225.50	40656.79
225.55	40680.53
225.60	40683.92
225.65	40678.41
225.71	40647.67
225.76	40593.51
225.81	40523.23
225.86	40412.56
225.91	40264.94
225.97	40067.24
226.02	39814.29
226.07	39503.52
226.12	39300.17
226.17	39285.23
226.22	39476.07
226.28	39875.67
226.33	40466.50
226.38	41013.39
226.43	41416.59
226.48	41649.68
226.54	41749.83
226.59	41734.17
226.64	41664.81
226.69	41558.96
226.74	41516.02
226.80	41580.92
226.85	41732.40
226.90	41976.94
226.95	42335.09
227.00	42697.22
227.05	42976.78
227.11	43205.70
227.16	43382.28
227.21	43502.14
227.26	43596.13
227.31	43680.18
227.37	43745.52
227.42	43820.57
227.47	43899.78
227.52	43971.28
227.57	44034.46
227.62	44116.66
227.68	44188.27
227.73	44263.97
227.78	44347.30
227.83	44443.07
227.88	44516.57
227.93	44599.95
227.99	44679.40
228.04	44747.92
228.09	44820.67
228.14	44893.52
228.19	44966.72
228.24	45030.26
228.30	45106.04
228.35	45169.87
228.40	45235.89
228.45	45292.97
228.50	45365.07
228.56	45421.28
228.61	45482.32
228.66	45539.04
228.71	45598.82
228.76	45646.11
228.81	45692.49
228.87	45737.38
228.92	45803.25
228.97	45864.32
229.02	45951.74
229.07	46033.41
229.12	46130.08
229.17	46201.65
229.23	46278.12
229.28	46345.73
229.33	46429.55
229.38	46498.44
229.43	46571.65
229.48	46654.69
229.54	46717.10
229.59	46780.43
229.64	46850.61
229.69	46934.05
229.74	47020.42
229.79	47097.86
229.85	47171.16
229.90	47245.84
229.95	47308.65
230.00	47360.78
230.05	47441.75
230.10	47513.85
230.16	47581.04
230.21	47644.06
230.26	47701.67
230.31	47736.72
230.36	47797.80
230.41	47860.68
230.46	47942.91
230.52	48036.84
230.57	48126.48
230.62	48207.73
230.67	48277.17
230.72	48331.76
230.77	48367.99
230.82	48419.14
230.88	48446.87
230.93	48490.27
230.98	48533.71
231.03	48593.39
231.08	48647.47
231.13	48709.10
231.19	48775.59
231.24	48844.99
231.29	48920.11
231.34	48991.23
231.39	49072.32
231.44	49137.89
231.49	49188.44
231.55	49241.61
231.60	49289.03
231.65	49337.53
231.70	49384.39
231.75	49435.36
231.80	49471.16
231.85	49522.90
231.91	49567.67
231.96	49618.13
232.01	49688.06
232.06	49764.04
232.11	49833.53
232.16	49917.00
232.21	49999.74
232.26	50082.22
232.32	50156.77
232.37	50231.81
232.42	50293.29
232.47	50348.78
232.52	50402.54
232.57	50458.27
232.62	50510.06
232.68	50574.08
232.73	50647.50
232.78	50715.55
232.83	50792.99
232.88	50869.34
232.93	50941.57
232.98	51013.70
233.03	51068.65
233.09	51129.45
233.14	51198.56
233.19	51254.65
233.24	51296.72
233.29	51356.20
233.34	51384.57
233.39	51401.52
233.45	51426.95
233.50	51476.74
233.55	51521.89
233.60	51595.66
233.65	51655.26
233.70	51713.41
233.75	51757.03
233.80	51810.25
233.86	51854.42
233.91	51908.91
233.96	51963.31
234.01	52012.88
234.06	52062.37
234.11	52123.32
234.16	52181.11
234.21	52240.26
234.26	52294.48
234.32	52337.42
234.37	52366.59
234.42	52403.36
234.47	52428.62
234.52	52460.62
234.57	52504.88
234.62	52550.66
234.67	52602.07
234.73	52661.45
234.78	52721.01
234.83	52757.78
234.88	52801.04
234.93	52838.10
234.98	52873.69
235.03	52910.40
235.08	52978.30
235.13	53040.73
235.19	53107.90
235.24	53172.22
235.29	53237.44
235.34	53279.37
235.39	53311.31
235.44	53345.06
235.49	53385.31
235.54	53417.81
235.59	53442.59
235.65	53474.37
235.70	53503.12
235.75	53524.54
235.80	53577.93
235.85	53631.40
235.90	53678.14
235.95	53713.44
236.00	53752.82
236.05	53769.64
236.11	53800.42
236.16	53836.45
236.21	53879.95
236.26	53925.25
236.31	53949.73
236.36	53966.49
236.41	53975.28
236.46	53983.26
236.51	53996.88
236.56	54022.54
236.62	54050.49
236.67	54094.13
236.72	54137.18
236.77	54165.59
236.82	54212.45
236.87	54240.22
236.92	54255.78
236.97	54296.41
237.02	54341.92
237.07	54390.64
237.13	54453.30
237.18	54525.90
237.23	54567.57
237.28	54606.68
237.33	54640.93
237.38	54660.53
237.43	54676.75
237.48	54676.31
237.53	54693.97
237.58	54713.75
237.63	54761.08
237.69	54801.89
237.74	54859.22
237.79	54900.12
237.84	54909.54
237.89	54906.79
237.94	54916.07
237.99	54935.77
238.04	54955.24
238.09	54990.03
238.14	55027.82
238.19	55049.16
238.25	55067.92
238.30	55065.30
238.35	55065.86
238.40	55063.84
238.45	55063.30
238.50	55067.84
238.55	55081.16
238.60	55112.37
238.65	55137.26
238.70	55155.38
238.75	55164.15
238.80	55187.77
238.86	55191.44
238.91	55198.73
238.96	55222.95
239.01	55258.50
239.06	55290.93
239.11	55325.52
239.16	55358.21
239.21	55369.91
239.26	55359.02
239.31	55363.79
239.36	55362.61
239.41	55377.24
239.46	55401.62
239.52	55432.59
239.57	55451.23
239.62	55472.20
239.67	55489.98
239.72	55515.01
239.77	55542.50
239.82	55566.51
239.87	55576.05
239.92	55582.70
239.97	55569.30
240.02	55549.73
240.07	55526.67
240.12	55530.82
240.17	55535.70
240.23	55536.36
240.28	55545.75
240.33	55564.69
240.38	55549.00
240.43	55542.42
240.48	55566.01
240.53	55583.04
240.58	55599.59
240.63	55639.77
240.68	55654.09
240.73	55646.01
240.78	55640.17
240.83	55629.63
240.88	55608.60
240.93	55603.34
240.98	55602.45
241.04	55623.74
241.09	55659.19
241.14	55691.11
241.19	55728.61
241.24	55755.12
241.29	55763.27
241.34	55762.18
241.39	55772.89
241.44	55769.82
241.49	55777.42
241.54	55778.12
241.59	55777.41
241.64	55775.09
241.69	55767.90
241.74	55757.13
241.79	55744.28
241.84	55729.25
241.90	55707.64
241.95	55687.32
242.00	55664.63
242.05	55645.66
242.10	55637.64
242.15	55614.45
242.20	55608.33
242.25	55602.52
242.30	55600.14
242.35	55591.20
242.40	55598.22
242.45	55590.99
242.50	55587.51
242.55	55584.14
242.60	55573.97
242.65	55570.98
242.70	55582.12
242.75	55612.54
242.80	55653.84
242.85	55690.40
242.91	55707.99
242.96	55707.32
243.01	55683.59
243.06	55656.47
243.11	55622.87
243.16	55602.20
243.21	55597.05
243.26	55604.10
243.31	55614.60
243.36	55626.52
243.41	55639.84
243.46	55630.35
243.51	55597.25
243.56	55534.12
243.61	55469.49
243.66	55420.48
243.71	55390.03
243.76	55391.75
243.81	55418.40
243.86	55432.04
243.91	55445.29
243.96	55441.60
244.01	55413.27
244.06	55384.17
244.12	55372.19
244.17	55345.71
244.22	55347.12
244.27	55377.64
244.32	55398.35
244.37	55426.77
244.42	55446.69
244.47	55443.72
244.52	55418.40
244.57	55387.94
244.62	55349.88
244.67	55328.22
244.72	55307.59
244.77	55301.06
244.82	55324.07
244.87	55363.27
244.92	55381.55
244.97	55397.60
245.02	55389.63
245.07	55356.27
245.12	55321.88
245.17	55302.71
245.22	55299.41
245.27	55293.78
245.32	55263.14
245.37	55230.27
245.42	55185.88
245.47	55134.73
245.52	55095.83
245.57	55089.71
245.62	55071.31
245.67	55067.86
245.72	55058.79
245.77	55033.88
245.82	55013.35
245.87	55013.16
245.92	55018.23
245.98	55014.81
246.03	55027.50
246.08	55035.36
246.13	55023.31
246.18	55017.29
246.23	55005.89
246.28	54990.27
246.33	54972.15
246.38	54950.42
246.43	54916.64
246.48	54901.91
246.53	54902.20
246.58	54919.48
246.63	54925.84
246.68	54916.44
246.73	54902.35
246.78	54873.73
246.83	54812.67
246.88	54760.23
246.93	54714.97
246.98	54660.23
247.03	54626.59
247.08	54612.33
247.13	54603.09
247.18	54597.43
247.23	54619.63
247.28	54624.93
247.33	54608.66
247.38	54591.61
247.43	54583.35
247.48	54562.06
247.53	54528.97
247.58	54499.19
247.63	54472.88
247.68	54421.13
247.73	54360.29
247.78	54324.77
247.83	54288.89
247.88	54265.64
247.93	54263.93
247.98	54268.80
248.03	54268.77
248.08	54290.31
248.13	54286.54
248.18	54275.07
248.23	54259.71
248.28	54230.54
248.33	54186.92
248.38	54146.89
248.43	54121.70
248.48	54105.69
248.53	54088.57
248.58	54073.18
248.63	54076.16
248.68	54051.36
248.73	54029.40
248.78	53995.45
248.83	53949.14
248.88	53877.68
248.93	53809.08
248.98	53723.84
249.03	53684.20
249.08	53658.62
249.13	53656.54
249.18	53653.77
249.23	53675.96
249.28	53666.94
249.33	53665.65
249.38	53647.70
249.43	53641.09
249.48	53609.91
249.53	53594.80
249.58	53562.90
249.63	53539.09
249.68	53513.07
249.73	53498.93
249.78	53471.54
249.83	53466.29
249.88	53436.62
249.93	53430.82
249.98	53420.48
250.03	53423.98
250.08	53393.15
250.13	53393.07
250.18	53363.07
250.23	53316.11
250.28	53254.66
250.33	53199.64
250.37	53153.62
250.42	53110.59
250.47	53084.31
250.52	53077.08
250.57	53068.56
250.62	53031.46
250.67	52998.20
250.72	52981.65
250.77	52933.61
250.82	52905.90
250.87	52896.45
250.92	52891.48
250.97	52859.45
251.02	52853.15
251.07	52860.73
251.12	52845.10
251.17	52814.03
251.22	52793.90
251.27	52754.61
251.32	52695.98
251.37	52645.86
251.42	52595.08
251.47	52555.74
251.52	52534.72
251.57	52521.01
251.62	52501.91
251.67	52501.70
251.72	52476.95
251.77	52439.29
251.82	52388.79
251.87	52347.43
251.92	52286.76
251.97	52229.40
252.02	52188.75
252.07	52167.53
252.12	52160.77
252.16	52156.40
252.21	52161.90
252.26	52165.88
252.31	52168.61
252.36	52153.02
252.41	52132.21
252.46	52101.91
252.51	52077.27
252.56	52041.42
252.61	52010.06
252.66	51989.51
252.71	51977.53
252.76	51951.75
252.81	51903.29
252.86	51851.14
252.91	51797.29
252.96	51728.57
253.01	51658.54
253.06	51600.79
253.11	51557.77
253.16	51522.15
253.21	51476.41
253.26	51428.67
253.31	51391.90
253.36	51368.12
253.40	51334.68
253.45	51330.06
253.50	51299.94
253.55	51269.87
253.60	51218.27
253.65	51181.36
253.70	51134.53
253.75	51118.83
253.80	51100.86
253.85	51099.27
253.90	51090.30
253.95	51087.63
254.00	51082.99
254.05	51075.33
254.10	51038.18
254.15	51001.07
254.20	50972.85
254.25	50939.11
254.30	50895.84
254.35	50854.09
254.39	50794.85
254.44	50716.73
254.49	50639.77
254.54	50618.09
254.59	50592.09
254.64	50579.44
254.69	50575.87
254.74	50569.29
254.79	50525.44
254.84	50492.39
254.89	50473.11
254.94	50454.41
254.99	50444.21
255.04	50435.04
255.09	50425.82
255.14	50401.15
255.19	50388.33
255.23	50386.76
255.28	50372.12
255.33	50360.35
255.38	50352.54
255.43	50330.04
255.48	50288.99
255.53	50249.83
255.58	50217.38
255.63	50175.90
255.68	50134.40
255.73	50097.32
255.78	50063.60
255.83	50029.93
255.88	50012.44
255.93	49975.62
255.97	49950.97
256.02	49921.19
256.07	49878.39
256.12	49801.62
256.17	49752.73
256.22	49689.98
256.27	49643.00
256.32	49605.35
256.37	49592.36
256.42	49572.57
256.47	49552.64
256.52	49524.32
256.57	49497.56
256.62	49479.95
256.66	49462.34
256.71	49434.18
256.76	49398.02
256.81	49346.56
256.86	49290.60
256.91	49243.22
256.96	49201.02
257.01	49168.20
257.06	49148.59
257.11	49120.61
257.16	49077.09
257.21	49038.09
257.26	49005.57
257.30	48971.37
257.35	48931.89
257.40	48904.62
257.45	48888.73
257.50	48855.68
257.55	48821.31
257.60	48798.27
257.65	48774.91
257.70	48739.26
257.75	48698.23
257.80	48664.72
257.85	48630.28
257.89	48581.96
257.94	48524.17
257.99	48467.81
258.04	48414.79
258.09	48375.65
258.14	48339.68
258.19	48323.39
258.24	48304.65
258.29	48260.17
258.34	48213.25
258.39	48174.87
258.44	48118.75
258.48	48065.76
258.53	48039.27
258.58	47997.16
258.63	47947.31
258.68	47893.75
258.73	47856.91
258.78	47808.92
258.83	47765.14
258.88	47727.91
258.93	47701.34
258.97	47668.56
259.02	47639.46
259.07	47623.37
259.12	47599.10
259.17	47576.25
259.22	47566.83
259.27	47543.87
259.32	47515.12
259.37	47475.37
259.42	47440.87
259.47	47396.01
259.51	47349.27
259.56	47288.64
259.61	47229.33
259.66	47151.29
259.71	47069.48
259.76	47009.15
259.81	46943.11
259.86	46899.84
259.91	46860.92
259.95	46838.57
260.00	46811.44
260.05	46801.45
260.10	46780.54
260.15	46772.73
260.20	46756.61
260.25	46747.19
260.30	46733.91
260.35	46712.73
260.40	46678.01
260.44	46650.88
260.49	46620.44
260.54	46581.13
260.59	46547.98
260.64	46539.85
260.69	46525.98
260.74	46497.91
260.79	46464.41
260.84	46424.29
260.88	46361.71
260.93	46290.05
260.98	46246.66
261.03	46205.48
261.08	46175.78
261.13	46145.45
261.18	46109.32
261.23	46048.99
261.28	46005.30
261.32	45965.00
261.37	45919.33
261.42	45885.12
261.47	45870.43
261.52	45828.37
261.57	45782.40
261.62	45742.41
261.67	45697.17
261.71	45623.83
261.76	45578.70
261.81	45518.94
261.86	45466.58
261.91	45421.81
261.96	45384.97
262.01	45348.79
262.06	45332.91
262.10	45321.28
262.15	45296.86
262.20	45281.30
262.25	45264.88
262.30	45243.11
262.35	45214.10
262.40	45188.25
262.45	45162.95
262.49	45129.98
262.54	45096.23
262.59	45066.36
262.64	45038.04
262.69	44999.57
262.74	44952.70
262.79	44900.58
262.84	44850.60
262.88	44803.70
262.93	44744.81
262.98	44707.45
263.03	44674.12
263.08	44623.19
263.13	44550.93
263.18	44496.44
263.23	44433.51
263.27	44379.90
263.32	44343.90
263.37	44328.77
263.42	44314.39
263.47	44281.77
263.52	44256.68
263.57	44222.77
263.61	44182.86
263.66	44133.69
263.71	44106.87
263.76	44069.67
263.81	44026.75
263.86	43993.05
263.91	43961.98
263.95	43899.31
264.00	43837.83
264.05	43793.72
264.10	43722.74
264.15	43652.17
264.20	43616.90
264.25	43566.72
264.29	43514.78
264.34	43472.91
264.39	43437.89
264.44	43379.97
264.49	43336.90
264.54	43288.99
264.59	43255.87
264.63	43213.28
264.68	43168.31
264.73	43113.70
264.78	43067.84
264.83	43009.45
264.88	42962.56
264.93	42935.94
264.97	42912.76
265.02	42886.00
265.07	42861.52
265.12	42821.82
265.17	42771.77
265.22	42733.13
265.27	42672.82
265.31	42619.18
265.36	42561.55
265.41	42508.28
265.46	42443.72
265.51	42377.76
265.56	42315.77
265.60	42263.49
265.65	42204.96
265.70	42150.46
265.75	42107.59
265.80	42060.13
265.85	42007.22
265.90	41948.69
265.94	41886.27
265.99	41817.73
266.04	41762.83
266.09	41712.84
266.14	41681.28
266.19	41651.21
266.23	41628.01
266.28	41583.95
266.33	41552.75
266.38	41520.96
266.43	41490.70
266.48	41464.04
266.52	41440.06
266.57	41396.36
266.62	41347.48
266.67	41296.76
266.72	41245.66
266.77	41210.91
266.81	41192.79
266.86	41173.54
266.91	41144.32
266.96	41107.72
267.01	41066.88
267.06	41009.33
267.10	40955.48
267.15	40906.13
267.20	40878.90
267.25	40840.50
267.30	40810.53
267.35	40775.18
267.39	40741.74
267.44	40695.33
267.49	40649.57
267.54	40599.40
267.59	40546.30
267.64	40495.88
267.68	40434.88
267.73	40375.55
267.78	40333.75
267.83	40307.90
267.88	40291.89
267.93	40286.64
267.97	40274.95
268.02	40245.39
268.07	40196.53
268.12	40138.06
268.17	40074.35
268.21	40031.80
268.26	39978.39
268.31	39939.91
268.36	39898.48
268.41	39856.28
268.46	39804.75
268.50	39772.37
268.55	39722.78
268.60	39663.70
268.65	39599.32
268.70	39518.87
268.74	39448.91
268.79	39377.56
268.84	39323.56
268.89	39278.07
268.94	39248.18
268.99	39206.79
269.03	39167.91
269.08	39119.18
269.13	39055.72
269.18	38973.26
269.23	38872.13
269.27	38764.48
269.32	38633.76
269.37	38499.77
269.42	38366.15
269.47	38225.64
269.51	38083.55
269.56	37943.67
269.61	37810.54
269.66	37662.99
269.71	37518.20
269.76	37373.42
269.80	37227.85
269.85	37070.82
269.90	36930.62
269.95	36779.23
270.00	36618.20
270.04	36466.49
270.09	36324.70
270.14	36175.75
270.19	36040.65
270.24	35914.19
270.28	35761.93
270.33	35597.49
270.38	35424.17
270.43	35245.11
270.48	35063.51
270.52	34906.24
270.57	34744.90
270.62	34584.18
270.67	34432.84
270.72	34274.26
270.76	34094.97
270.81	33926.02
270.86	33757.04
270.91	33580.62
270.96	33403.57
271.00	33247.50
271.05	33084.47
271.10	32944.72
271.15	32808.99
271.20	32683.03
271.24	32542.27
271.29	32414.92
271.34	32262.20
271.39	32117.64
271.44	31971.92
271.48	31831.20
271.53	31681.00
271.58	31545.70
271.63	31393.91
271.67	31244.89
271.72	31105.05
271.77	30965.63
271.82	30820.92
271.87	30680.58
271.91	30526.68
271.96	30382.67
272.01	30239.82
272.06	30106.68
272.11	29992.52
272.15	29890.05
272.20	29783.19
272.25	29685.12
272.30	29585.80
272.35	29475.02
272.39	29364.32
272.44	29244.26
272.49	29111.22
272.54	28970.55
272.58	28821.74
272.63	28672.07
272.68	28518.68
272.73	28357.62
272.78	28181.93
272.82	27984.84
272.87	27759.22
272.92	27471.85
272.97	26943.21
273.01	23974.49
273.06	19008.29
273.11	13536.74
273.16	8165.15
273.21	3074.30
273.25	465.34
273.30	-88.02
273.35	-89.71
