165.32	3373.83
165.38	-245.17
165.44	594.98
165.50	-77.96
165.55	-21.15
165.61	-0.21
165.67	25.91
165.72	34.26
165.78	39.54
165.84	38.06
165.89	35.23
165.95	34.01
166.01	33.51
166.06	34.40
166.12	36.69
166.18	34.90
166.23	36.52
166.29	35.31
166.35	32.39
166.40	31.52
166.46	37.84
166.52	40.49
166.57	41.66
166.63	42.22
166.69	44.96
166.74	38.57
166.80	39.02
166.86	40.93
166.91	41.54
166.97	35.82
167.03	38.93
167.08	33.15
167.14	32.22
167.20	30.29
167.25	42.54
167.31	42.52
167.37	47.87
167.42	49.42
167.48	55.26
167.54	50.07
167.59	49.76
167.65	45.40
167.71	45.53
167.76	44.70
167.82	39.98
167.88	39.73
167.93	47.50
167.99	46.34
168.05	48.28
168.10	56.39
168.16	55.78
168.21	53.80
168.27	58.45
168.33	60.32
168.38	52.69
168.44	57.39
168.50	56.24
168.55	54.51
168.61	55.43
168.67	57.59
168.72	54.93
168.78	55.13
168.84	50.97
168.89	49.31
168.95	49.94
169.01	49.35
169.06	48.68
169.12	48.04
169.18	46.42
169.23	46.42
169.29	50.49
169.34	54.96
169.40	57.94
169.46	62.62
169.51	64.48
169.57	60.13
169.63	55.81
169.68	60.31
169.74	56.32
169.80	62.64
169.85	63.86
169.91	68.15
169.97	63.96
170.02	63.81
170.08	62.30
170.13	62.66
170.19	62.20
170.25	63.89
170.30	67.85
170.36	59.78
170.42	62.20
170.47	63.16
170.53	64.99
170.59	62.10
170.64	65.68
170.70	63.55
170.76	61.06
170.81	62.33
170.87	61.95
170.92	62.97
170.98	65.79
171.04	68.25
171.09	64.57
171.15	71.64
171.21	72.28
171.26	69.64
171.32	66.91
171.37	70.04
171.43	64.95
171.49	69.06
171.54	72.36
171.60	73.96
171.66	76.14
171.71	76.22
171.77	74.12
171.83	79.99
171.88	79.04
171.94	78.51
171.99	83.03
172.05	82.22
172.11	83.13
172.16	91.89
172.22	92.51
172.28	92.78
172.33	90.62
172.39	87.34
172.44	83.89
172.50	88.55
172.56	87.93
172.61	96.17
172.67	95.83
172.72	95.44
172.78	90.79
172.84	85.57
172.89	79.07
172.95	78.23
173.01	79.12
173.06	77.85
173.12	83.87
173.17	85.00
173.23	84.38
173.29	85.00
173.34	86.24
173.40	80.73
173.46	81.63
173.51	84.40
173.57	84.34
173.62	79.34
173.68	85.87
173.74	84.90
173.79	86.13
173.85	83.66
173.90	86.04
173.96	82.26
174.02	79.29
174.07	71.52
174.13	70.83
174.18	72.76
174.24	66.86
174.30	66.87
174.35	71.97
174.41	68.62
174.47	63.44
174.52	64.36
174.58	63.29
174.63	58.68
174.69	57.48
174.75	58.92
174.80	69.70
174.86	67.61
174.91	68.87
174.97	69.56
175.03	67.13
175.08	54.80
175.14	61.24
175.19	57.08
175.25	56.80
175.31	61.23
175.36	63.06
175.42	60.24
175.47	64.91
175.53	65.57
175.59	61.36
175.64	62.78
175.70	60.56
175.75	56.03
175.81	54.15
175.87	55.65
175.92	51.80
175.98	53.69
176.03	53.81
176.09	54.64
176.15	54.69
176.20	55.47
176.26	54.80
176.31	57.93
176.37	55.13
176.42	56.00
176.48	59.75
176.54	57.43
176.59	54.71
176.65	57.32
176.70	58.75
176.76	58.14
176.82	56.52
176.87	53.49
176.93	53.95
176.98	52.82
177.04	47.98
177.10	52.63
177.15	54.39
177.21	55.13
177.26	53.85
177.32	57.48
177.37	59.23
177.43	62.91
177.49	59.37
177.54	56.75
177.60	57.45
177.65	57.59
177.71	52.14
177.77	55.24
177.82	57.08
177.88	60.76
177.93	56.56
177.99	63.01
178.04	58.63
178.10	59.12
178.16	52.26
178.21	52.90
178.27	49.76
178.32	53.56
178.38	52.45
178.43	54.04
178.49	54.08
178.55	53.27
178.60	52.28
178.66	51.85
178.71	53.63
178.77	51.87
178.82	53.05
178.88	52.89
178.94	53.59
178.99	54.27
179.05	58.72
179.10	54.55
179.16	57.26
179.21	59.63
179.27	58.39
179.33	53.68
179.38	57.71
179.44	55.95
179.49	55.63
179.55	53.98
179.60	54.26
179.66	53.39
179.72	55.90
179.77	53.64
179.83	51.89
179.88	53.48
179.94	54.75
179.99	50.68
180.05	51.07
180.11	52.69
180.16	55.19
180.22	57.55
180.27	62.19
180.33	63.13
180.38	67.54
180.44	63.29
180.49	62.51
180.55	60.65
180.61	64.38
180.66	58.42
180.72	56.92
180.77	55.15
180.83	54.87
180.88	52.08
180.94	52.32
180.99	55.77
181.05	56.11
181.11	57.03
181.16	57.07
181.22	58.17
181.27	60.24
181.33	59.16
181.38	56.35
181.44	58.00
181.49	62.61
181.55	63.60
181.61	69.57
181.66	72.21
181.72	69.48
181.77	66.85
181.83	64.45
181.88	69.49
181.94	71.34
181.99	76.98
182.05	77.66
182.11	78.68
182.16	69.91
182.22	68.29
182.27	64.23
182.33	67.17
182.38	66.96
182.44	71.74
182.49	73.25
182.55	74.36
182.60	73.50
182.66	75.92
182.72	77.81
182.77	80.09
182.83	83.91
182.88	87.09
182.94	88.73
182.99	86.06
183.05	84.71
183.10	86.93
183.16	86.82
183.21	89.41
183.27	97.94
183.32	103.83
183.38	109.16
183.44	117.74
183.49	124.37
183.55	128.47
183.60	136.83
183.66	144.35
183.71	155.14
183.77	164.48
183.82	175.24
183.88	188.23
183.93	201.77
183.99	217.94
184.04	236.55
184.10	250.70
184.15	264.21
184.21	278.24
184.27	279.79
184.32	279.09
184.38	274.90
184.43	267.46
184.49	247.08
184.54	225.24
184.60	213.09
184.65	196.31
184.71	185.29
184.76	186.79
184.82	206.23
184.87	224.31
184.93	252.35
184.98	282.88
185.04	318.31
185.09	346.33
185.15	376.28
185.20	412.24
185.26	449.67
185.31	480.94
185.37	511.03
185.43	532.78
185.48	552.14
185.54	576.34
185.59	603.38
185.65	630.07
185.70	672.61
185.76	721.81
185.81	759.28
185.87	797.84
185.92	845.01
185.98	881.95
186.03	898.79
186.09	898.92
186.14	871.46
186.20	811.28
186.25	717.83
186.31	623.39
186.36	550.79
186.42	517.49
186.47	525.42
186.53	575.06
186.58	648.07
186.64	726.29
186.69	800.73
186.75	862.39
186.80	918.24
186.86	973.91
186.91	1027.76
186.97	1073.26
187.02	1131.75
187.08	1184.57
187.13	1219.52
187.19	1252.63
187.24	1283.22
187.30	1286.70
187.35	1287.39
187.41	1298.62
187.47	1313.32
187.52	1335.35
187.58	1389.00
187.63	1476.95
187.69	1582.09
187.74	1676.47
187.80	1754.95
187.85	1810.22
187.91	1829.77
187.96	1817.87
188.02	1776.34
188.07	1706.95
188.13	1599.30
188.18	1483.54
188.24	1401.24
188.29	1369.10
188.35	1392.69
188.40	1480.56
188.46	1612.40
188.51	1741.78
188.57	1873.40
188.62	2001.39
188.67	2121.85
188.73	2235.69
188.78	2342.66
188.84	2449.60
188.89	2557.62
188.95	2664.58
189.00	2757.73
189.06	2857.08
189.11	2951.96
189.17	3032.12
189.22	3105.25
189.28	3192.38
189.33	3270.24
189.39	3333.22
189.44	3398.61
189.50	3473.81
189.55	3539.52
189.61	3591.53
189.66	3650.39
189.72	3706.37
189.77	3755.08
189.83	3781.35
189.88	3784.54
189.94	3746.09
189.99	3657.49
190.05	3490.12
190.10	3254.60
190.16	2985.40
190.21	2742.23
190.27	2573.79
190.32	2503.70
190.38	2530.74
190.43	2632.79
190.49	2751.26
190.54	2837.27
190.60	2894.05
190.65	2922.84
190.71	2931.08
190.76	2940.17
190.81	2969.04
190.87	3030.67
190.92	3152.42
190.98	3324.33
191.03	3520.12
191.09	3713.66
191.14	3871.84
191.20	3983.85
191.25	4082.32
191.31	4191.79
191.36	4337.91
191.42	4527.93
191.47	4751.83
191.53	4974.51
191.58	5160.21
191.64	5299.02
191.69	5402.67
191.75	5466.70
191.80	5506.74
191.85	5530.40
191.91	5554.98
191.96	5578.23
192.02	5608.33
192.07	5622.69
192.13	5619.24
192.18	5569.29
192.24	5450.12
192.29	5252.45
192.35	5024.80
192.40	4839.03
192.46	4732.77
192.51	4728.25
192.57	4826.68
192.62	5007.35
192.67	5195.12
192.73	5378.47
192.78	5547.71
192.84	5702.79
192.89	5841.70
192.95	5974.30
193.00	6089.66
193.06	6199.65
193.11	6303.55
193.17	6393.23
193.22	6476.27
193.28	6567.35
193.33	6641.24
193.38	6711.45
193.44	6783.61
193.49	6859.98
193.55	6916.69
193.60	6975.56
193.66	7028.94
193.71	7073.10
193.77	7097.19
193.82	7121.99
193.88	7141.19
193.93	7167.37
193.98	7195.83
194.04	7237.81
194.09	7282.48
194.15	7332.91
194.20	7378.32
194.26	7414.99
194.31	7451.24
194.37	7468.01
194.42	7470.51
194.47	7451.28
194.53	7402.49
194.58	7307.17
194.64	7194.49
194.69	7090.84
194.75	7017.23
194.80	6995.95
194.86	7033.14
194.91	7121.32
194.97	7226.01
195.02	7330.39
195.07	7430.48
195.13	7521.97
195.18	7605.78
195.24	7673.19
195.29	7733.74
195.35	7775.98
195.40	7820.89
195.46	7863.44
195.51	7943.97
195.56	8043.49
195.62	8165.97
195.67	8286.07
195.73	8401.22
195.78	8477.39
195.84	8528.21
195.89	8555.26
195.94	8585.79
196.00	8630.73
196.05	8697.33
196.11	8780.62
196.16	8873.11
196.22	8963.74
196.27	9041.99
196.32	9104.95
196.38	9161.89
196.43	9214.57
196.49	9254.67
196.54	9295.24
196.60	9340.17
196.65	9381.79
196.71	9423.58
196.76	9469.74
196.81	9509.51
196.87	9543.68
196.92	9568.11
196.98	9587.09
197.03	9596.89
197.09	9593.94
197.14	9587.06
197.19	9593.21
197.25	9608.21
197.30	9634.83
197.36	9691.05
197.41	9757.68
197.47	9817.82
197.52	9879.13
197.57	9944.62
197.63	9993.55
197.68	10044.30
197.74	10099.64
197.79	10146.70
197.84	10193.12
197.90	10241.33
197.95	10279.53
198.01	10317.77
198.06	10358.01
198.12	10396.24
198.17	10429.94
198.22	10470.82
198.28	10503.72
198.33	10543.44
198.39	10582.73
198.44	10628.65
198.49	10675.18
198.55	10726.70
198.60	10774.96
198.66	10821.88
198.71	10874.57
198.77	10920.71
198.82	10975.90
198.87	11024.05
198.93	11074.44
198.98	11122.89
199.04	11175.47
199.09	11216.28
199.14	11259.89
199.20	11303.82
199.25	11345.39
199.31	11385.91
199.36	11431.65
199.42	11474.00
199.47	11516.43
199.52	11558.29
199.58	11597.41
199.63	11622.58
199.69	11657.63
199.74	11691.57
199.79	11716.91
199.85	11746.49
199.90	11793.40
199.96	11836.19
200.01	11880.46
200.06	11932.67
200.12	11980.78
200.17	12029.95
200.23	12082.65
200.28	12128.94
200.33	12182.08
200.39	12230.51
200.44	12273.87
200.50	12313.96
200.55	12353.71
200.60	12384.63
200.66	12424.11
200.71	12458.31
200.77	12501.48
200.82	12542.86
200.87	12583.16
200.93	12622.95
200.98	12668.29
201.04	12706.54
201.09	12751.98
201.14	12808.05
201.20	12860.26
201.25	12916.46
201.31	12970.83
201.36	13030.62
201.41	13084.38
201.47	13142.56
201.52	13191.93
201.58	13252.11
201.63	13298.71
201.68	13343.79
201.74	13391.99
201.79	13440.49
201.84	13490.11
201.90	13534.89
201.95	13580.19
202.01	13625.52
202.06	13673.23
202.11	13708.69
202.17	13756.63
202.22	13805.59
202.28	13847.55
202.33	13886.39
202.38	13925.59
202.44	13972.38
202.49	14018.90
202.54	14070.63
202.60	14123.27
202.65	14177.27
202.71	14222.97
202.76	14264.12
202.81	14304.89
202.87	14347.93
202.92	14397.36
202.98	14448.92
203.03	14502.21
203.08	14559.51
203.14	14617.29
203.19	14669.95
203.24	14723.32
203.30	14775.35
203.35	14818.93
203.41	14863.84
203.46	14903.91
203.51	14943.09
203.57	14979.45
203.62	15021.85
203.67	15066.88
203.73	15107.71
203.78	15144.52
203.84	15188.80
203.89	15220.83
203.94	15242.23
204.00	15267.71
204.05	15284.93
204.10	15277.76
204.16	15256.43
204.21	15222.80
204.27	15156.79
204.32	15059.87
204.37	14945.54
204.43	14792.10
204.48	14608.86
204.53	14449.44
204.59	14374.79
204.64	14423.89
204.69	14613.63
204.75	14897.59
204.80	15211.29
204.86	15463.24
204.91	15612.12
204.96	15657.89
205.02	15637.01
205.07	15618.59
205.12	15669.97
205.18	15800.78
205.23	15991.19
205.28	16231.60
205.34	16461.04
205.39	16648.75
205.45	16777.86
205.50	16874.01
205.55	16946.86
205.61	17018.29
205.66	17080.06
205.71	17151.10
205.77	17212.68
205.82	17276.60
205.87	17328.86
205.93	17382.55
205.98	17426.85
206.03	17471.60
206.09	17515.94
206.14	17566.58
206.20	17616.24
206.25	17666.66
206.30	17728.04
206.36	17783.59
206.41	17841.63
206.46	17898.49
206.52	17947.53
206.57	17996.89
206.62	18044.93
206.68	18094.35
206.73	18139.11
206.78	18196.02
206.84	18253.93
206.89	18313.34
206.94	18378.04
207.00	18450.18
207.05	18519.43
207.11	18588.81
207.16	18655.34
207.21	18716.82
207.27	18773.12
207.32	18834.49
207.37	18888.98
207.43	18942.16
207.48	18992.43
207.53	19049.62
207.59	19101.14
207.64	19154.93
207.69	19228.80
207.75	19296.79
207.80	19356.72
207.85	19414.75
207.91	19472.43
207.96	19517.42
208.01	19571.28
208.07	19627.47
208.12	19691.81
208.17	19749.10
208.23	19797.87
208.28	19850.26
208.33	19905.44
208.39	19961.47
208.44	20027.57
208.49	20092.58
208.55	20152.16
208.60	20206.87
208.65	20256.06
208.71	20306.52
208.76	20368.15
208.81	20426.96
208.87	20495.85
208.92	20557.14
208.97	20617.99
209.03	20676.41
209.08	20735.36
209.13	20792.25
209.19	20854.96
209.24	20913.13
209.29	20976.23
209.35	21032.69
209.40	21093.65
209.45	21157.26
209.51	21222.87
209.56	21277.73
209.61	21347.35
209.67	21410.44
209.72	21477.09
209.77	21538.29
209.83	21603.95
209.88	21668.80
209.93	21736.14
209.99	21793.05
210.04	21860.75
210.09	21930.10
210.15	21991.65
210.20	22051.65
210.25	22115.78
210.31	22178.30
210.36	22225.97
210.41	22282.18
210.46	22340.31
210.52	22392.97
210.57	22441.48
210.62	22504.67
210.68	22565.39
210.73	22614.23
210.78	22678.56
210.84	22740.87
210.89	22802.15
210.94	22852.18
211.00	22919.83
211.05	22970.64
211.10	23036.79
211.16	23093.67
211.21	23167.46
211.26	23229.88
211.32	23302.87
211.37	23361.50
211.42	23436.34
211.47	23500.43
211.53	23570.38
211.58	23630.80
211.63	23695.68
211.69	23748.24
211.74	23797.69
211.79	23843.63
211.85	23906.39
211.90	23966.49
211.95	24032.95
212.01	24109.43
212.06	24188.85
212.11	24264.74
212.16	24338.47
212.22	24410.76
212.27	24470.98
212.32	24535.42
212.38	24601.49
212.43	24663.27
212.48	24723.46
212.54	24797.08
212.59	24867.99
212.64	24925.21
212.69	24994.92
212.75	25066.78
212.80	25126.91
212.85	25188.98
212.91	25246.49
212.96	25300.63
213.01	25358.89
213.07	25421.05
213.12	25481.06
213.17	25544.58
213.22	25606.98
213.28	25661.54
213.33	25708.43
213.38	25759.17
213.44	25814.82
213.49	25875.42
213.54	25942.55
213.60	26015.99
213.65	26088.66
213.70	26170.34
213.75	26229.92
213.81	26276.88
213.86	26326.75
213.91	26361.27
213.97	26373.61
214.02	26386.74
214.07	26393.79
214.12	26384.56
214.18	26364.09
214.23	26335.40
214.28	26286.80
214.34	26203.08
214.39	26090.74
214.44	25931.75
214.49	25713.43
214.55	25423.85
214.60	25061.96
214.65	24636.78
214.71	24270.95
214.76	24124.87
214.81	24243.89
214.86	24644.80
214.92	25245.32
214.97	25884.89
215.02	26368.46
215.08	26655.70
215.13	26754.24
215.18	26699.49
215.23	26565.68
215.29	26484.37
215.34	26551.88
215.39	26745.25
215.45	27081.54
215.50	27516.79
215.55	27944.85
215.60	28261.29
215.66	28479.08
215.71	28624.18
215.76	28726.96
215.81	28791.84
215.87	28860.01
215.92	28926.89
215.97	28981.12
216.03	29033.93
216.08	29095.00
216.13	29155.55
216.18	29217.01
216.24	29283.60
216.29	29341.52
216.34	29396.47
216.39	29461.82
216.45	29524.54
216.50	29584.67
216.55	29642.67
216.61	29717.50
216.66	29772.67
216.71	29835.20
216.76	29892.30
216.82	29971.93
216.87	30032.44
216.92	30106.95
216.97	30175.15
217.03	30254.97
217.08	30323.53
217.13	30405.18
217.18	30472.25
217.24	30542.43
217.29	30607.76
217.34	30658.02
217.39	30705.19
217.45	30759.96
217.50	30812.71
217.55	30870.11
217.61	30944.09
217.66	31010.78
217.71	31075.62
217.76	31151.22
217.82	31232.14
217.87	31303.29
217.92	31381.04
217.97	31453.37
218.03	31513.52
218.08	31552.52
218.13	31600.24
218.18	31642.82
218.24	31710.29
218.29	31764.25
218.34	31832.81
218.39	31901.69
218.45	31975.73
218.50	32027.09
218.55	32103.89
218.60	32176.79
218.66	32226.40
218.71	32294.63
218.76	32359.79
218.81	32414.94
218.87	32475.31
218.92	32549.10
218.97	32613.51
219.02	32684.99
219.08	32759.06
219.13	32833.00
219.18	32900.70
219.23	32954.58
219.29	33013.83
219.34	33077.10
219.39	33138.17
219.44	33198.08
219.50	33276.19
219.55	33343.79
219.60	33405.61
219.65	33471.33
219.71	33537.81
219.76	33586.43
219.81	33642.61
219.86	33702.53
219.92	33752.59
219.97	33812.69
220.02	33872.40
220.07	33924.15
220.13	33978.03
220.18	34042.41
220.23	34107.80
220.28	34185.55
220.33	34269.24
220.39	34340.02
220.44	34397.08
220.49	34456.72
220.54	34501.60
220.60	34548.92
220.65	34607.49
220.70	34676.60
220.75	34748.18
220.81	34833.04
220.86	34910.09
220.91	34980.09
220.96	35048.04
221.02	35114.79
221.07	35179.51
221.12	35243.31
221.17	35303.62
221.22	35365.70
221.28	35422.44
221.33	35484.74
221.38	35543.66
221.43	35620.11
221.49	35689.89
221.54	35759.75
221.59	35820.19
221.64	35904.28
221.69	35989.07
221.75	36083.69
221.80	36179.56
221.85	36254.29
221.90	36313.38
221.96	36367.19
222.01	36400.00
222.06	36429.52
222.11	36480.29
222.17	36528.83
222.22	36558.31
222.27	36611.61
222.32	36660.98
222.37	36713.53
222.43	36778.69
222.48	36847.85
222.53	36923.51
222.58	37010.33
222.63	37088.93
222.69	37156.49
222.74	37235.71
222.79	37294.45
222.84	37342.29
222.90	37391.67
222.95	37442.96
223.00	37483.07
223.05	37535.89
223.10	37592.40
223.16	37645.63
223.21	37695.81
223.26	37744.70
223.31	37783.30
223.36	37827.72
223.42	37869.22
223.47	37901.52
223.52	37952.48
223.57	37998.02
223.63	38046.14
223.68	38093.78
223.73	38164.29
223.78	38233.10
223.83	38315.08
223.89	38376.52
223.94	38451.56
223.99	38518.05
224.04	38586.63
224.09	38656.54
224.15	38742.74
224.20	38821.18
224.25	38909.60
224.30	38999.47
224.35	39082.61
224.41	39174.81
224.46	39273.21
224.51	39351.59
224.56	39426.21
224.61	39506.85
224.67	39578.56
224.72	39640.34
224.77	39739.84
224.82	39831.45
224.87	39914.56
224.93	39988.49
224.98	40077.11
225.03	40140.44
225.08	40212.90
225.13	40282.08
225.19	40363.32
225.24	40432.81
225.29	40490.61
225.34	40540.74
225.39	40587.45
225.45	40628.97
225.50	40657.11
225.55	40683.69
225.60	40696.23
225.65	40694.30
225.71	40658.99
225.76	40611.52
225.81	40534.02
225.86	40417.89
225.91	40264.59
225.97	40068.21
226.02	39811.65
226.07	39500.94
226.12	39300.93
226.17	39283.45
226.22	39476.27
226.28	39877.30
226.33	40468.71
226.38	41004.59
226.43	41413.59
226.48	41660.89
226.54	41757.64
226.59	41737.63
226.64	41680.47
226.69	41579.49
226.74	41528.71
226.80	41594.14
226.85	41753.43
226.90	41996.20
226.95	42342.84
227.00	42694.99
227.05	42974.38
227.11	43195.65
227.16	43377.50
227.21	43506.29
227.26	43606.74
227.31	43690.86
227.37	43747.69
227.42	43821.63
227.47	43888.56
227.52	43960.91
227.57	44032.14
227.62	44130.87
227.68	44200.06
227.73	44283.11
227.78	44363.59
227.83	44446.00
227.88	44513.11
227.93	44593.95
227.99	44675.98
228.04	44747.30
228.09	44826.60
228.14	44903.76
228.19	44966.66
228.24	45026.38
228.30	45100.44
228.35	45165.66
228.40	45231.38
228.45	45298.72
228.50	45375.96
228.56	45441.62
228.61	45499.08
228.66	45558.60
228.71	45624.87
228.76	45659.46
228.81	45705.40
228.87	45758.32
228.92	45824.38
228.97	45871.62
229.02	45967.47
229.07	46042.49
229.12	46129.19
229.17	46198.13
229.23	46289.83
229.28	46361.81
229.33	46444.80
229.38	46520.65
229.43	46596.89
229.48	46673.70
229.54	46731.56
229.59	46792.99
229.64	46863.78
229.69	46945.19
229.74	47025.46
229.79	47103.47
229.85	47184.56
229.90	47254.67
229.95	47315.62
230.00	47366.99
230.05	47442.24
230.10	47508.72
230.16	47578.20
230.21	47641.72
230.26	47706.24
230.31	47746.96
230.36	47803.23
230.41	47861.83
230.46	47945.76
230.52	48042.02
230.57	48125.86
230.62	48209.94
230.67	48278.98
230.72	48337.43
230.77	48373.85
230.82	48431.83
230.88	48470.12
230.93	48512.08
230.98	48543.68
231.03	48592.96
231.08	48645.72
231.13	48693.16
231.19	48762.00
231.24	48844.62
231.29	48926.37
231.34	48998.16
231.39	49081.68
231.44	49156.44
231.49	49206.38
231.55	49245.94
231.60	49290.11
231.65	49345.45
231.70	49385.38
231.75	49434.57
231.80	49490.35
231.85	49551.37
231.91	49592.69
231.96	49644.82
232.01	49713.94
232.06	49781.41
232.11	49836.18
232.16	49916.23
232.21	50008.38
232.26	50096.25
232.32	50172.09
232.37	50249.02
232.42	50311.19
232.47	50348.30
232.52	50384.58
232.57	50444.04
232.62	50502.33
232.68	50567.33
232.73	50642.14
232.78	50719.77
232.83	50790.34
232.88	50860.76
232.93	50926.25
232.98	50993.70
233.03	51051.53
233.09	51109.30
233.14	51183.69
233.19	51248.79
233.24	51305.96
233.29	51359.76
233.34	51395.09
233.39	51415.48
233.45	51442.71
233.50	51479.23
233.55	51527.99
233.60	51590.70
233.65	51650.06
233.70	51713.77
233.75	51775.22
233.80	51820.63
233.86	51877.60
233.91	51931.01
233.96	51971.12
234.01	52022.32
234.06	52079.20
234.11	52141.04
234.16	52200.85
234.21	52263.38
234.26	52311.74
234.32	52346.44
234.37	52375.64
234.42	52411.59
234.47	52436.97
234.52	52463.89
234.57	52504.33
234.62	52541.12
234.67	52594.60
234.73	52653.12
234.78	52712.87
234.83	52765.62
234.88	52809.17
234.93	52833.29
234.98	52873.60
235.03	52911.84
235.08	52973.44
235.13	53032.86
235.19	53107.71
235.24	53175.14
235.29	53246.50
235.34	53286.14
235.39	53323.63
235.44	53353.83
235.49	53385.75
235.54	53409.27
235.59	53435.41
235.65	53469.60
235.70	53512.02
235.75	53550.48
235.80	53603.14
235.85	53654.01
235.90	53706.14
235.95	53726.60
236.00	53752.54
236.05	53766.54
236.11	53795.56
236.16	53825.23
236.21	53875.63
236.26	53914.76
236.31	53952.12
236.36	53973.96
236.41	53987.03
236.46	53998.85
236.51	54015.47
236.56	54042.64
236.62	54074.13
236.67	54108.64
236.72	54156.77
236.77	54191.67
236.82	54230.55
236.87	54259.61
236.92	54277.09
236.97	54298.98
237.02	54339.15
237.07	54379.50
237.13	54435.24
237.18	54509.69
237.23	54552.24
237.28	54594.31
237.33	54630.68
237.38	54651.30
237.43	54671.02
237.48	54683.29
237.53	54701.12
237.58	54727.26
237.63	54775.04
237.69	54811.09
237.74	54865.98
237.79	54901.99
237.84	54915.16
237.89	54922.67
237.94	54927.51
237.99	54938.53
238.04	54952.91
238.09	54979.97
238.14	54999.22
238.19	55020.20
238.25	55042.63
238.30	55056.20
238.35	55056.12
238.40	55071.64
238.45	55079.98
238.50	55081.65
238.55	55081.08
238.60	55101.19
238.65	55115.92
238.70	55122.79
238.75	55131.55
238.80	55165.94
238.86	55184.91
238.91	55199.94
238.96	55233.34
239.01	55271.32
239.06	55300.84
239.11	55331.13
239.16	55351.35
239.21	55352.68
239.26	55345.62
239.31	55353.30
239.36	55356.45
239.41	55378.77
239.46	55410.76
239.52	55444.51
239.57	55460.55
239.62	55484.07
239.67	55502.10
239.72	55524.29
239.77	55544.20
239.82	55561.86
239.87	55577.91
239.92	55574.23
239.97	55568.52
240.02	55557.19
240.07	55535.64
240.12	55530.39
240.17	55541.92
240.23	55542.65
240.28	55550.44
240.33	55575.72
240.38	55566.94
240.43	55560.31
240.48	55583.45
240.53	55601.89
240.58	55622.08
240.63	55651.81
240.68	55660.16
240.73	55644.65
240.78	55635.30
240.83	55626.23
240.88	55615.82
240.93	55615.27
240.98	55615.34
241.04	55631.64
241.09	55648.23
241.14	55669.64
241.19	55709.21
241.24	55750.11
241.29	55768.36
241.34	55777.66
241.39	55795.04
241.44	55794.61
241.49	55792.39
241.54	55784.80
241.59	55780.50
241.64	55771.62
241.69	55762.70
241.74	55750.92
241.79	55742.27
241.84	55737.20
241.90	55718.97
241.95	55688.99
242.00	55663.18
242.05	55642.79
242.10	55625.01
242.15	55607.23
242.20	55612.19
242.25	55611.25
242.30	55604.58
242.35	55592.09
242.40	55592.94
242.45	55576.01
242.50	55571.06
242.55	55572.89
242.60	55581.39
242.65	55587.84
242.70	55607.34
242.75	55628.65
242.80	55664.24
242.85	55686.38
242.91	55681.84
242.96	55679.73
243.01	55660.38
243.06	55631.91
243.11	55603.42
243.16	55587.91
243.21	55579.59
243.26	55593.91
243.31	55599.67
243.36	55615.17
243.41	55643.62
243.46	55641.89
243.51	55604.99
243.56	55561.96
243.61	55500.17
243.66	55453.56
243.71	55419.38
243.76	55417.40
243.81	55427.53
243.86	55432.86
243.91	55432.26
243.96	55431.00
244.01	55409.01
244.06	55382.48
244.12	55373.53
244.17	55349.81
244.22	55350.13
244.27	55378.50
244.32	55406.84
244.37	55420.71
244.42	55440.66
244.47	55433.32
244.52	55406.57
244.57	55372.27
244.62	55348.67
244.67	55322.40
244.72	55298.14
244.77	55290.65
244.82	55309.19
244.87	55341.51
244.92	55365.58
244.97	55377.21
245.02	55375.55
245.07	55344.97
245.12	55314.61
245.17	55290.85
245.22	55292.81
245.27	55284.49
245.32	55260.68
245.37	55232.71
245.42	55188.41
245.47	55140.63
245.52	55098.32
245.57	55086.89
245.62	55068.92
245.67	55062.99
245.72	55051.79
245.77	55035.77
245.82	55008.75
245.87	55001.79
245.92	55010.08
245.98	55001.10
246.03	54999.18
246.08	55005.19
246.13	55001.31
246.18	55004.07
246.23	55005.40
246.28	54999.41
246.33	54986.08
246.38	54957.02
246.43	54923.94
246.48	54901.77
246.53	54904.70
246.58	54914.24
246.63	54927.82
246.68	54920.82
246.73	54910.45
246.78	54876.04
246.83	54826.84
246.88	54768.93
246.93	54721.44
246.98	54674.77
247.03	54644.57
247.08	54631.86
247.13	54624.19
247.18	54612.90
247.23	54630.06
247.28	54632.98
247.33	54615.81
247.38	54596.66
247.43	54581.56
247.48	54561.95
247.53	54534.00
247.58	54502.22
247.63	54472.84
247.68	54436.39
247.73	54369.72
247.78	54323.02
247.83	54293.29
247.88	54268.44
247.93	54258.21
247.98	54265.06
248.03	54271.04
248.08	54287.25
248.13	54282.35
248.18	54271.05
248.23	54260.21
248.28	54234.45
248.33	54188.06
248.38	54150.97
248.43	54124.91
248.48	54102.63
248.53	54082.55
248.58	54069.87
248.63	54072.42
248.68	54043.68
248.73	54020.24
248.78	53988.34
248.83	53941.22
248.88	53863.25
248.93	53802.64
248.98	53721.15
249.03	53682.51
249.08	53652.33
249.13	53655.22
249.18	53650.71
249.23	53668.21
249.28	53658.56
249.33	53650.59
249.38	53634.94
249.43	53615.24
249.48	53588.99
249.53	53569.50
249.58	53553.06
249.63	53526.86
249.68	53514.82
249.73	53501.84
249.78	53482.39
249.83	53472.54
249.88	53451.83
249.93	53437.53
249.98	53423.59
250.03	53409.85
250.08	53383.63
250.13	53378.03
250.18	53348.26
250.23	53304.60
250.28	53266.08
250.33	53206.20
250.37	53153.54
250.42	53108.88
250.47	53077.52
250.52	53048.02
250.57	53036.61
250.62	53001.99
250.67	52980.51
250.72	52967.80
250.77	52931.12
250.82	52903.64
250.87	52911.81
250.92	52901.24
250.97	52874.89
251.02	52864.08
251.07	52869.05
251.12	52836.93
251.17	52804.73
251.22	52778.51
251.27	52755.02
251.32	52706.47
251.37	52659.01
251.42	52613.42
251.47	52571.31
251.52	52540.11
251.57	52527.49
251.62	52519.17
251.67	52510.96
251.72	52493.61
251.77	52452.69
251.82	52401.75
251.87	52355.13
251.92	52305.90
251.97	52251.50
252.02	52208.57
252.07	52181.09
252.12	52160.23
252.16	52149.45
252.21	52145.76
252.26	52151.49
252.31	52146.10
252.36	52136.89
252.41	52123.89
252.46	52106.54
252.51	52074.00
252.56	52050.79
252.61	52018.02
252.66	51990.58
252.71	51967.16
252.76	51949.84
252.81	51897.04
252.86	51848.80
252.91	51792.91
252.96	51723.71
253.01	51653.21
253.06	51597.23
253.11	51547.70
253.16	51505.94
253.21	51457.54
253.26	51410.46
253.31	51378.92
253.36	51358.27
253.40	51335.86
253.45	51330.53
253.50	51298.46
253.55	51266.24
253.60	51218.01
253.65	51162.10
253.70	51123.57
253.75	51114.88
253.80	51090.00
253.85	51081.13
253.90	51095.10
253.95	51090.32
254.00	51080.49
254.05	51079.90
254.10	51052.73
254.15	51015.35
254.20	50991.12
254.25	50955.63
254.30	50913.24
254.35	50868.87
254.39	50803.12
254.44	50709.96
254.49	50628.89
254.54	50603.96
254.59	50575.80
254.64	50561.79
254.69	50561.89
254.74	50561.80
254.79	50516.24
254.84	50483.38
254.89	50466.05
254.94	50448.73
254.99	50436.21
255.04	50422.08
255.09	50421.57
255.14	50391.70
255.19	50387.67
255.23	50379.59
255.28	50361.89
255.33	50345.21
255.38	50345.92
255.43	50320.10
255.48	50295.04
255.53	50266.04
255.58	50229.48
255.63	50183.04
255.68	50142.17
255.73	50096.14
255.78	50069.77
255.83	50042.84
255.88	50024.14
255.93	49992.90
255.97	49968.17
256.02	49933.02
256.07	49885.36
256.12	49814.46
256.17	49756.85
256.22	49702.87
256.27	49649.62
256.32	49612.78
256.37	49598.80
256.42	49580.76
256.47	49552.57
256.52	49521.29
256.57	49488.14
256.62	49468.68
256.66	49456.33
256.71	49428.17
256.76	49396.46
256.81	49351.89
256.86	49289.33
256.91	49239.35
256.96	49196.81
257.01	49163.16
257.06	49142.81
257.11	49117.77
257.16	49067.17
257.21	49032.13
257.26	48994.12
257.30	48953.34
257.35	48914.76
257.40	48893.67
257.45	48880.25
257.50	48851.29
257.55	48825.51
257.60	48801.10
257.65	48775.71
257.70	48728.76
257.75	48697.00
257.80	48660.89
257.85	48625.67
257.89	48574.52
257.94	48524.75
257.99	48466.67
258.04	48407.76
258.09	48365.25
258.14	48331.44
258.19	48312.38
258.24	48297.53
258.29	48266.51
258.34	48225.06
258.39	48191.78
258.44	48132.43
258.48	48077.03
258.53	48040.94
258.58	47995.85
258.63	47939.51
258.68	47896.63
258.73	47853.98
258.78	47809.68
258.83	47778.18
258.88	47747.65
258.93	47716.29
258.97	47689.72
259.02	47660.33
259.07	47629.24
259.12	47610.71
259.17	47593.98
259.22	47576.86
259.27	47556.04
259.32	47540.50
259.37	47493.72
259.42	47454.64
259.47	47405.35
259.51	47353.50
259.56	47277.68
259.61	47208.16
259.66	47132.99
259.71	47056.94
259.76	46990.08
259.81	46938.00
259.86	46897.96
259.91	46851.53
259.95	46826.90
260.00	46801.92
260.05	46784.97
260.10	46763.30
260.15	46755.96
260.20	46738.59
260.25	46739.72
260.30	46729.37
260.35	46705.65
260.40	46668.59
260.44	46641.57
260.49	46609.59
260.54	46563.85
260.59	46540.10
260.64	46533.24
260.69	46530.41
260.74	46495.56
260.79	46463.29
260.84	46419.70
260.88	46362.55
260.93	46284.45
260.98	46245.67
261.03	46205.26
261.08	46185.44
261.13	46157.12
261.18	46119.70
261.23	46058.34
261.28	46016.75
261.32	45967.29
261.37	45917.56
261.42	45889.59
261.47	45868.54
261.52	45829.91
261.57	45784.43
261.62	45744.07
261.67	45691.58
261.71	45622.39
261.76	45577.51
261.81	45528.10
261.86	45478.70
261.91	45434.07
261.96	45403.73
262.01	45362.48
262.06	45331.40
262.10	45312.73
262.15	45290.42
262.20	45278.27
262.25	45259.45
262.30	45245.22
262.35	45219.74
262.40	45194.67
262.45	45153.57
262.49	45124.78
262.54	45088.54
262.59	45057.24
262.64	45028.53
262.69	44996.42
262.74	44946.10
262.79	44884.88
262.84	44840.50
262.88	44788.94
262.93	44734.33
262.98	44700.63
263.03	44671.26
263.08	44615.09
263.13	44546.46
263.18	44486.05
263.23	44413.56
263.27	44364.06
263.32	44333.29
263.37	44317.95
263.42	44300.13
263.47	44284.11
263.52	44255.44
263.57	44220.57
263.61	44172.73
263.66	44135.49
263.71	44098.14
263.76	44060.14
263.81	44011.26
263.86	43986.23
263.91	43950.16
263.95	43891.79
264.00	43830.38
264.05	43780.67
264.10	43711.98
264.15	43635.20
264.20	43593.55
264.25	43552.73
264.29	43509.19
264.34	43460.22
264.39	43428.99
264.44	43381.26
264.49	43338.22
264.54	43293.03
264.59	43267.30
264.63	43227.19
264.68	43177.11
264.73	43122.56
264.78	43072.47
264.83	43015.29
264.88	42967.49
264.93	42939.85
264.97	42913.79
265.02	42897.39
265.07	42874.26
265.12	42838.76
265.17	42792.81
265.22	42747.85
265.27	42683.79
265.31	42623.56
265.36	42562.60
265.41	42505.36
265.46	42445.62
265.51	42375.19
265.56	42308.89
265.60	42259.33
265.65	42199.41
265.70	42143.69
265.75	42095.48
265.80	42053.41
265.85	41987.15
265.90	41932.18
265.94	41875.47
265.99	41809.04
266.04	41749.72
266.09	41714.30
266.14	41679.49
266.19	41643.24
266.23	41619.92
266.28	41576.53
266.33	41538.63
266.38	41506.80
266.43	41478.29
266.48	41453.61
266.52	41429.31
266.57	41392.11
266.62	41356.39
266.67	41309.11
266.72	41258.73
266.77	41227.49
266.81	41205.26
266.86	41168.25
266.91	41139.49
266.96	41096.43
267.01	41050.24
267.06	40994.20
267.10	40946.29
267.15	40893.64
267.20	40872.84
267.25	40845.03
267.30	40815.29
267.35	40780.79
267.39	40745.24
267.44	40702.62
267.49	40649.48
267.54	40602.94
267.59	40553.25
267.64	40495.23
267.68	40427.70
267.73	40374.80
267.78	40327.94
267.83	40299.10
267.88	40291.05
267.93	40287.65
267.97	40275.36
268.02	40240.91
268.07	40199.26
268.12	40139.33
268.17	40081.73
268.21	40029.57
268.26	39990.79
268.31	39944.33
268.36	39906.37
268.41	39856.38
268.46	39815.12
268.50	39772.68
268.55	39723.28
268.60	39653.83
268.65	39592.32
268.70	39505.10
268.74	39437.09
268.79	39361.98
268.84	39314.84
268.89	39273.68
268.94	39245.77
268.99	39201.83
269.03	39166.76
269.08	39120.52
269.13	39048.00
269.18	38971.10
269.23	38875.14
269.27	38765.43
269.32	38636.37
269.37	38511.54
269.42	38369.67
269.47	38233.83
269.51	38098.67
269.56	37964.37
269.61	37824.46
269.66	37678.06
269.71	37520.89
269.76	37362.22
269.80	37208.25
269.85	37057.87
269.90	36918.91
269.95	36774.89
270.00	36620.22
270.04	36469.78
270.09	36322.32
270.14	36179.01
270.19	36037.69
270.24	35909.23
270.28	35755.59
270.33	35587.14
270.38	35405.65
270.43	35228.49
270.48	35048.86
270.52	34889.54
270.57	34733.95
270.62	34577.98
270.67	34428.79
270.72	34268.11
270.76	34094.02
270.81	33921.58
270.86	33754.39
270.91	33576.09
270.96	33407.11
271.00	33252.23
271.05	33097.43
271.10	32954.23
271.15	32821.87
271.20	32702.66
271.24	32562.52
271.29	32429.94
271.34	32280.86
271.39	32130.99
271.44	31972.21
271.48	31835.89
271.53	31686.73
271.58	31542.83
271.63	31396.47
271.67	31252.22
271.72	31106.42
271.77	30967.40
271.82	30829.16
271.87	30686.56
271.91	30532.78
271.96	30379.19
272.01	30239.23
272.06	30105.25
272.11	29987.43
272.15	29880.64
272.20	29778.84
272.25	29678.21
272.30	29576.60
272.35	29464.10
272.39	29359.74
272.44	29239.28
272.49	29101.60
272.54	28961.04
272.58	28814.51
272.63	28659.54
272.68	28513.12
272.73	28359.70
272.78	28187.02
272.82	27990.59
272.87	27768.35
272.92	27476.57
272.97	26942.46
273.01	23974.90
273.06	19009.61
273.11	13537.05
273.16	8165.90
273.21	3076.22
273.25	465.36
273.30	-88.20
273.35	-88.01
