165.32	3375.69
165.38	-246.07
165.44	594.78
165.50	-78.41
165.55	-21.77
165.61	-0.85
165.67	25.54
165.72	34.08
165.78	38.90
165.84	37.70
165.89	34.26
165.95	32.92
166.01	32.27
166.06	33.95
166.12	36.35
166.18	34.67
166.23	36.13
166.29	35.72
166.35	32.13
166.40	31.24
166.46	37.58
166.52	40.60
166.57	40.92
166.63	41.50
166.69	43.85
166.74	37.66
166.80	37.79
166.86	39.84
166.91	40.75
166.97	35.49
167.03	38.65
167.08	32.97
167.14	32.35
167.20	30.42
167.25	42.50
167.31	42.75
167.37	47.94
167.42	49.39
167.48	55.43
167.54	50.05
167.59	49.81
167.65	46.05
167.71	45.78
167.76	44.80
167.82	40.08
167.88	39.53
167.93	46.96
167.99	46.12
168.05	48.16
168.10	56.45
168.16	55.95
168.21	54.29
168.27	58.40
168.33	60.46
168.38	52.99
168.44	57.26
168.50	55.59
168.55	54.11
168.61	54.48
168.67	56.35
168.72	53.85
168.78	54.15
168.84	50.15
168.89	48.75
168.95	49.93
169.01	49.28
169.06	48.93
169.12	48.36
169.18	46.49
169.23	46.01
169.29	50.63
169.34	54.70
169.40	57.63
169.46	61.99
169.51	64.20
169.57	59.61
169.63	55.53
169.68	60.21
169.74	56.80
169.80	62.50
169.85	63.36
169.91	67.60
169.97	63.68
170.02	63.55
170.08	62.40
170.13	63.29
170.19	63.13
170.25	64.82
170.30	69.15
170.36	60.62
170.42	62.56
170.47	63.46
170.53	65.03
170.59	61.40
170.64	65.24
170.70	63.57
170.76	60.92
170.81	61.89
170.87	61.64
170.92	62.98
170.98	65.86
171.04	68.69
171.09	64.96
171.15	71.79
171.21	72.13
171.26	69.12
171.32	65.88
171.37	69.38
171.43	64.16
171.49	68.95
171.54	72.07
171.60	73.77
171.66	75.66
171.71	76.16
171.77	73.80
171.83	80.08
171.88	79.03
171.94	78.61
171.99	83.30
172.05	82.13
172.11	82.64
172.16	91.48
172.22	92.10
172.28	92.11
172.33	90.20
172.39	87.05
172.44	83.20
172.50	88.01
172.56	87.53
172.61	95.96
172.67	95.61
172.72	95.74
172.78	91.12
172.84	86.10
172.89	78.71
172.95	77.65
173.01	78.92
173.06	77.38
173.12	83.34
173.17	85.56
173.23	85.62
173.29	85.64
173.34	87.30
173.40	81.52
173.46	81.50
173.51	84.41
173.57	84.43
173.62	78.95
173.68	85.32
173.74	84.15
173.79	85.03
173.85	82.12
173.90	84.89
173.96	81.34
174.02	79.35
174.07	71.66
174.13	71.02
174.18	73.26
174.24	66.56
174.30	66.31
174.35	71.60
174.41	68.51
174.47	62.56
174.52	64.05
174.58	62.96
174.63	58.28
174.69	57.01
174.75	58.78
174.80	69.82
174.86	67.81
174.91	68.91
174.97	69.01
175.03	66.36
175.08	53.83
175.14	60.09
175.19	55.63
175.25	56.55
175.31	60.73
175.36	62.38
175.42	59.39
175.47	64.64
175.53	64.80
175.59	61.13
175.64	63.05
175.70	61.05
175.75	56.00
175.81	54.46
175.87	56.20
175.92	52.21
175.98	53.87
176.03	54.10
176.09	54.75
176.15	53.83
176.20	54.80
176.26	54.95
176.31	58.60
176.37	56.35
176.42	57.92
176.48	61.59
176.54	58.50
176.59	54.71
176.65	56.95
176.70	58.56
176.76	57.64
176.82	56.12
176.87	53.58
176.93	53.44
176.98	51.70
177.04	46.79
177.10	51.59
177.15	53.65
177.21	54.31
177.26	53.41
177.32	57.36
177.37	58.55
177.43	61.91
177.49	58.63
177.54	56.48
177.60	56.49
177.65	57.37
177.71	51.97
177.77	54.71
177.82	56.43
177.88	60.17
177.93	55.69
177.99	61.91
178.04	57.92
178.10	58.16
178.16	51.80
178.21	52.91
178.27	50.15
178.32	54.14
178.38	52.92
178.43	54.46
178.49	54.24
178.55	53.22
178.60	52.06
178.66	51.83
178.71	53.68
178.77	51.57
178.82	52.75
178.88	52.51
178.94	52.33
178.99	52.86
179.05	57.08
179.10	52.87
179.16	55.82
179.21	58.45
179.27	57.30
179.33	53.14
179.38	57.20
179.44	55.31
179.49	55.31
179.55	54.05
179.60	54.17
179.66	53.21
179.72	55.56
179.77	53.41
179.83	52.10
179.88	53.55
179.94	54.65
179.99	50.77
180.05	51.07
180.11	52.03
180.16	54.84
180.22	57.67
180.27	62.10
180.33	62.64
180.38	66.58
180.44	61.80
180.49	61.22
180.55	59.50
180.61	63.68
180.66	58.78
180.72	57.66
180.77	56.13
180.83	55.63
180.88	52.70
180.94	52.23
180.99	55.73
181.05	55.27
181.11	56.78
181.16	57.08
181.22	58.15
181.27	60.33
181.33	59.42
181.38	55.99
181.44	57.12
181.49	61.82
181.55	62.08
181.61	68.05
181.66	71.01
181.72	68.80
181.77	66.14
181.83	64.02
181.88	69.06
181.94	71.27
181.99	76.37
182.05	77.08
182.11	78.06
182.16	69.07
182.22	66.40
182.27	62.03
182.33	64.73
182.38	64.91
182.44	69.43
182.49	71.67
182.55	73.92
182.60	72.98
182.66	75.58
182.72	78.19
182.77	80.85
182.83	84.04
182.88	87.43
182.94	88.96
182.99	86.04
183.05	84.12
183.10	86.57
183.16	85.37
183.21	86.83
183.27	94.82
183.32	99.53
183.38	102.76
183.44	110.66
183.49	116.10
183.55	118.02
183.60	124.98
183.66	131.92
183.71	141.16
183.77	149.25
183.82	159.01
183.88	170.41
183.93	181.91
183.99	196.73
184.04	213.95
184.10	226.49
184.15	239.13
184.21	253.11
184.27	254.35
184.32	254.96
184.38	252.81
184.43	248.31
184.49	231.09
184.54	213.19
184.60	202.86
184.65	188.56
184.71	178.76
184.76	180.16
184.82	198.22
184.87	215.71
184.93	241.87
184.98	270.68
185.04	303.25
185.09	328.96
185.15	355.87
185.20	388.34
185.26	422.71
185.31	451.14
185.37	479.83
185.43	500.00
185.48	520.33
185.54	544.24
185.59	570.76
185.65	596.88
185.70	638.35
185.76	684.04
185.81	718.50
185.87	756.77
185.92	800.85
185.98	836.80
186.03	853.56
186.09	855.88
186.14	830.27
186.20	776.04
186.25	688.72
186.31	601.68
186.36	533.06
186.42	502.50
186.47	511.97
186.53	561.27
186.58	631.79
186.64	707.50
186.69	781.36
186.75	842.27
186.80	901.56
186.86	959.13
186.91	1017.93
186.97	1072.66
187.02	1141.31
187.08	1203.99
187.13	1258.74
187.19	1316.16
187.24	1372.36
187.30	1410.40
187.35	1449.36
187.41	1499.65
187.47	1549.37
187.52	1594.91
187.58	1652.03
187.63	1726.84
187.69	1807.19
187.74	1875.62
187.80	1936.53
187.85	1987.18
187.91	2008.45
187.96	1993.84
188.02	1936.72
188.07	1839.16
188.13	1692.78
188.18	1538.43
188.24	1425.15
188.29	1372.70
188.35	1385.48
188.40	1467.90
188.46	1594.44
188.51	1719.11
188.57	1849.22
188.62	1973.70
188.67	2090.91
188.73	2203.08
188.78	2310.19
188.84	2413.88
188.89	2519.10
188.95	2626.03
189.00	2717.38
189.06	2817.10
189.11	2909.93
189.17	2991.52
189.22	3063.76
189.28	3151.57
189.33	3226.71
189.39	3291.76
189.44	3358.32
189.50	3436.17
189.55	3504.24
189.61	3559.48
189.66	3617.31
189.72	3676.02
189.77	3723.74
189.83	3752.77
189.88	3760.09
189.94	3729.47
189.99	3646.10
190.05	3489.77
190.10	3267.45
190.16	3011.51
190.21	2784.68
190.27	2633.66
190.32	2586.84
190.38	2643.80
190.43	2784.29
190.49	2951.36
190.54	3094.75
190.60	3217.89
190.65	3318.09
190.71	3403.65
190.76	3482.61
190.81	3572.20
190.87	3668.94
190.92	3790.45
190.98	3924.37
191.03	4067.45
191.09	4212.88
191.14	4339.15
191.20	4443.21
191.25	4546.06
191.31	4648.13
191.36	4753.52
191.42	4872.97
191.47	5005.81
191.53	5134.99
191.58	5245.52
191.64	5334.90
191.69	5409.80
191.75	5459.21
191.80	5494.13
191.85	5517.12
191.91	5537.02
191.96	5557.73
192.02	5587.80
192.07	5603.32
192.13	5598.90
192.18	5552.38
192.24	5437.83
192.29	5241.86
192.35	5014.79
192.40	4829.85
192.46	4720.64
192.51	4713.71
192.57	4809.25
192.62	4987.35
192.67	5174.41
192.73	5356.44
192.78	5521.35
192.84	5673.98
192.89	5812.65
192.95	5943.82
193.00	6058.63
193.06	6168.95
193.11	6277.75
193.17	6366.90
193.22	6451.10
193.28	6542.90
193.33	6618.63
193.38	6688.19
193.44	6759.70
193.49	6831.61
193.55	6888.15
193.60	6950.06
193.66	7001.20
193.71	7048.86
193.77	7074.72
193.82	7095.69
193.88	7110.69
193.93	7139.00
193.98	7161.11
194.04	7200.15
194.09	7246.33
194.15	7296.14
194.20	7337.20
194.26	7381.88
194.31	7422.54
194.37	7447.25
194.42	7452.79
194.47	7439.46
194.53	7392.90
194.58	7305.16
194.64	7194.95
194.69	7098.36
194.75	7028.91
194.80	7012.49
194.86	7050.97
194.91	7144.30
194.97	7249.11
195.02	7361.30
195.07	7468.35
195.13	7570.02
195.18	7671.61
195.24	7771.66
195.29	7867.43
195.35	7951.01
195.40	8040.62
195.46	8113.14
195.51	8194.78
195.56	8280.56
195.62	8369.91
195.67	8448.49
195.73	8533.14
195.78	8595.70
195.84	8641.47
195.89	8673.70
195.94	8708.58
196.00	8741.54
196.05	8782.64
196.11	8840.43
196.16	8902.04
196.22	8966.89
196.27	9030.25
196.32	9091.89
196.38	9138.14
196.43	9189.80
196.49	9228.10
196.54	9267.05
196.60	9309.06
196.65	9352.44
196.71	9394.47
196.76	9440.02
196.81	9475.94
196.87	9509.32
196.92	9537.23
196.98	9557.08
197.03	9567.77
197.09	9565.35
197.14	9560.15
197.19	9560.50
197.25	9573.48
197.30	9600.66
197.36	9655.16
197.41	9718.97
197.47	9785.20
197.52	9846.75
197.57	9912.10
197.63	9966.15
197.68	10019.29
197.74	10071.52
197.79	10119.87
197.84	10164.62
197.90	10214.65
197.95	10254.37
198.01	10297.27
198.06	10345.11
198.12	10388.28
198.17	10423.14
198.22	10460.71
198.28	10498.27
198.33	10532.12
198.39	10571.84
198.44	10623.05
198.49	10674.77
198.55	10720.20
198.60	10767.67
198.66	10812.20
198.71	10858.78
198.77	10903.34
198.82	10955.52
198.87	11005.90
198.93	11051.15
198.98	11097.43
199.04	11148.39
199.09	11188.99
199.14	11230.20
199.20	11276.22
199.25	11315.83
199.31	11353.32
199.36	11396.01
199.42	11444.76
199.47	11487.96
199.52	11527.93
199.58	11572.57
199.63	11602.29
199.69	11630.97
199.74	11665.53
199.79	11691.06
199.85	11714.70
199.90	11757.58
199.96	11796.73
200.01	11835.98
200.06	11889.57
200.12	11943.03
200.17	11997.65
200.23	12050.06
200.28	12095.80
200.33	12148.36
200.39	12190.84
200.44	12229.46
200.50	12272.40
200.55	12311.80
200.60	12346.85
200.66	12388.70
200.71	12426.64
200.77	12469.07
200.82	12513.67
200.87	12552.08
200.93	12585.45
200.98	12630.10
201.04	12666.49
201.09	12712.56
201.14	12768.92
201.20	12829.30
201.25	12879.85
201.31	12935.72
201.36	12993.22
201.41	13042.05
201.47	13096.67
201.52	13148.79
201.58	13208.94
201.63	13258.80
201.68	13307.88
201.74	13356.39
201.79	13408.91
201.84	13457.39
201.90	13502.22
201.95	13554.80
202.01	13607.49
202.06	13655.54
202.11	13696.20
202.17	13745.60
202.22	13787.98
202.28	13825.56
202.33	13865.54
202.38	13906.90
202.44	13952.60
202.49	13999.16
202.54	14050.10
202.60	14097.89
202.65	14148.44
202.71	14194.02
202.76	14231.43
202.81	14267.90
202.87	14317.91
202.92	14363.74
202.98	14413.56
203.03	14472.40
203.08	14531.62
203.14	14581.00
203.19	14640.72
203.24	14695.64
203.30	14746.45
203.35	14793.62
203.41	14844.22
203.46	14884.26
203.51	14929.17
203.57	14970.75
203.62	15017.87
203.67	15068.83
203.73	15114.25
203.78	15154.72
203.84	15208.49
203.89	15250.13
203.94	15288.15
204.00	15327.75
204.05	15369.60
204.10	15391.47
204.16	15414.57
204.21	15432.14
204.27	15446.72
204.32	15444.97
204.37	15442.95
204.43	15424.99
204.48	15394.71
204.53	15364.57
204.59	15373.22
204.64	15431.84
204.69	15537.39
204.75	15676.70
204.80	15829.02
204.86	15956.15
204.91	16040.98
204.96	16095.20
205.02	16120.65
205.07	16149.80
205.12	16204.75
205.18	16282.76
205.23	16382.99
205.28	16500.74
205.34	16617.69
205.39	16715.05
205.45	16796.54
205.50	16865.37
205.55	16930.26
205.61	16990.76
205.66	17046.35
205.71	17108.15
205.77	17167.79
205.82	17225.90
205.87	17276.02
205.93	17329.41
205.98	17379.41
206.03	17420.38
206.09	17467.84
206.14	17522.47
206.20	17579.15
206.25	17632.32
206.30	17696.57
206.36	17752.23
206.41	17812.83
206.46	17866.24
206.52	17915.32
206.57	17960.26
206.62	18006.03
206.68	18050.46
206.73	18099.17
206.78	18158.84
206.84	18218.17
206.89	18282.19
206.94	18341.95
207.00	18409.47
207.05	18469.55
207.11	18538.85
207.16	18600.71
207.21	18666.64
207.27	18718.23
207.32	18772.04
207.37	18830.08
207.43	18887.07
207.48	18935.66
207.53	18995.56
207.59	19060.40
207.64	19114.88
207.69	19178.76
207.75	19250.08
207.80	19310.86
207.85	19361.02
207.91	19418.89
207.96	19469.50
208.01	19526.09
208.07	19582.64
208.12	19643.03
208.17	19693.65
208.23	19748.63
208.28	19797.06
208.33	19853.67
208.39	19919.32
208.44	19987.02
208.49	20048.15
208.55	20110.73
208.60	20165.08
208.65	20215.45
208.71	20263.79
208.76	20317.87
208.81	20374.91
208.87	20438.28
208.92	20496.96
208.97	20560.14
209.03	20621.76
209.08	20681.20
209.13	20740.99
209.19	20804.27
209.24	20865.60
209.29	20928.84
209.35	20981.55
209.40	21042.56
209.45	21105.10
209.51	21164.88
209.56	21223.97
209.61	21295.36
209.67	21361.82
209.72	21418.41
209.77	21480.02
209.83	21545.69
209.88	21608.98
209.93	21672.17
209.99	21739.99
210.04	21812.91
210.09	21879.93
210.15	21941.30
210.20	21999.12
210.25	22063.05
210.31	22122.60
210.36	22172.47
210.41	22227.99
210.46	22286.96
210.52	22335.51
210.57	22384.47
210.62	22441.80
210.68	22504.17
210.73	22559.70
210.78	22623.49
210.84	22690.33
210.89	22752.51
210.94	22805.55
211.00	22863.00
211.05	22916.46
211.10	22975.83
211.16	23037.51
211.21	23109.77
211.26	23183.34
211.32	23257.84
211.37	23318.48
211.42	23382.77
211.47	23447.55
211.53	23510.25
211.58	23570.51
211.63	23634.30
211.69	23695.83
211.74	23749.00
211.79	23796.92
211.85	23853.65
211.90	23917.46
211.95	23988.76
212.01	24057.98
212.06	24135.44
212.11	24210.71
212.16	24278.86
212.22	24351.92
212.27	24419.03
212.32	24484.10
212.38	24549.65
212.43	24612.28
212.48	24667.21
212.54	24738.21
212.59	24810.08
212.64	24880.64
212.69	24946.80
212.75	25020.10
212.80	25080.87
212.85	25146.56
212.91	25196.21
212.96	25252.56
213.01	25312.87
213.07	25371.59
213.12	25433.08
213.17	25501.15
213.22	25571.62
213.28	25631.02
213.33	25684.74
213.38	25738.37
213.44	25796.69
213.49	25857.38
213.54	25927.17
213.60	26005.79
213.65	26086.16
213.70	26171.90
213.75	26244.36
213.81	26301.05
213.86	26362.77
213.91	26405.36
213.97	26437.70
214.02	26472.19
214.07	26506.84
214.12	26533.42
214.18	26564.98
214.23	26603.54
214.28	26639.46
214.34	26663.67
214.39	26681.30
214.44	26673.12
214.49	26632.66
214.55	26570.95
214.60	26485.43
214.65	26370.15
214.71	26277.83
214.76	26265.77
214.81	26345.76
214.86	26530.59
214.92	26780.50
214.97	27047.20
215.02	27266.53
215.08	27410.87
215.13	27490.28
215.18	27517.86
215.23	27527.64
215.29	27553.53
215.34	27623.14
215.39	27735.89
215.45	27905.29
215.50	28098.89
215.55	28283.24
215.60	28430.95
215.66	28535.50
215.71	28615.56
215.76	28690.67
215.81	28751.72
215.87	28819.55
215.92	28883.80
215.97	28939.59
216.03	28992.15
216.08	29048.38
216.13	29101.65
216.18	29163.91
216.24	29226.16
216.29	29288.83
216.34	29346.19
216.39	29411.98
216.45	29471.23
216.50	29535.02
216.55	29588.14
216.61	29650.79
216.66	29706.72
216.71	29771.15
216.76	29827.23
216.82	29901.15
216.87	29970.31
216.92	30043.70
216.97	30107.49
217.03	30188.77
217.08	30262.58
217.13	30343.18
217.18	30420.25
217.24	30493.97
217.29	30561.61
217.34	30614.71
217.39	30657.33
217.45	30700.25
217.50	30748.31
217.55	30800.91
217.61	30865.84
217.66	30936.50
217.71	31011.70
217.76	31089.07
217.82	31168.54
217.87	31246.42
217.92	31318.79
217.97	31382.84
218.03	31443.89
218.08	31484.24
218.13	31525.52
218.18	31571.80
218.24	31641.22
218.29	31699.40
218.34	31771.16
218.39	31842.61
218.45	31915.05
218.50	31967.27
218.55	32034.96
218.60	32096.65
218.66	32148.87
218.71	32210.09
218.76	32275.55
218.81	32338.74
218.87	32404.85
218.92	32475.20
218.97	32543.35
219.02	32614.53
219.08	32683.81
219.13	32759.40
219.18	32826.71
219.23	32892.01
219.29	32949.38
219.34	33009.99
219.39	33071.36
219.44	33130.92
219.50	33195.61
219.55	33259.53
219.60	33327.18
219.65	33384.50
219.71	33455.70
219.76	33507.38
219.81	33562.07
219.86	33617.52
219.92	33673.57
219.97	33724.94
220.02	33787.84
220.07	33850.00
220.13	33908.28
220.18	33980.52
220.23	34051.30
220.28	34136.33
220.33	34217.34
220.39	34284.52
220.44	34340.41
220.49	34398.76
220.54	34437.50
220.60	34485.12
220.65	34548.06
220.70	34613.20
220.75	34685.31
220.81	34771.10
220.86	34849.09
220.91	34917.38
220.96	34986.08
221.02	35050.45
221.07	35113.52
221.12	35170.40
221.17	35225.74
221.22	35283.04
221.28	35348.39
221.33	35406.00
221.38	35463.14
221.43	35542.83
221.49	35602.70
221.54	35665.81
221.59	35731.17
221.64	35810.88
221.69	35897.55
221.75	36004.80
221.80	36099.69
221.85	36178.02
221.90	36247.15
221.96	36299.31
222.01	36326.94
222.06	36358.54
222.11	36407.95
222.17	36453.24
222.22	36484.91
222.27	36543.55
222.32	36597.13
222.37	36647.18
222.43	36709.18
222.48	36782.04
222.53	36855.40
222.58	36934.65
222.63	37010.24
222.69	37079.16
222.74	37144.93
222.79	37207.64
222.84	37251.44
222.90	37300.73
222.95	37349.40
223.00	37400.60
223.05	37444.71
223.10	37507.07
223.16	37565.45
223.21	37617.64
223.26	37661.90
223.31	37704.98
223.36	37744.16
223.42	37780.88
223.47	37812.68
223.52	37859.12
223.57	37911.31
223.63	37965.22
223.68	38019.06
223.73	38099.44
223.78	38173.20
223.83	38236.75
223.89	38292.05
223.94	38359.55
223.99	38415.00
224.04	38484.76
224.09	38559.71
224.15	38649.57
224.20	38731.40
224.25	38826.75
224.30	38911.82
224.35	39008.55
224.41	39109.20
224.46	39206.96
224.51	39286.38
224.56	39367.92
224.61	39441.58
224.67	39518.60
224.72	39589.30
224.77	39689.71
224.82	39779.34
224.87	39862.91
224.93	39938.20
224.98	40022.85
225.03	40107.14
225.08	40184.08
225.13	40270.17
225.19	40361.05
225.24	40447.58
225.29	40508.49
225.34	40594.52
225.39	40667.25
225.45	40736.86
225.50	40805.43
225.55	40871.89
225.60	40925.56
225.65	40993.69
225.71	41042.27
225.76	41086.93
225.81	41128.68
225.86	41168.75
225.91	41177.24
225.97	41177.93
226.02	41160.10
226.07	41113.92
226.12	41082.95
226.17	41123.09
226.22	41226.98
226.28	41405.89
226.33	41646.04
226.38	41877.63
226.43	42058.56
226.48	42185.26
226.54	42258.65
226.59	42309.45
226.64	42330.26
226.69	42345.75
226.74	42381.63
226.80	42451.29
226.85	42538.19
226.90	42657.67
226.95	42817.81
227.00	42972.20
227.05	43104.74
227.11	43239.00
227.16	43360.23
227.21	43442.18
227.26	43529.77
227.31	43612.55
227.37	43663.95
227.42	43733.37
227.47	43820.76
227.52	43888.59
227.57	43946.43
227.62	44031.57
227.68	44108.22
227.73	44180.97
227.78	44258.21
227.83	44346.61
227.88	44416.57
227.93	44491.94
227.99	44568.39
228.04	44657.31
228.09	44736.64
228.14	44814.84
228.19	44891.66
228.24	44961.19
228.30	45017.63
228.35	45088.64
228.40	45162.94
228.45	45218.50
228.50	45285.18
228.56	45351.48
228.61	45409.75
228.66	45460.70
228.71	45517.83
228.76	45564.82
228.81	45611.36
228.87	45662.42
228.92	45723.13
228.97	45790.54
229.02	45877.74
229.07	45952.47
229.12	46033.01
229.17	46105.11
229.23	46173.90
229.28	46242.99
229.33	46329.75
229.38	46406.86
229.43	46481.22
229.48	46567.93
229.54	46637.35
229.59	46701.68
229.64	46771.49
229.69	46850.84
229.74	46930.64
229.79	46996.57
229.85	47069.77
229.90	47136.23
229.95	47205.98
230.00	47263.21
230.05	47349.95
230.10	47415.86
230.16	47487.18
230.21	47541.29
230.26	47593.10
230.31	47631.50
230.36	47695.09
230.41	47753.51
230.46	47840.64
230.52	47936.84
230.57	48018.46
230.62	48098.02
230.67	48167.90
230.72	48226.29
230.77	48274.22
230.82	48330.93
230.88	48369.32
230.93	48415.43
230.98	48455.91
231.03	48510.01
231.08	48563.72
231.13	48615.38
231.19	48684.72
231.24	48757.26
231.29	48829.66
231.34	48899.33
231.39	48983.22
231.44	49047.54
231.49	49096.28
231.55	49145.54
231.60	49190.99
231.65	49237.85
231.70	49282.44
231.75	49333.32
231.80	49380.81
231.85	49445.69
231.91	49495.62
231.96	49549.47
232.01	49618.05
232.06	49679.85
232.11	49737.37
232.16	49820.11
232.21	49905.69
232.26	49989.34
232.32	50071.79
232.37	50145.83
232.42	50200.70
232.47	50248.73
232.52	50293.98
232.57	50344.55
232.62	50401.20
232.68	50466.70
232.73	50533.78
232.78	50612.79
232.83	50693.23
232.88	50765.21
232.93	50839.19
232.98	50908.71
233.03	50957.69
233.09	51012.29
233.14	51084.65
233.19	51137.60
233.24	51195.91
233.29	51256.87
233.34	51292.01
233.39	51311.84
233.45	51345.44
233.50	51388.02
233.55	51431.55
233.60	51499.42
233.65	51561.83
233.70	51624.34
233.75	51670.73
233.80	51721.07
233.86	51768.35
233.91	51818.04
233.96	51859.77
234.01	51916.08
234.06	51969.24
234.11	52033.74
234.16	52087.62
234.21	52154.79
234.26	52205.35
234.32	52248.49
234.37	52271.04
234.42	52311.72
234.47	52324.87
234.52	52349.25
234.57	52390.60
234.62	52437.23
234.67	52478.66
234.73	52544.37
234.78	52598.63
234.83	52644.88
234.88	52694.22
234.93	52736.30
234.98	52775.57
235.03	52823.78
235.08	52879.60
235.13	52931.36
235.19	52987.68
235.24	53047.75
235.29	53113.93
235.34	53165.21
235.39	53210.06
235.44	53250.70
235.49	53289.78
235.54	53315.86
235.59	53332.68
235.65	53363.09
235.70	53393.40
235.75	53428.36
235.80	53482.01
235.85	53542.54
235.90	53586.07
235.95	53623.65
236.00	53658.26
236.05	53682.22
236.11	53707.51
236.16	53743.97
236.21	53791.61
236.26	53821.79
236.31	53848.21
236.36	53870.64
236.41	53881.15
236.46	53886.73
236.51	53904.08
236.56	53926.22
236.62	53956.40
236.67	53992.70
236.72	54039.85
236.77	54068.04
236.82	54112.13
236.87	54125.82
236.92	54146.43
236.97	54175.79
237.02	54222.93
237.07	54267.04
237.13	54341.49
237.18	54404.90
237.23	54448.39
237.28	54495.09
237.33	54531.97
237.38	54553.15
237.43	54575.23
237.48	54586.77
237.53	54604.40
237.58	54627.44
237.63	54665.22
237.69	54703.17
237.74	54757.01
237.79	54799.70
237.84	54818.91
237.89	54821.30
237.94	54833.55
237.99	54840.39
238.04	54857.31
238.09	54877.79
238.14	54903.66
238.19	54919.78
238.25	54946.06
238.30	54941.01
238.35	54942.87
238.40	54950.77
238.45	54958.60
238.50	54964.12
238.55	54973.00
238.60	55005.97
238.65	55033.15
238.70	55053.22
238.75	55058.77
238.80	55092.42
238.86	55096.50
238.91	55106.56
238.96	55135.50
239.01	55178.26
239.06	55208.93
239.11	55239.89
239.16	55267.90
239.21	55268.19
239.26	55260.53
239.31	55264.00
239.36	55270.69
239.41	55291.79
239.46	55321.10
239.52	55345.46
239.57	55360.57
239.62	55384.98
239.67	55399.39
239.72	55421.16
239.77	55444.48
239.82	55468.14
239.87	55470.26
239.92	55480.99
239.97	55471.43
240.02	55459.16
240.07	55449.70
240.12	55455.87
240.17	55450.17
240.23	55452.89
240.28	55459.53
240.33	55468.91
240.38	55456.51
240.43	55456.55
240.48	55476.26
240.53	55490.91
240.58	55509.26
240.63	55551.19
240.68	55565.90
240.73	55555.95
240.78	55559.00
240.83	55552.46
240.88	55524.37
240.93	55517.22
240.98	55521.05
241.04	55533.07
241.09	55552.11
241.14	55585.89
241.19	55621.40
241.24	55650.44
241.29	55662.77
241.34	55677.54
241.39	55689.58
241.44	55689.64
241.49	55690.25
241.54	55687.64
241.59	55680.36
241.64	55676.94
241.69	55673.60
241.74	55663.93
241.79	55655.41
241.84	55640.65
241.90	55619.59
241.95	55595.72
242.00	55566.87
242.05	55549.69
242.10	55535.92
242.15	55518.63
242.20	55507.55
242.25	55511.17
242.30	55497.11
242.35	55492.47
242.40	55495.48
242.45	55486.99
242.50	55473.69
242.55	55482.83
242.60	55482.68
242.65	55476.99
242.70	55492.41
242.75	55522.60
242.80	55559.79
242.85	55592.48
242.91	55611.78
242.96	55599.50
243.01	55585.76
243.06	55559.80
243.11	55527.13
243.16	55508.08
243.21	55512.72
243.26	55518.52
243.31	55526.20
243.36	55534.27
243.41	55545.75
243.46	55547.30
243.51	55512.97
243.56	55458.04
243.61	55398.04
243.66	55355.29
243.71	55314.38
243.76	55310.94
243.81	55321.95
243.86	55330.58
243.91	55339.35
243.96	55347.57
244.01	55327.32
244.06	55305.29
244.12	55292.67
244.17	55274.94
244.22	55262.32
244.27	55293.90
244.32	55321.64
244.37	55343.14
244.42	55351.56
244.47	55347.04
244.52	55317.85
244.57	55285.36
244.62	55258.31
244.67	55237.10
244.72	55217.70
244.77	55213.17
244.82	55231.38
244.87	55258.72
244.92	55278.55
244.97	55294.62
245.02	55296.56
245.07	55266.75
245.12	55248.62
245.17	55230.46
245.22	55233.52
245.27	55218.51
245.32	55192.35
245.37	55144.37
245.42	55096.58
245.47	55039.05
245.52	54997.38
245.57	54989.26
245.62	54979.74
245.67	54976.32
245.72	54974.01
245.77	54958.62
245.82	54930.23
245.87	54936.47
245.92	54935.59
245.98	54930.74
246.03	54926.35
246.08	54935.36
246.13	54919.50
246.18	54919.59
246.23	54910.89
246.28	54896.01
246.33	54884.79
246.38	54853.77
246.43	54820.35
246.48	54799.82
246.53	54804.82
246.58	54807.13
246.63	54822.12
246.68	54811.68
246.73	54798.65
246.78	54775.30
246.83	54722.36
246.88	54663.90
246.93	54620.90
246.98	54574.36
247.03	54535.82
247.08	54522.30
247.13	54518.22
247.18	54513.05
247.23	54530.55
247.28	54540.45
247.33	54530.72
247.38	54513.01
247.43	54504.10
247.48	54484.83
247.53	54451.05
247.58	54416.59
247.63	54388.34
247.68	54345.45
247.73	54287.96
247.78	54254.20
247.83	54218.67
247.88	54186.07
247.93	54183.58
247.98	54184.00
248.03	54179.17
248.08	54200.15
248.13	54202.80
248.18	54180.92
248.23	54167.56
248.28	54140.34
248.33	54095.65
248.38	54065.85
248.43	54040.76
248.48	54020.26
248.53	54005.27
248.58	53992.73
248.63	53986.52
248.68	53959.71
248.73	53934.35
248.78	53900.11
248.83	53847.70
248.88	53777.87
248.93	53714.10
248.98	53637.05
249.03	53598.14
249.08	53570.89
249.13	53566.48
249.18	53560.93
249.23	53578.36
249.28	53566.54
249.33	53572.29
249.38	53555.95
249.43	53548.10
249.48	53524.41
249.53	53509.74
249.58	53481.80
249.63	53460.64
249.68	53448.10
249.73	53424.45
249.78	53406.52
249.83	53402.68
249.88	53380.13
249.93	53359.87
249.98	53351.09
250.03	53343.94
250.08	53307.25
250.13	53295.05
250.18	53264.37
250.23	53223.48
250.28	53168.83
250.33	53123.81
250.37	53073.93
250.42	53035.51
250.47	53007.76
250.52	52993.59
250.57	52974.17
250.62	52946.09
250.67	52918.38
250.72	52895.81
250.77	52850.60
250.82	52827.47
250.87	52822.68
250.92	52810.35
250.97	52788.13
251.02	52783.71
251.07	52787.20
251.12	52768.21
251.17	52742.57
251.22	52716.84
251.27	52684.26
251.32	52631.15
251.37	52576.55
251.42	52529.52
251.47	52488.08
251.52	52452.92
251.57	52433.59
251.62	52426.87
251.67	52413.75
251.72	52394.39
251.77	52366.94
251.82	52326.40
251.87	52274.52
251.92	52228.70
251.97	52173.96
252.02	52125.28
252.07	52097.54
252.12	52082.99
252.16	52085.66
252.21	52085.25
252.26	52085.57
252.31	52079.51
252.36	52075.79
252.41	52048.36
252.46	52030.72
252.51	52015.50
252.56	51981.31
252.61	51946.11
252.66	51911.50
252.71	51888.23
252.76	51853.80
252.81	51824.67
252.86	51775.42
252.91	51731.05
252.96	51661.39
253.01	51593.51
253.06	51523.04
253.11	51477.64
253.16	51433.82
253.21	51386.33
253.26	51353.74
253.31	51323.66
253.36	51295.91
253.40	51259.14
253.45	51255.83
253.50	51207.38
253.55	51170.99
253.60	51124.60
253.65	51091.98
253.70	51052.56
253.75	51040.81
253.80	51022.23
253.85	51021.13
253.90	51021.95
253.95	51006.05
254.00	51004.71
254.05	50994.40
254.10	50955.62
254.15	50917.20
254.20	50892.67
254.25	50857.38
254.30	50823.02
254.35	50786.21
254.39	50724.16
254.44	50642.30
254.49	50563.62
254.54	50531.15
254.59	50499.14
254.64	50489.20
254.69	50488.65
254.74	50486.52
254.79	50447.04
254.84	50407.74
254.89	50383.95
254.94	50361.17
254.99	50348.05
255.04	50337.76
255.09	50340.04
255.14	50313.44
255.19	50305.86
255.23	50298.48
255.28	50290.72
255.33	50271.41
255.38	50262.73
255.43	50242.15
255.48	50214.98
255.53	50172.04
255.58	50147.23
255.63	50113.10
255.68	50075.03
255.73	50023.15
255.78	49995.98
255.83	49960.90
255.88	49942.23
255.93	49911.87
255.97	49892.49
256.02	49856.72
256.07	49818.60
256.12	49745.21
256.17	49691.27
256.22	49649.21
256.27	49598.53
256.32	49555.92
256.37	49537.19
256.42	49517.69
256.47	49481.59
256.52	49457.68
256.57	49423.92
256.62	49403.22
256.66	49387.82
256.71	49359.37
256.76	49319.25
256.81	49283.55
256.86	49237.11
256.91	49182.80
256.96	49146.91
257.01	49113.40
257.06	49092.50
257.11	49064.66
257.16	49013.78
257.21	48970.04
257.26	48934.97
257.30	48888.70
257.35	48840.55
257.40	48821.79
257.45	48804.40
257.50	48775.04
257.55	48743.14
257.60	48723.57
257.65	48704.02
257.70	48666.33
257.75	48630.75
257.80	48607.44
257.85	48566.12
257.89	48513.45
257.94	48458.39
257.99	48397.70
258.04	48332.70
258.09	48294.12
258.14	48263.94
258.19	48241.84
258.24	48226.57
258.29	48188.15
258.34	48148.03
258.39	48111.15
258.44	48063.34
258.48	48010.25
258.53	47977.09
258.58	47940.77
258.63	47881.60
258.68	47830.06
258.73	47792.84
258.78	47753.36
258.83	47706.35
258.88	47674.81
258.93	47644.46
258.97	47610.66
259.02	47579.94
259.07	47555.76
259.12	47533.52
259.17	47513.00
259.22	47499.98
259.27	47473.86
259.32	47449.78
259.37	47408.80
259.42	47377.43
259.47	47328.74
259.51	47284.37
259.56	47222.78
259.61	47157.96
259.66	47068.33
259.71	46998.32
259.76	46939.91
259.81	46884.38
259.86	46850.30
259.91	46823.64
259.95	46798.88
260.00	46771.81
260.05	46752.90
260.10	46733.38
260.15	46718.66
260.20	46696.59
260.25	46682.89
260.30	46669.66
260.35	46633.33
260.40	46601.45
260.44	46573.23
260.49	46548.57
260.54	46513.58
260.59	46499.30
260.64	46491.91
260.69	46492.76
260.74	46461.26
260.79	46428.71
260.84	46373.35
260.88	46311.50
260.93	46230.91
260.98	46190.79
261.03	46152.31
261.08	46128.79
261.13	46093.42
261.18	46063.70
261.23	46007.68
261.28	45959.71
261.32	45912.91
261.37	45864.33
261.42	45830.93
261.47	45806.50
261.52	45758.43
261.57	45713.66
261.62	45679.35
261.67	45622.92
261.71	45554.06
261.76	45513.70
261.81	45466.80
261.86	45417.92
261.91	45374.16
261.96	45339.55
262.01	45301.41
262.06	45282.31
262.10	45265.85
262.15	45244.66
262.20	45224.94
262.25	45202.93
262.30	45173.25
262.35	45145.62
262.40	45115.18
262.45	45085.62
262.49	45057.28
262.54	45026.37
262.59	44989.65
262.64	44974.43
262.69	44939.89
262.74	44891.43
262.79	44828.01
262.84	44786.19
262.88	44728.77
262.93	44670.13
262.98	44638.51
263.03	44608.42
263.08	44553.39
263.13	44484.42
263.18	44435.94
263.23	44369.20
263.27	44324.11
263.32	44292.19
263.37	44271.46
263.42	44251.11
263.47	44223.83
263.52	44192.28
263.57	44158.24
263.61	44114.89
263.66	44065.32
263.71	44031.73
263.76	43996.90
263.81	43946.62
263.86	43926.60
263.91	43891.05
263.95	43833.66
264.00	43771.64
264.05	43728.89
264.10	43655.22
264.15	43590.67
264.20	43553.36
264.25	43509.45
264.29	43461.78
264.34	43410.92
264.39	43375.05
264.44	43318.87
264.49	43275.20
264.54	43234.55
264.59	43201.66
264.63	43152.93
264.68	43103.40
264.73	43053.10
264.78	42999.96
264.83	42947.47
264.88	42903.93
264.93	42882.05
264.97	42859.91
265.02	42830.04
265.07	42809.23
265.12	42775.17
265.17	42724.75
265.22	42679.04
265.27	42625.08
265.31	42562.07
265.36	42504.79
265.41	42449.30
265.46	42380.78
265.51	42312.51
265.56	42253.49
265.60	42200.18
265.65	42143.26
265.70	42091.89
265.75	42038.21
265.80	41989.67
265.85	41933.47
265.90	41875.18
265.94	41818.81
265.99	41765.45
266.04	41715.73
266.09	41664.98
266.14	41631.35
266.19	41594.90
266.23	41564.95
266.28	41520.74
266.33	41493.63
266.38	41464.55
266.43	41446.13
266.48	41425.48
266.52	41400.43
266.57	41356.96
266.62	41315.35
266.67	41258.39
266.72	41210.69
266.77	41175.86
266.81	41160.35
266.86	41130.51
266.91	41100.27
266.96	41059.30
267.01	41023.15
267.06	40957.98
267.10	40907.01
267.15	40856.98
267.20	40825.75
267.25	40783.39
267.30	40754.44
267.35	40718.75
267.39	40681.19
267.44	40637.83
267.49	40590.42
267.54	40542.30
267.59	40490.07
267.64	40442.75
267.68	40383.05
267.73	40325.11
267.78	40285.81
267.83	40263.51
267.88	40247.71
267.93	40241.25
267.97	40234.21
268.02	40194.44
268.07	40141.86
268.12	40085.35
268.17	40017.93
268.21	39970.61
268.26	39928.00
268.31	39885.10
268.36	39839.93
268.41	39802.18
268.46	39751.15
268.50	39718.00
268.55	39671.64
268.60	39612.60
268.65	39542.17
268.70	39465.13
268.74	39383.17
268.79	39311.83
268.84	39258.87
268.89	39224.48
268.94	39188.14
268.99	39157.69
269.03	39118.53
269.08	39067.33
269.13	38995.87
269.18	38918.84
269.23	38826.92
269.27	38718.91
269.32	38586.56
269.37	38458.39
269.42	38328.48
269.47	38187.78
269.51	38051.00
269.56	37920.09
269.61	37786.40
269.66	37642.04
269.71	37481.72
269.76	37330.42
269.80	37174.40
269.85	37014.66
269.90	36867.70
269.95	36726.90
270.00	36569.21
270.04	36425.17
270.09	36288.95
270.14	36137.35
270.19	35998.35
270.24	35873.69
270.28	35720.75
270.33	35548.57
270.38	35375.21
270.43	35197.63
270.48	35012.38
270.52	34853.30
270.57	34692.96
270.62	34535.32
270.67	34380.74
270.72	34223.18
270.76	34044.43
270.81	33877.81
270.86	33707.20
270.91	33533.09
270.96	33362.41
271.00	33204.60
271.05	33043.92
271.10	32901.03
271.15	32768.36
271.20	32644.71
271.24	32515.17
271.29	32382.13
271.34	32239.94
271.39	32090.26
271.44	31941.10
271.48	31803.75
271.53	31657.74
271.58	31517.35
271.63	31369.05
271.67	31221.12
271.72	31071.12
271.77	30923.63
271.82	30784.67
271.87	30651.37
271.91	30493.59
271.96	30348.92
272.01	30220.63
272.06	30079.38
272.11	29957.26
272.15	29852.86
272.20	29747.69
272.25	29645.28
272.30	29548.97
272.35	29435.29
272.39	29329.88
272.44	29206.52
272.49	29071.19
272.54	28933.80
272.58	28787.28
272.63	28629.65
272.68	28475.38
272.73	28316.15
272.78	28138.65
272.82	27943.36
272.87	27722.45
272.92	27435.97
272.97	26907.56
273.01	23941.14
273.06	18980.92
273.11	13517.70
273.16	8155.67
273.21	3070.55
273.25	464.54
273.30	-88.01
273.35	-89.13
