165.32	3376.98
165.38	-246.42
165.44	595.54
165.50	-77.89
165.55	-20.93
165.61	-0.00
165.67	26.13
165.72	34.12
165.78	39.01
165.84	37.47
165.89	34.18
165.95	32.90
166.01	32.19
166.06	33.61
166.12	36.22
166.18	34.47
166.23	35.97
166.29	35.41
166.35	32.09
166.40	31.19
166.46	37.58
166.52	40.50
166.57	41.35
166.63	42.08
166.69	44.59
166.74	38.65
166.80	38.86
166.86	40.70
166.91	41.34
166.97	35.61
167.03	38.32
167.08	32.56
167.14	31.52
167.20	29.49
167.25	41.80
167.31	42.05
167.37	47.86
167.42	49.41
167.48	55.23
167.54	49.70
167.59	49.02
167.65	44.74
167.71	44.81
167.76	43.66
167.82	39.29
167.88	39.08
167.93	46.48
167.99	45.95
168.05	48.26
168.10	56.26
168.16	55.81
168.21	54.44
168.27	58.44
168.33	60.69
168.38	52.96
168.44	58.09
168.50	56.31
168.55	54.41
168.61	54.81
168.67	56.58
168.72	53.66
168.78	53.84
168.84	49.70
168.89	48.09
168.95	49.45
169.01	48.62
169.06	47.96
169.12	47.55
169.18	45.70
169.23	45.65
169.29	49.86
169.34	54.35
169.40	57.22
169.46	61.83
169.51	63.45
169.57	58.95
169.63	54.93
169.68	59.73
169.74	55.95
169.80	61.52
169.85	63.38
169.91	67.45
169.97	63.68
170.02	63.66
170.08	63.20
170.13	62.96
170.19	62.66
170.25	64.10
170.30	68.23
170.36	59.64
170.42	61.81
170.47	63.21
170.53	64.57
170.59	61.26
170.64	65.12
170.70	63.48
170.76	60.19
170.81	61.66
170.87	61.25
170.92	62.71
170.98	65.51
171.04	68.24
171.09	64.45
171.15	71.94
171.21	72.26
171.26	68.84
171.32	66.07
171.37	69.11
171.43	63.58
171.49	67.86
171.54	71.68
171.60	73.72
171.66	75.88
171.71	76.25
171.77	73.73
171.83	79.60
171.88	78.55
171.94	78.53
171.99	83.20
172.05	82.64
172.11	83.45
172.16	91.73
172.22	91.89
172.28	92.03
172.33	89.48
172.39	86.19
172.44	83.38
172.50	88.61
172.56	88.11
172.61	96.92
172.67	97.04
172.72	96.22
172.78	91.00
172.84	85.85
172.89	79.71
172.95	78.92
173.01	80.01
173.06	78.70
173.12	84.54
173.17	85.06
173.23	84.20
173.29	84.97
173.34	86.83
173.40	80.93
173.46	81.57
173.51	84.50
173.57	84.28
173.62	78.72
173.68	85.74
173.74	84.68
173.79	85.57
173.85	82.92
173.90	85.40
173.96	81.64
174.02	79.10
174.07	71.04
174.13	70.10
174.18	72.55
174.24	66.01
174.30	66.26
174.35	71.57
174.41	68.20
174.47	62.14
174.52	63.39
174.58	62.19
174.63	58.22
174.69	57.42
174.75	59.05
174.80	69.69
174.86	66.83
174.91	67.91
174.97	67.62
175.03	65.08
175.08	53.51
175.14	60.23
175.19	56.22
175.25	57.02
175.31	62.01
175.36	63.15
175.42	60.58
175.47	64.77
175.53	65.22
175.59	61.25
175.64	62.89
175.70	60.94
175.75	56.55
175.81	54.73
175.87	55.71
175.92	51.61
175.98	52.96
176.03	52.97
176.09	53.32
176.15	53.36
176.20	54.81
176.26	55.40
176.31	58.78
176.37	56.47
176.42	57.90
176.48	61.08
176.54	58.25
176.59	55.10
176.65	57.54
176.70	58.45
176.76	57.78
176.82	55.85
176.87	53.40
176.93	53.52
176.98	52.35
177.04	47.31
177.10	52.00
177.15	52.86
177.21	53.82
177.26	52.69
177.32	56.62
177.37	58.26
177.43	61.89
177.49	58.58
177.54	56.06
177.60	56.21
177.65	56.85
177.71	52.13
177.77	55.24
177.82	56.95
177.88	61.09
177.93	56.22
177.99	62.54
178.04	57.81
178.10	58.73
178.16	52.28
178.21	53.52
178.27	50.20
178.32	54.50
178.38	53.06
178.43	54.38
178.49	54.10
178.55	53.43
178.60	51.65
178.66	50.75
178.71	52.55
178.77	50.60
178.82	51.85
178.88	52.19
178.94	52.98
178.99	53.54
179.05	57.51
179.10	53.51
179.16	56.26
179.21	59.05
179.27	58.17
179.33	54.21
179.38	57.75
179.44	55.53
179.49	55.21
179.55	53.33
179.60	53.39
179.66	52.47
179.72	54.88
179.77	52.17
179.83	50.83
179.88	52.42
179.94	53.72
179.99	50.23
180.05	50.54
180.11	51.52
180.16	54.16
180.22	56.74
180.27	61.54
180.33	62.82
180.38	67.18
180.44	62.52
180.49	62.16
180.55	60.15
180.61	63.75
180.66	58.43
180.72	56.81
180.77	55.11
180.83	54.91
180.88	52.31
180.94	52.29
180.99	55.98
181.05	56.30
181.11	57.18
181.16	57.04
181.22	58.13
181.27	60.25
181.33	58.43
181.38	55.55
181.44	56.83
181.49	61.30
181.55	62.02
181.61	68.48
181.66	71.61
181.72	69.36
181.77	66.62
181.83	64.26
181.88	69.49
181.94	70.40
181.99	75.94
182.05	76.52
182.11	77.61
182.16	68.69
182.22	67.26
182.27	62.43
182.33	65.27
182.38	65.18
182.44	69.65
182.49	71.45
182.55	73.84
182.60	73.03
182.66	75.79
182.72	78.10
182.77	80.44
182.83	83.63
182.88	86.89
182.94	88.07
182.99	85.21
183.05	83.52
183.10	85.88
183.16	85.02
183.21	86.57
183.27	94.12
183.32	98.97
183.38	102.59
183.44	109.64
183.49	115.44
183.55	117.08
183.60	123.78
183.66	129.61
183.71	139.56
183.77	147.49
183.82	157.19
183.88	168.68
183.93	181.34
183.99	195.24
184.04	212.31
184.10	225.29
184.15	237.06
184.21	250.07
184.27	251.95
184.32	252.72
184.38	250.37
184.43	245.46
184.49	228.27
184.54	210.67
184.60	199.78
184.65	185.10
184.71	176.32
184.76	178.12
184.82	195.26
184.87	212.97
184.93	239.54
184.98	268.01
185.04	300.66
185.09	326.87
185.15	353.28
185.20	385.97
185.26	420.10
185.31	448.52
185.37	476.49
185.43	498.41
185.48	518.06
185.54	542.16
185.59	568.36
185.65	593.72
185.70	634.20
185.76	680.32
185.81	714.82
185.87	753.06
185.92	798.18
185.98	834.15
186.03	849.96
186.09	851.53
186.14	825.68
186.20	770.80
186.25	683.10
186.31	596.64
186.36	529.50
186.42	498.84
186.47	507.55
186.53	555.57
186.58	626.68
186.64	702.17
186.69	775.43
186.75	836.86
186.80	896.22
186.86	953.51
186.91	1012.66
186.97	1066.68
187.02	1136.36
187.08	1200.82
187.13	1253.94
187.19	1310.53
187.24	1368.05
187.30	1405.20
187.35	1441.72
187.41	1493.37
187.47	1542.69
187.52	1587.32
187.58	1644.41
187.63	1721.36
187.69	1799.54
187.74	1868.19
187.80	1928.94
187.85	1979.41
187.91	1999.31
187.96	1986.11
188.02	1928.91
188.07	1831.97
188.13	1685.39
188.18	1532.51
188.24	1418.69
188.29	1366.05
188.35	1376.63
188.40	1460.85
188.46	1586.76
188.51	1712.18
188.57	1842.02
188.62	1969.21
188.67	2085.42
188.73	2197.42
188.78	2304.21
188.84	2408.01
188.89	2511.98
188.95	2618.49
189.00	2709.05
189.06	2808.22
189.11	2900.93
189.17	2982.45
189.22	3053.23
189.28	3142.19
189.33	3216.44
189.39	3280.96
189.44	3347.50
189.50	3422.04
189.55	3488.59
189.61	3543.62
189.66	3600.96
189.72	3658.53
189.77	3709.22
189.83	3737.81
189.88	3747.51
189.94	3718.38
189.99	3638.01
190.05	3483.47
190.10	3260.36
190.16	3003.74
190.21	2776.80
190.27	2626.76
190.32	2579.88
190.38	2636.55
190.43	2776.65
190.49	2942.67
190.54	3084.21
190.60	3206.24
190.65	3309.39
190.71	3397.75
190.76	3480.26
190.81	3567.20
190.87	3663.63
190.92	3785.42
190.98	3918.33
191.03	4058.23
191.09	4208.06
191.14	4335.15
191.20	4435.67
191.25	4536.56
191.31	4638.84
191.36	4745.38
191.42	4864.58
191.47	4998.62
191.53	5130.05
191.58	5238.71
191.64	5323.66
191.69	5398.81
191.75	5450.20
191.80	5484.34
191.85	5508.38
191.91	5530.63
191.96	5553.02
192.02	5581.29
192.07	5593.86
192.13	5587.61
192.18	5540.69
192.24	5424.46
192.29	5229.21
192.35	5002.96
192.40	4819.35
192.46	4711.12
192.51	4706.13
192.57	4800.62
192.62	4978.09
192.67	5162.00
192.73	5341.34
192.78	5503.77
192.84	5657.51
192.89	5794.76
192.95	5927.67
193.00	6041.61
193.06	6149.92
193.11	6258.52
193.17	6351.10
193.22	6438.16
193.28	6528.50
193.33	6606.21
193.38	6673.33
193.44	6745.83
193.49	6819.57
193.55	6882.13
193.60	6944.09
193.66	6999.65
193.71	7043.97
193.77	7070.04
193.82	7087.64
193.88	7102.44
193.93	7124.83
193.98	7152.87
194.04	7191.16
194.09	7238.86
194.15	7292.40
194.20	7338.74
194.26	7380.69
194.31	7423.21
194.37	7449.88
194.42	7453.77
194.47	7440.34
194.53	7392.81
194.58	7300.36
194.64	7185.16
194.69	7089.70
194.75	7021.85
194.80	7006.50
194.86	7047.18
194.91	7140.14
194.97	7243.81
195.02	7351.64
195.07	7455.82
195.13	7555.36
195.18	7661.43
195.24	7760.39
195.29	7859.34
195.35	7942.94
195.40	8034.24
195.46	8105.24
195.51	8188.71
195.56	8270.48
195.62	8358.49
195.67	8433.89
195.73	8514.20
195.78	8577.58
195.84	8622.69
195.89	8657.84
195.94	8695.47
196.00	8732.66
196.05	8774.04
196.11	8836.45
196.16	8899.79
196.22	8962.47
196.27	9023.82
196.32	9080.82
196.38	9125.47
196.43	9176.13
196.49	9216.46
196.54	9257.85
196.60	9302.03
196.65	9349.41
196.71	9390.21
196.76	9437.63
196.81	9475.62
196.87	9511.28
196.92	9536.98
196.98	9558.38
197.03	9568.02
197.09	9563.98
197.14	9553.16
197.19	9556.08
197.25	9568.73
197.30	9596.98
197.36	9650.93
197.41	9717.70
197.47	9780.04
197.52	9843.05
197.57	9908.76
197.63	9959.10
197.68	10012.91
197.74	10065.45
197.79	10106.97
197.84	10148.61
197.90	10200.11
197.95	10238.89
198.01	10283.59
198.06	10330.33
198.12	10377.51
198.17	10414.52
198.22	10454.30
198.28	10489.74
198.33	10533.04
198.39	10570.99
198.44	10619.10
198.49	10666.50
198.55	10710.55
198.60	10756.96
198.66	10803.73
198.71	10855.09
198.77	10904.66
198.82	10959.14
198.87	11006.27
198.93	11053.15
198.98	11093.84
199.04	11142.66
199.09	11184.20
199.14	11231.65
199.20	11271.76
199.25	11314.25
199.31	11351.31
199.36	11393.46
199.42	11435.68
199.47	11478.01
199.52	11520.54
199.58	11564.81
199.63	11595.19
199.69	11623.43
199.74	11659.66
199.79	11683.75
199.85	11711.06
199.90	11753.77
199.96	11797.70
200.01	11839.31
200.06	11893.10
200.12	11943.38
200.17	11997.26
200.23	12049.23
200.28	12093.61
200.33	12142.81
200.39	12186.14
200.44	12225.78
200.50	12267.25
200.55	12312.11
200.60	12350.73
200.66	12391.73
200.71	12427.20
200.77	12467.22
200.82	12507.26
200.87	12546.05
200.93	12580.96
200.98	12623.10
201.04	12661.25
201.09	12706.54
201.14	12758.32
201.20	12814.25
201.25	12870.21
201.31	12927.04
201.36	12984.75
201.41	13039.63
201.47	13095.14
201.52	13146.33
201.58	13204.60
201.63	13252.01
201.68	13296.12
201.74	13344.33
201.79	13392.68
201.84	13443.90
201.90	13488.30
201.95	13542.79
202.01	13598.33
202.06	13650.99
202.11	13691.24
202.17	13747.37
202.22	13792.87
202.28	13833.03
202.33	13873.66
202.38	13914.00
202.44	13954.79
202.49	13997.95
202.54	14047.13
202.60	14094.59
202.65	14144.97
202.71	14193.75
202.76	14235.44
202.81	14275.20
202.87	14323.50
202.92	14369.69
202.98	14418.16
203.03	14476.22
203.08	14535.93
203.14	14586.66
203.19	14645.11
203.24	14697.90
203.30	14746.38
203.35	14789.02
203.41	14839.31
203.46	14882.91
203.51	14924.08
203.57	14966.34
203.62	15017.71
203.67	15065.58
203.73	15103.41
203.78	15151.47
203.84	15199.51
203.89	15236.89
203.94	15275.81
204.00	15323.25
204.05	15360.50
204.10	15383.21
204.16	15405.08
204.21	15424.13
204.27	15437.13
204.32	15435.57
204.37	15437.58
204.43	15423.98
204.48	15397.48
204.53	15367.56
204.59	15378.08
204.64	15433.31
204.69	15537.35
204.75	15665.31
204.80	15820.66
204.86	15945.38
204.91	16029.42
204.96	16077.52
205.02	16112.41
205.07	16140.36
205.12	16199.14
205.18	16283.99
205.23	16388.43
205.28	16510.12
205.34	16618.46
205.39	16715.21
205.45	16794.40
205.50	16861.20
205.55	16924.55
205.61	16991.00
205.66	17050.16
205.71	17115.56
205.77	17180.76
205.82	17235.93
205.87	17288.44
205.93	17340.33
205.98	17384.96
206.03	17425.62
206.09	17475.25
206.14	17526.52
206.20	17581.31
206.25	17635.08
206.30	17700.45
206.36	17758.92
206.41	17821.37
206.46	17881.75
206.52	17932.58
206.57	17981.45
206.62	18025.65
206.68	18065.99
206.73	18104.86
206.78	18163.05
206.84	18214.51
206.89	18274.73
206.94	18339.29
207.00	18409.44
207.05	18474.72
207.11	18544.60
207.16	18601.97
207.21	18666.29
207.27	18720.18
207.32	18774.43
207.37	18833.27
207.43	18893.04
207.48	18944.16
207.53	18999.46
207.59	19055.99
207.64	19109.20
207.69	19181.20
207.75	19252.80
207.80	19311.15
207.85	19369.78
207.91	19426.17
207.96	19472.96
208.01	19524.99
208.07	19588.30
208.12	19649.79
208.17	19703.14
208.23	19753.45
208.28	19800.45
208.33	19853.54
208.39	19913.17
208.44	19981.84
208.49	20045.23
208.55	20107.29
208.60	20165.96
208.65	20214.93
208.71	20262.26
208.76	20316.36
208.81	20376.17
208.87	20440.76
208.92	20496.89
208.97	20562.21
209.03	20627.91
209.08	20690.95
209.13	20748.22
209.19	20819.47
209.24	20874.58
209.29	20932.56
209.35	20981.96
209.40	21046.97
209.45	21107.22
209.51	21176.91
209.56	21239.46
209.61	21307.75
209.67	21364.24
209.72	21425.78
209.77	21482.84
209.83	21549.62
209.88	21622.58
209.93	21692.00
209.99	21752.73
210.04	21821.28
210.09	21882.41
210.15	21935.11
210.20	21994.89
210.25	22056.57
210.31	22118.63
210.36	22167.39
210.41	22224.79
210.46	22281.07
210.52	22334.77
210.57	22385.86
210.62	22454.26
210.68	22520.43
210.73	22575.01
210.78	22640.92
210.84	22704.51
210.89	22768.25
210.94	22827.44
211.00	22893.34
211.05	22941.23
211.10	22999.32
211.16	23050.73
211.21	23114.63
211.26	23178.11
211.32	23256.59
211.37	23324.84
211.42	23393.84
211.47	23459.76
211.53	23523.00
211.58	23581.31
211.63	23636.46
211.69	23697.42
211.74	23747.80
211.79	23799.09
211.85	23861.40
211.90	23928.81
211.95	23993.01
212.01	24063.31
212.06	24140.23
212.11	24208.66
212.16	24280.64
212.22	24355.33
212.27	24420.11
212.32	24488.87
212.38	24552.98
212.43	24612.16
212.48	24670.45
212.54	24746.52
212.59	24813.09
212.64	24887.28
212.69	24954.12
212.75	25024.39
212.80	25078.61
212.85	25139.13
212.91	25190.20
212.96	25248.12
213.01	25307.50
213.07	25368.85
213.12	25435.85
213.17	25499.61
213.22	25565.69
213.28	25624.26
213.33	25676.78
213.38	25726.82
213.44	25789.83
213.49	25857.94
213.54	25932.39
213.60	26015.36
213.65	26097.22
213.70	26173.05
213.75	26241.29
213.81	26300.65
213.86	26358.03
213.91	26405.68
213.97	26450.87
214.02	26484.98
214.07	26518.57
214.12	26550.11
214.18	26577.71
214.23	26605.09
214.28	26636.85
214.34	26659.40
214.39	26673.01
214.44	26667.14
214.49	26635.09
214.55	26577.27
214.60	26488.67
214.65	26375.25
214.71	26280.63
214.76	26270.51
214.81	26353.74
214.86	26542.27
214.92	26789.41
214.97	27060.32
215.02	27269.67
215.08	27413.55
215.13	27487.61
215.18	27516.61
215.23	27521.98
215.29	27548.93
215.34	27615.14
215.39	27728.34
215.45	27899.34
215.50	28093.24
215.55	28276.88
215.60	28423.68
215.66	28533.14
215.71	28610.13
215.76	28683.66
215.81	28745.97
215.87	28814.23
215.92	28878.31
215.97	28939.31
216.03	28996.56
216.08	29052.94
216.13	29112.37
216.18	29171.55
216.24	29230.61
216.29	29280.38
216.34	29342.29
216.39	29404.01
216.45	29461.95
216.50	29525.46
216.55	29592.59
216.61	29662.48
216.66	29719.49
216.71	29788.37
216.76	29846.41
216.82	29911.07
216.87	29971.61
216.92	30045.76
216.97	30110.23
217.03	30189.06
217.08	30274.40
217.13	30362.70
217.18	30432.07
217.24	30505.88
217.29	30568.99
217.34	30613.18
217.39	30653.53
217.45	30703.26
217.50	30753.16
217.55	30809.45
217.61	30881.82
217.66	30944.35
217.71	31010.12
217.76	31088.41
217.82	31172.40
217.87	31246.11
217.92	31325.31
217.97	31396.30
218.03	31455.00
218.08	31494.90
218.13	31533.24
218.18	31580.32
218.24	31645.78
218.29	31695.91
218.34	31765.20
218.39	31841.29
218.45	31908.12
218.50	31960.43
218.55	32034.81
218.60	32101.91
218.66	32150.58
218.71	32217.06
218.76	32288.01
218.81	32353.11
218.87	32416.43
218.92	32483.77
218.97	32552.49
219.02	32616.77
219.08	32678.98
219.13	32745.08
219.18	32817.46
219.23	32874.67
219.29	32940.70
219.34	33009.02
219.39	33072.13
219.44	33131.21
219.50	33207.34
219.55	33272.09
219.60	33331.60
219.65	33401.80
219.71	33470.64
219.76	33515.19
219.81	33567.42
219.86	33624.30
219.92	33678.23
219.97	33735.75
220.02	33795.60
220.07	33856.61
220.13	33923.37
220.18	33989.16
220.23	34058.75
220.28	34138.37
220.33	34214.67
220.39	34272.20
220.44	34323.12
220.49	34375.19
220.54	34421.03
220.60	34473.45
220.65	34537.82
220.70	34610.24
220.75	34679.60
220.81	34757.33
220.86	34835.35
220.91	34902.45
220.96	34965.83
221.02	35041.02
221.07	35112.34
221.12	35165.08
221.17	35228.59
221.22	35292.27
221.28	35350.46
221.33	35406.17
221.38	35477.33
221.43	35554.03
221.49	35618.83
221.54	35679.71
221.59	35745.50
221.64	35822.06
221.69	35899.08
221.75	35997.06
221.80	36097.54
221.85	36177.12
221.90	36243.64
221.96	36304.36
222.01	36338.17
222.06	36375.84
222.11	36420.68
222.17	36463.81
222.22	36490.72
222.27	36538.98
222.32	36583.87
222.37	36640.12
222.43	36698.49
222.48	36770.27
222.53	36842.42
222.58	36922.55
222.63	36995.80
222.69	37069.58
222.74	37148.72
222.79	37215.64
222.84	37259.94
222.90	37310.99
222.95	37356.12
223.00	37391.44
223.05	37440.82
223.10	37499.58
223.16	37563.61
223.21	37613.42
223.26	37662.41
223.31	37712.57
223.36	37748.95
223.42	37782.30
223.47	37826.17
223.52	37881.21
223.57	37923.88
223.63	37980.64
223.68	38026.91
223.73	38092.70
223.78	38163.17
223.83	38233.61
223.89	38294.49
223.94	38369.57
223.99	38439.43
224.04	38510.48
224.09	38584.00
224.15	38673.24
224.20	38749.21
224.25	38831.90
224.30	38914.70
224.35	38998.41
224.41	39099.60
224.46	39202.43
224.51	39286.16
224.56	39361.40
224.61	39442.89
224.67	39513.11
224.72	39581.47
224.77	39674.88
224.82	39773.86
224.87	39862.27
224.93	39939.19
224.98	40030.46
225.03	40114.45
225.08	40191.17
225.13	40272.45
225.19	40353.36
225.24	40432.35
225.29	40504.38
225.34	40588.21
225.39	40664.14
225.45	40744.74
225.50	40816.14
225.55	40881.44
225.60	40939.73
225.65	41003.29
225.71	41054.22
225.76	41098.91
225.81	41132.03
225.86	41158.64
225.91	41169.15
225.97	41171.32
226.02	41145.72
226.07	41107.77
226.12	41089.36
226.17	41122.47
226.22	41223.72
226.28	41401.19
226.33	41647.20
226.38	41875.13
226.43	42061.57
226.48	42186.91
226.54	42267.71
226.59	42310.78
226.64	42342.76
226.69	42362.15
226.74	42398.53
226.80	42462.48
226.85	42540.01
226.90	42645.29
226.95	42791.60
227.00	42949.04
227.05	43092.03
227.11	43226.77
227.16	43347.71
227.21	43444.25
227.26	43527.63
227.31	43601.81
227.37	43660.62
227.42	43734.07
227.47	43811.25
227.52	43882.35
227.57	43947.75
227.62	44033.98
227.68	44105.22
227.73	44183.87
227.78	44261.65
227.83	44354.90
227.88	44429.00
227.93	44512.81
227.99	44591.66
228.04	44667.88
228.09	44738.17
228.14	44811.27
228.19	44870.47
228.24	44936.42
228.30	45015.36
228.35	45085.52
228.40	45151.76
228.45	45215.27
228.50	45283.49
228.56	45340.61
228.61	45391.96
228.66	45448.73
228.71	45513.61
228.76	45559.47
228.81	45610.73
228.87	45658.63
228.92	45721.44
228.97	45781.67
229.02	45869.16
229.07	45941.81
229.12	46037.45
229.17	46113.65
229.23	46190.16
229.28	46258.90
229.33	46345.42
229.38	46418.71
229.43	46491.45
229.48	46573.90
229.54	46650.96
229.59	46714.54
229.64	46778.54
229.69	46858.94
229.74	46951.04
229.79	47013.41
229.85	47085.41
229.90	47157.92
229.95	47221.48
230.00	47268.54
230.05	47352.62
230.10	47426.81
230.16	47496.66
230.21	47551.45
230.26	47609.69
230.31	47640.66
230.36	47693.31
230.41	47751.76
230.46	47849.75
230.52	47939.04
230.57	48032.11
230.62	48115.30
230.67	48187.10
230.72	48231.48
230.77	48270.18
230.82	48316.71
230.88	48356.17
230.93	48402.20
230.98	48455.92
231.03	48512.30
231.08	48562.36
231.13	48613.14
231.19	48684.21
231.24	48747.45
231.29	48831.72
231.34	48907.84
231.39	48983.06
231.44	49053.06
231.49	49107.66
231.55	49143.62
231.60	49190.36
231.65	49248.05
231.70	49289.41
231.75	49331.90
231.80	49388.03
231.85	49449.72
231.91	49488.28
231.96	49539.64
232.01	49611.65
232.06	49674.06
232.11	49736.07
232.16	49813.43
232.21	49898.55
232.26	49982.66
232.32	50058.46
232.37	50131.44
232.42	50195.16
232.47	50245.68
232.52	50292.80
232.57	50346.90
232.62	50400.94
232.68	50462.53
232.73	50530.29
232.78	50610.94
232.83	50691.52
232.88	50773.09
232.93	50854.35
232.98	50925.78
233.03	50978.08
233.09	51035.86
233.14	51101.38
233.19	51160.13
233.24	51210.41
233.29	51257.93
233.34	51292.80
233.39	51307.11
233.45	51338.01
233.50	51379.00
233.55	51428.61
233.60	51497.16
233.65	51572.44
233.70	51631.94
233.75	51679.05
233.80	51725.94
233.86	51776.73
233.91	51819.20
233.96	51864.63
234.01	51921.22
234.06	51982.09
234.11	52034.43
234.16	52095.33
234.21	52153.76
234.26	52206.41
234.32	52243.77
234.37	52278.90
234.42	52311.61
234.47	52333.31
234.52	52365.41
234.57	52405.25
234.62	52446.18
234.67	52495.78
234.73	52547.86
234.78	52601.98
234.83	52647.42
234.88	52696.65
234.93	52732.11
234.98	52788.85
235.03	52827.35
235.08	52887.49
235.13	52934.18
235.19	52998.76
235.24	53051.12
235.29	53121.48
235.34	53173.27
235.39	53213.01
235.44	53246.54
235.49	53291.21
235.54	53312.63
235.59	53329.48
235.65	53362.01
235.70	53402.41
235.75	53434.95
235.80	53495.16
235.85	53549.19
235.90	53595.91
235.95	53622.13
236.00	53645.41
236.05	53664.31
236.11	53697.47
236.16	53725.78
236.21	53762.29
236.26	53797.57
236.31	53823.88
236.36	53843.26
236.41	53871.33
236.46	53889.27
236.51	53915.29
236.56	53942.91
236.62	53976.31
236.67	54008.24
236.72	54055.98
236.77	54076.26
236.82	54126.63
236.87	54146.37
236.92	54170.37
236.97	54201.73
237.02	54255.59
237.07	54294.95
237.13	54358.96
237.18	54412.97
237.23	54453.47
237.28	54490.23
237.33	54523.41
237.38	54542.78
237.43	54570.36
237.48	54584.89
237.53	54614.91
237.58	54636.18
237.63	54674.14
237.69	54715.06
237.74	54767.96
237.79	54800.96
237.84	54818.48
237.89	54821.87
237.94	54823.82
237.99	54840.60
238.04	54856.20
238.09	54883.51
238.14	54918.13
238.19	54945.73
238.25	54958.55
238.30	54962.44
238.35	54958.64
238.40	54964.11
238.45	54965.24
238.50	54971.61
238.55	54977.84
238.60	55014.03
238.65	55036.79
238.70	55058.06
238.75	55063.76
238.80	55097.79
238.86	55108.08
238.91	55121.64
238.96	55160.02
239.01	55205.09
239.06	55233.68
239.11	55255.95
239.16	55280.68
239.21	55268.05
239.26	55257.06
239.31	55264.82
239.36	55273.56
239.41	55291.30
239.46	55322.66
239.52	55355.55
239.57	55368.49
239.62	55384.15
239.67	55398.91
239.72	55428.43
239.77	55447.87
239.82	55462.56
239.87	55480.06
239.92	55486.15
239.97	55474.35
240.02	55460.73
240.07	55455.27
240.12	55453.20
240.17	55455.38
240.23	55455.66
240.28	55459.24
240.33	55462.33
240.38	55450.44
240.43	55452.64
240.48	55468.26
240.53	55490.04
240.58	55514.28
240.63	55553.82
240.68	55569.41
240.73	55569.13
240.78	55566.34
240.83	55559.27
240.88	55541.03
240.93	55524.20
240.98	55521.35
241.04	55536.07
241.09	55564.41
241.14	55584.44
241.19	55627.09
241.24	55660.81
241.29	55676.80
241.34	55686.34
241.39	55708.45
241.44	55711.13
241.49	55705.63
241.54	55689.25
241.59	55678.14
241.64	55668.97
241.69	55658.44
241.74	55646.39
241.79	55653.18
241.84	55638.76
241.90	55617.11
241.95	55591.59
242.00	55569.76
242.05	55543.40
242.10	55536.28
242.15	55524.37
242.20	55521.37
242.25	55528.42
242.30	55523.41
242.35	55509.59
242.40	55510.95
242.45	55509.54
242.50	55491.57
242.55	55483.82
242.60	55484.46
242.65	55477.84
242.70	55480.81
242.75	55514.21
242.80	55557.04
242.85	55589.68
242.91	55608.42
242.96	55602.54
243.01	55577.43
243.06	55552.56
243.11	55523.61
243.16	55495.45
243.21	55497.08
243.26	55504.25
243.31	55516.33
243.36	55523.31
243.41	55541.06
243.46	55533.63
243.51	55508.74
243.56	55451.70
243.61	55395.68
243.66	55358.59
243.71	55325.44
243.76	55322.60
243.81	55338.81
243.86	55347.27
243.91	55350.41
243.96	55353.06
244.01	55321.64
244.06	55299.61
244.12	55296.73
244.17	55281.80
244.22	55284.65
244.27	55321.66
244.32	55346.93
244.37	55358.32
244.42	55357.89
244.47	55345.77
244.52	55323.10
244.57	55289.53
244.62	55262.04
244.67	55243.28
244.72	55219.70
244.77	55207.75
244.82	55226.32
244.87	55258.30
244.92	55284.89
244.97	55304.29
245.02	55301.52
245.07	55274.83
245.12	55241.74
245.17	55216.18
245.22	55219.67
245.27	55220.42
245.32	55194.14
245.37	55159.14
245.42	55124.20
245.47	55070.39
245.52	55020.91
245.57	55006.62
245.62	54987.07
245.67	54972.11
245.72	54957.27
245.77	54940.01
245.82	54917.01
245.87	54924.22
245.92	54936.11
245.98	54939.57
246.03	54935.57
246.08	54942.73
246.13	54931.31
246.18	54921.33
246.23	54907.08
246.28	54900.69
246.33	54886.65
246.38	54856.38
246.43	54823.05
246.48	54806.66
246.53	54802.44
246.58	54804.01
246.63	54822.56
246.68	54815.52
246.73	54800.71
246.78	54774.90
246.83	54728.25
246.88	54668.28
246.93	54622.10
246.98	54579.66
247.03	54543.20
247.08	54525.78
247.13	54515.47
247.18	54514.17
247.23	54533.46
247.28	54544.51
247.33	54536.21
247.38	54515.90
247.43	54498.85
247.48	54475.17
247.53	54439.15
247.58	54399.00
247.63	54373.73
247.68	54331.98
247.73	54271.68
247.78	54231.04
247.83	54203.37
247.88	54176.36
247.93	54174.03
247.98	54172.61
248.03	54183.65
248.08	54203.47
248.13	54208.61
248.18	54188.65
248.23	54185.64
248.28	54162.15
248.33	54121.27
248.38	54089.76
248.43	54072.18
248.48	54046.48
248.53	54024.23
248.58	54003.60
248.63	53999.73
248.68	53975.33
248.73	53962.81
248.78	53930.22
248.83	53888.18
248.88	53816.51
248.93	53753.28
248.98	53667.18
249.03	53622.87
249.08	53585.73
249.13	53581.16
249.18	53574.91
249.23	53585.95
249.28	53574.22
249.33	53579.29
249.38	53561.90
249.43	53546.80
249.48	53529.71
249.53	53517.56
249.58	53492.55
249.63	53472.18
249.68	53450.79
249.73	53426.62
249.78	53401.57
249.83	53398.47
249.88	53375.71
249.93	53362.69
249.98	53351.24
250.03	53353.10
250.08	53318.78
250.13	53305.15
250.18	53277.32
250.23	53233.08
250.28	53172.93
250.33	53119.93
250.37	53074.40
250.42	53035.65
250.47	53010.12
250.52	52998.50
250.57	52981.79
250.62	52950.33
250.67	52917.47
250.72	52894.08
250.77	52846.33
250.82	52823.72
250.87	52826.32
250.92	52823.83
250.97	52802.69
251.02	52807.85
251.07	52808.74
251.12	52781.11
251.17	52742.01
251.22	52721.06
251.27	52681.68
251.32	52629.67
251.37	52577.68
251.42	52536.41
251.47	52491.47
251.52	52465.29
251.57	52446.00
251.62	52436.74
251.67	52430.69
251.72	52407.40
251.77	52368.03
251.82	52324.81
251.87	52277.83
251.92	52225.74
251.97	52180.91
252.02	52133.62
252.07	52108.35
252.12	52087.26
252.16	52080.21
252.21	52074.60
252.26	52080.16
252.31	52077.66
252.36	52067.60
252.41	52050.64
252.46	52033.93
252.51	52007.19
252.56	51975.25
252.61	51947.01
252.66	51917.76
252.71	51890.73
252.76	51864.76
252.81	51828.22
252.86	51776.82
252.91	51735.05
252.96	51664.55
253.01	51589.32
253.06	51517.47
253.11	51474.71
253.16	51425.12
253.21	51385.75
253.26	51353.79
253.31	51331.51
253.36	51303.44
253.40	51276.76
253.45	51274.00
253.50	51238.58
253.55	51201.41
253.60	51158.08
253.65	51111.18
253.70	51064.59
253.75	51051.43
253.80	51034.07
253.85	51024.57
253.90	51030.61
253.95	51020.10
254.00	51010.61
254.05	50997.33
254.10	50962.72
254.15	50919.14
254.20	50892.38
254.25	50853.03
254.30	50819.45
254.35	50784.13
254.39	50724.50
254.44	50639.54
254.49	50566.94
254.54	50524.67
254.59	50492.92
254.64	50485.08
254.69	50485.18
254.74	50487.51
254.79	50460.27
254.84	50423.87
254.89	50394.18
254.94	50377.13
254.99	50362.89
255.04	50344.28
255.09	50337.22
255.14	50317.62
255.19	50300.30
255.23	50294.89
255.28	50290.66
255.33	50277.49
255.38	50270.27
255.43	50251.03
255.48	50213.94
255.53	50168.32
255.58	50138.40
255.63	50101.14
255.68	50063.21
255.73	50020.15
255.78	49993.22
255.83	49963.54
255.88	49942.04
255.93	49911.49
255.97	49887.33
256.02	49854.78
256.07	49824.35
256.12	49749.99
256.17	49693.29
256.22	49645.76
256.27	49589.14
256.32	49544.85
256.37	49529.73
256.42	49513.46
256.47	49478.45
256.52	49455.31
256.57	49421.67
256.62	49405.66
256.66	49391.27
256.71	49368.31
256.76	49334.10
256.81	49281.16
256.86	49221.69
256.91	49178.33
256.96	49138.58
257.01	49111.61
257.06	49093.16
257.11	49066.83
257.16	49007.15
257.21	48963.17
257.26	48919.46
257.30	48883.12
257.35	48844.58
257.40	48824.69
257.45	48816.32
257.50	48786.45
257.55	48747.66
257.60	48717.08
257.65	48696.86
257.70	48652.90
257.75	48620.82
257.80	48600.32
257.85	48568.77
257.89	48516.43
257.94	48456.18
257.99	48395.38
258.04	48340.16
258.09	48299.02
258.14	48271.81
258.19	48261.30
258.24	48247.80
258.29	48202.49
258.34	48168.96
258.39	48129.17
258.44	48067.13
258.48	48007.26
258.53	47974.21
258.58	47920.13
258.63	47868.16
258.68	47825.59
258.73	47794.90
258.78	47753.56
258.83	47711.86
258.88	47664.74
258.93	47633.18
258.97	47602.14
259.02	47572.22
259.07	47552.29
259.12	47539.13
259.17	47519.50
259.22	47496.94
259.27	47478.83
259.32	47456.44
259.37	47418.32
259.42	47382.63
259.47	47335.68
259.51	47282.15
259.56	47217.90
259.61	47147.32
259.66	47067.79
259.71	46994.90
259.76	46935.18
259.81	46880.76
259.86	46846.29
259.91	46810.62
259.95	46783.18
260.00	46754.86
260.05	46736.32
260.10	46714.02
260.15	46698.64
260.20	46688.52
260.25	46682.72
260.30	46671.59
260.35	46641.95
260.40	46611.09
260.44	46582.22
260.49	46557.66
260.54	46520.35
260.59	46504.90
260.64	46498.33
260.69	46493.71
260.74	46453.59
260.79	46415.24
260.84	46367.58
260.88	46303.69
260.93	46225.18
260.98	46187.58
261.03	46145.37
261.08	46116.96
261.13	46082.34
261.18	46043.56
261.23	45986.69
261.28	45952.60
261.32	45907.14
261.37	45865.53
261.42	45834.89
261.47	45812.19
261.52	45768.09
261.57	45727.46
261.62	45685.48
261.67	45640.81
261.71	45574.53
261.76	45522.43
261.81	45464.59
261.86	45412.12
261.91	45363.76
261.96	45324.64
262.01	45290.72
262.06	45271.50
262.10	45262.00
262.15	45247.94
262.20	45232.14
262.25	45207.30
262.30	45188.12
262.35	45165.81
262.40	45133.68
262.45	45101.21
262.49	45078.98
262.54	45035.88
262.59	44994.20
262.64	44963.54
262.69	44926.32
262.74	44878.45
262.79	44820.72
262.84	44778.31
262.88	44727.91
262.93	44684.56
262.98	44642.54
263.03	44614.77
263.08	44555.74
263.13	44488.42
263.18	44423.46
263.23	44361.91
263.27	44306.35
263.32	44281.16
263.37	44267.85
263.42	44249.57
263.47	44229.66
263.52	44209.22
263.57	44171.68
263.61	44124.30
263.66	44086.92
263.71	44047.62
263.76	44008.32
263.81	43962.17
263.86	43937.85
263.91	43894.46
263.95	43835.41
264.00	43773.40
264.05	43723.27
264.10	43651.35
264.15	43586.47
264.20	43545.45
264.25	43508.85
264.29	43465.91
264.34	43417.66
264.39	43382.61
264.44	43326.71
264.49	43281.10
264.54	43241.12
264.59	43215.30
264.63	43171.14
264.68	43124.17
264.73	43070.34
264.78	43020.90
264.83	42961.66
264.88	42917.47
264.93	42896.14
264.97	42869.55
265.02	42843.43
265.07	42820.51
265.12	42784.92
265.17	42737.92
265.22	42696.88
265.27	42638.46
265.31	42580.05
265.36	42519.22
265.41	42470.38
265.46	42403.92
265.51	42330.21
265.56	42269.55
265.60	42211.42
265.65	42142.62
265.70	42080.78
265.75	42034.02
265.80	41977.84
265.85	41920.50
265.90	41867.62
265.94	41822.10
265.99	41763.45
266.04	41720.96
266.09	41684.28
266.14	41648.44
266.19	41598.87
266.23	41566.48
266.28	41518.31
266.33	41483.28
266.38	41454.31
266.43	41439.21
266.48	41417.31
266.52	41391.53
266.57	41352.88
266.62	41304.87
266.67	41250.03
266.72	41204.01
266.77	41170.09
266.81	41141.13
266.86	41125.92
266.91	41100.77
266.96	41056.71
267.01	41015.12
267.06	40963.66
267.10	40906.91
267.15	40855.94
267.20	40823.65
267.25	40788.88
267.30	40755.90
267.35	40718.66
267.39	40684.36
267.44	40646.75
267.49	40594.57
267.54	40549.59
267.59	40498.88
267.64	40439.91
267.68	40377.41
267.73	40329.23
267.78	40284.56
267.83	40254.91
267.88	40247.89
267.93	40246.85
267.97	40228.11
268.02	40193.31
268.07	40144.71
268.12	40081.15
268.17	40013.12
268.21	39963.77
268.26	39917.42
268.31	39875.91
268.36	39837.10
268.41	39792.86
268.46	39746.42
268.50	39707.60
268.55	39659.56
268.60	39597.80
268.65	39540.56
268.70	39466.17
268.74	39394.50
268.79	39323.71
268.84	39274.69
268.89	39225.74
268.94	39195.40
268.99	39159.71
269.03	39118.49
269.08	39065.40
269.13	38999.26
269.18	38916.74
269.23	38815.49
269.27	38716.68
269.32	38593.29
269.37	38467.27
269.42	38336.60
269.47	38199.92
269.51	38052.11
269.56	37915.55
269.61	37774.14
269.66	37622.34
269.71	37470.50
269.76	37325.73
269.80	37170.70
269.85	37023.97
269.90	36884.38
269.95	36743.21
270.00	36582.27
270.04	36434.51
270.09	36279.69
270.14	36131.88
270.19	35984.21
270.24	35860.70
270.28	35702.31
270.33	35539.73
270.38	35359.10
270.43	35187.25
270.48	34999.90
270.52	34845.25
270.57	34689.56
270.62	34534.02
270.67	34389.95
270.72	34234.44
270.76	34060.09
270.81	33890.32
270.86	33720.40
270.91	33535.02
270.96	33368.57
271.00	33207.93
271.05	33051.61
271.10	32911.21
271.15	32782.36
271.20	32656.54
271.24	32526.52
271.29	32387.41
271.34	32242.09
271.39	32089.41
271.44	31928.50
271.48	31790.16
271.53	31646.11
271.58	31502.07
271.63	31351.94
271.67	31210.43
271.72	31066.29
271.77	30921.33
271.82	30784.91
271.87	30653.94
271.91	30498.84
271.96	30352.71
272.01	30217.33
272.06	30085.38
272.11	29961.92
272.15	29863.46
272.20	29754.67
272.25	29657.48
272.30	29553.21
272.35	29443.44
272.39	29331.21
272.44	29206.10
272.49	29074.62
272.54	28934.92
272.58	28789.71
272.63	28641.40
272.68	28493.78
272.73	28330.85
272.78	28159.38
272.82	27959.40
272.87	27738.25
272.92	27452.51
272.97	26927.74
273.01	23958.73
273.06	18999.67
273.11	13528.49
273.16	8161.10
273.21	3071.29
273.25	464.84
273.30	-88.42
273.35	-88.59
