165.32	3375.86
165.38	-246.21
165.44	594.74
165.50	-78.50
165.55	-21.64
165.61	-0.66
165.67	25.58
165.72	34.10
165.78	38.80
165.84	37.39
165.89	34.44
165.95	32.88
166.01	32.31
166.06	33.96
166.12	36.43
166.18	34.58
166.23	36.52
166.29	35.57
166.35	32.20
166.40	30.74
166.46	37.19
166.52	39.89
166.57	40.94
166.63	41.61
166.69	44.50
166.74	38.48
166.80	38.85
166.86	41.08
166.91	41.63
166.97	35.81
167.03	38.34
167.08	32.50
167.14	31.41
167.20	29.37
167.25	41.94
167.31	42.22
167.37	48.07
167.42	49.67
167.48	55.77
167.54	50.41
167.59	49.80
167.65	45.20
167.71	45.13
167.76	43.97
167.82	39.43
167.88	39.35
167.93	46.88
167.99	45.68
168.05	48.20
168.10	55.76
168.16	54.89
168.21	53.11
168.27	57.54
168.33	59.15
168.38	52.15
168.44	56.87
168.50	55.93
168.55	54.02
168.61	54.32
168.67	56.44
168.72	53.78
168.78	53.55
168.84	49.75
168.89	48.71
168.95	49.32
169.01	48.81
169.06	48.36
169.12	47.88
169.18	46.05
169.23	46.23
169.29	50.15
169.34	54.37
169.40	57.14
169.46	61.36
169.51	63.21
169.57	58.98
169.63	55.09
169.68	59.85
169.74	56.40
169.80	61.95
169.85	63.65
169.91	67.57
169.97	63.52
170.02	63.42
170.08	62.05
170.13	62.54
170.19	62.27
170.25	64.26
170.30	68.66
170.36	60.95
170.42	62.71
170.47	63.71
170.53	65.01
170.59	61.95
170.64	65.51
170.70	63.68
170.76	61.01
170.81	62.15
170.87	61.28
170.92	62.27
170.98	65.44
171.04	67.95
171.09	63.98
171.15	71.31
171.21	71.79
171.26	68.32
171.32	65.70
171.37	69.59
171.43	64.42
171.49	68.90
171.54	72.42
171.60	74.12
171.66	75.52
171.71	75.79
171.77	73.56
171.83	79.35
171.88	78.56
171.94	78.12
171.99	82.46
172.05	81.47
172.11	82.25
172.16	90.52
172.22	91.51
172.28	91.57
172.33	89.60
172.39	86.73
172.44	83.44
172.50	88.22
172.56	87.82
172.61	95.99
172.67	95.42
172.72	95.14
172.78	90.21
172.84	85.25
172.89	78.86
172.95	78.49
173.01	80.02
173.06	78.57
173.12	84.74
173.17	86.16
173.23	85.27
173.29	85.42
173.34	86.82
173.40	81.11
173.46	81.48
173.51	84.21
173.57	83.77
173.62	78.92
173.68	85.14
173.74	84.33
173.79	85.78
173.85	82.86
173.90	85.19
173.96	81.50
174.02	78.91
174.07	70.99
174.13	70.26
174.18	72.80
174.24	66.13
174.30	66.05
174.35	71.29
174.41	68.37
174.47	62.03
174.52	64.08
174.58	62.82
174.63	58.04
174.69	57.24
174.75	59.35
174.80	70.02
174.86	67.57
174.91	68.76
174.97	68.41
175.03	65.07
175.08	52.62
175.14	59.42
175.19	55.55
175.25	56.31
175.31	61.42
175.36	62.91
175.42	59.84
175.47	64.60
175.53	65.02
175.59	61.32
175.64	63.18
175.70	61.51
175.75	57.07
175.81	55.46
175.87	56.57
175.92	52.51
175.98	54.15
176.03	53.51
176.09	53.82
176.15	53.68
176.20	54.70
176.26	54.34
176.31	58.12
176.37	55.68
176.42	57.05
176.48	60.93
176.54	58.33
176.59	55.54
176.65	58.44
176.70	59.89
176.76	59.30
176.82	57.26
176.87	54.46
176.93	54.29
176.98	52.53
177.04	47.06
177.10	51.96
177.15	53.19
177.21	54.36
177.26	53.64
177.32	57.83
177.37	59.61
177.43	63.36
177.49	59.56
177.54	56.97
177.60	57.13
177.65	57.40
177.71	51.69
177.77	54.66
177.82	56.27
177.88	60.02
177.93	55.65
177.99	61.84
178.04	57.87
178.10	58.57
178.16	52.11
178.21	52.80
178.27	50.22
178.32	53.87
178.38	52.53
178.43	54.34
178.49	54.61
178.55	53.74
178.60	52.42
178.66	51.75
178.71	52.80
178.77	50.77
178.82	52.22
178.88	52.12
178.94	52.77
178.99	53.65
179.05	57.73
179.10	53.35
179.16	56.30
179.21	58.62
179.27	57.56
179.33	53.76
179.38	57.95
179.44	56.10
179.49	55.90
179.55	53.81
179.60	53.14
179.66	52.28
179.72	54.58
179.77	52.27
179.83	51.34
179.88	53.42
179.94	54.26
179.99	50.40
180.05	51.17
180.11	52.11
180.16	54.84
180.22	57.62
180.27	62.63
180.33	63.02
180.38	67.50
180.44	62.77
180.49	62.38
180.55	60.35
180.61	64.25
180.66	58.97
180.72	57.10
180.77	54.95
180.83	54.21
180.88	51.59
180.94	51.44
180.99	55.46
181.05	55.39
181.11	56.71
181.16	56.96
181.22	58.21
181.27	60.58
181.33	59.69
181.38	56.76
181.44	57.56
181.49	61.88
181.55	62.61
181.61	68.52
181.66	71.09
181.72	69.00
181.77	66.60
181.83	64.17
181.88	69.31
181.94	71.24
181.99	76.60
182.05	76.94
182.11	77.74
182.16	68.97
182.22	66.92
182.27	62.19
182.33	64.80
182.38	64.54
182.44	69.25
182.49	70.96
182.55	73.41
182.60	73.41
182.66	76.87
182.72	78.96
182.77	81.22
182.83	84.22
182.88	86.85
182.94	87.58
182.99	85.30
183.05	84.62
183.10	86.90
183.16	86.08
183.21	88.22
183.27	95.63
183.32	99.68
183.38	103.38
183.44	110.67
183.49	115.64
183.55	117.06
183.60	124.14
183.66	130.73
183.71	140.48
183.77	148.68
183.82	158.61
183.88	169.73
183.93	181.04
183.99	194.99
184.04	211.92
184.10	225.21
184.15	237.50
184.21	251.95
184.27	254.43
184.32	254.91
184.38	251.59
184.43	246.54
184.49	228.28
184.54	209.93
184.60	199.66
184.65	185.81
184.71	176.84
184.76	179.41
184.82	196.67
184.87	214.32
184.93	240.12
184.98	268.57
185.04	300.63
185.09	326.49
185.15	353.33
185.20	385.93
185.26	421.22
185.31	449.77
185.37	478.67
185.43	498.84
185.48	518.56
185.54	540.18
185.59	566.06
185.65	592.37
185.70	634.71
185.76	679.86
185.81	715.92
185.87	753.76
185.92	796.72
185.98	831.36
186.03	849.02
186.09	850.38
186.14	825.77
186.20	772.52
186.25	684.98
186.31	598.04
186.36	531.31
186.42	500.57
186.47	508.99
186.53	558.01
186.58	628.32
186.64	703.81
186.69	776.65
186.75	837.38
186.80	896.13
186.86	954.05
186.91	1012.40
186.97	1067.81
187.02	1137.12
187.08	1200.42
187.13	1254.81
187.19	1311.77
187.24	1368.12
187.30	1404.55
187.35	1443.35
187.41	1493.68
187.47	1543.57
187.52	1587.02
187.58	1645.92
187.63	1719.95
187.69	1797.93
187.74	1865.04
187.80	1927.06
187.85	1978.01
187.91	2002.32
187.96	1989.95
188.02	1933.82
188.07	1836.96
188.13	1690.40
188.18	1534.87
188.24	1420.94
188.29	1367.85
188.35	1379.56
188.40	1462.33
188.46	1589.65
188.51	1715.51
188.57	1844.51
188.62	1970.28
188.67	2087.05
188.73	2198.04
188.78	2304.47
188.84	2409.04
188.89	2512.07
188.95	2617.00
189.00	2708.73
189.06	2808.46
189.11	2903.67
189.17	2985.84
189.22	3058.55
189.28	3146.25
189.33	3221.14
189.39	3286.91
189.44	3353.49
189.50	3429.32
189.55	3497.02
189.61	3549.98
189.66	3605.42
189.72	3664.37
189.77	3714.82
189.83	3740.94
189.88	3751.42
189.94	3721.07
189.99	3637.49
190.05	3482.07
190.10	3261.54
190.16	3005.20
190.21	2778.75
190.27	2631.23
190.32	2583.84
190.38	2640.62
190.43	2780.10
190.49	2945.50
190.54	3086.52
190.60	3209.83
190.65	3312.72
190.71	3401.13
190.76	3483.22
190.81	3570.16
190.87	3664.96
190.92	3785.85
190.98	3916.42
191.03	4058.58
191.09	4204.80
191.14	4330.49
191.20	4430.60
191.25	4534.05
191.31	4635.07
191.36	4744.50
191.42	4867.07
191.47	5001.94
191.53	5134.15
191.58	5242.68
191.64	5329.96
191.69	5402.55
191.75	5452.68
191.80	5485.34
191.85	5509.27
191.91	5528.34
191.96	5551.51
192.02	5581.09
192.07	5595.96
192.13	5592.92
192.18	5544.75
192.24	5424.08
192.29	5227.99
192.35	5001.94
192.40	4815.57
192.46	4710.78
192.51	4708.14
192.57	4804.59
192.62	4978.46
192.67	5163.15
192.73	5340.55
192.78	5505.26
192.84	5658.00
192.89	5799.87
192.95	5932.61
193.00	6049.63
193.06	6160.80
193.11	6268.60
193.17	6358.12
193.22	6442.40
193.28	6535.02
193.33	6611.88
193.38	6678.83
193.44	6751.98
193.49	6826.35
193.55	6883.70
193.60	6940.35
193.66	6997.03
193.71	7040.84
193.77	7067.47
193.82	7088.87
193.88	7110.08
193.93	7134.19
193.98	7163.55
194.04	7202.88
194.09	7248.81
194.15	7300.38
194.20	7346.62
194.26	7382.79
194.31	7423.78
194.37	7449.20
194.42	7451.93
194.47	7437.89
194.53	7394.69
194.58	7303.31
194.64	7191.07
194.69	7096.10
194.75	7027.23
194.80	7010.15
194.86	7049.64
194.91	7140.63
194.97	7244.71
195.02	7350.12
195.07	7456.07
195.13	7559.64
195.18	7663.67
195.24	7759.63
195.29	7857.20
195.35	7941.59
195.40	8029.35
195.46	8101.12
195.51	8185.91
195.56	8272.01
195.62	8364.77
195.67	8444.20
195.73	8529.23
195.78	8593.16
195.84	8641.95
195.89	8672.85
195.94	8705.60
196.00	8738.57
196.05	8780.57
196.11	8835.99
196.16	8898.77
196.22	8963.03
196.27	9025.07
196.32	9082.55
196.38	9131.17
196.43	9179.31
196.49	9220.15
196.54	9259.47
196.60	9304.56
196.65	9353.54
196.71	9398.50
196.76	9444.14
196.81	9484.25
196.87	9520.29
196.92	9544.22
196.98	9562.71
197.03	9574.87
197.09	9568.66
197.14	9560.19
197.19	9561.86
197.25	9573.23
197.30	9594.94
197.36	9651.54
197.41	9710.72
197.47	9772.07
197.52	9838.63
197.57	9909.44
197.63	9962.72
197.68	10017.01
197.74	10072.52
197.79	10118.43
197.84	10161.95
197.90	10210.32
197.95	10255.20
198.01	10293.60
198.06	10336.09
198.12	10380.71
198.17	10415.55
198.22	10454.57
198.28	10491.43
198.33	10533.72
198.39	10570.54
198.44	10619.57
198.49	10666.08
198.55	10713.93
198.60	10760.26
198.66	10809.18
198.71	10860.81
198.77	10908.50
198.82	10958.67
198.87	11004.07
198.93	11051.40
198.98	11094.21
199.04	11139.49
199.09	11181.25
199.14	11227.52
199.20	11272.16
199.25	11311.61
199.31	11354.08
199.36	11398.52
199.42	11441.40
199.47	11480.13
199.52	11520.01
199.58	11558.96
199.63	11589.21
199.69	11621.43
199.74	11656.18
199.79	11685.47
199.85	11716.27
199.90	11759.28
199.96	11800.46
200.01	11844.87
200.06	11898.70
200.12	11949.17
200.17	12000.17
200.23	12052.36
200.28	12097.42
200.33	12148.46
200.39	12195.15
200.44	12234.67
200.50	12273.59
200.55	12308.42
200.60	12343.19
200.66	12378.98
200.71	12418.83
200.77	12464.67
200.82	12507.77
200.87	12548.84
200.93	12587.62
200.98	12631.27
201.04	12669.01
201.09	12716.90
201.14	12769.71
201.20	12820.85
201.25	12873.83
201.31	12924.68
201.36	12985.97
201.41	13037.18
201.47	13098.65
201.52	13147.93
201.58	13207.44
201.63	13253.29
201.68	13295.47
201.74	13341.49
201.79	13395.78
201.84	13446.38
201.90	13497.40
201.95	13557.87
202.01	13613.70
202.06	13662.36
202.11	13704.07
202.17	13745.87
202.22	13783.80
202.28	13823.33
202.33	13861.25
202.38	13900.57
202.44	13948.58
202.49	13998.69
202.54	14049.74
202.60	14098.12
202.65	14148.69
202.71	14194.03
202.76	14230.93
202.81	14266.65
202.87	14318.12
202.92	14366.67
202.98	14419.99
203.03	14479.84
203.08	14536.39
203.14	14588.50
203.19	14640.82
203.24	14693.67
203.30	14747.73
203.35	14796.99
203.41	14841.83
203.46	14888.04
203.51	14931.31
203.57	14962.98
203.62	15011.07
203.67	15066.93
203.73	15115.56
203.78	15159.86
203.84	15214.00
203.89	15250.87
203.94	15282.80
204.00	15323.88
204.05	15362.21
204.10	15387.02
204.16	15414.69
204.21	15434.76
204.27	15440.14
204.32	15434.52
204.37	15431.26
204.43	15411.43
204.48	15382.90
204.53	15361.63
204.59	15375.74
204.64	15434.96
204.69	15538.39
204.75	15670.35
204.80	15817.68
204.86	15937.70
204.91	16020.83
204.96	16076.90
205.02	16112.10
205.07	16142.49
205.12	16204.21
205.18	16288.98
205.23	16391.08
205.28	16510.52
205.34	16625.58
205.39	16721.27
205.45	16800.45
205.50	16862.63
205.55	16921.30
205.61	16980.75
205.66	17035.01
205.71	17097.21
205.77	17160.47
205.82	17220.69
205.87	17280.69
205.93	17341.02
205.98	17391.18
206.03	17435.81
206.09	17487.57
206.14	17539.04
206.20	17592.62
206.25	17645.76
206.30	17706.51
206.36	17760.59
206.41	17822.37
206.46	17873.88
206.52	17925.27
206.57	17980.10
206.62	18025.17
206.68	18065.82
206.73	18114.73
206.78	18164.89
206.84	18215.58
206.89	18274.87
206.94	18340.04
207.00	18411.26
207.05	18482.97
207.11	18548.47
207.16	18608.18
207.21	18671.72
207.27	18723.84
207.32	18777.72
207.37	18836.04
207.43	18892.19
207.48	18935.89
207.53	18990.60
207.59	19051.22
207.64	19105.83
207.69	19178.07
207.75	19250.27
207.80	19309.58
207.85	19363.76
207.91	19416.88
207.96	19465.62
208.01	19521.79
208.07	19585.06
208.12	19643.45
208.17	19702.85
208.23	19758.97
208.28	19803.37
208.33	19857.57
208.39	19912.96
208.44	19982.78
208.49	20042.88
208.55	20111.37
208.60	20163.91
208.65	20220.22
208.71	20265.22
208.76	20319.02
208.81	20372.38
208.87	20438.06
208.92	20491.23
208.97	20554.44
209.03	20617.44
209.08	20678.07
209.13	20738.55
209.19	20805.14
209.24	20860.82
209.29	20920.61
209.35	20982.77
209.40	21042.82
209.45	21105.74
209.51	21175.29
209.56	21236.50
209.61	21296.87
209.67	21362.31
209.72	21424.91
209.77	21476.95
209.83	21542.12
209.88	21610.71
209.93	21670.82
209.99	21733.32
210.04	21805.02
210.09	21870.91
210.15	21930.99
210.20	21989.15
210.25	22058.18
210.31	22123.09
210.36	22172.59
210.41	22221.39
210.46	22288.81
210.52	22334.73
210.57	22382.41
210.62	22444.88
210.68	22513.39
210.73	22561.64
210.78	22629.79
210.84	22699.17
210.89	22764.00
210.94	22821.87
211.00	22881.32
211.05	22932.85
211.10	22991.58
211.16	23046.23
211.21	23112.47
211.26	23179.32
211.32	23250.80
211.37	23315.36
211.42	23387.92
211.47	23456.67
211.53	23523.11
211.58	23585.03
211.63	23642.34
211.69	23696.60
211.74	23745.32
211.79	23797.91
211.85	23852.98
211.90	23915.87
211.95	23980.60
212.01	24052.07
212.06	24129.91
212.11	24207.70
212.16	24283.71
212.22	24359.16
212.27	24421.06
212.32	24484.80
212.38	24550.71
212.43	24611.44
212.48	24676.45
212.54	24747.48
212.59	24821.14
212.64	24895.05
212.69	24958.18
212.75	25019.10
212.80	25082.52
212.85	25141.17
212.91	25185.59
212.96	25244.93
213.01	25305.83
213.07	25367.81
213.12	25428.80
213.17	25495.62
213.22	25560.84
213.28	25626.12
213.33	25675.32
213.38	25736.57
213.44	25796.32
213.49	25868.47
213.54	25938.02
213.60	26025.99
213.65	26101.26
213.70	26183.57
213.75	26246.74
213.81	26304.90
213.86	26360.02
213.91	26405.91
213.97	26445.66
214.02	26483.64
214.07	26516.33
214.12	26549.17
214.18	26585.17
214.23	26624.66
214.28	26654.54
214.34	26675.99
214.39	26690.23
214.44	26675.58
214.49	26634.49
214.55	26577.57
214.60	26494.40
214.65	26376.34
214.71	26284.47
214.76	26275.35
214.81	26356.58
214.86	26542.33
214.92	26792.08
214.97	27064.22
215.02	27273.02
215.08	27414.72
215.13	27497.79
215.18	27533.63
215.23	27537.28
215.29	27562.50
215.34	27635.62
215.39	27745.03
215.45	27906.33
215.50	28105.01
215.55	28293.28
215.60	28441.90
215.66	28544.98
215.71	28623.72
215.76	28687.08
215.81	28740.15
215.87	28799.43
215.92	28860.16
215.97	28915.91
216.03	28979.73
216.08	29040.49
216.13	29102.31
216.18	29168.36
216.24	29231.77
216.29	29285.44
216.34	29345.83
216.39	29411.47
216.45	29472.07
216.50	29529.66
216.55	29586.11
216.61	29655.88
216.66	29712.57
216.71	29775.75
216.76	29840.87
216.82	29916.00
216.87	29980.55
216.92	30057.19
216.97	30121.65
217.03	30196.49
217.08	30269.72
217.13	30347.41
217.18	30407.81
217.24	30484.91
217.29	30555.93
217.34	30603.46
217.39	30648.97
217.45	30699.13
217.50	30750.80
217.55	30808.08
217.61	30883.71
217.66	30953.96
217.71	31023.26
217.76	31096.23
217.82	31168.13
217.87	31241.69
217.92	31316.42
217.97	31391.38
218.03	31452.35
218.08	31503.58
218.13	31547.73
218.18	31594.31
218.24	31662.54
218.29	31718.35
218.34	31781.15
218.39	31850.34
218.45	31917.22
218.50	31967.15
218.55	32031.94
218.60	32096.57
218.66	32148.68
218.71	32210.28
218.76	32275.94
218.81	32339.17
218.87	32405.36
218.92	32477.02
218.97	32549.46
219.02	32609.12
219.08	32674.54
219.13	32741.62
219.18	32807.53
219.23	32863.54
219.29	32931.95
219.34	32997.13
219.39	33063.82
219.44	33127.23
219.50	33206.52
219.55	33274.22
219.60	33340.54
219.65	33404.82
219.71	33467.04
219.76	33510.52
219.81	33563.51
219.86	33620.60
219.92	33667.78
219.97	33725.25
220.02	33784.91
220.07	33846.89
220.13	33907.17
220.18	33973.88
220.23	34043.58
220.28	34122.04
220.33	34197.51
220.39	34261.61
220.44	34318.10
220.49	34369.90
220.54	34416.11
220.60	34464.48
220.65	34525.45
220.70	34597.14
220.75	34677.15
220.81	34757.16
220.86	34839.81
220.91	34906.74
220.96	34972.46
221.02	35040.57
221.07	35112.80
221.12	35170.69
221.17	35234.71
221.22	35298.70
221.28	35348.73
221.33	35397.32
221.38	35458.31
221.43	35532.75
221.49	35595.58
221.54	35664.70
221.59	35738.59
221.64	35818.52
221.69	35904.92
221.75	36007.18
221.80	36110.71
221.85	36181.75
221.90	36249.47
221.96	36308.73
222.01	36340.47
222.06	36369.20
222.11	36426.49
222.17	36465.51
222.22	36493.27
222.27	36539.62
222.32	36589.72
222.37	36633.67
222.43	36695.74
222.48	36761.28
222.53	36839.68
222.58	36920.92
222.63	37002.89
222.69	37072.86
222.74	37156.60
222.79	37218.34
222.84	37266.70
222.90	37309.63
222.95	37359.74
223.00	37394.04
223.05	37448.63
223.10	37511.60
223.16	37573.97
223.21	37624.02
223.26	37673.19
223.31	37711.36
223.36	37748.54
223.42	37787.67
223.47	37822.23
223.52	37872.11
223.57	37921.28
223.63	37968.79
223.68	38014.08
223.73	38089.30
223.78	38158.73
223.83	38232.84
223.89	38297.66
223.94	38375.85
223.99	38440.95
224.04	38515.89
224.09	38591.72
224.15	38675.67
224.20	38753.29
224.25	38841.44
224.30	38923.00
224.35	39006.64
224.41	39106.93
224.46	39209.18
224.51	39290.68
224.56	39366.37
224.61	39441.48
224.67	39508.54
224.72	39576.47
224.77	39676.65
224.82	39776.53
224.87	39862.78
224.93	39940.27
224.98	40035.04
225.03	40110.40
225.08	40187.56
225.13	40270.80
225.19	40360.27
225.24	40433.29
225.29	40502.94
225.34	40580.36
225.39	40663.17
225.45	40735.84
225.50	40808.10
225.55	40874.52
225.60	40940.54
225.65	40995.80
225.71	41057.55
225.76	41102.32
225.81	41142.72
225.86	41170.59
225.91	41187.03
225.97	41177.67
226.02	41157.54
226.07	41118.75
226.12	41097.71
226.17	41130.57
226.22	41234.07
226.28	41415.08
226.33	41656.27
226.38	41881.20
226.43	42070.21
226.48	42198.80
226.54	42263.00
226.59	42307.47
226.64	42337.98
226.69	42350.77
226.74	42387.03
226.80	42455.70
226.85	42535.30
226.90	42644.27
226.95	42799.96
227.00	42953.02
227.05	43101.93
227.11	43237.57
227.16	43355.12
227.21	43441.30
227.26	43530.06
227.31	43601.91
227.37	43659.46
227.42	43731.46
227.47	43821.10
227.52	43887.59
227.57	43954.86
227.62	44043.44
227.68	44115.52
227.73	44179.41
227.78	44260.30
227.83	44344.14
227.88	44412.03
227.93	44493.80
227.99	44581.72
228.04	44655.35
228.09	44742.85
228.14	44818.55
228.19	44887.64
228.24	44946.26
228.30	45026.14
228.35	45082.94
228.40	45145.99
228.45	45204.07
228.50	45275.39
228.56	45326.68
228.61	45381.65
228.66	45445.04
228.71	45505.57
228.76	45546.07
228.81	45603.01
228.87	45659.25
228.92	45715.11
228.97	45779.16
229.02	45874.99
229.07	45948.56
229.12	46025.20
229.17	46101.71
229.23	46183.45
229.28	46259.07
229.33	46338.52
229.38	46417.30
229.43	46493.60
229.48	46570.65
229.54	46633.90
229.59	46701.29
229.64	46773.70
229.69	46856.38
229.74	46942.21
229.79	47009.22
229.85	47083.36
229.90	47152.42
229.95	47212.42
230.00	47260.75
230.05	47332.91
230.10	47401.07
230.16	47477.83
230.21	47532.79
230.26	47596.60
230.31	47647.25
230.36	47701.50
230.41	47753.27
230.46	47845.29
230.52	47934.33
230.57	48021.72
230.62	48112.53
230.67	48182.15
230.72	48228.85
230.77	48277.22
230.82	48326.32
230.88	48354.18
230.93	48401.51
230.98	48449.20
231.03	48498.53
231.08	48547.36
231.13	48608.16
231.19	48676.94
231.24	48752.68
231.29	48835.04
231.34	48916.94
231.39	48993.55
231.44	49065.35
231.49	49112.87
231.55	49149.88
231.60	49187.46
231.65	49236.73
231.70	49283.89
231.75	49336.97
231.80	49386.29
231.85	49446.87
231.91	49491.14
231.96	49535.51
232.01	49593.73
232.06	49660.34
232.11	49721.01
232.16	49804.30
232.21	49894.44
232.26	49987.50
232.32	50071.22
232.37	50142.77
232.42	50205.65
232.47	50255.66
232.52	50302.08
232.57	50353.23
232.62	50418.42
232.68	50480.51
232.73	50542.63
232.78	50613.77
232.83	50691.45
232.88	50765.67
232.93	50835.22
232.98	50907.72
233.03	50967.95
233.09	51017.66
233.14	51082.33
233.19	51141.30
233.24	51189.24
233.29	51240.96
233.34	51280.48
233.39	51299.07
233.45	51330.38
233.50	51372.75
233.55	51421.99
233.60	51490.82
233.65	51552.65
233.70	51623.17
233.75	51674.84
233.80	51716.50
233.86	51765.14
233.91	51815.22
233.96	51853.14
234.01	51906.04
234.06	51969.33
234.11	52028.55
234.16	52087.23
234.21	52152.26
234.26	52210.50
234.32	52251.00
234.37	52278.11
234.42	52317.42
234.47	52337.04
234.52	52361.52
234.57	52400.23
234.62	52447.48
234.67	52492.81
234.73	52555.68
234.78	52618.50
234.83	52661.15
234.88	52710.30
234.93	52740.37
234.98	52775.16
235.03	52810.43
235.08	52882.39
235.13	52929.67
235.19	53005.25
235.24	53067.82
235.29	53135.84
235.34	53176.87
235.39	53218.54
235.44	53250.59
235.49	53293.56
235.54	53320.81
235.59	53336.61
235.65	53370.60
235.70	53402.52
235.75	53431.38
235.80	53487.22
235.85	53542.39
235.90	53587.26
235.95	53624.26
236.00	53655.07
236.05	53668.41
236.11	53695.02
236.16	53728.89
236.21	53767.98
236.26	53800.80
236.31	53827.32
236.36	53851.42
236.41	53859.00
236.46	53866.01
236.51	53886.92
236.56	53919.12
236.62	53950.02
236.67	53992.76
236.72	54041.31
236.77	54070.40
236.82	54110.00
236.87	54133.66
236.92	54154.27
236.97	54190.32
237.02	54237.36
237.07	54290.90
237.13	54360.63
237.18	54425.76
237.23	54471.79
237.28	54513.98
237.33	54543.48
237.38	54559.93
237.43	54588.14
237.48	54598.23
237.53	54621.46
237.58	54647.54
237.63	54693.84
237.69	54731.73
237.74	54782.63
237.79	54817.29
237.84	54825.32
237.89	54827.73
237.94	54833.13
237.99	54841.05
238.04	54857.81
238.09	54892.70
238.14	54918.14
238.19	54940.26
238.25	54958.68
238.30	54959.79
238.35	54953.64
238.40	54958.87
238.45	54963.34
238.50	54963.39
238.55	54969.96
238.60	55000.81
238.65	55015.22
238.70	55025.57
238.75	55049.82
238.80	55079.94
238.86	55093.46
238.91	55113.39
238.96	55146.50
239.01	55182.98
239.06	55215.25
239.11	55236.82
239.16	55268.77
239.21	55275.20
239.26	55259.30
239.31	55269.12
239.36	55274.07
239.41	55278.74
239.46	55308.64
239.52	55339.63
239.57	55356.94
239.62	55380.64
239.67	55409.23
239.72	55423.39
239.77	55445.59
239.82	55462.71
239.87	55479.67
239.92	55488.73
239.97	55479.92
240.02	55466.96
240.07	55449.53
240.12	55446.66
240.17	55444.44
240.23	55449.57
240.28	55455.39
240.33	55479.65
240.38	55470.70
240.43	55465.16
240.48	55488.14
240.53	55504.19
240.58	55517.66
240.63	55562.75
240.68	55569.97
240.73	55562.45
240.78	55568.35
240.83	55566.62
240.88	55533.27
240.93	55537.40
240.98	55532.53
241.04	55543.95
241.09	55560.42
241.14	55593.24
241.19	55633.04
241.24	55667.89
241.29	55681.98
241.34	55693.33
241.39	55699.00
241.44	55690.12
241.49	55690.26
241.54	55686.62
241.59	55676.39
241.64	55680.64
241.69	55671.97
241.74	55662.22
241.79	55656.33
241.84	55650.72
241.90	55628.61
241.95	55604.92
242.00	55588.05
242.05	55566.21
242.10	55555.41
242.15	55538.86
242.20	55539.04
242.25	55533.12
242.30	55525.81
242.35	55514.96
242.40	55517.15
242.45	55512.25
242.50	55506.74
242.55	55507.91
242.60	55502.52
242.65	55494.16
242.70	55505.76
242.75	55521.99
242.80	55555.60
242.85	55584.21
242.91	55601.40
242.96	55594.42
243.01	55587.01
243.06	55558.07
243.11	55529.88
243.16	55510.46
243.21	55506.07
243.26	55509.08
243.31	55524.36
243.36	55533.73
243.41	55542.31
243.46	55540.90
243.51	55508.91
243.56	55457.33
243.61	55402.78
243.66	55369.28
243.71	55338.22
243.76	55334.36
243.81	55341.27
243.86	55343.84
243.91	55342.33
243.96	55342.09
244.01	55315.81
244.06	55289.77
244.12	55286.09
244.17	55272.91
244.22	55275.31
244.27	55307.11
244.32	55334.49
244.37	55345.84
244.42	55353.18
244.47	55337.33
244.52	55313.70
244.57	55276.75
244.62	55250.42
244.67	55230.88
244.72	55208.77
244.77	55203.49
244.82	55227.77
244.87	55261.04
244.92	55278.74
244.97	55302.18
245.02	55299.43
245.07	55275.17
245.12	55242.68
245.17	55223.95
245.22	55213.30
245.27	55205.78
245.32	55179.28
245.37	55151.59
245.42	55114.24
245.47	55069.85
245.52	55018.50
245.57	54995.16
245.62	54968.70
245.67	54953.79
245.72	54939.03
245.77	54932.01
245.82	54921.41
245.87	54919.30
245.92	54932.28
245.98	54929.53
246.03	54923.64
246.08	54927.39
246.13	54921.11
246.18	54917.99
246.23	54914.63
246.28	54899.77
246.33	54883.99
246.38	54866.27
246.43	54835.46
246.48	54814.38
246.53	54818.81
246.58	54824.43
246.63	54833.88
246.68	54822.77
246.73	54815.04
246.78	54785.55
246.83	54736.05
246.88	54672.55
246.93	54620.87
246.98	54562.53
247.03	54536.72
247.08	54520.62
247.13	54522.49
247.18	54523.28
247.23	54545.63
247.28	54543.60
247.33	54532.37
247.38	54502.39
247.43	54489.79
247.48	54471.53
247.53	54441.47
247.58	54411.37
247.63	54395.02
247.68	54353.11
247.73	54292.60
247.78	54255.46
247.83	54225.66
247.88	54193.85
247.93	54181.40
247.98	54186.52
248.03	54188.64
248.08	54203.04
248.13	54197.94
248.18	54186.23
248.23	54174.04
248.28	54147.65
248.33	54104.85
248.38	54078.93
248.43	54050.01
248.48	54028.70
248.53	54006.59
248.58	53992.10
248.63	53982.71
248.68	53962.55
248.73	53936.94
248.78	53902.36
248.83	53850.29
248.88	53782.83
248.93	53718.30
248.98	53637.99
249.03	53603.09
249.08	53580.05
249.13	53580.37
249.18	53576.77
249.23	53596.45
249.28	53585.29
249.33	53585.28
249.38	53567.70
249.43	53557.32
249.48	53528.17
249.53	53511.60
249.58	53480.82
249.63	53465.82
249.68	53443.51
249.73	53429.69
249.78	53404.96
249.83	53400.84
249.88	53372.30
249.93	53352.52
249.98	53341.50
250.03	53333.88
250.08	53305.79
250.13	53297.91
250.18	53277.25
250.23	53234.92
250.28	53181.42
250.33	53126.41
250.37	53074.80
250.42	53036.62
250.47	53003.18
250.52	52999.11
250.57	52984.09
250.62	52950.66
250.67	52916.72
250.72	52901.52
250.77	52854.49
250.82	52839.97
250.87	52843.62
250.92	52836.98
250.97	52809.04
251.02	52812.45
251.07	52800.21
251.12	52774.73
251.17	52745.41
251.22	52722.95
251.27	52679.38
251.32	52634.43
251.37	52574.81
251.42	52526.00
251.47	52484.43
251.52	52458.55
251.57	52440.86
251.62	52445.09
251.67	52438.79
251.72	52412.78
251.77	52380.90
251.82	52334.63
251.87	52282.00
251.92	52231.40
251.97	52186.00
252.02	52140.14
252.07	52112.48
252.12	52091.19
252.16	52080.74
252.21	52078.41
252.26	52083.28
252.31	52088.59
252.36	52082.49
252.41	52062.62
252.46	52037.71
252.51	52002.26
252.56	51966.02
252.61	51934.48
252.66	51906.08
252.71	51883.72
252.76	51862.84
252.81	51817.12
252.86	51761.21
252.91	51715.86
252.96	51646.26
253.01	51576.57
253.06	51518.74
253.11	51477.55
253.16	51430.87
253.21	51391.75
253.26	51354.12
253.31	51324.87
253.36	51294.87
253.40	51271.44
253.45	51263.50
253.50	51225.43
253.55	51191.75
253.60	51144.07
253.65	51099.52
253.70	51054.88
253.75	51039.94
253.80	51016.32
253.85	51012.90
253.90	51013.61
253.95	51007.47
254.00	50996.56
254.05	50985.74
254.10	50949.85
254.15	50915.12
254.20	50884.80
254.25	50853.37
254.30	50814.34
254.35	50780.65
254.39	50714.00
254.44	50639.27
254.49	50567.60
254.54	50528.39
254.59	50496.76
254.64	50489.13
254.69	50485.32
254.74	50480.98
254.79	50456.15
254.84	50423.90
254.89	50402.94
254.94	50384.69
254.99	50368.40
255.04	50357.08
255.09	50350.66
255.14	50326.67
255.19	50313.80
255.23	50303.27
255.28	50289.67
255.33	50280.69
255.38	50269.87
255.43	50247.28
255.48	50222.27
255.53	50184.58
255.58	50152.04
255.63	50117.97
255.68	50071.50
255.73	50023.66
255.78	49986.99
255.83	49956.77
255.88	49933.73
255.93	49906.82
255.97	49890.87
256.02	49859.27
256.07	49821.15
256.12	49747.91
256.17	49699.99
256.22	49644.11
256.27	49592.79
256.32	49538.34
256.37	49523.47
256.42	49504.60
256.47	49476.57
256.52	49452.35
256.57	49433.39
256.62	49412.04
256.66	49398.66
256.71	49371.58
256.76	49335.54
256.81	49284.69
256.86	49233.54
256.91	49178.72
256.96	49138.49
257.01	49104.90
257.06	49086.37
257.11	49058.62
257.16	49008.02
257.21	48963.40
257.26	48928.90
257.30	48881.94
257.35	48842.64
257.40	48819.77
257.45	48804.26
257.50	48781.92
257.55	48751.93
257.60	48721.70
257.65	48689.41
257.70	48650.19
257.75	48605.73
257.80	48575.31
257.85	48542.02
257.89	48503.03
257.94	48452.40
257.99	48390.12
258.04	48336.75
258.09	48295.92
258.14	48267.47
258.19	48246.31
258.24	48227.56
258.29	48186.43
258.34	48143.30
258.39	48101.53
258.44	48046.20
258.48	47997.16
258.53	47972.37
258.58	47931.45
258.63	47875.06
258.68	47831.69
258.73	47792.72
258.78	47743.46
258.83	47700.34
258.88	47665.38
258.93	47630.30
258.97	47610.73
259.02	47586.64
259.07	47564.52
259.12	47549.76
259.17	47536.78
259.22	47510.33
259.27	47479.88
259.32	47458.06
259.37	47418.16
259.42	47379.99
259.47	47331.84
259.51	47283.98
259.56	47222.37
259.61	47151.53
259.66	47064.81
259.71	46997.72
259.76	46939.69
259.81	46875.45
259.86	46838.57
259.91	46808.36
259.95	46780.09
260.00	46747.11
260.05	46735.80
260.10	46710.60
260.15	46692.31
260.20	46681.03
260.25	46676.45
260.30	46661.84
260.35	46637.82
260.40	46613.09
260.44	46586.77
260.49	46559.37
260.54	46523.37
260.59	46505.26
260.64	46500.62
260.69	46491.87
260.74	46466.26
260.79	46427.69
260.84	46376.32
260.88	46307.55
260.93	46228.85
260.98	46183.47
261.03	46148.10
261.08	46122.56
261.13	46094.02
261.18	46061.02
261.23	45996.78
261.28	45949.22
261.32	45907.87
261.37	45863.99
261.42	45829.26
261.47	45816.41
261.52	45775.75
261.57	45729.62
261.62	45683.22
261.67	45624.28
261.71	45555.31
261.76	45513.42
261.81	45458.05
261.86	45403.84
261.91	45360.82
261.96	45324.50
262.01	45279.44
262.06	45262.84
262.10	45253.38
262.15	45241.77
262.20	45224.20
262.25	45213.65
262.30	45189.38
262.35	45160.76
262.40	45127.23
262.45	45094.13
262.49	45060.32
262.54	45026.15
262.59	44991.07
262.64	44969.06
262.69	44934.56
262.74	44891.67
262.79	44833.98
262.84	44792.77
262.88	44739.91
262.93	44688.74
262.98	44657.28
263.03	44621.48
263.08	44560.43
263.13	44487.21
263.18	44428.78
263.23	44359.12
263.27	44314.63
263.32	44288.63
263.37	44280.47
263.42	44262.14
263.47	44225.79
263.52	44195.12
263.57	44152.35
263.61	44108.56
263.66	44066.44
263.71	44039.91
263.76	43997.90
263.81	43956.03
263.86	43929.64
263.91	43890.90
263.95	43827.98
264.00	43771.38
264.05	43729.99
264.10	43657.38
264.15	43589.05
264.20	43557.45
264.25	43519.60
264.29	43470.15
264.34	43419.11
264.39	43391.91
264.44	43335.92
264.49	43285.72
264.54	43238.50
264.59	43207.66
264.63	43154.42
264.68	43103.86
264.73	43056.89
264.78	43011.57
264.83	42952.85
264.88	42910.65
264.93	42883.90
264.97	42853.81
265.02	42826.50
265.07	42812.03
265.12	42771.75
265.17	42724.08
265.22	42682.98
265.27	42624.03
265.31	42564.37
265.36	42507.43
265.41	42455.74
265.46	42389.24
265.51	42324.65
265.56	42256.15
265.60	42205.01
265.65	42147.57
265.70	42096.88
265.75	42050.05
265.80	42003.34
265.85	41938.05
265.90	41880.89
265.94	41819.23
265.99	41755.79
266.04	41706.44
266.09	41668.96
266.14	41627.04
266.19	41595.37
266.23	41569.55
266.28	41528.30
266.33	41495.59
266.38	41471.18
266.43	41444.72
266.48	41418.84
266.52	41394.26
266.57	41354.87
266.62	41311.37
266.67	41265.96
266.72	41219.81
266.77	41186.40
266.81	41159.25
266.86	41129.45
266.91	41090.75
266.96	41048.29
267.01	41001.34
267.06	40955.67
267.10	40903.36
267.15	40857.27
267.20	40825.39
267.25	40790.22
267.30	40751.36
267.35	40717.73
267.39	40677.63
267.44	40633.98
267.49	40581.40
267.54	40539.84
267.59	40490.94
267.64	40437.07
267.68	40375.43
267.73	40326.42
267.78	40283.77
267.83	40259.05
267.88	40252.77
267.93	40253.69
267.97	40243.83
268.02	40198.34
268.07	40150.18
268.12	40087.57
268.17	40018.52
268.21	39970.60
268.26	39927.54
268.31	39881.55
268.36	39839.47
268.41	39800.58
268.46	39745.90
268.50	39714.04
268.55	39665.16
268.60	39611.24
268.65	39549.90
268.70	39475.08
268.74	39401.98
268.79	39335.84
268.84	39281.44
268.89	39240.50
268.94	39208.40
268.99	39166.83
269.03	39122.66
269.08	39066.86
269.13	38990.21
269.18	38912.27
269.23	38818.58
269.27	38709.24
269.32	38579.68
269.37	38458.47
269.42	38316.48
269.47	38178.37
269.51	38041.57
269.56	37912.77
269.61	37769.87
269.66	37626.17
269.71	37467.24
269.76	37315.97
269.80	37161.08
269.85	37009.17
269.90	36871.52
269.95	36731.89
270.00	36576.83
270.04	36429.88
270.09	36278.68
270.14	36129.14
270.19	35992.74
270.24	35860.88
270.28	35706.35
270.33	35548.95
270.38	35366.92
270.43	35186.62
270.48	35013.95
270.52	34857.44
270.57	34694.13
270.62	34545.25
270.67	34390.45
270.72	34227.46
270.76	34046.45
270.81	33878.98
270.86	33711.42
270.91	33538.71
270.96	33373.78
271.00	33217.12
271.05	33060.55
271.10	32913.04
271.15	32780.64
271.20	32655.35
271.24	32519.40
271.29	32384.59
271.34	32234.72
271.39	32088.57
271.44	31930.03
271.48	31800.01
271.53	31652.06
271.58	31513.03
271.63	31363.27
271.67	31216.91
271.72	31059.88
271.77	30920.74
271.82	30787.36
271.87	30644.98
271.91	30491.32
271.96	30351.49
272.01	30209.02
272.06	30066.52
272.11	29948.44
272.15	29841.30
272.20	29730.91
272.25	29639.32
272.30	29541.48
272.35	29428.35
272.39	29324.21
272.44	29207.82
272.49	29065.07
272.54	28923.36
272.58	28779.48
272.63	28628.88
272.68	28476.15
272.73	28319.11
272.78	28143.70
272.82	27948.76
272.87	27721.93
272.92	27436.04
272.97	26911.59
273.01	23946.00
273.06	18982.72
273.11	13519.03
273.16	8154.07
273.21	3066.12
273.25	463.01
273.30	-88.30
273.35	-88.65
