165.32	3374.67
165.38	-245.81
165.44	595.57
165.50	-77.61
165.55	-20.65
165.61	-0.16
165.67	25.99
165.72	33.96
165.78	38.56
165.84	37.09
165.89	34.50
165.95	33.20
166.01	32.69
166.06	34.72
166.12	36.97
166.18	35.66
166.23	36.98
166.29	36.20
166.35	33.15
166.40	32.18
166.46	38.15
166.52	41.34
166.57	42.08
166.63	42.30
166.69	45.10
166.74	39.26
166.80	39.77
166.86	41.41
166.91	42.09
166.97	36.11
167.03	38.45
167.08	32.56
167.14	32.03
167.20	30.54
167.25	43.62
167.31	44.07
167.37	49.31
167.42	51.07
167.48	56.72
167.54	51.01
167.59	50.27
167.65	45.92
167.71	45.32
167.76	44.28
167.82	39.13
167.88	38.82
167.93	46.53
167.99	45.99
168.05	48.09
168.10	56.56
168.16	56.18
168.21	54.51
168.27	58.90
168.33	60.79
168.38	52.98
168.44	57.74
168.50	56.08
168.55	54.45
168.61	54.92
168.67	57.40
168.72	54.61
168.78	54.97
168.84	50.87
168.89	49.83
168.95	50.05
169.01	49.24
169.06	48.67
169.12	47.77
169.18	45.55
169.23	45.65
169.29	50.11
169.34	54.69
169.40	57.89
169.46	62.13
169.51	64.70
169.57	60.46
169.63	56.29
169.68	60.85
169.74	57.62
169.80	63.39
169.85	64.45
169.91	68.48
169.97	64.36
170.02	64.01
170.08	62.60
170.13	63.28
170.19	63.02
170.25	64.67
170.30	68.88
170.36	60.74
170.42	62.59
170.47	63.29
170.53	64.79
170.59	61.79
170.64	65.64
170.70	64.02
170.76	61.94
170.81	63.41
170.87	62.86
170.92	63.68
170.98	66.73
171.04	68.75
171.09	64.94
171.15	72.07
171.21	72.68
171.26	68.97
171.32	66.34
171.37	69.53
171.43	64.44
171.49	68.90
171.54	72.64
171.60	74.57
171.66	76.68
171.71	76.82
171.77	74.71
171.83	80.17
171.88	79.13
171.94	78.77
171.99	83.63
172.05	82.17
172.11	83.66
172.16	91.84
172.22	92.59
172.28	92.58
172.33	90.94
172.39	87.98
172.44	85.01
172.50	89.75
172.56	89.00
172.61	97.20
172.67	96.34
172.72	96.18
172.78	91.52
172.84	86.46
172.89	79.88
172.95	79.22
173.01	80.72
173.06	78.80
173.12	84.88
173.17	86.30
173.23	85.72
173.29	85.41
173.34	87.27
173.40	81.68
173.46	82.06
173.51	85.26
173.57	85.10
173.62	79.61
173.68	86.00
173.74	84.82
173.79	86.13
173.85	83.33
173.90	85.85
173.96	82.55
174.02	79.82
174.07	71.63
174.13	71.21
174.18	73.72
174.24	67.05
174.30	67.41
174.35	72.66
174.41	69.73
174.47	63.88
174.52	65.00
174.58	64.25
174.63	59.33
174.69	58.08
174.75	59.77
174.80	71.08
174.86	68.56
174.91	69.96
174.97	70.02
175.03	67.38
175.08	54.87
175.14	61.28
175.19	57.47
175.25	58.06
175.31	62.70
175.36	64.43
175.42	61.76
175.47	66.10
175.53	66.00
175.59	62.03
175.64	63.52
175.70	61.24
175.75	56.67
175.81	55.37
175.87	56.74
175.92	52.43
175.98	54.25
176.03	53.97
176.09	54.44
176.15	54.19
176.20	55.57
176.26	54.78
176.31	58.50
176.37	55.88
176.42	57.27
176.48	60.92
176.54	59.01
176.59	55.59
176.65	58.18
176.70	59.66
176.76	58.53
176.82	56.47
176.87	53.95
176.93	54.33
176.98	52.61
177.04	47.93
177.10	52.34
177.15	53.89
177.21	54.71
177.26	53.87
177.32	57.47
177.37	59.89
177.43	63.28
177.49	59.40
177.54	57.07
177.60	57.66
177.65	58.09
177.71	53.00
177.77	56.13
177.82	57.65
177.88	61.39
177.93	56.68
177.99	63.34
178.04	59.08
178.10	59.40
178.16	52.96
178.21	53.71
178.27	50.27
178.32	54.22
178.38	53.09
178.43	54.69
178.49	54.62
178.55	53.63
178.60	52.42
178.66	51.94
178.71	53.12
178.77	51.20
178.82	52.50
178.88	52.23
178.94	52.61
178.99	53.88
179.05	58.39
179.10	54.57
179.16	57.75
179.21	60.23
179.27	58.71
179.33	54.43
179.38	58.14
179.44	55.80
179.49	55.59
179.55	54.09
179.60	53.91
179.66	53.04
179.72	55.95
179.77	53.32
179.83	51.55
179.88	52.87
179.94	54.22
179.99	50.44
180.05	51.12
180.11	52.72
180.16	55.54
180.22	57.78
180.27	62.37
180.33	63.07
180.38	67.30
180.44	62.58
180.49	62.52
180.55	60.33
180.61	64.49
180.66	59.31
180.72	58.08
180.77	55.76
180.83	55.29
180.88	52.48
180.94	52.09
180.99	56.19
181.05	56.44
181.11	57.98
181.16	58.20
181.22	59.55
181.27	61.30
181.33	60.17
181.38	56.63
181.44	58.03
181.49	62.86
181.55	63.46
181.61	69.98
181.66	73.29
181.72	71.01
181.77	68.14
181.83	65.97
181.88	70.88
181.94	72.12
181.99	77.09
182.05	77.97
182.11	79.34
182.16	70.49
182.22	69.43
182.27	65.32
182.33	67.82
182.38	67.35
182.44	71.95
182.49	73.33
182.55	75.47
182.60	74.67
182.66	77.18
182.72	78.66
182.77	80.77
182.83	84.03
182.88	86.99
182.94	88.82
182.99	86.76
183.05	85.60
183.10	87.88
183.16	87.84
183.21	89.84
183.27	98.25
183.32	104.40
183.38	109.47
183.44	117.66
183.49	124.38
183.55	126.87
183.60	134.59
183.66	141.57
183.71	152.61
183.77	162.11
183.82	173.61
183.88	186.47
183.93	200.07
183.99	215.48
184.04	233.22
184.10	247.39
184.15	260.80
184.21	275.32
184.27	277.91
184.32	278.02
184.38	274.62
184.43	267.97
184.49	247.72
184.54	226.32
184.60	213.35
184.65	196.63
184.71	185.34
184.76	186.91
184.82	204.93
184.87	223.88
184.93	251.64
184.98	282.31
185.04	317.59
185.09	346.12
185.15	376.27
185.20	412.34
185.26	449.83
185.31	480.29
185.37	511.57
185.43	531.94
185.48	551.87
185.54	574.79
185.59	601.03
185.65	625.90
185.70	670.15
185.76	718.38
185.81	755.00
185.87	794.69
185.92	840.91
185.98	877.02
186.03	893.40
186.09	894.57
186.14	866.93
186.20	808.85
186.25	715.37
186.31	621.39
186.36	549.32
186.42	516.58
186.47	525.84
186.53	575.78
186.58	649.58
186.64	727.69
186.69	802.94
186.75	863.63
186.80	921.97
186.86	978.59
186.91	1033.77
186.97	1082.14
187.02	1144.47
187.08	1199.30
187.13	1239.92
187.19	1281.05
187.24	1317.62
187.30	1330.67
187.35	1341.32
187.41	1363.03
187.47	1386.15
187.52	1413.95
187.58	1468.67
187.63	1554.14
187.69	1653.12
187.74	1741.13
187.80	1817.59
187.85	1870.52
187.91	1890.04
187.96	1876.27
188.02	1828.85
188.07	1749.97
188.13	1632.22
188.18	1505.43
188.24	1415.47
188.29	1379.32
188.35	1400.31
188.40	1485.55
188.46	1615.60
188.51	1744.24
188.57	1875.31
188.62	2002.95
188.67	2123.58
188.73	2234.85
188.78	2343.90
188.84	2449.13
188.89	2554.64
188.95	2662.63
189.00	2756.12
189.06	2852.62
189.11	2948.07
189.17	3031.93
189.22	3104.42
189.28	3194.87
189.33	3273.93
189.39	3338.65
189.44	3403.13
189.50	3476.44
189.55	3543.67
189.61	3596.23
189.66	3650.95
189.72	3705.12
189.77	3754.02
189.83	3778.18
189.88	3783.54
189.94	3749.90
189.99	3665.40
190.05	3502.64
190.10	3270.88
190.16	3003.86
190.21	2765.53
190.27	2602.67
190.32	2539.33
190.38	2575.32
190.43	2686.13
190.49	2817.66
190.54	2916.76
190.60	2990.30
190.65	3037.55
190.71	3067.84
190.76	3094.25
190.81	3137.71
190.87	3207.11
190.92	3327.65
190.98	3487.00
191.03	3666.22
191.09	3848.57
191.14	4002.10
191.20	4112.92
191.25	4214.47
191.31	4327.15
191.36	4463.41
191.42	4631.89
191.47	4833.43
191.53	5032.40
191.58	5197.02
191.64	5323.87
191.69	5421.19
191.75	5481.99
191.80	5519.49
191.85	5543.27
191.91	5566.33
191.96	5591.65
192.02	5620.62
192.07	5637.27
192.13	5635.65
192.18	5587.15
192.24	5464.98
192.29	5268.78
192.35	5038.73
192.40	4849.50
192.46	4740.52
192.51	4738.47
192.57	4833.91
192.62	5013.09
192.67	5202.28
192.73	5383.22
192.78	5547.48
192.84	5701.75
192.89	5839.94
192.95	5967.76
193.00	6083.59
193.06	6195.00
193.11	6302.85
193.17	6395.32
193.22	6481.80
193.28	6572.75
193.33	6648.97
193.38	6715.64
193.44	6785.97
193.49	6862.07
193.55	6923.77
193.60	6985.92
193.66	7043.06
193.71	7088.37
193.77	7112.25
193.82	7132.66
193.88	7148.86
193.93	7172.70
193.98	7201.89
194.04	7242.52
194.09	7287.33
194.15	7338.49
194.20	7384.62
194.26	7424.35
194.31	7465.24
194.37	7484.29
194.42	7485.69
194.47	7463.10
194.53	7412.20
194.58	7313.97
194.64	7203.73
194.69	7102.72
194.75	7035.70
194.80	7018.02
194.86	7058.29
194.91	7145.43
194.97	7249.20
195.02	7352.40
195.07	7448.19
195.13	7539.36
195.18	7630.07
195.24	7709.41
195.29	7781.54
195.35	7840.52
195.40	7902.76
195.46	7955.94
195.51	8034.17
195.56	8130.42
195.62	8240.25
195.67	8346.25
195.73	8451.02
195.78	8523.39
195.84	8570.45
195.89	8600.26
195.94	8632.51
196.00	8671.13
196.05	8726.19
196.11	8803.04
196.16	8884.14
196.22	8968.56
196.27	9046.00
196.32	9109.12
196.38	9159.98
196.43	9213.17
196.49	9250.11
196.54	9285.13
196.60	9331.64
196.65	9377.79
196.71	9420.77
196.76	9470.84
196.81	9516.41
196.87	9551.29
196.92	9583.42
196.98	9604.40
197.03	9614.65
197.09	9610.37
197.14	9603.25
197.19	9601.17
197.25	9614.77
197.30	9638.85
197.36	9691.21
197.41	9753.90
197.47	9813.59
197.52	9875.67
197.57	9944.61
197.63	9997.59
197.68	10053.19
197.74	10106.41
197.79	10151.28
197.84	10194.83
197.90	10245.26
197.95	10283.28
198.01	10323.98
198.06	10364.53
198.12	10401.85
198.17	10429.58
198.22	10469.09
198.28	10505.22
198.33	10545.41
198.39	10582.32
198.44	10631.60
198.49	10677.35
198.55	10727.57
198.60	10777.47
198.66	10829.65
198.71	10882.27
198.77	10935.06
198.82	10989.09
198.87	11039.82
198.93	11087.25
198.98	11131.66
199.04	11176.79
199.09	11213.96
199.14	11258.84
199.20	11300.77
199.25	11344.60
199.31	11386.81
199.36	11433.22
199.42	11474.11
199.47	11518.49
199.52	11559.91
199.58	11600.82
199.63	11630.00
199.69	11662.86
199.74	11697.40
199.79	11721.90
199.85	11747.78
199.90	11789.88
199.96	11828.23
200.01	11870.85
200.06	11923.75
200.12	11976.02
200.17	12027.80
200.23	12083.88
200.28	12131.26
200.33	12182.32
200.39	12230.14
200.44	12273.38
200.50	12313.14
200.55	12348.59
200.60	12385.16
200.66	12421.72
200.71	12455.79
200.77	12498.81
200.82	12541.97
200.87	12578.98
200.93	12618.91
200.98	12662.91
201.04	12701.30
201.09	12749.94
201.14	12806.26
201.20	12853.69
201.25	12910.46
201.31	12962.47
201.36	13021.53
201.41	13077.54
201.47	13138.42
201.52	13187.68
201.58	13248.08
201.63	13295.53
201.68	13338.46
201.74	13385.98
201.79	13431.95
201.84	13478.21
201.90	13519.45
201.95	13569.82
202.01	13618.63
202.06	13671.64
202.11	13712.28
202.17	13765.73
202.22	13808.72
202.28	13852.11
202.33	13895.20
202.38	13937.85
202.44	13980.63
202.49	14028.97
202.54	14083.32
202.60	14130.26
202.65	14184.84
202.71	14232.20
202.76	14273.96
202.81	14313.78
202.87	14360.74
202.92	14406.14
202.98	14457.55
203.03	14508.58
203.08	14561.50
203.14	14613.57
203.19	14667.10
203.24	14722.86
203.30	14777.67
203.35	14824.28
203.41	14871.21
203.46	14915.21
203.51	14951.76
203.57	14990.15
203.62	15034.63
203.67	15085.21
203.73	15124.87
203.78	15161.92
203.84	15203.71
203.89	15237.19
203.94	15260.57
204.00	15286.31
204.05	15311.62
204.10	15314.67
204.16	15304.13
204.21	15283.58
204.27	15247.40
204.32	15182.53
204.37	15099.10
204.43	14986.30
204.48	14848.16
204.53	14721.31
204.59	14668.36
204.64	14720.17
204.69	14883.16
204.75	15122.17
204.80	15391.24
204.86	15605.76
204.91	15740.27
204.96	15794.65
205.02	15792.20
205.07	15790.52
205.12	15845.04
205.18	15956.66
205.23	16117.82
205.28	16324.25
205.34	16521.79
205.39	16680.19
205.45	16797.67
205.50	16889.43
205.55	16957.92
205.61	17019.57
205.66	17079.49
205.71	17151.62
205.77	17214.37
205.82	17280.76
205.87	17336.59
205.93	17389.81
205.98	17430.09
206.03	17464.51
206.09	17504.32
206.14	17554.87
206.20	17611.44
206.25	17669.36
206.30	17735.54
206.36	17790.09
206.41	17850.87
206.46	17903.23
206.52	17951.23
206.57	18003.67
206.62	18050.33
206.68	18097.16
206.73	18145.21
206.78	18204.85
206.84	18263.33
206.89	18327.83
206.94	18385.80
207.00	18456.92
207.05	18523.17
207.11	18587.34
207.16	18648.34
207.21	18712.94
207.27	18765.51
207.32	18820.86
207.37	18874.12
207.43	18927.56
207.48	18980.38
207.53	19033.38
207.59	19089.87
207.64	19148.90
207.69	19218.86
207.75	19283.52
207.80	19346.47
207.85	19405.30
207.91	19457.38
207.96	19508.59
208.01	19567.16
208.07	19625.92
208.12	19683.81
208.17	19742.26
208.23	19789.69
208.28	19840.93
208.33	19897.63
208.39	19955.67
208.44	20022.72
208.49	20092.80
208.55	20151.50
208.60	20208.75
208.65	20260.54
208.71	20308.27
208.76	20360.82
208.81	20424.24
208.87	20487.08
208.92	20545.94
208.97	20607.32
209.03	20667.53
209.08	20722.18
209.13	20781.26
209.19	20844.13
209.24	20901.94
209.29	20965.38
209.35	21021.02
209.40	21079.87
209.45	21143.36
209.51	21210.94
209.56	21273.75
209.61	21337.98
209.67	21406.62
209.72	21469.00
209.77	21528.35
209.83	21588.24
209.88	21662.46
209.93	21719.18
209.99	21785.02
210.04	21852.53
210.09	21921.95
210.15	21981.17
210.20	22049.19
210.25	22113.46
210.31	22176.92
210.36	22225.44
210.41	22274.57
210.46	22330.53
210.52	22378.60
210.57	22424.74
210.62	22486.09
210.68	22552.74
210.73	22605.12
210.78	22668.12
210.84	22739.79
210.89	22806.57
210.94	22862.33
211.00	22926.82
211.05	22978.40
211.10	23034.07
211.16	23087.33
211.21	23156.18
211.26	23220.33
211.32	23296.11
211.37	23362.74
211.42	23435.23
211.47	23503.15
211.53	23567.77
211.58	23626.14
211.63	23686.92
211.69	23743.24
211.74	23791.40
211.79	23841.72
211.85	23907.79
211.90	23967.30
211.95	24033.90
212.01	24104.85
212.06	24187.87
212.11	24252.70
212.16	24328.27
212.22	24402.74
212.27	24470.20
212.32	24528.56
212.38	24598.75
212.43	24658.61
212.48	24716.76
212.54	24785.24
212.59	24857.09
212.64	24922.31
212.69	24988.89
212.75	25058.63
212.80	25120.26
212.85	25180.15
212.91	25235.92
212.96	25293.02
213.01	25349.41
213.07	25410.70
213.12	25475.67
213.17	25538.62
213.22	25603.04
213.28	25662.74
213.33	25710.15
213.38	25755.78
213.44	25814.35
213.49	25880.82
213.54	25947.80
213.60	26029.34
213.65	26110.32
213.70	26184.17
213.75	26241.73
213.81	26289.58
213.86	26339.27
213.91	26372.19
213.97	26397.95
214.02	26414.48
214.07	26429.13
214.12	26425.61
214.18	26423.36
214.23	26411.87
214.28	26387.18
214.34	26340.16
214.39	26269.81
214.44	26156.04
214.49	25984.41
214.55	25760.18
214.60	25473.40
214.65	25130.74
214.71	24835.64
214.76	24729.07
214.81	24839.82
214.86	25176.93
214.92	25681.80
214.97	26217.77
215.02	26628.56
215.08	26874.97
215.13	26970.62
215.18	26938.52
215.23	26846.17
215.29	26792.48
215.34	26862.86
215.39	27034.46
215.45	27318.29
215.50	27685.25
215.55	28044.80
215.60	28311.98
215.66	28495.52
215.71	28626.08
215.76	28720.43
215.81	28784.56
215.87	28853.03
215.92	28916.69
215.97	28974.85
216.03	29029.73
216.08	29089.20
216.13	29143.10
216.18	29207.04
216.24	29269.77
216.29	29325.82
216.34	29385.00
216.39	29455.38
216.45	29518.56
216.50	29582.00
216.55	29642.70
216.61	29718.17
216.66	29772.89
216.71	29830.47
216.76	29888.68
216.82	29962.47
216.87	30020.06
216.92	30096.01
216.97	30169.01
217.03	30248.78
217.08	30321.99
217.13	30404.12
217.18	30474.51
217.24	30546.98
217.29	30616.92
217.34	30674.00
217.39	30722.74
217.45	30775.65
217.50	30829.32
217.55	30879.61
217.61	30944.53
217.66	31006.52
217.71	31068.65
217.76	31142.81
217.82	31217.62
217.87	31297.28
217.92	31376.97
217.97	31450.25
218.03	31505.79
218.08	31555.82
218.13	31592.97
218.18	31635.99
218.24	31699.67
218.29	31762.20
218.34	31825.41
218.39	31899.63
218.45	31970.92
218.50	32025.72
218.55	32092.64
218.60	32158.65
218.66	32208.65
218.71	32273.33
218.76	32341.65
218.81	32402.47
218.87	32463.83
218.92	32528.75
218.97	32597.29
219.02	32666.32
219.08	32734.58
219.13	32808.53
219.18	32882.59
219.23	32935.17
219.29	32992.53
219.34	33052.22
219.39	33117.97
219.44	33179.70
219.50	33254.38
219.55	33317.47
219.60	33387.15
219.65	33448.96
219.71	33519.54
219.76	33577.73
219.81	33634.20
219.86	33695.36
219.92	33752.35
219.97	33804.81
220.02	33858.85
220.07	33919.76
220.13	33975.77
220.18	34039.42
220.23	34101.97
220.28	34185.15
220.33	34266.07
220.39	34330.12
220.44	34385.61
220.49	34446.57
220.54	34491.04
220.60	34536.11
220.65	34602.14
220.70	34668.62
220.75	34746.74
220.81	34829.26
220.86	34916.88
220.91	34982.37
220.96	35056.40
221.02	35118.21
221.07	35184.07
221.12	35235.54
221.17	35293.56
221.22	35352.74
221.28	35410.03
221.33	35463.92
221.38	35521.77
221.43	35594.17
221.49	35654.98
221.54	35722.23
221.59	35789.41
221.64	35871.78
221.69	35961.98
221.75	36061.12
221.80	36157.40
221.85	36231.62
221.90	36294.52
221.96	36354.16
222.01	36392.72
222.06	36424.24
222.11	36477.09
222.17	36529.78
222.22	36554.29
222.27	36604.67
222.32	36658.59
222.37	36708.50
222.43	36772.19
222.48	36846.82
222.53	36917.96
222.58	36994.25
222.63	37069.20
222.69	37127.18
222.74	37197.77
222.79	37261.82
222.84	37313.54
222.90	37359.48
222.95	37414.62
223.00	37457.66
223.05	37507.04
223.10	37563.37
223.16	37630.97
223.21	37679.82
223.26	37731.05
223.31	37775.62
223.36	37813.52
223.42	37847.39
223.47	37888.37
223.52	37928.95
223.57	37976.09
223.63	38037.48
223.68	38088.04
223.73	38156.38
223.78	38232.64
223.83	38297.15
223.89	38347.14
223.94	38422.60
223.99	38491.67
224.04	38561.28
224.09	38639.94
224.15	38730.57
224.20	38805.54
224.25	38890.01
224.30	38977.52
224.35	39062.83
224.41	39161.52
224.46	39254.08
224.51	39338.02
224.56	39416.83
224.61	39500.20
224.67	39574.23
224.72	39644.28
224.77	39734.43
224.82	39816.77
224.87	39891.48
224.93	39964.53
224.98	40052.67
225.03	40132.85
225.08	40208.15
225.13	40294.91
225.19	40374.60
225.24	40445.85
225.29	40497.17
225.34	40566.39
225.39	40617.67
225.45	40666.47
225.50	40708.34
225.55	40752.10
225.60	40775.03
225.65	40793.76
225.71	40793.80
225.76	40770.29
225.81	40718.22
225.86	40645.51
225.91	40538.76
225.97	40396.02
226.02	40213.42
226.07	39985.23
226.12	39829.11
226.17	39827.06
226.22	39987.36
226.28	40325.23
226.33	40810.79
226.38	41265.67
226.43	41605.64
226.48	41818.79
226.54	41912.81
226.59	41921.37
226.64	41884.08
226.69	41815.09
226.74	41787.95
226.80	41845.85
226.85	41978.63
226.90	42187.59
226.95	42482.12
227.00	42776.10
227.05	43018.26
227.11	43217.28
227.16	43382.24
227.21	43489.16
227.26	43588.61
227.31	43669.23
227.37	43728.39
227.42	43797.99
227.47	43884.92
227.52	43961.28
227.57	44026.15
227.62	44117.30
227.68	44188.22
227.73	44267.67
227.78	44346.07
227.83	44433.49
227.88	44501.54
227.93	44579.63
227.99	44653.81
228.04	44728.28
228.09	44818.79
228.14	44892.39
228.19	44973.30
228.24	45039.42
228.30	45106.42
228.35	45157.61
228.40	45229.22
228.45	45279.24
228.50	45350.00
228.56	45416.44
228.61	45475.90
228.66	45521.03
228.71	45577.67
228.76	45625.86
228.81	45672.13
228.87	45719.48
228.92	45790.42
228.97	45860.16
229.02	45940.23
229.07	46010.50
229.12	46103.40
229.17	46170.84
229.23	46245.87
229.28	46322.50
229.33	46403.28
229.38	46476.97
229.43	46559.25
229.48	46637.82
229.54	46700.97
229.59	46767.69
229.64	46839.43
229.69	46922.86
229.74	47014.09
229.79	47085.42
229.85	47164.35
229.90	47233.87
229.95	47292.09
230.00	47342.30
230.05	47419.65
230.10	47490.32
230.16	47557.14
230.21	47620.13
230.26	47676.66
230.31	47715.97
230.36	47773.32
230.41	47835.07
230.46	47919.66
230.52	48012.17
230.57	48103.72
230.62	48187.39
230.67	48264.65
230.72	48324.89
230.77	48367.00
230.82	48410.34
230.88	48439.95
230.93	48479.33
230.98	48522.78
231.03	48579.10
231.08	48638.76
231.13	48705.90
231.19	48771.08
231.24	48831.62
231.29	48908.40
231.34	48983.82
231.39	49057.04
231.44	49124.05
231.49	49184.32
231.55	49229.37
231.60	49267.67
231.65	49316.99
231.70	49371.11
231.75	49420.66
231.80	49472.50
231.85	49531.64
231.91	49572.53
231.96	49614.43
232.01	49671.19
232.06	49729.21
232.11	49797.61
232.16	49879.39
232.21	49971.50
232.26	50063.14
232.32	50156.19
232.37	50228.81
232.42	50295.32
232.47	50344.07
232.52	50385.00
232.57	50425.39
232.62	50480.33
232.68	50539.10
232.73	50607.30
232.78	50694.81
232.83	50777.66
232.88	50851.71
232.93	50922.86
232.98	50995.80
233.03	51042.35
233.09	51093.89
233.14	51164.21
233.19	51228.62
233.24	51274.43
233.29	51324.86
233.34	51358.64
233.39	51378.45
233.45	51405.54
233.50	51448.45
233.55	51504.67
233.60	51580.64
233.65	51644.25
233.70	51706.81
233.75	51755.11
233.80	51800.42
233.86	51840.59
233.91	51892.77
233.96	51932.76
234.01	51986.76
234.06	52037.55
234.11	52098.98
234.16	52152.51
234.21	52217.02
234.26	52263.85
234.32	52315.87
234.37	52344.29
234.42	52386.95
234.47	52405.59
234.52	52440.50
234.57	52473.14
234.62	52522.82
234.67	52559.83
234.73	52624.62
234.78	52681.87
234.83	52727.80
234.88	52767.87
234.93	52804.22
234.98	52843.92
235.03	52884.90
235.08	52944.68
235.13	53003.05
235.19	53076.18
235.24	53138.33
235.29	53204.94
235.34	53249.10
235.39	53286.14
235.44	53315.39
235.49	53355.12
235.54	53387.06
235.59	53406.17
235.65	53442.57
235.70	53480.45
235.75	53512.61
235.80	53563.03
235.85	53614.70
235.90	53654.32
235.95	53684.60
236.00	53720.14
236.05	53735.77
236.11	53769.59
236.16	53806.94
236.21	53861.25
236.26	53893.52
236.31	53924.70
236.36	53953.97
236.41	53970.27
236.46	53969.32
236.51	53990.32
236.56	54015.01
236.62	54038.66
236.67	54074.84
236.72	54122.16
236.77	54150.14
236.82	54191.06
236.87	54218.33
236.92	54237.71
236.97	54267.19
237.02	54316.95
237.07	54364.49
237.13	54422.24
237.18	54485.27
237.23	54536.92
237.28	54574.16
237.33	54610.97
237.38	54638.78
237.43	54657.51
237.48	54655.59
237.53	54679.83
237.58	54701.12
237.63	54744.06
237.69	54787.23
237.74	54848.83
237.79	54883.65
237.84	54894.60
237.89	54892.04
237.94	54896.89
237.99	54905.78
238.04	54921.37
238.09	54947.26
238.14	54977.41
238.19	54997.71
238.25	55021.72
238.30	55014.52
238.35	55012.89
238.40	55020.30
238.45	55026.34
238.50	55029.50
238.55	55043.16
238.60	55077.15
238.65	55097.02
238.70	55116.90
238.75	55133.27
238.80	55176.99
238.86	55185.42
238.91	55199.50
238.96	55225.12
239.01	55254.56
239.06	55279.06
239.11	55308.20
239.16	55339.44
239.21	55343.86
239.26	55339.90
239.31	55347.30
239.36	55359.24
239.41	55370.95
239.46	55406.08
239.52	55435.89
239.57	55452.39
239.62	55473.99
239.67	55492.04
239.72	55514.50
239.77	55533.37
239.82	55552.58
239.87	55565.54
239.92	55572.10
239.97	55568.21
240.02	55551.72
240.07	55535.46
240.12	55533.21
240.17	55532.27
240.23	55529.24
240.28	55536.76
240.33	55541.80
240.38	55532.66
240.43	55534.44
240.48	55552.65
240.53	55574.09
240.58	55595.50
240.63	55631.33
240.68	55645.47
240.73	55638.26
240.78	55640.48
240.83	55634.84
240.88	55612.23
240.93	55601.97
240.98	55605.61
241.04	55615.50
241.09	55642.76
241.14	55664.38
241.19	55706.88
241.24	55730.47
241.29	55744.33
241.34	55755.37
241.39	55771.38
241.44	55774.30
241.49	55779.44
241.54	55776.97
241.59	55767.55
241.64	55767.32
241.69	55758.84
241.74	55743.11
241.79	55739.60
241.84	55726.13
241.90	55703.87
241.95	55667.71
242.00	55642.90
242.05	55617.52
242.10	55606.81
242.15	55594.36
242.20	55598.53
242.25	55601.24
242.30	55595.03
242.35	55587.29
242.40	55579.16
242.45	55568.60
242.50	55562.13
242.55	55562.41
242.60	55559.50
242.65	55565.84
242.70	55575.68
242.75	55604.19
242.80	55641.69
242.85	55669.12
242.91	55675.39
242.96	55674.45
243.01	55648.02
243.06	55613.65
243.11	55588.81
243.16	55578.64
243.21	55573.93
243.26	55584.09
243.31	55598.68
243.36	55597.73
243.41	55605.28
243.46	55604.80
243.51	55568.28
243.56	55514.28
243.61	55468.73
243.66	55430.19
243.71	55394.29
243.76	55402.08
243.81	55416.94
243.86	55420.61
243.91	55417.43
243.96	55416.22
244.01	55381.39
244.06	55352.08
244.12	55339.51
244.17	55326.80
244.22	55328.63
244.27	55358.94
244.32	55389.60
244.37	55422.98
244.42	55432.40
244.47	55428.71
244.52	55407.23
244.57	55372.75
244.62	55328.26
244.67	55306.14
244.72	55276.84
244.77	55268.79
244.82	55292.47
244.87	55335.57
244.92	55353.75
244.97	55368.78
245.02	55365.73
245.07	55334.28
245.12	55304.49
245.17	55295.83
245.22	55297.04
245.27	55295.95
245.32	55267.26
245.37	55222.45
245.42	55166.60
245.47	55117.16
245.52	55067.40
245.57	55052.48
245.62	55036.78
245.67	55030.10
245.72	55017.07
245.77	54998.06
245.82	54980.32
245.87	54980.12
245.92	54986.73
245.98	54986.55
246.03	54996.79
246.08	55007.64
246.13	55002.46
246.18	55002.38
246.23	54993.33
246.28	54969.31
246.33	54947.70
246.38	54921.25
246.43	54886.30
246.48	54879.82
246.53	54884.54
246.58	54895.32
246.63	54903.86
246.68	54899.05
246.73	54871.43
246.78	54847.01
246.83	54794.16
246.88	54741.39
246.93	54695.01
246.98	54646.34
247.03	54617.82
247.08	54599.61
247.13	54592.68
247.18	54585.26
247.23	54610.10
247.28	54610.27
247.33	54604.82
247.38	54582.50
247.43	54568.81
247.48	54543.16
247.53	54508.76
247.58	54471.57
247.63	54441.19
247.68	54403.88
247.73	54348.08
247.78	54313.71
247.83	54283.96
247.88	54256.65
247.93	54252.18
247.98	54256.79
248.03	54258.89
248.08	54271.72
248.13	54277.27
248.18	54265.15
248.23	54249.80
248.28	54216.71
248.33	54169.91
248.38	54136.20
248.43	54105.96
248.48	54084.35
248.53	54067.40
248.58	54047.97
248.63	54038.68
248.68	54020.54
248.73	53992.92
248.78	53958.91
248.83	53925.54
248.88	53851.82
248.93	53785.26
248.98	53708.05
249.03	53666.51
249.08	53643.94
249.13	53645.12
249.18	53635.17
249.23	53654.62
249.28	53642.66
249.33	53632.50
249.38	53617.15
249.43	53606.37
249.48	53572.88
249.53	53559.98
249.58	53529.30
249.63	53507.45
249.68	53488.99
249.73	53472.57
249.78	53448.89
249.83	53454.22
249.88	53428.45
249.93	53406.51
249.98	53397.35
250.03	53391.75
250.08	53355.01
250.13	53343.75
250.18	53325.32
250.23	53289.60
250.28	53235.81
250.33	53185.27
250.37	53146.96
250.42	53103.44
250.47	53075.00
250.52	53063.48
250.57	53051.62
250.62	53011.89
250.67	52975.78
250.72	52955.45
250.77	52918.24
250.82	52890.34
250.87	52890.58
250.92	52882.86
250.97	52858.28
251.02	52852.10
251.07	52855.02
251.12	52832.48
251.17	52809.08
251.22	52774.93
251.27	52731.22
251.32	52674.62
251.37	52620.91
251.42	52566.29
251.47	52526.59
251.52	52507.35
251.57	52497.07
251.62	52488.53
251.67	52492.22
251.72	52477.62
251.77	52437.72
251.82	52384.36
251.87	52333.49
251.92	52272.65
251.97	52224.25
252.02	52179.06
252.07	52152.34
252.12	52139.00
252.16	52132.83
252.21	52123.27
252.26	52134.68
252.31	52135.14
252.36	52127.76
252.41	52109.16
252.46	52086.88
252.51	52054.58
252.56	52018.04
252.61	51991.58
252.66	51965.27
252.71	51944.20
252.76	51922.03
252.81	51880.47
252.86	51818.54
252.91	51775.71
252.96	51707.90
253.01	51633.00
253.06	51577.87
253.11	51535.49
253.16	51485.82
253.21	51443.22
253.26	51409.57
253.31	51385.07
253.36	51356.32
253.40	51330.98
253.45	51322.40
253.50	51282.89
253.55	51237.82
253.60	51191.97
253.65	51145.85
253.70	51103.69
253.75	51092.72
253.80	51072.32
253.85	51077.85
253.90	51082.52
253.95	51067.79
254.00	51058.80
254.05	51042.66
254.10	51001.03
254.15	50964.49
254.20	50942.74
254.25	50903.22
254.30	50878.01
254.35	50837.83
254.39	50766.24
254.44	50686.71
254.49	50614.98
254.54	50579.66
254.59	50551.92
254.64	50551.05
254.69	50549.49
254.74	50542.74
254.79	50510.37
254.84	50471.11
254.89	50447.30
254.94	50426.01
254.99	50420.78
255.04	50398.95
255.09	50394.81
255.14	50366.74
255.19	50356.07
255.23	50343.14
255.28	50338.67
255.33	50330.13
255.38	50323.77
255.43	50303.37
255.48	50272.25
255.53	50229.85
255.58	50190.92
255.63	50151.07
255.68	50104.99
255.73	50057.87
255.78	50027.88
255.83	50001.66
255.88	49982.33
255.93	49959.52
255.97	49948.27
256.02	49915.18
256.07	49866.56
256.12	49792.91
256.17	49736.84
256.22	49672.23
256.27	49621.70
256.32	49586.47
256.37	49572.73
256.42	49555.57
256.47	49531.39
256.52	49506.53
256.57	49474.79
256.62	49451.71
256.66	49432.52
256.71	49406.68
256.76	49372.57
256.81	49328.78
256.86	49282.34
256.91	49234.37
256.96	49191.07
257.01	49158.07
257.06	49136.27
257.11	49097.95
257.16	49044.27
257.21	49006.15
257.26	48969.22
257.30	48927.51
257.35	48888.95
257.40	48870.67
257.45	48852.83
257.50	48815.68
257.55	48788.70
257.60	48766.83
257.65	48744.58
257.70	48706.34
257.75	48674.65
257.80	48646.35
257.85	48612.67
257.89	48559.24
257.94	48494.42
257.99	48437.70
258.04	48376.17
258.09	48331.93
258.14	48295.35
258.19	48282.64
258.24	48266.13
258.29	48226.82
258.34	48186.48
258.39	48162.30
258.44	48104.35
258.48	48056.72
258.53	48023.77
258.58	47981.83
258.63	47916.95
258.68	47875.37
258.73	47832.66
258.78	47784.39
258.83	47745.34
258.88	47718.10
258.93	47686.16
258.97	47660.42
259.02	47642.33
259.07	47618.25
259.12	47590.95
259.17	47575.60
259.22	47553.65
259.27	47525.74
259.32	47498.29
259.37	47461.07
259.42	47420.53
259.47	47370.92
259.51	47322.19
259.56	47263.32
259.61	47197.89
259.66	47121.92
259.71	47051.08
259.76	46990.47
259.81	46934.44
259.86	46893.68
259.91	46857.99
259.95	46832.07
260.00	46805.55
260.05	46788.15
260.10	46770.61
260.15	46759.29
260.20	46742.33
260.25	46731.94
260.30	46715.35
260.35	46693.75
260.40	46660.27
260.44	46637.73
260.49	46609.91
260.54	46573.38
260.59	46538.90
260.64	46526.42
260.69	46513.86
260.74	46476.51
260.79	46446.41
260.84	46404.54
260.88	46345.60
260.93	46272.53
260.98	46234.75
261.03	46187.46
261.08	46163.67
261.13	46134.08
261.18	46096.36
261.23	46045.13
261.28	45996.30
261.32	45949.12
261.37	45900.89
261.42	45863.18
261.47	45836.93
261.52	45802.69
261.57	45754.72
261.62	45716.18
261.67	45667.86
261.71	45599.72
261.76	45556.73
261.81	45503.90
261.86	45448.46
261.91	45408.95
261.96	45376.12
262.01	45333.63
262.06	45311.30
262.10	45298.66
262.15	45280.16
262.20	45261.87
262.25	45243.79
262.30	45224.59
262.35	45194.50
262.40	45158.18
262.45	45123.57
262.49	45088.97
262.54	45048.70
262.59	45019.23
262.64	44992.02
262.69	44957.35
262.74	44914.48
262.79	44866.54
262.84	44817.47
262.88	44773.44
262.93	44724.72
262.98	44691.19
263.03	44655.62
263.08	44599.44
263.13	44526.21
263.18	44461.14
263.23	44397.37
263.27	44345.38
263.32	44315.73
263.37	44304.61
263.42	44296.15
263.47	44270.65
263.52	44243.53
263.57	44210.60
263.61	44166.02
263.66	44119.96
263.71	44080.25
263.76	44041.69
263.81	43992.33
263.86	43967.68
263.91	43922.80
263.95	43861.84
264.00	43806.19
264.05	43757.76
264.10	43686.14
264.15	43627.16
264.20	43595.68
264.25	43546.73
264.29	43504.48
264.34	43456.85
264.39	43424.86
264.44	43369.95
264.49	43323.04
264.54	43283.83
264.59	43251.25
264.63	43201.69
264.68	43151.32
264.73	43108.12
264.78	43053.23
264.83	43000.45
264.88	42962.73
264.93	42936.04
264.97	42904.49
265.02	42879.71
265.07	42856.90
265.12	42806.07
265.17	42763.51
265.22	42723.12
265.27	42667.80
265.31	42600.10
265.36	42549.23
265.41	42486.82
265.46	42421.45
265.51	42356.26
265.56	42299.09
265.60	42247.10
265.65	42193.44
265.70	42141.24
265.75	42088.66
265.80	42039.67
265.85	41974.94
265.90	41911.37
265.94	41853.37
265.99	41789.61
266.04	41731.80
266.09	41692.28
266.14	41662.45
266.19	41628.11
266.23	41594.14
266.28	41554.92
266.33	41524.87
266.38	41500.66
266.43	41479.89
266.48	41464.02
266.52	41440.81
266.57	41395.79
266.62	41352.36
266.67	41294.64
266.72	41246.93
266.77	41212.97
266.81	41192.82
266.86	41155.32
266.91	41125.74
266.96	41085.41
267.01	41045.85
267.06	40992.03
267.10	40943.18
267.15	40893.38
267.20	40860.21
267.25	40816.82
267.30	40782.65
267.35	40751.98
267.39	40714.73
267.44	40676.73
267.49	40628.11
267.54	40585.36
267.59	40528.02
267.64	40474.77
267.68	40413.29
267.73	40363.17
267.78	40316.86
267.83	40295.83
267.88	40290.58
267.93	40283.44
267.97	40271.60
268.02	40233.96
268.07	40179.72
268.12	40113.71
268.17	40049.14
268.21	40000.00
268.26	39959.27
268.31	39919.76
268.36	39879.02
268.41	39830.03
268.46	39781.16
268.50	39740.99
268.55	39690.62
268.60	39628.39
268.65	39568.75
268.70	39492.92
268.74	39417.97
268.79	39350.66
268.84	39302.62
268.89	39264.97
268.94	39228.83
268.99	39190.08
269.03	39147.59
269.08	39100.41
269.13	39027.85
269.18	38948.27
269.23	38853.87
269.27	38748.06
269.32	38618.49
269.37	38491.58
269.42	38359.00
269.47	38222.15
269.51	38077.95
269.56	37939.22
269.61	37798.81
269.66	37647.80
269.71	37497.09
269.76	37352.36
269.80	37199.84
269.85	37050.60
269.90	36914.01
269.95	36761.13
270.00	36605.89
270.04	36459.81
270.09	36312.62
270.14	36163.42
270.19	36026.99
270.24	35893.02
270.28	35740.39
270.33	35576.36
270.38	35395.13
270.43	35221.41
270.48	35044.39
270.52	34884.27
270.57	34720.23
270.62	34565.69
270.67	34413.93
270.72	34254.15
270.76	34078.90
270.81	33916.10
270.86	33746.02
270.91	33565.46
270.96	33397.66
271.00	33234.02
271.05	33075.08
271.10	32932.92
271.15	32803.58
271.20	32679.05
271.24	32544.35
271.29	32404.77
271.34	32256.62
271.39	32099.81
271.44	31952.16
271.48	31819.42
271.53	31677.75
271.58	31541.31
271.63	31397.47
271.67	31251.20
271.72	31102.24
271.77	30961.66
271.82	30817.44
271.87	30685.66
271.91	30522.85
271.96	30380.60
272.01	30237.04
272.06	30104.00
272.11	29977.20
272.15	29871.76
272.20	29761.05
272.25	29665.04
272.30	29564.96
272.35	29456.96
272.39	29354.41
272.44	29231.45
272.49	29096.23
272.54	28957.70
272.58	28810.03
272.63	28657.04
272.68	28509.65
272.73	28349.31
272.78	28174.61
272.82	27974.96
272.87	27749.26
272.92	27463.07
272.97	26938.04
273.01	23972.77
273.06	19012.73
273.11	13543.21
273.16	8170.88
273.21	3078.10
273.25	466.32
273.30	-87.68
273.35	-89.04
