165.32	3372.62
165.38	-244.96
165.44	595.00
165.50	-77.53
165.55	-21.02
165.61	-0.63
165.67	25.37
165.72	33.66
165.78	38.15
165.84	36.63
165.89	34.17
165.95	32.84
166.01	32.24
166.06	34.44
166.12	37.61
166.18	35.54
166.23	37.08
166.29	36.19
166.35	32.29
166.40	30.69
166.46	37.43
166.52	40.18
166.57	41.04
166.63	41.83
166.69	44.42
166.74	38.22
166.80	38.81
166.86	41.00
166.91	41.83
166.97	35.96
167.03	38.95
167.08	33.12
167.14	32.02
167.20	30.15
167.25	42.86
167.31	42.82
167.37	48.20
167.42	49.84
167.48	55.76
167.54	50.41
167.59	49.87
167.65	45.95
167.71	46.08
167.76	44.81
167.82	40.12
167.88	39.95
167.93	47.26
167.99	46.43
168.05	48.64
168.10	56.51
168.16	55.75
168.21	53.92
168.27	58.03
168.33	60.16
168.38	52.80
168.44	57.71
168.50	56.69
168.55	55.09
168.61	55.20
168.67	57.24
168.72	53.97
168.78	53.81
168.84	49.69
168.89	48.62
168.95	49.77
169.01	49.29
169.06	48.66
169.12	47.65
169.18	45.36
169.23	44.69
169.29	49.22
169.34	53.50
169.40	56.60
169.46	61.05
169.51	63.55
169.57	58.81
169.63	55.16
169.68	59.81
169.74	56.58
169.80	61.84
169.85	63.42
169.91	67.20
169.97	63.67
170.02	63.45
170.08	62.51
170.13	62.78
170.19	62.59
170.25	63.82
170.30	67.66
170.36	59.71
170.42	61.96
170.47	62.93
170.53	64.47
170.59	61.77
170.64	65.26
170.70	63.26
170.76	60.89
170.81	62.20
170.87	61.16
170.92	62.09
170.98	64.98
171.04	66.95
171.09	62.89
171.15	70.62
171.21	71.41
171.26	68.60
171.32	65.87
171.37	69.56
171.43	64.04
171.49	68.52
171.54	71.62
171.60	73.64
171.66	75.88
171.71	76.13
171.77	73.75
171.83	79.51
171.88	78.72
171.94	77.62
171.99	82.41
172.05	81.46
172.11	82.61
172.16	90.94
172.22	92.00
172.28	91.92
172.33	89.90
172.39	86.92
172.44	83.49
172.50	87.94
172.56	87.61
172.61	95.97
172.67	95.49
172.72	95.72
172.78	91.03
172.84	85.90
172.89	79.16
172.95	78.16
173.01	78.81
173.06	77.24
173.12	83.32
173.17	84.80
173.23	84.20
173.29	84.69
173.34	86.74
173.40	81.14
173.46	81.14
173.51	84.32
173.57	83.99
173.62	78.48
173.68	84.98
173.74	83.97
173.79	85.50
173.85	83.15
173.90	85.54
173.96	82.07
174.02	79.80
174.07	71.11
174.13	70.15
174.18	72.78
174.24	66.35
174.30	66.58
174.35	71.93
174.41	68.76
174.47	62.40
174.52	62.92
174.58	62.09
174.63	57.85
174.69	57.00
174.75	59.16
174.80	70.53
174.86	67.83
174.91	68.94
174.97	68.60
175.03	65.94
175.08	53.28
175.14	60.28
175.19	55.92
175.25	56.50
175.31	61.24
175.36	63.11
175.42	59.81
175.47	64.75
175.53	65.25
175.59	61.28
175.64	63.11
175.70	60.86
175.75	55.89
175.81	54.47
175.87	55.47
175.92	51.56
175.98	53.18
176.03	53.76
176.09	54.23
176.15	54.41
176.20	55.41
176.26	55.70
176.31	59.02
176.37	56.18
176.42	57.15
176.48	60.76
176.54	57.88
176.59	54.51
176.65	57.35
176.70	58.84
176.76	58.14
176.82	56.55
176.87	53.89
176.93	53.81
176.98	52.23
177.04	47.20
177.10	51.88
177.15	53.72
177.21	54.41
177.26	53.62
177.32	57.60
177.37	58.68
177.43	61.91
177.49	58.70
177.54	56.04
177.60	55.95
177.65	56.82
177.71	51.55
177.77	54.55
177.82	56.10
177.88	59.99
177.93	55.23
177.99	61.80
178.04	57.26
178.10	57.77
178.16	51.22
178.21	52.33
178.27	49.24
178.32	53.44
178.38	52.97
178.43	55.01
178.49	55.10
178.55	54.56
178.60	53.22
178.66	51.84
178.71	52.94
178.77	50.65
178.82	51.57
178.88	51.34
178.94	52.03
178.99	53.29
179.05	57.83
179.10	53.66
179.16	56.65
179.21	59.20
179.27	58.16
179.33	53.78
179.38	57.89
179.44	55.92
179.49	55.60
179.55	53.44
179.60	53.94
179.66	53.00
179.72	55.53
179.77	53.16
179.83	51.90
179.88	53.10
179.94	54.33
179.99	50.35
180.05	50.84
180.11	52.31
180.16	54.76
180.22	56.92
180.27	61.94
180.33	62.79
180.38	66.70
180.44	62.25
180.49	61.75
180.55	59.47
180.61	63.65
180.66	58.31
180.72	56.90
180.77	55.55
180.83	55.49
180.88	52.58
180.94	52.25
180.99	56.14
181.05	55.98
181.11	57.13
181.16	57.40
181.22	58.68
181.27	61.06
181.33	59.68
181.38	56.40
181.44	57.66
181.49	62.41
181.55	62.72
181.61	68.98
181.66	71.71
181.72	69.43
181.77	67.35
181.83	64.77
181.88	70.05
181.94	71.79
181.99	76.78
182.05	76.78
182.11	77.53
182.16	68.77
182.22	67.14
182.27	63.12
182.33	65.72
182.38	65.89
182.44	70.12
182.49	71.68
182.55	72.88
182.60	71.80
182.66	74.21
182.72	75.86
182.77	78.22
182.83	81.81
182.88	85.53
182.94	87.71
182.99	86.06
183.05	85.07
183.10	87.71
183.16	87.38
183.21	89.66
183.27	98.41
183.32	104.27
183.38	109.33
183.44	118.33
183.49	125.06
183.55	128.08
183.60	136.30
183.66	144.82
183.71	155.60
183.77	165.44
183.82	176.94
183.88	190.18
183.93	203.33
183.99	219.29
184.04	237.93
184.10	251.87
184.15	265.42
184.21	279.70
184.27	281.21
184.32	280.53
184.38	276.54
184.43	268.37
184.49	247.05
184.54	225.68
184.60	212.06
184.65	195.76
184.71	184.88
184.76	186.50
184.82	205.31
184.87	224.68
184.93	252.90
184.98	284.75
185.04	319.90
185.09	347.48
185.15	376.69
185.20	412.26
185.26	448.95
185.31	480.83
185.37	512.44
185.43	535.69
185.48	556.21
185.54	579.86
185.59	606.46
185.65	632.28
185.70	674.51
185.76	722.30
185.81	760.46
185.87	799.57
185.92	845.67
185.98	881.38
186.03	898.66
186.09	897.99
186.14	870.12
186.20	810.97
186.25	718.21
186.31	623.44
186.36	550.34
186.42	516.15
186.47	524.73
186.53	572.61
186.58	644.58
186.64	722.42
186.69	798.21
186.75	858.70
186.80	916.38
186.86	970.35
186.91	1022.14
186.97	1066.54
187.02	1123.09
187.08	1170.85
187.13	1202.69
187.19	1231.82
187.24	1251.75
187.30	1246.70
187.35	1237.90
187.41	1241.20
187.47	1248.97
187.52	1268.37
187.58	1322.88
187.63	1414.75
187.69	1522.91
187.74	1621.02
187.80	1702.36
187.85	1757.39
187.91	1775.70
187.96	1762.57
188.02	1723.57
188.07	1662.01
188.13	1563.70
188.18	1459.25
188.24	1388.11
188.29	1364.80
188.35	1391.59
188.40	1480.54
188.46	1611.19
188.51	1741.29
188.57	1872.62
188.62	2001.54
188.67	2121.83
188.73	2235.66
188.78	2343.60
188.84	2448.71
188.89	2555.23
188.95	2662.95
189.00	2756.47
189.06	2855.88
189.11	2950.92
189.17	3032.19
189.22	3103.74
189.28	3191.36
189.33	3267.20
189.39	3332.05
189.44	3397.31
189.50	3473.03
189.55	3541.09
189.61	3594.30
189.66	3649.71
189.72	3706.36
189.77	3751.09
189.83	3770.93
189.88	3772.90
189.94	3732.83
189.99	3642.02
190.05	3476.08
190.10	3240.63
190.16	2969.72
190.21	2725.63
190.27	2550.02
190.32	2472.73
190.38	2493.20
190.43	2584.31
190.49	2691.02
190.54	2763.84
190.60	2804.94
190.65	2816.15
190.71	2809.62
190.76	2800.42
190.81	2818.24
190.87	2876.14
190.92	2998.05
190.98	3173.76
191.03	3379.08
191.09	3581.37
191.14	3743.44
191.20	3856.04
191.25	3952.11
191.31	4065.63
191.36	4220.00
191.42	4427.89
191.47	4675.06
191.53	4922.06
191.58	5124.93
191.64	5276.13
191.69	5385.77
191.75	5451.44
191.80	5492.71
191.85	5519.13
191.91	5546.72
191.96	5570.41
192.02	5602.70
192.07	5618.39
192.13	5617.76
192.18	5572.43
192.24	5456.63
192.29	5259.36
192.35	5031.29
192.40	4845.29
192.46	4733.83
192.51	4729.26
192.57	4828.70
192.62	5006.57
192.67	5194.29
192.73	5375.47
192.78	5540.72
192.84	5690.91
192.89	5832.80
192.95	5965.18
193.00	6082.84
193.06	6194.86
193.11	6303.84
193.17	6391.94
193.22	6475.01
193.28	6563.95
193.33	6640.52
193.38	6709.04
193.44	6783.54
193.49	6857.83
193.55	6917.06
193.60	6973.90
193.66	7029.49
193.71	7072.42
193.77	7099.00
193.82	7121.00
193.88	7139.44
193.93	7165.22
193.98	7195.03
194.04	7235.16
194.09	7279.09
194.15	7330.81
194.20	7369.09
194.26	7405.77
194.31	7439.73
194.37	7461.02
194.42	7456.55
194.47	7436.46
194.53	7383.11
194.58	7286.41
194.64	7171.11
194.69	7068.84
194.75	7001.09
194.80	6981.33
194.86	7020.57
194.91	7107.16
194.97	7212.31
195.02	7312.05
195.07	7407.49
195.13	7493.31
195.18	7573.63
195.24	7633.38
195.29	7688.31
195.35	7722.33
195.40	7755.61
195.46	7786.34
195.51	7865.07
195.56	7969.46
195.62	8102.56
195.67	8236.26
195.73	8366.12
195.78	8449.54
195.84	8496.41
195.89	8522.48
195.94	8552.31
196.00	8597.93
196.05	8666.63
196.11	8760.59
196.16	8859.76
196.22	8957.43
196.27	9042.11
196.32	9108.27
196.38	9164.67
196.43	9214.85
196.49	9253.86
196.54	9289.56
196.60	9332.98
196.65	9374.90
196.71	9419.86
196.76	9468.55
196.81	9510.84
196.87	9549.68
196.92	9576.30
196.98	9594.01
197.03	9600.05
197.09	9594.31
197.14	9587.50
197.19	9587.38
197.25	9600.80
197.30	9631.05
197.36	9688.71
197.41	9754.08
197.47	9820.76
197.52	9883.35
197.57	9951.03
197.63	10004.18
197.68	10056.23
197.74	10105.88
197.79	10148.12
197.84	10189.71
197.90	10234.42
197.95	10270.27
198.01	10307.33
198.06	10349.11
198.12	10383.26
198.17	10415.12
198.22	10455.01
198.28	10491.30
198.33	10532.77
198.39	10575.15
198.44	10622.06
198.49	10670.53
198.55	10716.11
198.60	10765.83
198.66	10815.89
198.71	10867.52
198.77	10916.92
198.82	10977.27
198.87	11028.22
198.93	11080.17
198.98	11128.94
199.04	11175.02
199.09	11212.47
199.14	11257.46
199.20	11295.40
199.25	11337.85
199.31	11382.77
199.36	11430.10
199.42	11473.73
199.47	11519.07
199.52	11559.47
199.58	11592.60
199.63	11624.66
199.69	11655.42
199.74	11689.07
199.79	11716.15
199.85	11753.47
199.90	11795.40
199.96	11835.36
200.01	11879.24
200.06	11929.46
200.12	11975.47
200.17	12026.55
200.23	12078.90
200.28	12124.04
200.33	12179.41
200.39	12226.00
200.44	12267.77
200.50	12309.20
200.55	12349.38
200.60	12384.76
200.66	12422.83
200.71	12457.57
200.77	12498.47
200.82	12537.04
200.87	12576.71
200.93	12615.68
200.98	12657.99
201.04	12700.32
201.09	12753.99
201.14	12804.11
201.20	12858.38
201.25	12914.48
201.31	12964.87
201.36	13017.07
201.41	13073.68
201.47	13131.27
201.52	13184.89
201.58	13247.86
201.63	13298.85
201.68	13345.70
201.74	13391.91
201.79	13438.41
201.84	13487.28
201.90	13533.52
201.95	13578.60
202.01	13626.48
202.06	13674.43
202.11	13709.25
202.17	13753.88
202.22	13799.42
202.28	13838.79
202.33	13881.07
202.38	13920.41
202.44	13965.89
202.49	14009.46
202.54	14060.31
202.60	14109.03
202.65	14162.12
202.71	14211.81
202.76	14257.02
202.81	14300.28
202.87	14349.81
202.92	14399.96
202.98	14447.23
203.03	14495.23
203.08	14550.84
203.14	14597.90
203.19	14651.36
203.24	14707.03
203.30	14766.22
203.35	14815.07
203.41	14864.74
203.46	14905.50
203.51	14943.92
203.57	14978.34
203.62	15019.17
203.67	15062.28
203.73	15097.95
203.78	15136.21
203.84	15178.19
203.89	15201.61
203.94	15223.62
204.00	15243.35
204.05	15249.62
204.10	15229.07
204.16	15200.06
204.21	15144.51
204.27	15062.84
204.32	14943.18
204.37	14803.06
204.43	14611.68
204.48	14393.82
204.53	14193.66
204.59	14097.56
204.64	14148.58
204.69	14361.00
204.75	14681.87
204.80	15040.33
204.86	15321.56
204.91	15480.12
204.96	15526.65
205.02	15492.71
205.07	15461.01
205.12	15512.17
205.18	15654.83
205.23	15871.60
205.28	16144.18
205.34	16406.77
205.39	16622.17
205.45	16775.28
205.50	16878.79
205.55	16957.53
205.61	17028.41
205.66	17084.55
205.71	17149.61
205.77	17211.10
205.82	17270.96
205.87	17325.43
205.93	17379.38
205.98	17418.91
206.03	17461.09
206.09	17509.17
206.14	17557.41
206.20	17605.39
206.25	17663.21
206.30	17725.15
206.36	17777.46
206.41	17842.02
206.46	17902.81
206.52	17948.31
206.57	17999.79
206.62	18046.89
206.68	18089.15
206.73	18140.11
206.78	18204.24
206.84	18260.26
206.89	18325.19
206.94	18387.13
207.00	18461.70
207.05	18524.57
207.11	18591.67
207.16	18648.32
207.21	18715.50
207.27	18765.34
207.32	18823.34
207.37	18877.31
207.43	18940.37
207.48	18994.29
207.53	19048.05
207.59	19102.34
207.64	19156.92
207.69	19223.76
207.75	19285.14
207.80	19347.46
207.85	19406.03
207.91	19464.15
207.96	19508.26
208.01	19566.07
208.07	19622.98
208.12	19690.18
208.17	19744.24
208.23	19798.52
208.28	19850.54
208.33	19909.78
208.39	19967.51
208.44	20035.40
208.49	20100.65
208.55	20159.59
208.60	20210.51
208.65	20249.61
208.71	20303.04
208.76	20356.01
208.81	20416.05
208.87	20480.43
208.92	20547.24
208.97	20606.32
209.03	20665.16
209.08	20724.53
209.13	20786.34
209.19	20847.79
209.24	20903.70
209.29	20973.73
209.35	21030.61
209.40	21093.32
209.45	21157.39
209.51	21226.88
209.56	21284.96
209.61	21354.81
209.67	21418.56
209.72	21482.64
209.77	21542.15
209.83	21604.59
209.88	21670.40
209.93	21730.63
209.99	21796.86
210.04	21870.25
210.09	21935.93
210.15	21991.37
210.20	22052.48
210.25	22113.71
210.31	22168.87
210.36	22217.61
210.41	22270.12
210.46	22328.09
210.52	22376.88
210.57	22429.42
210.62	22493.58
210.68	22564.20
210.73	22615.27
210.78	22680.28
210.84	22740.74
210.89	22803.35
210.94	22856.26
211.00	22922.17
211.05	22976.27
211.10	23037.85
211.16	23096.34
211.21	23162.74
211.26	23228.35
211.32	23299.80
211.37	23367.59
211.42	23431.31
211.47	23497.70
211.53	23559.85
211.58	23621.47
211.63	23677.81
211.69	23741.26
211.74	23790.12
211.79	23843.42
211.85	23903.46
211.90	23966.31
211.95	24030.59
212.01	24102.40
212.06	24180.61
212.11	24254.33
212.16	24331.61
212.22	24404.06
212.27	24475.19
212.32	24542.62
212.38	24607.86
212.43	24669.94
212.48	24736.30
212.54	24801.31
212.59	24871.06
212.64	24930.70
212.69	24996.88
212.75	25063.70
212.80	25129.43
212.85	25189.27
212.91	25246.74
212.96	25299.06
213.01	25355.39
213.07	25414.37
213.12	25473.51
213.17	25538.60
213.22	25602.58
213.28	25657.62
213.33	25704.41
213.38	25757.04
213.44	25805.86
213.49	25867.83
213.54	25934.48
213.60	26014.77
213.65	26081.04
213.70	26156.93
213.75	26212.67
213.81	26257.95
213.86	26288.22
213.91	26315.54
213.97	26331.57
214.02	26337.12
214.07	26336.06
214.12	26316.47
214.18	26281.96
214.23	26232.70
214.28	26155.95
214.34	26046.26
214.39	25904.71
214.44	25707.01
214.49	25433.60
214.55	25086.58
214.60	24654.86
214.65	24147.57
214.71	23711.92
214.76	23541.96
214.81	23678.53
214.86	24124.49
214.92	24814.60
214.97	25551.45
215.02	26100.90
215.08	26424.73
215.13	26532.83
215.18	26456.69
215.23	26288.52
215.29	26180.55
215.34	26236.77
215.39	26453.92
215.45	26832.44
215.50	27331.47
215.55	27813.89
215.60	28176.82
215.66	28421.96
215.71	28584.39
215.76	28692.87
215.81	28770.35
215.87	28843.94
215.92	28912.08
215.97	28973.78
216.03	29030.51
216.08	29092.44
216.13	29154.06
216.18	29219.47
216.24	29284.51
216.29	29340.76
216.34	29401.52
216.39	29466.30
216.45	29522.69
216.50	29587.02
216.55	29652.08
216.61	29716.68
216.66	29771.46
216.71	29834.95
216.76	29894.71
216.82	29967.90
216.87	30036.69
216.92	30113.09
216.97	30185.85
217.03	30261.33
217.08	30334.69
217.13	30415.55
217.18	30492.60
217.24	30566.81
217.29	30634.85
217.34	30685.62
217.39	30729.33
217.45	30773.22
217.50	30817.03
217.55	30871.10
217.61	30938.44
217.66	31007.24
217.71	31075.46
217.76	31154.36
217.82	31235.17
217.87	31315.14
217.92	31392.46
217.97	31464.55
218.03	31529.62
218.08	31582.71
218.13	31624.50
218.18	31673.32
218.24	31737.24
218.29	31789.87
218.34	31847.82
218.39	31915.92
218.45	31982.16
218.50	32036.86
218.55	32107.76
218.60	32172.36
218.66	32223.13
218.71	32284.65
218.76	32349.48
218.81	32405.53
218.87	32471.32
218.92	32544.73
218.97	32617.29
219.02	32687.34
219.08	32763.02
219.13	32831.34
219.18	32898.90
219.23	32956.18
219.29	33017.09
219.34	33076.10
219.39	33136.46
219.44	33203.07
219.50	33275.78
219.55	33342.97
219.60	33405.86
219.65	33478.91
219.71	33545.46
219.76	33595.12
219.81	33647.65
219.86	33704.71
219.92	33750.75
219.97	33804.53
220.02	33860.99
220.07	33921.47
220.13	33986.01
220.18	34053.97
220.23	34120.95
220.28	34205.33
220.33	34283.29
220.39	34344.55
220.44	34398.88
220.49	34456.41
220.54	34501.65
220.60	34558.01
220.65	34626.60
220.70	34701.68
220.75	34775.21
220.81	34859.61
220.86	34937.47
220.91	35005.34
220.96	35074.51
221.02	35138.41
221.07	35206.27
221.12	35258.46
221.17	35316.55
221.22	35369.45
221.28	35424.73
221.33	35476.48
221.38	35536.90
221.43	35608.60
221.49	35676.37
221.54	35749.14
221.59	35818.14
221.64	35897.02
221.69	35991.53
221.75	36094.52
221.80	36190.74
221.85	36269.34
221.90	36343.77
221.96	36388.30
222.01	36422.35
222.06	36447.35
222.11	36498.24
222.17	36536.31
222.22	36573.70
222.27	36620.68
222.32	36673.26
222.37	36728.31
222.43	36796.13
222.48	36860.10
222.53	36931.85
222.58	37008.36
222.63	37072.31
222.69	37133.48
222.74	37216.81
222.79	37279.18
222.84	37330.61
222.90	37385.15
222.95	37442.72
223.00	37475.82
223.05	37533.40
223.10	37599.15
223.16	37653.10
223.21	37703.86
223.26	37755.95
223.31	37789.13
223.36	37821.79
223.42	37864.66
223.47	37895.16
223.52	37938.80
223.57	37995.01
223.63	38043.97
223.68	38092.76
223.73	38165.49
223.78	38244.93
223.83	38310.25
223.89	38378.92
223.94	38447.65
223.99	38505.96
224.04	38565.70
224.09	38636.71
224.15	38726.13
224.20	38811.98
224.25	38909.71
224.30	38998.06
224.35	39088.96
224.41	39178.24
224.46	39266.14
224.51	39342.06
224.56	39419.63
224.61	39497.58
224.67	39573.13
224.72	39647.76
224.77	39741.70
224.82	39838.56
224.87	39924.56
224.93	39994.96
224.98	40072.45
225.03	40144.46
225.08	40209.40
225.13	40273.46
225.19	40345.80
225.24	40410.91
225.29	40456.41
225.34	40503.86
225.39	40540.89
225.45	40575.94
225.50	40595.34
225.55	40610.77
225.60	40598.16
225.65	40579.98
225.71	40530.53
225.76	40453.91
225.81	40338.60
225.86	40189.36
225.91	39993.47
225.97	39732.36
226.02	39408.76
226.07	39032.55
226.12	38781.81
226.17	38743.76
226.22	38958.91
226.28	39427.26
226.33	40104.29
226.38	40737.16
226.43	41203.95
226.48	41487.62
226.54	41591.41
226.59	41564.99
226.64	41469.75
226.69	41334.87
226.74	41265.26
226.80	41328.02
226.85	41498.61
226.90	41774.90
226.95	42190.43
227.00	42599.59
227.05	42925.16
227.11	43182.99
227.16	43388.69
227.21	43513.06
227.26	43603.78
227.31	43685.10
227.37	43744.71
227.42	43812.52
227.47	43894.63
227.52	43969.29
227.57	44038.51
227.62	44123.86
227.68	44200.55
227.73	44277.01
227.78	44362.60
227.83	44447.09
227.88	44515.35
227.93	44596.51
227.99	44676.94
228.04	44749.40
228.09	44829.33
228.14	44912.80
228.19	44981.79
228.24	45040.31
228.30	45107.48
228.35	45172.02
228.40	45237.89
228.45	45294.40
228.50	45372.53
228.56	45437.84
228.61	45501.81
228.66	45560.75
228.71	45620.26
228.76	45656.53
228.81	45704.95
228.87	45745.80
228.92	45802.32
228.97	45865.56
229.02	45954.72
229.07	46033.45
229.12	46123.48
229.17	46202.41
229.23	46283.89
229.28	46357.65
229.33	46440.33
229.38	46514.59
229.43	46593.15
229.48	46669.34
229.54	46737.11
229.59	46795.45
229.64	46870.23
229.69	46946.71
229.74	47038.77
229.79	47105.65
229.85	47187.28
229.90	47255.60
229.95	47308.33
230.00	47354.14
230.05	47440.42
230.10	47507.23
230.16	47576.57
230.21	47650.27
230.26	47719.07
230.31	47757.36
230.36	47818.28
230.41	47882.80
230.46	47963.36
230.52	48046.96
230.57	48125.13
230.62	48207.01
230.67	48272.65
230.72	48329.01
230.77	48374.67
230.82	48431.69
230.88	48460.42
230.93	48504.93
230.98	48547.43
231.03	48601.41
231.08	48657.96
231.13	48717.31
231.19	48789.82
231.24	48868.81
231.29	48943.26
231.34	49007.31
231.39	49088.30
231.44	49153.84
231.49	49196.27
231.55	49243.15
231.60	49293.48
231.65	49352.82
231.70	49393.83
231.75	49447.06
231.80	49495.14
231.85	49553.61
231.91	49588.62
231.96	49638.01
232.01	49700.41
232.06	49767.69
232.11	49830.29
232.16	49913.19
232.21	49999.86
232.26	50095.16
232.32	50176.00
232.37	50246.64
232.42	50305.22
232.47	50363.28
232.52	50402.49
232.57	50453.41
232.62	50514.61
232.68	50586.61
232.73	50653.38
232.78	50725.59
232.83	50800.86
232.88	50871.62
232.93	50943.77
232.98	51011.54
233.03	51065.83
233.09	51126.80
233.14	51203.51
233.19	51257.02
233.24	51307.48
233.29	51362.65
233.34	51400.70
233.39	51419.37
233.45	51453.66
233.50	51496.34
233.55	51542.37
233.60	51609.79
233.65	51670.39
233.70	51728.09
233.75	51777.48
233.80	51833.94
233.86	51882.10
233.91	51926.66
233.96	51976.63
234.01	52037.01
234.06	52093.60
234.11	52152.60
234.16	52207.87
234.21	52262.43
234.26	52312.41
234.32	52354.29
234.37	52387.53
234.42	52432.31
234.47	52453.83
234.52	52472.77
234.57	52510.34
234.62	52549.98
234.67	52595.17
234.73	52655.90
234.78	52720.96
234.83	52763.29
234.88	52809.26
234.93	52844.57
234.98	52892.24
235.03	52932.09
235.08	52998.51
235.13	53053.72
235.19	53126.33
235.24	53193.46
235.29	53257.38
235.34	53299.13
235.39	53339.75
235.44	53369.60
235.49	53395.01
235.54	53425.52
235.59	53443.66
235.65	53463.10
235.70	53497.37
235.75	53528.38
235.80	53584.13
235.85	53644.83
235.90	53698.52
235.95	53725.30
236.00	53762.01
236.05	53777.34
236.11	53790.57
236.16	53826.24
236.21	53875.24
236.26	53911.90
236.31	53935.61
236.36	53966.22
236.41	53980.03
236.46	53989.67
236.51	54011.76
236.56	54043.63
236.62	54074.30
236.67	54105.49
236.72	54151.04
236.77	54179.59
236.82	54218.79
236.87	54246.00
236.92	54271.88
236.97	54307.61
237.02	54344.48
237.07	54397.06
237.13	54463.15
237.18	54523.45
237.23	54564.59
237.28	54609.31
237.33	54642.00
237.38	54664.20
237.43	54691.21
237.48	54697.66
237.53	54722.07
237.58	54748.20
237.63	54784.65
237.69	54822.71
237.74	54878.11
237.79	54922.66
237.84	54931.41
237.89	54936.96
237.94	54941.60
237.99	54957.88
238.04	54968.95
238.09	54996.92
238.14	55027.00
238.19	55055.56
238.25	55077.69
238.30	55074.88
238.35	55076.23
238.40	55074.85
238.45	55073.75
238.50	55072.44
238.55	55089.96
238.60	55115.47
238.65	55134.78
238.70	55145.15
238.75	55154.88
238.80	55180.80
238.86	55191.56
238.91	55214.87
238.96	55252.95
239.01	55290.59
239.06	55316.10
239.11	55343.70
239.16	55364.39
239.21	55367.91
239.26	55362.86
239.31	55367.57
239.36	55383.89
239.41	55403.54
239.46	55428.63
239.52	55461.91
239.57	55487.16
239.62	55494.38
239.67	55517.42
239.72	55546.55
239.77	55559.90
239.82	55573.56
239.87	55593.03
239.92	55587.58
239.97	55576.86
240.02	55567.87
240.07	55556.39
240.12	55554.64
240.17	55568.06
240.23	55567.85
240.28	55570.73
240.33	55574.91
240.38	55560.86
240.43	55556.94
240.48	55568.48
240.53	55592.50
240.58	55620.87
240.63	55667.48
240.68	55679.02
240.73	55675.54
240.78	55669.16
240.83	55667.33
240.88	55636.50
240.93	55628.97
240.98	55634.78
241.04	55647.59
241.09	55661.76
241.14	55689.59
241.19	55728.94
241.24	55759.00
241.29	55766.01
241.34	55771.99
241.39	55787.39
241.44	55780.33
241.49	55782.53
241.54	55792.37
241.59	55784.17
241.64	55786.62
241.69	55776.01
241.74	55762.23
241.79	55750.93
241.84	55747.87
241.90	55728.93
241.95	55710.86
242.00	55688.77
242.05	55658.21
242.10	55650.74
242.15	55627.74
242.20	55622.72
242.25	55621.67
242.30	55617.21
242.35	55594.32
242.40	55588.96
242.45	55580.26
242.50	55566.42
242.55	55572.12
242.60	55578.60
242.65	55585.75
242.70	55596.64
242.75	55624.85
242.80	55666.03
242.85	55697.86
242.91	55717.55
242.96	55715.41
243.01	55699.93
243.06	55665.18
243.11	55632.23
243.16	55603.67
243.21	55602.54
243.26	55608.20
243.31	55621.15
243.36	55624.06
243.41	55640.80
243.46	55634.31
243.51	55607.16
243.56	55555.67
243.61	55509.56
243.66	55469.06
243.71	55433.02
243.76	55423.31
243.81	55432.50
243.86	55430.09
243.91	55432.25
243.96	55437.81
244.01	55416.74
244.06	55389.76
244.12	55386.12
244.17	55362.43
244.22	55358.19
244.27	55386.83
244.32	55416.37
244.37	55431.16
244.42	55445.42
244.47	55432.36
244.52	55407.26
244.57	55375.13
244.62	55350.20
244.67	55329.01
244.72	55312.36
244.77	55303.50
244.82	55322.76
244.87	55352.37
244.92	55383.46
244.97	55400.76
245.02	55400.83
245.07	55377.76
245.12	55341.26
245.17	55309.54
245.22	55303.04
245.27	55291.00
245.32	55256.69
245.37	55234.29
245.42	55191.79
245.47	55145.36
245.52	55103.27
245.57	55091.93
245.62	55068.49
245.67	55063.89
245.72	55054.50
245.77	55038.05
245.82	55023.11
245.87	55025.16
245.92	55015.99
245.98	55008.20
246.03	55013.90
246.08	55016.11
246.13	55010.47
246.18	55011.38
246.23	55012.64
246.28	54995.45
246.33	54979.41
246.38	54947.86
246.43	54918.58
246.48	54892.65
246.53	54892.57
246.58	54905.91
246.63	54919.92
246.68	54914.72
246.73	54905.91
246.78	54880.19
246.83	54823.05
246.88	54764.15
246.93	54716.74
246.98	54667.79
247.03	54640.84
247.08	54629.70
247.13	54619.97
247.18	54611.28
247.23	54630.31
247.28	54629.89
247.33	54615.37
247.38	54601.62
247.43	54597.28
247.48	54574.56
247.53	54536.75
247.58	54498.41
247.63	54467.98
247.68	54421.37
247.73	54364.90
247.78	54331.10
247.83	54302.56
247.88	54277.15
247.93	54270.81
247.98	54267.38
248.03	54270.27
248.08	54286.37
248.13	54284.15
248.18	54272.33
248.23	54270.57
248.28	54243.93
248.33	54199.40
248.38	54157.91
248.43	54134.14
248.48	54116.01
248.53	54102.95
248.58	54096.91
248.63	54100.09
248.68	54075.83
248.73	54031.50
248.78	53995.01
248.83	53943.36
248.88	53875.13
248.93	53803.97
248.98	53736.98
249.03	53696.99
249.08	53666.51
249.13	53658.47
249.18	53657.69
249.23	53671.84
249.28	53653.34
249.33	53646.53
249.38	53629.68
249.43	53610.13
249.48	53581.08
249.53	53563.71
249.58	53546.76
249.63	53524.96
249.68	53508.51
249.73	53497.02
249.78	53476.63
249.83	53471.72
249.88	53446.01
249.93	53434.76
249.98	53419.36
250.03	53424.41
250.08	53397.22
250.13	53389.06
250.18	53358.14
250.23	53316.39
250.28	53263.55
250.33	53208.06
250.37	53166.47
250.42	53128.12
250.47	53106.15
250.52	53085.00
250.57	53064.64
250.62	53032.46
250.67	53004.14
250.72	52980.04
250.77	52942.32
250.82	52920.44
250.87	52918.13
250.92	52916.37
250.97	52891.56
251.02	52883.26
251.07	52878.45
251.12	52858.41
251.17	52821.91
251.22	52794.21
251.27	52757.62
251.32	52704.07
251.37	52644.84
251.42	52594.43
251.47	52553.19
251.52	52528.59
251.57	52528.06
251.62	52523.01
251.67	52518.19
251.72	52506.47
251.77	52469.22
251.82	52418.98
251.87	52377.61
251.92	52333.27
251.97	52267.57
252.02	52223.69
252.07	52194.51
252.12	52166.74
252.16	52152.21
252.21	52157.95
252.26	52162.31
252.31	52155.71
252.36	52150.59
252.41	52131.64
252.46	52106.95
252.51	52073.33
252.56	52044.31
252.61	52017.25
252.66	51988.88
252.71	51968.57
252.76	51945.55
252.81	51895.88
252.86	51846.96
252.91	51803.45
252.96	51738.93
253.01	51671.13
253.06	51616.66
253.11	51560.31
253.16	51513.92
253.21	51469.51
253.26	51430.24
253.31	51397.65
253.36	51375.91
253.40	51348.69
253.45	51333.36
253.50	51292.05
253.55	51258.38
253.60	51202.83
253.65	51155.23
253.70	51113.36
253.75	51105.85
253.80	51085.31
253.85	51085.82
253.90	51092.17
253.95	51087.26
254.00	51081.04
254.05	51071.25
254.10	51032.80
254.15	50991.26
254.20	50961.31
254.25	50924.44
254.30	50888.33
254.35	50847.75
254.39	50785.82
254.44	50703.88
254.49	50623.48
254.54	50586.59
254.59	50568.96
254.64	50565.83
254.69	50562.67
254.74	50563.93
254.79	50536.04
254.84	50498.85
254.89	50470.32
254.94	50454.27
254.99	50440.22
255.04	50427.94
255.09	50422.23
255.14	50393.86
255.19	50382.30
255.23	50367.94
255.28	50354.56
255.33	50335.11
255.38	50333.86
255.43	50319.08
255.48	50286.99
255.53	50241.93
255.58	50216.46
255.63	50180.15
255.68	50130.39
255.73	50091.28
255.78	50056.35
255.83	50028.33
255.88	49999.69
255.93	49972.82
255.97	49954.99
256.02	49927.56
256.07	49885.20
256.12	49820.08
256.17	49776.35
256.22	49718.68
256.27	49668.69
256.32	49622.76
256.37	49596.99
256.42	49567.25
256.47	49541.85
256.52	49520.49
256.57	49492.76
256.62	49476.81
256.66	49462.93
256.71	49432.21
256.76	49388.16
256.81	49338.50
256.86	49286.11
256.91	49232.49
256.96	49194.35
257.01	49168.00
257.06	49147.60
257.11	49113.11
257.16	49069.27
257.21	49028.60
257.26	48984.55
257.30	48950.47
257.35	48914.13
257.40	48889.81
257.45	48868.96
257.50	48845.25
257.55	48804.00
257.60	48787.74
257.65	48757.80
257.70	48721.48
257.75	48688.28
257.80	48667.21
257.85	48627.05
257.89	48587.75
257.94	48536.92
257.99	48481.58
258.04	48418.98
258.09	48376.66
258.14	48340.63
258.19	48320.44
258.24	48291.21
258.29	48250.28
258.34	48202.54
258.39	48167.98
258.44	48110.75
258.48	48058.66
258.53	48027.34
258.58	47989.48
258.63	47929.13
258.68	47884.96
258.73	47851.63
258.78	47812.86
258.83	47773.09
258.88	47740.20
258.93	47701.51
258.97	47665.44
259.02	47635.23
259.07	47612.27
259.12	47596.26
259.17	47584.30
259.22	47568.10
259.27	47542.07
259.32	47520.45
259.37	47476.91
259.42	47442.38
259.47	47399.35
259.51	47358.39
259.56	47293.17
259.61	47224.42
259.66	47143.13
259.71	47070.21
259.76	47006.15
259.81	46951.61
259.86	46912.93
259.91	46874.52
259.95	46848.57
260.00	46816.48
260.05	46792.31
260.10	46774.44
260.15	46760.18
260.20	46742.32
260.25	46732.63
260.30	46722.16
260.35	46688.92
260.40	46653.82
260.44	46626.75
260.49	46611.33
260.54	46570.63
260.59	46552.27
260.64	46557.27
260.69	46546.14
260.74	46507.71
260.79	46477.46
260.84	46431.05
260.88	46362.67
260.93	46295.76
260.98	46255.96
261.03	46214.86
261.08	46189.80
261.13	46154.56
261.18	46113.42
261.23	46052.06
261.28	46009.10
261.32	45958.52
261.37	45917.29
261.42	45889.29
261.47	45866.58
261.52	45822.47
261.57	45781.95
261.62	45738.70
261.67	45682.73
261.71	45617.48
261.76	45574.36
261.81	45519.58
261.86	45472.56
261.91	45430.91
261.96	45387.68
262.01	45341.91
262.06	45318.68
262.10	45303.61
262.15	45280.47
262.20	45266.63
262.25	45251.19
262.30	45228.67
262.35	45199.46
262.40	45178.59
262.45	45152.82
262.49	45127.79
262.54	45101.77
262.59	45072.06
262.64	45050.24
262.69	45009.36
262.74	44957.36
262.79	44900.41
262.84	44852.19
262.88	44793.94
262.93	44741.46
262.98	44705.44
263.03	44662.04
263.08	44607.39
263.13	44538.39
263.18	44481.72
263.23	44415.55
263.27	44374.43
263.32	44344.48
263.37	44331.54
263.42	44314.44
263.47	44297.46
263.52	44272.71
263.57	44231.99
263.61	44184.91
263.66	44139.22
263.71	44101.36
263.76	44059.80
263.81	44012.81
263.86	43984.45
263.91	43942.67
263.95	43879.93
264.00	43820.78
264.05	43772.21
264.10	43703.18
264.15	43640.40
264.20	43605.32
264.25	43557.49
264.29	43519.22
264.34	43468.72
264.39	43438.94
264.44	43384.14
264.49	43337.47
264.54	43296.51
264.59	43268.09
264.63	43220.60
264.68	43176.29
264.73	43128.93
264.78	43073.56
264.83	43010.42
264.88	42955.93
264.93	42923.73
264.97	42897.99
265.02	42873.61
265.07	42859.08
265.12	42829.37
265.17	42783.55
265.22	42739.76
265.27	42685.61
265.31	42626.30
265.36	42567.85
265.41	42512.99
265.46	42451.32
265.51	42382.02
265.56	42320.12
265.60	42265.29
265.65	42208.64
265.70	42154.03
265.75	42103.22
265.80	42051.91
265.85	41989.74
265.90	41925.09
265.94	41864.51
265.99	41800.91
266.04	41742.68
266.09	41705.37
266.14	41679.23
266.19	41643.78
266.23	41613.87
266.28	41577.32
266.33	41546.99
266.38	41511.39
266.43	41484.61
266.48	41465.60
266.52	41437.64
266.57	41395.58
266.62	41360.24
266.67	41310.93
266.72	41257.56
266.77	41224.86
266.81	41202.71
266.86	41169.30
266.91	41143.85
266.96	41101.79
267.01	41062.82
267.06	41009.06
267.10	40956.06
267.15	40901.47
267.20	40877.64
267.25	40836.40
267.30	40805.32
267.35	40768.45
267.39	40732.82
267.44	40700.55
267.49	40656.80
267.54	40605.67
267.59	40557.96
267.64	40503.01
267.68	40429.29
267.73	40369.60
267.78	40329.71
267.83	40306.25
267.88	40299.39
267.93	40295.70
267.97	40285.06
268.02	40252.38
268.07	40206.49
268.12	40141.19
268.17	40070.34
268.21	40026.31
268.26	39974.38
268.31	39926.66
268.36	39887.62
268.41	39852.61
268.46	39796.63
268.50	39759.22
268.55	39709.10
268.60	39645.15
268.65	39579.38
268.70	39505.89
268.74	39438.90
268.79	39371.51
268.84	39322.05
268.89	39278.90
268.94	39249.77
268.99	39209.70
269.03	39169.76
269.08	39129.56
269.13	39062.41
269.18	38981.42
269.23	38884.50
269.27	38782.61
269.32	38645.79
269.37	38520.24
269.42	38384.33
269.47	38244.74
269.51	38098.25
269.56	37966.31
269.61	37824.00
269.66	37671.80
269.71	37520.48
269.76	37374.28
269.80	37214.03
269.85	37063.82
269.90	36927.47
269.95	36780.45
270.00	36616.33
270.04	36471.90
270.09	36324.95
270.14	36177.93
270.19	36035.26
270.24	35908.58
270.28	35758.86
270.33	35591.60
270.38	35412.65
270.43	35237.80
270.48	35055.55
270.52	34893.66
270.57	34736.20
270.62	34578.06
270.67	34423.69
270.72	34272.71
270.76	34099.86
270.81	33925.89
270.86	33757.43
270.91	33582.05
270.96	33406.61
271.00	33245.92
271.05	33094.73
271.10	32954.95
271.15	32823.61
271.20	32698.05
271.24	32558.89
271.29	32418.39
271.34	32264.02
271.39	32110.65
271.44	31960.06
271.48	31826.31
271.53	31684.86
271.58	31545.84
271.63	31404.39
271.67	31254.36
271.72	31107.61
271.77	30962.90
271.82	30825.42
271.87	30686.82
271.91	30526.43
271.96	30376.52
272.01	30232.17
272.06	30088.15
272.11	29960.23
272.15	29859.23
272.20	29755.84
272.25	29670.26
272.30	29578.57
272.35	29472.65
272.39	29369.69
272.44	29249.70
272.49	29108.43
272.54	28965.97
272.58	28821.85
272.63	28666.81
272.68	28511.32
272.73	28352.02
272.78	28182.31
272.82	27979.85
272.87	27756.36
272.92	27472.09
272.97	26941.56
273.01	23972.59
273.06	19009.54
273.11	13539.32
273.16	8166.94
273.21	3076.74
273.25	465.34
273.30	-88.82
273.35	-88.26
