165.32	3372.11
165.38	-245.94
165.44	594.47
165.50	-77.88
165.55	-21.20
165.61	-0.64
165.67	25.81
165.72	33.75
165.78	38.33
165.84	36.88
165.89	33.94
165.95	32.33
166.01	32.32
166.06	34.04
166.12	36.38
166.18	34.61
166.23	36.29
166.29	35.40
166.35	31.92
166.40	31.38
166.46	38.36
166.52	40.61
166.57	41.34
166.63	41.94
166.69	44.40
166.74	37.72
166.80	38.54
166.86	40.33
166.91	41.66
166.97	36.00
167.03	38.85
167.08	33.00
167.14	32.33
167.20	29.56
167.25	41.82
167.31	42.00
167.37	47.28
167.42	49.08
167.48	55.49
167.54	50.29
167.59	50.04
167.65	45.92
167.71	45.92
167.76	44.70
167.82	40.00
167.88	39.34
167.93	47.24
167.99	45.83
168.05	48.13
168.10	55.61
168.16	55.17
168.21	53.08
168.27	57.49
168.33	58.74
168.38	51.56
168.44	56.46
168.50	54.93
168.55	53.50
168.61	54.29
168.67	56.19
168.72	53.08
168.78	53.55
168.84	49.35
168.89	48.32
168.95	49.27
169.01	49.06
169.06	48.43
169.12	47.86
169.18	45.75
169.23	45.88
169.29	50.18
169.34	54.31
169.40	56.77
169.46	60.88
169.51	62.93
169.57	58.32
169.63	54.23
169.68	59.19
169.74	55.86
169.80	61.55
169.85	63.19
169.91	67.62
169.97	63.14
170.02	63.16
170.08	61.92
170.13	62.26
170.19	61.70
170.25	63.75
170.30	67.44
170.36	59.44
170.42	61.45
170.47	62.46
170.53	64.24
170.59	61.55
170.64	65.41
170.70	63.40
170.76	60.55
170.81	62.00
170.87	61.24
170.92	62.51
170.98	65.24
171.04	67.70
171.09	63.70
171.15	71.66
171.21	71.77
171.26	69.07
171.32	66.94
171.37	70.53
171.43	64.48
171.49	69.37
171.54	72.66
171.60	74.14
171.66	75.86
171.71	76.57
171.77	73.82
171.83	79.06
171.88	78.10
171.94	77.29
171.99	81.57
172.05	80.85
172.11	82.17
172.16	90.44
172.22	91.38
172.28	91.20
172.33	89.17
172.39	86.31
172.44	83.42
172.50	88.42
172.56	88.68
172.61	96.37
172.67	95.99
172.72	95.67
172.78	90.53
172.84	85.63
172.89	79.70
172.95	79.13
173.01	79.85
173.06	78.96
173.12	84.31
173.17	85.47
173.23	84.61
173.29	85.03
173.34	85.96
173.40	80.09
173.46	80.68
173.51	83.08
173.57	82.87
173.62	78.11
173.68	85.12
173.74	83.97
173.79	85.87
173.85	83.46
173.90	85.94
173.96	82.22
174.02	79.33
174.07	71.35
174.13	70.52
174.18	72.55
174.24	66.06
174.30	66.34
174.35	71.36
174.41	68.76
174.47	63.02
174.52	64.16
174.58	63.53
174.63	59.32
174.69	57.61
174.75	59.06
174.80	70.12
174.86	67.11
174.91	67.83
174.97	68.00
175.03	65.66
175.08	53.31
175.14	60.06
175.19	55.95
175.25	56.31
175.31	60.61
175.36	62.40
175.42	59.02
175.47	63.95
175.53	64.58
175.59	61.29
175.64	62.37
175.70	60.79
175.75	56.06
175.81	54.39
175.87	55.60
175.92	51.90
175.98	53.33
176.03	53.27
176.09	53.79
176.15	53.90
176.20	54.82
176.26	54.94
176.31	58.69
176.37	56.25
176.42	56.83
176.48	60.53
176.54	58.01
176.59	54.72
176.65	57.41
176.70	58.66
176.76	58.11
176.82	56.11
176.87	53.49
176.93	53.11
176.98	52.29
177.04	47.30
177.10	52.13
177.15	53.24
177.21	54.25
177.26	53.09
177.32	56.99
177.37	58.32
177.43	62.20
177.49	58.97
177.54	56.13
177.60	56.29
177.65	56.77
177.71	51.88
177.77	54.98
177.82	56.85
177.88	60.63
177.93	56.37
177.99	62.13
178.04	57.54
178.10	58.43
178.16	51.61
178.21	52.44
178.27	50.17
178.32	54.24
178.38	52.74
178.43	54.83
178.49	54.93
178.55	53.55
178.60	52.29
178.66	51.66
178.71	52.97
178.77	50.90
178.82	52.18
178.88	52.16
178.94	52.59
178.99	53.71
179.05	57.88
179.10	53.68
179.16	56.73
179.21	59.45
179.27	58.12
179.33	54.08
179.38	58.08
179.44	55.79
179.49	55.87
179.55	53.88
179.60	53.90
179.66	52.63
179.72	54.87
179.77	51.91
179.83	51.17
179.88	52.67
179.94	54.24
179.99	50.63
180.05	51.20
180.11	52.04
180.16	54.59
180.22	56.96
180.27	61.82
180.33	62.72
180.38	67.00
180.44	62.25
180.49	61.99
180.55	60.25
180.61	64.33
180.66	58.94
180.72	57.86
180.77	55.75
180.83	55.34
180.88	52.15
180.94	51.90
180.99	55.81
181.05	55.70
181.11	56.66
181.16	56.98
181.22	58.21
181.27	60.32
181.33	59.55
181.38	56.28
181.44	57.45
181.49	62.13
181.55	62.71
181.61	68.71
181.66	71.03
181.72	68.71
181.77	65.96
181.83	63.33
181.88	68.12
181.94	70.27
181.99	75.74
182.05	76.40
182.11	77.45
182.16	68.90
182.22	66.98
182.27	62.55
182.33	65.21
182.38	65.31
182.44	69.55
182.49	71.55
182.55	73.23
182.60	72.46
182.66	74.60
182.72	76.62
182.77	78.63
182.83	82.26
182.88	85.94
182.94	88.35
182.99	86.39
183.05	85.49
183.10	87.68
183.16	87.16
183.21	88.86
183.27	97.00
183.32	102.74
183.38	107.49
183.44	115.77
183.49	122.35
183.55	125.73
183.60	134.07
183.66	142.08
183.71	153.44
183.77	163.46
183.82	175.01
183.88	188.26
183.93	202.42
183.99	218.04
184.04	236.91
184.10	250.60
184.15	264.14
184.21	278.15
184.27	280.23
184.32	279.33
184.38	275.41
184.43	267.29
184.49	246.32
184.54	224.77
184.60	210.57
184.65	193.81
184.71	182.71
184.76	184.37
184.82	202.61
184.87	222.60
184.93	250.39
184.98	281.14
185.04	315.57
185.09	342.69
185.15	371.51
185.20	406.22
185.26	444.08
185.31	475.74
185.37	507.46
185.43	529.17
185.48	550.22
185.54	573.83
185.59	600.29
185.65	625.89
185.70	669.14
185.76	717.31
185.81	753.07
185.87	791.60
185.92	838.28
185.98	874.89
186.03	891.36
186.09	892.02
186.14	864.32
186.20	806.01
186.25	712.57
186.31	618.16
186.36	546.56
186.42	514.89
186.47	522.22
186.53	571.53
186.58	644.30
186.64	720.78
186.69	793.70
186.75	854.26
186.80	910.50
186.86	964.45
186.91	1017.28
186.97	1061.06
187.02	1117.40
187.08	1164.21
187.13	1194.65
187.19	1222.08
187.24	1244.26
187.30	1240.01
187.35	1231.98
187.41	1234.90
187.47	1240.76
187.52	1258.05
187.58	1310.47
187.63	1401.06
187.69	1508.41
187.74	1608.09
187.80	1689.81
187.85	1744.71
187.91	1763.00
187.96	1752.05
188.02	1713.13
188.07	1652.29
188.13	1555.20
188.18	1452.12
188.24	1383.23
188.29	1358.77
188.35	1384.49
188.40	1475.22
188.46	1607.07
188.51	1733.86
188.57	1866.09
188.62	1994.63
188.67	2113.96
188.73	2225.92
188.78	2334.71
188.84	2439.76
188.89	2545.95
188.95	2650.05
189.00	2741.26
189.06	2839.76
189.11	2935.76
189.17	3016.97
189.22	3090.87
189.28	3178.68
189.33	3253.58
189.39	3315.57
189.44	3384.56
189.50	3460.17
189.55	3529.84
189.61	3582.55
189.66	3639.80
189.72	3693.69
189.77	3736.63
189.83	3756.16
189.88	3758.53
189.94	3719.52
189.99	3626.96
190.05	3462.43
190.10	3227.19
190.16	2958.41
190.21	2713.26
190.27	2540.48
190.32	2462.79
190.38	2481.02
190.43	2568.76
190.49	2674.07
190.54	2746.19
190.60	2787.96
190.65	2802.79
190.71	2798.99
190.76	2793.63
190.81	2809.27
190.87	2866.48
190.92	2988.14
190.98	3161.43
191.03	3365.05
191.09	3567.35
191.14	3729.30
191.20	3841.83
191.25	3941.75
191.31	4052.93
191.36	4210.41
191.42	4417.95
191.47	4666.48
191.53	4909.80
191.58	5114.68
191.64	5266.08
191.69	5375.82
191.75	5441.46
191.80	5484.93
191.85	5514.25
191.91	5540.88
191.96	5567.37
192.02	5597.45
192.07	5610.34
192.13	5605.33
192.18	5556.02
192.24	5437.50
192.29	5239.46
192.35	5012.99
192.40	4826.21
192.46	4718.51
192.51	4713.62
192.57	4811.15
192.62	4991.60
192.67	5180.94
192.73	5361.76
192.78	5526.04
192.84	5681.85
192.89	5820.60
192.95	5950.11
193.00	6065.55
193.06	6177.91
193.11	6282.77
193.17	6371.95
193.22	6460.10
193.28	6550.86
193.33	6627.08
193.38	6697.88
193.44	6773.62
193.49	6847.80
193.55	6909.72
193.60	6970.50
193.66	7024.92
193.71	7067.76
193.77	7092.42
193.82	7113.21
193.88	7132.16
193.93	7157.61
193.98	7185.60
194.04	7222.92
194.09	7266.01
194.15	7315.50
194.20	7356.21
194.26	7393.18
194.31	7429.31
194.37	7448.17
194.42	7442.66
194.47	7423.57
194.53	7372.78
194.58	7279.06
194.64	7165.05
194.69	7066.97
194.75	6995.89
194.80	6975.29
194.86	7012.06
194.91	7098.00
194.97	7199.18
195.02	7300.35
195.07	7393.71
195.13	7477.91
195.18	7555.83
195.24	7620.31
195.29	7675.41
195.35	7709.67
195.40	7743.79
195.46	7778.86
195.51	7848.76
195.56	7949.67
195.62	8082.74
195.67	8216.67
195.73	8345.30
195.78	8430.87
195.84	8478.02
195.89	8500.45
195.94	8530.98
196.00	8576.25
196.05	8647.71
196.11	8741.46
196.16	8841.09
196.22	8937.72
196.27	9023.47
196.32	9091.68
196.38	9147.69
196.43	9199.14
196.49	9242.32
196.54	9278.98
196.60	9323.77
196.65	9370.41
196.71	9416.20
196.76	9465.94
196.81	9507.70
196.87	9541.78
196.92	9568.40
196.98	9586.17
197.03	9591.58
197.09	9586.58
197.14	9578.13
197.19	9578.58
197.25	9594.70
197.30	9617.19
197.36	9667.38
197.41	9734.69
197.47	9798.54
197.52	9861.37
197.57	9930.68
197.63	9987.00
197.68	10036.21
197.74	10084.79
197.79	10129.42
197.84	10172.70
197.90	10219.43
197.95	10260.71
198.01	10299.68
198.06	10341.61
198.12	10379.97
198.17	10413.58
198.22	10449.61
198.28	10487.92
198.33	10527.63
198.39	10568.35
198.44	10616.75
198.49	10663.59
198.55	10709.14
198.60	10755.15
198.66	10801.50
198.71	10855.10
198.77	10911.39
198.82	10967.84
198.87	11020.41
198.93	11072.00
198.98	11112.78
199.04	11157.34
199.09	11198.02
199.14	11243.58
199.20	11285.43
199.25	11331.25
199.31	11372.96
199.36	11417.67
199.42	11459.66
199.47	11503.03
199.52	11543.34
199.58	11583.99
199.63	11613.86
199.69	11647.16
199.74	11682.56
199.79	11710.40
199.85	11737.19
199.90	11784.24
199.96	11823.24
200.01	11866.44
200.06	11916.77
200.12	11969.24
200.17	12016.44
200.23	12067.67
200.28	12112.94
200.33	12168.12
200.39	12213.40
200.44	12256.69
200.50	12301.23
200.55	12339.09
200.60	12370.54
200.66	12409.26
200.71	12445.26
200.77	12486.40
200.82	12533.38
200.87	12579.14
200.93	12621.85
200.98	12666.07
201.04	12702.26
201.09	12743.96
201.14	12790.60
201.20	12840.37
201.25	12897.11
201.31	12954.31
201.36	13017.75
201.41	13077.59
201.47	13132.42
201.52	13179.69
201.58	13237.84
201.63	13281.78
201.68	13327.71
201.74	13377.05
201.79	13428.76
201.84	13478.33
201.90	13526.58
201.95	13573.52
202.01	13624.94
202.06	13668.71
202.11	13703.81
202.17	13751.04
202.22	13794.81
202.28	13833.56
202.33	13875.35
202.38	13914.87
202.44	13956.68
202.49	13999.81
202.54	14049.12
202.60	14101.24
202.65	14154.07
202.71	14204.68
202.76	14247.67
202.81	14288.11
202.87	14338.55
202.92	14391.26
202.98	14440.87
203.03	14499.21
203.08	14553.57
203.14	14602.35
203.19	14654.84
203.24	14706.65
203.30	14752.65
203.35	14802.77
203.41	14847.27
203.46	14889.75
203.51	14930.37
203.57	14970.97
203.62	15011.31
203.67	15054.57
203.73	15092.73
203.78	15125.96
203.84	15165.48
203.89	15190.26
203.94	15211.21
204.00	15225.44
204.05	15229.80
204.10	15209.96
204.16	15178.73
204.21	15126.85
204.27	15043.06
204.32	14927.86
204.37	14787.32
204.43	14601.43
204.48	14379.82
204.53	14182.91
204.59	14091.43
204.64	14140.05
204.69	14345.35
204.75	14665.99
204.80	15026.98
204.86	15306.24
204.91	15471.89
204.96	15520.64
205.02	15492.06
205.07	15459.96
205.12	15511.19
205.18	15650.08
205.23	15868.21
205.28	16138.04
205.34	16399.56
205.39	16612.81
205.45	16765.37
205.50	16869.99
205.55	16948.32
205.61	17017.23
205.66	17077.19
205.71	17139.59
205.77	17202.48
205.82	17264.05
205.87	17326.35
205.93	17380.05
205.98	17426.28
206.03	17462.83
206.09	17505.82
206.14	17550.31
206.20	17602.01
206.25	17654.35
206.30	17719.53
206.36	17780.74
206.41	17843.56
206.46	17898.05
206.52	17947.60
206.57	17997.36
206.62	18041.61
206.68	18087.01
206.73	18137.56
206.78	18197.18
206.84	18256.81
206.89	18315.27
206.94	18373.37
207.00	18439.23
207.05	18506.63
207.11	18569.84
207.16	18635.70
207.21	18702.64
207.27	18759.33
207.32	18815.85
207.37	18871.75
207.43	18926.37
207.48	18971.82
207.53	19024.99
207.59	19077.65
207.64	19131.41
207.69	19201.07
207.75	19272.71
207.80	19332.86
207.85	19393.91
207.91	19455.20
207.96	19510.41
208.01	19567.38
208.07	19630.15
208.12	19693.16
208.17	19747.42
208.23	19794.41
208.28	19847.81
208.33	19906.42
208.39	19968.27
208.44	20037.16
208.49	20098.11
208.55	20158.15
208.60	20209.76
208.65	20252.16
208.71	20297.14
208.76	20354.06
208.81	20411.93
208.87	20479.89
208.92	20541.34
208.97	20601.68
209.03	20662.43
209.08	20719.63
209.13	20771.43
209.19	20836.26
209.24	20895.01
209.29	20955.98
209.35	21010.08
209.40	21075.28
209.45	21138.82
209.51	21208.10
209.56	21271.35
209.61	21342.25
209.67	21410.54
209.72	21469.60
209.77	21525.96
209.83	21588.15
209.88	21657.55
209.93	21718.90
209.99	21785.97
210.04	21859.66
210.09	21930.72
210.15	21989.71
210.20	22052.13
210.25	22115.34
210.31	22174.79
210.36	22223.38
210.41	22273.18
210.46	22327.84
210.52	22382.61
210.57	22433.53
210.62	22496.82
210.68	22560.79
210.73	22617.21
210.78	22675.59
210.84	22740.90
210.89	22803.15
210.94	22862.60
211.00	22923.86
211.05	22974.16
211.10	23035.40
211.16	23092.51
211.21	23155.49
211.26	23223.25
211.32	23299.83
211.37	23361.38
211.42	23427.75
211.47	23496.61
211.53	23563.24
211.58	23622.86
211.63	23683.27
211.69	23742.50
211.74	23795.14
211.79	23838.16
211.85	23899.36
211.90	23966.63
211.95	24032.34
212.01	24100.48
212.06	24180.01
212.11	24251.82
212.16	24319.66
212.22	24393.64
212.27	24460.53
212.32	24526.79
212.38	24590.37
212.43	24655.47
212.48	24713.98
212.54	24781.11
212.59	24849.40
212.64	24918.38
212.69	24981.43
212.75	25044.66
212.80	25109.39
212.85	25173.91
212.91	25227.16
212.96	25288.14
213.01	25351.45
213.07	25412.12
213.12	25469.99
213.17	25537.56
213.22	25598.00
213.28	25655.19
213.33	25698.34
213.38	25753.26
213.44	25803.01
213.49	25863.76
213.54	25934.91
213.60	26010.94
213.65	26078.83
213.70	26150.21
213.75	26201.42
213.81	26242.23
213.86	26286.02
213.91	26308.55
213.97	26322.67
214.02	26331.55
214.07	26321.71
214.12	26294.40
214.18	26262.61
214.23	26212.92
214.28	26137.82
214.34	26035.98
214.39	25897.60
214.44	25702.26
214.49	25430.15
214.55	25085.25
214.60	24644.65
214.65	24137.79
214.71	23701.49
214.76	23528.73
214.81	23658.77
214.86	24110.80
214.92	24803.23
214.97	25532.65
215.02	26084.53
215.08	26410.96
215.13	26515.54
215.18	26434.78
215.23	26264.53
215.29	26161.38
215.34	26227.33
215.39	26452.14
215.45	26835.72
215.50	27340.17
215.55	27831.86
215.60	28195.73
215.66	28440.24
215.71	28605.44
215.76	28715.74
215.81	28780.35
215.87	28842.71
215.92	28908.07
215.97	28962.22
216.03	29020.63
216.08	29087.28
216.13	29148.66
216.18	29216.11
216.24	29276.85
216.29	29331.60
216.34	29379.80
216.39	29444.06
216.45	29501.99
216.50	29567.59
216.55	29630.39
216.61	29710.47
216.66	29768.51
216.71	29828.73
216.76	29894.84
216.82	29973.33
216.87	30034.76
216.92	30119.09
216.97	30186.29
217.03	30258.86
217.08	30324.06
217.13	30404.31
217.18	30467.85
217.24	30545.91
217.29	30613.48
217.34	30665.55
217.39	30709.44
217.45	30759.02
217.50	30801.90
217.55	30855.06
217.61	30924.92
217.66	30992.90
217.71	31057.09
217.76	31138.80
217.82	31215.66
217.87	31288.62
217.92	31364.98
217.97	31439.98
218.03	31503.86
218.08	31560.40
218.13	31607.27
218.18	31652.07
218.24	31720.83
218.29	31773.49
218.34	31832.75
218.39	31900.33
218.45	31972.01
218.50	32022.58
218.55	32096.42
218.60	32159.51
218.66	32209.31
218.71	32276.38
218.76	32343.95
218.81	32404.82
218.87	32471.62
218.92	32549.78
218.97	32611.06
219.02	32676.59
219.08	32744.53
219.13	32815.81
219.18	32884.16
219.23	32946.21
219.29	33010.55
219.34	33073.50
219.39	33136.02
219.44	33202.40
219.50	33273.56
219.55	33333.86
219.60	33399.21
219.65	33468.24
219.71	33530.16
219.76	33581.70
219.81	33635.41
219.86	33689.73
219.92	33733.02
219.97	33791.51
220.02	33852.71
220.07	33916.68
220.13	33976.57
220.18	34043.13
220.23	34104.44
220.28	34180.77
220.33	34256.44
220.39	34318.87
220.44	34385.05
220.49	34443.08
220.54	34489.23
220.60	34542.63
220.65	34608.16
220.70	34671.10
220.75	34744.14
220.81	34831.64
220.86	34911.64
220.91	34981.73
220.96	35058.47
221.02	35130.14
221.07	35197.28
221.12	35256.95
221.17	35315.93
221.22	35367.21
221.28	35421.16
221.33	35475.75
221.38	35537.53
221.43	35608.85
221.49	35672.80
221.54	35737.71
221.59	35802.71
221.64	35880.76
221.69	35974.16
221.75	36073.88
221.80	36173.52
221.85	36250.89
221.90	36314.48
221.96	36370.69
222.01	36409.18
222.06	36445.25
222.11	36496.90
222.17	36544.38
222.22	36568.60
222.27	36615.96
222.32	36658.89
222.37	36707.56
222.43	36765.18
222.48	36834.61
222.53	36909.43
222.58	36995.75
222.63	37065.86
222.69	37137.73
222.74	37208.13
222.79	37271.43
222.84	37317.58
222.90	37368.48
222.95	37416.27
223.00	37461.78
223.05	37514.21
223.10	37572.84
223.16	37634.27
223.21	37686.92
223.26	37737.78
223.31	37777.21
223.36	37815.19
223.42	37856.22
223.47	37892.85
223.52	37931.95
223.57	37977.41
223.63	38029.44
223.68	38073.73
223.73	38146.15
223.78	38222.96
223.83	38293.18
223.89	38356.38
223.94	38434.92
223.99	38498.26
224.04	38572.48
224.09	38648.32
224.15	38739.96
224.20	38821.32
224.25	38904.61
224.30	38982.94
224.35	39070.88
224.41	39161.23
224.46	39251.50
224.51	39338.75
224.56	39418.61
224.61	39492.54
224.67	39558.78
224.72	39624.86
224.77	39715.44
224.82	39808.93
224.87	39894.51
224.93	39977.53
224.98	40057.10
225.03	40125.32
225.08	40195.90
225.13	40261.43
225.19	40326.24
225.24	40396.33
225.29	40450.19
225.34	40496.53
225.39	40539.16
225.45	40570.30
225.50	40592.47
225.55	40597.13
225.60	40587.01
225.65	40568.05
225.71	40523.07
225.76	40444.18
225.81	40336.86
225.86	40188.49
225.91	39981.73
225.97	39722.46
226.02	39390.62
226.07	39009.21
226.12	38759.67
226.17	38735.38
226.22	38950.40
226.28	39425.75
226.33	40106.10
226.38	40732.04
226.43	41192.36
226.48	41471.17
226.54	41569.26
226.59	41543.34
226.64	41450.26
226.69	41317.17
226.74	41245.17
226.80	41316.77
226.85	41489.88
226.90	41767.16
226.95	42182.63
227.00	42595.02
227.05	42917.52
227.11	43170.77
227.16	43376.85
227.21	43500.32
227.26	43599.89
227.31	43683.84
227.37	43743.11
227.42	43814.42
227.47	43891.24
227.52	43955.68
227.57	44020.52
227.62	44115.76
227.68	44186.97
227.73	44271.50
227.78	44364.20
227.83	44449.46
227.88	44517.82
227.93	44593.41
227.99	44666.38
228.04	44741.36
228.09	44820.38
228.14	44890.15
228.19	44968.64
228.24	45031.47
228.30	45103.87
228.35	45172.98
228.40	45241.67
228.45	45293.32
228.50	45364.98
228.56	45417.49
228.61	45471.05
228.66	45528.25
228.71	45597.39
228.76	45637.78
228.81	45690.96
228.87	45739.19
228.92	45804.15
228.97	45854.49
229.02	45950.18
229.07	46026.15
229.12	46113.53
229.17	46182.43
229.23	46269.67
229.28	46342.12
229.33	46424.09
229.38	46505.67
229.43	46580.16
229.48	46661.16
229.54	46725.56
229.59	46791.48
229.64	46857.94
229.69	46938.28
229.74	47021.36
229.79	47093.98
229.85	47170.32
229.90	47245.13
229.95	47313.76
230.00	47368.59
230.05	47449.76
230.10	47520.56
230.16	47581.28
230.21	47645.95
230.26	47706.30
230.31	47744.06
230.36	47799.28
230.41	47859.86
230.46	47946.69
230.52	48039.09
230.57	48123.59
230.62	48209.92
230.67	48292.67
230.72	48342.52
230.77	48379.06
230.82	48427.72
230.88	48454.66
230.93	48487.94
230.98	48518.54
231.03	48565.85
231.08	48622.95
231.13	48681.85
231.19	48748.04
231.24	48830.71
231.29	48919.45
231.34	48979.27
231.39	49061.27
231.44	49132.62
231.49	49186.64
231.55	49229.25
231.60	49279.86
231.65	49320.53
231.70	49363.41
231.75	49417.98
231.80	49466.49
231.85	49537.27
231.91	49588.09
231.96	49642.74
232.01	49705.04
232.06	49771.16
232.11	49830.54
232.16	49909.05
232.21	50000.45
232.26	50080.77
232.32	50161.00
232.37	50229.91
232.42	50297.55
232.47	50345.29
232.52	50397.49
232.57	50446.54
232.62	50505.66
232.68	50559.61
232.73	50627.13
232.78	50700.22
232.83	50780.45
232.88	50851.55
232.93	50930.14
232.98	50998.32
233.03	51049.38
233.09	51109.64
233.14	51182.08
233.19	51244.45
233.24	51301.30
233.29	51363.30
233.34	51392.80
233.39	51412.40
233.45	51434.89
233.50	51480.25
233.55	51524.44
233.60	51593.22
233.65	51660.68
233.70	51729.36
233.75	51773.41
233.80	51820.46
233.86	51872.68
233.91	51918.56
233.96	51963.22
234.01	52015.87
234.06	52073.38
234.11	52122.54
234.16	52179.63
234.21	52235.53
234.26	52284.85
234.32	52322.39
234.37	52366.17
234.42	52404.30
234.47	52431.24
234.52	52461.48
234.57	52506.72
234.62	52544.27
234.67	52589.39
234.73	52648.50
234.78	52706.92
234.83	52750.64
234.88	52796.80
234.93	52832.41
234.98	52877.01
235.03	52921.37
235.08	52987.62
235.13	53049.60
235.19	53120.94
235.24	53173.59
235.29	53245.56
235.34	53285.71
235.39	53313.63
235.44	53337.70
235.49	53371.02
235.54	53386.90
235.59	53407.84
235.65	53445.53
235.70	53484.36
235.75	53531.19
235.80	53585.44
235.85	53637.55
235.90	53685.41
235.95	53713.83
236.00	53742.33
236.05	53761.87
236.11	53787.77
236.16	53812.15
236.21	53866.30
236.26	53901.47
236.31	53930.70
236.36	53955.03
236.41	53970.67
236.46	53977.92
236.51	53998.28
236.56	54024.20
236.62	54053.99
236.67	54091.22
236.72	54134.04
236.77	54168.43
236.82	54211.83
236.87	54240.02
236.92	54273.45
236.97	54311.63
237.02	54349.75
237.07	54395.28
237.13	54458.50
237.18	54506.24
237.23	54548.60
237.28	54593.16
237.33	54634.62
237.38	54659.11
237.43	54688.75
237.48	54696.61
237.53	54715.56
237.58	54738.16
237.63	54777.25
237.69	54814.11
237.74	54874.44
237.79	54917.91
237.84	54926.53
237.89	54928.79
237.94	54941.32
237.99	54950.23
238.04	54963.36
238.09	54989.19
238.14	55017.89
238.19	55040.01
238.25	55059.15
238.30	55055.16
238.35	55062.85
238.40	55061.24
238.45	55065.58
238.50	55062.68
238.55	55078.97
238.60	55105.71
238.65	55124.31
238.70	55138.33
238.75	55154.93
238.80	55179.32
238.86	55178.36
238.91	55202.39
238.96	55232.98
239.01	55268.77
239.06	55293.89
239.11	55326.57
239.16	55350.43
239.21	55351.54
239.26	55347.11
239.31	55360.96
239.36	55367.29
239.41	55387.03
239.46	55420.50
239.52	55444.82
239.57	55459.59
239.62	55480.66
239.67	55502.41
239.72	55520.17
239.77	55534.22
239.82	55548.48
239.87	55564.45
239.92	55556.83
239.97	55550.13
240.02	55549.34
240.07	55541.75
240.12	55532.78
240.17	55538.45
240.23	55535.49
240.28	55537.13
240.33	55555.76
240.38	55551.78
240.43	55550.21
240.48	55572.61
240.53	55596.67
240.58	55602.75
240.63	55646.32
240.68	55663.09
240.73	55651.91
240.78	55638.15
240.83	55632.11
240.88	55596.86
240.93	55589.99
240.98	55594.87
241.04	55615.88
241.09	55645.19
241.14	55676.42
241.19	55711.70
241.24	55741.03
241.29	55760.25
241.34	55764.79
241.39	55772.80
241.44	55774.31
241.49	55784.99
241.54	55780.65
241.59	55775.86
241.64	55784.15
241.69	55776.67
241.74	55759.33
241.79	55745.45
241.84	55742.75
241.90	55718.09
241.95	55692.31
242.00	55664.87
242.05	55646.93
242.10	55634.46
242.15	55616.50
242.20	55610.71
242.25	55610.56
242.30	55608.83
242.35	55594.46
242.40	55599.59
242.45	55595.80
242.50	55586.61
242.55	55577.44
242.60	55572.84
242.65	55563.69
242.70	55571.80
242.75	55602.56
242.80	55646.53
242.85	55683.01
242.91	55703.20
242.96	55702.42
243.01	55677.18
243.06	55641.55
243.11	55611.88
243.16	55587.75
243.21	55580.70
243.26	55591.43
243.31	55606.52
243.36	55610.07
243.41	55628.00
243.46	55626.87
243.51	55596.50
243.56	55542.32
243.61	55483.57
243.66	55441.68
243.71	55406.64
243.76	55408.44
243.81	55435.07
243.86	55446.07
243.91	55443.88
243.96	55441.13
244.01	55409.59
244.06	55370.32
244.12	55356.68
244.17	55346.11
244.22	55347.89
244.27	55376.87
244.32	55400.24
244.37	55415.06
244.42	55416.52
244.47	55415.15
244.52	55393.58
244.57	55361.90
244.62	55344.05
244.67	55324.13
244.72	55293.61
244.77	55282.55
244.82	55304.86
244.87	55333.54
244.92	55357.49
244.97	55373.52
245.02	55366.85
245.07	55343.53
245.12	55312.16
245.17	55295.05
245.22	55293.31
245.27	55293.99
245.32	55261.82
245.37	55224.01
245.42	55176.32
245.47	55131.15
245.52	55089.95
245.57	55078.49
245.62	55063.18
245.67	55058.16
245.72	55054.26
245.77	55032.57
245.82	55010.39
245.87	55012.96
245.92	55024.16
245.98	55010.55
246.03	55013.40
246.08	55018.35
246.13	55012.39
246.18	55003.24
246.23	54996.05
246.28	54987.92
246.33	54980.87
246.38	54942.32
246.43	54904.03
246.48	54888.95
246.53	54889.37
246.58	54893.93
246.63	54912.31
246.68	54908.31
246.73	54898.52
246.78	54865.54
246.83	54810.46
246.88	54762.18
246.93	54719.16
246.98	54667.05
247.03	54633.37
247.08	54619.68
247.13	54605.60
247.18	54598.97
247.23	54625.74
247.28	54631.92
247.33	54611.89
247.38	54586.40
247.43	54569.15
247.48	54535.78
247.53	54512.93
247.58	54488.36
247.63	54467.50
247.68	54432.31
247.73	54381.31
247.78	54335.01
247.83	54306.65
247.88	54282.32
247.93	54277.88
247.98	54274.33
248.03	54274.70
248.08	54288.11
248.13	54287.07
248.18	54269.51
248.23	54262.32
248.28	54239.67
248.33	54189.63
248.38	54156.61
248.43	54132.08
248.48	54110.43
248.53	54087.18
248.58	54074.36
248.63	54059.89
248.68	54042.23
248.73	54017.51
248.78	53993.11
248.83	53948.18
248.88	53887.58
248.93	53819.52
248.98	53733.68
249.03	53681.85
249.08	53651.71
249.13	53642.66
249.18	53626.08
249.23	53642.93
249.28	53633.74
249.33	53629.54
249.38	53611.96
249.43	53609.74
249.48	53581.43
249.53	53570.66
249.58	53547.73
249.63	53531.86
249.68	53510.60
249.73	53498.86
249.78	53475.14
249.83	53467.52
249.88	53440.76
249.93	53426.77
249.98	53412.82
250.03	53402.44
250.08	53384.95
250.13	53382.28
250.18	53350.38
250.23	53312.49
250.28	53264.62
250.33	53199.56
250.37	53151.71
250.42	53111.43
250.47	53080.05
250.52	53060.81
250.57	53045.83
250.62	53015.03
250.67	52991.37
250.72	52976.12
250.77	52936.21
250.82	52918.26
250.87	52912.27
250.92	52907.45
250.97	52874.23
251.02	52865.76
251.07	52863.96
251.12	52846.27
251.17	52814.67
251.22	52793.45
251.27	52756.96
251.32	52704.49
251.37	52646.10
251.42	52591.25
251.47	52542.46
251.52	52517.10
251.57	52501.30
251.62	52490.69
251.67	52487.44
251.72	52477.68
251.77	52443.02
251.82	52399.61
251.87	52351.33
251.92	52307.01
251.97	52254.27
252.02	52206.66
252.07	52176.34
252.12	52165.04
252.16	52152.17
252.21	52151.19
252.26	52155.33
252.31	52152.51
252.36	52140.94
252.41	52116.41
252.46	52093.03
252.51	52074.22
252.56	52035.18
252.61	52001.14
252.66	51979.75
252.71	51960.44
252.76	51926.74
252.81	51902.93
252.86	51855.33
252.91	51807.21
252.96	51743.53
253.01	51674.20
253.06	51601.62
253.11	51549.15
253.16	51499.44
253.21	51448.75
253.26	51410.12
253.31	51381.44
253.36	51359.59
253.40	51336.62
253.45	51322.40
253.50	51286.97
253.55	51244.13
253.60	51203.37
253.65	51153.90
253.70	51113.98
253.75	51106.61
253.80	51096.91
253.85	51082.75
253.90	51088.44
253.95	51085.51
254.00	51075.79
254.05	51059.30
254.10	51022.58
254.15	50988.82
254.20	50963.80
254.25	50927.84
254.30	50899.61
254.35	50864.03
254.39	50793.09
254.44	50707.04
254.49	50628.70
254.54	50595.30
254.59	50563.06
254.64	50553.71
254.69	50556.79
254.74	50558.56
254.79	50517.03
254.84	50483.54
254.89	50464.74
254.94	50445.32
254.99	50427.59
255.04	50411.05
255.09	50405.76
255.14	50380.22
255.19	50359.51
255.23	50354.75
255.28	50353.31
255.33	50341.68
255.38	50328.71
255.43	50318.67
255.48	50291.00
255.53	50242.36
255.58	50214.24
255.63	50185.26
255.68	50134.00
255.73	50087.61
255.78	50062.25
255.83	50032.71
255.88	50011.58
255.93	49985.17
255.97	49963.01
256.02	49932.82
256.07	49888.27
256.12	49816.23
256.17	49768.58
256.22	49714.88
256.27	49658.88
256.32	49610.27
256.37	49597.46
256.42	49574.91
256.47	49550.41
256.52	49531.30
256.57	49504.92
256.62	49474.54
256.66	49454.05
256.71	49422.05
256.76	49379.05
256.81	49336.67
256.86	49288.82
256.91	49245.30
256.96	49200.10
257.01	49167.03
257.06	49145.32
257.11	49110.43
257.16	49055.53
257.21	49015.95
257.26	48981.81
257.30	48938.88
257.35	48901.61
257.40	48881.89
257.45	48866.96
257.50	48839.69
257.55	48807.21
257.60	48787.05
257.65	48763.38
257.70	48725.73
257.75	48684.74
257.80	48660.36
257.85	48623.32
257.89	48575.28
257.94	48513.78
257.99	48460.95
258.04	48399.32
258.09	48357.31
258.14	48323.65
258.19	48314.83
258.24	48295.36
258.29	48259.14
258.34	48211.40
258.39	48172.40
258.44	48106.85
258.48	48046.77
258.53	48017.99
258.58	47983.11
258.63	47934.99
258.68	47900.63
258.73	47866.26
258.78	47817.79
258.83	47770.61
258.88	47731.02
258.93	47689.48
258.97	47660.93
259.02	47640.53
259.07	47618.49
259.12	47603.53
259.17	47595.33
259.22	47581.45
259.27	47551.91
259.32	47531.82
259.37	47484.26
259.42	47435.62
259.47	47385.62
259.51	47335.37
259.56	47265.74
259.61	47196.15
259.66	47122.40
259.71	47049.78
259.76	46986.56
259.81	46931.97
259.86	46900.66
259.91	46869.83
259.95	46842.49
260.00	46814.97
260.05	46794.53
260.10	46770.38
260.15	46755.99
260.20	46745.38
260.25	46743.31
260.30	46740.50
260.35	46709.17
260.40	46672.48
260.44	46644.44
260.49	46616.08
260.54	46574.06
260.59	46555.82
260.64	46554.04
260.69	46544.75
260.74	46510.10
260.79	46473.31
260.84	46425.01
260.88	46365.38
260.93	46290.19
260.98	46247.75
261.03	46209.71
261.08	46186.90
261.13	46146.74
261.18	46109.78
261.23	46054.22
261.28	46009.92
261.32	45957.68
261.37	45915.17
261.42	45879.64
261.47	45855.60
261.52	45815.96
261.57	45776.67
261.62	45737.80
261.67	45688.94
261.71	45618.98
261.76	45566.96
261.81	45513.91
261.86	45456.66
261.91	45418.30
261.96	45389.22
262.01	45349.47
262.06	45322.68
262.10	45310.56
262.15	45287.66
262.20	45271.06
262.25	45258.41
262.30	45238.49
262.35	45210.52
262.40	45179.18
262.45	45142.83
262.49	45114.33
262.54	45082.95
262.59	45052.61
262.64	45026.78
262.69	44991.14
262.74	44945.35
262.79	44886.49
262.84	44841.11
262.88	44792.87
262.93	44745.19
262.98	44699.78
263.03	44661.16
263.08	44602.13
263.13	44526.85
263.18	44459.31
263.23	44399.46
263.27	44357.80
263.32	44327.21
263.37	44314.78
263.42	44295.94
263.47	44268.16
263.52	44241.59
263.57	44207.77
263.61	44164.24
263.66	44126.74
263.71	44095.81
263.76	44056.02
263.81	44007.81
263.86	43975.81
263.91	43935.57
263.95	43880.39
264.00	43821.19
264.05	43778.48
264.10	43717.32
264.15	43656.70
264.20	43612.19
264.25	43567.86
264.29	43514.66
264.34	43462.13
264.39	43429.05
264.44	43376.41
264.49	43334.43
264.54	43294.63
264.59	43257.58
264.63	43205.74
264.68	43152.60
264.73	43095.57
264.78	43042.98
264.83	42992.35
264.88	42948.68
264.93	42925.07
264.97	42901.22
265.02	42875.54
265.07	42850.23
265.12	42811.99
265.17	42766.97
265.22	42721.74
265.27	42665.32
265.31	42607.64
265.36	42544.65
265.41	42489.32
265.46	42428.91
265.51	42357.71
265.56	42302.00
265.60	42256.93
265.65	42205.13
265.70	42150.44
265.75	42107.56
265.80	42053.08
265.85	41994.63
265.90	41925.83
265.94	41868.62
265.99	41809.42
266.04	41755.07
266.09	41710.32
266.14	41680.22
266.19	41642.31
266.23	41605.25
266.28	41558.66
266.33	41521.10
266.38	41488.90
266.43	41468.46
266.48	41448.22
266.52	41431.24
266.57	41399.46
266.62	41362.36
266.67	41310.05
266.72	41264.24
266.77	41228.38
266.81	41201.03
266.86	41166.61
266.91	41138.61
266.96	41101.61
267.01	41061.01
267.06	41006.21
267.10	40954.74
267.15	40901.31
267.20	40865.18
267.25	40824.47
267.30	40791.67
267.35	40756.53
267.39	40726.31
267.44	40684.50
267.49	40642.42
267.54	40599.47
267.59	40548.59
267.64	40488.47
267.68	40422.52
267.73	40361.11
267.78	40310.75
267.83	40286.50
267.88	40274.03
267.93	40274.77
267.97	40264.35
268.02	40234.70
268.07	40187.30
268.12	40129.56
268.17	40068.76
268.21	40024.71
268.26	39978.61
268.31	39932.61
268.36	39887.23
268.41	39840.32
268.46	39782.68
268.50	39746.41
268.55	39702.00
268.60	39642.04
268.65	39579.39
268.70	39511.94
268.74	39437.72
268.79	39362.54
268.84	39313.83
268.89	39277.37
268.94	39242.97
268.99	39202.80
269.03	39168.30
269.08	39119.85
269.13	39038.67
269.18	38956.45
269.23	38863.06
269.27	38754.30
269.32	38625.44
269.37	38509.60
269.42	38369.44
269.47	38227.74
269.51	38085.55
269.56	37953.39
269.61	37808.58
269.66	37656.99
269.71	37507.84
269.76	37366.68
269.80	37209.07
269.85	37060.45
269.90	36927.71
269.95	36778.59
270.00	36614.96
270.04	36461.68
270.09	36316.60
270.14	36167.14
270.19	36029.01
270.24	35895.98
270.28	35748.23
270.33	35572.34
270.38	35397.56
270.43	35216.84
270.48	35041.95
270.52	34886.49
270.57	34734.33
270.62	34578.05
270.67	34426.93
270.72	34268.37
270.76	34087.65
270.81	33920.65
270.86	33746.16
270.91	33572.91
270.96	33399.06
271.00	33243.40
271.05	33082.24
271.10	32947.16
271.15	32810.58
271.20	32691.09
271.24	32554.86
271.29	32418.40
271.34	32265.68
271.39	32117.40
271.44	31960.17
271.48	31821.80
271.53	31680.60
271.58	31538.00
271.63	31394.70
271.67	31249.91
271.72	31099.54
271.77	30954.41
271.82	30819.11
271.87	30682.36
271.91	30524.96
271.96	30383.58
272.01	30240.23
272.06	30103.12
272.11	29974.45
272.15	29873.78
272.20	29765.58
272.25	29671.52
272.30	29571.63
272.35	29464.78
272.39	29352.91
272.44	29230.52
272.49	29093.28
272.54	28952.14
272.58	28802.58
272.63	28650.37
272.68	28502.61
272.73	28345.17
272.78	28177.13
272.82	27984.81
272.87	27765.71
272.92	27474.92
272.97	26949.43
273.01	23975.10
273.06	19010.07
273.11	13536.61
273.16	8167.92
273.21	3073.98
273.25	466.76
273.30	-88.28
273.35	-88.97
