165.32	3385.80
165.38	-248.36
165.44	597.80
165.50	-75.74
165.55	-15.97
165.61	7.70
165.67	36.87
165.72	46.38
165.78	52.29
165.84	50.92
165.89	48.06
165.95	46.32
166.01	46.06
166.06	47.64
166.12	50.18
166.18	48.36
166.23	50.23
166.29	49.27
166.35	45.97
166.40	45.15
166.46	51.60
166.52	54.29
166.57	54.94
166.63	55.69
166.69	58.06
166.74	52.01
166.80	52.60
166.86	54.78
166.91	55.64
166.97	50.26
167.03	53.14
167.08	47.59
167.14	46.75
167.20	44.58
167.25	56.76
167.31	57.01
167.37	62.29
167.42	64.39
167.48	70.26
167.54	64.94
167.59	64.13
167.65	59.87
167.71	59.36
167.76	58.22
167.82	53.63
167.88	53.29
167.93	60.81
167.99	59.94
168.05	62.34
168.10	70.56
168.16	70.09
168.21	67.86
168.27	71.79
168.33	73.51
168.38	65.71
168.44	70.55
168.50	69.30
168.55	67.96
168.61	68.49
168.67	70.69
168.72	67.87
168.78	68.13
168.84	64.18
168.89	62.83
168.95	63.45
169.01	62.85
169.06	62.61
169.12	61.88
169.18	60.06
169.23	60.01
169.29	64.46
169.34	68.66
169.40	71.43
169.46	75.92
169.51	77.32
169.57	72.84
169.63	69.00
169.68	73.98
169.74	69.94
169.80	76.56
169.85	77.86
169.91	81.98
169.97	77.91
170.02	77.83
170.08	76.76
170.13	77.02
170.19	76.27
170.25	77.57
170.30	81.95
170.36	73.73
170.42	75.88
170.47	77.12
170.53	79.04
170.59	76.09
170.64	79.35
170.70	77.63
170.76	74.98
170.81	76.19
170.87	75.47
170.92	76.75
170.98	79.72
171.04	82.60
171.09	78.52
171.15	85.84
171.21	86.71
171.26	83.52
171.32	80.86
171.37	84.34
171.43	78.87
171.49	83.15
171.54	86.47
171.60	87.73
171.66	89.58
171.71	90.11
171.77	87.79
171.83	93.92
171.88	93.31
171.94	92.80
171.99	97.46
172.05	96.24
172.11	96.75
172.16	104.90
172.22	105.64
172.28	105.43
172.33	104.25
172.39	101.31
172.44	97.84
172.50	102.94
172.56	102.69
172.61	110.46
172.67	110.05
172.72	110.32
172.78	105.59
172.84	100.59
172.89	94.04
172.95	93.49
173.01	94.33
173.06	92.64
173.12	99.06
173.17	100.76
173.23	100.12
173.29	100.19
173.34	101.74
173.40	95.79
173.46	95.97
173.51	99.27
173.57	99.59
173.62	93.86
173.68	100.55
173.74	99.56
173.79	100.21
173.85	97.58
173.90	100.95
173.96	97.06
174.02	94.42
174.07	86.52
174.13	85.82
174.18	88.14
174.24	81.90
174.30	81.54
174.35	87.11
174.41	84.21
174.47	77.86
174.52	78.74
174.58	78.58
174.63	74.26
174.69	72.69
174.75	75.56
174.80	86.52
174.86	83.67
174.91	84.74
174.97	84.80
175.03	81.30
175.08	69.39
175.14	75.99
175.19	71.81
175.25	72.75
175.31	77.89
175.36	79.35
175.42	76.07
175.47	80.84
175.53	81.10
175.59	77.26
175.64	78.81
175.70	77.71
175.75	73.03
175.81	71.61
175.87	72.71
175.92	68.86
175.98	69.94
176.03	69.96
176.09	70.21
176.15	70.33
176.20	71.31
176.26	71.31
176.31	74.31
176.37	71.90
176.42	72.76
176.48	76.61
176.54	74.30
176.59	72.00
176.65	74.85
176.70	76.16
176.76	75.39
176.82	73.59
176.87	70.63
176.93	70.65
176.98	69.31
177.04	64.41
177.10	68.93
177.15	70.25
177.21	71.02
177.26	69.93
177.32	73.54
177.37	75.79
177.43	79.43
177.49	75.67
177.54	73.23
177.60	73.50
177.65	73.42
177.71	67.74
177.77	70.99
177.82	72.58
177.88	76.60
177.93	72.00
177.99	78.58
178.04	74.34
178.10	75.05
178.16	68.79
178.21	69.96
178.27	67.10
178.32	70.98
178.38	70.12
178.43	71.26
178.49	71.41
178.55	70.78
178.60	69.77
178.66	68.85
178.71	70.18
178.77	67.87
178.82	68.62
178.88	68.03
178.94	68.33
178.99	69.41
179.05	73.73
179.10	69.95
179.16	72.91
179.21	75.57
179.27	74.66
179.33	70.32
179.38	74.47
179.44	72.59
179.49	72.78
179.55	71.00
179.60	71.41
179.66	70.22
179.72	72.66
179.77	69.60
179.83	68.63
179.88	69.98
179.94	71.15
179.99	67.41
180.05	67.99
180.11	68.65
180.16	70.76
180.22	72.71
180.27	77.41
180.33	78.17
180.38	82.16
180.44	78.26
180.49	78.61
180.55	76.06
180.61	80.10
180.66	75.03
180.72	73.18
180.77	71.34
180.83	71.75
180.88	68.73
180.94	68.50
180.99	72.27
181.05	71.80
181.11	72.90
181.16	73.72
181.22	74.88
181.27	77.31
181.33	76.52
181.38	73.16
181.44	73.63
181.49	78.45
181.55	78.99
181.61	84.77
181.66	87.40
181.72	85.51
181.77	82.68
181.83	79.96
181.88	84.63
181.94	86.18
181.99	90.68
182.05	91.08
182.11	91.66
182.16	82.93
182.22	80.25
182.27	75.62
182.33	77.61
182.38	77.43
182.44	82.15
182.49	84.59
182.55	86.50
182.60	85.80
182.66	88.56
182.72	90.26
182.77	92.27
182.83	95.85
182.88	99.49
182.94	100.88
182.99	98.54
183.05	97.35
183.10	99.20
183.16	97.18
183.21	97.77
183.27	103.87
183.32	106.93
183.38	109.15
183.44	115.35
183.49	119.09
183.55	118.84
183.60	123.30
183.66	127.49
183.71	135.09
183.77	140.36
183.82	148.19
183.88	157.72
183.93	167.24
183.99	177.58
184.04	192.05
184.10	202.63
184.15	212.56
184.21	223.80
184.27	226.28
184.32	228.09
184.38	227.39
184.43	225.32
184.49	212.76
184.54	200.21
184.60	195.03
184.65	184.03
184.71	176.49
184.76	178.04
184.82	193.75
184.87	206.71
184.93	228.72
184.98	253.27
185.04	281.57
185.09	301.96
185.15	325.08
185.20	354.26
185.26	385.91
185.31	411.75
185.37	437.31
185.43	456.24
185.48	474.23
185.54	494.29
185.59	518.57
185.65	542.63
185.70	580.54
185.76	622.26
185.81	655.13
185.87	690.13
185.92	731.95
185.98	765.12
186.03	782.17
186.09	786.70
186.14	765.50
186.20	717.73
186.25	641.29
186.31	564.93
186.36	504.36
186.42	478.20
186.47	488.93
186.53	533.43
186.58	598.44
186.64	669.94
186.69	739.79
186.75	798.30
186.80	854.88
186.86	912.44
186.91	971.04
186.97	1026.20
187.02	1095.70
187.08	1164.98
187.13	1224.47
187.19	1290.89
187.24	1360.58
187.30	1417.19
187.35	1476.58
187.41	1550.18
187.47	1619.27
187.52	1678.99
187.58	1738.49
187.63	1801.33
187.69	1860.77
187.74	1911.90
187.80	1960.45
187.85	2003.47
187.91	2026.72
187.96	2015.76
188.02	1953.79
188.07	1844.93
188.13	1688.99
188.18	1522.88
188.24	1398.40
188.29	1340.43
188.35	1346.48
188.40	1422.91
188.46	1544.22
188.51	1663.94
188.57	1784.93
188.62	1906.94
188.67	2019.96
188.73	2127.73
188.78	2230.89
188.84	2332.94
188.89	2433.04
188.95	2535.13
189.00	2624.29
189.06	2720.23
189.11	2810.93
189.17	2890.09
189.22	2961.64
189.28	3046.28
189.33	3120.63
189.39	3185.40
189.44	3251.76
189.50	3324.17
189.55	3391.83
189.61	3447.13
189.66	3504.75
189.72	3563.51
189.77	3616.49
189.83	3646.51
189.88	3658.41
189.94	3630.69
189.99	3553.96
190.05	3406.56
190.10	3195.47
190.16	2954.11
190.21	2742.10
190.27	2607.89
190.32	2575.20
190.38	2648.90
190.43	2804.03
190.49	2990.13
190.54	3159.77
190.60	3318.43
190.65	3461.68
190.71	3594.87
190.76	3724.72
190.81	3852.06
190.87	3971.68
190.92	4093.77
190.98	4205.64
191.03	4308.94
191.09	4417.35
191.14	4516.40
191.20	4599.21
191.25	4693.96
191.31	4789.15
191.36	4873.97
191.42	4953.24
191.47	5040.48
191.53	5120.12
191.58	5188.20
191.64	5245.84
191.69	5304.44
191.75	5344.71
191.80	5377.00
191.85	5394.95
191.91	5417.47
191.96	5436.74
192.02	5466.84
192.07	5481.02
192.13	5482.02
192.18	5435.45
192.24	5323.59
192.29	5134.30
192.35	4915.18
192.40	4732.75
192.46	4625.44
192.51	4620.21
192.57	4715.00
192.62	4886.44
192.67	5068.55
192.73	5246.69
192.78	5408.43
192.84	5555.95
192.89	5690.11
192.95	5818.60
193.00	5929.14
193.06	6035.71
193.11	6140.85
193.17	6228.46
193.22	6310.34
193.28	6398.98
193.33	6472.11
193.38	6538.66
193.44	6608.29
193.49	6682.29
193.55	6740.92
193.60	6796.87
193.66	6849.11
193.71	6896.90
193.77	6922.59
193.82	6944.16
193.88	6963.40
193.93	6990.71
193.98	7016.89
194.04	7052.95
194.09	7098.74
194.15	7150.89
194.20	7193.96
194.26	7233.57
194.31	7278.55
194.37	7303.31
194.42	7312.75
194.47	7305.99
194.53	7268.01
194.58	7182.00
194.64	7076.25
194.69	6983.73
194.75	6916.18
194.80	6900.41
194.86	6941.90
194.91	7035.27
194.97	7139.45
195.02	7250.48
195.07	7355.90
195.13	7461.15
195.18	7572.85
195.24	7682.97
195.29	7792.77
195.35	7899.86
195.40	8004.20
195.46	8086.31
195.51	8173.37
195.56	8250.01
195.62	8322.51
195.67	8379.27
195.73	8444.05
195.78	8493.40
195.84	8536.42
195.89	8567.72
195.94	8604.97
196.00	8638.53
196.05	8668.79
196.11	8712.78
196.16	8761.02
196.22	8810.54
196.27	8860.75
196.32	8913.60
196.38	8956.57
196.43	9003.09
196.49	9042.94
196.54	9077.84
196.60	9118.67
196.65	9166.48
196.71	9210.62
196.76	9254.95
196.81	9294.35
196.87	9326.86
196.92	9355.34
196.98	9371.49
197.03	9383.72
197.09	9382.25
197.14	9381.84
197.19	9374.63
197.25	9386.89
197.30	9409.26
197.36	9462.74
197.41	9526.29
197.47	9589.04
197.52	9651.49
197.57	9718.78
197.63	9770.48
197.68	9820.13
197.74	9875.75
197.79	9919.81
197.84	9961.05
197.90	10009.45
197.95	10047.34
198.01	10087.51
198.06	10133.21
198.12	10178.20
198.17	10212.34
198.22	10253.85
198.28	10293.99
198.33	10338.14
198.39	10380.50
198.44	10433.02
198.49	10483.84
198.55	10530.43
198.60	10574.50
198.66	10615.73
198.71	10661.72
198.77	10708.23
198.82	10762.24
198.87	10811.44
198.93	10863.10
198.98	10904.77
199.04	10947.35
199.09	10982.28
199.14	11025.57
199.20	11065.84
199.25	11108.34
199.31	11152.10
199.36	11198.44
199.42	11236.76
199.47	11275.75
199.52	11314.55
199.58	11349.49
199.63	11371.02
199.69	11398.99
199.74	11431.79
199.79	11457.80
199.85	11490.08
199.90	11538.03
199.96	11581.41
200.01	11623.65
200.06	11673.52
200.12	11717.28
200.17	11765.93
200.23	11818.72
200.28	11863.01
200.33	11916.68
200.39	11962.65
200.44	12005.02
200.50	12046.45
200.55	12086.45
200.60	12115.32
200.66	12151.66
200.71	12179.62
200.77	12216.32
200.82	12256.41
200.87	12300.54
200.93	12342.84
200.98	12392.22
201.04	12430.87
201.09	12473.52
201.14	12518.76
201.20	12568.45
201.25	12620.15
201.31	12675.34
201.36	12737.50
201.41	12794.76
201.47	12850.14
201.52	12897.61
201.58	12954.61
201.63	13003.17
201.68	13049.67
201.74	13100.29
201.79	13153.10
201.84	13208.34
201.90	13252.89
201.95	13305.62
202.01	13361.20
202.06	13412.02
202.11	13448.25
202.17	13499.69
202.22	13549.54
202.28	13589.16
202.33	13631.26
202.38	13673.40
202.44	13716.52
202.49	13757.21
202.54	13802.31
202.60	13848.32
202.65	13894.86
202.71	13939.57
202.76	13981.68
202.81	14021.03
202.87	14070.02
202.92	14114.09
202.98	14165.18
203.03	14215.41
203.08	14269.88
203.14	14320.95
203.19	14382.48
203.24	14435.52
203.30	14490.96
203.35	14543.53
203.41	14591.62
203.46	14634.04
203.51	14677.59
203.57	14715.81
203.62	14762.58
203.67	14814.54
203.73	14863.70
203.78	14912.71
203.84	14965.11
203.89	15007.32
203.94	15051.44
204.00	15099.13
204.05	15146.43
204.10	15188.12
204.16	15233.74
204.21	15279.14
204.27	15326.50
204.32	15370.29
204.37	15426.33
204.43	15479.58
204.48	15529.48
204.53	15573.95
204.59	15626.92
204.64	15684.39
204.69	15743.42
204.75	15797.76
204.80	15859.06
204.86	15910.16
204.91	15958.43
204.96	16011.92
205.02	16065.43
205.07	16121.50
205.12	16185.56
205.18	16250.65
205.23	16305.18
205.28	16370.60
205.34	16428.00
205.39	16485.11
205.45	16539.45
205.50	16596.07
205.55	16647.94
205.61	16705.52
205.66	16759.11
205.71	16819.78
205.77	16878.80
205.82	16943.72
205.87	16994.59
205.93	17045.62
205.98	17089.98
206.03	17133.07
206.09	17173.20
206.14	17224.31
206.20	17279.93
206.25	17333.17
206.30	17398.40
206.36	17451.00
206.41	17515.99
206.46	17563.40
206.52	17616.21
206.57	17661.61
206.62	17709.37
206.68	17751.25
206.73	17807.83
206.78	17860.41
206.84	17912.68
206.89	17974.26
206.94	18029.51
207.00	18095.58
207.05	18160.74
207.11	18230.48
207.16	18294.09
207.21	18360.19
207.27	18412.67
207.32	18467.47
207.37	18522.65
207.43	18576.24
207.48	18628.12
207.53	18682.69
207.59	18740.43
207.64	18795.87
207.69	18860.80
207.75	18927.52
207.80	18981.50
207.85	19033.87
207.91	19083.93
207.96	19132.84
208.01	19188.53
208.07	19251.41
208.12	19316.56
208.17	19378.32
208.23	19432.41
208.28	19475.71
208.33	19530.39
208.39	19583.95
208.44	19644.87
208.49	19704.84
208.55	19763.18
208.60	19818.10
208.65	19865.26
208.71	19912.50
208.76	19967.17
208.81	20033.42
208.87	20098.67
208.92	20162.97
208.97	20225.64
209.03	20285.13
209.08	20344.61
209.13	20402.60
209.19	20463.14
209.24	20520.66
209.29	20581.43
209.35	20636.94
209.40	20701.08
209.45	20765.44
209.51	20835.19
209.56	20898.00
209.61	20962.13
209.67	21020.98
209.72	21075.96
209.77	21125.24
209.83	21186.07
209.88	21255.42
209.93	21320.01
209.99	21386.57
210.04	21458.61
210.09	21524.01
210.15	21579.52
210.20	21641.70
210.25	21703.07
210.31	21768.59
210.36	21821.21
210.41	21873.45
210.46	21928.19
210.52	21982.10
210.57	22026.00
210.62	22085.12
210.68	22148.41
210.73	22201.68
210.78	22264.93
210.84	22328.34
210.89	22395.39
210.94	22448.18
211.00	22510.13
211.05	22558.72
211.10	22624.09
211.16	22675.83
211.21	22744.78
211.26	22809.12
211.32	22883.73
211.37	22948.72
211.42	23018.37
211.47	23084.15
211.53	23149.12
211.58	23211.72
211.63	23267.83
211.69	23323.49
211.74	23373.98
211.79	23427.54
211.85	23474.84
211.90	23538.58
211.95	23605.54
212.01	23674.86
212.06	23742.75
212.11	23821.77
212.16	23895.81
212.22	23970.30
212.27	24033.34
212.32	24101.94
212.38	24165.98
212.43	24225.38
212.48	24282.84
212.54	24357.83
212.59	24430.06
212.64	24500.35
212.69	24567.49
212.75	24637.65
212.80	24705.14
212.85	24766.03
212.91	24824.89
212.96	24881.36
213.01	24938.51
213.07	24993.03
213.12	25055.91
213.17	25116.49
213.22	25180.62
213.28	25242.13
213.33	25296.09
213.38	25351.47
213.44	25413.02
213.49	25478.39
213.54	25549.96
213.60	25631.89
213.65	25712.16
213.70	25796.72
213.75	25867.88
213.81	25931.33
213.86	25992.99
213.91	26054.24
213.97	26101.78
214.02	26153.08
214.07	26206.01
214.12	26258.52
214.18	26305.97
214.23	26369.34
214.28	26439.86
214.34	26510.46
214.39	26584.13
214.44	26654.61
214.49	26715.01
214.55	26771.85
214.60	26826.19
214.65	26879.44
214.71	26937.05
214.76	27002.31
214.81	27066.81
214.86	27146.56
214.92	27210.66
214.97	27274.68
215.02	27341.11
215.08	27407.12
215.13	27470.69
215.18	27537.80
215.23	27613.85
215.29	27683.21
215.34	27756.58
215.39	27827.27
215.45	27908.85
215.50	27980.26
215.55	28052.42
215.60	28118.86
215.66	28168.65
215.71	28225.22
215.76	28289.79
215.81	28340.84
215.87	28393.44
215.92	28455.74
215.97	28503.59
216.03	28553.99
216.08	28614.04
216.13	28672.53
216.18	28730.34
216.24	28794.72
216.29	28847.71
216.34	28900.72
216.39	28971.91
216.45	29034.66
216.50	29094.80
216.55	29157.76
216.61	29227.15
216.66	29270.69
216.71	29328.64
216.76	29387.49
216.82	29459.18
216.87	29526.97
216.92	29607.18
216.97	29674.10
217.03	29751.74
217.08	29826.78
217.13	29904.27
217.18	29976.98
217.24	30055.50
217.29	30121.36
217.34	30170.91
217.39	30213.20
217.45	30260.99
217.50	30307.41
217.55	30360.80
217.61	30423.40
217.66	30490.71
217.71	30552.14
217.76	30626.42
217.82	30707.42
217.87	30780.48
217.92	30854.19
217.97	30925.62
218.03	30990.46
218.08	31032.64
218.13	31082.28
218.18	31132.35
218.24	31204.51
218.29	31263.36
218.34	31329.19
218.39	31392.24
218.45	31452.16
218.50	31500.78
218.55	31565.70
218.60	31626.60
218.66	31681.62
218.71	31750.23
218.76	31817.16
218.81	31879.21
218.87	31944.61
218.92	32013.84
218.97	32080.64
219.02	32142.19
219.08	32206.24
219.13	32277.52
219.18	32345.67
219.23	32404.79
219.29	32469.08
219.34	32528.92
219.39	32593.54
219.44	32657.93
219.50	32725.04
219.55	32787.33
219.60	32854.77
219.65	32921.80
219.71	32991.13
219.76	33042.93
219.81	33097.96
219.86	33155.93
219.92	33202.76
219.97	33251.26
220.02	33310.86
220.07	33368.29
220.13	33420.78
220.18	33487.08
220.23	33557.73
220.28	33640.56
220.33	33722.88
220.39	33791.95
220.44	33845.68
220.49	33903.49
220.54	33948.71
220.60	33995.40
220.65	34054.27
220.70	34125.56
220.75	34190.75
220.81	34270.43
220.86	34350.13
220.91	34416.64
220.96	34487.37
221.02	34562.19
221.07	34624.99
221.12	34678.35
221.17	34744.19
221.22	34801.62
221.28	34855.59
221.33	34913.75
221.38	34983.28
221.43	35054.33
221.49	35112.93
221.54	35175.29
221.59	35244.21
221.64	35323.32
221.69	35405.14
221.75	35508.96
221.80	35602.73
221.85	35678.25
221.90	35741.39
221.96	35800.57
222.01	35833.38
222.06	35863.12
222.11	35908.69
222.17	35955.22
222.22	35984.86
222.27	36036.26
222.32	36092.39
222.37	36146.24
222.43	36202.65
222.48	36266.76
222.53	36339.44
222.58	36412.99
222.63	36487.38
222.69	36555.68
222.74	36629.29
222.79	36688.00
222.84	36741.31
222.90	36789.00
222.95	36841.11
223.00	36885.84
223.05	36939.06
223.10	37000.55
223.16	37058.77
223.21	37107.41
223.26	37160.03
223.31	37195.65
223.36	37228.71
223.42	37267.70
223.47	37303.94
223.52	37345.79
223.57	37394.51
223.63	37447.69
223.68	37498.46
223.73	37572.84
223.78	37648.04
223.83	37717.51
223.89	37778.99
223.94	37852.18
223.99	37914.29
224.04	37986.50
224.09	38061.52
224.15	38147.99
224.20	38224.48
224.25	38307.34
224.30	38391.12
224.35	38481.78
224.41	38577.89
224.46	38672.43
224.51	38757.12
224.56	38833.08
224.61	38910.54
224.67	38980.45
224.72	39053.34
224.77	39150.42
224.82	39251.27
224.87	39338.22
224.93	39421.92
224.98	39513.30
225.03	39597.13
225.08	39673.89
225.13	39758.51
225.19	39849.91
225.24	39936.48
225.29	40009.64
225.34	40089.49
225.39	40178.37
225.45	40267.49
225.50	40349.24
225.55	40439.35
225.60	40532.06
225.65	40627.69
225.71	40719.15
225.76	40818.61
225.81	40913.76
225.86	41011.15
225.91	41105.40
225.97	41203.16
226.02	41295.94
226.07	41378.39
226.12	41448.14
226.17	41501.28
226.22	41565.57
226.28	41635.85
226.33	41710.15
226.38	41776.32
226.43	41852.10
226.48	41910.22
226.54	41962.89
226.59	42033.74
226.64	42118.05
226.69	42195.99
226.74	42270.77
226.80	42344.56
226.85	42396.00
226.90	42442.49
226.95	42500.98
227.00	42562.51
227.05	42634.97
227.11	42720.78
227.16	42809.41
227.21	42888.05
227.26	42969.53
227.31	43038.14
227.37	43095.78
227.42	43165.89
227.47	43244.40
227.52	43309.87
227.57	43380.02
227.62	43465.19
227.68	43534.43
227.73	43601.69
227.78	43686.39
227.83	43763.90
227.88	43837.85
227.93	43915.32
227.99	43998.71
228.04	44075.56
228.09	44161.64
228.14	44237.39
228.19	44307.87
228.24	44370.83
228.30	44442.89
228.35	44506.63
228.40	44568.02
228.45	44630.44
228.50	44702.29
228.56	44760.44
228.61	44812.51
228.66	44866.24
228.71	44921.25
228.76	44966.74
228.81	45010.79
228.87	45054.15
228.92	45114.11
228.97	45184.34
229.02	45270.31
229.07	45346.48
229.12	45442.85
229.17	45524.95
229.23	45600.02
229.28	45672.46
229.33	45758.48
229.38	45829.96
229.43	45898.34
229.48	45973.88
229.54	46039.89
229.59	46093.11
229.64	46164.46
229.69	46249.27
229.74	46336.35
229.79	46406.34
229.85	46486.74
229.90	46562.39
229.95	46620.17
230.00	46671.22
230.05	46748.21
230.10	46819.28
230.16	46881.36
230.21	46947.22
230.26	47006.04
230.31	47052.55
230.36	47107.46
230.41	47163.99
230.46	47245.22
230.52	47340.89
230.57	47430.61
230.62	47514.91
230.67	47589.02
230.72	47632.79
230.77	47665.15
230.82	47703.15
230.88	47737.59
230.93	47777.72
230.98	47824.10
231.03	47886.54
231.08	47943.39
231.13	47999.20
231.19	48074.41
231.24	48153.55
231.29	48227.73
231.34	48301.00
231.39	48379.02
231.44	48442.42
231.49	48487.80
231.55	48530.14
231.60	48574.32
231.65	48629.06
231.70	48668.54
231.75	48727.87
231.80	48781.99
231.85	48836.43
231.91	48875.36
231.96	48930.19
232.01	48994.88
232.06	49052.69
232.11	49117.80
232.16	49201.73
232.21	49290.32
232.26	49373.38
232.32	49460.57
232.37	49537.85
232.42	49595.15
232.47	49636.20
232.52	49677.19
232.57	49718.82
232.62	49769.94
232.68	49830.98
232.73	49908.06
232.78	49985.88
232.83	50061.59
232.88	50140.48
232.93	50207.72
232.98	50272.65
233.03	50322.48
233.09	50385.24
233.14	50441.16
233.19	50505.06
233.24	50561.66
233.29	50615.97
233.34	50652.24
233.39	50673.83
233.45	50700.19
233.50	50739.34
233.55	50785.47
233.60	50851.49
233.65	50916.33
233.70	50987.42
233.75	51034.92
233.80	51092.00
233.86	51138.39
233.91	51189.33
233.96	51226.97
234.01	51282.99
234.06	51339.80
234.11	51399.79
234.16	51460.16
234.21	51519.94
234.26	51563.67
234.32	51595.49
234.37	51630.57
234.42	51667.94
234.47	51698.97
234.52	51734.90
234.57	51783.65
234.62	51824.96
234.67	51871.96
234.73	51930.49
234.78	51981.43
234.83	52019.09
234.88	52067.71
234.93	52105.21
234.98	52144.55
235.03	52194.89
235.08	52264.68
235.13	52313.27
235.19	52383.17
235.24	52437.64
235.29	52498.74
235.34	52543.32
235.39	52586.39
235.44	52615.90
235.49	52661.23
235.54	52689.59
235.59	52706.51
235.65	52736.69
235.70	52765.12
235.75	52797.58
235.80	52852.05
235.85	52907.10
235.90	52952.05
235.95	52982.03
236.00	53019.15
236.05	53036.62
236.11	53064.98
236.16	53099.18
236.21	53156.52
236.26	53184.97
236.31	53210.53
236.36	53229.65
236.41	53246.03
236.46	53254.20
236.51	53273.49
236.56	53306.08
236.62	53339.77
236.67	53377.25
236.72	53413.10
236.77	53439.27
236.82	53482.78
236.87	53502.08
236.92	53519.61
236.97	53558.16
237.02	53609.54
237.07	53654.50
237.13	53717.85
237.18	53782.04
237.23	53835.39
237.28	53879.53
237.33	53912.11
237.38	53935.57
237.43	53957.13
237.48	53961.08
237.53	53982.57
237.58	54011.44
237.63	54055.36
237.69	54104.23
237.74	54153.13
237.79	54192.58
237.84	54198.80
237.89	54204.83
237.94	54197.38
237.99	54213.91
238.04	54226.07
238.09	54255.99
238.14	54285.34
238.19	54320.82
238.25	54339.49
238.30	54332.17
238.35	54335.85
238.40	54332.42
238.45	54328.71
238.50	54336.31
238.55	54356.50
238.60	54385.79
238.65	54409.70
238.70	54428.98
238.75	54439.33
238.80	54465.34
238.86	54478.09
238.91	54490.64
238.96	54521.52
239.01	54555.33
239.06	54587.15
239.11	54606.19
239.16	54634.63
239.21	54638.34
239.26	54630.11
239.31	54640.10
239.36	54654.09
239.41	54671.73
239.46	54705.10
239.52	54741.55
239.57	54763.36
239.62	54787.72
239.67	54818.78
239.72	54832.49
239.77	54851.97
239.82	54858.67
239.87	54865.19
239.92	54868.77
239.97	54864.87
240.02	54851.47
240.07	54842.25
240.12	54845.11
240.17	54849.16
240.23	54852.65
240.28	54858.70
240.33	54875.44
240.38	54870.06
240.43	54862.32
240.48	54877.24
240.53	54889.21
240.58	54911.39
240.63	54942.65
240.68	54953.25
240.73	54951.32
240.78	54952.64
240.83	54946.33
240.88	54932.04
240.93	54923.47
240.98	54921.46
241.04	54932.47
241.09	54958.36
241.14	54981.84
241.19	55024.80
241.24	55055.28
241.29	55088.36
241.34	55096.08
241.39	55107.08
241.44	55114.26
241.49	55121.47
241.54	55112.82
241.59	55102.14
241.64	55100.24
241.69	55077.25
241.74	55060.27
241.79	55044.52
241.84	55043.75
241.90	55024.64
241.95	55010.92
242.00	54993.91
242.05	54972.61
242.10	54950.39
242.15	54933.40
242.20	54923.93
242.25	54920.23
242.30	54915.93
242.35	54911.58
242.40	54906.50
242.45	54904.80
242.50	54895.51
242.55	54898.25
242.60	54894.44
242.65	54897.03
242.70	54912.64
242.75	54938.71
242.80	54979.39
242.85	55012.76
242.91	55035.13
242.96	55023.24
243.01	55006.84
243.06	54972.66
243.11	54941.32
243.16	54918.35
243.21	54916.41
243.26	54930.77
243.31	54952.34
243.36	54962.11
243.41	54982.81
243.46	54987.25
243.51	54949.90
243.56	54889.16
243.61	54838.97
243.66	54791.72
243.71	54758.49
243.76	54756.94
243.81	54774.56
243.86	54775.54
243.91	54782.74
243.96	54786.27
244.01	54763.55
244.06	54740.81
244.12	54733.37
244.17	54711.49
244.22	54707.49
244.27	54737.88
244.32	54759.48
244.37	54778.19
244.42	54781.66
244.47	54770.94
244.52	54749.37
244.57	54714.20
244.62	54681.97
244.67	54665.96
244.72	54643.29
244.77	54630.40
244.82	54654.27
244.87	54689.43
244.92	54708.56
244.97	54720.26
245.02	54720.18
245.07	54696.38
245.12	54673.09
245.17	54658.34
245.22	54670.00
245.27	54662.65
245.32	54637.90
245.37	54597.99
245.42	54557.39
245.47	54502.71
245.52	54459.13
245.57	54437.99
245.62	54425.76
245.67	54419.83
245.72	54418.33
245.77	54405.79
245.82	54393.52
245.87	54387.56
245.92	54386.66
245.98	54369.79
246.03	54374.89
246.08	54380.09
246.13	54376.89
246.18	54382.92
246.23	54392.33
246.28	54377.06
246.33	54367.97
246.38	54343.76
246.43	54310.43
246.48	54290.03
246.53	54289.61
246.58	54290.03
246.63	54295.76
246.68	54288.26
246.73	54268.31
246.78	54242.45
246.83	54194.67
246.88	54140.08
246.93	54091.58
246.98	54034.91
247.03	54000.42
247.08	53980.05
247.13	53970.84
247.18	53972.30
247.23	54005.18
247.28	54015.58
247.33	54004.50
247.38	53995.49
247.43	53980.94
247.48	53960.03
247.53	53929.94
247.58	53891.86
247.63	53861.15
247.68	53818.35
247.73	53755.02
247.78	53718.34
247.83	53703.08
247.88	53682.26
247.93	53674.91
247.98	53685.90
248.03	53688.33
248.08	53701.47
248.13	53697.91
248.18	53685.47
248.23	53675.82
248.28	53647.01
248.33	53611.90
248.38	53577.00
248.43	53553.86
248.48	53526.63
248.53	53518.05
248.58	53496.57
248.63	53491.29
248.68	53471.47
248.73	53443.91
248.78	53403.28
248.83	53359.73
248.88	53296.11
248.93	53236.09
248.98	53160.81
249.03	53116.76
249.08	53091.38
249.13	53089.41
249.18	53078.05
249.23	53094.38
249.28	53090.23
249.33	53082.85
249.38	53066.47
249.43	53053.75
249.48	53030.97
249.53	53014.66
249.58	52991.50
249.63	52967.36
249.68	52952.79
249.73	52935.18
249.78	52907.19
249.83	52898.23
249.88	52873.77
249.93	52850.67
249.98	52838.02
250.03	52834.78
250.08	52814.35
250.13	52812.03
250.18	52797.37
250.23	52759.51
250.28	52714.63
250.33	52659.40
250.37	52607.47
250.42	52565.43
250.47	52536.08
250.52	52517.46
250.57	52503.54
250.62	52473.24
250.67	52443.44
250.72	52425.59
250.77	52387.74
250.82	52365.51
250.87	52361.60
250.92	52348.77
250.97	52330.34
251.02	52325.32
251.07	52326.75
251.12	52300.79
251.17	52282.81
251.22	52251.18
251.27	52213.77
251.32	52160.26
251.37	52119.64
251.42	52065.89
251.47	52021.80
251.52	51991.62
251.57	51975.55
251.62	51956.96
251.67	51949.13
251.72	51936.52
251.77	51907.34
251.82	51860.00
251.87	51816.41
251.92	51769.29
251.97	51717.37
252.02	51666.35
252.07	51635.70
252.12	51619.17
252.16	51612.04
252.21	51608.53
252.26	51619.81
252.31	51626.20
252.36	51629.11
252.41	51611.00
252.46	51593.58
252.51	51570.44
252.56	51527.63
252.61	51493.30
252.66	51460.90
252.71	51439.75
252.76	51406.90
252.81	51379.12
252.86	51325.53
252.91	51280.98
252.96	51211.95
253.01	51139.53
253.06	51073.25
253.11	51025.31
253.16	50984.87
253.21	50948.92
253.26	50920.62
253.31	50893.36
253.36	50877.37
253.40	50849.25
253.45	50825.07
253.50	50786.36
253.55	50748.36
253.60	50694.98
253.65	50644.68
253.70	50609.52
253.75	50598.35
253.80	50587.59
253.85	50584.54
253.90	50599.54
253.95	50592.55
254.00	50587.57
254.05	50570.39
254.10	50530.38
254.15	50483.37
254.20	50457.41
254.25	50422.07
254.30	50388.50
254.35	50351.68
254.39	50290.61
254.44	50206.81
254.49	50130.94
254.54	50099.40
254.59	50071.75
254.64	50061.49
254.69	50066.59
254.74	50060.00
254.79	50028.37
254.84	49995.06
254.89	49977.93
254.94	49963.11
254.99	49952.61
255.04	49935.38
255.09	49933.06
255.14	49913.23
255.19	49895.51
255.23	49887.82
255.28	49880.04
255.33	49867.45
255.38	49857.24
255.43	49839.93
255.48	49813.50
255.53	49767.54
255.58	49737.95
255.63	49697.15
255.68	49656.03
255.73	49608.40
255.78	49582.21
255.83	49551.36
255.88	49532.60
255.93	49501.81
255.97	49477.68
256.02	49446.06
256.07	49395.91
256.12	49328.71
256.17	49274.82
256.22	49224.85
256.27	49179.29
256.32	49143.10
256.37	49122.08
256.42	49106.05
256.47	49079.94
256.52	49053.14
256.57	49028.25
256.62	49014.31
256.66	49002.20
256.71	48979.70
256.76	48941.87
256.81	48900.19
256.86	48839.20
256.91	48791.97
256.96	48743.79
257.01	48713.07
257.06	48686.39
257.11	48662.37
257.16	48607.69
257.21	48567.19
257.26	48525.51
257.30	48486.71
257.35	48443.93
257.40	48420.05
257.45	48411.80
257.50	48381.74
257.55	48351.14
257.60	48329.09
257.65	48301.99
257.70	48252.18
257.75	48224.51
257.80	48196.54
257.85	48160.15
257.89	48115.57
257.94	48067.17
257.99	48004.76
258.04	47950.64
258.09	47907.85
258.14	47872.68
258.19	47856.05
258.24	47838.87
258.29	47795.74
258.34	47758.60
258.39	47726.39
258.44	47670.39
258.48	47617.61
258.53	47589.79
258.58	47550.24
258.63	47503.23
258.68	47463.02
258.73	47426.75
258.78	47381.30
258.83	47333.75
258.88	47292.69
258.93	47258.84
258.97	47233.19
259.02	47201.59
259.07	47183.99
259.12	47165.77
259.17	47147.99
259.22	47124.09
259.27	47106.03
259.32	47080.13
259.37	47036.77
259.42	47003.88
259.47	46961.92
259.51	46915.99
259.56	46855.00
259.61	46795.69
259.66	46713.26
259.71	46642.75
259.76	46582.23
259.81	46530.21
259.86	46486.15
259.91	46452.93
259.95	46427.19
260.00	46398.87
260.05	46383.96
260.10	46368.56
260.15	46351.35
260.20	46335.27
260.25	46328.48
260.30	46311.87
260.35	46283.40
260.40	46257.34
260.44	46230.59
260.49	46207.15
260.54	46172.64
260.59	46146.72
260.64	46138.73
260.69	46128.59
260.74	46088.87
260.79	46052.03
260.84	46011.93
260.88	45947.35
260.93	45876.47
260.98	45838.56
261.03	45793.87
261.08	45762.99
261.13	45729.84
261.18	45698.35
261.23	45646.10
261.28	45608.74
261.32	45566.71
261.37	45525.76
261.42	45489.18
261.47	45463.31
261.52	45422.01
261.57	45373.00
261.62	45336.53
261.67	45282.91
261.71	45208.56
261.76	45161.00
261.81	45111.35
261.86	45051.01
261.91	45008.32
261.96	44978.86
262.01	44938.58
262.06	44922.44
262.10	44914.98
262.15	44899.06
262.20	44882.06
262.25	44864.58
262.30	44841.13
262.35	44818.83
262.40	44791.00
262.45	44757.43
262.49	44735.45
262.54	44697.45
262.59	44653.20
262.64	44624.71
262.69	44593.67
262.74	44541.43
262.79	44488.99
262.84	44448.80
262.88	44402.98
262.93	44352.73
262.98	44317.31
263.03	44280.66
263.08	44229.94
263.13	44159.59
263.18	44095.40
263.23	44028.27
263.27	43979.02
263.32	43940.96
263.37	43925.25
263.42	43911.71
263.47	43884.94
263.52	43864.03
263.57	43829.51
263.61	43791.55
263.66	43749.93
263.71	43723.90
263.76	43681.71
263.81	43639.95
263.86	43606.35
263.91	43567.91
263.95	43501.85
264.00	43441.94
264.05	43389.12
264.10	43320.84
264.15	43262.49
264.20	43227.89
264.25	43186.77
264.29	43150.19
264.34	43101.83
264.39	43059.37
264.44	43005.94
264.49	42958.34
264.54	42914.84
264.59	42878.23
264.63	42836.88
264.68	42784.29
264.73	42734.43
264.78	42679.87
264.83	42629.99
264.88	42580.07
264.93	42558.92
264.97	42536.22
265.02	42511.48
265.07	42495.51
265.12	42462.48
265.17	42416.19
265.22	42376.01
265.27	42320.16
265.31	42254.40
265.36	42196.20
265.41	42135.97
265.46	42064.95
265.51	41997.97
265.56	41932.90
265.60	41877.49
265.65	41826.56
265.70	41777.72
265.75	41725.04
265.80	41681.22
265.85	41619.00
265.90	41559.38
265.94	41503.57
265.99	41450.26
266.04	41390.15
266.09	41350.22
266.14	41319.79
266.19	41280.94
266.23	41248.59
266.28	41211.50
266.33	41177.83
266.38	41144.03
266.43	41120.78
266.48	41102.05
266.52	41078.06
266.57	41046.81
266.62	41008.15
266.67	40954.90
266.72	40910.82
266.77	40881.87
266.81	40855.38
266.86	40828.84
266.91	40800.89
266.96	40747.45
267.01	40704.38
267.06	40647.72
267.10	40591.03
267.15	40547.47
267.20	40526.14
267.25	40485.20
267.30	40454.93
267.35	40423.68
267.39	40382.91
267.44	40340.88
267.49	40298.57
267.54	40254.88
267.59	40197.86
267.64	40143.67
267.68	40084.31
267.73	40033.26
267.78	39992.62
267.83	39973.02
267.88	39967.46
267.93	39960.65
267.97	39938.15
268.02	39902.55
268.07	39850.51
268.12	39782.70
268.17	39708.70
268.21	39672.39
268.26	39624.12
268.31	39584.40
268.36	39546.19
268.41	39515.23
268.46	39458.79
268.50	39418.15
268.55	39373.85
268.60	39314.52
268.65	39250.70
268.70	39172.53
268.74	39107.31
268.79	39033.07
268.84	38975.44
268.89	38934.24
268.94	38908.16
268.99	38869.92
269.03	38827.92
269.08	38786.11
269.13	38713.07
269.18	38630.13
269.23	38526.06
269.27	38421.97
269.32	38291.26
269.37	38166.34
269.42	38034.92
269.47	37901.69
269.51	37763.20
269.56	37629.06
269.61	37495.54
269.66	37342.91
269.71	37188.62
269.76	37042.65
269.80	36896.84
269.85	36745.86
269.90	36605.32
269.95	36460.56
270.00	36307.20
270.04	36158.18
270.09	36005.54
270.14	35869.02
270.19	35733.40
270.24	35594.97
270.28	35435.65
270.33	35273.59
270.38	35092.21
270.43	34918.27
270.48	34745.96
270.52	34596.08
270.57	34442.55
270.62	34290.62
270.67	34138.40
270.72	33981.00
270.76	33809.45
270.81	33639.43
270.86	33470.11
270.91	33296.96
270.96	33127.18
271.00	32964.34
271.05	32810.25
271.10	32666.64
271.15	32528.59
271.20	32409.04
271.24	32272.64
271.29	32142.02
271.34	31996.46
271.39	31845.99
271.44	31697.93
271.48	31560.42
271.53	31415.07
271.58	31275.99
271.63	31135.25
271.67	30986.05
271.72	30842.65
271.77	30695.09
271.82	30556.70
271.87	30423.04
271.91	30260.52
271.96	30118.05
272.01	29980.80
272.06	29845.54
272.11	29723.61
272.15	29626.24
272.20	29521.00
272.25	29423.37
272.30	29326.05
272.35	29223.13
272.39	29116.48
272.44	28998.14
272.49	28866.63
272.54	28726.07
272.58	28574.68
272.63	28422.97
272.68	28268.80
272.73	28108.43
272.78	27935.86
272.82	27744.70
272.87	27525.15
272.92	27247.66
272.97	26728.59
273.01	23786.59
273.06	18858.31
273.11	13431.67
273.16	8100.39
273.21	3048.49
273.25	459.70
273.30	-88.22
273.35	-89.58
