165.32	3386.02
165.38	-249.02
165.44	597.41
165.50	-76.02
165.55	-15.82
165.61	8.07
165.67	37.24
165.72	47.55
165.78	53.43
165.84	52.35
165.89	49.45
165.95	48.56
166.01	47.55
166.06	49.12
166.12	51.55
166.18	49.81
166.23	51.02
166.29	50.39
166.35	46.83
166.40	45.78
166.46	52.32
166.52	55.21
166.57	56.05
166.63	56.79
166.69	59.32
166.74	53.00
166.80	53.51
166.86	55.59
166.91	56.42
166.97	50.54
167.03	53.42
167.08	47.45
167.14	46.60
167.20	44.35
167.25	56.87
167.31	56.88
167.37	62.30
167.42	64.08
167.48	70.58
167.54	64.84
167.59	64.33
167.65	60.35
167.71	60.19
167.76	59.03
167.82	54.81
167.88	54.81
167.93	62.37
167.99	61.33
168.05	63.48
168.10	71.08
168.16	70.41
168.21	68.34
168.27	72.53
168.33	74.57
168.38	67.68
168.44	72.43
168.50	71.07
168.55	69.57
168.61	70.09
168.67	71.94
168.72	69.09
168.78	69.22
168.84	65.28
168.89	63.55
168.95	64.55
169.01	64.03
169.06	63.70
169.12	62.77
169.18	60.91
169.23	60.58
169.29	64.69
169.34	69.02
169.40	71.59
169.46	75.96
169.51	77.80
169.57	73.43
169.63	69.14
169.68	74.02
169.74	70.53
169.80	76.47
169.85	77.89
169.91	81.83
169.97	78.31
170.02	78.22
170.08	77.51
170.13	77.79
170.19	77.65
170.25	79.22
170.30	83.38
170.36	75.00
170.42	76.86
170.47	77.73
170.53	79.01
170.59	75.68
170.64	79.01
170.70	77.49
170.76	74.94
170.81	76.55
170.87	76.55
170.92	77.86
170.98	81.09
171.04	83.60
171.09	79.64
171.15	86.62
171.21	87.53
171.26	84.25
171.32	81.51
171.37	84.67
171.43	79.31
171.49	83.80
171.54	87.26
171.60	88.77
171.66	91.21
171.71	91.69
171.77	89.34
171.83	94.76
171.88	94.27
171.94	93.52
171.99	97.74
172.05	96.12
172.11	97.44
172.16	106.26
172.22	106.80
172.28	106.88
172.33	105.32
172.39	102.17
172.44	98.64
172.50	103.91
172.56	104.02
172.61	112.53
172.67	112.24
172.72	111.78
172.78	106.58
172.84	101.48
172.89	94.53
172.95	93.57
173.01	94.61
173.06	93.35
173.12	98.80
173.17	100.20
173.23	99.49
173.29	99.87
173.34	101.80
173.40	97.08
173.46	97.07
173.51	100.18
173.57	100.04
173.62	94.38
173.68	100.48
173.74	99.80
173.79	100.85
173.85	98.10
173.90	100.87
173.96	97.17
174.02	94.40
174.07	86.62
174.13	86.33
174.18	88.43
174.24	81.91
174.30	82.38
174.35	87.65
174.41	84.80
174.47	78.92
174.52	80.33
174.58	79.56
174.63	75.34
174.69	74.02
174.75	75.85
174.80	86.69
174.86	84.39
174.91	85.83
174.97	85.66
175.03	83.24
175.08	71.03
175.14	77.73
175.19	72.71
175.25	73.52
175.31	77.88
175.36	79.20
175.42	76.04
175.47	81.35
175.53	81.43
175.59	77.88
175.64	79.73
175.70	77.85
175.75	73.12
175.81	72.02
175.87	73.38
175.92	69.48
175.98	71.18
176.03	71.29
176.09	71.63
176.15	71.59
176.20	72.70
176.26	72.45
176.31	75.88
176.37	74.06
176.42	75.27
176.48	78.96
176.54	76.49
176.59	73.36
176.65	75.50
176.70	76.40
176.76	75.27
176.82	73.23
176.87	70.48
176.93	70.66
176.98	69.63
177.04	64.95
177.10	69.84
177.15	71.36
177.21	71.81
177.26	70.45
177.32	74.44
177.37	76.02
177.43	79.61
177.49	76.22
177.54	73.89
177.60	74.45
177.65	74.98
177.71	70.17
177.77	73.28
177.82	74.81
177.88	78.17
177.93	73.73
177.99	79.43
178.04	75.02
178.10	75.89
178.16	69.74
178.21	70.56
178.27	68.12
178.32	72.19
178.38	71.16
178.43	72.58
178.49	72.40
178.55	71.41
178.60	70.25
178.66	69.26
178.71	70.98
178.77	69.18
178.82	70.16
178.88	69.58
178.94	70.30
178.99	71.03
179.05	74.91
179.10	70.81
179.16	73.44
179.21	75.88
179.27	74.53
179.33	70.46
179.38	74.22
179.44	72.77
179.49	72.33
179.55	70.42
179.60	70.36
179.66	69.53
179.72	72.01
179.77	69.20
179.83	68.32
179.88	70.33
179.94	71.74
179.99	67.85
180.05	69.15
180.11	69.71
180.16	72.13
180.22	74.31
180.27	78.96
180.33	79.33
180.38	83.91
180.44	79.35
180.49	79.00
180.55	77.29
180.61	81.38
180.66	76.31
180.72	74.80
180.77	73.02
180.83	72.42
180.88	69.49
180.94	68.80
180.99	72.58
181.05	72.64
181.11	74.53
181.16	74.47
181.22	76.12
181.27	78.36
181.33	77.21
181.38	73.20
181.44	74.13
181.49	78.08
181.55	78.24
181.61	84.52
181.66	87.59
181.72	86.24
181.77	83.80
181.83	81.47
181.88	86.32
181.94	87.73
181.99	92.31
182.05	92.88
182.11	93.56
182.16	84.15
182.22	81.53
182.27	76.68
182.33	79.22
182.38	78.72
182.44	83.21
182.49	85.42
182.55	87.51
182.60	86.58
182.66	89.24
182.72	91.09
182.77	92.64
182.83	96.14
182.88	99.29
182.94	101.12
182.99	98.60
183.05	97.68
183.10	98.80
183.16	97.35
183.21	98.10
183.27	104.65
183.32	108.22
183.38	110.94
183.44	116.16
183.49	119.22
183.55	119.09
183.60	123.29
183.66	127.23
183.71	134.64
183.77	140.70
183.82	147.21
183.88	156.14
183.93	165.41
183.99	176.58
184.04	190.72
184.10	201.73
184.15	211.55
184.21	223.47
184.27	224.38
184.32	225.06
184.38	224.15
184.43	221.71
184.49	208.56
184.54	196.62
184.60	192.47
184.65	182.71
184.71	176.24
184.76	178.42
184.82	194.29
184.87	207.43
184.93	228.28
184.98	252.03
185.04	279.42
185.09	300.66
185.15	322.61
185.20	351.35
185.26	382.88
185.31	408.09
185.37	432.28
185.43	451.57
185.48	469.33
185.54	489.33
185.59	513.78
185.65	537.31
185.70	574.53
185.76	615.78
185.81	647.60
185.87	681.43
185.92	722.58
185.98	755.26
186.03	772.46
186.09	776.39
186.14	756.71
186.20	710.50
186.25	635.93
186.31	559.34
186.36	500.59
186.42	474.49
186.47	485.05
186.53	529.51
186.58	595.07
186.64	665.40
186.69	734.41
186.75	791.39
186.80	847.28
186.86	903.28
186.91	961.21
186.97	1016.18
187.02	1086.72
187.08	1154.70
187.13	1214.61
187.19	1279.88
187.24	1348.68
187.30	1403.27
187.35	1461.20
187.41	1534.72
187.47	1604.28
187.52	1662.48
187.58	1720.96
187.63	1786.45
187.69	1848.10
187.74	1897.63
187.80	1944.76
187.85	1990.09
187.91	2012.80
187.96	2000.74
188.02	1941.07
188.07	1835.66
188.13	1679.58
188.18	1513.54
188.24	1389.47
188.29	1329.73
188.35	1336.37
188.40	1411.82
188.46	1533.20
188.51	1651.61
188.57	1776.27
188.62	1895.92
188.67	2007.57
188.73	2114.04
188.78	2216.68
188.84	2316.08
188.89	2416.38
188.95	2518.62
189.00	2606.02
189.06	2702.60
189.11	2793.37
189.17	2873.29
189.22	2946.66
189.28	3033.33
189.33	3106.76
189.39	3168.66
189.44	3234.70
189.50	3309.38
189.55	3377.99
189.61	3433.34
189.66	3493.62
189.72	3552.03
189.77	3601.06
189.83	3628.58
189.88	3638.43
189.94	3613.19
189.99	3537.55
190.05	3392.14
190.10	3182.65
190.16	2941.83
190.21	2729.28
190.27	2594.05
190.32	2562.42
190.38	2636.10
190.43	2791.32
190.49	2977.93
190.54	3148.32
190.60	3305.61
190.65	3445.29
190.71	3580.36
190.76	3707.17
190.81	3832.61
190.87	3950.06
190.92	4074.04
190.98	4183.18
191.03	4285.84
191.09	4395.34
191.14	4491.89
191.20	4574.87
191.25	4670.54
191.31	4765.27
191.36	4848.77
191.42	4929.32
191.47	5019.17
191.53	5099.56
191.58	5169.83
191.64	5229.41
191.69	5290.49
191.75	5330.92
191.80	5364.62
191.85	5384.37
191.91	5404.25
191.96	5423.46
192.02	5453.40
192.07	5467.58
192.13	5465.66
192.18	5420.44
192.24	5308.19
192.29	5120.41
192.35	4900.56
192.40	4718.42
192.46	4613.21
192.51	4610.57
192.57	4702.08
192.62	4875.65
192.67	5058.91
192.73	5235.72
192.78	5395.76
192.84	5541.39
192.89	5673.57
192.95	5799.63
193.00	5910.91
193.06	6018.52
193.11	6125.20
193.17	6214.71
193.22	6297.34
193.28	6384.03
193.33	6454.32
193.38	6520.12
193.44	6590.02
193.49	6663.22
193.55	6721.63
193.60	6781.77
193.66	6836.41
193.71	6879.93
193.77	6906.08
193.82	6926.84
193.88	6945.00
193.93	6968.60
193.98	6996.88
194.04	7035.63
194.09	7081.26
194.15	7133.35
194.20	7178.28
194.26	7218.91
194.31	7262.52
194.37	7292.53
194.42	7303.22
194.47	7294.61
194.53	7254.43
194.58	7167.01
194.64	7059.64
194.69	6963.04
194.75	6897.99
194.80	6885.27
194.86	6926.70
194.91	7019.74
194.97	7124.96
195.02	7232.48
195.07	7334.83
195.13	7440.34
195.18	7550.85
195.24	7662.29
195.29	7776.28
195.35	7883.40
195.40	7989.86
195.46	8072.58
195.51	8157.83
195.56	8235.72
195.62	8309.17
195.67	8366.93
195.73	8431.87
195.78	8480.16
195.84	8522.53
195.89	8556.39
195.94	8592.50
196.00	8623.98
196.05	8659.14
196.11	8701.62
196.16	8746.13
196.22	8795.80
196.27	8849.26
196.32	8898.22
196.38	8941.85
196.43	8986.05
196.49	9020.28
196.54	9056.47
196.60	9100.58
196.65	9142.93
196.71	9188.19
196.76	9237.60
196.81	9277.51
196.87	9309.19
196.92	9337.11
196.98	9356.31
197.03	9365.98
197.09	9363.01
197.14	9357.44
197.19	9360.12
197.25	9372.10
197.30	9398.66
197.36	9444.79
197.41	9506.66
197.47	9564.37
197.52	9626.95
197.57	9689.73
197.63	9747.54
197.68	9800.62
197.74	9855.02
197.79	9900.05
197.84	9945.57
197.90	9988.70
197.95	10029.19
198.01	10072.02
198.06	10114.29
198.12	10154.59
198.17	10195.11
198.22	10239.54
198.28	10279.55
198.33	10324.02
198.39	10363.63
198.44	10418.43
198.49	10461.60
198.55	10506.33
198.60	10551.75
198.66	10600.88
198.71	10643.63
198.77	10690.10
198.82	10743.09
198.87	10791.14
198.93	10839.81
198.98	10882.03
199.04	10929.28
199.09	10967.58
199.14	11006.41
199.20	11043.47
199.25	11085.26
199.31	11127.75
199.36	11167.33
199.42	11208.74
199.47	11253.11
199.52	11290.42
199.58	11327.29
199.63	11357.27
199.69	11392.04
199.74	11422.83
199.79	11446.22
199.85	11473.98
199.90	11514.55
199.96	11553.70
200.01	11596.59
200.06	11653.54
200.12	11702.13
200.17	11754.37
200.23	11806.82
200.28	11851.72
200.33	11898.88
200.39	11946.01
200.44	11987.50
200.50	12031.59
200.55	12069.24
200.60	12106.18
200.66	12143.41
200.71	12176.44
200.77	12207.99
200.82	12250.60
200.87	12289.02
200.93	12328.03
200.98	12369.35
201.04	12406.58
201.09	12448.21
201.14	12498.78
201.20	12542.84
201.25	12597.86
201.31	12655.04
201.36	12717.61
201.41	12770.41
201.47	12832.96
201.52	12883.21
201.58	12944.78
201.63	12990.50
201.68	13040.88
201.74	13088.44
201.79	13141.60
201.84	13196.21
201.90	13249.24
201.95	13297.66
202.01	13351.62
202.06	13401.75
202.11	13437.87
202.17	13480.45
202.22	13524.61
202.28	13566.57
202.33	13608.47
202.38	13650.19
202.44	13694.09
202.49	13738.29
202.54	13781.96
202.60	13823.95
202.65	13869.68
202.71	13915.23
202.76	13957.78
202.81	13998.82
202.87	14048.06
202.92	14094.10
202.98	14146.98
203.03	14197.82
203.08	14257.71
203.14	14307.66
203.19	14364.98
203.24	14421.57
203.30	14479.40
203.35	14523.36
203.41	14578.15
203.46	14623.11
203.51	14663.88
203.57	14700.42
203.62	14753.49
203.67	14805.39
203.73	14851.87
203.78	14899.51
203.84	14952.44
203.89	14992.93
203.94	15036.15
204.00	15082.40
204.05	15128.08
204.10	15173.68
204.16	15216.04
204.21	15258.01
204.27	15301.98
204.32	15344.39
204.37	15395.48
204.43	15444.23
204.48	15492.00
204.53	15544.02
204.59	15596.16
204.64	15651.46
204.69	15715.55
204.75	15773.61
204.80	15834.68
204.86	15893.54
204.91	15947.17
204.96	16001.88
205.02	16055.01
205.07	16105.91
205.12	16169.07
205.18	16228.68
205.23	16284.85
205.28	16346.55
205.34	16404.92
205.39	16456.47
205.45	16509.65
205.50	16568.12
205.55	16623.05
205.61	16684.16
205.66	16741.34
205.71	16805.18
205.77	16857.95
205.82	16914.32
205.87	16968.26
205.93	17019.13
205.98	17061.57
206.03	17103.57
206.09	17151.49
206.14	17198.82
206.20	17256.21
206.25	17309.98
206.30	17375.67
206.36	17433.24
206.41	17497.52
206.46	17547.33
206.52	17598.49
206.57	17649.49
206.62	17694.73
206.68	17737.07
206.73	17790.23
206.78	17843.12
206.84	17897.36
206.89	17961.09
206.94	18018.05
207.00	18081.28
207.05	18153.69
207.11	18217.69
207.16	18274.62
207.21	18337.49
207.27	18393.65
207.32	18442.68
207.37	18498.29
207.43	18553.03
207.48	18604.94
207.53	18657.13
207.59	18713.58
207.64	18766.63
207.69	18835.58
207.75	18906.73
207.80	18962.42
207.85	19017.34
207.91	19073.50
207.96	19119.12
208.01	19169.08
208.07	19232.89
208.12	19294.41
208.17	19350.83
208.23	19404.20
208.28	19452.30
208.33	19507.51
208.39	19564.98
208.44	19629.68
208.49	19688.86
208.55	19752.89
208.60	19803.23
208.65	19854.73
208.71	19908.00
208.76	19964.05
208.81	20020.22
208.87	20083.58
208.92	20141.50
208.97	20202.05
209.03	20263.81
209.08	20322.21
209.13	20377.32
209.19	20439.78
209.24	20491.16
209.29	20554.98
209.35	20613.83
209.40	20678.20
209.45	20741.50
209.51	20809.84
209.56	20869.30
209.61	20935.03
209.67	20998.88
209.72	21059.47
209.77	21114.94
209.83	21175.82
209.88	21245.58
209.93	21309.18
209.99	21372.78
210.04	21441.79
210.09	21507.38
210.15	21556.00
210.20	21613.75
210.25	21677.03
210.31	21737.64
210.36	21789.18
210.41	21849.39
210.46	21912.87
210.52	21967.67
210.57	22021.12
210.62	22087.03
210.68	22147.34
210.73	22199.34
210.78	22258.74
210.84	22320.93
210.89	22376.58
210.94	22433.75
211.00	22491.34
211.05	22541.49
211.10	22602.97
211.16	22658.25
211.21	22724.17
211.26	22795.83
211.32	22874.23
211.37	22938.38
211.42	23008.27
211.47	23074.71
211.53	23132.03
211.58	23186.15
211.63	23242.32
211.69	23294.95
211.74	23346.09
211.79	23398.29
211.85	23451.91
211.90	23514.82
211.95	23584.28
212.01	23650.73
212.06	23729.23
212.11	23807.34
212.16	23878.34
212.22	23955.42
212.27	24019.72
212.32	24083.13
212.38	24150.11
212.43	24213.36
212.48	24271.48
212.54	24342.70
212.59	24410.16
212.64	24474.67
212.69	24535.22
212.75	24602.30
212.80	24670.10
212.85	24727.63
212.91	24778.80
212.96	24840.42
213.01	24903.96
213.07	24958.84
213.12	25029.33
213.17	25100.30
213.22	25165.48
213.28	25223.85
213.33	25277.92
213.38	25330.62
213.44	25385.73
213.49	25455.98
213.54	25528.52
213.60	25615.26
213.65	25693.69
213.70	25782.81
213.75	25854.66
213.81	25912.92
213.86	25973.10
213.91	26031.60
213.97	26071.62
214.02	26121.59
214.07	26177.98
214.12	26229.67
214.18	26285.74
214.23	26361.01
214.28	26427.96
214.34	26495.08
214.39	26566.38
214.44	26633.16
214.49	26682.67
214.55	26739.68
214.60	26789.44
214.65	26842.03
214.71	26890.64
214.76	26959.82
214.81	27022.44
214.86	27107.53
214.92	27173.50
214.97	27247.12
215.02	27313.50
215.08	27384.17
215.13	27450.69
215.18	27517.59
215.23	27592.48
215.29	27667.40
215.34	27742.54
215.39	27808.82
215.45	27895.28
215.50	27970.14
215.55	28034.66
215.60	28096.11
215.66	28150.60
215.71	28197.88
215.76	28263.59
215.81	28316.62
215.87	28369.99
215.92	28425.42
215.97	28478.62
216.03	28526.02
216.08	28584.75
216.13	28645.91
216.18	28717.17
216.24	28778.43
216.29	28834.91
216.34	28891.08
216.39	28951.18
216.45	29005.65
216.50	29067.42
216.55	29124.04
216.61	29193.98
216.66	29250.13
216.71	29304.07
216.76	29367.02
216.82	29447.47
216.87	29512.59
216.92	29588.72
216.97	29660.04
217.03	29735.95
217.08	29803.44
217.13	29882.71
217.18	29951.34
217.24	30022.72
217.29	30090.58
217.34	30134.06
217.39	30172.13
217.45	30224.99
217.50	30279.97
217.55	30331.84
217.61	30406.72
217.66	30477.49
217.71	30541.18
217.76	30614.72
217.82	30693.81
217.87	30763.56
217.92	30838.78
217.97	30909.53
218.03	30968.42
218.08	31015.75
218.13	31063.60
218.18	31112.02
218.24	31174.88
218.29	31231.06
218.34	31287.32
218.39	31349.45
218.45	31410.46
218.50	31467.15
218.55	31535.14
218.60	31605.03
218.66	31658.68
218.71	31720.64
218.76	31783.15
218.81	31848.47
218.87	31910.51
218.92	31981.62
218.97	32059.88
219.02	32126.03
219.08	32188.42
219.13	32256.21
219.18	32324.66
219.23	32376.31
219.29	32439.45
219.34	32505.04
219.39	32567.40
219.44	32628.31
219.50	32700.42
219.55	32762.22
219.60	32825.52
219.65	32895.24
219.71	32964.22
219.76	33021.12
219.81	33075.27
219.86	33129.50
219.92	33174.33
219.97	33225.92
220.02	33281.28
220.07	33343.04
220.13	33403.71
220.18	33475.43
220.23	33542.58
220.28	33618.18
220.33	33698.93
220.39	33765.49
220.44	33817.00
220.49	33871.54
220.54	33920.96
220.60	33963.24
220.65	34022.88
220.70	34095.01
220.75	34164.28
220.81	34240.74
220.86	34320.04
220.91	34393.52
220.96	34462.02
221.02	34539.46
221.07	34606.65
221.12	34664.43
221.17	34719.56
221.22	34781.02
221.28	34832.35
221.33	34890.39
221.38	34950.54
221.43	35017.58
221.49	35070.06
221.54	35135.79
221.59	35204.54
221.64	35287.18
221.69	35373.36
221.75	35479.95
221.80	35571.81
221.85	35642.30
221.90	35707.86
221.96	35772.20
222.01	35804.08
222.06	35841.42
222.11	35891.07
222.17	35935.58
222.22	35957.56
222.27	36006.84
222.32	36061.10
222.37	36114.90
222.43	36173.52
222.48	36244.08
222.53	36312.52
222.58	36392.66
222.63	36461.59
222.69	36531.40
222.74	36608.13
222.79	36673.28
222.84	36711.97
222.90	36764.54
222.95	36809.95
223.00	36843.07
223.05	36895.83
223.10	36955.88
223.16	37011.96
223.21	37063.90
223.26	37116.22
223.31	37159.56
223.36	37199.01
223.42	37242.81
223.47	37283.12
223.52	37329.58
223.57	37378.21
223.63	37430.28
223.68	37475.64
223.73	37548.31
223.78	37625.24
223.83	37690.38
223.89	37750.66
223.94	37817.99
223.99	37883.54
224.04	37950.23
224.09	38022.34
224.15	38114.88
224.20	38203.34
224.25	38281.02
224.30	38361.92
224.35	38451.44
224.41	38545.20
224.46	38639.56
224.51	38725.16
224.56	38804.38
224.61	38889.36
224.67	38961.58
224.72	39025.26
224.77	39117.43
224.82	39216.44
224.87	39294.88
224.93	39370.93
224.98	39469.06
225.03	39551.79
225.08	39632.68
225.13	39724.92
225.19	39819.33
225.24	39902.74
225.29	39979.36
225.34	40064.24
225.39	40143.81
225.45	40227.12
225.50	40314.69
225.55	40403.67
225.60	40488.94
225.65	40587.02
225.71	40677.20
225.76	40767.48
225.81	40857.59
225.86	40951.70
225.91	41043.56
225.97	41145.23
226.02	41241.83
226.07	41328.95
226.12	41399.95
226.17	41458.54
226.22	41523.87
226.28	41591.57
226.33	41669.76
226.38	41742.22
226.43	41822.35
226.48	41877.56
226.54	41932.32
226.59	42004.74
226.64	42085.23
226.69	42152.86
226.74	42232.98
226.80	42296.83
226.85	42344.53
226.90	42387.09
226.95	42445.83
227.00	42511.13
227.05	42593.23
227.11	42683.48
227.16	42779.69
227.21	42861.74
227.26	42939.23
227.31	43012.63
227.37	43061.50
227.42	43132.94
227.47	43217.57
227.52	43287.90
227.57	43345.97
227.62	43431.15
227.68	43497.75
227.73	43563.96
227.78	43645.42
227.83	43740.05
227.88	43816.72
227.93	43896.56
227.99	43976.60
228.04	44049.59
228.09	44121.31
228.14	44191.39
228.19	44263.98
228.24	44322.30
228.30	44391.57
228.35	44458.89
228.40	44532.01
228.45	44580.35
228.50	44665.38
228.56	44728.42
228.61	44782.62
228.66	44837.81
228.71	44905.77
228.76	44938.48
228.81	44986.95
228.87	45035.97
228.92	45098.59
228.97	45157.28
229.02	45252.38
229.07	45328.00
229.12	45418.94
229.17	45487.47
229.23	45568.72
229.28	45630.78
229.33	45706.75
229.38	45772.52
229.43	45847.88
229.48	45930.49
229.54	45998.37
229.59	46063.48
229.64	46141.69
229.69	46220.27
229.74	46298.92
229.79	46372.09
229.85	46446.27
229.90	46517.05
229.95	46587.21
230.00	46646.99
230.05	46729.38
230.10	46801.36
230.16	46872.26
230.21	46925.00
230.26	46974.81
230.31	47010.92
230.36	47067.50
230.41	47126.12
230.46	47218.97
230.52	47312.05
230.57	47396.88
230.62	47483.87
230.67	47550.72
230.72	47599.16
230.77	47640.16
230.82	47686.71
230.88	47716.39
230.93	47763.85
230.98	47807.05
231.03	47874.14
231.08	47934.12
231.13	47986.47
231.19	48050.21
231.24	48127.85
231.29	48195.56
231.34	48267.33
231.39	48346.27
231.44	48413.43
231.49	48455.68
231.55	48499.09
231.60	48536.32
231.65	48588.45
231.70	48630.24
231.75	48679.65
231.80	48723.85
231.85	48789.51
231.91	48830.87
231.96	48884.32
232.01	48958.30
232.06	49019.55
232.11	49076.58
232.16	49156.89
232.21	49244.27
232.26	49328.66
232.32	49415.56
232.37	49486.85
232.42	49552.04
232.47	49596.42
232.52	49639.85
232.57	49689.61
232.62	49747.96
232.68	49805.92
232.73	49885.16
232.78	49958.65
232.83	50040.51
232.88	50114.45
232.93	50187.71
232.98	50247.53
233.03	50300.88
233.09	50360.49
233.14	50432.08
233.19	50494.74
233.24	50548.41
233.29	50595.43
233.34	50623.29
233.39	50635.58
233.45	50665.60
233.50	50705.38
233.55	50759.28
233.60	50824.53
233.65	50898.38
233.70	50958.85
233.75	51012.09
233.80	51065.85
233.86	51116.68
233.91	51163.89
233.96	51207.81
234.01	51263.15
234.06	51307.99
234.11	51363.67
234.16	51416.82
234.21	51485.55
234.26	51533.54
234.32	51576.71
234.37	51613.06
234.42	51648.76
234.47	51662.38
234.52	51693.84
234.57	51740.39
234.62	51785.09
234.67	51849.78
234.73	51912.08
234.78	51966.59
234.83	52003.99
234.88	52042.47
234.93	52066.45
234.98	52111.85
235.03	52156.59
235.08	52226.81
235.13	52288.87
235.19	52358.45
235.24	52417.42
235.29	52477.88
235.34	52515.50
235.39	52553.09
235.44	52584.72
235.49	52621.18
235.54	52653.84
235.59	52676.99
235.65	52707.86
235.70	52739.87
235.75	52771.94
235.80	52822.57
235.85	52881.08
235.90	52927.25
235.95	52955.95
236.00	52988.16
236.05	53006.58
236.11	53028.14
236.16	53059.41
236.21	53100.79
236.26	53138.36
236.31	53164.22
236.36	53191.63
236.41	53209.15
236.46	53228.73
236.51	53245.34
236.56	53273.22
236.62	53298.09
236.67	53329.05
236.72	53369.15
236.77	53396.91
236.82	53439.79
236.87	53465.60
236.92	53488.74
236.97	53521.53
237.02	53564.71
237.07	53616.32
237.13	53685.40
237.18	53749.20
237.23	53796.07
237.28	53843.75
237.33	53879.19
237.38	53899.80
237.43	53920.38
237.48	53933.32
237.53	53951.23
237.58	53980.41
237.63	54023.54
237.69	54063.32
237.74	54116.30
237.79	54156.57
237.84	54168.83
237.89	54177.60
237.94	54190.12
237.99	54202.04
238.04	54223.01
238.09	54244.18
238.14	54265.81
238.19	54291.19
238.25	54309.25
238.30	54303.31
238.35	54307.65
238.40	54315.98
238.45	54314.34
238.50	54317.13
238.55	54334.71
238.60	54363.32
238.65	54380.30
238.70	54402.30
238.75	54416.88
238.80	54441.58
238.86	54444.09
238.91	54460.42
238.96	54487.63
239.01	54518.64
239.06	54546.18
239.11	54582.32
239.16	54604.08
239.21	54606.75
239.26	54606.18
239.31	54613.18
239.36	54618.69
239.41	54646.52
239.46	54679.51
239.52	54710.26
239.57	54730.29
239.62	54752.41
239.67	54766.57
239.72	54781.61
239.77	54798.39
239.82	54818.95
239.87	54824.20
239.92	54827.49
239.97	54834.46
240.02	54828.23
240.07	54811.81
240.12	54815.84
240.17	54825.50
240.23	54826.81
240.28	54839.61
240.33	54855.72
240.38	54847.51
240.43	54844.72
240.48	54857.76
240.53	54874.08
240.58	54892.87
240.63	54929.91
240.68	54935.34
240.73	54927.22
240.78	54917.28
240.83	54912.88
240.88	54894.83
240.93	54886.81
240.98	54886.88
241.04	54903.08
241.09	54927.78
241.14	54943.67
241.19	54986.74
241.24	55017.60
241.29	55035.40
241.34	55039.44
241.39	55059.05
241.44	55057.18
241.49	55063.21
241.54	55058.84
241.59	55057.70
241.64	55058.57
241.69	55053.77
241.74	55038.65
241.79	55039.92
241.84	55026.50
241.90	55011.12
241.95	54996.16
242.00	54977.12
242.05	54948.38
242.10	54938.32
242.15	54921.90
242.20	54911.87
242.25	54912.55
242.30	54911.38
242.35	54901.19
242.40	54900.57
242.45	54896.83
242.50	54884.78
242.55	54877.30
242.60	54875.40
242.65	54869.92
242.70	54879.30
242.75	54900.66
242.80	54942.81
242.85	54981.82
242.91	55000.23
242.96	54988.17
243.01	54975.25
243.06	54938.14
243.11	54900.11
243.16	54875.02
243.21	54872.77
243.26	54877.24
243.31	54896.69
243.36	54905.26
243.41	54919.76
243.46	54925.21
243.51	54903.29
243.56	54857.61
243.61	54814.11
243.66	54780.67
243.71	54748.22
243.76	54749.92
243.81	54762.22
243.86	54768.27
243.91	54776.92
243.96	54775.07
244.01	54748.88
244.06	54715.03
244.12	54702.90
244.17	54680.99
244.22	54676.44
244.27	54702.39
244.32	54727.92
244.37	54743.94
244.42	54751.63
244.47	54747.92
244.52	54718.82
244.57	54690.67
244.62	54667.00
244.67	54644.49
244.72	54625.96
244.77	54621.82
244.82	54636.63
244.87	54673.59
244.92	54695.54
244.97	54713.36
245.02	54712.33
245.07	54691.01
245.12	54658.68
245.17	54639.29
245.22	54632.81
245.27	54628.66
245.32	54599.92
245.37	54552.80
245.42	54516.88
245.47	54475.58
245.52	54427.36
245.57	54411.96
245.62	54399.31
245.67	54384.80
245.72	54366.11
245.77	54342.16
245.82	54328.28
245.87	54336.47
245.92	54348.05
245.98	54340.91
246.03	54350.07
246.08	54354.35
246.13	54352.23
246.18	54348.11
246.23	54346.21
246.28	54338.62
246.33	54325.62
246.38	54292.38
246.43	54253.55
246.48	54238.29
246.53	54240.79
246.58	54247.27
246.63	54261.42
246.68	54259.12
246.73	54246.62
246.78	54216.61
246.83	54167.28
246.88	54105.93
246.93	54060.96
246.98	54014.06
247.03	53985.32
247.08	53972.06
247.13	53959.32
247.18	53951.37
247.23	53979.93
247.28	53982.71
247.33	53970.01
247.38	53954.57
247.43	53945.01
247.48	53914.35
247.53	53882.28
247.58	53851.07
247.63	53837.22
247.68	53798.81
247.73	53743.58
247.78	53706.99
247.83	53677.18
247.88	53639.37
247.93	53630.77
247.98	53632.50
248.03	53645.06
248.08	53661.72
248.13	53668.32
248.18	53655.72
248.23	53650.77
248.28	53617.88
248.33	53581.13
248.38	53550.60
248.43	53529.15
248.48	53509.20
248.53	53492.96
248.58	53471.63
248.63	53462.54
248.68	53438.79
248.73	53416.51
248.78	53381.84
248.83	53339.10
248.88	53278.10
248.93	53205.58
248.98	53121.82
249.03	53080.67
249.08	53063.59
249.13	53055.18
249.18	53055.80
249.23	53068.01
249.28	53059.07
249.33	53043.89
249.38	53026.31
249.43	53013.45
249.48	52991.78
249.53	52977.68
249.58	52960.35
249.63	52944.54
249.68	52937.19
249.73	52917.90
249.78	52898.80
249.83	52891.58
249.88	52865.36
249.93	52844.49
249.98	52838.78
250.03	52826.35
250.08	52801.12
250.13	52797.55
250.18	52774.78
250.23	52730.22
250.28	52683.87
250.33	52624.82
250.37	52577.72
250.42	52542.30
250.47	52519.48
250.52	52505.59
250.57	52491.22
250.62	52452.82
250.67	52422.71
250.72	52404.50
250.77	52365.58
250.82	52350.19
250.87	52349.75
250.92	52333.15
250.97	52305.58
251.02	52292.73
251.07	52289.99
251.12	52268.20
251.17	52241.13
251.22	52219.25
251.27	52192.17
251.32	52134.54
251.37	52083.61
251.42	52033.58
251.47	51989.39
251.52	51962.88
251.57	51950.28
251.62	51944.83
251.67	51940.77
251.72	51918.31
251.77	51881.87
251.82	51840.40
251.87	51786.26
251.92	51738.25
251.97	51690.51
252.02	51645.19
252.07	51616.31
252.12	51609.34
252.16	51605.69
252.21	51609.50
252.26	51618.53
252.31	51613.59
252.36	51605.07
252.41	51576.82
252.46	51554.30
252.51	51527.72
252.56	51501.22
252.61	51464.96
252.66	51444.20
252.71	51416.23
252.76	51384.65
252.81	51342.25
252.86	51286.97
252.91	51240.39
252.96	51178.12
253.01	51114.76
253.06	51048.07
253.11	51007.50
253.16	50970.36
253.21	50923.18
253.26	50877.04
253.31	50859.56
253.36	50838.16
253.40	50807.31
253.45	50802.83
253.50	50770.06
253.55	50735.62
253.60	50689.70
253.65	50643.42
253.70	50604.38
253.75	50597.13
253.80	50578.52
253.85	50575.80
253.90	50580.47
253.95	50566.07
254.00	50560.27
254.05	50542.69
254.10	50507.50
254.15	50467.79
254.20	50451.27
254.25	50406.98
254.30	50374.73
254.35	50334.96
254.39	50274.19
254.44	50186.45
254.49	50114.54
254.54	50072.38
254.59	50047.39
254.64	50038.94
254.69	50039.59
254.74	50033.87
254.79	50012.27
254.84	49973.27
254.89	49950.64
254.94	49931.06
254.99	49921.80
255.04	49911.32
255.09	49906.02
255.14	49885.24
255.19	49873.73
255.23	49862.82
255.28	49845.93
255.33	49840.88
255.38	49828.58
255.43	49816.14
255.48	49795.55
255.53	49758.38
255.58	49725.28
255.63	49694.68
255.68	49640.80
255.73	49589.76
255.78	49555.08
255.83	49522.71
255.88	49499.26
255.93	49477.41
255.97	49462.19
256.02	49432.40
256.07	49384.03
256.12	49308.92
256.17	49254.17
256.22	49202.60
256.27	49145.62
256.32	49107.38
256.37	49096.91
256.42	49084.79
256.47	49054.63
256.52	49033.97
256.57	49012.18
256.62	48986.65
256.66	48965.70
256.71	48937.87
256.76	48905.05
256.81	48859.56
256.86	48811.67
256.91	48762.45
256.96	48718.14
257.01	48686.47
257.06	48658.90
257.11	48630.21
257.16	48584.25
257.21	48549.77
257.26	48516.87
257.30	48485.33
257.35	48440.95
257.40	48422.27
257.45	48410.57
257.50	48385.75
257.55	48350.42
257.60	48333.20
257.65	48304.60
257.70	48255.82
257.75	48208.28
257.80	48179.43
257.85	48139.87
257.89	48094.89
257.94	48043.92
257.99	47992.60
258.04	47937.70
258.09	47895.39
258.14	47855.96
258.19	47842.03
258.24	47822.78
258.29	47786.38
258.34	47748.66
258.39	47717.44
258.44	47663.34
258.48	47608.97
258.53	47574.19
258.58	47537.02
258.63	47487.65
258.68	47443.96
258.73	47418.88
258.78	47376.84
258.83	47334.63
258.88	47293.47
258.93	47251.78
258.97	47213.48
259.02	47184.07
259.07	47157.93
259.12	47143.68
259.17	47137.95
259.22	47118.47
259.27	47092.39
259.32	47068.24
259.37	47026.08
259.42	46975.90
259.47	46934.43
259.51	46898.21
259.56	46840.84
259.61	46774.76
259.66	46711.27
259.71	46637.38
259.76	46564.68
259.81	46505.63
259.86	46465.26
259.91	46424.96
259.95	46397.15
260.00	46370.39
260.05	46353.64
260.10	46335.23
260.15	46329.20
260.20	46317.11
260.25	46317.41
260.30	46298.98
260.35	46268.24
260.40	46235.56
260.44	46207.48
260.49	46181.38
260.54	46150.32
260.59	46132.28
260.64	46120.14
260.69	46113.94
260.74	46077.09
260.79	46040.40
260.84	45997.46
260.88	45931.27
260.93	45854.72
260.98	45817.95
261.03	45784.84
261.08	45759.25
261.13	45727.88
261.18	45692.92
261.23	45629.88
261.28	45587.55
261.32	45535.07
261.37	45494.50
261.42	45464.32
261.47	45442.32
261.52	45398.12
261.57	45353.24
261.62	45316.39
261.67	45262.41
261.71	45200.29
261.76	45155.51
261.81	45107.93
261.86	45054.76
261.91	45011.46
261.96	44971.60
262.01	44929.65
262.06	44910.68
262.10	44896.08
262.15	44877.76
262.20	44861.76
262.25	44837.24
262.30	44814.06
262.35	44788.99
262.40	44763.01
262.45	44733.70
262.49	44712.88
262.54	44675.49
262.59	44635.07
262.64	44602.47
262.69	44565.21
262.74	44514.71
262.79	44456.32
262.84	44413.15
262.88	44371.91
262.93	44322.45
262.98	44285.44
263.03	44256.15
263.08	44203.76
263.13	44134.78
263.18	44076.64
263.23	44017.57
263.27	43965.01
263.32	43933.82
263.37	43910.23
263.42	43887.61
263.47	43859.51
263.52	43842.73
263.57	43804.76
263.61	43764.82
263.66	43729.90
263.71	43698.78
263.76	43654.35
263.81	43611.06
263.86	43583.58
263.91	43537.11
263.95	43479.47
264.00	43414.01
264.05	43373.36
264.10	43308.50
264.15	43245.45
264.20	43205.52
264.25	43166.97
264.29	43113.56
264.34	43060.58
264.39	43024.57
264.44	42972.98
264.49	42934.22
264.54	42892.02
264.59	42866.05
264.63	42827.55
264.68	42778.07
264.73	42722.24
264.78	42672.29
264.83	42608.90
264.88	42561.65
264.93	42541.72
264.97	42522.08
265.02	42498.61
265.07	42485.64
265.12	42447.04
265.17	42392.02
265.22	42349.47
265.27	42292.48
265.31	42234.11
265.36	42180.27
265.41	42128.22
265.46	42065.43
265.51	41996.52
265.56	41932.86
265.60	41875.62
265.65	41814.02
265.70	41756.58
265.75	41711.54
265.80	41655.46
265.85	41592.01
265.90	41538.44
265.94	41479.93
265.99	41416.13
266.04	41368.69
266.09	41330.24
266.14	41293.34
266.19	41258.15
266.23	41232.55
266.28	41191.67
266.33	41160.90
266.38	41135.32
266.43	41108.57
266.48	41089.65
266.52	41057.69
266.57	41019.96
266.62	40974.83
266.67	40928.12
266.72	40873.82
266.77	40848.76
266.81	40824.28
266.86	40804.07
266.91	40781.81
266.96	40742.11
267.01	40705.14
267.06	40659.01
267.10	40604.29
267.15	40541.88
267.20	40511.35
267.25	40471.66
267.30	40440.48
267.35	40402.35
267.39	40371.16
267.44	40331.84
267.49	40275.07
267.54	40222.50
267.59	40176.79
267.64	40130.20
267.68	40069.86
267.73	40021.96
267.78	39977.28
267.83	39948.54
267.88	39932.47
267.93	39929.41
267.97	39917.98
268.02	39886.62
268.07	39839.17
268.12	39782.50
268.17	39718.32
268.21	39672.32
268.26	39621.92
268.31	39577.29
268.36	39526.73
268.41	39480.92
268.46	39429.64
268.50	39392.32
268.55	39342.54
268.60	39289.42
268.65	39232.33
268.70	39155.18
268.74	39088.31
268.79	39019.63
268.84	38968.52
268.89	38926.97
268.94	38897.51
268.99	38866.62
269.03	38833.06
269.08	38781.11
269.13	38706.19
269.18	38628.34
269.23	38531.68
269.27	38424.54
269.32	38299.87
269.37	38179.08
269.42	38038.03
269.47	37890.92
269.51	37749.43
269.56	37619.68
269.61	37477.14
269.66	37333.10
269.71	37185.90
269.76	37039.78
269.80	36886.69
269.85	36738.77
269.90	36601.01
269.95	36456.20
270.00	36293.40
270.04	36139.90
270.09	35993.20
270.14	35846.82
270.19	35706.30
270.24	35583.88
270.28	35438.80
270.33	35275.41
270.38	35098.87
270.43	34930.27
270.48	34750.30
270.52	34589.69
270.57	34429.90
270.62	34275.72
270.67	34122.54
270.72	33967.06
270.76	33792.15
270.81	33626.84
270.86	33463.60
270.91	33289.64
270.96	33117.46
271.00	32958.49
271.05	32800.98
271.10	32654.57
271.15	32519.38
271.20	32394.62
271.24	32264.05
271.29	32139.57
271.34	31992.10
271.39	31841.76
271.44	31691.75
271.48	31549.89
271.53	31402.07
271.58	31263.83
271.63	31121.83
271.67	30978.24
271.72	30839.11
271.77	30691.68
271.82	30553.29
271.87	30418.12
271.91	30263.25
271.96	30115.77
272.01	29985.98
272.06	29852.62
272.11	29728.88
272.15	29625.73
272.20	29520.49
272.25	29416.13
272.30	29315.55
272.35	29207.54
272.39	29107.51
272.44	28988.88
272.49	28855.47
272.54	28710.41
272.58	28564.38
272.63	28406.29
272.68	28252.47
272.73	28096.20
272.78	27930.73
272.82	27734.13
272.87	27513.68
272.92	27231.73
272.97	26710.12
273.01	23768.34
273.06	18847.40
273.11	13423.10
273.16	8098.34
273.21	3047.30
273.25	459.70
273.30	-89.35
273.35	-89.21
