165.32	3385.34
165.38	-248.63
165.44	597.27
165.50	-76.27
165.55	-16.44
165.61	7.37
165.67	36.26
165.72	46.09
165.78	52.24
165.84	51.11
165.89	48.03
165.95	46.63
166.01	46.27
166.06	47.58
166.12	50.27
166.18	48.36
166.23	50.17
166.29	49.50
166.35	46.31
166.40	45.00
166.46	51.31
166.52	54.44
166.57	55.50
166.63	56.02
166.69	58.47
166.74	52.91
166.80	53.08
166.86	54.51
166.91	55.16
166.97	50.03
167.03	52.36
167.08	46.46
167.14	45.40
167.20	43.64
167.25	55.84
167.31	56.00
167.37	61.56
167.42	63.58
167.48	69.55
167.54	63.69
167.59	63.61
167.65	59.37
167.71	59.37
167.76	58.03
167.82	53.88
167.88	53.41
167.93	60.53
167.99	59.03
168.05	61.75
168.10	69.52
168.16	68.72
168.21	67.25
168.27	72.39
168.33	73.98
168.38	66.61
168.44	71.73
168.50	70.40
168.55	68.49
168.61	69.17
168.67	71.22
168.72	68.15
168.78	67.95
168.84	63.66
168.89	61.90
168.95	62.58
169.01	62.19
169.06	61.92
169.12	61.69
169.18	60.02
169.23	59.95
169.29	64.11
169.34	68.26
169.40	70.84
169.46	74.93
169.51	76.96
169.57	72.52
169.63	68.71
169.68	73.59
169.74	70.19
169.80	76.04
169.85	77.55
169.91	81.95
169.97	77.52
170.02	77.54
170.08	76.13
170.13	76.28
170.19	75.52
170.25	77.27
170.30	81.10
170.36	72.86
170.42	75.14
170.47	76.15
170.53	78.07
170.59	74.85
170.64	78.43
170.70	76.46
170.76	74.16
170.81	75.17
170.87	74.93
170.92	76.22
170.98	79.27
171.04	81.72
171.09	77.97
171.15	85.31
171.21	86.02
171.26	82.65
171.32	79.71
171.37	82.85
171.43	77.40
171.49	81.91
171.54	85.15
171.60	86.94
171.66	89.40
171.71	89.78
171.77	87.20
171.83	93.31
171.88	92.03
171.94	90.96
171.99	95.74
172.05	94.92
172.11	95.66
172.16	105.21
172.22	106.07
172.28	105.96
172.33	103.88
172.39	100.77
172.44	96.81
172.50	101.99
172.56	101.56
172.61	110.08
172.67	110.14
172.72	109.75
172.78	104.79
172.84	99.46
172.89	92.79
172.95	91.79
173.01	93.20
173.06	91.75
173.12	98.51
173.17	100.21
173.23	99.89
173.29	100.25
173.34	102.32
173.40	96.05
173.46	96.40
173.51	99.48
173.57	99.12
173.62	93.37
173.68	100.15
173.74	99.41
173.79	100.59
173.85	98.23
173.90	101.45
173.96	98.27
174.02	95.40
174.07	87.46
174.13	86.60
174.18	88.61
174.24	82.03
174.30	82.45
174.35	87.72
174.41	84.31
174.47	78.30
174.52	79.28
174.58	78.32
174.63	74.02
174.69	73.15
174.75	74.76
174.80	85.84
174.86	83.16
174.91	83.99
174.97	84.22
175.03	81.94
175.08	69.79
175.14	76.64
175.19	72.42
175.25	73.17
175.31	78.03
175.36	79.41
175.42	76.12
175.47	81.33
175.53	81.26
175.59	77.17
175.64	78.65
175.70	76.86
175.75	72.08
175.81	70.68
175.87	71.98
175.92	68.29
175.98	70.22
176.03	70.24
176.09	70.79
176.15	70.71
176.20	71.63
176.26	71.37
176.31	74.75
176.37	72.79
176.42	73.67
176.48	77.60
176.54	74.86
176.59	71.52
176.65	73.69
176.70	75.32
176.76	74.43
176.82	72.37
176.87	69.94
176.93	70.11
176.98	68.55
177.04	63.91
177.10	68.88
177.15	70.12
177.21	70.79
177.26	69.26
177.32	72.96
177.37	74.64
177.43	78.26
177.49	74.90
177.54	73.16
177.60	73.64
177.65	74.30
177.71	69.11
177.77	72.24
177.82	73.53
177.88	77.11
177.93	71.76
177.99	77.76
178.04	73.58
178.10	74.61
178.16	67.93
178.21	69.36
178.27	67.08
178.32	70.54
178.38	69.19
178.43	70.75
178.49	71.27
178.55	70.15
178.60	69.15
178.66	68.41
178.71	69.76
178.77	67.61
178.82	68.50
178.88	68.24
178.94	68.67
178.99	69.96
179.05	73.91
179.10	70.02
179.16	73.19
179.21	75.76
179.27	74.57
179.33	70.35
179.38	74.14
179.44	72.17
179.49	71.88
179.55	69.36
179.60	69.65
179.66	68.68
179.72	70.85
179.77	68.27
179.83	67.74
179.88	68.68
179.94	70.34
179.99	66.23
180.05	67.06
180.11	68.11
180.16	70.94
180.22	73.10
180.27	78.05
180.33	78.82
180.38	82.67
180.44	78.18
180.49	77.56
180.55	75.19
180.61	78.76
180.66	73.67
180.72	72.29
180.77	70.66
180.83	70.56
180.88	67.80
180.94	67.44
180.99	71.00
181.05	71.27
181.11	72.73
181.16	73.50
181.22	75.08
181.27	77.57
181.33	76.03
181.38	72.27
181.44	72.59
181.49	77.02
181.55	77.44
181.61	83.67
181.66	86.86
181.72	85.14
181.77	82.48
181.83	79.78
181.88	84.31
181.94	85.88
181.99	90.56
182.05	90.71
182.11	91.56
182.16	82.45
182.22	80.35
182.27	75.83
182.33	78.12
182.38	76.97
182.44	81.98
182.49	83.40
182.55	85.46
182.60	84.71
182.66	88.43
182.72	90.50
182.77	92.56
182.83	95.71
182.88	98.76
182.94	99.92
182.99	97.06
183.05	96.11
183.10	98.16
183.16	97.08
183.21	97.59
183.27	104.21
183.32	107.31
183.38	109.63
183.44	114.74
183.49	118.24
183.55	118.02
183.60	122.60
183.66	126.28
183.71	134.13
183.77	139.86
183.82	146.52
183.88	155.61
183.93	165.00
183.99	176.23
184.04	190.79
184.10	201.59
184.15	210.97
184.21	222.92
184.27	224.31
184.32	225.75
184.38	225.17
184.43	223.56
184.49	210.55
184.54	198.03
184.60	192.88
184.65	182.64
184.71	175.82
184.76	177.42
184.82	193.23
184.87	206.62
184.93	227.98
184.98	251.77
185.04	280.46
185.09	300.57
185.15	322.60
185.20	351.20
185.26	381.64
185.31	405.72
185.37	430.76
185.43	450.48
185.48	467.92
185.54	489.16
185.59	513.04
185.65	536.66
185.70	573.69
185.76	616.17
185.81	647.86
185.87	682.04
185.92	724.24
185.98	757.26
186.03	774.39
186.09	779.88
186.14	760.38
186.20	712.63
186.25	637.33
186.31	560.69
186.36	500.73
186.42	474.96
186.47	485.85
186.53	529.43
186.58	593.80
186.64	663.58
186.69	733.29
186.75	790.90
186.80	847.11
186.86	904.46
186.91	962.09
186.97	1015.62
187.02	1085.98
187.08	1154.10
187.13	1213.08
187.19	1279.62
187.24	1350.15
187.30	1404.30
187.35	1462.77
187.41	1536.97
187.47	1607.73
187.52	1665.26
187.58	1724.86
187.63	1789.51
187.69	1850.21
187.74	1897.28
187.80	1943.99
187.85	1987.89
187.91	2010.35
187.96	1997.80
188.02	1938.66
188.07	1833.50
188.13	1676.92
188.18	1511.32
188.24	1386.59
188.29	1326.44
188.35	1331.91
188.40	1408.23
188.46	1529.47
188.51	1648.82
188.57	1771.18
188.62	1891.32
188.67	2004.67
188.73	2109.64
188.78	2212.40
188.84	2314.17
188.89	2416.29
188.95	2516.54
189.00	2607.12
189.06	2703.83
189.11	2795.34
189.17	2874.37
189.22	2944.68
189.28	3028.83
189.33	3103.41
189.39	3165.82
189.44	3230.71
189.50	3306.73
189.55	3374.09
189.61	3425.39
189.66	3483.09
189.72	3542.51
189.77	3593.69
189.83	3623.63
189.88	3638.48
189.94	3613.50
189.99	3538.81
190.05	3393.15
190.10	3184.14
190.16	2942.05
190.21	2729.18
190.27	2593.12
190.32	2560.63
190.38	2634.10
190.43	2789.50
190.49	2978.39
190.54	3149.05
190.60	3307.45
190.65	3449.27
190.71	3583.75
190.76	3710.97
190.81	3835.35
190.87	3952.01
190.92	4073.12
190.98	4181.77
191.03	4281.85
191.09	4388.50
191.14	4487.45
191.20	4572.39
191.25	4670.42
191.31	4769.41
191.36	4857.66
191.42	4937.25
191.47	5023.08
191.53	5106.49
191.58	5174.16
191.64	5233.27
191.69	5294.23
191.75	5337.72
191.80	5364.26
191.85	5384.60
191.91	5404.27
191.96	5422.10
192.02	5449.16
192.07	5463.40
192.13	5461.46
192.18	5415.96
192.24	5304.56
192.29	5118.61
192.35	4898.43
192.40	4718.92
192.46	4613.49
192.51	4609.74
192.57	4696.61
192.62	4870.04
192.67	5049.05
192.73	5226.00
192.78	5386.95
192.84	5541.18
192.89	5675.03
192.95	5802.26
193.00	5914.62
193.06	6019.41
193.11	6122.50
193.17	6210.48
193.22	6293.45
193.28	6378.75
193.33	6453.95
193.38	6522.74
193.44	6594.66
193.49	6667.29
193.55	6727.24
193.60	6785.83
193.66	6837.76
193.71	6881.27
193.77	6907.89
193.82	6927.04
193.88	6945.32
193.93	6969.22
193.98	6998.01
194.04	7036.73
194.09	7082.16
194.15	7135.37
194.20	7183.75
194.26	7225.51
194.31	7268.99
194.37	7297.19
194.42	7304.41
194.47	7294.59
194.53	7255.22
194.58	7167.69
194.64	7063.54
194.69	6970.85
194.75	6900.01
194.80	6883.51
194.86	6924.65
194.91	7015.46
194.97	7119.35
195.02	7231.54
195.07	7338.59
195.13	7448.06
195.18	7565.05
195.24	7674.19
195.29	7787.21
195.35	7894.47
195.40	7998.16
195.46	8079.23
195.51	8169.32
195.56	8248.68
195.62	8317.88
195.67	8373.35
195.73	8435.88
195.78	8484.28
195.84	8525.80
195.89	8558.06
195.94	8595.36
196.00	8626.51
196.05	8657.67
196.11	8696.99
196.16	8746.18
196.22	8797.08
196.27	8848.94
196.32	8900.53
196.38	8944.96
196.43	8991.00
196.49	9025.91
196.54	9063.01
196.60	9104.15
196.65	9149.40
196.71	9191.37
196.76	9241.14
196.81	9279.33
196.87	9313.12
196.92	9340.97
196.98	9361.07
197.03	9369.24
197.09	9364.78
197.14	9358.55
197.19	9361.68
197.25	9376.28
197.30	9403.56
197.36	9453.75
197.41	9520.38
197.47	9583.72
197.52	9645.48
197.57	9710.63
197.63	9769.33
197.68	9820.42
197.74	9868.26
197.79	9912.49
197.84	9954.68
197.90	9998.51
197.95	10042.50
198.01	10088.09
198.06	10131.29
198.12	10174.26
198.17	10213.15
198.22	10253.59
198.28	10287.02
198.33	10328.62
198.39	10373.96
198.44	10424.97
198.49	10471.47
198.55	10521.66
198.60	10571.93
198.66	10610.43
198.71	10655.56
198.77	10702.30
198.82	10752.85
198.87	10800.95
198.93	10851.30
198.98	10894.51
199.04	10939.96
199.09	10981.31
199.14	11020.54
199.20	11063.21
199.25	11106.30
199.31	11148.96
199.36	11191.38
199.42	11234.57
199.47	11275.94
199.52	11311.15
199.58	11343.72
199.63	11369.69
199.69	11399.16
199.74	11430.87
199.79	11457.83
199.85	11486.22
199.90	11531.36
199.96	11570.19
200.01	11612.58
200.06	11665.08
200.12	11717.36
200.17	11769.28
200.23	11821.30
200.28	11865.16
200.33	11919.48
200.39	11960.90
200.44	11998.20
200.50	12034.85
200.55	12076.21
200.60	12108.87
200.66	12150.78
200.71	12184.64
200.77	12226.24
200.82	12261.29
200.87	12296.37
200.93	12330.84
200.98	12372.92
201.04	12412.66
201.09	12462.19
201.14	12516.55
201.20	12571.70
201.25	12627.92
201.31	12682.02
201.36	12739.31
201.41	12791.80
201.47	12845.08
201.52	12894.61
201.58	12954.62
201.63	13000.93
201.68	13047.40
201.74	13095.44
201.79	13148.42
201.84	13199.51
201.90	13249.16
201.95	13307.25
202.01	13360.94
202.06	13410.58
202.11	13448.48
202.17	13498.32
202.22	13540.16
202.28	13583.66
202.33	13621.42
202.38	13664.21
202.44	13709.82
202.49	13753.46
202.54	13801.55
202.60	13846.83
202.65	13896.94
202.71	13939.58
202.76	13981.30
202.81	14015.96
202.87	14067.05
202.92	14107.09
202.98	14154.32
203.03	14207.87
203.08	14263.86
203.14	14316.04
203.19	14377.94
203.24	14436.06
203.30	14487.71
203.35	14538.09
203.41	14588.58
203.46	14633.50
203.51	14678.24
203.57	14721.15
203.62	14771.17
203.67	14822.81
203.73	14868.70
203.78	14913.84
203.84	14972.70
203.89	15013.17
203.94	15054.28
204.00	15103.81
204.05	15153.97
204.10	15187.68
204.16	15235.76
204.21	15282.82
204.27	15328.10
204.32	15369.67
204.37	15421.28
204.43	15468.95
204.48	15519.26
204.53	15565.67
204.59	15620.39
204.64	15679.87
204.69	15743.38
204.75	15798.40
204.80	15858.87
204.86	15910.75
204.91	15957.48
204.96	16012.65
205.02	16064.61
205.07	16124.46
205.12	16191.85
205.18	16252.63
205.23	16304.43
205.28	16371.05
205.34	16421.91
205.39	16471.59
205.45	16532.65
205.50	16592.67
205.55	16644.32
205.61	16704.60
205.66	16758.70
205.71	16824.09
205.77	16881.52
205.82	16939.70
205.87	16993.49
205.93	17046.66
205.98	17087.53
206.03	17133.31
206.09	17178.48
206.14	17229.33
206.20	17288.67
206.25	17338.21
206.30	17400.21
206.36	17458.08
206.41	17522.51
206.46	17572.18
206.52	17622.82
206.57	17668.97
206.62	17711.05
206.68	17747.41
206.73	17797.94
206.78	17854.03
206.84	17907.88
206.89	17965.99
206.94	18026.63
207.00	18095.51
207.05	18160.39
207.11	18225.08
207.16	18289.58
207.21	18351.99
207.27	18403.28
207.32	18458.33
207.37	18516.87
207.43	18571.27
207.48	18621.75
207.53	18673.04
207.59	18726.34
207.64	18777.83
207.69	18847.97
207.75	18915.01
207.80	18976.56
207.85	19035.87
207.91	19094.32
207.96	19139.20
208.01	19193.44
208.07	19247.25
208.12	19308.54
208.17	19365.45
208.23	19421.66
208.28	19474.28
208.33	19531.53
208.39	19593.62
208.44	19653.21
208.49	19714.28
208.55	19779.01
208.60	19839.86
208.65	19883.77
208.71	19929.96
208.76	19980.65
208.81	20033.72
208.87	20092.30
208.92	20151.11
208.97	20216.78
209.03	20274.69
209.08	20335.55
209.13	20393.21
209.19	20455.63
209.24	20516.63
209.29	20581.49
209.35	20635.27
209.40	20694.88
209.45	20759.54
209.51	20820.58
209.56	20881.60
209.61	20949.85
209.67	21017.63
209.72	21075.24
209.77	21135.28
209.83	21203.36
209.88	21266.34
209.93	21330.20
209.99	21394.53
210.04	21461.08
210.09	21523.96
210.15	21587.40
210.20	21643.83
210.25	21711.15
210.31	21771.71
210.36	21819.81
210.41	21869.78
210.46	21927.92
210.52	21979.50
210.57	22028.84
210.62	22091.73
210.68	22158.83
210.73	22208.77
210.78	22268.02
210.84	22335.80
210.89	22399.63
210.94	22454.08
211.00	22517.78
211.05	22568.97
211.10	22621.75
211.16	22673.73
211.21	22738.01
211.26	22807.29
211.32	22881.91
211.37	22951.96
211.42	23020.12
211.47	23086.18
211.53	23147.97
211.58	23206.41
211.63	23265.58
211.69	23328.88
211.74	23385.94
211.79	23432.26
211.85	23490.25
211.90	23549.56
211.95	23613.22
212.01	23674.26
212.06	23753.89
212.11	23829.06
212.16	23902.21
212.22	23973.86
212.27	24041.90
212.32	24099.96
212.38	24167.21
212.43	24231.11
212.48	24287.74
212.54	24353.33
212.59	24430.64
212.64	24494.88
212.69	24560.43
212.75	24631.82
212.80	24700.46
212.85	24763.34
212.91	24814.71
212.96	24867.07
213.01	24929.06
213.07	24990.46
213.12	25054.84
213.17	25123.21
213.22	25194.94
213.28	25252.14
213.33	25300.85
213.38	25354.49
213.44	25411.25
213.49	25478.65
213.54	25550.46
213.60	25639.11
213.65	25713.24
213.70	25798.50
213.75	25868.72
213.81	25935.02
213.86	25990.97
213.91	26049.96
213.97	26095.29
214.02	26150.15
214.07	26201.18
214.12	26257.01
214.18	26316.96
214.23	26385.01
214.28	26446.48
214.34	26512.64
214.39	26586.61
214.44	26654.44
214.49	26714.51
214.55	26775.10
214.60	26839.82
214.65	26895.62
214.71	26948.07
214.76	27014.54
214.81	27072.93
214.86	27143.44
214.92	27202.54
214.97	27269.86
215.02	27327.40
215.08	27397.60
215.13	27461.64
215.18	27533.70
215.23	27614.65
215.29	27696.89
215.34	27771.61
215.39	27842.89
215.45	27922.30
215.50	27991.62
215.55	28056.15
215.60	28117.17
215.66	28166.34
215.71	28213.14
215.76	28267.01
215.81	28322.78
215.87	28384.21
215.92	28450.57
215.97	28506.26
216.03	28563.27
216.08	28620.20
216.13	28677.33
216.18	28732.02
216.24	28796.76
216.29	28853.36
216.34	28911.03
216.39	28974.38
216.45	29036.67
216.50	29091.85
216.55	29147.38
216.61	29213.71
216.66	29267.93
216.71	29330.77
216.76	29392.62
216.82	29472.58
216.87	29534.85
216.92	29607.44
216.97	29671.10
217.03	29745.02
217.08	29813.36
217.13	29893.78
217.18	29966.53
217.24	30043.67
217.29	30114.64
217.34	30167.05
217.39	30210.03
217.45	30259.95
217.50	30308.05
217.55	30361.80
217.61	30429.13
217.66	30501.13
217.71	30564.61
217.76	30639.85
217.82	30720.53
217.87	30792.51
217.92	30861.68
217.97	30935.25
218.03	30999.37
218.08	31041.79
218.13	31083.61
218.18	31130.11
218.24	31192.34
218.29	31237.63
218.34	31302.88
218.39	31372.10
218.45	31441.53
218.50	31496.74
218.55	31573.61
218.60	31635.62
218.66	31687.02
218.71	31748.41
218.76	31814.92
218.81	31872.03
218.87	31937.44
218.92	32011.88
218.97	32080.91
219.02	32145.77
219.08	32209.17
219.13	32279.94
219.18	32342.52
219.23	32405.01
219.29	32466.16
219.34	32531.73
219.39	32586.27
219.44	32652.22
219.50	32720.66
219.55	32790.89
219.60	32856.57
219.65	32926.76
219.71	32991.36
219.76	33041.06
219.81	33091.94
219.86	33147.71
219.92	33197.94
219.97	33250.32
220.02	33309.40
220.07	33362.83
220.13	33424.31
220.18	33493.86
220.23	33559.56
220.28	33638.68
220.33	33721.31
220.39	33780.29
220.44	33833.33
220.49	33891.64
220.54	33939.37
220.60	33986.76
220.65	34055.00
220.70	34120.06
220.75	34192.60
220.81	34276.65
220.86	34357.03
220.91	34425.27
220.96	34496.04
221.02	34562.91
221.07	34619.42
221.12	34672.65
221.17	34728.98
221.22	34784.20
221.28	34834.46
221.33	34891.80
221.38	34950.24
221.43	35021.76
221.49	35091.82
221.54	35165.38
221.59	35231.60
221.64	35319.60
221.69	35407.67
221.75	35505.83
221.80	35595.77
221.85	35673.99
221.90	35741.55
221.96	35794.51
222.01	35829.63
222.06	35870.69
222.11	35923.45
222.17	35961.21
222.22	35987.75
222.27	36034.71
222.32	36086.51
222.37	36132.57
222.43	36195.78
222.48	36271.47
222.53	36343.19
222.58	36416.95
222.63	36493.96
222.69	36558.21
222.74	36631.37
222.79	36692.41
222.84	36740.28
222.90	36781.87
222.95	36831.05
223.00	36868.25
223.05	36922.45
223.10	36978.86
223.16	37043.46
223.21	37096.08
223.26	37141.41
223.31	37179.56
223.36	37220.55
223.42	37259.63
223.47	37295.74
223.52	37351.59
223.57	37404.21
223.63	37462.20
223.68	37506.73
223.73	37579.46
223.78	37655.68
223.83	37723.36
223.89	37780.80
223.94	37852.74
223.99	37913.94
224.04	37975.70
224.09	38051.16
224.15	38144.18
224.20	38225.64
224.25	38320.06
224.30	38404.67
224.35	38489.22
224.41	38575.85
224.46	38669.56
224.51	38746.78
224.56	38827.33
224.61	38904.85
224.67	38975.62
224.72	39053.22
224.77	39145.07
224.82	39238.71
224.87	39322.81
224.93	39407.33
224.98	39491.38
225.03	39576.08
225.08	39657.58
225.13	39754.01
225.19	39846.34
225.24	39938.08
225.29	40014.16
225.34	40104.04
225.39	40186.72
225.45	40272.17
225.50	40357.04
225.55	40447.61
225.60	40530.69
225.65	40619.33
225.71	40709.54
225.76	40802.74
225.81	40896.01
225.86	40996.26
225.91	41097.17
225.97	41194.45
226.02	41290.04
226.07	41373.39
226.12	41442.03
226.17	41501.97
226.22	41566.62
226.28	41629.24
226.33	41702.38
226.38	41773.56
226.43	41846.04
226.48	41905.35
226.54	41965.41
226.59	42043.65
226.64	42123.46
226.69	42200.76
226.74	42279.54
226.80	42351.78
226.85	42397.78
226.90	42440.40
226.95	42495.40
227.00	42549.52
227.05	42619.31
227.11	42705.42
227.16	42794.41
227.21	42879.89
227.26	42972.61
227.31	43043.23
227.37	43093.67
227.42	43163.29
227.47	43235.19
227.52	43299.21
227.57	43368.37
227.62	43461.30
227.68	43532.83
227.73	43608.51
227.78	43687.90
227.83	43770.69
227.88	43838.87
227.93	43920.78
227.99	43993.14
228.04	44067.76
228.09	44149.96
228.14	44224.06
228.19	44289.19
228.24	44359.57
228.30	44425.63
228.35	44476.76
228.40	44545.69
228.45	44604.74
228.50	44677.19
228.56	44743.44
228.61	44810.46
228.66	44868.53
228.71	44931.79
228.76	44971.77
228.81	45019.21
228.87	45068.21
228.92	45127.57
228.97	45186.33
229.02	45274.58
229.07	45346.09
229.12	45442.68
229.17	45517.91
229.23	45594.64
229.28	45664.30
229.33	45742.86
229.38	45801.42
229.43	45875.10
229.48	45955.54
229.54	46013.79
229.59	46080.00
229.64	46156.15
229.69	46235.51
229.74	46325.06
229.79	46403.09
229.85	46484.12
229.90	46561.54
229.95	46623.39
230.00	46678.15
230.05	46759.12
230.10	46827.39
230.16	46890.23
230.21	46946.59
230.26	46995.72
230.31	47027.03
230.36	47079.44
230.41	47131.88
230.46	47221.43
230.52	47317.76
230.57	47410.97
230.62	47503.16
230.67	47582.98
230.72	47638.62
230.77	47680.23
230.82	47730.98
230.88	47759.01
230.93	47802.16
230.98	47838.87
231.03	47890.30
231.08	47948.06
231.13	48007.12
231.19	48073.66
231.24	48154.39
231.29	48232.45
231.34	48300.28
231.39	48379.75
231.44	48448.38
231.49	48498.60
231.55	48550.47
231.60	48590.66
231.65	48641.46
231.70	48686.26
231.75	48728.93
231.80	48773.42
231.85	48833.30
231.91	48866.82
231.96	48908.76
232.01	48978.56
232.06	49037.02
232.11	49095.66
232.16	49181.04
232.21	49274.27
232.26	49354.53
232.32	49438.93
232.37	49515.70
232.42	49585.86
232.47	49628.90
232.52	49675.94
232.57	49732.11
232.62	49788.56
232.68	49847.45
232.73	49923.40
232.78	49991.26
232.83	50062.76
232.88	50137.64
232.93	50202.99
232.98	50267.49
233.03	50330.21
233.09	50385.64
233.14	50450.90
233.19	50508.77
233.24	50569.08
233.29	50622.88
233.34	50654.87
233.39	50676.89
233.45	50708.62
233.50	50742.94
233.55	50793.94
233.60	50864.45
233.65	50933.51
233.70	51002.28
233.75	51050.43
233.80	51096.63
233.86	51154.40
233.91	51196.84
233.96	51235.28
234.01	51290.93
234.06	51342.61
234.11	51387.56
234.16	51447.83
234.21	51506.67
234.26	51560.17
234.32	51604.88
234.37	51649.66
234.42	51688.02
234.47	51711.33
234.52	51743.41
234.57	51780.27
234.62	51809.59
234.67	51858.78
234.73	51923.57
234.78	51972.80
234.83	52018.57
234.88	52076.82
234.93	52117.07
234.98	52151.89
235.03	52202.66
235.08	52270.87
235.13	52322.92
235.19	52382.04
235.24	52441.99
235.29	52499.42
235.34	52544.63
235.39	52578.48
235.44	52607.03
235.49	52648.55
235.54	52679.03
235.59	52691.84
235.65	52728.28
235.70	52767.77
235.75	52806.49
235.80	52855.33
235.85	52918.25
235.90	52957.71
235.95	52987.09
236.00	53010.79
236.05	53028.91
236.11	53053.98
236.16	53085.16
236.21	53132.02
236.26	53175.94
236.31	53211.16
236.36	53230.67
236.41	53253.24
236.46	53261.40
236.51	53277.27
236.56	53301.32
236.62	53327.45
236.67	53362.74
236.72	53408.94
236.77	53437.70
236.82	53479.19
236.87	53506.54
236.92	53527.58
236.97	53563.13
237.02	53612.31
237.07	53668.41
237.13	53729.38
237.18	53791.47
237.23	53836.11
237.28	53867.82
237.33	53892.40
237.38	53913.46
237.43	53938.44
237.48	53938.61
237.53	53971.08
237.58	54002.54
237.63	54052.92
237.69	54094.06
237.74	54154.83
237.79	54192.36
237.84	54191.86
237.89	54192.60
237.94	54199.45
237.99	54210.18
238.04	54221.81
238.09	54258.84
238.14	54289.79
238.19	54311.91
238.25	54331.29
238.30	54324.86
238.35	54327.47
238.40	54323.17
238.45	54321.31
238.50	54328.08
238.55	54346.12
238.60	54374.59
238.65	54398.25
238.70	54416.74
238.75	54430.50
238.80	54461.34
238.86	54467.47
238.91	54486.53
238.96	54529.53
239.01	54562.99
239.06	54596.26
239.11	54625.17
239.16	54651.38
239.21	54649.64
239.26	54650.50
239.31	54654.53
239.36	54665.53
239.41	54685.08
239.46	54704.30
239.52	54731.42
239.57	54750.87
239.62	54772.03
239.67	54792.13
239.72	54821.65
239.77	54841.22
239.82	54853.48
239.87	54863.82
239.92	54873.02
239.97	54863.70
240.02	54852.73
240.07	54845.91
240.12	54843.93
240.17	54846.47
240.23	54844.61
240.28	54852.62
240.33	54862.26
240.38	54854.81
240.43	54852.74
240.48	54874.07
240.53	54888.40
240.58	54909.33
240.63	54943.32
240.68	54948.29
240.73	54941.75
240.78	54941.74
240.83	54935.61
240.88	54917.53
240.93	54913.38
240.98	54915.30
241.04	54930.50
241.09	54954.26
241.14	54982.61
241.19	55020.66
241.24	55051.60
241.29	55067.54
241.34	55080.14
241.39	55099.62
241.44	55105.65
241.49	55112.65
241.54	55105.45
241.59	55101.15
241.64	55090.65
241.69	55075.06
241.74	55064.72
241.79	55068.24
241.84	55054.81
241.90	55038.70
241.95	55017.76
242.00	54995.11
242.05	54973.17
242.10	54957.98
242.15	54947.10
242.20	54944.93
242.25	54939.99
242.30	54924.67
242.35	54922.12
242.40	54921.84
242.45	54915.13
242.50	54908.41
242.55	54909.79
242.60	54905.12
242.65	54905.05
242.70	54917.04
242.75	54943.43
242.80	54980.55
242.85	55011.19
242.91	55024.14
242.96	55017.16
243.01	54997.94
243.06	54968.74
243.11	54937.79
243.16	54914.91
243.21	54920.77
243.26	54931.61
243.31	54945.47
243.36	54960.75
243.41	54976.59
243.46	54974.26
243.51	54945.45
243.56	54892.06
243.61	54837.59
243.66	54797.86
243.71	54760.29
243.76	54755.47
243.81	54776.60
243.86	54774.12
243.91	54773.89
243.96	54772.33
244.01	54752.33
244.06	54724.98
244.12	54723.39
244.17	54713.61
244.22	54717.51
244.27	54738.20
244.32	54765.20
244.37	54784.13
244.42	54780.38
244.47	54770.25
244.52	54749.88
244.57	54712.76
244.62	54688.76
244.67	54672.08
244.72	54651.37
244.77	54644.90
244.82	54667.11
244.87	54693.36
244.92	54720.96
244.97	54734.09
245.02	54734.89
245.07	54702.26
245.12	54673.61
245.17	54650.16
245.22	54652.35
245.27	54648.31
245.32	54622.04
245.37	54582.83
245.42	54541.18
245.47	54491.14
245.52	54438.79
245.57	54424.44
245.62	54419.68
245.67	54414.02
245.72	54405.93
245.77	54392.88
245.82	54376.48
245.87	54373.50
245.92	54381.56
245.98	54379.31
246.03	54386.89
246.08	54400.61
246.13	54393.26
246.18	54394.40
246.23	54396.91
246.28	54386.42
246.33	54374.98
246.38	54356.38
246.43	54320.29
246.48	54298.17
246.53	54297.97
246.58	54297.98
246.63	54299.05
246.68	54286.94
246.73	54263.44
246.78	54227.46
246.83	54179.90
246.88	54119.73
246.93	54086.51
246.98	54047.98
247.03	54024.42
247.08	54013.78
247.13	54006.32
247.18	53992.89
247.23	54008.70
247.28	54005.41
247.33	53985.63
247.38	53970.87
247.43	53961.19
247.48	53943.00
247.53	53916.16
247.58	53881.20
247.63	53862.51
247.68	53819.69
247.73	53762.19
247.78	53727.72
247.83	53699.81
247.88	53664.49
247.93	53653.19
247.98	53658.65
248.03	53657.09
248.08	53672.34
248.13	53678.19
248.18	53668.35
248.23	53657.54
248.28	53634.87
248.33	53596.47
248.38	53561.07
248.43	53532.72
248.48	53515.17
248.53	53505.39
248.58	53496.65
248.63	53495.31
248.68	53484.09
248.73	53452.39
248.78	53406.87
248.83	53361.66
248.88	53294.81
248.93	53226.67
248.98	53145.15
249.03	53114.03
249.08	53090.81
249.13	53081.90
249.18	53073.72
249.23	53089.03
249.28	53078.12
249.33	53065.09
249.38	53060.49
249.43	53048.53
249.48	53030.67
249.53	53018.78
249.58	52999.69
249.63	52972.28
249.68	52966.56
249.73	52953.76
249.78	52926.96
249.83	52931.03
249.88	52908.89
249.93	52888.58
249.98	52874.43
250.03	52867.18
250.08	52823.90
250.13	52814.81
250.18	52793.12
250.23	52747.54
250.28	52702.55
250.33	52655.20
250.37	52611.68
250.42	52571.34
250.47	52548.99
250.52	52531.32
250.57	52518.03
250.62	52482.09
250.67	52449.45
250.72	52426.30
250.77	52383.19
250.82	52362.65
250.87	52363.79
250.92	52350.13
250.97	52327.74
251.02	52325.93
251.07	52319.78
251.12	52293.16
251.17	52263.53
251.22	52239.33
251.27	52202.73
251.32	52151.02
251.37	52101.37
251.42	52051.47
251.47	52006.97
251.52	51974.47
251.57	51960.19
251.62	51947.88
251.67	51946.71
251.72	51934.94
251.77	51903.66
251.82	51865.47
251.87	51823.58
251.92	51771.85
251.97	51711.19
252.02	51674.09
252.07	51650.38
252.12	51632.29
252.16	51629.01
252.21	51631.36
252.26	51636.05
252.31	51628.25
252.36	51620.86
252.41	51599.36
252.46	51579.06
252.51	51547.95
252.56	51517.48
252.61	51489.23
252.66	51459.11
252.71	51435.98
252.76	51407.53
252.81	51362.42
252.86	51305.35
252.91	51261.21
252.96	51200.87
253.01	51134.22
253.06	51076.45
253.11	51036.39
253.16	50995.12
253.21	50948.44
253.26	50909.70
253.31	50880.10
253.36	50851.04
253.40	50829.43
253.45	50816.36
253.50	50778.32
253.55	50743.64
253.60	50700.82
253.65	50653.24
253.70	50613.86
253.75	50606.00
253.80	50587.56
253.85	50577.06
253.90	50577.38
253.95	50571.29
254.00	50565.39
254.05	50549.92
254.10	50523.50
254.15	50491.69
254.20	50465.30
254.25	50429.11
254.30	50396.93
254.35	50356.26
254.39	50290.49
254.44	50207.08
254.49	50131.61
254.54	50093.93
254.59	50065.41
254.64	50058.65
254.69	50068.43
254.74	50072.69
254.79	50049.36
254.84	50013.51
254.89	49999.64
254.94	49978.09
254.99	49961.46
255.04	49938.81
255.09	49937.11
255.14	49897.86
255.19	49889.96
255.23	49878.10
255.28	49870.01
255.33	49855.83
255.38	49856.86
255.43	49827.01
255.48	49795.64
255.53	49758.05
255.58	49726.83
255.63	49685.01
255.68	49647.26
255.73	49608.29
255.78	49583.74
255.83	49557.73
255.88	49534.37
255.93	49508.11
255.97	49488.21
256.02	49446.41
256.07	49400.85
256.12	49332.31
256.17	49280.47
256.22	49220.23
256.27	49177.77
256.32	49130.22
256.37	49116.11
256.42	49095.72
256.47	49074.06
256.52	49043.87
256.57	49029.55
256.62	49004.91
256.66	48989.52
256.71	48958.73
256.76	48926.72
256.81	48873.40
256.86	48830.62
256.91	48787.07
256.96	48750.85
257.01	48721.87
257.06	48700.10
257.11	48665.71
257.16	48606.86
257.21	48570.17
257.26	48527.23
257.30	48487.14
257.35	48443.36
257.40	48423.95
257.45	48407.36
257.50	48385.90
257.55	48361.36
257.60	48347.70
257.65	48318.82
257.70	48275.89
257.75	48239.75
257.80	48208.12
257.85	48168.31
257.89	48122.82
257.94	48062.13
257.99	47996.96
258.04	47938.09
258.09	47898.55
258.14	47867.97
258.19	47860.02
258.24	47843.46
258.29	47804.04
258.34	47762.92
258.39	47733.82
258.44	47677.12
258.48	47622.11
258.53	47591.27
258.58	47548.01
258.63	47494.09
258.68	47447.59
258.73	47419.90
258.78	47377.97
258.83	47339.96
258.88	47302.63
258.93	47271.93
258.97	47238.75
259.02	47211.48
259.07	47182.39
259.12	47161.56
259.17	47148.66
259.22	47130.02
259.27	47107.89
259.32	47093.92
259.37	47052.36
259.42	47016.17
259.47	46976.98
259.51	46934.78
259.56	46868.41
259.61	46795.40
259.66	46711.41
259.71	46635.29
259.76	46570.36
259.81	46511.65
259.86	46478.39
259.91	46443.70
259.95	46422.01
260.00	46387.82
260.05	46372.04
260.10	46352.68
260.15	46343.20
260.20	46328.57
260.25	46322.67
260.30	46313.29
260.35	46286.35
260.40	46252.14
260.44	46217.88
260.49	46195.20
260.54	46156.23
260.59	46142.22
260.64	46137.15
260.69	46136.46
260.74	46103.83
260.79	46072.32
260.84	46020.86
260.88	45960.66
260.93	45878.27
260.98	45838.58
261.03	45797.61
261.08	45770.85
261.13	45736.42
261.18	45707.51
261.23	45654.10
261.28	45611.87
261.32	45567.94
261.37	45528.72
261.42	45494.14
261.47	45466.35
261.52	45421.29
261.57	45374.45
261.62	45328.07
261.67	45275.67
261.71	45202.57
261.76	45163.52
261.81	45112.97
261.86	45065.86
261.91	45017.40
261.96	44989.23
262.01	44944.14
262.06	44924.03
262.10	44909.60
262.15	44890.76
262.20	44870.88
262.25	44859.34
262.30	44835.02
262.35	44806.92
262.40	44785.08
262.45	44755.46
262.49	44718.63
262.54	44686.71
262.59	44651.91
262.64	44622.07
262.69	44584.74
262.74	44539.52
262.79	44481.15
262.84	44437.00
262.88	44392.53
262.93	44343.70
262.98	44308.64
263.03	44270.68
263.08	44213.29
263.13	44137.59
263.18	44074.83
263.23	44010.74
263.27	43967.50
263.32	43937.93
263.37	43925.36
263.42	43908.95
263.47	43881.79
263.52	43853.26
263.57	43810.53
263.61	43770.41
263.66	43736.66
263.71	43709.41
263.76	43672.95
263.81	43638.06
263.86	43604.22
263.91	43558.22
263.95	43495.44
264.00	43436.74
264.05	43388.05
264.10	43323.23
264.15	43253.95
264.20	43217.39
264.25	43174.79
264.29	43126.15
264.34	43076.54
264.39	43048.87
264.44	42992.31
264.49	42948.14
264.54	42912.73
264.59	42881.09
264.63	42842.06
264.68	42794.45
264.73	42751.01
264.78	42699.47
264.83	42640.98
264.88	42589.96
264.93	42562.76
264.97	42532.25
265.02	42506.86
265.07	42491.25
265.12	42462.13
265.17	42417.40
265.22	42375.05
265.27	42320.87
265.31	42260.06
265.36	42192.35
265.41	42135.01
265.46	42069.12
265.51	41994.40
265.56	41931.86
265.60	41875.91
265.65	41818.04
265.70	41766.52
265.75	41718.69
265.80	41670.91
265.85	41617.60
265.90	41561.22
265.94	41502.06
265.99	41443.45
266.04	41385.64
266.09	41348.35
266.14	41312.12
266.19	41274.48
266.23	41248.22
266.28	41212.48
266.33	41174.62
266.38	41157.16
266.43	41133.52
266.48	41109.80
266.52	41086.10
266.57	41053.30
266.62	41006.86
266.67	40962.60
266.72	40915.74
266.77	40886.22
266.81	40854.11
266.86	40823.53
266.91	40793.31
266.96	40750.87
267.01	40711.11
267.06	40661.84
267.10	40612.85
267.15	40560.35
267.20	40534.01
267.25	40487.83
267.30	40462.03
267.35	40425.24
267.39	40384.68
267.44	40339.52
267.49	40295.43
267.54	40234.95
267.59	40180.07
267.64	40132.09
267.68	40071.17
267.73	40023.19
267.78	39990.63
267.83	39972.63
267.88	39961.01
267.93	39958.95
267.97	39940.57
268.02	39904.85
268.07	39856.49
268.12	39794.19
268.17	39730.12
268.21	39683.04
268.26	39636.36
268.31	39590.82
268.36	39546.41
268.41	39499.31
268.46	39449.32
268.50	39410.18
268.55	39358.66
268.60	39303.48
268.65	39245.67
268.70	39171.12
268.74	39102.17
268.79	39036.61
268.84	38989.17
268.89	38945.60
268.94	38920.14
268.99	38885.90
269.03	38844.81
269.08	38791.52
269.13	38716.72
269.18	38635.64
269.23	38536.21
269.27	38430.40
269.32	38302.87
269.37	38183.95
269.42	38042.08
269.47	37906.41
269.51	37767.84
269.56	37629.60
269.61	37482.20
269.66	37336.45
269.71	37179.57
269.76	37038.34
269.80	36888.88
269.85	36748.87
269.90	36605.71
269.95	36462.54
270.00	36293.81
270.04	36149.02
270.09	36000.19
270.14	35859.03
270.19	35722.65
270.24	35594.51
270.28	35442.69
270.33	35271.66
270.38	35096.63
270.43	34923.08
270.48	34747.51
270.52	34594.79
270.57	34441.19
270.62	34287.22
270.67	34133.11
270.72	33983.45
270.76	33801.76
270.81	33635.73
270.86	33466.24
270.91	33295.99
270.96	33121.32
271.00	32965.53
271.05	32811.50
271.10	32676.30
271.15	32544.47
271.20	32418.98
271.24	32290.73
271.29	32151.96
271.34	32000.46
271.39	31849.46
271.44	31700.39
271.48	31556.02
271.53	31416.81
271.58	31275.42
271.63	31128.82
271.67	30987.57
271.72	30843.27
271.77	30696.55
271.82	30559.75
271.87	30421.65
271.91	30264.01
271.96	30119.17
272.01	29983.91
272.06	29848.39
272.11	29726.76
272.15	29623.24
272.20	29521.16
272.25	29427.01
272.30	29325.03
272.35	29221.02
272.39	29113.75
272.44	28992.68
272.49	28851.80
272.54	28716.65
272.58	28571.21
272.63	28419.19
272.68	28266.97
272.73	28114.57
272.78	27940.30
272.82	27739.08
272.87	27517.57
272.92	27233.09
272.97	26707.52
273.01	23766.12
273.06	18844.96
273.11	13420.68
273.16	8096.07
273.21	3048.09
273.25	459.16
273.30	-89.57
273.35	-89.35
