165.32	3386.20
165.38	-248.31
165.44	598.31
165.50	-74.39
165.55	-13.11
165.61	12.07
165.67	42.34
165.72	53.00
165.78	59.46
165.84	58.10
165.89	55.07
165.95	54.37
166.01	53.81
166.06	55.47
166.12	57.87
166.18	56.04
166.23	57.54
166.29	56.64
166.35	52.83
166.40	51.98
166.46	58.32
166.52	60.83
166.57	61.72
166.63	62.44
166.69	64.89
166.74	58.99
166.80	59.32
166.86	61.27
166.91	62.28
166.97	56.66
167.03	59.43
167.08	53.91
167.14	53.48
167.20	51.43
167.25	63.78
167.31	64.20
167.37	69.50
167.42	71.07
167.48	77.29
167.54	71.56
167.59	70.95
167.65	66.48
167.71	65.77
167.76	64.52
167.82	60.20
167.88	59.78
167.93	67.98
167.99	67.11
168.05	69.16
168.10	76.94
168.16	76.07
168.21	73.47
168.27	78.39
168.33	80.47
168.38	73.36
168.44	78.16
168.50	76.64
168.55	74.56
168.61	74.57
168.67	76.93
168.72	74.32
168.78	74.93
168.84	70.94
168.89	69.66
168.95	70.46
169.01	70.21
169.06	69.92
169.12	69.53
169.18	67.72
169.23	67.48
169.29	71.01
169.34	75.34
169.40	78.07
169.46	82.52
169.51	84.54
169.57	80.70
169.63	76.23
169.68	81.12
169.74	77.84
169.80	83.31
169.85	84.57
169.91	89.02
169.97	84.71
170.02	84.57
170.08	83.54
170.13	84.00
170.19	83.48
170.25	85.15
170.30	89.29
170.36	81.10
170.42	82.81
170.47	84.26
170.53	85.47
170.59	82.25
170.64	85.57
170.70	84.12
170.76	80.87
170.81	82.40
170.87	81.97
170.92	83.43
170.98	86.39
171.04	89.53
171.09	85.86
171.15	93.14
171.21	93.61
171.26	90.46
171.32	86.97
171.37	90.59
171.43	85.05
171.49	89.77
171.54	92.87
171.60	95.03
171.66	97.23
171.71	97.58
171.77	95.47
171.83	101.62
171.88	100.64
171.94	99.88
171.99	104.69
172.05	103.62
172.11	104.25
172.16	112.68
172.22	112.98
172.28	113.20
172.33	110.92
172.39	108.07
172.44	105.02
172.50	110.51
172.56	109.45
172.61	118.10
172.67	117.80
172.72	117.83
172.78	112.71
172.84	108.34
172.89	101.82
172.95	101.09
173.01	101.84
173.06	100.30
173.12	106.00
173.17	106.92
173.23	106.60
173.29	106.82
173.34	108.59
173.40	102.97
173.46	103.75
173.51	106.17
173.57	106.46
173.62	101.15
173.68	108.19
173.74	107.12
173.79	108.52
173.85	105.53
173.90	107.97
173.96	104.47
174.02	102.04
174.07	94.18
174.13	93.83
174.18	96.99
174.24	90.41
174.30	90.33
174.35	95.71
174.41	92.63
174.47	86.09
174.52	87.21
174.58	86.56
174.63	82.23
174.69	80.51
174.75	82.52
174.80	93.31
174.86	91.07
174.91	92.18
174.97	92.88
175.03	90.34
175.08	78.06
175.14	84.64
175.19	80.44
175.25	81.26
175.31	85.67
175.36	87.58
175.42	84.32
175.47	89.27
175.53	89.47
175.59	86.00
175.64	87.37
175.70	85.87
175.75	81.22
175.81	79.74
175.87	80.95
175.92	77.73
175.98	78.76
176.03	78.55
176.09	78.89
176.15	78.92
176.20	79.34
176.26	79.71
176.31	83.12
176.37	80.56
176.42	81.77
176.48	85.48
176.54	82.79
176.59	80.07
176.65	83.01
176.70	84.31
176.76	83.71
176.82	81.43
176.87	78.43
176.93	78.00
176.98	76.27
177.04	71.54
177.10	76.60
177.15	78.12
177.21	78.93
177.26	78.05
177.32	81.55
177.37	83.43
177.43	87.12
177.49	84.11
177.54	81.43
177.60	81.59
177.65	82.42
177.71	77.01
177.77	79.56
177.82	81.46
177.88	85.50
177.93	80.16
177.99	86.63
178.04	82.99
178.10	83.57
178.16	76.96
178.21	78.15
178.27	75.08
178.32	78.89
178.38	77.74
178.43	79.85
178.49	80.12
178.55	79.41
178.60	77.79
178.66	76.83
178.71	77.82
178.77	75.68
178.82	76.58
178.88	76.77
178.94	77.83
178.99	78.99
179.05	83.27
179.10	79.70
179.16	82.09
179.21	84.28
179.27	83.00
179.33	78.62
179.38	82.10
179.44	80.46
179.49	80.58
179.55	78.54
179.60	79.02
179.66	78.34
179.72	80.77
179.77	78.17
179.83	77.00
179.88	78.06
179.94	79.49
179.99	75.45
180.05	75.52
180.11	76.90
180.16	79.45
180.22	81.54
180.27	86.79
180.33	87.87
180.38	91.53
180.44	87.26
180.49	87.20
180.55	84.58
180.61	88.62
180.66	83.53
180.72	82.17
180.77	79.87
180.83	79.87
180.88	76.59
180.94	76.73
180.99	80.25
181.05	80.88
181.11	82.09
181.16	82.56
181.22	83.73
181.27	85.91
181.33	84.07
181.38	80.61
181.44	81.48
181.49	86.18
181.55	86.52
181.61	93.12
181.66	96.05
181.72	94.12
181.77	90.87
181.83	88.42
181.88	93.15
181.94	94.68
181.99	99.87
182.05	100.33
182.11	101.37
182.16	91.89
182.22	89.59
182.27	84.62
182.33	86.74
182.38	85.84
182.44	90.48
182.49	92.75
182.55	94.20
182.60	93.38
182.66	96.97
182.72	99.15
182.77	100.87
182.83	104.33
182.88	107.69
182.94	108.60
182.99	106.00
183.05	104.60
183.10	106.64
183.16	105.88
183.21	106.78
183.27	113.23
183.32	116.90
183.38	119.52
183.44	125.22
183.49	128.53
183.55	128.32
183.60	132.27
183.66	136.67
183.71	143.33
183.77	148.90
183.82	156.06
183.88	165.18
183.93	174.61
183.99	186.03
184.04	200.75
184.10	211.40
184.15	221.85
184.21	233.10
184.27	235.00
184.32	236.17
184.38	235.60
184.43	233.58
184.49	220.71
184.54	207.71
184.60	202.42
184.65	192.16
184.71	184.85
184.76	186.75
184.82	202.77
184.87	216.56
184.93	238.35
184.98	262.42
185.04	290.13
185.09	311.19
185.15	333.66
185.20	362.39
185.26	393.18
185.31	419.32
185.37	444.87
185.43	463.78
185.48	481.67
185.54	504.22
185.59	528.06
185.65	551.16
185.70	589.73
185.76	632.09
185.81	664.48
185.87	699.38
185.92	740.26
185.98	773.74
186.03	789.47
186.09	792.61
186.14	771.34
186.20	724.97
186.25	647.24
186.31	570.83
186.36	510.47
186.42	485.28
186.47	495.53
186.53	541.14
186.58	607.52
186.64	678.82
186.69	747.91
186.75	805.47
186.80	862.20
186.86	919.09
186.91	978.40
186.97	1033.64
187.02	1105.75
187.08	1174.68
187.13	1234.80
187.19	1301.26
187.24	1371.97
187.30	1425.72
187.35	1485.36
187.41	1559.69
187.47	1629.40
187.52	1687.93
187.58	1748.42
187.63	1813.27
187.69	1874.11
187.74	1923.27
187.80	1969.22
187.85	2015.16
187.91	2038.74
187.96	2026.94
188.02	1966.10
188.07	1859.89
188.13	1700.43
188.18	1529.98
188.24	1403.54
188.29	1342.11
188.35	1348.15
188.40	1423.93
188.46	1546.41
188.51	1667.14
188.57	1792.98
188.62	1915.67
188.67	2030.15
188.73	2136.70
188.78	2241.23
188.84	2341.56
188.89	2442.86
188.95	2546.22
189.00	2636.72
189.06	2732.72
189.11	2825.54
189.17	2903.65
189.22	2974.94
189.28	3061.42
189.33	3135.00
189.39	3198.33
189.44	3266.30
189.50	3339.79
189.55	3406.34
189.61	3460.60
189.66	3519.88
189.72	3578.57
189.77	3631.50
189.83	3661.63
189.88	3673.11
189.94	3645.24
189.99	3567.73
190.05	3419.19
190.10	3208.81
190.16	2965.00
190.21	2751.71
190.27	2615.63
190.32	2583.02
190.38	2655.62
190.43	2813.87
190.49	3002.41
190.54	3173.54
190.60	3331.89
190.65	3473.50
190.71	3605.89
190.76	3734.45
190.81	3863.61
190.87	3983.79
190.92	4109.31
190.98	4222.75
191.03	4325.88
191.09	4431.87
191.14	4529.12
191.20	4613.38
191.25	4706.52
191.31	4799.50
191.36	4884.31
191.42	4963.41
191.47	5048.78
191.53	5129.86
191.58	5201.81
191.64	5259.93
191.69	5317.77
191.75	5358.88
191.80	5391.12
191.85	5407.14
191.91	5428.34
191.96	5451.89
192.02	5481.84
192.07	5495.75
192.13	5494.41
192.18	5449.57
192.24	5334.81
192.29	5143.42
192.35	4923.41
192.40	4741.77
192.46	4632.22
192.51	4627.58
192.57	4720.55
192.62	4893.50
192.67	5076.56
192.73	5254.76
192.78	5414.23
192.84	5563.77
192.89	5696.57
192.95	5822.88
193.00	5936.46
193.06	6043.63
193.11	6147.06
193.17	6235.43
193.22	6317.87
193.28	6405.27
193.33	6482.47
193.38	6550.98
193.44	6619.34
193.49	6691.86
193.55	6750.53
193.60	6806.15
193.66	6859.36
193.71	6910.79
193.77	6936.32
193.82	6957.10
193.88	6978.22
193.93	7002.73
193.98	7025.45
194.04	7067.48
194.09	7112.24
194.15	7161.59
194.20	7208.04
194.26	7251.08
194.31	7291.64
194.37	7319.60
194.42	7328.36
194.47	7317.54
194.53	7276.04
194.58	7190.44
194.64	7084.09
194.69	6989.72
194.75	6925.60
194.80	6908.83
194.86	6948.95
194.91	7041.61
194.97	7146.47
195.02	7254.52
195.07	7364.97
195.13	7470.98
195.18	7581.02
195.24	7694.90
195.29	7806.52
195.35	7908.20
195.40	8017.96
195.46	8099.32
195.51	8182.09
195.56	8259.92
195.62	8336.31
195.67	8391.26
195.73	8457.23
195.78	8510.63
195.84	8556.50
195.89	8588.28
195.94	8624.31
196.00	8657.31
196.05	8687.27
196.11	8726.15
196.16	8771.32
196.22	8818.89
196.27	8870.31
196.32	8922.13
196.38	8967.77
196.43	9016.07
196.49	9054.59
196.54	9092.23
196.60	9133.81
196.65	9175.22
196.71	9220.06
196.76	9268.59
196.81	9305.10
196.87	9338.50
196.92	9369.98
196.98	9386.39
197.03	9396.85
197.09	9393.90
197.14	9387.63
197.19	9387.20
197.25	9399.11
197.30	9419.92
197.36	9474.31
197.41	9536.75
197.47	9597.45
197.52	9658.09
197.57	9726.19
197.63	9776.46
197.68	9831.70
197.74	9884.18
197.79	9929.66
197.84	9971.40
197.90	10020.78
197.95	10058.32
198.01	10099.38
198.06	10143.85
198.12	10191.62
198.17	10231.32
198.22	10275.11
198.28	10316.22
198.33	10359.73
198.39	10399.48
198.44	10448.76
198.49	10498.34
198.55	10543.34
198.60	10592.12
198.66	10635.18
198.71	10680.49
198.77	10723.12
198.82	10775.44
198.87	10818.37
198.93	10864.27
198.98	10905.48
199.04	10951.58
199.09	10987.67
199.14	11032.77
199.20	11073.87
199.25	11114.59
199.31	11155.32
199.36	11196.94
199.42	11238.00
199.47	11280.64
199.52	11321.60
199.58	11356.02
199.63	11384.72
199.69	11415.77
199.74	11447.44
199.79	11470.70
199.85	11500.18
199.90	11539.01
199.96	11574.65
200.01	11619.27
200.06	11673.73
200.12	11723.80
200.17	11779.29
200.23	11835.80
200.28	11877.99
200.33	11929.17
200.39	11976.88
200.44	12018.62
200.50	12063.19
200.55	12103.37
200.60	12135.78
200.66	12172.51
200.71	12203.45
200.77	12231.88
200.82	12268.03
200.87	12307.70
200.93	12346.21
200.98	12391.28
201.04	12435.27
201.09	12483.44
201.14	12530.60
201.20	12579.26
201.25	12633.84
201.31	12685.92
201.36	12746.65
201.41	12803.73
201.47	12862.63
201.52	12914.56
201.58	12973.50
201.63	13020.47
201.68	13070.81
201.74	13117.25
201.79	13165.14
201.84	13217.41
201.90	13265.67
201.95	13312.36
202.01	13368.41
202.06	13422.06
202.11	13459.83
202.17	13508.72
202.22	13558.66
202.28	13599.63
202.33	13636.60
202.38	13677.10
202.44	13721.20
202.49	13764.02
202.54	13805.91
202.60	13856.57
202.65	13907.22
202.71	13957.82
202.76	13996.71
202.81	14036.29
202.87	14077.72
202.92	14122.09
202.98	14166.26
203.03	14220.48
203.08	14283.32
203.14	14336.18
203.19	14393.07
203.24	14447.44
203.30	14498.65
203.35	14543.86
203.41	14595.61
203.46	14639.71
203.51	14682.78
203.57	14727.22
203.62	14777.87
203.67	14826.21
203.73	14870.21
203.78	14918.30
203.84	14976.12
203.89	15019.66
203.94	15068.00
204.00	15121.16
204.05	15171.51
204.10	15204.28
204.16	15244.81
204.21	15288.08
204.27	15332.96
204.32	15373.08
204.37	15424.69
204.43	15473.24
204.48	15523.25
204.53	15568.24
204.59	15624.28
204.64	15681.20
204.69	15742.77
204.75	15798.71
204.80	15865.17
204.86	15918.40
204.91	15970.71
204.96	16028.50
205.02	16084.20
205.07	16138.74
205.12	16199.41
205.18	16262.09
205.23	16316.63
205.28	16377.26
205.34	16429.32
205.39	16483.85
205.45	16539.94
205.50	16595.55
205.55	16650.65
205.61	16712.76
205.66	16768.91
205.71	16824.44
205.77	16882.56
205.82	16941.94
205.87	16995.73
205.93	17050.58
205.98	17096.07
206.03	17141.48
206.09	17182.97
206.14	17233.66
206.20	17283.34
206.25	17341.10
206.30	17400.65
206.36	17457.33
206.41	17516.07
206.46	17571.67
206.52	17618.34
206.57	17666.32
206.62	17712.46
206.68	17756.44
206.73	17803.12
206.78	17860.67
206.84	17920.95
206.89	17983.93
206.94	18041.80
207.00	18112.90
207.05	18179.75
207.11	18241.82
207.16	18301.52
207.21	18366.61
207.27	18418.20
207.32	18478.73
207.37	18537.33
207.43	18589.18
207.48	18633.98
207.53	18683.10
207.59	18728.10
207.64	18782.03
207.69	18851.19
207.75	18922.62
207.80	18983.23
207.85	19038.97
207.91	19093.42
207.96	19141.87
208.01	19198.86
208.07	19258.42
208.12	19320.32
208.17	19374.63
208.23	19428.64
208.28	19476.82
208.33	19533.23
208.39	19591.65
208.44	19655.93
208.49	19712.66
208.55	19773.57
208.60	19828.29
208.65	19882.26
208.71	19927.87
208.76	19986.15
208.81	20041.83
208.87	20104.32
208.92	20162.91
208.97	20226.09
209.03	20284.26
209.08	20342.41
209.13	20397.95
209.19	20462.40
209.24	20519.17
209.29	20587.05
209.35	20644.21
209.40	20706.90
209.45	20768.88
209.51	20836.63
209.56	20895.92
209.61	20963.91
209.67	21028.11
209.72	21081.96
209.77	21140.95
209.83	21196.92
209.88	21262.92
209.93	21327.50
209.99	21395.24
210.04	21463.47
210.09	21533.14
210.15	21589.28
210.20	21646.35
210.25	21708.50
210.31	21767.16
210.36	21820.18
210.41	21871.46
210.46	21931.53
210.52	21990.12
210.57	22043.34
210.62	22103.51
210.68	22169.29
210.73	22217.41
210.78	22271.81
210.84	22333.52
210.89	22393.98
210.94	22451.77
211.00	22521.39
211.05	22570.50
211.10	22632.28
211.16	22689.69
211.21	22754.57
211.26	22821.10
211.32	22898.38
211.37	22961.06
211.42	23030.02
211.47	23103.88
211.53	23161.98
211.58	23224.15
211.63	23279.71
211.69	23332.98
211.74	23373.64
211.79	23424.03
211.85	23477.96
211.90	23540.59
211.95	23609.77
212.01	23683.98
212.06	23765.67
212.11	23842.02
212.16	23917.43
212.22	23990.44
212.27	24053.28
212.32	24111.36
212.38	24177.02
212.43	24240.82
212.48	24295.90
212.54	24360.92
212.59	24424.97
212.64	24489.42
212.69	24553.22
212.75	24622.66
212.80	24689.14
212.85	24760.89
212.91	24816.92
212.96	24874.05
213.01	24932.29
213.07	24993.69
213.12	25055.87
213.17	25125.76
213.22	25192.39
213.28	25252.68
213.33	25302.37
213.38	25354.77
213.44	25407.59
213.49	25473.45
213.54	25547.78
213.60	25639.25
213.65	25727.10
213.70	25811.06
213.75	25878.40
213.81	25939.75
213.86	25997.16
213.91	26047.10
213.97	26095.63
214.02	26148.33
214.07	26200.16
214.12	26249.29
214.18	26307.82
214.23	26375.25
214.28	26447.25
214.34	26519.26
214.39	26590.77
214.44	26653.54
214.49	26711.19
214.55	26770.53
214.60	26824.71
214.65	26883.97
214.71	26944.64
214.76	27006.52
214.81	27069.74
214.86	27153.47
214.92	27214.32
214.97	27275.18
215.02	27345.20
215.08	27410.03
215.13	27476.32
215.18	27549.84
215.23	27630.35
215.29	27696.46
215.34	27770.35
215.39	27836.95
215.45	27914.27
215.50	27985.78
215.55	28055.00
215.60	28114.13
215.66	28160.82
215.71	28208.81
215.76	28268.67
215.81	28324.18
215.87	28386.63
215.92	28452.92
215.97	28510.48
216.03	28565.91
216.08	28625.60
216.13	28680.91
216.18	28736.13
216.24	28799.77
216.29	28851.63
216.34	28902.97
216.39	28962.03
216.45	29023.18
216.50	29078.56
216.55	29138.45
216.61	29210.67
216.66	29269.14
216.71	29326.60
216.76	29389.42
216.82	29462.65
216.87	29533.22
216.92	29612.87
216.97	29686.27
217.03	29763.50
217.08	29835.85
217.13	29914.04
217.18	29977.24
217.24	30046.42
217.29	30106.76
217.34	30153.92
217.39	30195.57
217.45	30244.92
217.50	30300.27
217.55	30364.42
217.61	30436.75
217.66	30499.55
217.71	30568.88
217.76	30648.21
217.82	30723.07
217.87	30794.41
217.92	30873.21
217.97	30946.89
218.03	31005.62
218.08	31053.80
218.13	31104.86
218.18	31149.52
218.24	31211.38
218.29	31259.22
218.34	31316.25
218.39	31374.07
218.45	31443.62
218.50	31501.37
218.55	31572.11
218.60	31642.22
218.66	31699.52
218.71	31762.16
218.76	31821.78
218.81	31886.16
218.87	31948.29
218.92	32020.94
218.97	32092.01
219.02	32162.67
219.08	32226.46
219.13	32300.70
219.18	32363.74
219.23	32417.34
219.29	32473.10
219.34	32532.05
219.39	32587.41
219.44	32647.72
219.50	32717.78
219.55	32778.19
219.60	32845.73
219.65	32909.90
219.71	32987.50
219.76	33037.37
219.81	33096.49
219.86	33156.71
219.92	33213.02
219.97	33255.73
220.02	33313.44
220.07	33374.45
220.13	33425.16
220.18	33484.61
220.23	33556.93
220.28	33640.43
220.33	33718.17
220.39	33786.76
220.44	33846.58
220.49	33898.50
220.54	33946.83
220.60	33992.47
220.65	34051.62
220.70	34121.90
220.75	34194.97
220.81	34275.14
220.86	34354.74
220.91	34427.49
220.96	34490.99
221.02	34560.76
221.07	34623.30
221.12	34683.07
221.17	34741.43
221.22	34801.02
221.28	34857.92
221.33	34913.36
221.38	34968.69
221.43	35038.10
221.49	35104.42
221.54	35165.10
221.59	35233.58
221.64	35318.08
221.69	35408.63
221.75	35514.17
221.80	35611.63
221.85	35685.37
221.90	35748.41
221.96	35802.96
222.01	35830.62
222.06	35861.43
222.11	35910.27
222.17	35955.94
222.22	35986.36
222.27	36033.27
222.32	36087.32
222.37	36135.46
222.43	36203.13
222.48	36277.87
222.53	36355.74
222.58	36434.02
222.63	36509.45
222.69	36571.78
222.74	36637.86
222.79	36697.44
222.84	36742.28
222.90	36793.80
222.95	36846.37
223.00	36885.25
223.05	36940.96
223.10	37006.33
223.16	37060.37
223.21	37106.34
223.26	37161.31
223.31	37194.78
223.36	37230.13
223.42	37269.94
223.47	37301.87
223.52	37344.63
223.57	37394.26
223.63	37452.49
223.68	37506.38
223.73	37583.77
223.78	37657.87
223.83	37722.15
223.89	37771.58
223.94	37841.70
223.99	37897.98
224.04	37971.51
224.09	38047.14
224.15	38146.17
224.20	38225.40
224.25	38323.44
224.30	38397.89
224.35	38488.40
224.41	38579.52
224.46	38671.73
224.51	38752.16
224.56	38831.00
224.61	38908.27
224.67	38978.86
224.72	39049.86
224.77	39149.58
224.82	39253.55
224.87	39346.57
224.93	39430.55
224.98	39527.02
225.03	39606.57
225.08	39681.13
225.13	39764.60
225.19	39851.30
225.24	39941.33
225.29	40016.76
225.34	40107.27
225.39	40192.62
225.45	40287.49
225.50	40366.94
225.55	40459.54
225.60	40544.82
225.65	40636.83
225.71	40720.28
225.76	40811.00
225.81	40898.59
225.86	40995.58
225.91	41091.60
225.97	41189.07
226.02	41291.69
226.07	41374.77
226.12	41444.20
226.17	41505.39
226.22	41571.07
226.28	41641.56
226.33	41719.34
226.38	41792.47
226.43	41872.80
226.48	41931.84
226.54	41986.58
226.59	42058.66
226.64	42137.67
226.69	42211.86
226.74	42289.60
226.80	42358.63
226.85	42402.49
226.90	42445.43
226.95	42495.83
227.00	42549.62
227.05	42620.10
227.11	42709.84
227.16	42799.40
227.21	42880.98
227.26	42975.94
227.31	43042.44
227.37	43098.03
227.42	43164.42
227.47	43243.16
227.52	43314.62
227.57	43387.59
227.62	43471.17
227.68	43542.99
227.73	43615.35
227.78	43689.90
227.83	43774.85
227.88	43847.73
227.93	43927.24
227.99	44007.06
228.04	44079.67
228.09	44160.44
228.14	44238.35
228.19	44308.53
228.24	44369.51
228.30	44437.58
228.35	44494.79
228.40	44559.22
228.45	44620.02
228.50	44694.51
228.56	44753.25
228.61	44819.88
228.66	44876.74
228.71	44932.74
228.76	44975.61
228.81	45025.32
228.87	45068.90
228.92	45136.79
228.97	45199.62
229.02	45285.11
229.07	45363.27
229.12	45453.18
229.17	45518.40
229.23	45598.83
229.28	45666.78
229.33	45747.22
229.38	45808.61
229.43	45887.25
229.48	45969.85
229.54	46041.96
229.59	46103.74
229.64	46183.25
229.69	46258.68
229.74	46332.43
229.79	46398.50
229.85	46476.34
229.90	46547.14
229.95	46610.73
230.00	46672.16
230.05	46758.12
230.10	46821.40
230.16	46882.83
230.21	46942.16
230.26	46994.57
230.31	47028.88
230.36	47091.63
230.41	47155.61
230.46	47237.53
230.52	47336.18
230.57	47418.47
230.62	47502.43
230.67	47572.38
230.72	47635.29
230.77	47675.71
230.82	47736.57
230.88	47767.79
230.93	47812.85
230.98	47850.27
231.03	47911.09
231.08	47956.21
231.13	48009.99
231.19	48079.37
231.24	48152.50
231.29	48229.24
231.34	48306.06
231.39	48386.52
231.44	48452.21
231.49	48507.21
231.55	48545.75
231.60	48583.69
231.65	48631.80
231.70	48670.03
231.75	48717.39
231.80	48769.65
231.85	48829.76
231.91	48873.64
231.96	48930.08
232.01	48994.87
232.06	49052.85
232.11	49114.37
232.16	49200.95
232.21	49288.26
232.26	49370.83
232.32	49455.58
232.37	49525.65
232.42	49586.82
232.47	49630.37
232.52	49672.05
232.57	49718.90
232.62	49781.97
232.68	49838.60
232.73	49912.69
232.78	49993.35
232.83	50074.96
232.88	50153.92
232.93	50229.27
232.98	50299.63
233.03	50348.53
233.09	50404.80
233.14	50464.96
233.19	50521.24
233.24	50575.56
233.29	50636.65
233.34	50667.47
233.39	50685.33
233.45	50714.83
233.50	50751.83
233.55	50793.07
233.60	50854.62
233.65	50920.26
233.70	50986.04
233.75	51032.33
233.80	51086.19
233.86	51144.27
233.91	51196.09
233.96	51239.75
234.01	51294.78
234.06	51341.67
234.11	51392.31
234.16	51448.84
234.21	51506.07
234.26	51553.77
234.32	51607.57
234.37	51646.04
234.42	51680.77
234.47	51706.29
234.52	51734.12
234.57	51772.38
234.62	51815.99
234.67	51862.82
234.73	51916.99
234.78	51984.22
234.83	52032.46
234.88	52079.21
234.93	52120.78
234.98	52172.29
235.03	52212.01
235.08	52265.85
235.13	52311.09
235.19	52380.97
235.24	52432.25
235.29	52497.92
235.34	52545.14
235.39	52590.29
235.44	52624.04
235.49	52660.14
235.54	52683.27
235.59	52703.57
235.65	52735.85
235.70	52759.68
235.75	52797.25
235.80	52851.02
235.85	52904.91
235.90	52947.14
235.95	52977.89
236.00	53006.53
236.05	53021.99
236.11	53052.70
236.16	53083.48
236.21	53121.49
236.26	53160.63
236.31	53196.66
236.36	53219.19
236.41	53245.89
236.46	53264.15
236.51	53283.37
236.56	53309.47
236.62	53332.89
236.67	53360.81
236.72	53412.42
236.77	53439.90
236.82	53480.22
236.87	53510.15
236.92	53535.85
236.97	53568.71
237.02	53618.77
237.07	53670.44
237.13	53740.05
237.18	53794.15
237.23	53841.81
237.28	53879.38
237.33	53912.41
237.38	53927.09
237.43	53960.91
237.48	53958.40
237.53	53982.17
237.58	54009.40
237.63	54053.87
237.69	54093.23
237.74	54151.18
237.79	54183.67
237.84	54193.22
237.89	54192.35
237.94	54203.07
237.99	54219.69
238.04	54244.93
238.09	54265.85
238.14	54295.92
238.19	54312.78
238.25	54323.36
238.30	54319.92
238.35	54328.70
238.40	54328.67
238.45	54329.70
238.50	54338.19
238.55	54353.89
238.60	54381.29
238.65	54404.45
238.70	54417.81
238.75	54437.11
238.80	54463.58
238.86	54463.92
238.91	54483.25
238.96	54521.55
239.01	54557.35
239.06	54585.29
239.11	54616.69
239.16	54643.71
239.21	54651.87
239.26	54638.53
239.31	54651.65
239.36	54669.84
239.41	54683.78
239.46	54707.15
239.52	54742.32
239.57	54762.43
239.62	54778.52
239.67	54803.55
239.72	54822.49
239.77	54834.87
239.82	54849.68
239.87	54857.26
239.92	54863.75
239.97	54862.15
240.02	54858.25
240.07	54845.47
240.12	54849.13
240.17	54853.18
240.23	54850.42
240.28	54854.43
240.33	54868.84
240.38	54864.24
240.43	54864.55
240.48	54888.44
240.53	54913.01
240.58	54934.85
240.63	54969.86
240.68	54976.46
240.73	54967.33
240.78	54964.47
240.83	54953.41
240.88	54928.45
240.93	54923.25
240.98	54924.75
241.04	54937.48
241.09	54965.85
241.14	54995.53
241.19	55032.25
241.24	55063.23
241.29	55079.35
241.34	55086.10
241.39	55102.53
241.44	55109.74
241.49	55116.17
241.54	55118.32
241.59	55111.36
241.64	55110.38
241.69	55095.79
241.74	55082.64
241.79	55064.76
241.84	55058.10
241.90	55040.20
241.95	55018.17
242.00	54991.70
242.05	54976.83
242.10	54958.26
242.15	54936.58
242.20	54935.06
242.25	54940.95
242.30	54931.48
242.35	54929.67
242.40	54932.13
242.45	54926.82
242.50	54922.82
242.55	54921.19
242.60	54914.01
242.65	54914.59
242.70	54924.84
242.75	54941.33
242.80	54987.82
242.85	55019.35
242.91	55031.06
242.96	55026.76
243.01	55009.63
243.06	54981.44
243.11	54943.60
243.16	54927.72
243.21	54923.95
243.26	54934.92
243.31	54938.40
243.36	54958.91
243.41	54971.03
243.46	54968.02
243.51	54934.56
243.56	54885.86
243.61	54834.12
243.66	54791.15
243.71	54762.12
243.76	54767.07
243.81	54785.72
243.86	54793.24
243.91	54803.07
243.96	54805.16
244.01	54774.86
244.06	54746.12
244.12	54731.47
244.17	54706.06
244.22	54699.13
244.27	54726.98
244.32	54754.23
244.37	54775.72
244.42	54785.69
244.47	54779.52
244.52	54755.93
244.57	54720.97
244.62	54692.26
244.67	54672.72
244.72	54654.59
244.77	54655.08
244.82	54680.20
244.87	54708.22
244.92	54737.13
244.97	54754.28
245.02	54747.21
245.07	54714.41
245.12	54694.33
245.17	54671.62
245.22	54668.96
245.27	54662.92
245.32	54638.86
245.37	54598.96
245.42	54560.46
245.47	54508.34
245.52	54473.38
245.57	54468.20
245.62	54451.25
245.67	54435.59
245.72	54428.62
245.77	54400.62
245.82	54376.85
245.87	54380.78
245.92	54392.94
245.98	54396.37
246.03	54402.05
246.08	54402.87
246.13	54394.92
246.18	54388.35
246.23	54374.94
246.28	54362.87
246.33	54352.63
246.38	54319.71
246.43	54287.51
246.48	54266.63
246.53	54262.74
246.58	54270.26
246.63	54290.65
246.68	54289.87
246.73	54275.58
246.78	54250.69
246.83	54195.80
246.88	54139.93
246.93	54088.11
246.98	54046.93
247.03	54009.80
247.08	53997.69
247.13	53983.41
247.18	53988.20
247.23	54007.86
247.28	54019.27
247.33	54005.62
247.38	53990.36
247.43	53977.83
247.48	53951.27
247.53	53925.80
247.58	53898.46
247.63	53872.64
247.68	53826.23
247.73	53768.13
247.78	53733.85
247.83	53703.04
247.88	53678.05
247.93	53668.17
247.98	53675.22
248.03	53678.03
248.08	53695.94
248.13	53695.27
248.18	53682.76
248.23	53675.09
248.28	53643.90
248.33	53600.25
248.38	53565.18
248.43	53544.73
248.48	53520.66
248.53	53499.80
248.58	53480.13
248.63	53472.83
248.68	53450.55
248.73	53429.49
248.78	53407.45
248.83	53366.41
248.88	53301.97
248.93	53238.07
248.98	53159.57
249.03	53112.39
249.08	53087.06
249.13	53090.13
249.18	53086.47
249.23	53098.59
249.28	53095.42
249.33	53085.80
249.38	53064.86
249.43	53050.17
249.48	53030.98
249.53	53007.97
249.58	52986.43
249.63	52972.33
249.68	52964.65
249.73	52939.27
249.78	52919.64
249.83	52918.45
249.88	52883.16
249.93	52852.93
249.98	52849.37
250.03	52843.64
250.08	52813.68
250.13	52811.18
250.18	52793.77
250.23	52753.09
250.28	52699.39
250.33	52648.37
250.37	52598.52
250.42	52554.72
250.47	52527.19
250.52	52517.32
250.57	52505.02
250.62	52479.46
250.67	52452.06
250.72	52430.98
250.77	52388.94
250.82	52370.51
250.87	52370.39
250.92	52366.61
250.97	52344.35
251.02	52335.15
251.07	52325.09
251.12	52297.97
251.17	52269.48
251.22	52239.37
251.27	52203.93
251.32	52159.85
251.37	52108.60
251.42	52051.91
251.47	52014.61
251.52	51994.67
251.57	51975.75
251.62	51966.80
251.67	51962.23
251.72	51935.06
251.77	51898.28
251.82	51854.30
251.87	51815.09
251.92	51769.60
251.97	51728.41
252.02	51676.84
252.07	51647.92
252.12	51626.78
252.16	51611.37
252.21	51608.10
252.26	51618.34
252.31	51619.95
252.36	51605.52
252.41	51593.85
252.46	51577.29
252.51	51547.15
252.56	51514.24
252.61	51494.55
252.66	51463.27
252.71	51432.74
252.76	51408.98
252.81	51366.69
252.86	51304.89
252.91	51269.09
252.96	51207.38
253.01	51138.90
253.06	51080.76
253.11	51040.37
253.16	50990.64
253.21	50951.52
253.26	50920.74
253.31	50895.10
253.36	50874.45
253.40	50844.77
253.45	50824.90
253.50	50791.24
253.55	50750.83
253.60	50699.14
253.65	50662.16
253.70	50628.24
253.75	50607.92
253.80	50590.75
253.85	50589.92
253.90	50594.02
253.95	50583.83
254.00	50576.16
254.05	50565.65
254.10	50528.13
254.15	50488.18
254.20	50465.56
254.25	50436.99
254.30	50406.75
254.35	50375.46
254.39	50311.92
254.44	50224.84
254.49	50141.55
254.54	50108.59
254.59	50073.04
254.64	50067.53
254.69	50075.24
254.74	50080.31
254.79	50036.08
254.84	50005.10
254.89	49979.93
254.94	49963.99
254.99	49956.78
255.04	49949.37
255.09	49942.60
255.14	49913.99
255.19	49895.92
255.23	49882.02
255.28	49876.42
255.33	49867.61
255.38	49858.31
255.43	49842.13
255.48	49807.51
255.53	49761.57
255.58	49723.63
255.63	49695.46
255.68	49650.67
255.73	49605.00
255.78	49572.72
255.83	49550.51
255.88	49527.37
255.93	49503.21
255.97	49488.09
256.02	49460.87
256.07	49417.00
256.12	49340.87
256.17	49289.42
256.22	49231.76
256.27	49180.73
256.32	49132.65
256.37	49120.23
256.42	49101.54
256.47	49080.46
256.52	49060.27
256.57	49040.78
256.62	49020.52
256.66	49004.00
256.71	48974.79
256.76	48935.33
256.81	48885.47
256.86	48839.10
256.91	48788.96
256.96	48745.28
257.01	48706.86
257.06	48690.65
257.11	48657.18
257.16	48606.48
257.21	48570.92
257.26	48538.99
257.30	48492.69
257.35	48452.48
257.40	48427.23
257.45	48412.20
257.50	48384.02
257.55	48349.57
257.60	48330.85
257.65	48308.57
257.70	48264.73
257.75	48227.59
257.80	48202.94
257.85	48161.49
257.89	48111.37
257.94	48056.74
257.99	47996.74
258.04	47939.94
258.09	47897.90
258.14	47871.74
258.19	47856.37
258.24	47839.35
258.29	47806.07
258.34	47769.87
258.39	47740.30
258.44	47685.62
258.48	47635.65
258.53	47603.74
258.58	47560.79
258.63	47500.54
258.68	47460.61
258.73	47425.03
258.78	47383.66
258.83	47344.97
258.88	47309.66
258.93	47274.47
258.97	47241.60
259.02	47208.15
259.07	47182.76
259.12	47168.49
259.17	47154.21
259.22	47139.12
259.27	47124.11
259.32	47102.74
259.37	47053.25
259.42	47008.40
259.47	46973.30
259.51	46916.16
259.56	46853.24
259.61	46789.63
259.66	46713.27
259.71	46631.34
259.76	46576.33
259.81	46522.02
259.86	46481.64
259.91	46456.86
259.95	46435.24
260.00	46408.27
260.05	46382.49
260.10	46372.99
260.15	46357.73
260.20	46338.72
260.25	46327.82
260.30	46322.44
260.35	46290.23
260.40	46257.82
260.44	46232.51
260.49	46210.72
260.54	46171.94
260.59	46149.46
260.64	46139.48
260.69	46135.95
260.74	46092.75
260.79	46056.72
260.84	46012.05
260.88	45954.69
260.93	45875.92
260.98	45838.78
261.03	45799.45
261.08	45772.56
261.13	45732.40
261.18	45693.86
261.23	45636.23
261.28	45599.01
261.32	45553.53
261.37	45509.18
261.42	45480.32
261.47	45461.33
261.52	45419.23
261.57	45374.50
261.62	45342.86
261.67	45283.36
261.71	45220.06
261.76	45173.68
261.81	45115.58
261.86	45062.67
261.91	45025.33
261.96	44982.24
262.01	44943.05
262.06	44926.84
262.10	44912.12
262.15	44897.66
262.20	44891.97
262.25	44869.67
262.30	44847.99
262.35	44821.06
262.40	44793.92
262.45	44758.12
262.49	44725.40
262.54	44690.29
262.59	44654.61
262.64	44624.37
262.69	44588.90
262.74	44552.68
262.79	44497.74
262.84	44448.81
262.88	44395.01
262.93	44342.70
262.98	44301.85
263.03	44260.97
263.08	44213.63
263.13	44147.13
263.18	44090.67
263.23	44031.63
263.27	43988.42
263.32	43954.76
263.37	43936.68
263.42	43918.13
263.47	43891.62
263.52	43869.45
263.57	43829.34
263.61	43795.17
263.66	43749.85
263.71	43714.92
263.76	43673.49
263.81	43636.12
263.86	43597.98
263.91	43561.39
263.95	43500.53
264.00	43442.08
264.05	43387.68
264.10	43324.38
264.15	43260.19
264.20	43222.29
264.25	43177.85
264.29	43134.50
264.34	43087.52
264.39	43051.88
264.44	42999.11
264.49	42957.59
264.54	42912.67
264.59	42877.81
264.63	42837.49
264.68	42799.05
264.73	42750.23
264.78	42701.59
264.83	42646.66
264.88	42606.42
264.93	42573.49
264.97	42541.46
265.02	42515.51
265.07	42503.59
265.12	42459.12
265.17	42408.92
265.22	42373.34
265.27	42317.45
265.31	42248.07
265.36	42187.79
265.41	42132.59
265.46	42065.64
265.51	41999.00
265.56	41941.88
265.60	41889.51
265.65	41829.14
265.70	41774.37
265.75	41719.76
265.80	41670.70
265.85	41611.07
265.90	41550.38
265.94	41495.92
265.99	41439.12
266.04	41386.93
266.09	41349.90
266.14	41320.34
266.19	41281.31
266.23	41257.62
266.28	41213.87
266.33	41178.58
266.38	41154.39
266.43	41133.40
266.48	41108.74
266.52	41084.82
266.57	41044.66
266.62	41005.05
266.67	40952.25
266.72	40906.81
266.77	40872.28
266.81	40850.24
266.86	40814.43
266.91	40787.94
266.96	40739.67
267.01	40704.29
267.06	40652.61
267.10	40603.36
267.15	40552.58
267.20	40527.86
267.25	40488.22
267.30	40455.58
267.35	40420.94
267.39	40384.02
267.44	40341.32
267.49	40283.47
267.54	40230.22
267.59	40179.64
267.64	40123.96
267.68	40069.63
267.73	40019.54
267.78	39987.86
267.83	39968.55
267.88	39956.61
267.93	39945.74
267.97	39938.56
268.02	39902.85
268.07	39850.26
268.12	39788.30
268.17	39728.54
268.21	39681.62
268.26	39633.70
268.31	39588.08
268.36	39549.85
268.41	39502.92
268.46	39447.02
268.50	39400.56
268.55	39356.95
268.60	39300.51
268.65	39240.26
268.70	39169.92
268.74	39111.92
268.79	39038.05
268.84	38987.17
268.89	38942.29
268.94	38917.17
268.99	38872.02
269.03	38837.88
269.08	38790.88
269.13	38725.27
269.18	38635.70
269.23	38545.02
269.27	38433.56
269.32	38302.55
269.37	38176.68
269.42	38044.41
269.47	37900.43
269.51	37766.32
269.56	37631.10
269.61	37493.12
269.66	37347.26
269.71	37200.91
269.76	37057.99
269.80	36901.42
269.85	36748.82
269.90	36609.58
269.95	36464.60
270.00	36296.63
270.04	36152.37
270.09	36008.16
270.14	35864.08
270.19	35725.78
270.24	35604.57
270.28	35454.02
270.33	35289.22
270.38	35110.77
270.43	34936.91
270.48	34751.91
270.52	34598.77
270.57	34438.94
270.62	34281.28
270.67	34125.61
270.72	33974.04
270.76	33798.70
270.81	33630.86
270.86	33462.06
270.91	33290.95
270.96	33121.69
271.00	32960.72
271.05	32811.68
271.10	32675.31
271.15	32544.31
271.20	32420.19
271.24	32286.35
271.29	32150.79
271.34	32005.55
271.39	31853.40
271.44	31703.67
271.48	31569.86
271.53	31421.65
271.58	31280.57
271.63	31132.29
271.67	30986.04
271.72	30836.67
271.77	30697.51
271.82	30558.47
271.87	30425.85
271.91	30269.01
271.96	30129.39
272.01	29990.15
272.06	29853.30
272.11	29728.64
272.15	29627.89
272.20	29520.93
272.25	29422.52
272.30	29323.05
272.35	29217.20
272.39	29109.06
272.44	28987.83
272.49	28851.64
272.54	28710.11
272.58	28562.70
272.63	28409.99
272.68	28264.89
272.73	28114.65
272.78	27940.45
272.82	27746.50
272.87	27528.43
272.92	27238.78
272.97	26709.55
273.01	23775.95
273.06	18851.98
273.11	13424.15
273.16	8098.12
273.21	3050.42
273.25	459.20
273.30	-89.42
273.35	-90.06
