165.32	3386.16
165.38	-248.09
165.44	597.44
165.50	-76.12
165.55	-16.03
165.61	7.80
165.67	37.47
165.72	47.85
165.78	53.72
165.84	51.94
165.89	48.62
165.95	47.08
166.01	45.86
166.06	47.31
166.12	50.15
166.18	48.44
166.23	49.82
166.29	49.58
166.35	46.40
166.40	45.24
166.46	51.94
166.52	54.40
166.57	55.37
166.63	56.01
166.69	58.59
166.74	52.46
166.80	53.00
166.86	54.87
166.91	55.54
166.97	49.69
167.03	52.64
167.08	46.94
167.14	45.96
167.20	44.22
167.25	56.73
167.31	56.68
167.37	62.09
167.42	64.03
167.48	69.40
167.54	64.01
167.59	63.53
167.65	59.25
167.71	58.83
167.76	58.08
167.82	53.61
167.88	53.41
167.93	61.49
167.99	60.63
168.05	63.50
168.10	71.28
168.16	70.67
168.21	68.40
168.27	72.33
168.33	73.56
168.38	66.29
168.44	70.96
168.50	69.26
168.55	67.52
168.61	68.09
168.67	70.26
168.72	67.25
168.78	67.78
168.84	64.17
168.89	62.89
168.95	63.26
169.01	63.20
169.06	62.64
169.12	61.79
169.18	59.42
169.23	59.89
169.29	63.89
169.34	68.58
169.40	71.36
169.46	75.75
169.51	77.54
169.57	72.86
169.63	68.60
169.68	73.83
169.74	70.67
169.80	76.44
169.85	78.03
169.91	81.91
169.97	77.61
170.02	77.32
170.08	76.14
170.13	76.37
170.19	76.11
170.25	78.00
170.30	81.90
170.36	73.38
170.42	75.44
170.47	75.95
170.53	77.18
170.59	74.27
170.64	78.46
170.70	76.71
170.76	74.74
170.81	76.36
170.87	75.48
170.92	76.30
170.98	78.90
171.04	81.56
171.09	77.31
171.15	84.78
171.21	85.19
171.26	82.40
171.32	79.81
171.37	83.50
171.43	78.49
171.49	83.09
171.54	86.81
171.60	88.17
171.66	90.09
171.71	90.69
171.77	88.28
171.83	93.85
171.88	93.09
171.94	92.12
171.99	96.59
172.05	95.70
172.11	96.61
172.16	105.18
172.22	106.56
172.28	106.63
172.33	104.91
172.39	102.07
172.44	98.68
172.50	103.23
172.56	102.85
172.61	110.91
172.67	110.34
172.72	110.34
172.78	106.04
172.84	100.72
172.89	94.59
172.95	94.00
173.01	95.06
173.06	92.79
173.12	98.59
173.17	100.04
173.23	99.21
173.29	98.93
173.34	100.97
173.40	95.67
173.46	95.78
173.51	98.76
173.57	98.95
173.62	93.75
173.68	100.42
173.74	99.81
173.79	100.99
173.85	98.55
173.90	100.65
173.96	97.08
174.02	94.09
174.07	86.62
174.13	85.91
174.18	88.91
174.24	82.40
174.30	82.11
174.35	87.11
174.41	83.69
174.47	77.61
174.52	78.54
174.58	78.03
174.63	73.70
174.69	73.02
174.75	74.59
174.80	85.83
174.86	83.36
174.91	84.37
174.97	83.98
175.03	81.63
175.08	69.52
175.14	76.26
175.19	72.23
175.25	73.02
175.31	77.09
175.36	78.89
175.42	76.09
175.47	80.91
175.53	81.03
175.59	77.87
175.64	79.12
175.70	76.75
175.75	71.98
175.81	70.68
175.87	71.60
175.92	67.79
175.98	69.48
176.03	69.54
176.09	69.69
176.15	69.88
176.20	71.14
176.26	71.10
176.31	74.74
176.37	72.89
176.42	73.64
176.48	76.98
176.54	74.83
176.59	71.76
176.65	74.20
176.70	75.30
176.76	74.42
176.82	72.56
176.87	69.59
176.93	69.08
176.98	68.32
177.04	63.93
177.10	68.30
177.15	69.67
177.21	70.29
177.26	69.32
177.32	72.66
177.37	74.56
177.43	78.56
177.49	76.02
177.54	73.74
177.60	74.60
177.65	75.14
177.71	69.13
177.77	71.81
177.82	73.27
177.88	76.65
177.93	72.37
177.99	79.03
178.04	74.99
178.10	75.85
178.16	69.37
178.21	69.84
178.27	66.84
178.32	70.48
178.38	69.20
178.43	70.88
178.49	71.02
178.55	70.28
178.60	69.30
178.66	68.78
178.71	69.83
178.77	67.58
178.82	68.66
178.88	68.60
178.94	68.45
178.99	69.85
179.05	73.87
179.10	70.29
179.16	72.93
179.21	75.28
179.27	74.19
179.33	70.73
179.38	74.62
179.44	73.00
179.49	73.71
179.55	71.57
179.60	71.43
179.66	70.22
179.72	72.67
179.77	69.76
179.83	68.64
179.88	69.75
179.94	71.19
179.99	67.40
180.05	68.28
180.11	69.31
180.16	72.32
180.22	73.80
180.27	78.24
180.33	78.69
180.38	82.91
180.44	78.32
180.49	78.68
180.55	76.50
180.61	80.42
180.66	75.14
180.72	73.48
180.77	71.51
180.83	71.31
180.88	68.20
180.94	67.90
180.99	71.55
181.05	71.77
181.11	72.48
181.16	73.41
181.22	74.53
181.27	76.84
181.33	75.19
181.38	72.43
181.44	72.87
181.49	77.00
181.55	77.33
181.61	83.68
181.66	86.44
181.72	84.37
181.77	82.16
181.83	79.46
181.88	84.80
181.94	86.30
181.99	91.39
182.05	91.95
182.11	92.96
182.16	83.06
182.22	80.61
182.27	75.72
182.33	77.40
182.38	77.21
182.44	82.34
182.49	84.41
182.55	86.15
182.60	86.00
182.66	88.77
182.72	90.79
182.77	93.40
182.83	96.78
182.88	99.49
182.94	100.92
182.99	98.13
183.05	96.87
183.10	98.80
183.16	97.84
183.21	98.38
183.27	104.99
183.32	107.69
183.38	110.34
183.44	116.02
183.49	119.82
183.55	119.70
183.60	124.50
183.66	128.76
183.71	136.39
183.77	142.18
183.82	149.93
183.88	158.62
183.93	167.47
183.99	178.83
184.04	192.97
184.10	202.60
184.15	213.25
184.21	225.94
184.27	228.42
184.32	229.69
184.38	229.78
184.43	227.86
184.49	214.35
184.54	200.53
184.60	195.55
184.65	184.86
184.71	177.32
184.76	179.46
184.82	195.58
184.87	209.09
184.93	231.38
184.98	256.11
185.04	284.53
185.09	305.60
185.15	328.77
185.20	357.21
185.26	388.77
185.31	414.62
185.37	440.29
185.43	458.63
185.48	477.20
185.54	497.80
185.59	521.46
185.65	545.30
185.70	584.25
185.76	626.19
185.81	659.44
185.87	694.85
185.92	736.92
185.98	770.64
186.03	787.76
186.09	791.68
186.14	771.31
186.20	723.48
186.25	645.82
186.31	568.00
186.36	506.81
186.42	479.44
186.47	490.06
186.53	536.43
186.58	602.13
186.64	673.27
186.69	743.58
186.75	801.19
186.80	857.46
186.86	914.69
186.91	973.61
186.97	1028.63
187.02	1099.65
187.08	1169.88
187.13	1232.29
187.19	1301.04
187.24	1372.77
187.30	1429.24
187.35	1486.47
187.41	1560.69
187.47	1629.90
187.52	1686.93
187.58	1746.56
187.63	1812.61
187.69	1873.49
187.74	1922.97
187.80	1972.65
187.85	2017.49
187.91	2040.79
187.96	2029.94
188.02	1970.39
188.07	1862.55
188.13	1702.78
188.18	1533.46
188.24	1406.25
188.29	1344.34
188.35	1348.74
188.40	1425.90
188.46	1548.09
188.51	1668.43
188.57	1792.96
188.62	1915.40
188.67	2030.36
188.73	2139.10
188.78	2243.52
188.84	2344.97
188.89	2444.66
188.95	2546.67
189.00	2635.75
189.06	2732.07
189.11	2823.44
189.17	2904.27
189.22	2976.10
189.28	3063.02
189.33	3138.26
189.39	3202.94
189.44	3269.46
189.50	3345.22
189.55	3412.06
189.61	3466.09
189.66	3525.01
189.72	3585.20
189.77	3636.21
189.83	3665.49
189.88	3676.00
189.94	3648.27
189.99	3571.45
190.05	3423.39
190.10	3212.78
190.16	2969.47
190.21	2755.63
190.27	2619.08
190.32	2585.00
190.38	2656.51
190.43	2812.48
190.49	2999.76
190.54	3173.37
190.60	3333.47
190.65	3476.37
190.71	3611.85
190.76	3741.59
190.81	3866.21
190.87	3987.36
190.92	4113.04
190.98	4221.20
191.03	4323.18
191.09	4430.76
191.14	4526.52
191.20	4610.24
191.25	4707.91
191.31	4803.22
191.36	4891.06
191.42	4971.16
191.47	5056.45
191.53	5136.46
191.58	5207.43
191.64	5264.64
191.69	5323.64
191.75	5363.83
191.80	5398.22
191.85	5417.34
191.91	5434.82
191.96	5456.67
192.02	5486.99
192.07	5499.00
192.13	5493.91
192.18	5449.16
192.24	5333.85
192.29	5143.49
192.35	4922.27
192.40	4740.89
192.46	4635.77
192.51	4629.17
192.57	4722.33
192.62	4895.63
192.67	5080.33
192.73	5256.85
192.78	5418.12
192.84	5566.43
192.89	5700.46
192.95	5829.55
193.00	5941.39
193.06	6050.04
193.11	6154.39
193.17	6243.80
193.22	6324.79
193.28	6412.66
193.33	6486.23
193.38	6553.35
193.44	6625.09
193.49	6696.44
193.55	6751.56
193.60	6808.80
193.66	6861.20
193.71	6905.38
193.77	6932.13
193.82	6955.60
193.88	6975.63
193.93	7001.28
193.98	7027.99
194.04	7066.77
194.09	7115.54
194.15	7168.60
194.20	7213.11
194.26	7251.94
194.31	7297.26
194.37	7322.70
194.42	7329.34
194.47	7321.20
194.53	7282.08
194.58	7192.66
194.64	7085.36
194.69	6989.23
194.75	6925.36
194.80	6911.02
194.86	6950.73
194.91	7040.67
194.97	7150.56
195.02	7259.41
195.07	7365.43
195.13	7470.83
195.18	7584.33
195.24	7688.26
195.29	7801.27
195.35	7905.24
195.40	8013.29
195.46	8094.69
195.51	8182.84
195.56	8255.49
195.62	8326.87
195.67	8383.51
195.73	8450.39
195.78	8501.48
195.84	8547.08
195.89	8578.18
195.94	8612.52
196.00	8642.83
196.05	8675.44
196.11	8717.35
196.16	8768.38
196.22	8820.24
196.27	8870.93
196.32	8921.59
196.38	8962.19
196.43	9010.03
196.49	9046.01
196.54	9083.27
196.60	9125.33
196.65	9173.32
196.71	9212.91
196.76	9257.83
196.81	9298.92
196.87	9331.40
196.92	9358.96
196.98	9377.19
197.03	9389.59
197.09	9384.65
197.14	9383.64
197.19	9382.14
197.25	9394.75
197.30	9419.12
197.36	9471.79
197.41	9531.68
197.47	9595.24
197.52	9657.34
197.57	9725.64
197.63	9778.44
197.68	9830.82
197.74	9879.41
197.79	9926.85
197.84	9968.53
197.90	10016.65
197.95	10055.70
198.01	10099.91
198.06	10144.44
198.12	10187.15
198.17	10224.23
198.22	10267.55
198.28	10306.48
198.33	10346.34
198.39	10387.06
198.44	10434.25
198.49	10481.02
198.55	10525.84
198.60	10570.60
198.66	10613.87
198.71	10664.00
198.77	10709.41
198.82	10759.49
198.87	10807.51
198.93	10853.25
198.98	10894.74
199.04	10942.07
199.09	10982.89
199.14	11028.61
199.20	11072.15
199.25	11113.60
199.31	11155.69
199.36	11199.68
199.42	11235.80
199.47	11278.28
199.52	11312.48
199.58	11343.99
199.63	11369.62
199.69	11403.47
199.74	11435.67
199.79	11467.70
199.85	11498.68
199.90	11539.60
199.96	11576.94
200.01	11621.74
200.06	11668.45
200.12	11718.31
200.17	11770.59
200.23	11824.31
200.28	11863.78
200.33	11915.61
200.39	11960.31
200.44	11999.92
200.50	12040.37
200.55	12078.31
200.60	12113.44
200.66	12148.91
200.71	12183.57
200.77	12218.60
200.82	12262.32
200.87	12299.55
200.93	12338.28
200.98	12380.07
201.04	12419.20
201.09	12461.68
201.14	12511.44
201.20	12561.22
201.25	12616.23
201.31	12669.24
201.36	12726.00
201.41	12782.75
201.47	12839.14
201.52	12889.48
201.58	12952.19
201.63	13002.19
201.68	13048.64
201.74	13097.80
201.79	13147.80
201.84	13197.25
201.90	13246.05
201.95	13297.36
202.01	13349.11
202.06	13404.16
202.11	13443.48
202.17	13494.21
202.22	13542.57
202.28	13586.47
202.33	13626.01
202.38	13664.41
202.44	13708.30
202.49	13749.04
202.54	13796.08
202.60	13841.20
202.65	13890.24
202.71	13930.40
202.76	13970.41
202.81	14011.74
202.87	14059.17
202.92	14105.41
202.98	14154.55
203.03	14211.01
203.08	14266.15
203.14	14318.61
203.19	14377.79
203.24	14432.86
203.30	14481.13
203.35	14525.89
203.41	14572.31
203.46	14615.79
203.51	14657.85
203.57	14702.17
203.62	14754.40
203.67	14806.96
203.73	14856.25
203.78	14904.39
203.84	14956.92
203.89	15001.26
203.94	15042.05
204.00	15092.32
204.05	15142.20
204.10	15185.14
204.16	15227.04
204.21	15276.54
204.27	15315.03
204.32	15363.32
204.37	15414.62
204.43	15466.59
204.48	15515.32
204.53	15566.09
204.59	15617.32
204.64	15674.68
204.69	15734.64
204.75	15791.13
204.80	15850.77
204.86	15901.17
204.91	15951.47
204.96	16003.55
205.02	16060.11
205.07	16117.86
205.12	16180.73
205.18	16241.56
205.23	16299.67
205.28	16355.43
205.34	16409.16
205.39	16467.44
205.45	16519.69
205.50	16577.99
205.55	16634.81
205.61	16694.09
205.66	16746.23
205.71	16807.07
205.77	16861.46
205.82	16919.89
205.87	16974.89
205.93	17027.29
205.98	17077.38
206.03	17120.94
206.09	17165.70
206.14	17213.88
206.20	17272.51
206.25	17325.91
206.30	17389.93
206.36	17445.16
206.41	17505.84
206.46	17550.93
206.52	17595.53
206.57	17643.83
206.62	17688.77
206.68	17730.97
206.73	17784.86
206.78	17844.12
206.84	17895.80
206.89	17957.65
206.94	18015.25
207.00	18079.18
207.05	18144.69
207.11	18209.54
207.16	18267.51
207.21	18334.07
207.27	18386.31
207.32	18439.88
207.37	18496.59
207.43	18553.14
207.48	18602.00
207.53	18658.14
207.59	18714.51
207.64	18769.82
207.69	18837.97
207.75	18910.29
207.80	18968.04
207.85	19022.58
207.91	19076.04
207.96	19125.79
208.01	19175.29
208.07	19234.48
208.12	19291.11
208.17	19348.40
208.23	19391.59
208.28	19442.47
208.33	19496.70
208.39	19561.32
208.44	19624.13
208.49	19689.91
208.55	19749.76
208.60	19802.87
208.65	19845.44
208.71	19894.21
208.76	19947.96
208.81	20005.52
208.87	20070.64
208.92	20133.42
208.97	20192.57
209.03	20254.75
209.08	20314.72
209.13	20372.71
209.19	20433.12
209.24	20490.79
209.29	20555.46
209.35	20608.80
209.40	20668.21
209.45	20731.47
209.51	20800.76
209.56	20859.74
209.61	20927.39
209.67	20992.65
209.72	21055.89
209.77	21111.64
209.83	21177.85
209.88	21244.06
209.93	21310.59
209.99	21374.22
210.04	21447.93
210.09	21508.27
210.15	21571.24
210.20	21627.26
210.25	21686.45
210.31	21744.63
210.36	21796.47
210.41	21844.88
210.46	21908.62
210.52	21959.61
210.57	22003.12
210.62	22061.93
210.68	22129.26
210.73	22178.07
210.78	22241.52
210.84	22308.66
210.89	22372.81
210.94	22423.97
211.00	22482.05
211.05	22534.34
211.10	22596.80
211.16	22655.18
211.21	22724.25
211.26	22783.89
211.32	22857.75
211.37	22916.34
211.42	22981.78
211.47	23043.59
211.53	23115.29
211.58	23174.00
211.63	23235.17
211.69	23292.70
211.74	23348.99
211.79	23400.06
211.85	23455.94
211.90	23521.06
211.95	23590.74
212.01	23655.80
212.06	23730.13
212.11	23804.02
212.16	23875.05
212.22	23949.49
212.27	24014.90
212.32	24083.60
212.38	24150.95
212.43	24212.15
212.48	24265.01
212.54	24334.74
212.59	24403.61
212.64	24470.59
212.69	24536.52
212.75	24603.41
212.80	24671.42
212.85	24730.91
212.91	24781.05
212.96	24838.15
213.01	24902.40
213.07	24963.39
213.12	25030.06
213.17	25094.28
213.22	25156.71
213.28	25214.74
213.33	25261.25
213.38	25312.55
213.44	25378.88
213.49	25452.71
213.54	25527.12
213.60	25616.25
213.65	25694.50
213.70	25774.25
213.75	25844.30
213.81	25904.06
213.86	25961.37
213.91	26019.01
213.97	26073.82
214.02	26120.17
214.07	26173.38
214.12	26224.94
214.18	26285.97
214.23	26352.05
214.28	26421.28
214.34	26493.47
214.39	26566.72
214.44	26628.71
214.49	26681.55
214.55	26740.80
214.60	26801.30
214.65	26860.84
214.71	26913.00
214.76	26974.46
214.81	27042.60
214.86	27113.88
214.92	27174.23
214.97	27247.83
215.02	27316.71
215.08	27377.62
215.13	27442.94
215.18	27514.49
215.23	27587.97
215.29	27659.32
215.34	27733.56
215.39	27801.15
215.45	27880.58
215.50	27952.06
215.55	28016.91
215.60	28076.89
215.66	28128.38
215.71	28173.62
215.76	28234.00
215.81	28294.50
215.87	28353.92
215.92	28411.18
215.97	28470.07
216.03	28526.53
216.08	28583.65
216.13	28640.25
216.18	28709.71
216.24	28770.58
216.29	28821.02
216.34	28873.74
216.39	28941.14
216.45	28995.63
216.50	29053.69
216.55	29116.42
216.61	29190.42
216.66	29244.58
216.71	29305.17
216.76	29367.06
216.82	29437.88
216.87	29504.65
216.92	29576.67
216.97	29649.35
217.03	29722.51
217.08	29793.94
217.13	29869.79
217.18	29949.61
217.24	30016.82
217.29	30082.82
217.34	30131.86
217.39	30165.02
217.45	30205.68
217.50	30260.07
217.55	30314.94
217.61	30386.87
217.66	30463.39
217.71	30530.20
217.76	30609.67
217.82	30690.40
217.87	30760.79
217.92	30835.17
217.97	30907.00
218.03	30961.69
218.08	31004.20
218.13	31049.44
218.18	31096.76
218.24	31165.02
218.29	31216.81
218.34	31283.44
218.39	31350.17
218.45	31412.58
218.50	31461.87
218.55	31525.64
218.60	31587.17
218.66	31643.68
218.71	31706.42
218.76	31773.52
218.81	31843.56
218.87	31908.60
218.92	31980.77
218.97	32058.97
219.02	32124.51
219.08	32187.29
219.13	32260.37
219.18	32325.11
219.23	32378.64
219.29	32439.81
219.34	32501.51
219.39	32565.21
219.44	32626.90
219.50	32696.75
219.55	32759.54
219.60	32825.38
219.65	32887.49
219.71	32953.76
219.76	33001.39
219.81	33062.71
219.86	33122.30
219.92	33172.44
219.97	33218.80
220.02	33275.49
220.07	33326.91
220.13	33379.91
220.18	33445.17
220.23	33517.79
220.28	33599.52
220.33	33671.61
220.39	33736.80
220.44	33789.26
220.49	33839.62
220.54	33883.63
220.60	33937.13
220.65	34002.74
220.70	34076.25
220.75	34147.62
220.81	34234.72
220.86	34320.11
220.91	34382.33
220.96	34450.61
221.02	34526.84
221.07	34589.36
221.12	34638.25
221.17	34699.84
221.22	34760.96
221.28	34808.81
221.33	34866.79
221.38	34929.54
221.43	35005.59
221.49	35061.38
221.54	35128.41
221.59	35197.97
221.64	35283.52
221.69	35372.36
221.75	35472.34
221.80	35574.41
221.85	35645.19
221.90	35708.27
221.96	35764.48
222.01	35806.02
222.06	35839.28
222.11	35890.28
222.17	35936.08
222.22	35965.29
222.27	36009.43
222.32	36060.19
222.37	36116.82
222.43	36176.71
222.48	36239.92
222.53	36309.23
222.58	36386.07
222.63	36451.89
222.69	36523.97
222.74	36607.83
222.79	36679.77
222.84	36730.57
222.90	36782.19
222.95	36822.75
223.00	36860.49
223.05	36907.92
223.10	36967.74
223.16	37022.89
223.21	37074.99
223.26	37117.75
223.31	37152.20
223.36	37186.66
223.42	37223.97
223.47	37262.65
223.52	37311.30
223.57	37362.66
223.63	37420.99
223.68	37481.79
223.73	37552.25
223.78	37623.47
223.83	37696.84
223.89	37750.76
223.94	37810.47
223.99	37875.52
224.04	37947.28
224.09	38023.08
224.15	38116.10
224.20	38199.87
224.25	38288.19
224.30	38367.29
224.35	38448.44
224.41	38539.17
224.46	38630.20
224.51	38707.80
224.56	38786.02
224.61	38870.23
224.67	38947.19
224.72	39018.91
224.77	39113.38
224.82	39212.69
224.87	39294.73
224.93	39369.37
224.98	39457.85
225.03	39545.05
225.08	39631.53
225.13	39717.53
225.19	39809.63
225.24	39906.74
225.29	39976.79
225.34	40056.70
225.39	40144.63
225.45	40233.13
225.50	40317.81
225.55	40412.96
225.60	40504.75
225.65	40601.97
225.71	40697.27
225.76	40791.35
225.81	40888.33
225.86	40983.78
225.91	41075.65
225.97	41170.79
226.02	41261.84
226.07	41339.93
226.12	41414.64
226.17	41475.94
226.22	41537.10
226.28	41605.58
226.33	41685.69
226.38	41753.11
226.43	41826.89
226.48	41886.37
226.54	41943.88
226.59	42014.57
226.64	42093.90
226.69	42162.82
226.74	42238.88
226.80	42314.45
226.85	42371.61
226.90	42412.98
226.95	42478.14
227.00	42544.19
227.05	42604.59
227.11	42673.89
227.16	42761.32
227.21	42834.04
227.26	42909.14
227.31	42992.41
227.37	43051.73
227.42	43125.48
227.47	43208.65
227.52	43283.42
227.57	43345.54
227.62	43438.52
227.68	43513.98
227.73	43588.98
227.78	43673.17
227.83	43754.37
227.88	43820.56
227.93	43897.78
227.99	43973.25
228.04	44040.76
228.09	44116.98
228.14	44192.38
228.19	44257.06
228.24	44317.25
228.30	44385.12
228.35	44452.93
228.40	44517.06
228.45	44580.67
228.50	44649.82
228.56	44714.34
228.61	44767.11
228.66	44821.68
228.71	44871.99
228.76	44919.83
228.81	44958.71
228.87	45010.35
228.92	45074.30
228.97	45141.92
229.02	45231.73
229.07	45317.55
229.12	45410.23
229.17	45486.28
229.23	45562.43
229.28	45634.29
229.33	45716.40
229.38	45789.73
229.43	45869.19
229.48	45950.32
229.54	46017.10
229.59	46076.01
229.64	46143.95
229.69	46217.65
229.74	46307.36
229.79	46377.50
229.85	46461.57
229.90	46535.76
229.95	46596.84
230.00	46639.56
230.05	46710.48
230.10	46770.92
230.16	46842.05
230.21	46906.11
230.26	46973.86
230.31	47017.38
230.36	47082.48
230.41	47136.06
230.46	47217.70
230.52	47301.34
230.57	47390.25
230.62	47475.38
230.67	47549.69
230.72	47605.42
230.77	47643.56
230.82	47695.77
230.88	47722.28
230.93	47759.73
230.98	47799.19
231.03	47863.16
231.08	47915.69
231.13	47966.54
231.19	48030.85
231.24	48107.37
231.29	48182.21
231.34	48260.64
231.39	48342.52
231.44	48409.00
231.49	48458.94
231.55	48507.70
231.60	48546.96
231.65	48602.42
231.70	48651.96
231.75	48704.11
231.80	48745.05
231.85	48797.32
231.91	48838.61
231.96	48888.02
232.01	48949.78
232.06	49013.27
232.11	49076.62
232.16	49155.85
232.21	49237.79
232.26	49322.33
232.32	49409.13
232.37	49478.61
232.42	49536.56
232.47	49586.24
232.52	49624.18
232.57	49669.56
232.62	49733.66
232.68	49802.89
232.73	49880.59
232.78	49971.40
232.83	50053.25
232.88	50126.91
232.93	50191.85
232.98	50257.37
233.03	50310.25
233.09	50368.02
233.14	50433.66
233.19	50487.38
233.24	50532.91
233.29	50581.37
233.34	50610.95
233.39	50628.75
233.45	50667.52
233.50	50710.10
233.55	50763.60
233.60	50830.22
233.65	50898.35
233.70	50962.49
233.75	51019.08
233.80	51064.60
233.86	51123.53
233.91	51173.76
233.96	51215.37
234.01	51264.77
234.06	51320.09
234.11	51370.52
234.16	51425.06
234.21	51485.51
234.26	51534.62
234.32	51572.89
234.37	51605.66
234.42	51639.44
234.47	51662.25
234.52	51696.12
234.57	51741.15
234.62	51778.30
234.67	51823.23
234.73	51881.17
234.78	51929.54
234.83	51960.68
234.88	52014.34
234.93	52056.60
234.98	52097.45
235.03	52146.43
235.08	52217.23
235.13	52275.07
235.19	52348.81
235.24	52414.58
235.29	52475.44
235.34	52523.43
235.39	52556.73
235.44	52589.73
235.49	52622.24
235.54	52649.81
235.59	52668.59
235.65	52699.61
235.70	52721.03
235.75	52755.14
235.80	52816.24
235.85	52864.24
235.90	52914.32
235.95	52952.19
236.00	52985.00
236.05	53001.12
236.11	53034.63
236.16	53067.62
236.21	53110.10
236.26	53145.01
236.31	53172.78
236.36	53202.27
236.41	53216.38
236.46	53226.79
236.51	53244.03
236.56	53271.62
236.62	53294.69
236.67	53326.43
236.72	53371.85
236.77	53402.97
236.82	53446.58
236.87	53470.11
236.92	53494.11
236.97	53528.33
237.02	53568.94
237.07	53610.68
237.13	53677.55
237.18	53741.25
237.23	53789.40
237.28	53834.99
237.33	53873.89
237.38	53893.13
237.43	53919.06
237.48	53923.61
237.53	53940.41
237.58	53977.44
237.63	54023.23
237.69	54056.93
237.74	54109.79
237.79	54158.14
237.84	54162.22
237.89	54165.16
237.94	54173.52
237.99	54186.96
238.04	54199.10
238.09	54220.34
238.14	54248.79
238.19	54275.95
238.25	54301.20
238.30	54299.97
238.35	54301.96
238.40	54295.98
238.45	54299.77
238.50	54293.95
238.55	54308.12
238.60	54336.74
238.65	54360.94
238.70	54382.05
238.75	54398.09
238.80	54428.48
238.86	54435.03
238.91	54453.39
238.96	54476.54
239.01	54521.07
239.06	54553.75
239.11	54585.08
239.16	54617.92
239.21	54630.74
239.26	54616.58
239.31	54619.04
239.36	54632.79
239.41	54647.64
239.46	54668.77
239.52	54699.81
239.57	54725.49
239.62	54741.41
239.67	54758.96
239.72	54784.06
239.77	54807.78
239.82	54818.94
239.87	54820.59
239.92	54829.57
239.97	54822.96
240.02	54810.87
240.07	54800.71
240.12	54810.51
240.17	54816.50
240.23	54820.80
240.28	54831.57
240.33	54846.87
240.38	54842.82
240.43	54838.72
240.48	54858.03
240.53	54875.80
240.58	54884.29
240.63	54918.45
240.68	54921.67
240.73	54908.13
240.78	54902.45
240.83	54905.19
240.88	54895.14
240.93	54891.14
240.98	54887.90
241.04	54897.23
241.09	54916.22
241.14	54928.39
241.19	54972.08
241.24	55012.56
241.29	55041.61
241.34	55052.08
241.39	55069.78
241.44	55067.03
241.49	55062.91
241.54	55051.00
241.59	55047.94
241.64	55044.63
241.69	55046.68
241.74	55045.70
241.79	55042.08
241.84	55033.00
241.90	55016.44
241.95	54987.39
242.00	54962.82
242.05	54935.12
242.10	54926.04
242.15	54911.65
242.20	54910.22
242.25	54908.18
242.30	54904.17
242.35	54890.62
242.40	54890.76
242.45	54879.08
242.50	54864.06
242.55	54867.09
242.60	54865.90
242.65	54864.62
242.70	54882.34
242.75	54914.65
242.80	54961.00
242.85	54995.02
242.91	55013.58
242.96	54999.79
243.01	54979.42
243.06	54939.30
243.11	54911.24
243.16	54879.88
243.21	54883.10
243.26	54888.42
243.31	54900.33
243.36	54908.69
243.41	54934.57
243.46	54931.30
243.51	54908.08
243.56	54858.64
243.61	54810.39
243.66	54766.37
243.71	54735.79
243.76	54730.87
243.81	54745.21
243.86	54744.41
243.91	54743.71
243.96	54742.58
244.01	54720.03
244.06	54700.73
244.12	54697.47
244.17	54689.58
244.22	54691.47
244.27	54714.62
244.32	54741.19
244.37	54756.29
244.42	54759.76
244.47	54753.06
244.52	54730.80
244.57	54688.76
244.62	54661.11
244.67	54643.85
244.72	54625.03
244.77	54618.42
244.82	54647.66
244.87	54679.72
244.92	54701.80
244.97	54709.36
245.02	54710.24
245.07	54680.56
245.12	54650.36
245.17	54637.10
245.22	54640.38
245.27	54637.23
245.32	54606.60
245.37	54578.84
245.42	54527.84
245.47	54477.44
245.52	54435.04
245.57	54420.19
245.62	54406.41
245.67	54393.21
245.72	54384.08
245.77	54360.79
245.82	54343.91
245.87	54334.96
245.92	54346.65
245.98	54343.11
246.03	54349.27
246.08	54353.74
246.13	54347.99
246.18	54352.22
246.23	54349.67
246.28	54337.89
246.33	54329.86
246.38	54298.88
246.43	54263.01
246.48	54246.51
246.53	54250.04
246.58	54252.24
246.63	54265.39
246.68	54259.13
246.73	54240.88
246.78	54214.06
246.83	54165.97
246.88	54112.31
246.93	54064.08
246.98	54016.74
247.03	53978.71
247.08	53964.43
247.13	53956.89
247.18	53954.13
247.23	53978.13
247.28	53984.89
247.33	53966.52
247.38	53944.31
247.43	53925.46
247.48	53907.19
247.53	53886.58
247.58	53858.47
247.63	53840.17
247.68	53807.94
247.73	53746.26
247.78	53698.20
247.83	53674.44
247.88	53643.10
247.93	53634.90
247.98	53639.58
248.03	53647.06
248.08	53665.54
248.13	53662.80
248.18	53648.91
248.23	53639.21
248.28	53610.25
248.33	53568.59
248.38	53543.17
248.43	53519.16
248.48	53495.16
248.53	53477.09
248.58	53464.88
248.63	53457.60
248.68	53436.90
248.73	53416.57
248.78	53387.60
248.83	53331.86
248.88	53266.39
248.93	53198.83
248.98	53112.12
249.03	53069.76
249.08	53050.93
249.13	53052.07
249.18	53050.98
249.23	53076.30
249.28	53054.07
249.33	53044.59
249.38	53029.61
249.43	53016.70
249.48	52989.22
249.53	52988.60
249.58	52962.23
249.63	52946.85
249.68	52925.43
249.73	52901.66
249.78	52876.52
249.83	52873.24
249.88	52837.49
249.93	52824.08
249.98	52818.75
250.03	52808.30
250.08	52783.87
250.13	52772.21
250.18	52747.13
250.23	52711.44
250.28	52664.72
250.33	52618.10
250.37	52577.64
250.42	52541.49
250.47	52513.34
250.52	52509.00
250.57	52490.60
250.62	52464.81
250.67	52435.20
250.72	52416.33
250.77	52360.92
250.82	52341.39
250.87	52334.48
250.92	52322.04
250.97	52290.42
251.02	52293.16
251.07	52288.72
251.12	52259.89
251.17	52236.60
251.22	52210.88
251.27	52168.21
251.32	52116.39
251.37	52072.55
251.42	52025.12
251.47	51985.26
251.52	51965.99
251.57	51948.42
251.62	51932.87
251.67	51922.57
251.72	51905.10
251.77	51866.26
251.82	51824.39
251.87	51785.54
251.92	51730.30
251.97	51680.82
252.02	51645.73
252.07	51614.73
252.12	51599.35
252.16	51602.04
252.21	51601.57
252.26	51604.87
252.31	51609.56
252.36	51601.93
252.41	51582.15
252.46	51560.06
252.51	51530.44
252.56	51501.24
252.61	51469.54
252.66	51444.30
252.71	51424.53
252.76	51397.54
252.81	51350.49
252.86	51290.24
252.91	51246.90
252.96	51180.60
253.01	51113.19
253.06	51045.43
253.11	51005.42
253.16	50960.83
253.21	50915.37
253.26	50879.14
253.31	50862.67
253.36	50838.02
253.40	50806.51
253.45	50792.98
253.50	50746.89
253.55	50708.01
253.60	50664.33
253.65	50620.00
253.70	50588.88
253.75	50582.14
253.80	50562.11
253.85	50554.74
253.90	50554.80
253.95	50544.92
254.00	50543.82
254.05	50534.82
254.10	50500.21
254.15	50469.09
254.20	50439.06
254.25	50399.48
254.30	50366.81
254.35	50333.58
254.39	50261.30
254.44	50173.89
254.49	50099.48
254.54	50060.58
254.59	50023.20
254.64	50025.19
254.69	50031.19
254.74	50036.71
254.79	50008.18
254.84	49980.67
254.89	49966.88
254.94	49956.92
254.99	49939.78
255.04	49924.87
255.09	49916.29
255.14	49881.57
255.19	49864.01
255.23	49855.62
255.28	49845.16
255.33	49841.30
255.38	49838.69
255.43	49822.14
255.48	49785.53
255.53	49748.64
255.58	49705.19
255.63	49667.03
255.68	49621.58
255.73	49581.97
255.78	49554.68
255.83	49528.39
255.88	49507.29
255.93	49482.47
255.97	49462.96
256.02	49428.24
256.07	49389.23
256.12	49318.20
256.17	49266.18
256.22	49215.33
256.27	49161.00
256.32	49115.94
256.37	49098.89
256.42	49077.16
256.47	49039.99
256.52	49025.49
256.57	49002.08
256.62	48978.74
256.66	48971.56
256.71	48954.20
256.76	48913.00
256.81	48867.30
256.86	48820.06
256.91	48764.06
256.96	48717.43
257.01	48689.14
257.06	48661.84
257.11	48629.31
257.16	48580.87
257.21	48547.70
257.26	48509.13
257.30	48474.54
257.35	48432.64
257.40	48407.64
257.45	48387.38
257.50	48355.38
257.55	48324.19
257.60	48300.92
257.65	48272.64
257.70	48236.26
257.75	48204.25
257.80	48173.52
257.85	48143.35
257.89	48102.93
257.94	48052.24
257.99	47991.53
258.04	47939.21
258.09	47891.97
258.14	47864.54
258.19	47841.00
258.24	47824.80
258.29	47788.04
258.34	47751.54
258.39	47711.22
258.44	47654.96
258.48	47598.01
258.53	47564.84
258.58	47521.89
258.63	47468.43
258.68	47431.58
258.73	47396.07
258.78	47360.68
258.83	47322.27
258.88	47282.74
258.93	47242.65
258.97	47218.95
259.02	47187.45
259.07	47162.51
259.12	47146.70
259.17	47129.38
259.22	47108.77
259.27	47078.90
259.32	47056.33
259.37	47020.46
259.42	46991.74
259.47	46942.95
259.51	46899.80
259.56	46841.98
259.61	46766.86
259.66	46681.74
259.71	46608.85
259.76	46547.91
259.81	46495.50
259.86	46464.04
259.91	46433.69
259.95	46414.49
260.00	46387.97
260.05	46364.44
260.10	46344.72
260.15	46338.84
260.20	46330.46
260.25	46321.66
260.30	46303.54
260.35	46279.04
260.40	46242.20
260.44	46208.39
260.49	46188.95
260.54	46155.84
260.59	46129.05
260.64	46120.60
260.69	46108.65
260.74	46070.75
260.79	46034.04
260.84	45991.08
260.88	45932.72
260.93	45863.04
260.98	45816.19
261.03	45777.62
261.08	45750.66
261.13	45713.75
261.18	45670.03
261.23	45616.10
261.28	45573.71
261.32	45526.58
261.37	45481.70
261.42	45453.30
261.47	45432.89
261.52	45390.05
261.57	45347.05
261.62	45309.96
261.67	45259.55
261.71	45190.30
261.76	45145.63
261.81	45089.00
261.86	45033.70
261.91	44991.63
261.96	44956.00
262.01	44915.51
262.06	44897.93
262.10	44886.47
262.15	44861.98
262.20	44847.06
262.25	44831.99
262.30	44815.71
262.35	44796.14
262.40	44776.00
262.45	44741.09
262.49	44709.78
262.54	44672.49
262.59	44635.49
262.64	44607.67
262.69	44582.66
262.74	44536.87
262.79	44480.50
262.84	44428.12
262.88	44374.57
262.93	44318.10
262.98	44283.23
263.03	44243.21
263.08	44192.03
263.13	44126.35
263.18	44067.44
263.23	44007.69
263.27	43965.10
263.32	43931.49
263.37	43911.99
263.42	43895.26
263.47	43863.24
263.52	43836.52
263.57	43804.65
263.61	43768.80
263.66	43724.12
263.71	43691.31
263.76	43655.06
263.81	43618.32
263.86	43585.18
263.91	43544.88
263.95	43489.44
264.00	43424.14
264.05	43373.39
264.10	43300.13
264.15	43234.40
264.20	43190.16
264.25	43152.44
264.29	43098.78
264.34	43055.65
264.39	43033.18
264.44	42984.92
264.49	42937.05
264.54	42896.51
264.59	42862.25
264.63	42811.88
264.68	42767.03
264.73	42721.18
264.78	42679.11
264.83	42625.51
264.88	42581.54
264.93	42552.99
264.97	42521.32
265.02	42495.47
265.07	42477.85
265.12	42435.11
265.17	42384.42
265.22	42348.33
265.27	42287.55
265.31	42227.56
265.36	42173.07
265.41	42124.57
265.46	42061.08
265.51	41996.47
265.56	41936.48
265.60	41890.24
265.65	41832.04
265.70	41773.27
265.75	41717.19
265.80	41664.53
265.85	41599.53
265.90	41537.91
265.94	41486.26
265.99	41425.69
266.04	41374.70
266.09	41329.94
266.14	41300.16
266.19	41266.71
266.23	41242.54
266.28	41197.34
266.33	41164.41
266.38	41132.51
266.43	41107.61
266.48	41083.18
266.52	41068.86
266.57	41038.06
266.62	40995.11
266.67	40937.95
266.72	40889.94
266.77	40851.62
266.81	40820.46
266.86	40793.85
266.91	40763.94
266.96	40734.95
267.01	40695.27
267.06	40646.04
267.10	40591.30
267.15	40544.47
267.20	40506.69
267.25	40466.16
267.30	40438.40
267.35	40409.75
267.39	40378.17
267.44	40333.75
267.49	40287.95
267.54	40232.89
267.59	40174.74
267.64	40114.14
267.68	40053.99
267.73	39994.15
267.78	39953.21
267.83	39934.57
267.88	39921.61
267.93	39920.89
267.97	39918.41
268.02	39885.17
268.07	39835.34
268.12	39778.11
268.17	39713.98
268.21	39665.64
268.26	39620.94
268.31	39572.54
268.36	39530.34
268.41	39483.86
268.46	39432.45
268.50	39392.81
268.55	39345.62
268.60	39291.00
268.65	39232.89
268.70	39159.89
268.74	39091.82
268.79	39024.31
268.84	38972.46
268.89	38928.72
268.94	38890.82
268.99	38850.72
269.03	38808.30
269.08	38757.78
269.13	38686.02
269.18	38604.32
269.23	38510.51
269.27	38409.33
269.32	38284.35
269.37	38160.60
269.42	38031.26
269.47	37892.25
269.51	37754.67
269.56	37618.26
269.61	37479.14
269.66	37324.59
269.71	37176.79
269.76	37030.78
269.80	36883.30
269.85	36734.60
269.90	36603.00
269.95	36455.44
270.00	36296.19
270.04	36150.43
270.09	36007.59
270.14	35865.69
270.19	35731.45
270.24	35604.00
270.28	35447.36
270.33	35275.44
270.38	35096.69
270.43	34918.15
270.48	34736.80
270.52	34579.11
270.57	34422.67
270.62	34266.95
270.67	34116.38
270.72	33968.81
270.76	33799.03
270.81	33635.85
270.86	33460.97
270.91	33283.59
270.96	33110.08
271.00	32943.77
271.05	32787.46
271.10	32650.53
271.15	32524.79
271.20	32403.59
271.24	32270.16
271.29	32134.65
271.34	31987.88
271.39	31837.84
271.44	31678.87
271.48	31543.62
271.53	31397.24
271.58	31254.15
271.63	31108.36
271.67	30967.03
271.72	30822.87
271.77	30674.46
271.82	30540.72
271.87	30403.38
271.91	30243.42
271.96	30098.76
272.01	29973.44
272.06	29842.54
272.11	29720.40
272.15	29625.35
272.20	29523.75
272.25	29424.14
272.30	29320.74
272.35	29213.23
272.39	29102.27
272.44	28981.84
272.49	28842.61
272.54	28704.71
272.58	28558.34
272.63	28411.58
272.68	28262.78
272.73	28108.90
272.78	27935.47
272.82	27736.22
272.87	27510.37
272.92	27226.31
272.97	26707.66
273.01	23765.80
273.06	18846.46
273.11	13425.00
273.16	8097.28
273.21	3045.56
273.25	459.54
273.30	-88.92
273.35	-89.89
