165.32	3377.20
165.38	-247.06
165.44	595.42
165.50	-78.00
165.55	-20.70
165.61	0.09
165.67	26.15
165.72	34.26
165.78	38.86
165.84	37.04
165.89	33.85
165.95	32.76
166.01	32.64
166.06	34.16
166.12	36.57
166.18	34.88
166.23	36.20
166.29	34.62
166.35	31.53
166.40	30.29
166.46	37.12
166.52	40.17
166.57	40.83
166.63	41.13
166.69	44.11
166.74	38.07
166.80	38.18
166.86	40.32
166.91	41.25
166.97	35.53
167.03	37.85
167.08	32.28
167.14	31.83
167.20	30.19
167.25	42.57
167.31	43.30
167.37	48.80
167.42	50.64
167.48	56.49
167.54	51.06
167.59	50.05
167.65	45.88
167.71	45.52
167.76	44.38
167.82	39.95
167.88	39.37
167.93	46.90
167.99	45.66
168.05	48.01
168.10	55.62
168.16	55.28
168.21	53.36
168.27	57.87
168.33	59.83
168.38	52.59
168.44	57.42
168.50	55.92
168.55	54.66
168.61	54.75
168.67	56.56
168.72	54.23
168.78	54.28
168.84	49.36
168.89	48.20
168.95	49.29
169.01	48.44
169.06	48.23
169.12	47.82
169.18	45.61
169.23	45.82
169.29	50.15
169.34	54.72
169.40	57.64
169.46	62.22
169.51	63.65
169.57	59.19
169.63	55.07
169.68	60.44
169.74	57.00
169.80	63.15
169.85	64.44
169.91	68.19
169.97	64.01
170.02	64.18
170.08	63.14
170.13	63.23
170.19	62.75
170.25	64.01
170.30	67.91
170.36	59.61
170.42	61.91
170.47	63.68
170.53	65.26
170.59	62.08
170.64	65.81
170.70	63.87
170.76	60.56
170.81	61.85
170.87	61.13
170.92	62.12
170.98	65.03
171.04	67.82
171.09	64.15
171.15	71.26
171.21	71.63
171.26	68.44
171.32	65.81
171.37	69.05
171.43	63.78
171.49	68.30
171.54	72.21
171.60	73.47
171.66	75.44
171.71	75.99
171.77	73.81
171.83	79.51
171.88	78.64
171.94	78.28
171.99	82.71
172.05	81.89
172.11	82.24
172.16	90.95
172.22	91.38
172.28	91.33
172.33	89.11
172.39	86.43
172.44	83.03
172.50	88.08
172.56	87.57
172.61	95.79
172.67	95.58
172.72	95.29
172.78	90.39
172.84	85.97
172.89	79.38
172.95	78.17
173.01	79.57
173.06	77.94
173.12	83.14
173.17	84.57
173.23	84.01
173.29	84.36
173.34	86.22
173.40	80.83
173.46	81.05
173.51	83.88
173.57	83.35
173.62	78.18
173.68	85.36
173.74	84.77
173.79	86.50
173.85	83.48
173.90	86.15
173.96	82.23
174.02	79.41
174.07	71.42
174.13	70.80
174.18	73.29
174.24	66.67
174.30	66.92
174.35	72.10
174.41	69.41
174.47	62.89
174.52	63.57
174.58	62.52
174.63	57.65
174.69	56.63
174.75	58.32
174.80	69.71
174.86	67.04
174.91	68.15
174.97	67.93
175.03	65.41
175.08	53.25
175.14	59.94
175.19	56.07
175.25	56.69
175.31	61.53
175.36	62.95
175.42	60.15
175.47	64.73
175.53	65.07
175.59	61.15
175.64	63.03
175.70	60.73
175.75	56.21
175.81	55.05
175.87	56.31
175.92	52.04
175.98	53.60
176.03	53.46
176.09	53.44
176.15	53.54
176.20	54.63
176.26	54.90
176.31	58.66
176.37	56.37
176.42	57.37
176.48	61.17
176.54	58.30
176.59	54.77
176.65	57.63
176.70	58.90
176.76	57.92
176.82	55.99
176.87	53.28
176.93	53.23
176.98	51.78
177.04	47.17
177.10	52.19
177.15	53.84
177.21	54.63
177.26	53.24
177.32	56.90
177.37	58.37
177.43	61.89
177.49	58.40
177.54	56.42
177.60	56.89
177.65	57.19
177.71	51.80
177.77	54.69
177.82	56.28
177.88	59.92
177.93	55.94
177.99	62.37
178.04	58.04
178.10	58.71
178.16	52.50
178.21	53.29
178.27	50.59
178.32	54.74
178.38	53.29
178.43	54.64
178.49	54.56
178.55	53.46
178.60	52.03
178.66	51.30
178.71	53.01
178.77	50.94
178.82	52.30
178.88	52.33
178.94	53.29
178.99	54.00
179.05	58.31
179.10	54.51
179.16	57.15
179.21	59.45
179.27	58.61
179.33	54.18
179.38	57.93
179.44	56.23
179.49	56.35
179.55	54.37
179.60	54.50
179.66	52.98
179.72	55.16
179.77	52.19
179.83	50.69
179.88	52.42
179.94	53.72
179.99	50.09
180.05	50.73
180.11	51.38
180.16	53.89
180.22	56.54
180.27	61.03
180.33	61.80
180.38	66.68
180.44	62.02
180.49	62.01
180.55	59.73
180.61	64.04
180.66	58.18
180.72	57.06
180.77	54.91
180.83	55.11
180.88	52.15
180.94	52.20
180.99	55.32
181.05	55.33
181.11	56.38
181.16	56.34
181.22	57.68
181.27	60.35
181.33	59.01
181.38	56.18
181.44	57.27
181.49	61.63
181.55	62.01
181.61	68.18
181.66	70.51
181.72	68.53
181.77	66.03
181.83	63.60
181.88	68.73
181.94	70.28
181.99	75.42
182.05	75.66
182.11	76.96
182.16	67.78
182.22	66.01
182.27	61.29
182.33	64.43
182.38	63.93
182.44	68.91
182.49	71.09
182.55	73.38
182.60	72.91
182.66	75.89
182.72	78.62
182.77	81.08
182.83	84.77
182.88	87.30
182.94	88.61
182.99	85.32
183.05	83.59
183.10	85.16
183.16	84.68
183.21	86.23
183.27	94.27
183.32	98.58
183.38	102.05
183.44	109.66
183.49	115.01
183.55	116.52
183.60	123.27
183.66	129.83
183.71	138.37
183.77	146.29
183.82	155.47
183.88	166.96
183.93	179.08
183.99	193.53
184.04	210.01
184.10	222.67
184.15	234.42
184.21	247.07
184.27	249.19
184.32	250.04
184.38	247.33
184.43	243.46
184.49	226.71
184.54	208.55
184.60	198.79
184.65	185.78
184.71	175.95
184.76	177.78
184.82	195.26
184.87	211.90
184.93	237.98
184.98	266.38
185.04	298.01
185.09	323.40
185.15	350.68
185.20	382.50
185.26	416.82
185.31	445.78
185.37	473.53
185.43	492.51
185.48	511.80
185.54	535.08
185.59	560.07
185.65	585.68
185.70	627.03
185.76	672.89
185.81	707.47
185.87	746.40
185.92	790.12
185.98	825.98
186.03	842.46
186.09	845.16
186.14	819.12
186.20	766.78
186.25	680.92
186.31	594.23
186.36	525.61
186.42	495.93
186.47	505.28
186.53	552.52
186.58	622.62
186.64	698.89
186.69	772.60
186.75	833.27
186.80	891.45
186.86	949.58
186.91	1008.13
186.97	1060.89
187.02	1129.93
187.08	1195.28
187.13	1248.26
187.19	1305.97
187.24	1364.61
187.30	1401.72
187.35	1440.28
187.41	1491.75
187.47	1539.42
187.52	1583.78
187.58	1640.04
187.63	1714.29
187.69	1791.84
187.74	1861.72
187.80	1922.95
187.85	1974.60
187.91	1997.56
187.96	1984.49
188.02	1926.29
188.07	1827.82
188.13	1681.53
188.18	1526.83
188.24	1414.10
188.29	1362.25
188.35	1373.14
188.40	1454.94
188.46	1581.63
188.51	1707.39
188.57	1835.68
188.62	1961.67
188.67	2078.63
188.73	2188.68
188.78	2293.64
188.84	2397.63
188.89	2501.44
188.95	2607.95
189.00	2698.11
189.06	2796.30
189.11	2889.75
189.17	2972.25
189.22	3044.26
189.28	3132.81
189.33	3208.38
189.39	3271.42
189.44	3336.49
189.50	3411.74
189.55	3478.76
189.61	3535.20
189.66	3594.01
189.72	3653.61
189.77	3702.46
189.83	3730.80
189.88	3738.35
189.94	3709.28
189.99	3624.99
190.05	3470.28
190.10	3248.36
190.16	2993.74
190.21	2765.88
190.27	2617.81
190.32	2573.24
190.38	2631.31
190.43	2771.00
190.49	2938.72
190.54	3083.12
190.60	3205.39
190.65	3308.67
190.71	3396.66
190.76	3479.59
190.81	3567.88
190.87	3662.44
190.92	3782.27
190.98	3914.87
191.03	4052.33
191.09	4198.44
191.14	4325.17
191.20	4426.21
191.25	4526.50
191.31	4630.83
191.36	4735.73
191.42	4855.24
191.47	4987.10
191.53	5120.14
191.58	5230.36
191.64	5317.63
191.69	5389.81
191.75	5439.26
191.80	5468.45
191.85	5488.60
191.91	5509.41
191.96	5532.08
192.02	5565.47
192.07	5581.72
192.13	5577.34
192.18	5531.39
192.24	5416.03
192.29	5219.97
192.35	4995.53
192.40	4814.18
192.46	4703.82
192.51	4700.64
192.57	4794.23
192.62	4970.01
192.67	5151.77
192.73	5331.57
192.78	5493.09
192.84	5644.31
192.89	5780.51
192.95	5913.61
193.00	6028.79
193.06	6138.74
193.11	6245.63
193.17	6339.27
193.22	6422.63
193.28	6514.23
193.33	6590.86
193.38	6661.03
193.44	6732.08
193.49	6806.22
193.55	6867.46
193.60	6924.71
193.66	6977.38
193.71	7022.08
193.77	7050.44
193.82	7069.47
193.88	7087.99
193.93	7116.51
193.98	7141.16
194.04	7176.44
194.09	7223.73
194.15	7275.73
194.20	7318.58
194.26	7361.12
194.31	7406.65
194.37	7429.07
194.42	7435.27
194.47	7425.95
194.53	7383.05
194.58	7290.39
194.64	7183.15
194.69	7084.08
194.75	7012.95
194.80	6995.98
194.86	7033.86
194.91	7122.20
194.97	7228.98
195.02	7336.54
195.07	7442.02
195.13	7546.47
195.18	7652.80
195.24	7752.37
195.29	7849.76
195.35	7932.41
195.40	8019.31
195.46	8092.97
195.51	8175.65
195.56	8263.36
195.62	8354.81
195.67	8434.05
195.73	8512.85
195.78	8574.21
195.84	8617.80
195.89	8651.81
195.94	8686.40
196.00	8722.69
196.05	8764.65
196.11	8820.25
196.16	8878.24
196.22	8942.60
196.27	9003.10
196.32	9059.72
196.38	9109.67
196.43	9164.75
196.49	9205.04
196.54	9247.83
196.60	9296.93
196.65	9339.15
196.71	9377.69
196.76	9425.02
196.81	9461.70
196.87	9493.28
196.92	9521.99
196.98	9542.82
197.03	9553.11
197.09	9551.99
197.14	9547.03
197.19	9549.66
197.25	9561.67
197.30	9585.80
197.36	9637.29
197.41	9697.29
197.47	9759.85
197.52	9823.13
197.57	9888.56
197.63	9942.34
197.68	9998.44
197.74	10050.23
197.79	10096.11
197.84	10140.34
197.90	10189.70
197.95	10229.18
198.01	10270.30
198.06	10317.44
198.12	10364.58
198.17	10404.27
198.22	10447.53
198.28	10488.37
198.33	10527.71
198.39	10565.91
198.44	10608.31
198.49	10654.17
198.55	10697.60
198.60	10740.96
198.66	10786.25
198.71	10838.06
198.77	10886.11
198.82	10943.11
198.87	10992.40
198.93	11038.67
198.98	11083.08
199.04	11129.92
199.09	11166.73
199.14	11211.80
199.20	11252.17
199.25	11292.78
199.31	11336.18
199.36	11380.42
199.42	11427.12
199.47	11473.70
199.52	11514.08
199.58	11550.30
199.63	11579.63
199.69	11607.11
199.74	11638.93
199.79	11665.13
199.85	11691.46
199.90	11732.48
199.96	11774.75
200.01	11818.38
200.06	11866.63
200.12	11919.53
200.17	11971.09
200.23	12020.53
200.28	12068.93
200.33	12123.36
200.39	12168.62
200.44	12211.40
200.50	12255.95
200.55	12295.01
200.60	12329.47
200.66	12371.72
200.71	12408.56
200.77	12451.02
200.82	12491.88
200.87	12533.20
200.93	12569.09
200.98	12610.56
201.04	12647.92
201.09	12690.83
201.14	12739.36
201.20	12787.49
201.25	12845.35
201.31	12897.28
201.36	12959.71
201.41	13018.93
201.47	13080.14
201.52	13131.87
201.58	13194.26
201.63	13240.14
201.68	13285.38
201.74	13337.04
201.79	13385.01
201.84	13434.83
201.90	13480.72
201.95	13531.04
202.01	13580.51
202.06	13629.90
202.11	13670.18
202.17	13720.42
202.22	13766.73
202.28	13805.44
202.33	13846.01
202.38	13886.17
202.44	13934.55
202.49	13982.18
202.54	14034.84
202.60	14083.57
202.65	14134.67
202.71	14179.21
202.76	14219.40
202.81	14255.29
202.87	14307.75
202.92	14357.92
202.98	14409.91
203.03	14462.68
203.08	14518.55
203.14	14566.44
203.19	14618.33
203.24	14670.87
203.30	14722.10
203.35	14774.48
203.41	14822.25
203.46	14867.04
203.51	14906.56
203.57	14948.20
203.62	14996.19
203.67	15049.75
203.73	15097.30
203.78	15145.76
203.84	15197.06
203.89	15232.08
203.94	15269.87
204.00	15310.99
204.05	15348.12
204.10	15370.48
204.16	15393.92
204.21	15410.74
204.27	15419.99
204.32	15421.28
204.37	15426.36
204.43	15411.80
204.48	15386.53
204.53	15361.68
204.59	15372.18
204.64	15426.45
204.69	15537.70
204.75	15669.77
204.80	15821.53
204.86	15940.75
204.91	16026.38
204.96	16076.41
205.02	16105.98
205.07	16140.69
205.12	16204.64
205.18	16287.87
205.23	16379.83
205.28	16495.84
205.34	16600.32
205.39	16691.43
205.45	16768.53
205.50	16841.62
205.55	16905.04
205.61	16968.73
205.66	17026.31
205.71	17090.60
205.77	17154.38
205.82	17212.30
205.87	17265.38
205.93	17319.82
205.98	17367.63
206.03	17403.96
206.09	17451.43
206.14	17503.73
206.20	17556.69
206.25	17605.48
206.30	17674.32
206.36	17732.84
206.41	17793.76
206.46	17845.95
206.52	17901.52
206.57	17947.98
206.62	17994.90
206.68	18037.09
206.73	18090.50
206.78	18142.86
206.84	18200.76
206.89	18262.47
206.94	18326.64
207.00	18397.39
207.05	18468.93
207.11	18532.15
207.16	18591.10
207.21	18652.57
207.27	18700.58
207.32	18749.03
207.37	18805.48
207.43	18863.81
207.48	18918.21
207.53	18975.53
207.59	19033.42
207.64	19086.63
207.69	19153.32
207.75	19220.93
207.80	19281.77
207.85	19339.71
207.91	19400.23
207.96	19452.51
208.01	19505.05
208.07	19558.22
208.12	19620.41
208.17	19673.87
208.23	19724.21
208.28	19773.03
208.33	19835.39
208.39	19895.51
208.44	19961.99
208.49	20024.69
208.55	20089.32
208.60	20144.68
208.65	20190.86
208.71	20242.41
208.76	20292.42
208.81	20347.73
208.87	20413.16
208.92	20476.36
208.97	20536.93
209.03	20603.36
209.08	20664.61
209.13	20720.25
209.19	20781.42
209.24	20841.51
209.29	20900.57
209.35	20952.96
209.40	21015.60
209.45	21076.64
209.51	21141.82
209.56	21205.57
209.61	21274.92
209.67	21338.70
209.72	21401.49
209.77	21462.47
209.83	21522.59
209.88	21590.81
209.93	21653.70
209.99	21716.38
210.04	21781.80
210.09	21851.30
210.15	21914.47
210.20	21974.16
210.25	22042.41
210.31	22108.07
210.36	22155.45
210.41	22209.16
210.46	22269.38
210.52	22318.14
210.57	22368.29
210.62	22436.43
210.68	22501.18
210.73	22552.78
210.78	22617.46
210.84	22680.11
210.89	22743.88
210.94	22799.11
211.00	22860.53
211.05	22912.18
211.10	22971.84
211.16	23028.91
211.21	23093.27
211.26	23161.82
211.32	23236.31
211.37	23303.38
211.42	23369.33
211.47	23435.53
211.53	23494.39
211.58	23553.30
211.63	23608.88
211.69	23665.37
211.74	23721.78
211.79	23778.07
211.85	23833.72
211.90	23895.40
211.95	23965.72
212.01	24033.79
212.06	24116.50
212.11	24194.27
212.16	24274.20
212.22	24345.27
212.27	24408.05
212.32	24468.30
212.38	24538.15
212.43	24596.10
212.48	24655.57
212.54	24728.56
212.59	24798.82
212.64	24863.50
212.69	24928.09
212.75	24996.59
212.80	25054.75
212.85	25119.18
212.91	25167.97
212.96	25228.94
213.01	25295.13
213.07	25358.59
213.12	25423.69
213.17	25494.83
213.22	25556.14
213.28	25608.76
213.33	25660.68
213.38	25708.43
213.44	25765.03
213.49	25833.84
213.54	25906.64
213.60	25987.71
213.65	26072.49
213.70	26155.68
213.75	26221.44
213.81	26280.41
213.86	26336.50
213.91	26379.62
213.97	26422.22
214.02	26458.35
214.07	26493.10
214.12	26524.77
214.18	26554.41
214.23	26591.39
214.28	26627.97
214.34	26651.30
214.39	26669.88
214.44	26669.08
214.49	26629.20
214.55	26573.15
214.60	26493.04
214.65	26385.28
214.71	26294.64
214.76	26285.21
214.81	26365.20
214.86	26549.62
214.92	26785.67
214.97	27047.71
215.02	27255.92
215.08	27400.73
215.13	27475.51
215.18	27510.74
215.23	27519.26
215.29	27540.86
215.34	27608.30
215.39	27721.56
215.45	27886.57
215.50	28075.51
215.55	28256.12
215.60	28402.04
215.66	28506.59
215.71	28589.35
215.76	28664.76
215.81	28733.21
215.87	28793.30
215.92	28850.33
215.97	28906.48
216.03	28960.03
216.08	29021.06
216.13	29083.92
216.18	29150.42
216.24	29213.42
216.29	29268.62
216.34	29321.96
216.39	29384.67
216.45	29448.36
216.50	29498.68
216.55	29555.48
216.61	29622.93
216.66	29671.66
216.71	29726.40
216.76	29793.82
216.82	29873.24
216.87	29943.39
216.92	30026.80
216.97	30099.74
217.03	30180.65
217.08	30250.23
217.13	30325.92
217.18	30398.10
217.24	30467.67
217.29	30533.50
217.34	30580.52
217.39	30624.68
217.45	30665.08
217.50	30719.33
217.55	30774.16
217.61	30846.82
217.66	30918.16
217.71	30992.15
217.76	31068.10
217.82	31144.28
217.87	31221.59
217.92	31289.19
217.97	31357.84
218.03	31417.63
218.08	31465.69
218.13	31506.38
218.18	31557.21
218.24	31623.86
218.29	31685.86
218.34	31751.21
218.39	31820.64
218.45	31887.21
218.50	31945.03
218.55	32009.98
218.60	32068.23
218.66	32121.40
218.71	32186.50
218.76	32250.84
218.81	32311.35
218.87	32381.28
218.92	32458.66
218.97	32530.00
219.02	32600.38
219.08	32667.89
219.13	32741.18
219.18	32802.33
219.23	32861.41
219.29	32920.06
219.34	32979.45
219.39	33039.52
219.44	33105.82
219.50	33177.54
219.55	33238.82
219.60	33304.31
219.65	33368.73
219.71	33436.48
219.76	33487.08
219.81	33546.82
219.86	33603.75
219.92	33651.79
219.97	33704.87
220.02	33761.44
220.07	33822.27
220.13	33884.65
220.18	33954.29
220.23	34021.43
220.28	34103.36
220.33	34176.04
220.39	34237.23
220.44	34296.22
220.49	34353.44
220.54	34400.11
220.60	34446.90
220.65	34516.38
220.70	34581.55
220.75	34654.81
220.81	34735.13
220.86	34813.32
220.91	34876.38
220.96	34947.84
221.02	35011.26
221.07	35073.07
221.12	35135.68
221.17	35199.50
221.22	35263.78
221.28	35323.72
221.33	35383.88
221.38	35442.54
221.43	35513.89
221.49	35570.75
221.54	35633.02
221.59	35698.05
221.64	35782.77
221.69	35866.51
221.75	35969.18
221.80	36067.23
221.85	36147.20
221.90	36209.78
221.96	36267.11
222.01	36303.78
222.06	36345.68
222.11	36395.97
222.17	36444.71
222.22	36474.92
222.27	36528.06
222.32	36575.76
222.37	36623.38
222.43	36682.59
222.48	36749.71
222.53	36816.17
222.58	36897.12
222.63	36972.53
222.69	37037.36
222.74	37113.08
222.79	37175.13
222.84	37218.02
222.90	37267.96
222.95	37321.73
223.00	37361.85
223.05	37410.48
223.10	37472.96
223.16	37538.68
223.21	37585.06
223.26	37640.79
223.31	37682.13
223.36	37723.13
223.42	37755.17
223.47	37792.18
223.52	37839.75
223.57	37896.53
223.63	37945.11
223.68	37994.07
223.73	38070.28
223.78	38143.64
223.83	38202.57
223.89	38259.51
223.94	38331.28
223.99	38390.97
224.04	38453.55
224.09	38529.82
224.15	38625.89
224.20	38709.45
224.25	38806.64
224.30	38895.96
224.35	38989.19
224.41	39078.29
224.46	39167.91
224.51	39253.03
224.56	39332.83
224.61	39408.09
224.67	39483.40
224.72	39560.27
224.77	39642.18
224.82	39738.42
224.87	39827.86
224.93	39908.38
224.98	39993.34
225.03	40084.34
225.08	40163.48
225.13	40249.91
225.19	40336.82
225.24	40421.07
225.29	40481.68
225.34	40548.90
225.39	40618.68
225.45	40689.24
225.50	40761.65
225.55	40836.01
225.60	40907.18
225.65	40967.78
225.71	41027.77
225.76	41074.34
225.81	41113.79
225.86	41142.70
225.91	41162.69
225.97	41163.06
226.02	41149.32
226.07	41107.03
226.12	41097.81
226.17	41133.94
226.22	41238.04
226.28	41402.80
226.33	41635.76
226.38	41857.38
226.43	42037.70
226.48	42155.87
226.54	42233.88
226.59	42289.71
226.64	42319.48
226.69	42340.53
226.74	42378.93
226.80	42447.82
226.85	42530.61
226.90	42632.89
226.95	42781.26
227.00	42935.17
227.05	43072.37
227.11	43199.77
227.16	43313.48
227.21	43402.95
227.26	43489.62
227.31	43556.89
227.37	43609.84
227.42	43690.11
227.47	43772.16
227.52	43843.59
227.57	43917.78
227.62	44007.83
227.68	44080.25
227.73	44152.32
227.78	44235.46
227.83	44323.24
227.88	44391.75
227.93	44466.85
227.99	44553.44
228.04	44630.31
228.09	44707.23
228.14	44778.58
228.19	44851.13
228.24	44903.49
228.30	44966.69
228.35	45029.10
228.40	45100.60
228.45	45157.84
228.50	45233.95
228.56	45295.70
228.61	45361.58
228.66	45418.05
228.71	45479.79
228.76	45525.82
228.81	45583.08
228.87	45623.97
228.92	45690.73
228.97	45751.91
229.02	45844.31
229.07	45913.50
229.12	46004.73
229.17	46073.68
229.23	46149.47
229.28	46221.00
229.33	46301.70
229.38	46377.39
229.43	46462.05
229.48	46544.82
229.54	46608.17
229.59	46674.06
229.64	46742.88
229.69	46816.77
229.74	46901.28
229.79	46972.59
229.85	47049.90
229.90	47120.25
229.95	47179.13
230.00	47235.87
230.05	47311.61
230.10	47373.03
230.16	47443.14
230.21	47505.65
230.26	47565.89
230.31	47604.58
230.36	47665.13
230.41	47724.30
230.46	47816.07
230.52	47905.23
230.57	47993.13
230.62	48078.21
230.67	48150.53
230.72	48201.59
230.77	48241.82
230.82	48298.27
230.88	48336.93
230.93	48385.41
230.98	48426.06
231.03	48484.95
231.08	48541.73
231.13	48585.96
231.19	48644.68
231.24	48715.89
231.29	48785.41
231.34	48851.97
231.39	48937.06
231.44	49006.59
231.49	49062.55
231.55	49113.02
231.60	49149.00
231.65	49203.30
231.70	49246.94
231.75	49292.23
231.80	49336.82
231.85	49400.46
231.91	49446.73
231.96	49498.86
232.01	49569.73
232.06	49639.87
232.11	49702.97
232.16	49777.57
232.21	49867.27
232.26	49955.31
232.32	50033.67
232.37	50109.24
232.42	50168.44
232.47	50214.24
232.52	50256.48
232.57	50312.38
232.62	50371.16
232.68	50441.63
232.73	50512.31
232.78	50586.02
232.83	50658.93
232.88	50739.01
232.93	50808.55
232.98	50883.48
233.03	50944.03
233.09	50997.33
233.14	51059.56
233.19	51114.38
233.24	51161.47
233.29	51211.06
233.34	51251.58
233.39	51269.84
233.45	51305.63
233.50	51349.14
233.55	51392.97
233.60	51458.10
233.65	51524.35
233.70	51584.21
233.75	51632.41
233.80	51677.26
233.86	51731.61
233.91	51788.10
233.96	51837.37
234.01	51895.68
234.06	51955.93
234.11	52008.42
234.16	52062.60
234.21	52121.04
234.26	52162.61
234.32	52206.63
234.37	52240.06
234.42	52276.47
234.47	52288.77
234.52	52317.31
234.57	52355.07
234.62	52395.70
234.67	52443.28
234.73	52512.92
234.78	52575.23
234.83	52620.90
234.88	52663.31
234.93	52692.38
234.98	52733.40
235.03	52774.43
235.08	52832.46
235.13	52894.53
235.19	52969.20
235.24	53026.75
235.29	53091.53
235.34	53146.42
235.39	53178.01
235.44	53204.15
235.49	53240.96
235.54	53271.28
235.59	53290.32
235.65	53337.61
235.70	53371.21
235.75	53411.18
235.80	53464.63
235.85	53516.53
235.90	53555.17
235.95	53578.91
236.00	53605.72
236.05	53623.61
236.11	53646.02
236.16	53673.13
236.21	53723.66
236.26	53762.56
236.31	53792.74
236.36	53821.57
236.41	53834.90
236.46	53843.35
236.51	53857.39
236.56	53879.19
236.62	53905.94
236.67	53947.64
236.72	53997.45
236.77	54036.59
236.82	54082.06
236.87	54109.68
236.92	54131.15
236.97	54169.02
237.02	54207.04
237.07	54252.39
237.13	54315.80
237.18	54371.53
237.23	54410.47
237.28	54457.14
237.33	54497.35
237.38	54517.51
237.43	54548.28
237.48	54558.51
237.53	54576.31
237.58	54596.85
237.63	54645.41
237.69	54680.36
237.74	54729.41
237.79	54765.27
237.84	54776.31
237.89	54770.05
237.94	54778.21
237.99	54801.56
238.04	54822.43
238.09	54853.95
238.14	54892.37
238.19	54923.17
238.25	54934.17
238.30	54924.53
238.35	54924.30
238.40	54922.94
238.45	54917.48
238.50	54920.19
238.55	54937.46
238.60	54965.64
238.65	54985.22
238.70	55003.52
238.75	55022.58
238.80	55051.39
238.86	55062.27
238.91	55076.34
238.96	55115.17
239.01	55150.83
239.06	55182.12
239.11	55208.28
239.16	55239.35
239.21	55234.43
239.26	55224.86
239.31	55232.81
239.36	55238.12
239.41	55252.56
239.46	55276.70
239.52	55310.45
239.57	55328.67
239.62	55349.33
239.67	55365.89
239.72	55395.03
239.77	55404.23
239.82	55414.23
239.87	55425.30
239.92	55429.95
239.97	55421.63
240.02	55418.37
240.07	55416.43
240.12	55417.61
240.17	55425.98
240.23	55433.78
240.28	55442.22
240.33	55448.48
240.38	55436.39
240.43	55432.63
240.48	55448.83
240.53	55463.78
240.58	55479.66
240.63	55523.11
240.68	55533.06
240.73	55521.50
240.78	55513.53
240.83	55514.43
240.88	55492.31
240.93	55482.93
240.98	55487.53
241.04	55506.68
241.09	55526.91
241.14	55547.65
241.19	55582.16
241.24	55602.36
241.29	55625.42
241.34	55635.26
241.39	55655.41
241.44	55664.67
241.49	55671.49
241.54	55658.96
241.59	55653.93
241.64	55648.20
241.69	55639.66
241.74	55630.41
241.79	55637.55
241.84	55619.79
241.90	55598.60
241.95	55577.13
242.00	55548.56
242.05	55515.64
242.10	55506.98
242.15	55488.91
242.20	55484.36
242.25	55489.88
242.30	55478.54
242.35	55469.88
242.40	55474.92
242.45	55460.58
242.50	55447.83
242.55	55451.73
242.60	55444.99
242.65	55437.82
242.70	55455.67
242.75	55481.82
242.80	55522.53
242.85	55560.80
242.91	55577.74
242.96	55571.10
243.01	55553.04
243.06	55516.56
243.11	55483.51
243.16	55464.53
243.21	55460.66
243.26	55467.39
243.31	55478.44
243.36	55483.03
243.41	55504.15
243.46	55504.12
243.51	55473.74
243.56	55420.06
243.61	55370.32
243.66	55318.16
243.71	55286.78
243.76	55281.26
243.81	55297.13
243.86	55294.53
243.91	55302.44
243.96	55292.06
244.01	55270.83
244.06	55246.99
244.12	55248.58
244.17	55235.13
244.22	55237.88
244.27	55261.82
244.32	55285.68
244.37	55305.19
244.42	55307.55
244.47	55296.83
244.52	55272.15
244.57	55240.39
244.62	55210.14
244.67	55191.70
244.72	55170.11
244.77	55167.61
244.82	55184.31
244.87	55217.30
244.92	55249.38
244.97	55270.08
245.02	55268.98
245.07	55248.26
245.12	55224.77
245.17	55201.44
245.22	55195.29
245.27	55190.77
245.32	55159.75
245.37	55116.70
245.42	55066.83
245.47	55016.88
245.52	54975.09
245.57	54959.85
245.62	54939.14
245.67	54927.99
245.72	54922.68
245.77	54897.16
245.82	54878.09
245.87	54868.53
245.92	54872.05
245.98	54867.02
246.03	54868.13
246.08	54879.12
246.13	54884.90
246.18	54888.41
246.23	54885.77
246.28	54879.97
246.33	54864.43
246.38	54832.57
246.43	54802.15
246.48	54779.15
246.53	54779.78
246.58	54785.49
246.63	54794.93
246.68	54782.26
246.73	54760.73
246.78	54730.70
246.83	54678.08
246.88	54622.82
246.93	54571.14
246.98	54529.22
247.03	54498.41
247.08	54483.23
247.13	54477.98
247.18	54481.66
247.23	54507.20
247.28	54519.59
247.33	54506.06
247.38	54491.24
247.43	54478.36
247.48	54456.52
247.53	54413.91
247.58	54383.98
247.63	54358.62
247.68	54310.97
247.73	54247.02
247.78	54212.85
247.83	54183.25
247.88	54155.43
247.93	54151.93
247.98	54156.74
248.03	54155.75
248.08	54171.18
248.13	54170.20
248.18	54162.11
248.23	54157.45
248.28	54130.62
248.33	54089.50
248.38	54054.06
248.43	54023.53
248.48	53993.93
248.53	53978.33
248.58	53961.27
248.63	53953.47
248.68	53941.76
248.73	53920.32
248.78	53888.46
248.83	53840.98
248.88	53772.20
248.93	53698.08
248.98	53616.64
249.03	53573.57
249.08	53550.89
249.13	53549.31
249.18	53543.32
249.23	53562.47
249.28	53556.03
249.33	53550.54
249.38	53538.35
249.43	53522.57
249.48	53495.73
249.53	53475.21
249.58	53453.31
249.63	53430.45
249.68	53418.31
249.73	53403.43
249.78	53381.56
249.83	53366.72
249.88	53334.53
249.93	53314.91
249.98	53302.57
250.03	53299.00
250.08	53278.99
250.13	53278.09
250.18	53250.44
250.23	53203.26
250.28	53147.01
250.33	53092.91
250.37	53045.58
250.42	53007.05
250.47	52987.83
250.52	52982.18
250.57	52960.88
250.62	52921.48
250.67	52898.09
250.72	52874.88
250.77	52824.11
250.82	52804.48
250.87	52801.99
250.92	52789.20
250.97	52764.70
251.02	52764.33
251.07	52762.22
251.12	52752.91
251.17	52721.81
251.22	52689.94
251.27	52647.51
251.32	52589.76
251.37	52524.87
251.42	52474.84
251.47	52436.05
251.52	52416.72
251.57	52405.82
251.62	52405.26
251.67	52395.41
251.72	52380.74
251.77	52350.20
251.82	52312.22
251.87	52271.24
251.92	52229.23
251.97	52171.05
252.02	52121.94
252.07	52087.84
252.12	52062.98
252.16	52051.77
252.21	52054.78
252.26	52068.17
252.31	52068.81
252.36	52058.33
252.41	52035.65
252.46	52014.23
252.51	51975.81
252.56	51944.42
252.61	51908.27
252.66	51882.63
252.71	51857.48
252.76	51833.14
252.81	51787.51
252.86	51739.13
252.91	51693.29
252.96	51625.43
253.01	51552.31
253.06	51491.81
253.11	51449.29
253.16	51404.54
253.21	51360.97
253.26	51317.73
253.31	51284.93
253.36	51253.92
253.40	51223.30
253.45	51214.44
253.50	51183.58
253.55	51150.26
253.60	51105.06
253.65	51066.90
253.70	51027.38
253.75	51010.78
253.80	50999.82
253.85	50996.91
253.90	51000.85
253.95	50996.73
254.00	50993.23
254.05	50975.31
254.10	50940.96
254.15	50907.15
254.20	50879.77
254.25	50846.13
254.30	50812.86
254.35	50774.02
254.39	50702.23
254.44	50613.85
254.49	50538.58
254.54	50491.48
254.59	50461.69
254.64	50455.22
254.69	50459.27
254.74	50459.92
254.79	50437.45
254.84	50400.84
254.89	50377.43
254.94	50356.85
254.99	50340.03
255.04	50327.79
255.09	50328.00
255.14	50299.60
255.19	50285.48
255.23	50269.33
255.28	50258.26
255.33	50246.70
255.38	50236.47
255.43	50217.27
255.48	50190.94
255.53	50151.19
255.58	50121.01
255.63	50092.76
255.68	50043.48
255.73	49997.71
255.78	49964.63
255.83	49930.61
255.88	49901.41
255.93	49878.92
255.97	49861.98
256.02	49832.59
256.07	49790.93
256.12	49730.46
256.17	49682.28
256.22	49625.63
256.27	49573.35
256.32	49526.43
256.37	49498.80
256.42	49481.12
256.47	49457.56
256.52	49432.63
256.57	49413.26
256.62	49394.61
256.66	49381.71
256.71	49350.95
256.76	49311.43
256.81	49259.24
256.86	49204.44
256.91	49144.90
256.96	49101.65
257.01	49074.93
257.06	49059.94
257.11	49036.39
257.16	48986.95
257.21	48948.41
257.26	48911.67
257.30	48863.86
257.35	48822.69
257.40	48803.14
257.45	48788.38
257.50	48758.51
257.55	48730.96
257.60	48704.18
257.65	48676.50
257.70	48631.43
257.75	48592.84
257.80	48559.25
257.85	48531.45
257.89	48487.50
257.94	48435.63
257.99	48378.73
258.04	48321.87
258.09	48269.98
258.14	48236.43
258.19	48221.03
258.24	48199.27
258.29	48158.87
258.34	48121.22
258.39	48085.54
258.44	48026.73
258.48	47974.91
258.53	47944.47
258.58	47905.65
258.63	47851.84
258.68	47818.26
258.73	47787.29
258.78	47745.52
258.83	47702.73
258.88	47673.28
258.93	47628.96
258.97	47595.16
259.02	47562.59
259.07	47534.41
259.12	47504.42
259.17	47494.38
259.22	47474.45
259.27	47453.86
259.32	47442.63
259.37	47400.73
259.42	47356.37
259.47	47312.04
259.51	47265.43
259.56	47197.83
259.61	47127.09
259.66	47049.52
259.71	46977.16
259.76	46919.95
259.81	46865.81
259.86	46833.30
259.91	46792.89
259.95	46761.81
260.00	46726.95
260.05	46704.55
260.10	46681.48
260.15	46677.41
260.20	46670.58
260.25	46664.99
260.30	46649.58
260.35	46622.96
260.40	46588.78
260.44	46564.06
260.49	46535.74
260.54	46500.70
260.59	46479.69
260.64	46467.68
260.69	46452.01
260.74	46416.33
260.79	46383.48
260.84	46335.96
260.88	46277.46
260.93	46204.02
260.98	46170.48
261.03	46123.03
261.08	46101.63
261.13	46069.98
261.18	46033.69
261.23	45970.68
261.28	45930.04
261.32	45881.26
261.37	45840.91
261.42	45805.70
261.47	45787.27
261.52	45743.65
261.57	45697.03
261.62	45647.41
261.67	45597.35
261.71	45527.53
261.76	45482.33
261.81	45433.14
261.86	45384.07
261.91	45338.57
261.96	45305.51
262.01	45261.25
262.06	45236.74
262.10	45222.78
262.15	45207.80
262.20	45192.08
262.25	45185.27
262.30	45162.23
262.35	45138.30
262.40	45111.26
262.45	45079.29
262.49	45051.19
262.54	45017.10
262.59	44984.17
262.64	44956.76
262.69	44921.70
262.74	44871.87
262.79	44819.55
262.84	44767.73
262.88	44709.66
262.93	44657.22
262.98	44620.58
263.03	44578.83
263.08	44531.85
263.13	44465.36
263.18	44400.71
263.23	44338.63
263.27	44294.27
263.32	44257.29
263.37	44243.33
263.42	44232.73
263.47	44201.19
263.52	44179.00
263.57	44144.89
263.61	44104.97
263.66	44058.71
263.71	44029.53
263.76	43993.45
263.81	43951.49
263.86	43914.67
263.91	43878.29
263.95	43818.72
264.00	43759.26
264.05	43703.14
264.10	43641.83
264.15	43570.18
264.20	43528.53
264.25	43477.59
264.29	43440.88
264.34	43386.02
264.39	43349.63
264.44	43295.88
264.49	43254.79
264.54	43205.03
264.59	43174.76
264.63	43141.16
264.68	43098.47
264.73	43047.33
264.78	42996.83
264.83	42938.16
264.88	42893.19
264.93	42865.81
264.97	42835.58
265.02	42815.51
265.07	42801.82
265.12	42759.65
265.17	42708.25
265.22	42665.68
265.27	42608.46
265.31	42549.70
265.36	42490.49
265.41	42437.49
265.46	42379.64
265.51	42304.23
265.56	42241.83
265.60	42187.44
265.65	42128.11
265.70	42065.56
265.75	42025.74
265.80	41970.76
265.85	41912.95
265.90	41856.55
265.94	41800.27
265.99	41734.81
266.04	41683.50
266.09	41645.90
266.14	41608.07
266.19	41569.10
266.23	41542.81
266.28	41502.62
266.33	41466.39
266.38	41437.68
266.43	41416.04
266.48	41391.06
266.52	41366.96
266.57	41327.70
266.62	41287.91
266.67	41238.81
266.72	41190.76
266.77	41160.33
266.81	41135.79
266.86	41105.24
266.91	41077.38
266.96	41035.86
267.01	40995.28
267.06	40942.63
267.10	40884.87
267.15	40838.70
267.20	40812.31
267.25	40771.65
267.30	40732.47
267.35	40699.45
267.39	40650.95
267.44	40607.35
267.49	40558.40
267.54	40515.07
267.59	40465.57
267.64	40420.68
267.68	40355.37
267.73	40300.72
267.78	40252.03
267.83	40222.42
267.88	40211.99
267.93	40206.23
267.97	40195.34
268.02	40167.01
268.07	40124.14
268.12	40064.13
268.17	40005.59
268.21	39957.78
268.26	39915.32
268.31	39870.02
268.36	39829.51
268.41	39781.71
268.46	39728.78
268.50	39689.99
268.55	39650.26
268.60	39586.37
268.65	39528.12
268.70	39450.52
268.74	39376.51
268.79	39296.43
268.84	39244.89
268.89	39198.06
268.94	39168.49
268.99	39129.76
269.03	39092.93
269.08	39046.01
269.13	38976.14
269.18	38896.36
269.23	38802.03
269.27	38692.94
269.32	38566.54
269.37	38443.40
269.42	38309.69
269.47	38173.65
269.51	38041.88
269.56	37901.33
269.61	37763.08
269.66	37614.63
269.71	37453.17
269.76	37301.06
269.80	37158.68
269.85	37007.14
269.90	36861.51
269.95	36724.19
270.00	36567.74
270.04	36417.98
270.09	36271.27
270.14	36130.76
270.19	35988.48
270.24	35855.03
270.28	35694.85
270.33	35526.50
270.38	35350.14
270.43	35174.13
270.48	34994.20
270.52	34842.84
270.57	34691.27
270.62	34529.78
270.67	34372.21
270.72	34214.50
270.76	34033.00
270.81	33854.70
270.86	33686.71
270.91	33515.99
270.96	33347.77
271.00	33190.17
271.05	33035.16
271.10	32891.25
271.15	32751.89
271.20	32623.82
271.24	32490.28
271.29	32358.69
271.34	32211.84
271.39	32066.84
271.44	31919.21
271.48	31780.23
271.53	31634.49
271.58	31496.23
271.63	31353.82
271.67	31205.24
271.72	31057.03
271.77	30914.33
271.82	30775.12
271.87	30635.47
271.91	30482.67
271.96	30339.69
272.01	30197.03
272.06	30064.14
272.11	29940.49
272.15	29838.50
272.20	29729.63
272.25	29634.76
272.30	29533.82
272.35	29427.81
272.39	29319.33
272.44	29195.29
272.49	29058.08
272.54	28917.00
272.58	28763.03
272.63	28609.37
272.68	28459.70
272.73	28302.76
272.78	28127.31
272.82	27936.53
272.87	27713.61
272.92	27427.44
272.97	26901.28
273.01	23940.40
273.06	18981.79
273.11	13518.04
273.16	8156.90
273.21	3072.51
273.25	464.62
273.30	-88.55
273.35	-88.72
