165.32	3377.02
165.38	-246.51
165.44	595.16
165.50	-78.49
165.55	-21.39
165.61	-0.79
165.67	25.33
165.72	33.64
165.78	38.79
165.84	37.18
165.89	34.79
165.95	33.62
166.01	32.71
166.06	33.87
166.12	36.38
166.18	34.17
166.23	35.85
166.29	35.07
166.35	32.08
166.40	31.10
166.46	37.74
166.52	40.32
166.57	41.56
166.63	42.21
166.69	44.89
166.74	38.82
166.80	39.20
166.86	40.91
166.91	41.26
166.97	35.50
167.03	38.22
167.08	32.57
167.14	31.95
167.20	30.05
167.25	42.39
167.31	42.58
167.37	48.06
167.42	49.77
167.48	55.89
167.54	50.19
167.59	49.49
167.65	45.11
167.71	44.84
167.76	43.95
167.82	39.73
167.88	39.47
167.93	46.91
167.99	45.96
168.05	47.81
168.10	55.26
168.16	54.80
168.21	53.54
168.27	58.15
168.33	59.82
168.38	52.84
168.44	57.82
168.50	55.76
168.55	54.29
168.61	55.14
168.67	57.09
168.72	53.76
168.78	54.23
168.84	49.74
168.89	48.28
168.95	49.09
169.01	48.76
169.06	48.24
169.12	47.69
169.18	45.93
169.23	46.16
169.29	50.16
169.34	54.34
169.40	56.61
169.46	60.90
169.51	62.88
169.57	58.77
169.63	54.61
169.68	60.14
169.74	56.95
169.80	62.71
169.85	64.01
169.91	68.35
169.97	64.25
170.02	63.74
170.08	62.67
170.13	62.94
170.19	62.73
170.25	64.20
170.30	68.63
170.36	60.09
170.42	62.21
170.47	63.22
170.53	64.70
170.59	61.52
170.64	65.52
170.70	63.91
170.76	60.86
170.81	62.40
170.87	61.61
170.92	62.31
170.98	65.46
171.04	68.27
171.09	64.26
171.15	72.20
171.21	72.84
171.26	69.77
171.32	67.04
171.37	70.28
171.43	64.71
171.49	69.27
171.54	72.35
171.60	73.87
171.66	75.84
171.71	75.94
171.77	73.79
171.83	79.44
171.88	78.72
171.94	78.55
171.99	83.31
172.05	82.24
172.11	82.84
172.16	91.52
172.22	91.93
172.28	91.72
172.33	89.76
172.39	86.98
172.44	83.56
172.50	88.52
172.56	88.09
172.61	96.28
172.67	96.17
172.72	96.19
172.78	91.36
172.84	86.61
172.89	80.04
172.95	79.37
173.01	80.15
173.06	78.84
173.12	84.63
173.17	85.93
173.23	85.03
173.29	85.22
173.34	86.81
173.40	81.00
173.46	81.22
173.51	84.13
173.57	84.43
173.62	78.74
173.68	85.30
173.74	84.18
173.79	85.24
173.85	82.16
173.90	85.26
173.96	81.66
174.02	79.16
174.07	71.26
174.13	70.53
174.18	72.44
174.24	65.76
174.30	65.73
174.35	70.93
174.41	67.96
174.47	62.06
174.52	63.56
174.58	62.78
174.63	58.47
174.69	57.76
174.75	59.75
174.80	70.51
174.86	68.36
174.91	69.50
174.97	69.19
175.03	66.36
175.08	54.01
175.14	60.20
175.19	56.21
175.25	56.39
175.31	61.07
175.36	62.56
175.42	59.76
175.47	64.37
175.53	64.90
175.59	61.20
175.64	63.03
175.70	61.03
175.75	56.34
175.81	54.94
175.87	55.96
175.92	52.22
175.98	54.14
176.03	54.16
176.09	54.71
176.15	54.78
176.20	56.02
176.26	55.21
176.31	58.82
176.37	56.16
176.42	57.42
176.48	60.39
176.54	58.45
176.59	55.09
176.65	58.07
176.70	59.30
176.76	58.99
176.82	56.51
176.87	53.87
176.93	53.26
176.98	52.08
177.04	46.87
177.10	52.27
177.15	53.95
177.21	54.57
177.26	53.22
177.32	57.01
177.37	58.29
177.43	61.62
177.49	58.54
177.54	56.09
177.60	56.25
177.65	56.98
177.71	51.87
177.77	54.73
177.82	56.38
177.88	60.51
177.93	55.69
177.99	61.88
178.04	57.55
178.10	58.08
178.16	51.47
178.21	52.46
178.27	49.32
178.32	53.53
178.38	52.53
178.43	53.83
178.49	54.01
178.55	53.58
178.60	52.54
178.66	52.00
178.71	53.58
178.77	51.36
178.82	51.97
178.88	51.30
178.94	51.75
178.99	52.82
179.05	56.80
179.10	53.10
179.16	56.55
179.21	58.77
179.27	57.57
179.33	53.64
179.38	57.70
179.44	55.51
179.49	55.37
179.55	53.74
179.60	53.81
179.66	52.55
179.72	54.97
179.77	52.31
179.83	51.11
179.88	52.75
179.94	54.03
179.99	50.09
180.05	51.20
180.11	52.41
180.16	54.89
180.22	57.30
180.27	62.44
180.33	62.97
180.38	67.22
180.44	62.80
180.49	62.06
180.55	59.67
180.61	63.65
180.66	57.84
180.72	56.39
180.77	54.93
180.83	54.49
180.88	51.56
180.94	51.44
180.99	54.87
181.05	54.72
181.11	55.85
181.16	56.02
181.22	57.57
181.27	60.03
181.33	58.97
181.38	55.97
181.44	57.04
181.49	61.36
181.55	61.86
181.61	68.38
181.66	71.35
181.72	69.23
181.77	66.72
181.83	64.37
181.88	68.95
181.94	70.50
181.99	75.90
182.05	76.59
182.11	77.31
182.16	68.28
182.22	66.07
182.27	61.16
182.33	63.21
182.38	63.52
182.44	68.58
182.49	71.16
182.55	73.22
182.60	73.01
182.66	75.93
182.72	78.24
182.77	80.26
182.83	83.68
182.88	86.92
182.94	87.84
182.99	84.83
183.05	83.37
183.10	85.58
183.16	84.66
183.21	86.26
183.27	94.01
183.32	98.64
183.38	102.39
183.44	109.58
183.49	114.85
183.55	116.61
183.60	122.84
183.66	129.10
183.71	138.78
183.77	147.36
183.82	156.89
183.88	168.77
183.93	180.66
183.99	194.61
184.04	210.68
184.10	223.93
184.15	236.39
184.21	249.64
184.27	251.44
184.32	252.23
184.38	249.19
184.43	245.13
184.49	228.53
184.54	210.96
184.60	201.09
184.65	187.20
184.71	176.81
184.76	178.55
184.82	196.09
184.87	213.44
184.93	239.42
184.98	268.50
185.04	300.55
185.09	325.95
185.15	352.60
185.20	385.61
185.26	420.38
185.31	449.38
185.37	477.88
185.43	498.59
185.48	517.98
185.54	539.51
185.59	565.15
185.65	591.12
185.70	632.36
185.76	678.63
185.81	714.28
185.87	751.54
185.92	796.57
185.98	832.33
186.03	848.72
186.09	851.83
186.14	826.55
186.20	770.65
186.25	683.56
186.31	595.58
186.36	527.13
186.42	496.70
186.47	507.28
186.53	554.58
186.58	624.82
186.64	700.20
186.69	774.27
186.75	835.89
186.80	896.18
186.86	955.16
186.91	1013.22
186.97	1067.06
187.02	1134.86
187.08	1198.46
187.13	1252.31
187.19	1309.71
187.24	1368.59
187.30	1407.31
187.35	1445.51
187.41	1496.91
187.47	1547.01
187.52	1591.27
187.58	1648.95
187.63	1725.17
187.69	1805.05
187.74	1874.00
187.80	1933.65
187.85	1982.80
187.91	2004.33
187.96	1988.71
188.02	1931.57
188.07	1833.51
188.13	1688.58
188.18	1533.73
188.24	1420.42
188.29	1367.50
188.35	1378.88
188.40	1461.73
188.46	1590.85
188.51	1716.83
188.57	1845.65
188.62	1972.09
188.67	2088.56
188.73	2196.82
188.78	2305.20
188.84	2409.95
188.89	2514.89
188.95	2618.99
189.00	2709.12
189.06	2805.30
189.11	2898.33
189.17	2981.99
189.22	3055.12
189.28	3143.92
189.33	3220.04
189.39	3285.46
189.44	3351.19
189.50	3427.67
189.55	3497.45
189.61	3550.85
189.66	3610.28
189.72	3665.33
189.77	3714.36
189.83	3741.64
189.88	3750.87
189.94	3717.68
189.99	3637.90
190.05	3480.29
190.10	3256.55
190.16	3000.34
190.21	2773.00
190.27	2623.95
190.32	2579.98
190.38	2637.69
190.43	2779.19
190.49	2947.19
190.54	3088.86
190.60	3213.45
190.65	3316.83
190.71	3406.21
190.76	3490.96
190.81	3582.22
190.87	3676.85
190.92	3798.60
190.98	3929.03
191.03	4068.99
191.09	4213.45
191.14	4340.06
191.20	4440.23
191.25	4544.47
191.31	4645.83
191.36	4751.93
191.42	4868.15
191.47	5004.23
191.53	5131.36
191.58	5236.98
191.64	5322.46
191.69	5397.87
191.75	5444.83
191.80	5480.50
191.85	5505.54
191.91	5526.38
191.96	5548.87
192.02	5577.23
192.07	5590.37
192.13	5585.71
192.18	5538.07
192.24	5422.19
192.29	5227.20
192.35	5003.77
192.40	4817.80
192.46	4711.90
192.51	4706.03
192.57	4801.62
192.62	4975.29
192.67	5161.68
192.73	5339.32
192.78	5505.35
192.84	5659.31
192.89	5796.05
192.95	5928.60
193.00	6044.69
193.06	6153.26
193.11	6257.02
193.17	6349.27
193.22	6435.50
193.28	6526.57
193.33	6603.76
193.38	6676.28
193.44	6746.83
193.49	6817.43
193.55	6873.20
193.60	6930.63
193.66	6985.68
193.71	7033.13
193.77	7058.29
193.82	7082.91
193.88	7101.18
193.93	7126.11
193.98	7152.54
194.04	7192.41
194.09	7239.21
194.15	7288.56
194.20	7328.60
194.26	7370.52
194.31	7411.63
194.37	7434.76
194.42	7444.81
194.47	7434.06
194.53	7388.13
194.58	7299.51
194.64	7188.38
194.69	7087.17
194.75	7017.49
194.80	7002.65
194.86	7042.48
194.91	7134.96
194.97	7241.98
195.02	7350.68
195.07	7454.88
195.13	7557.86
195.18	7662.98
195.24	7762.01
195.29	7861.26
195.35	7946.14
195.40	8031.51
195.46	8104.13
195.51	8188.91
195.56	8275.68
195.62	8365.99
195.67	8450.10
195.73	8530.68
195.78	8591.23
195.84	8633.89
195.89	8667.56
195.94	8698.45
196.00	8735.76
196.05	8778.55
196.11	8837.55
196.16	8898.53
196.22	8962.58
196.27	9023.65
196.32	9079.86
196.38	9127.12
196.43	9176.51
196.49	9215.68
196.54	9252.21
196.60	9295.78
196.65	9339.20
196.71	9381.82
196.76	9429.07
196.81	9468.89
196.87	9501.50
196.92	9531.68
196.98	9550.92
197.03	9560.87
197.09	9560.15
197.14	9554.18
197.19	9553.48
197.25	9569.21
197.30	9593.98
197.36	9647.83
197.41	9712.60
197.47	9773.78
197.52	9833.23
197.57	9900.13
197.63	9948.92
197.68	10000.65
197.74	10054.18
197.79	10101.26
197.84	10145.19
197.90	10192.55
197.95	10234.79
198.01	10276.98
198.06	10320.84
198.12	10367.05
198.17	10410.49
198.22	10454.61
198.28	10490.01
198.33	10528.26
198.39	10565.34
198.44	10610.67
198.49	10657.45
198.55	10707.67
198.60	10757.00
198.66	10801.34
198.71	10853.97
198.77	10897.69
198.82	10945.98
198.87	10993.94
198.93	11040.46
198.98	11081.59
199.04	11128.55
199.09	11174.81
199.14	11214.58
199.20	11259.38
199.25	11298.69
199.31	11339.90
199.36	11382.48
199.42	11428.52
199.47	11472.14
199.52	11515.17
199.58	11556.62
199.63	11587.06
199.69	11620.08
199.74	11652.21
199.79	11677.61
199.85	11706.49
199.90	11748.59
199.96	11783.42
200.01	11828.81
200.06	11880.26
200.12	11929.27
200.17	11977.83
200.23	12031.50
200.28	12073.09
200.33	12124.40
200.39	12168.45
200.44	12211.26
200.50	12255.97
200.55	12297.68
200.60	12337.19
200.66	12377.21
200.71	12411.38
200.77	12453.46
200.82	12494.51
200.87	12531.56
200.93	12570.31
200.98	12615.70
201.04	12652.91
201.09	12700.71
201.14	12752.35
201.20	12806.05
201.25	12860.93
201.31	12919.64
201.36	12973.01
201.41	13026.52
201.47	13083.45
201.52	13134.57
201.58	13188.41
201.63	13242.54
201.68	13292.26
201.74	13337.72
201.79	13388.36
201.84	13443.55
201.90	13492.75
201.95	13541.23
202.01	13597.91
202.06	13649.86
202.11	13688.38
202.17	13736.86
202.22	13785.98
202.28	13825.64
202.33	13863.04
202.38	13898.99
202.44	13938.07
202.49	13976.66
202.54	14022.90
202.60	14067.63
202.65	14120.63
202.71	14167.47
202.76	14214.33
202.81	14256.82
202.87	14309.94
202.92	14357.79
202.98	14412.70
203.03	14466.72
203.08	14521.68
203.14	14573.60
203.19	14627.50
203.24	14680.86
203.30	14732.69
203.35	14783.36
203.41	14829.65
203.46	14873.86
203.51	14915.26
203.57	14958.62
203.62	15005.45
203.67	15060.97
203.73	15107.12
203.78	15152.97
203.84	15200.72
203.89	15238.91
203.94	15268.38
204.00	15312.41
204.05	15352.87
204.10	15380.31
204.16	15407.09
204.21	15436.18
204.27	15442.98
204.32	15440.60
204.37	15432.79
204.43	15416.00
204.48	15387.69
204.53	15366.99
204.59	15377.71
204.64	15439.80
204.69	15541.42
204.75	15671.31
204.80	15821.71
204.86	15945.87
204.91	16028.26
204.96	16083.37
205.02	16113.77
205.07	16144.00
205.12	16197.17
205.18	16276.94
205.23	16374.12
205.28	16490.38
205.34	16603.10
205.39	16698.92
205.45	16781.34
205.50	16848.23
205.55	16910.81
205.61	16968.99
205.66	17028.79
205.71	17096.40
205.77	17159.86
205.82	17220.27
205.87	17279.51
205.93	17335.24
205.98	17374.61
206.03	17418.18
206.09	17466.04
206.14	17516.82
206.20	17569.80
206.25	17626.04
206.30	17690.26
206.36	17745.59
206.41	17805.83
206.46	17857.65
206.52	17904.96
206.57	17948.53
206.62	17993.46
206.68	18035.59
206.73	18084.74
206.78	18143.65
206.84	18202.34
206.89	18261.04
206.94	18321.83
207.00	18392.23
207.05	18458.12
207.11	18524.02
207.16	18583.40
207.21	18644.60
207.27	18695.36
207.32	18751.55
207.37	18813.90
207.43	18877.94
207.48	18934.12
207.53	18990.08
207.59	19043.74
207.64	19095.68
207.69	19164.10
207.75	19228.33
207.80	19288.90
207.85	19345.21
207.91	19401.27
207.96	19449.90
208.01	19511.42
208.07	19572.89
208.12	19639.52
208.17	19694.91
208.23	19749.15
208.28	19793.79
208.33	19850.32
208.39	19907.34
208.44	19979.24
208.49	20039.87
208.55	20101.61
208.60	20155.83
208.65	20205.91
208.71	20251.06
208.76	20304.46
208.81	20363.91
208.87	20426.62
208.92	20481.40
208.97	20542.61
209.03	20600.20
209.08	20663.92
209.13	20718.52
209.19	20786.12
209.24	20844.46
209.29	20913.39
209.35	20962.56
209.40	21025.13
209.45	21090.14
209.51	21154.50
209.56	21210.41
209.61	21278.36
209.67	21347.63
209.72	21409.30
209.77	21468.01
209.83	21534.17
209.88	21603.94
209.93	21668.52
209.99	21727.91
210.04	21795.61
210.09	21861.66
210.15	21923.95
210.20	21983.79
210.25	22051.14
210.31	22116.17
210.36	22167.04
210.41	22218.98
210.46	22271.75
210.52	22321.51
210.57	22368.50
210.62	22432.96
210.68	22498.57
210.73	22553.81
210.78	22619.11
210.84	22683.26
210.89	22743.74
210.94	22798.98
211.00	22863.47
211.05	22918.57
211.10	22977.14
211.16	23033.66
211.21	23092.39
211.26	23160.50
211.32	23227.66
211.37	23294.24
211.42	23362.10
211.47	23438.31
211.53	23504.90
211.58	23565.98
211.63	23626.87
211.69	23686.59
211.74	23733.86
211.79	23776.81
211.85	23835.51
211.90	23896.46
211.95	23959.11
212.01	24026.75
212.06	24107.76
212.11	24187.48
212.16	24269.29
212.22	24343.36
212.27	24414.44
212.32	24475.48
212.38	24540.51
212.43	24596.95
212.48	24659.44
212.54	24727.28
212.59	24801.69
212.64	24867.41
212.69	24931.38
212.75	24998.21
212.80	25067.80
212.85	25127.74
212.91	25179.81
212.96	25237.30
213.01	25300.93
213.07	25357.11
213.12	25425.50
213.17	25492.64
213.22	25559.48
213.28	25616.59
213.33	25669.19
213.38	25719.46
213.44	25770.76
213.49	25838.79
213.54	25913.72
213.60	25995.10
213.65	26075.14
213.70	26161.20
213.75	26225.94
213.81	26277.65
213.86	26330.04
213.91	26376.00
213.97	26416.61
214.02	26452.52
214.07	26489.98
214.12	26518.17
214.18	26549.56
214.23	26581.19
214.28	26615.15
214.34	26642.99
214.39	26663.81
214.44	26662.36
214.49	26634.70
214.55	26580.66
214.60	26500.08
214.65	26394.78
214.71	26299.71
214.76	26287.30
214.81	26367.82
214.86	26550.52
214.92	26792.15
214.97	27061.97
215.02	27271.43
215.08	27414.42
215.13	27495.60
215.18	27531.71
215.23	27539.06
215.29	27565.32
215.34	27634.88
215.39	27744.14
215.45	27902.99
215.50	28085.28
215.55	28266.41
215.60	28415.71
215.66	28515.06
215.71	28594.99
215.76	28671.18
215.81	28732.17
215.87	28784.82
215.92	28845.11
215.97	28900.37
216.03	28953.19
216.08	29011.80
216.13	29075.41
216.18	29137.66
216.24	29202.31
216.29	29261.92
216.34	29320.02
216.39	29382.92
216.45	29447.85
216.50	29507.17
216.55	29565.60
216.61	29634.82
216.66	29690.48
216.71	29750.35
216.76	29812.56
216.82	29894.33
216.87	29959.03
216.92	30035.57
216.97	30104.50
217.03	30181.01
217.08	30244.04
217.13	30325.04
217.18	30401.21
217.24	30475.02
217.29	30542.26
217.34	30593.51
217.39	30635.67
217.45	30681.86
217.50	30727.66
217.55	30784.01
217.61	30855.31
217.66	30920.21
217.71	30988.69
217.76	31073.39
217.82	31151.56
217.87	31222.27
217.92	31303.27
217.97	31374.13
218.03	31434.67
218.08	31480.31
218.13	31528.48
218.18	31574.75
218.24	31638.25
218.29	31691.35
218.34	31755.11
218.39	31826.88
218.45	31898.05
218.50	31952.57
218.55	32013.83
218.60	32076.69
218.66	32121.81
218.71	32179.28
218.76	32247.16
218.81	32319.92
218.87	32382.31
218.92	32457.72
218.97	32526.53
219.02	32588.19
219.08	32652.98
219.13	32724.45
219.18	32792.20
219.23	32855.51
219.29	32922.95
219.34	32982.64
219.39	33051.97
219.44	33113.53
219.50	33182.59
219.55	33247.42
219.60	33316.15
219.65	33381.82
219.71	33448.67
219.76	33497.68
219.81	33549.88
219.86	33606.08
219.92	33649.50
219.97	33706.23
220.02	33765.52
220.07	33825.85
220.13	33879.63
220.18	33950.05
220.23	34017.47
220.28	34095.71
220.33	34175.68
220.39	34244.35
220.44	34302.53
220.49	34360.65
220.54	34417.28
220.60	34467.29
220.65	34532.86
220.70	34597.66
220.75	34670.55
220.81	34742.32
220.86	34820.40
220.91	34885.30
220.96	34958.28
221.02	35021.19
221.07	35090.81
221.12	35148.52
221.17	35208.82
221.22	35263.25
221.28	35326.35
221.33	35384.26
221.38	35446.74
221.43	35518.32
221.49	35587.25
221.54	35651.07
221.59	35714.61
221.64	35793.71
221.69	35880.11
221.75	35980.17
221.80	36071.72
221.85	36150.71
221.90	36217.95
221.96	36278.30
222.01	36306.80
222.06	36345.82
222.11	36391.49
222.17	36432.68
222.22	36455.97
222.27	36514.44
222.32	36564.86
222.37	36617.09
222.43	36682.92
222.48	36749.82
222.53	36817.36
222.58	36895.90
222.63	36971.14
222.69	37035.73
222.74	37115.21
222.79	37179.22
222.84	37226.81
222.90	37277.55
222.95	37326.30
223.00	37367.55
223.05	37418.11
223.10	37476.06
223.16	37537.29
223.21	37587.46
223.26	37642.12
223.31	37684.08
223.36	37727.48
223.42	37766.01
223.47	37800.61
223.52	37841.70
223.57	37887.21
223.63	37937.50
223.68	37987.20
223.73	38062.87
223.78	38143.06
223.83	38215.18
223.89	38274.91
223.94	38346.56
223.99	38413.43
224.04	38477.81
224.09	38551.29
224.15	38639.95
224.20	38716.03
224.25	38801.56
224.30	38882.54
224.35	38973.60
224.41	39070.77
224.46	39172.08
224.51	39251.40
224.56	39336.28
224.61	39408.69
224.67	39482.26
224.72	39551.12
224.77	39652.15
224.82	39750.35
224.87	39840.39
224.93	39915.14
224.98	40013.29
225.03	40094.00
225.08	40166.25
225.13	40248.52
225.19	40342.33
225.24	40422.25
225.29	40483.95
225.34	40559.03
225.39	40634.65
225.45	40709.19
225.50	40772.96
225.55	40847.51
225.60	40912.86
225.65	40978.04
225.71	41039.79
225.76	41090.45
225.81	41131.76
225.86	41166.97
225.91	41190.65
225.97	41179.16
226.02	41159.66
226.07	41116.53
226.12	41097.41
226.17	41128.82
226.22	41231.32
226.28	41402.04
226.33	41640.82
226.38	41862.96
226.43	42046.91
226.48	42174.19
226.54	42255.39
226.59	42305.62
226.64	42343.80
226.69	42355.01
226.74	42388.05
226.80	42450.37
226.85	42531.96
226.90	42641.63
226.95	42791.37
227.00	42946.61
227.05	43089.54
227.11	43213.33
227.16	43323.08
227.21	43418.17
227.26	43505.88
227.31	43573.47
227.37	43637.16
227.42	43709.76
227.47	43789.01
227.52	43864.28
227.57	43931.73
227.62	44016.83
227.68	44084.50
227.73	44155.62
227.78	44233.21
227.83	44320.27
227.88	44390.50
227.93	44475.91
227.99	44555.60
228.04	44629.45
228.09	44713.77
228.14	44787.81
228.19	44857.42
228.24	44919.51
228.30	44985.99
228.35	45046.20
228.40	45111.83
228.45	45178.96
228.50	45257.10
228.56	45323.05
228.61	45382.93
228.66	45443.84
228.71	45496.02
228.76	45539.66
228.81	45581.58
228.87	45623.44
228.92	45689.30
228.97	45748.08
229.02	45837.35
229.07	45922.62
229.12	46015.88
229.17	46083.31
229.23	46169.48
229.28	46235.08
229.33	46313.04
229.38	46384.51
229.43	46454.88
229.48	46528.73
229.54	46602.10
229.59	46665.30
229.64	46735.83
229.69	46820.50
229.74	46910.01
229.79	46971.27
229.85	47044.77
229.90	47114.40
229.95	47178.61
230.00	47235.04
230.05	47325.54
230.10	47395.64
230.16	47467.31
230.21	47535.18
230.26	47587.99
230.31	47620.02
230.36	47685.09
230.41	47748.42
230.46	47824.21
230.52	47920.81
230.57	48013.98
230.62	48100.27
230.67	48166.85
230.72	48229.65
230.77	48262.63
230.82	48309.42
230.88	48332.43
230.93	48376.93
230.98	48414.33
231.03	48475.51
231.08	48526.83
231.13	48586.34
231.19	48655.80
231.24	48725.25
231.29	48799.54
231.34	48872.48
231.39	48948.26
231.44	49020.97
231.49	49079.24
231.55	49121.72
231.60	49168.26
231.65	49226.07
231.70	49270.51
231.75	49324.59
231.80	49379.12
231.85	49435.62
231.91	49475.31
231.96	49517.02
232.01	49574.07
232.06	49632.90
232.11	49691.59
232.16	49768.15
232.21	49854.90
232.26	49945.12
232.32	50033.72
232.37	50117.51
232.42	50181.02
232.47	50234.26
232.52	50276.56
232.57	50327.96
232.62	50375.82
232.68	50437.24
232.73	50508.25
232.78	50583.26
232.83	50652.85
232.88	50729.76
232.93	50806.53
232.98	50868.39
233.03	50918.58
233.09	50983.50
233.14	51055.99
233.19	51114.47
233.24	51173.51
233.29	51229.74
233.34	51258.25
233.39	51272.90
233.45	51303.26
233.50	51347.06
233.55	51392.31
233.60	51463.69
233.65	51531.78
233.70	51593.98
233.75	51640.94
233.80	51696.60
233.86	51745.98
233.91	51790.61
233.96	51839.48
234.01	51902.78
234.06	51957.06
234.11	52011.31
234.16	52074.80
234.21	52136.87
234.26	52173.06
234.32	52210.87
234.37	52251.45
234.42	52283.31
234.47	52302.60
234.52	52337.36
234.57	52378.32
234.62	52416.14
234.67	52465.58
234.73	52522.86
234.78	52577.31
234.83	52619.66
234.88	52666.85
234.93	52703.28
234.98	52742.86
235.03	52794.18
235.08	52858.85
235.13	52913.56
235.19	52985.86
235.24	53048.75
235.29	53113.23
235.34	53160.61
235.39	53195.14
235.44	53222.85
235.49	53255.41
235.54	53279.08
235.59	53306.51
235.65	53340.71
235.70	53376.41
235.75	53415.30
235.80	53468.41
235.85	53518.13
235.90	53561.99
235.95	53599.84
236.00	53628.64
236.05	53643.93
236.11	53664.33
236.16	53701.54
236.21	53739.02
236.26	53781.86
236.31	53812.73
236.36	53847.80
236.41	53867.08
236.46	53873.34
236.51	53888.43
236.56	53913.45
236.62	53939.47
236.67	53972.70
236.72	54018.44
236.77	54050.03
236.82	54091.70
236.87	54113.25
236.92	54126.42
236.97	54161.30
237.02	54205.27
237.07	54255.57
237.13	54326.25
237.18	54388.45
237.23	54430.65
237.28	54469.48
237.33	54500.67
237.38	54513.35
237.43	54535.72
237.48	54549.54
237.53	54570.85
237.58	54594.52
237.63	54641.34
237.69	54688.97
237.74	54738.02
237.79	54770.19
237.84	54781.07
237.89	54780.54
237.94	54788.55
237.99	54799.95
238.04	54822.85
238.09	54851.93
238.14	54879.59
238.19	54897.57
238.25	54923.46
238.30	54921.24
238.35	54919.80
238.40	54921.11
238.45	54930.82
238.50	54937.27
238.55	54952.92
238.60	54986.21
238.65	55013.57
238.70	55030.40
238.75	55042.21
238.80	55074.22
238.86	55083.40
238.91	55098.06
238.96	55123.16
239.01	55155.78
239.06	55179.91
239.11	55201.69
239.16	55223.77
239.21	55228.11
239.26	55223.11
239.31	55225.81
239.36	55236.24
239.41	55248.60
239.46	55273.75
239.52	55301.76
239.57	55321.07
239.62	55343.01
239.67	55371.00
239.72	55394.07
239.77	55410.16
239.82	55429.10
239.87	55445.69
239.92	55445.09
239.97	55447.40
240.02	55432.54
240.07	55419.46
240.12	55419.34
240.17	55424.89
240.23	55417.95
240.28	55426.47
240.33	55438.12
240.38	55426.07
240.43	55424.03
240.48	55443.04
240.53	55459.70
240.58	55484.52
240.63	55529.37
240.68	55540.22
240.73	55535.06
240.78	55534.04
240.83	55528.48
240.88	55498.31
240.93	55492.45
240.98	55486.39
241.04	55504.95
241.09	55522.60
241.14	55542.58
241.19	55581.88
241.24	55618.34
241.29	55638.58
241.34	55647.99
241.39	55665.91
241.44	55667.79
241.49	55667.27
241.54	55662.23
241.59	55659.04
241.64	55663.94
241.69	55651.30
241.74	55640.21
241.79	55631.93
241.84	55616.38
241.90	55592.48
241.95	55571.28
242.00	55547.38
242.05	55522.38
242.10	55504.48
242.15	55486.13
242.20	55475.74
242.25	55476.67
242.30	55468.80
242.35	55469.03
242.40	55469.85
242.45	55462.91
242.50	55458.01
242.55	55458.27
242.60	55458.69
242.65	55455.78
242.70	55471.65
242.75	55492.58
242.80	55533.24
242.85	55569.64
242.91	55586.12
242.96	55580.95
243.01	55565.38
243.06	55542.14
243.11	55504.46
243.16	55484.06
243.21	55482.53
243.26	55480.76
243.31	55484.00
243.36	55495.10
243.41	55506.28
243.46	55499.77
243.51	55475.09
243.56	55420.33
243.61	55357.86
243.66	55316.59
243.71	55287.33
243.76	55281.36
243.81	55294.96
243.86	55302.79
243.91	55303.13
243.96	55288.20
244.01	55263.65
244.06	55234.04
244.12	55232.52
244.17	55225.41
244.22	55237.09
244.27	55275.57
244.32	55310.15
244.37	55319.87
244.42	55317.64
244.47	55318.48
244.52	55285.46
244.57	55257.11
244.62	55231.58
244.67	55216.37
244.72	55186.12
244.77	55180.76
244.82	55190.06
244.87	55218.59
244.92	55238.97
244.97	55256.07
245.02	55249.90
245.07	55228.53
245.12	55209.26
245.17	55194.80
245.22	55199.65
245.27	55191.23
245.32	55165.27
245.37	55117.00
245.42	55068.33
245.47	55017.68
245.52	54980.48
245.57	54962.31
245.62	54948.52
245.67	54940.90
245.72	54924.21
245.77	54904.24
245.82	54893.26
245.87	54895.85
245.92	54899.58
245.98	54896.30
246.03	54902.72
246.08	54906.54
246.13	54900.78
246.18	54900.15
246.23	54899.16
246.28	54883.83
246.33	54870.38
246.38	54846.60
246.43	54811.38
246.48	54794.10
246.53	54806.41
246.58	54808.79
246.63	54812.74
246.68	54810.34
246.73	54790.13
246.78	54746.74
246.83	54695.00
246.88	54643.82
246.93	54592.20
246.98	54542.54
247.03	54511.32
247.08	54496.13
247.13	54485.27
247.18	54487.14
247.23	54513.16
247.28	54518.14
247.33	54504.47
247.38	54490.91
247.43	54479.71
247.48	54453.60
247.53	54429.73
247.58	54391.14
247.63	54362.28
247.68	54313.66
247.73	54255.89
247.78	54215.02
247.83	54191.58
247.88	54155.51
247.93	54145.72
247.98	54146.51
248.03	54150.64
248.08	54161.96
248.13	54173.76
248.18	54164.15
248.23	54163.74
248.28	54132.46
248.33	54093.48
248.38	54056.92
248.43	54028.02
248.48	53997.48
248.53	53975.57
248.58	53964.33
248.63	53958.07
248.68	53944.45
248.73	53920.10
248.78	53891.46
248.83	53837.92
248.88	53768.52
248.93	53693.84
248.98	53614.15
249.03	53569.02
249.08	53544.19
249.13	53538.48
249.18	53536.71
249.23	53553.29
249.28	53546.67
249.33	53536.19
249.38	53518.18
249.43	53503.08
249.48	53481.14
249.53	53467.67
249.58	53450.67
249.63	53435.30
249.68	53422.21
249.73	53399.68
249.78	53372.83
249.83	53366.36
249.88	53341.46
249.93	53328.97
249.98	53321.16
250.03	53324.82
250.08	53299.01
250.13	53284.75
250.18	53253.51
250.23	53203.91
250.28	53144.52
250.33	53084.42
250.37	53044.36
250.42	53008.13
250.47	52983.85
250.52	52971.72
250.57	52964.00
250.62	52935.05
250.67	52905.17
250.72	52885.07
250.77	52839.10
250.82	52814.07
250.87	52807.57
250.92	52796.60
250.97	52775.66
251.02	52774.93
251.07	52775.56
251.12	52751.48
251.17	52725.47
251.22	52702.34
251.27	52662.73
251.32	52606.24
251.37	52554.74
251.42	52499.10
251.47	52453.58
251.52	52432.36
251.57	52414.03
251.62	52400.66
251.67	52397.12
251.72	52384.86
251.77	52348.33
251.82	52313.76
251.87	52271.32
251.92	52223.51
251.97	52164.24
252.02	52119.97
252.07	52084.74
252.12	52071.89
252.16	52057.48
252.21	52059.66
252.26	52062.88
252.31	52065.04
252.36	52050.57
252.41	52027.20
252.46	51999.20
252.51	51965.46
252.56	51933.93
252.61	51909.26
252.66	51889.29
252.71	51862.79
252.76	51838.71
252.81	51795.47
252.86	51732.47
252.91	51694.04
252.96	51633.90
253.01	51563.61
253.06	51500.30
253.11	51459.61
253.16	51405.57
253.21	51356.44
253.26	51312.30
253.31	51275.70
253.36	51251.26
253.40	51225.72
253.45	51225.10
253.50	51199.56
253.55	51167.49
253.60	51122.25
253.65	51082.95
253.70	51043.89
253.75	51027.64
253.80	51010.59
253.85	51000.31
253.90	50995.91
253.95	50980.63
254.00	50973.10
254.05	50965.77
254.10	50933.22
254.15	50894.70
254.20	50869.15
254.25	50831.18
254.30	50798.08
254.35	50759.10
254.39	50698.56
254.44	50615.75
254.49	50543.29
254.54	50513.58
254.59	50479.48
254.64	50469.61
254.69	50469.31
254.74	50470.60
254.79	50431.40
254.84	50399.67
254.89	50373.28
254.94	50361.72
254.99	50348.47
255.04	50330.76
255.09	50327.04
255.14	50308.78
255.19	50291.64
255.23	50283.95
255.28	50270.61
255.33	50259.56
255.38	50253.92
255.43	50239.06
255.48	50201.94
255.53	50166.08
255.58	50134.48
255.63	50093.32
255.68	50041.21
255.73	49996.88
255.78	49962.33
255.83	49928.63
255.88	49909.22
255.93	49885.51
255.97	49867.66
256.02	49841.32
256.07	49802.88
256.12	49732.07
256.17	49680.20
256.22	49618.70
256.27	49557.39
256.32	49512.61
256.37	49497.99
256.42	49476.55
256.47	49457.65
256.52	49445.12
256.57	49417.61
256.62	49389.07
256.66	49376.43
256.71	49344.86
256.76	49296.37
256.81	49250.43
256.86	49204.37
256.91	49151.12
256.96	49108.62
257.01	49080.06
257.06	49059.57
257.11	49024.35
257.16	48971.41
257.21	48937.23
257.26	48901.70
257.30	48862.44
257.35	48824.76
257.40	48802.14
257.45	48782.87
257.50	48752.51
257.55	48712.69
257.60	48690.69
257.65	48671.43
257.70	48635.49
257.75	48605.19
257.80	48581.41
257.85	48544.59
257.89	48494.70
257.94	48431.11
257.99	48369.83
258.04	48319.69
258.09	48273.22
258.14	48240.63
258.19	48227.33
258.24	48206.65
258.29	48167.20
258.34	48126.26
258.39	48090.18
258.44	48032.32
258.48	47981.21
258.53	47940.15
258.58	47905.58
258.63	47851.14
258.68	47808.78
258.73	47772.21
258.78	47737.40
258.83	47697.54
258.88	47663.25
258.93	47635.31
258.97	47607.70
259.02	47570.54
259.07	47539.84
259.12	47518.52
259.17	47496.86
259.22	47473.72
259.27	47457.49
259.32	47439.26
259.37	47399.22
259.42	47361.41
259.47	47317.95
259.51	47271.45
259.56	47205.48
259.61	47134.90
259.66	47059.52
259.71	46981.62
259.76	46913.42
259.81	46851.86
259.86	46813.38
259.91	46771.03
259.95	46750.79
260.00	46729.62
260.05	46713.22
260.10	46692.43
260.15	46684.40
260.20	46663.20
260.25	46651.22
260.30	46640.41
260.35	46618.87
260.40	46587.43
260.44	46568.34
260.49	46540.12
260.54	46502.35
260.59	46479.80
260.64	46479.62
260.69	46473.37
260.74	46437.83
260.79	46404.51
260.84	46358.42
260.88	46291.57
260.93	46210.36
260.98	46170.50
261.03	46131.07
261.08	46098.63
261.13	46063.54
261.18	46029.22
261.23	45972.64
261.28	45931.20
261.32	45887.26
261.37	45839.49
261.42	45804.44
261.47	45785.26
261.52	45739.58
261.57	45700.51
261.62	45662.77
261.67	45618.06
261.71	45547.53
261.76	45502.41
261.81	45449.30
261.86	45401.62
261.91	45354.68
261.96	45320.92
262.01	45280.11
262.06	45254.06
262.10	45229.86
262.15	45205.53
262.20	45191.68
262.25	45178.59
262.30	45152.60
262.35	45125.48
262.40	45101.51
262.45	45068.20
262.49	45040.83
262.54	45011.42
262.59	44985.81
262.64	44961.84
262.69	44927.31
262.74	44878.45
262.79	44823.93
262.84	44773.68
262.88	44718.75
262.93	44662.97
262.98	44626.14
263.03	44592.64
263.08	44541.25
263.13	44472.88
263.18	44413.25
263.23	44340.59
263.27	44289.32
263.32	44254.77
263.37	44239.33
263.42	44222.57
263.47	44210.44
263.52	44180.94
263.57	44148.16
263.61	44109.40
263.66	44070.08
263.71	44029.87
263.76	43990.94
263.81	43941.02
263.86	43903.76
263.91	43861.21
263.95	43799.57
264.00	43742.34
264.05	43699.23
264.10	43631.21
264.15	43565.74
264.20	43526.82
264.25	43484.86
264.29	43440.81
264.34	43392.99
264.39	43359.29
264.44	43307.60
264.49	43261.57
264.54	43215.26
264.59	43187.07
264.63	43143.10
264.68	43096.07
264.73	43039.93
264.78	42994.18
264.83	42937.73
264.88	42895.09
264.93	42869.49
264.97	42851.99
265.02	42827.42
265.07	42805.26
265.12	42766.46
265.17	42718.03
265.22	42671.85
265.27	42612.93
265.31	42548.59
265.36	42487.03
265.41	42426.50
265.46	42358.13
265.51	42293.50
265.56	42234.75
265.60	42186.15
265.65	42131.48
265.70	42084.37
265.75	42027.66
265.80	41978.18
265.85	41911.76
265.90	41859.48
265.94	41803.98
265.99	41741.50
266.04	41686.66
266.09	41647.49
266.14	41609.78
266.19	41573.24
266.23	41547.68
266.28	41500.10
266.33	41465.98
266.38	41438.99
266.43	41410.59
266.48	41387.25
266.52	41371.69
266.57	41335.38
266.62	41286.74
266.67	41231.44
266.72	41180.45
266.77	41149.81
266.81	41125.04
266.86	41095.88
266.91	41069.86
266.96	41029.44
267.01	40987.93
267.06	40937.85
267.10	40885.58
267.15	40829.99
267.20	40798.10
267.25	40757.34
267.30	40724.64
267.35	40692.08
267.39	40662.75
267.44	40626.44
267.49	40581.23
267.54	40531.26
267.59	40484.87
267.64	40431.99
267.68	40372.60
267.73	40320.26
267.78	40271.18
267.83	40239.56
267.88	40228.53
267.93	40218.87
267.97	40206.91
268.02	40178.68
268.07	40137.46
268.12	40075.31
268.17	40006.63
268.21	39955.37
268.26	39903.97
268.31	39855.07
268.36	39811.18
268.41	39769.37
268.46	39718.48
268.50	39681.16
268.55	39636.99
268.60	39574.65
268.65	39513.11
268.70	39438.72
268.74	39371.24
268.79	39290.91
268.84	39244.90
268.89	39204.42
268.94	39174.28
268.99	39134.51
269.03	39104.73
269.08	39057.40
269.13	38984.26
269.18	38901.74
269.23	38807.37
269.27	38699.89
269.32	38569.39
269.37	38448.16
269.42	38309.36
269.47	38180.96
269.51	38043.87
269.56	37907.14
269.61	37767.82
269.66	37625.74
269.71	37462.22
269.76	37308.15
269.80	37160.52
269.85	37008.08
269.90	36865.40
269.95	36718.88
270.00	36563.21
270.04	36416.91
270.09	36273.23
270.14	36133.89
270.19	35994.61
270.24	35865.50
270.28	35705.43
270.33	35539.54
270.38	35351.56
270.43	35175.67
270.48	34992.26
270.52	34840.97
270.57	34681.59
270.62	34525.99
270.67	34375.79
270.72	34218.81
270.76	34038.01
270.81	33864.22
270.86	33698.31
270.91	33519.97
270.96	33352.91
271.00	33197.20
271.05	33042.25
271.10	32896.79
271.15	32767.71
271.20	32641.98
271.24	32500.90
271.29	32366.50
271.34	32221.11
271.39	32068.72
271.44	31916.13
271.48	31780.84
271.53	31638.93
271.58	31496.42
271.63	31346.25
271.67	31199.37
271.72	31053.79
271.77	30911.63
271.82	30770.47
271.87	30635.29
271.91	30482.49
271.96	30334.40
272.01	30190.88
272.06	30056.39
272.11	29935.72
272.15	29825.40
272.20	29719.11
272.25	29622.07
272.30	29525.99
272.35	29420.49
272.39	29311.50
272.44	29195.97
272.49	29057.21
272.54	28917.24
272.58	28766.92
272.63	28619.41
272.68	28463.85
272.73	28307.06
272.78	28134.73
272.82	27938.50
272.87	27718.42
272.92	27439.47
272.97	26915.09
273.01	23947.67
273.06	18987.90
273.11	13522.22
273.16	8152.49
273.21	3067.97
273.25	463.09
273.30	-88.37
273.35	-89.03
