165.32	3374.42
165.38	-246.23
165.44	595.59
165.50	-77.28
165.55	-20.53
165.61	0.13
165.67	26.52
165.72	33.99
165.78	38.46
165.84	37.44
165.89	35.03
165.95	33.54
166.01	33.13
166.06	35.14
166.12	37.32
166.18	35.12
166.23	36.73
166.29	35.83
166.35	32.56
166.40	31.80
166.46	38.29
166.52	41.28
166.57	42.40
166.63	42.87
166.69	45.40
166.74	39.64
166.80	39.72
166.86	41.52
166.91	42.23
166.97	36.62
167.03	39.17
167.08	33.58
167.14	33.05
167.20	31.18
167.25	43.21
167.31	43.30
167.37	48.58
167.42	50.12
167.48	56.06
167.54	51.17
167.59	50.57
167.65	46.31
167.71	46.66
167.76	45.49
167.82	40.77
167.88	40.31
167.93	47.88
167.99	45.88
168.05	47.91
168.10	55.69
168.16	55.30
168.21	53.30
168.27	58.10
168.33	60.01
168.38	52.77
168.44	57.85
168.50	56.78
168.55	54.89
168.61	55.40
168.67	57.14
168.72	54.02
168.78	53.90
168.84	50.17
168.89	48.90
168.95	49.99
169.01	49.76
169.06	49.41
169.12	48.79
169.18	46.78
169.23	46.59
169.29	50.79
169.34	55.38
169.40	57.93
169.46	62.10
169.51	64.00
169.57	59.69
169.63	55.18
169.68	60.28
169.74	57.00
169.80	62.98
169.85	64.10
169.91	68.16
169.97	64.21
170.02	64.08
170.08	62.50
170.13	62.78
170.19	62.63
170.25	64.26
170.30	68.70
170.36	60.55
170.42	62.54
170.47	63.21
170.53	64.82
170.59	61.40
170.64	65.16
170.70	63.59
170.76	61.45
170.81	62.83
170.87	62.60
170.92	63.60
170.98	66.42
171.04	68.91
171.09	64.77
171.15	71.93
171.21	72.53
171.26	69.42
171.32	66.94
171.37	70.53
171.43	65.13
171.49	69.77
171.54	73.54
171.60	75.14
171.66	76.72
171.71	76.93
171.77	74.79
171.83	80.12
171.88	79.32
171.94	78.85
171.99	83.56
172.05	82.56
172.11	83.69
172.16	92.24
172.22	92.92
172.28	93.42
172.33	91.29
172.39	88.24
172.44	84.50
172.50	89.44
172.56	88.58
172.61	97.04
172.67	96.52
172.72	96.29
172.78	91.88
172.84	87.07
172.89	80.10
172.95	79.36
173.01	80.69
173.06	79.00
173.12	84.44
173.17	86.15
173.23	86.01
173.29	86.23
173.34	87.88
173.40	82.57
173.46	82.58
173.51	84.78
173.57	84.52
173.62	79.22
173.68	85.93
173.74	85.17
173.79	87.11
173.85	84.15
173.90	86.61
173.96	82.94
174.02	79.96
174.07	71.44
174.13	71.04
174.18	73.70
174.24	67.13
174.30	67.65
174.35	72.81
174.41	69.94
174.47	63.75
174.52	64.96
174.58	64.10
174.63	59.88
174.69	58.65
174.75	60.13
174.80	71.04
174.86	68.34
174.91	69.28
174.97	68.82
175.03	66.28
175.08	53.84
175.14	60.80
175.19	56.51
175.25	57.32
175.31	61.92
175.36	63.48
175.42	60.43
175.47	65.31
175.53	65.61
175.59	61.88
175.64	63.64
175.70	61.83
175.75	57.35
175.81	56.04
175.87	57.21
175.92	53.30
175.98	54.17
176.03	54.10
176.09	54.12
176.15	53.75
176.20	54.71
176.26	54.54
176.31	58.25
176.37	56.08
176.42	57.53
176.48	61.16
176.54	58.83
176.59	55.52
176.65	58.12
176.70	59.53
176.76	59.14
176.82	57.55
176.87	54.71
176.93	54.80
176.98	53.02
177.04	47.55
177.10	51.99
177.15	53.48
177.21	54.37
177.26	53.65
177.32	57.41
177.37	59.46
177.43	63.15
177.49	59.68
177.54	56.91
177.60	57.67
177.65	58.08
177.71	52.51
177.77	55.62
177.82	57.23
177.88	60.80
177.93	56.17
177.99	62.17
178.04	57.44
178.10	57.91
178.16	51.30
178.21	52.19
178.27	50.09
178.32	53.97
178.38	53.22
178.43	55.23
178.49	55.12
178.55	53.92
178.60	52.89
178.66	51.88
178.71	53.11
178.77	51.05
178.82	52.18
178.88	51.97
178.94	52.44
178.99	53.03
179.05	57.18
179.10	53.35
179.16	56.51
179.21	59.28
179.27	58.37
179.33	54.36
179.38	58.11
179.44	55.88
179.49	55.80
179.55	54.23
179.60	54.35
179.66	53.28
179.72	55.92
179.77	53.50
179.83	51.88
179.88	53.59
179.94	55.03
179.99	51.04
180.05	51.42
180.11	52.58
180.16	54.72
180.22	56.96
180.27	61.92
180.33	62.73
180.38	66.67
180.44	62.18
180.49	61.76
180.55	59.54
180.61	63.69
180.66	58.73
180.72	57.32
180.77	55.81
180.83	55.44
180.88	52.55
180.94	52.28
180.99	56.01
181.05	55.99
181.11	57.05
181.16	56.76
181.22	58.13
181.27	60.69
181.33	59.58
181.38	56.79
181.44	58.57
181.49	63.40
181.55	63.93
181.61	69.70
181.66	72.45
181.72	70.03
181.77	67.24
181.83	64.63
181.88	69.65
181.94	71.26
181.99	76.57
182.05	77.17
182.11	78.37
182.16	69.68
182.22	68.11
182.27	63.75
182.33	66.03
182.38	65.65
182.44	70.32
182.49	72.33
182.55	74.68
182.60	74.09
182.66	77.11
182.72	79.30
182.77	81.07
182.83	83.76
182.88	87.12
182.94	88.42
182.99	86.08
183.05	85.25
183.10	87.61
183.16	87.32
183.21	89.26
183.27	97.35
183.32	102.34
183.38	107.00
183.44	115.54
183.49	121.94
183.55	124.73
183.60	132.88
183.66	139.99
183.71	150.82
183.77	160.46
183.82	171.90
183.88	183.92
183.93	197.81
183.99	212.42
184.04	229.41
184.10	242.67
184.15	255.70
184.21	269.43
184.27	271.14
184.32	271.87
184.38	268.44
184.43	262.73
184.49	243.21
184.54	222.94
184.60	210.57
184.65	194.18
184.71	182.96
184.76	184.06
184.82	202.56
184.87	221.13
184.93	249.58
184.98	280.41
185.04	315.25
185.09	342.57
185.15	371.37
185.20	404.87
185.26	440.85
185.31	470.22
185.37	500.21
185.43	521.15
185.48	541.77
185.54	565.43
185.59	593.05
185.65	619.44
185.70	662.47
185.76	708.95
185.81	745.13
185.87	783.40
185.92	829.52
185.98	866.37
186.03	883.85
186.09	884.09
186.14	856.87
186.20	797.62
186.25	705.19
186.31	613.07
186.36	542.39
186.42	510.01
186.47	520.10
186.53	569.27
186.58	641.97
186.64	720.22
186.69	794.94
186.75	856.27
186.80	914.56
186.86	969.95
186.91	1025.37
186.97	1075.43
187.02	1138.20
187.08	1193.88
187.13	1238.12
187.19	1281.14
187.24	1320.12
187.30	1335.98
187.35	1350.29
187.41	1375.22
187.47	1400.37
187.52	1432.08
187.58	1487.15
187.63	1570.78
187.69	1666.37
187.74	1753.92
187.80	1826.82
187.85	1881.43
187.91	1903.03
187.96	1890.20
188.02	1840.32
188.07	1759.22
188.13	1635.12
188.18	1503.64
188.24	1409.25
188.29	1371.52
188.35	1389.66
188.40	1475.05
188.46	1605.49
188.51	1734.58
188.57	1865.32
188.62	1992.48
188.67	2112.64
188.73	2224.08
188.78	2330.87
188.84	2434.78
188.89	2542.42
188.95	2648.94
189.00	2741.83
189.06	2841.03
189.11	2935.16
189.17	3016.84
189.22	3090.04
189.28	3177.94
189.33	3253.80
189.39	3319.38
189.44	3384.18
189.50	3460.51
189.55	3526.72
189.61	3580.55
189.66	3636.07
189.72	3693.72
189.77	3741.08
189.83	3767.60
189.88	3773.06
189.94	3737.32
189.99	3649.40
190.05	3485.13
190.10	3254.46
190.16	2989.69
190.21	2757.47
190.27	2597.56
190.32	2538.16
190.38	2579.40
190.43	2697.47
190.49	2833.34
190.54	2937.77
190.60	3020.17
190.65	3075.50
190.71	3111.06
190.76	3145.07
190.81	3195.24
190.87	3267.85
190.92	3388.46
190.98	3545.21
191.03	3718.67
191.09	3898.71
191.14	4047.22
191.20	4159.57
191.25	4260.42
191.31	4370.19
191.36	4501.03
191.42	4663.82
191.47	4848.45
191.53	5035.54
191.58	5191.62
191.64	5309.43
191.69	5400.37
191.75	5457.19
191.80	5493.86
191.85	5518.89
191.91	5542.42
191.96	5566.52
192.02	5600.80
192.07	5616.35
192.13	5614.37
192.18	5566.06
192.24	5447.01
192.29	5249.42
192.35	5023.74
192.40	4836.17
192.46	4728.57
192.51	4723.97
192.57	4821.82
192.62	4999.52
192.67	5187.15
192.73	5367.17
192.78	5535.21
192.84	5686.75
192.89	5826.76
192.95	5956.68
193.00	6071.29
193.06	6182.08
193.11	6291.39
193.17	6380.80
193.22	6466.95
193.28	6560.30
193.33	6631.90
193.38	6699.60
193.44	6771.77
193.49	6844.93
193.55	6901.09
193.60	6962.50
193.66	7013.77
193.71	7058.95
193.77	7084.43
193.82	7105.98
193.88	7121.45
193.93	7150.72
193.98	7176.87
194.04	7215.69
194.09	7261.23
194.15	7316.38
194.20	7356.70
194.26	7399.06
194.31	7439.02
194.37	7463.50
194.42	7469.34
194.47	7454.87
194.53	7403.68
194.58	7308.63
194.64	7193.91
194.69	7091.16
194.75	7021.65
194.80	7004.83
194.86	7044.88
194.91	7134.62
194.97	7234.85
195.02	7340.84
195.07	7442.64
195.13	7535.51
195.18	7632.10
195.24	7716.95
195.29	7793.29
195.35	7849.74
195.40	7912.37
195.46	7960.73
195.51	8038.69
195.56	8126.80
195.62	8237.39
195.67	8341.90
195.73	8449.48
195.78	8520.30
195.84	8569.41
195.89	8595.83
195.94	8626.32
196.00	8665.41
196.05	8718.31
196.11	8796.77
196.16	8878.85
196.22	8959.81
196.27	9031.71
196.32	9099.11
196.38	9149.86
196.43	9200.81
196.49	9239.63
196.54	9279.06
196.60	9322.91
196.65	9365.62
196.71	9410.89
196.76	9462.37
196.81	9501.01
196.87	9531.05
196.92	9560.51
196.98	9578.06
197.03	9587.61
197.09	9581.78
197.14	9574.13
197.19	9573.71
197.25	9585.64
197.30	9609.95
197.36	9663.05
197.41	9728.67
197.47	9790.98
197.52	9853.67
197.57	9920.22
197.63	9974.47
197.68	10031.18
197.74	10082.79
197.79	10130.15
197.84	10175.42
197.90	10225.10
197.95	10259.65
198.01	10298.42
198.06	10340.24
198.12	10377.54
198.17	10411.06
198.22	10455.39
198.28	10493.47
198.33	10533.83
198.39	10574.17
198.44	10625.09
198.49	10670.51
198.55	10719.90
198.60	10766.07
198.66	10812.41
198.71	10860.92
198.77	10910.58
198.82	10961.82
198.87	11011.52
198.93	11064.17
198.98	11105.96
199.04	11150.43
199.09	11189.11
199.14	11233.23
199.20	11271.77
199.25	11313.37
199.31	11357.23
199.36	11405.61
199.42	11448.31
199.47	11493.67
199.52	11538.16
199.58	11578.29
199.63	11609.39
199.69	11645.82
199.74	11679.35
199.79	11705.27
199.85	11737.34
199.90	11778.55
199.96	11816.58
200.01	11856.18
200.06	11908.38
200.12	11951.18
200.17	11998.96
200.23	12051.81
200.28	12095.75
200.33	12144.16
200.39	12191.38
200.44	12237.14
200.50	12275.11
200.55	12320.87
200.60	12359.91
200.66	12403.46
200.71	12438.54
200.77	12483.19
200.82	12524.00
200.87	12559.60
200.93	12595.77
200.98	12641.72
201.04	12679.22
201.09	12726.07
201.14	12780.03
201.20	12832.44
201.25	12884.62
201.31	12939.04
201.36	12995.15
201.41	13051.33
201.47	13110.30
201.52	13162.83
201.58	13225.06
201.63	13273.31
201.68	13318.62
201.74	13361.31
201.79	13406.87
201.84	13458.40
201.90	13506.55
201.95	13553.67
202.01	13605.08
202.06	13655.77
202.11	13689.73
202.17	13735.48
202.22	13781.82
202.28	13823.59
202.33	13866.25
202.38	13899.14
202.44	13944.29
202.49	13994.71
202.54	14048.89
202.60	14091.04
202.65	14151.24
202.71	14197.28
202.76	14237.25
202.81	14274.20
202.87	14331.97
202.92	14380.37
202.98	14432.35
203.03	14485.24
203.08	14543.11
203.14	14588.31
203.19	14641.64
203.24	14696.07
203.30	14751.19
203.35	14799.56
203.41	14847.39
203.46	14891.64
203.51	14928.44
203.57	14968.00
203.62	15011.35
203.67	15061.91
203.73	15101.29
203.78	15146.35
203.84	15190.11
203.89	15222.08
203.94	15248.57
204.00	15276.10
204.05	15297.11
204.10	15302.03
204.16	15300.23
204.21	15287.16
204.27	15263.17
204.32	15208.80
204.37	15136.56
204.43	15034.83
204.48	14911.31
204.53	14797.07
204.59	14751.63
204.64	14809.87
204.69	14968.25
204.75	15194.81
204.80	15444.32
204.86	15650.78
204.91	15768.35
204.96	15820.36
205.02	15821.17
205.07	15824.75
205.12	15878.76
205.18	15987.09
205.23	16140.13
205.28	16329.17
205.34	16509.07
205.39	16660.77
205.45	16778.25
205.50	16862.67
205.55	16930.85
205.61	16995.65
205.66	17046.89
205.71	17112.03
205.77	17174.06
205.82	17236.51
205.87	17294.29
205.93	17350.52
205.98	17395.07
206.03	17438.49
206.09	17485.87
206.14	17534.53
206.20	17586.60
206.25	17637.73
206.30	17700.97
206.36	17754.24
206.41	17815.71
206.46	17874.33
206.52	17927.17
206.57	17976.39
206.62	18023.08
206.68	18065.22
206.73	18113.78
206.78	18166.73
206.84	18224.32
206.89	18286.87
206.94	18348.75
207.00	18421.05
207.05	18492.04
207.11	18555.20
207.16	18614.81
207.21	18680.98
207.27	18736.26
207.32	18791.08
207.37	18852.84
207.43	18910.42
207.48	18960.12
207.53	19010.87
207.59	19068.56
207.64	19120.12
207.69	19191.44
207.75	19261.18
207.80	19319.62
207.85	19370.13
207.91	19423.52
207.96	19468.38
208.01	19521.24
208.07	19581.30
208.12	19653.30
208.17	19713.16
208.23	19770.46
208.28	19818.24
208.33	19874.72
208.39	19930.46
208.44	19995.16
208.49	20053.84
208.55	20118.61
208.60	20175.65
208.65	20222.89
208.71	20272.68
208.76	20331.18
208.81	20389.06
208.87	20447.99
208.92	20509.95
208.97	20572.42
209.03	20632.20
209.08	20693.61
209.13	20756.38
209.19	20818.62
209.24	20873.55
209.29	20935.67
209.35	20989.46
209.40	21052.22
209.45	21116.47
209.51	21184.90
209.56	21245.58
209.61	21317.27
209.67	21381.84
209.72	21437.62
209.77	21495.00
209.83	21556.03
209.88	21622.03
209.93	21681.19
209.99	21747.12
210.04	21815.53
210.09	21885.28
210.15	21945.51
210.20	22009.36
210.25	22073.95
210.31	22136.76
210.36	22185.17
210.41	22237.68
210.46	22295.39
210.52	22351.26
210.57	22399.16
210.62	22464.77
210.68	22528.30
210.73	22579.96
210.78	22639.67
210.84	22704.32
210.89	22762.66
210.94	22825.48
211.00	22890.15
211.05	22939.90
211.10	23003.71
211.16	23066.59
211.21	23125.83
211.26	23192.05
211.32	23267.70
211.37	23336.43
211.42	23400.10
211.47	23471.53
211.53	23537.32
211.58	23597.74
211.63	23655.27
211.69	23712.90
211.74	23763.99
211.79	23812.58
211.85	23867.52
211.90	23927.29
211.95	23994.07
212.01	24064.02
212.06	24140.73
212.11	24214.59
212.16	24283.86
212.22	24358.51
212.27	24424.21
212.32	24487.97
212.38	24555.57
212.43	24620.22
212.48	24682.05
212.54	24753.05
212.59	24830.40
212.64	24898.93
212.69	24962.92
212.75	25032.45
212.80	25093.71
212.85	25148.17
212.91	25206.07
212.96	25265.34
213.01	25320.16
213.07	25376.96
213.12	25440.22
213.17	25502.36
213.22	25568.78
213.28	25631.00
213.33	25681.43
213.38	25736.58
213.44	25790.11
213.49	25856.60
213.54	25928.20
213.60	26011.20
213.65	26082.48
213.70	26162.58
213.75	26218.88
213.81	26264.97
213.86	26308.75
213.91	26349.89
213.97	26381.74
214.02	26404.69
214.07	26421.67
214.12	26430.92
214.18	26432.85
214.23	26423.51
214.28	26407.68
214.34	26369.58
214.39	26309.61
214.44	26212.38
214.49	26063.22
214.55	25865.73
214.60	25613.54
214.65	25316.19
214.71	25051.07
214.76	24962.84
214.81	25064.10
214.86	25369.83
214.92	25824.12
214.97	26316.90
215.02	26694.73
215.08	26933.95
215.13	27031.39
215.18	27005.54
215.23	26934.70
215.29	26898.70
215.34	26967.33
215.39	27129.40
215.45	27404.34
215.50	27739.91
215.55	28066.22
215.60	28310.89
215.66	28483.16
215.71	28596.25
215.76	28683.42
215.81	28741.16
215.87	28807.61
215.92	28865.70
215.97	28924.41
216.03	28985.99
216.08	29051.27
216.13	29105.49
216.18	29175.79
216.24	29242.99
216.29	29294.80
216.34	29352.12
216.39	29416.72
216.45	29483.08
216.50	29543.63
216.55	29605.38
216.61	29671.34
216.66	29728.08
216.71	29779.87
216.76	29837.01
216.82	29912.86
216.87	29988.00
216.92	30067.77
216.97	30139.93
217.03	30219.44
217.08	30294.82
217.13	30370.35
217.18	30441.86
217.24	30519.14
217.29	30583.59
217.34	30632.66
217.39	30673.57
217.45	30718.88
217.50	30766.11
217.55	30825.71
217.61	30896.23
217.66	30966.29
217.71	31034.13
217.76	31115.13
217.82	31195.06
217.87	31265.32
217.92	31342.89
217.97	31419.12
218.03	31480.04
218.08	31523.39
218.13	31570.74
218.18	31610.08
218.24	31671.49
218.29	31725.68
218.34	31789.41
218.39	31854.17
218.45	31923.51
218.50	31979.35
218.55	32040.35
218.60	32111.82
218.66	32169.88
218.71	32236.70
218.76	32304.87
218.81	32371.18
218.87	32432.32
218.92	32504.07
218.97	32572.45
219.02	32633.35
219.08	32697.93
219.13	32772.03
219.18	32840.60
219.23	32899.66
219.29	32963.92
219.34	33033.78
219.39	33089.37
219.44	33141.58
219.50	33221.15
219.55	33283.01
219.60	33343.74
219.65	33415.11
219.71	33489.75
219.76	33537.76
219.81	33596.36
219.86	33656.83
219.92	33700.41
219.97	33749.48
220.02	33807.93
220.07	33868.07
220.13	33931.02
220.18	34005.36
220.23	34075.88
220.28	34157.07
220.33	34236.81
220.39	34292.18
220.44	34346.10
220.49	34402.52
220.54	34441.97
220.60	34487.97
220.65	34557.96
220.70	34630.19
220.75	34703.67
220.81	34792.44
220.86	34872.22
220.91	34937.72
220.96	35002.27
221.02	35071.36
221.07	35136.39
221.12	35194.29
221.17	35253.63
221.22	35321.51
221.28	35382.04
221.33	35439.79
221.38	35497.08
221.43	35567.44
221.49	35630.94
221.54	35695.49
221.59	35759.61
221.64	35850.03
221.69	35934.67
221.75	36028.14
221.80	36123.56
221.85	36202.26
221.90	36263.36
221.96	36329.21
222.01	36361.99
222.06	36397.22
222.11	36448.36
222.17	36499.47
222.22	36524.58
222.27	36577.64
222.32	36626.00
222.37	36677.14
222.43	36735.77
222.48	36802.66
222.53	36872.70
222.58	36956.58
222.63	37032.64
222.69	37104.48
222.74	37187.20
222.79	37255.74
222.84	37301.27
222.90	37343.66
222.95	37388.71
223.00	37429.07
223.05	37482.89
223.10	37541.02
223.16	37602.60
223.21	37643.00
223.26	37694.26
223.31	37720.42
223.36	37758.54
223.42	37792.57
223.47	37836.98
223.52	37882.04
223.57	37947.07
223.63	38004.79
223.68	38059.36
223.73	38128.70
223.78	38193.28
223.83	38253.91
223.89	38313.12
223.94	38377.33
223.99	38446.10
224.04	38521.01
224.09	38603.17
224.15	38694.30
224.20	38783.69
224.25	38874.55
224.30	38953.28
224.35	39034.53
224.41	39128.12
224.46	39221.89
224.51	39298.39
224.56	39383.18
224.61	39459.14
224.67	39525.57
224.72	39589.19
224.77	39682.63
224.82	39774.90
224.87	39865.94
224.93	39937.87
224.98	40033.43
225.03	40111.26
225.08	40185.35
225.13	40258.67
225.19	40350.77
225.24	40422.78
225.29	40482.94
225.34	40548.45
225.39	40609.30
225.45	40662.93
225.50	40709.61
225.55	40749.44
225.60	40780.97
225.65	40805.89
225.71	40811.26
225.76	40803.96
225.81	40773.73
225.86	40720.39
225.91	40642.33
225.97	40523.38
226.02	40358.42
226.07	40162.84
226.12	40029.46
226.17	40024.74
226.22	40174.16
226.28	40485.99
226.33	40931.31
226.38	41346.93
226.43	41657.72
226.48	41857.54
226.54	41942.97
226.59	41952.54
226.64	41927.53
226.69	41877.24
226.74	41866.58
226.80	41938.49
226.85	42062.46
226.90	42255.08
226.95	42528.87
227.00	42796.04
227.05	43015.03
227.11	43203.14
227.16	43352.34
227.21	43456.54
227.26	43549.61
227.31	43634.00
227.37	43691.36
227.42	43764.79
227.47	43844.58
227.52	43912.94
227.57	43971.88
227.62	44063.38
227.68	44142.75
227.73	44219.72
227.78	44304.60
227.83	44398.22
227.88	44473.23
227.93	44542.95
227.99	44623.76
228.04	44705.43
228.09	44781.42
228.14	44850.71
228.19	44925.16
228.24	44986.69
228.30	45053.36
228.35	45116.77
228.40	45186.27
228.45	45245.86
228.50	45319.78
228.56	45378.48
228.61	45441.96
228.66	45502.02
228.71	45566.95
228.76	45610.14
228.81	45658.41
228.87	45700.27
228.92	45757.43
228.97	45809.22
229.02	45896.49
229.07	45969.07
229.12	46060.89
229.17	46137.55
229.23	46222.74
229.28	46295.72
229.33	46378.48
229.38	46450.78
229.43	46526.56
229.48	46600.30
229.54	46661.67
229.59	46734.32
229.64	46810.25
229.69	46896.42
229.74	46984.82
229.79	47057.82
229.85	47133.48
229.90	47198.07
229.95	47260.12
230.00	47310.49
230.05	47395.23
230.10	47456.14
230.16	47526.33
230.21	47575.56
230.26	47640.04
230.31	47676.73
230.36	47735.49
230.41	47801.98
230.46	47894.13
230.52	47986.31
230.57	48079.24
230.62	48174.58
230.67	48241.98
230.72	48293.40
230.77	48333.37
230.82	48375.46
230.88	48400.56
230.93	48439.36
230.98	48481.38
231.03	48538.56
231.08	48597.17
231.13	48657.14
231.19	48731.52
231.24	48809.44
231.29	48887.58
231.34	48951.33
231.39	49025.16
231.44	49092.67
231.49	49146.25
231.55	49189.45
231.60	49243.84
231.65	49294.21
231.70	49336.06
231.75	49380.47
231.80	49421.71
231.85	49476.79
231.91	49521.37
231.96	49567.98
232.01	49637.72
232.06	49707.33
232.11	49769.19
232.16	49852.81
232.21	49946.94
232.26	50034.41
232.32	50113.27
232.37	50183.66
232.42	50245.43
232.47	50289.09
232.52	50331.45
232.57	50386.66
232.62	50449.82
232.68	50507.34
232.73	50586.79
232.78	50667.18
232.83	50743.25
232.88	50812.04
232.93	50892.25
232.98	50955.30
233.03	51002.51
233.09	51067.31
233.14	51139.64
233.19	51192.02
233.24	51245.33
233.29	51298.25
233.34	51325.17
233.39	51343.23
233.45	51380.26
233.50	51418.26
233.55	51463.07
233.60	51537.08
233.65	51605.72
233.70	51666.68
233.75	51720.74
233.80	51778.17
233.86	51827.53
233.91	51881.87
233.96	51926.90
234.01	51978.94
234.06	52027.77
234.11	52080.90
234.16	52130.65
234.21	52191.12
234.26	52242.22
234.32	52287.73
234.37	52321.07
234.42	52355.58
234.47	52375.43
234.52	52410.63
234.57	52458.27
234.62	52503.40
234.67	52559.20
234.73	52618.25
234.78	52664.08
234.83	52706.41
234.88	52751.45
234.93	52780.23
234.98	52820.98
235.03	52868.54
235.08	52925.27
235.13	52974.78
235.19	53041.10
235.24	53104.23
235.29	53166.62
235.34	53208.76
235.39	53252.44
235.44	53292.52
235.49	53328.53
235.54	53354.79
235.59	53379.87
235.65	53407.98
235.70	53437.17
235.75	53473.44
235.80	53525.39
235.85	53580.67
235.90	53630.56
235.95	53663.40
236.00	53690.24
236.05	53712.11
236.11	53738.63
236.16	53767.69
236.21	53818.40
236.26	53857.18
236.31	53892.38
236.36	53916.87
236.41	53937.64
236.46	53941.45
236.51	53960.04
236.56	53982.69
236.62	54012.27
236.67	54043.87
236.72	54085.64
236.77	54118.02
236.82	54163.18
236.87	54186.22
236.92	54210.09
236.97	54246.04
237.02	54290.45
237.07	54336.08
237.13	54399.34
237.18	54456.88
237.23	54507.32
237.28	54550.37
237.33	54587.94
237.38	54600.36
237.43	54623.47
237.48	54624.47
237.53	54643.37
237.58	54663.14
237.63	54715.09
237.69	54760.52
237.74	54818.66
237.79	54858.75
237.84	54869.11
237.89	54869.69
237.94	54877.58
237.99	54888.58
238.04	54900.86
238.09	54926.24
238.14	54957.57
238.19	54972.29
238.25	54991.46
238.30	54993.29
238.35	55000.42
238.40	54998.68
238.45	55010.14
238.50	55011.24
238.55	55016.87
238.60	55039.68
238.65	55066.68
238.70	55091.27
238.75	55111.95
238.80	55149.25
238.86	55160.15
238.91	55171.06
238.96	55189.86
239.01	55221.10
239.06	55244.65
239.11	55270.81
239.16	55294.88
239.21	55301.66
239.26	55291.11
239.31	55300.07
239.36	55314.94
239.41	55340.17
239.46	55368.85
239.52	55405.12
239.57	55428.49
239.62	55441.26
239.67	55456.09
239.72	55473.26
239.77	55489.32
239.82	55505.82
239.87	55520.49
239.92	55528.72
239.97	55522.11
240.02	55508.13
240.07	55490.84
240.12	55486.45
240.17	55487.16
240.23	55494.70
240.28	55506.78
240.33	55525.93
240.38	55525.25
240.43	55517.92
240.48	55535.37
240.53	55555.14
240.58	55571.41
240.63	55607.79
240.68	55626.41
240.73	55621.85
240.78	55621.57
240.83	55612.35
240.88	55583.52
240.93	55575.47
240.98	55570.40
241.04	55579.96
241.09	55603.98
241.14	55639.68
241.19	55679.10
241.24	55706.32
241.29	55718.36
241.34	55722.24
241.39	55725.62
241.44	55727.17
241.49	55730.67
241.54	55728.37
241.59	55729.07
241.64	55731.30
241.69	55717.46
241.74	55709.18
241.79	55704.41
241.84	55690.97
241.90	55672.80
241.95	55646.32
242.00	55619.57
242.05	55587.20
242.10	55573.59
242.15	55554.51
242.20	55550.46
242.25	55549.48
242.30	55545.51
242.35	55549.75
242.40	55550.83
242.45	55544.93
242.50	55540.16
242.55	55549.61
242.60	55540.01
242.65	55544.04
242.70	55559.79
242.75	55589.05
242.80	55625.24
242.85	55657.13
242.91	55663.92
242.96	55656.67
243.01	55634.00
243.06	55597.67
243.11	55558.46
243.16	55540.32
243.21	55539.97
243.26	55547.11
243.31	55562.56
243.36	55578.02
243.41	55590.00
243.46	55589.24
243.51	55559.13
243.56	55507.53
243.61	55443.81
243.66	55407.17
243.71	55373.29
243.76	55366.77
243.81	55383.64
243.86	55395.00
243.91	55391.39
243.96	55386.35
244.01	55360.67
244.06	55331.83
244.12	55322.62
244.17	55313.60
244.22	55310.97
244.27	55342.17
244.32	55364.30
244.37	55389.95
244.42	55393.64
244.47	55384.56
244.52	55356.56
244.57	55320.61
244.62	55280.72
244.67	55260.57
244.72	55241.65
244.77	55243.81
244.82	55266.20
244.87	55302.49
244.92	55322.12
244.97	55338.19
245.02	55327.56
245.07	55311.09
245.12	55284.03
245.17	55269.18
245.22	55277.69
245.27	55273.28
245.32	55233.69
245.37	55190.60
245.42	55143.01
245.47	55090.07
245.52	55045.07
245.57	55044.20
245.62	55035.19
245.67	55030.93
245.72	55014.34
245.77	54996.39
245.82	54964.19
245.87	54958.18
245.92	54958.50
245.98	54951.82
246.03	54955.12
246.08	54961.92
246.13	54956.44
246.18	54953.25
246.23	54946.49
246.28	54939.49
246.33	54923.26
246.38	54895.88
246.43	54872.24
246.48	54859.85
246.53	54860.76
246.58	54874.53
246.63	54889.97
246.68	54883.91
246.73	54872.89
246.78	54838.40
246.83	54785.84
246.88	54722.45
246.93	54666.75
246.98	54610.21
247.03	54578.95
247.08	54559.82
247.13	54560.78
247.18	54560.64
247.23	54581.32
247.28	54582.91
247.33	54571.52
247.38	54550.00
247.43	54528.34
247.48	54510.40
247.53	54483.00
247.58	54441.82
247.63	54410.96
247.68	54373.97
247.73	54318.16
247.78	54282.06
247.83	54264.78
247.88	54236.08
247.93	54225.94
247.98	54220.46
248.03	54220.61
248.08	54229.85
248.13	54237.18
248.18	54220.80
248.23	54220.73
248.28	54194.38
248.33	54159.16
248.38	54123.40
248.43	54102.55
248.48	54078.44
248.53	54058.75
248.58	54040.98
248.63	54027.50
248.68	54008.24
248.73	53978.60
248.78	53952.75
248.83	53903.74
248.88	53844.16
248.93	53770.29
248.98	53692.13
249.03	53641.55
249.08	53617.32
249.13	53613.58
249.18	53618.75
249.23	53636.90
249.28	53625.74
249.33	53618.62
249.38	53600.33
249.43	53585.54
249.48	53553.84
249.53	53542.48
249.58	53519.72
249.63	53498.86
249.68	53485.79
249.73	53472.94
249.78	53451.00
249.83	53446.88
249.88	53413.36
249.93	53390.87
249.98	53379.94
250.03	53371.54
250.08	53337.52
250.13	53334.79
250.18	53307.27
250.23	53268.22
250.28	53221.68
250.33	53168.25
250.37	53120.02
250.42	53083.56
250.47	53052.14
250.52	53033.00
250.57	53020.73
250.62	52989.13
250.67	52961.39
250.72	52937.12
250.77	52897.34
250.82	52878.99
250.87	52880.37
250.92	52872.36
250.97	52851.51
251.02	52846.67
251.07	52849.09
251.12	52821.37
251.17	52793.74
251.22	52766.65
251.27	52728.37
251.32	52668.12
251.37	52620.38
251.42	52569.58
251.47	52525.73
251.52	52491.13
251.57	52470.09
251.62	52459.87
251.67	52441.18
251.72	52423.57
251.77	52397.01
251.82	52362.77
251.87	52326.17
251.92	52287.74
251.97	52241.27
252.02	52196.08
252.07	52164.27
252.12	52139.31
252.16	52128.30
252.21	52121.29
252.26	52131.77
252.31	52125.53
252.36	52115.82
252.41	52094.86
252.46	52079.86
252.51	52045.27
252.56	52018.25
252.61	51988.38
252.66	51958.82
252.71	51927.44
252.76	51897.27
252.81	51850.31
252.86	51792.29
252.91	51751.25
252.96	51688.85
253.01	51619.11
253.06	51558.46
253.11	51518.58
253.16	51472.54
253.21	51426.23
253.26	51391.62
253.31	51368.19
253.36	51337.13
253.40	51303.33
253.45	51296.23
253.50	51258.08
253.55	51211.29
253.60	51162.62
253.65	51121.45
253.70	51083.58
253.75	51070.84
253.80	51063.07
253.85	51062.70
253.90	51068.82
253.95	51065.02
254.00	51063.00
254.05	51042.05
254.10	51003.40
254.15	50956.81
254.20	50926.12
254.25	50886.52
254.30	50860.83
254.35	50831.84
254.39	50776.19
254.44	50690.23
254.49	50612.09
254.54	50564.35
254.59	50524.99
254.64	50516.29
254.69	50515.65
254.74	50516.36
254.79	50489.67
254.84	50460.34
254.89	50439.56
254.94	50422.41
254.99	50408.59
255.04	50407.04
255.09	50399.74
255.14	50373.20
255.19	50352.89
255.23	50345.82
255.28	50325.12
255.33	50314.00
255.38	50301.66
255.43	50292.35
255.48	50262.66
255.53	50221.88
255.58	50186.97
255.63	50151.62
255.68	50101.40
255.73	50052.60
255.78	50022.03
255.83	49996.18
255.88	49975.59
255.93	49954.37
255.97	49926.62
256.02	49899.21
256.07	49857.66
256.12	49786.12
256.17	49728.98
256.22	49680.79
256.27	49622.18
256.32	49573.87
256.37	49556.86
256.42	49535.82
256.47	49507.79
256.52	49486.87
256.57	49467.18
256.62	49452.06
256.66	49439.65
256.71	49418.09
256.76	49379.02
256.81	49325.09
256.86	49265.51
256.91	49209.41
256.96	49164.39
257.01	49127.71
257.06	49108.72
257.11	49080.31
257.16	49031.92
257.21	48996.49
257.26	48963.14
257.30	48925.60
257.35	48878.88
257.40	48856.17
257.45	48839.64
257.50	48816.84
257.55	48784.30
257.60	48771.81
257.65	48745.45
257.70	48702.88
257.75	48660.67
257.80	48631.31
257.85	48589.47
257.89	48539.63
257.94	48482.34
257.99	48425.51
258.04	48365.38
258.09	48323.90
258.14	48291.50
258.19	48275.79
258.24	48257.49
258.29	48217.62
258.34	48172.88
258.39	48142.37
258.44	48090.12
258.48	48032.77
258.53	47989.00
258.58	47954.85
258.63	47905.96
258.68	47859.26
258.73	47829.89
258.78	47799.50
258.83	47751.55
258.88	47714.45
258.93	47676.25
258.97	47644.21
259.02	47614.23
259.07	47597.47
259.12	47567.76
259.17	47555.33
259.22	47533.04
259.27	47512.93
259.32	47484.36
259.37	47446.92
259.42	47405.77
259.47	47363.11
259.51	47316.27
259.56	47257.68
259.61	47190.47
259.66	47107.04
259.71	47028.95
259.76	46972.40
259.81	46913.45
259.86	46874.93
259.91	46845.87
259.95	46824.32
260.00	46789.97
260.05	46763.21
260.10	46743.51
260.15	46730.89
260.20	46717.01
260.25	46707.47
260.30	46700.56
260.35	46667.81
260.40	46631.96
260.44	46605.57
260.49	46579.62
260.54	46544.88
260.59	46523.49
260.64	46519.09
260.69	46510.77
260.74	46475.54
260.79	46445.27
260.84	46405.55
260.88	46350.61
260.93	46273.18
260.98	46230.83
261.03	46191.64
261.08	46161.93
261.13	46123.47
261.18	46082.73
261.23	46025.43
261.28	45980.50
261.32	45941.35
261.37	45892.24
261.42	45859.71
261.47	45843.32
261.52	45799.48
261.57	45751.75
261.62	45718.40
261.67	45673.36
261.71	45601.26
261.76	45550.54
261.81	45494.73
261.86	45442.35
261.91	45392.58
261.96	45357.98
262.01	45322.70
262.06	45303.14
262.10	45284.41
262.15	45265.19
262.20	45252.55
262.25	45232.08
262.30	45211.27
262.35	45183.52
262.40	45162.26
262.45	45127.37
262.49	45097.62
262.54	45058.05
262.59	45025.65
262.64	44996.22
262.69	44961.15
262.74	44918.35
262.79	44864.32
262.84	44821.78
262.88	44773.05
262.93	44722.06
262.98	44682.06
263.03	44647.15
263.08	44589.59
263.13	44520.88
263.18	44460.35
263.23	44402.40
263.27	44348.70
263.32	44317.66
263.37	44293.97
263.42	44269.10
263.47	44237.82
263.52	44223.44
263.57	44183.14
263.61	44152.68
263.66	44116.52
263.71	44077.85
263.76	44030.00
263.81	43990.25
263.86	43954.66
263.91	43914.97
263.95	43855.24
264.00	43793.74
264.05	43742.42
264.10	43673.52
264.15	43610.75
264.20	43574.82
264.25	43539.88
264.29	43500.02
264.34	43450.37
264.39	43411.93
264.44	43364.44
264.49	43318.54
264.54	43268.05
264.59	43235.29
264.63	43195.81
264.68	43138.54
264.73	43083.98
264.78	43037.96
264.83	42978.52
264.88	42932.39
264.93	42906.50
264.97	42880.47
265.02	42858.79
265.07	42845.21
265.12	42800.78
265.17	42764.35
265.22	42722.90
265.27	42664.26
265.31	42603.82
265.36	42553.05
265.41	42491.02
265.46	42425.65
265.51	42356.30
265.56	42291.75
265.60	42234.77
265.65	42178.40
265.70	42123.31
265.75	42073.78
265.80	42023.14
265.85	41967.34
265.90	41904.75
265.94	41850.85
265.99	41783.58
266.04	41724.99
266.09	41680.47
266.14	41652.75
266.19	41617.72
266.23	41598.24
266.28	41560.12
266.33	41526.74
266.38	41492.85
266.43	41467.87
266.48	41442.75
266.52	41422.60
266.57	41379.82
266.62	41338.49
266.67	41285.63
266.72	41232.79
266.77	41200.44
266.81	41180.40
266.86	41153.47
266.91	41123.05
266.96	41080.81
267.01	41037.74
267.06	40985.14
267.10	40928.84
267.15	40879.80
267.20	40851.47
267.25	40812.40
267.30	40787.82
267.35	40752.85
267.39	40721.00
267.44	40685.62
267.49	40638.07
267.54	40576.49
267.59	40527.91
267.64	40472.37
267.68	40398.75
267.73	40343.56
267.78	40304.10
267.83	40279.18
267.88	40270.61
267.93	40271.37
267.97	40259.25
268.02	40223.14
268.07	40175.27
268.12	40114.59
268.17	40050.53
268.21	40004.18
268.26	39959.94
268.31	39917.21
268.36	39868.96
268.41	39826.66
268.46	39776.31
268.50	39734.99
268.55	39684.53
268.60	39626.36
268.65	39569.01
268.70	39494.32
268.74	39423.31
268.79	39353.98
268.84	39300.75
268.89	39255.56
268.94	39223.76
268.99	39190.17
269.03	39153.02
269.08	39106.19
269.13	39029.08
269.18	38945.48
269.23	38848.16
269.27	38741.13
269.32	38614.44
269.37	38497.58
269.42	38362.55
269.47	38222.64
269.51	38081.67
269.56	37942.31
269.61	37796.48
269.66	37645.48
269.71	37489.82
269.76	37343.65
269.80	37194.22
269.85	37041.46
269.90	36901.88
269.95	36763.96
270.00	36602.25
270.04	36456.28
270.09	36307.23
270.14	36166.70
270.19	36028.67
270.24	35898.80
270.28	35742.87
270.33	35577.77
270.38	35400.05
270.43	35218.35
270.48	35036.31
270.52	34875.06
270.57	34723.20
270.62	34562.42
270.67	34410.80
270.72	34258.75
270.76	34082.92
270.81	33913.41
270.86	33745.58
270.91	33570.30
270.96	33395.45
271.00	33239.87
271.05	33084.39
271.10	32939.32
271.15	32804.72
271.20	32682.97
271.24	32544.47
271.29	32404.12
271.34	32263.48
271.39	32114.74
271.44	31957.01
271.48	31816.10
271.53	31675.42
271.58	31528.57
271.63	31382.42
271.67	31237.40
271.72	31089.74
271.77	30945.43
271.82	30806.14
271.87	30667.18
271.91	30509.46
271.96	30369.56
272.01	30230.30
272.06	30091.62
272.11	29963.23
272.15	29862.86
272.20	29757.90
272.25	29655.34
272.30	29556.90
272.35	29453.16
272.39	29342.39
272.44	29215.22
272.49	29082.05
272.54	28946.59
272.58	28795.96
272.63	28644.29
272.68	28494.57
272.73	28338.73
272.78	28161.06
272.82	27970.95
272.87	27752.75
272.92	27466.69
272.97	26938.65
273.01	23974.73
273.06	19007.76
273.11	13535.07
273.16	8166.66
273.21	3075.86
273.25	465.19
273.30	-87.86
273.35	-89.40
