165.32	3375.00
165.38	-246.45
165.44	595.20
165.50	-77.86
165.55	-20.78
165.61	0.09
165.67	26.63
165.72	34.67
165.78	39.25
165.84	37.71
165.89	34.63
165.95	32.94
166.01	32.09
166.06	34.04
166.12	36.56
166.18	34.58
166.23	36.53
166.29	36.00
166.35	32.37
166.40	31.47
166.46	38.28
166.52	41.00
166.57	42.03
166.63	42.92
166.69	45.33
166.74	39.04
166.80	39.22
166.86	41.07
166.91	41.79
166.97	36.27
167.03	38.83
167.08	33.18
167.14	32.20
167.20	30.19
167.25	42.09
167.31	42.42
167.37	47.95
167.42	49.84
167.48	55.82
167.54	50.75
167.59	50.36
167.65	46.30
167.71	46.58
167.76	45.34
167.82	40.81
167.88	40.33
167.93	48.03
167.99	46.55
168.05	49.17
168.10	57.08
168.16	56.89
168.21	54.74
168.27	59.18
168.33	61.23
168.38	53.72
168.44	58.37
168.50	56.90
168.55	55.04
168.61	54.92
168.67	56.92
168.72	53.93
168.78	53.75
168.84	49.85
168.89	48.49
168.95	49.50
169.01	48.90
169.06	48.88
169.12	48.03
169.18	46.04
169.23	45.69
169.29	50.13
169.34	54.39
169.40	57.50
169.46	61.69
169.51	63.83
169.57	59.36
169.63	55.26
169.68	60.21
169.74	56.99
169.80	62.80
169.85	64.17
169.91	68.44
169.97	64.26
170.02	64.58
170.08	63.29
170.13	63.69
170.19	63.23
170.25	65.01
170.30	68.63
170.36	60.41
170.42	62.29
170.47	63.76
170.53	65.43
170.59	62.63
170.64	66.65
170.70	64.86
170.76	61.75
170.81	62.90
170.87	62.05
170.92	63.16
170.98	66.41
171.04	68.96
171.09	65.25
171.15	72.89
171.21	73.38
171.26	69.88
171.32	67.14
171.37	70.33
171.43	64.83
171.49	69.58
171.54	73.20
171.60	74.83
171.66	76.89
171.71	77.13
171.77	74.70
171.83	80.25
171.88	79.05
171.94	78.32
171.99	82.66
172.05	81.24
172.11	82.31
172.16	91.01
172.22	91.38
172.28	91.93
172.33	90.18
172.39	87.41
172.44	84.60
172.50	89.80
172.56	89.10
172.61	97.68
172.67	96.68
172.72	95.91
172.78	91.36
172.84	86.70
172.89	79.84
172.95	79.17
173.01	80.33
173.06	78.76
173.12	84.16
173.17	85.23
173.23	85.03
173.29	85.16
173.34	86.50
173.40	81.36
173.46	82.68
173.51	85.40
173.57	85.82
173.62	80.74
173.68	87.04
173.74	85.50
173.79	87.19
173.85	83.75
173.90	86.54
173.96	83.29
174.02	80.33
174.07	71.90
174.13	71.63
174.18	73.74
174.24	66.95
174.30	67.48
174.35	72.69
174.41	69.47
174.47	63.35
174.52	64.93
174.58	63.74
174.63	59.23
174.69	58.57
174.75	60.37
174.80	70.71
174.86	68.08
174.91	69.08
174.97	68.84
175.03	66.16
175.08	53.89
175.14	60.71
175.19	56.79
175.25	57.19
175.31	61.91
175.36	63.58
175.42	59.98
175.47	65.12
175.53	65.23
175.59	61.75
175.64	63.36
175.70	61.92
175.75	56.70
175.81	55.54
175.87	56.39
175.92	52.38
175.98	54.30
176.03	54.82
176.09	55.14
176.15	55.10
176.20	56.16
176.26	55.68
176.31	58.44
176.37	55.87
176.42	56.97
176.48	61.06
176.54	58.43
176.59	55.80
176.65	58.08
176.70	59.21
176.76	57.73
176.82	55.98
176.87	52.81
176.93	53.26
176.98	52.35
177.04	47.74
177.10	52.65
177.15	54.38
177.21	55.13
177.26	53.64
177.32	57.13
177.37	58.94
177.43	62.61
177.49	59.31
177.54	56.74
177.60	57.65
177.65	58.10
177.71	52.72
177.77	55.73
177.82	57.66
177.88	61.28
177.93	56.37
177.99	62.57
178.04	57.93
178.10	58.49
178.16	51.96
178.21	53.06
178.27	50.47
178.32	54.46
178.38	53.26
178.43	54.83
178.49	54.56
178.55	53.43
178.60	52.28
178.66	51.62
178.71	53.49
178.77	51.52
178.82	52.91
178.88	53.24
178.94	53.63
178.99	54.20
179.05	58.64
179.10	54.37
179.16	56.85
179.21	59.77
179.27	58.51
179.33	54.34
179.38	58.12
179.44	56.17
179.49	55.90
179.55	54.05
179.60	54.13
179.66	53.13
179.72	55.47
179.77	53.04
179.83	51.71
179.88	53.12
179.94	54.62
179.99	50.81
180.05	51.32
180.11	52.82
180.16	55.35
180.22	57.73
180.27	62.53
180.33	62.94
180.38	66.86
180.44	62.68
180.49	62.55
180.55	60.32
180.61	65.26
180.66	59.81
180.72	58.03
180.77	56.22
180.83	56.38
180.88	52.53
180.94	52.42
180.99	56.25
181.05	56.37
181.11	57.13
181.16	57.80
181.22	59.31
181.27	61.70
181.33	60.13
181.38	57.52
181.44	58.32
181.49	62.83
181.55	63.14
181.61	69.27
181.66	71.79
181.72	69.38
181.77	66.70
181.83	64.62
181.88	69.42
181.94	71.04
181.99	77.07
182.05	77.86
182.11	79.17
182.16	70.38
182.22	68.80
182.27	64.25
182.33	67.12
182.38	66.49
182.44	71.74
182.49	73.57
182.55	75.67
182.60	74.78
182.66	77.30
182.72	79.17
182.77	81.29
182.83	84.41
182.88	87.65
182.94	89.57
182.99	87.40
183.05	86.46
183.10	88.92
183.16	87.81
183.21	89.73
183.27	97.88
183.32	103.30
183.38	107.55
183.44	116.15
183.49	122.79
183.55	125.92
183.60	134.11
183.66	142.02
183.71	153.23
183.77	162.68
183.82	173.55
183.88	186.11
183.93	199.70
183.99	215.10
184.04	232.27
184.10	245.29
184.15	258.62
184.21	272.66
184.27	273.79
184.32	274.69
184.38	272.04
184.43	265.37
184.49	244.83
184.54	224.93
184.60	211.76
184.65	195.62
184.71	185.08
184.76	187.12
184.82	205.36
184.87	224.25
184.93	251.29
184.98	280.54
185.04	314.58
185.09	342.69
185.15	371.42
185.20	406.07
185.26	443.16
185.31	473.58
185.37	503.33
185.43	524.88
185.48	545.63
185.54	570.66
185.59	598.36
185.65	623.79
185.70	667.06
185.76	714.85
185.81	750.33
185.87	788.15
185.92	835.03
185.98	872.08
186.03	889.40
186.09	890.84
186.14	863.43
186.20	805.61
186.25	712.38
186.31	619.88
186.36	547.34
186.42	515.95
186.47	524.80
186.53	575.25
186.58	647.94
186.64	725.81
186.69	800.10
186.75	862.63
186.80	921.15
186.86	977.58
186.91	1035.36
186.97	1086.41
187.02	1148.65
187.08	1205.55
187.13	1250.04
187.19	1292.13
187.24	1331.93
187.30	1348.54
187.35	1361.43
187.41	1385.06
187.47	1411.83
187.52	1440.72
187.58	1496.48
187.63	1581.68
187.69	1677.92
187.74	1763.85
187.80	1838.41
187.85	1891.89
187.91	1913.41
187.96	1901.65
188.02	1852.94
188.07	1770.75
188.13	1648.48
188.18	1515.30
188.24	1420.02
188.29	1380.81
188.35	1400.37
188.40	1486.00
188.46	1616.96
188.51	1746.92
188.57	1877.99
188.62	2006.98
188.67	2126.78
188.73	2239.25
188.78	2344.53
188.84	2449.32
188.89	2554.63
188.95	2660.26
189.00	2750.11
189.06	2849.33
189.11	2945.86
189.17	3028.63
189.22	3102.88
189.28	3193.26
189.33	3269.50
189.39	3333.92
189.44	3400.99
189.50	3475.00
189.55	3542.17
189.61	3596.93
189.66	3654.49
189.72	3709.87
189.77	3759.31
189.83	3785.62
189.88	3789.85
189.94	3752.66
189.99	3664.15
190.05	3500.65
190.10	3269.43
190.16	3004.02
190.21	2767.30
190.27	2607.43
190.32	2545.91
190.38	2586.14
190.43	2704.37
190.49	2841.83
190.54	2949.11
190.60	3029.97
190.65	3085.35
190.71	3123.53
190.76	3157.40
190.81	3205.14
190.87	3277.52
190.92	3397.23
190.98	3553.79
191.03	3729.55
191.09	3910.33
191.14	4063.71
191.20	4174.10
191.25	4277.36
191.31	4388.37
191.36	4516.53
191.42	4678.13
191.47	4867.42
191.53	5048.95
191.58	5204.27
191.64	5323.27
191.69	5414.81
191.75	5474.16
191.80	5513.81
191.85	5537.08
191.91	5559.66
191.96	5580.41
192.02	5612.93
192.07	5629.96
192.13	5623.47
192.18	5578.17
192.24	5459.72
192.29	5261.06
192.35	5030.87
192.40	4847.57
192.46	4738.27
192.51	4736.67
192.57	4832.83
192.62	5013.06
192.67	5199.28
192.73	5379.22
192.78	5544.04
192.84	5698.21
192.89	5836.31
192.95	5967.88
193.00	6085.07
193.06	6194.30
193.11	6302.14
193.17	6393.09
193.22	6478.19
193.28	6572.71
193.33	6647.45
193.38	6710.17
193.44	6782.55
193.49	6859.93
193.55	6914.31
193.60	6974.18
193.66	7031.93
193.71	7078.22
193.77	7103.98
193.82	7124.07
193.88	7144.30
193.93	7170.08
193.98	7194.42
194.04	7229.06
194.09	7276.45
194.15	7330.10
194.20	7371.33
194.26	7411.92
194.31	7456.63
194.37	7475.84
194.42	7478.01
194.47	7464.14
194.53	7415.19
194.58	7318.94
194.64	7210.64
194.69	7104.93
194.75	7034.24
194.80	7016.76
194.86	7055.43
194.91	7143.71
194.97	7249.00
195.02	7353.88
195.07	7449.76
195.13	7541.97
195.18	7630.63
195.24	7712.43
195.29	7790.35
195.35	7854.25
195.40	7917.40
195.46	7974.96
195.51	8055.62
195.56	8147.94
195.62	8257.72
195.67	8361.52
195.73	8462.13
195.78	8532.41
195.84	8578.56
195.89	8609.67
195.94	8639.73
196.00	8678.15
196.05	8732.29
196.11	8806.25
196.16	8884.04
196.22	8967.81
196.27	9041.99
196.32	9107.30
196.38	9158.78
196.43	9207.25
196.49	9245.08
196.54	9284.73
196.60	9327.95
196.65	9373.23
196.71	9417.51
196.76	9465.17
196.81	9508.90
196.87	9546.38
196.92	9575.24
196.98	9593.66
197.03	9602.90
197.09	9594.28
197.14	9584.95
197.19	9586.52
197.25	9602.81
197.30	9627.98
197.36	9681.78
197.41	9744.20
197.47	9807.03
197.52	9866.56
197.57	9934.90
197.63	9987.51
197.68	10040.71
197.74	10092.48
197.79	10141.60
197.84	10185.99
197.90	10234.17
197.95	10270.79
198.01	10311.75
198.06	10353.52
198.12	10391.44
198.17	10426.09
198.22	10468.69
198.28	10501.58
198.33	10544.79
198.39	10585.35
198.44	10636.51
198.49	10683.96
198.55	10731.16
198.60	10770.93
198.66	10819.36
198.71	10867.36
198.77	10915.97
198.82	10970.88
198.87	11021.10
198.93	11071.10
198.98	11114.73
199.04	11162.28
199.09	11200.33
199.14	11246.75
199.20	11285.20
199.25	11325.53
199.31	11365.34
199.36	11415.04
199.42	11460.42
199.47	11506.17
199.52	11553.07
199.58	11595.09
199.63	11622.12
199.69	11653.51
199.74	11682.46
199.79	11704.95
199.85	11732.89
199.90	11776.43
199.96	11814.53
200.01	11858.77
200.06	11912.80
200.12	11963.18
200.17	12017.03
200.23	12066.96
200.28	12109.91
200.33	12161.86
200.39	12208.32
200.44	12247.99
200.50	12292.11
200.55	12339.23
200.60	12373.12
200.66	12410.28
200.71	12444.40
200.77	12486.62
200.82	12525.62
200.87	12564.33
200.93	12603.50
200.98	12644.54
201.04	12682.83
201.09	12730.13
201.14	12784.17
201.20	12831.93
201.25	12887.53
201.31	12939.92
201.36	12996.73
201.41	13049.61
201.47	13112.22
201.52	13162.29
201.58	13221.62
201.63	13265.10
201.68	13314.03
201.74	13357.70
201.79	13410.46
201.84	13463.48
201.90	13516.79
201.95	13563.83
202.01	13619.66
202.06	13665.09
202.11	13699.86
202.17	13746.68
202.22	13792.64
202.28	13830.31
202.33	13872.86
202.38	13913.62
202.44	13955.95
202.49	14000.55
202.54	14051.15
202.60	14103.78
202.65	14158.10
202.71	14205.25
202.76	14247.71
202.81	14287.76
202.87	14331.08
202.92	14377.96
202.98	14431.02
203.03	14480.95
203.08	14535.51
203.14	14587.14
203.19	14643.71
203.24	14696.25
203.30	14753.96
203.35	14805.96
203.41	14852.00
203.46	14889.76
203.51	14925.43
203.57	14961.78
203.62	15005.97
203.67	15058.40
203.73	15102.53
203.78	15146.54
203.84	15194.83
203.89	15225.16
203.94	15250.13
204.00	15281.45
204.05	15309.27
204.10	15315.30
204.16	15315.11
204.21	15304.26
204.27	15271.08
204.32	15214.21
204.37	15142.26
204.43	15042.48
204.48	14920.27
204.53	14809.75
204.59	14764.39
204.64	14815.94
204.69	14972.45
204.75	15195.16
204.80	15446.70
204.86	15649.35
204.91	15777.01
204.96	15828.31
205.02	15832.57
205.07	15837.18
205.12	15896.20
205.18	16001.10
205.23	16145.64
205.28	16333.62
205.34	16513.93
205.39	16659.52
205.45	16774.95
205.50	16865.16
205.55	16931.63
205.61	16994.90
205.66	17052.29
205.71	17116.86
205.77	17180.03
205.82	17244.02
205.87	17303.41
205.93	17359.80
205.98	17404.46
206.03	17446.13
206.09	17487.97
206.14	17536.74
206.20	17584.75
206.25	17640.50
206.30	17708.20
206.36	17767.58
206.41	17824.86
206.46	17881.80
206.52	17929.07
206.57	17976.66
206.62	18022.50
206.68	18070.94
206.73	18121.12
206.78	18184.51
206.84	18240.85
206.89	18303.75
206.94	18362.89
207.00	18432.61
207.05	18493.83
207.11	18556.22
207.16	18617.16
207.21	18681.71
207.27	18736.98
207.32	18793.74
207.37	18857.31
207.43	18911.23
207.48	18958.20
207.53	19012.96
207.59	19071.07
207.64	19119.62
207.69	19195.68
207.75	19267.22
207.80	19324.77
207.85	19380.14
207.91	19436.47
207.96	19478.52
208.01	19530.73
208.07	19591.18
208.12	19650.64
208.17	19710.43
208.23	19765.66
208.28	19825.59
208.33	19884.65
208.39	19945.73
208.44	20009.50
208.49	20074.77
208.55	20132.79
208.60	20190.85
208.65	20238.98
208.71	20288.34
208.76	20341.40
208.81	20396.74
208.87	20457.03
208.92	20520.44
208.97	20584.13
209.03	20644.08
209.08	20706.05
209.13	20761.23
209.19	20820.98
209.24	20875.35
209.29	20932.98
209.35	20992.20
209.40	21056.30
209.45	21118.54
209.51	21185.85
209.56	21251.61
209.61	21311.96
209.67	21378.57
209.72	21438.33
209.77	21497.34
209.83	21559.67
209.88	21628.38
209.93	21683.65
209.99	21743.91
210.04	21811.89
210.09	21882.12
210.15	21940.96
210.20	22004.18
210.25	22074.96
210.31	22138.84
210.36	22188.99
210.41	22243.06
210.46	22305.92
210.52	22360.89
210.57	22408.72
210.62	22470.62
210.68	22535.79
210.73	22585.66
210.78	22646.21
210.84	22715.18
210.89	22780.51
210.94	22838.26
211.00	22903.24
211.05	22953.93
211.10	23009.45
211.16	23065.81
211.21	23129.38
211.26	23193.23
211.32	23268.91
211.37	23334.42
211.42	23403.79
211.47	23473.98
211.53	23539.49
211.58	23596.65
211.63	23655.16
211.69	23712.69
211.74	23764.59
211.79	23813.21
211.85	23870.83
211.90	23937.11
211.95	23999.61
212.01	24064.53
212.06	24145.82
212.11	24223.07
212.16	24294.03
212.22	24367.20
212.27	24435.64
212.32	24499.12
212.38	24566.40
212.43	24635.10
212.48	24698.21
212.54	24765.62
212.59	24838.99
212.64	24900.47
212.69	24961.67
212.75	25029.30
212.80	25097.74
212.85	25160.09
212.91	25215.32
212.96	25270.41
213.01	25330.20
213.07	25391.93
213.12	25453.25
213.17	25525.05
213.22	25589.57
213.28	25652.46
213.33	25693.31
213.38	25740.57
213.44	25793.83
213.49	25860.74
213.54	25921.99
213.60	26006.53
213.65	26082.01
213.70	26155.81
213.75	26219.84
213.81	26271.37
213.86	26316.86
213.91	26359.21
213.97	26389.17
214.02	26407.89
214.07	26429.01
214.12	26438.04
214.18	26435.61
214.23	26428.70
214.28	26410.10
214.34	26374.94
214.39	26315.54
214.44	26216.09
214.49	26065.38
214.55	25871.10
214.60	25616.36
214.65	25313.46
214.71	25058.52
214.76	24969.76
214.81	25069.83
214.86	25377.64
214.92	25836.69
214.97	26325.21
215.02	26704.73
215.08	26939.13
215.13	27031.98
215.18	27013.51
215.23	26936.36
215.29	26895.31
215.34	26963.76
215.39	27126.00
215.45	27389.99
215.50	27730.35
215.55	28067.28
215.60	28314.18
215.66	28485.45
215.71	28612.27
215.76	28706.92
215.81	28770.45
215.87	28835.40
215.92	28895.61
215.97	28948.70
216.03	29006.24
216.08	29063.23
216.13	29123.90
216.18	29191.55
216.24	29255.40
216.29	29304.42
216.34	29364.46
216.39	29422.40
216.45	29483.68
216.50	29542.88
216.55	29599.64
216.61	29667.44
216.66	29729.95
216.71	29788.35
216.76	29850.69
216.82	29928.07
216.87	29992.97
216.92	30072.07
216.97	30140.87
217.03	30217.06
217.08	30289.82
217.13	30369.27
217.18	30437.93
217.24	30513.66
217.29	30577.82
217.34	30633.22
217.39	30679.63
217.45	30725.59
217.50	30772.37
217.55	30835.75
217.61	30905.72
217.66	30969.92
217.71	31041.23
217.76	31123.28
217.82	31198.55
217.87	31272.10
217.92	31346.09
217.97	31420.04
218.03	31483.73
218.08	31524.17
218.13	31562.99
218.18	31614.47
218.24	31674.69
218.29	31727.11
218.34	31799.73
218.39	31874.19
218.45	31937.81
218.50	31993.12
218.55	32058.59
218.60	32123.29
218.66	32177.06
218.71	32243.39
218.76	32305.42
218.81	32370.48
218.87	32429.92
218.92	32503.22
218.97	32576.24
219.02	32649.35
219.08	32715.18
219.13	32787.42
219.18	32851.05
219.23	32906.03
219.29	32969.34
219.34	33035.67
219.39	33097.94
219.44	33158.76
219.50	33232.18
219.55	33293.47
219.60	33357.34
219.65	33422.03
219.71	33493.68
219.76	33543.56
219.81	33599.91
219.86	33663.42
219.92	33714.66
219.97	33766.92
220.02	33819.09
220.07	33878.63
220.13	33934.92
220.18	33998.46
220.23	34068.24
220.28	34152.22
220.33	34226.63
220.39	34284.77
220.44	34348.34
220.49	34404.28
220.54	34456.53
220.60	34508.79
220.65	34577.85
220.70	34638.35
220.75	34703.35
220.81	34782.62
220.86	34866.33
220.91	34934.41
220.96	35013.19
221.02	35086.88
221.07	35154.77
221.12	35203.98
221.17	35257.64
221.22	35317.81
221.28	35373.93
221.33	35424.97
221.38	35493.53
221.43	35568.62
221.49	35629.25
221.54	35700.88
221.59	35767.50
221.64	35844.32
221.69	35936.94
221.75	36043.18
221.80	36139.20
221.85	36215.80
221.90	36285.16
221.96	36338.43
222.01	36366.54
222.06	36393.19
222.11	36445.21
222.17	36486.33
222.22	36517.24
222.27	36568.11
222.32	36627.59
222.37	36682.56
222.43	36752.37
222.48	36820.61
222.53	36895.08
222.58	36966.13
222.63	37037.04
222.69	37104.17
222.74	37181.47
222.79	37245.19
222.84	37292.69
222.90	37345.78
222.95	37391.40
223.00	37427.78
223.05	37472.87
223.10	37536.00
223.16	37593.43
223.21	37644.80
223.26	37691.53
223.31	37734.75
223.36	37774.94
223.42	37819.02
223.47	37854.64
223.52	37903.91
223.57	37956.48
223.63	38011.31
223.68	38060.27
223.73	38135.93
223.78	38215.53
223.83	38281.51
223.89	38332.96
223.94	38393.46
223.99	38450.60
224.04	38513.21
224.09	38589.62
224.15	38685.54
224.20	38772.52
224.25	38869.88
224.30	38959.87
224.35	39053.22
224.41	39144.82
224.46	39238.05
224.51	39316.14
224.56	39394.00
224.61	39467.41
224.67	39538.42
224.72	39611.49
224.77	39699.54
224.82	39790.54
224.87	39875.72
224.93	39958.59
224.98	40036.68
225.03	40112.00
225.08	40177.77
225.13	40252.13
225.19	40330.48
225.24	40408.52
225.29	40466.13
225.34	40536.32
225.39	40597.98
225.45	40650.06
225.50	40696.06
225.55	40744.75
225.60	40773.40
225.65	40798.15
225.71	40810.95
225.76	40805.35
225.81	40765.08
225.86	40717.38
225.91	40631.75
225.97	40504.99
226.02	40345.37
226.07	40161.73
226.12	40031.45
226.17	40038.14
226.22	40196.54
226.28	40502.01
226.33	40943.22
226.38	41355.88
226.43	41666.15
226.48	41866.13
226.54	41961.79
226.59	41980.83
226.64	41959.85
226.69	41901.85
226.74	41882.67
226.80	41942.25
226.85	42054.43
226.90	42237.31
226.95	42513.03
227.00	42784.49
227.05	43014.05
227.11	43204.84
227.16	43362.85
227.21	43460.36
227.26	43553.73
227.31	43621.99
227.37	43679.38
227.42	43752.04
227.47	43852.23
227.52	43926.99
227.57	44003.48
227.62	44092.53
227.68	44165.18
227.73	44236.08
227.78	44315.34
227.83	44400.66
227.88	44477.08
227.93	44560.18
227.99	44633.35
228.04	44708.99
228.09	44785.85
228.14	44855.22
228.19	44919.53
228.24	44984.33
228.30	45056.03
228.35	45121.93
228.40	45186.91
228.45	45242.53
228.50	45317.34
228.56	45370.66
228.61	45434.02
228.66	45489.86
228.71	45555.63
228.76	45599.19
228.81	45660.54
228.87	45702.14
228.92	45776.50
228.97	45842.78
229.02	45926.64
229.07	45998.84
229.12	46092.24
229.17	46159.28
229.23	46232.79
229.28	46303.43
229.33	46377.62
229.38	46447.67
229.43	46522.40
229.48	46598.98
229.54	46667.92
229.59	46741.03
229.64	46815.12
229.69	46898.14
229.74	46986.77
229.79	47052.11
229.85	47120.78
229.90	47183.12
229.95	47240.98
230.00	47294.98
230.05	47380.12
230.10	47454.07
230.16	47524.97
230.21	47591.59
230.26	47650.35
230.31	47689.24
230.36	47750.10
230.41	47820.16
230.46	47905.74
230.52	47997.82
230.57	48083.61
230.62	48167.78
230.67	48236.38
230.72	48290.13
230.77	48332.59
230.82	48385.44
230.88	48415.69
230.93	48452.78
230.98	48493.56
231.03	48551.15
231.08	48611.37
231.13	48669.49
231.19	48738.41
231.24	48804.91
231.29	48872.75
231.34	48943.29
231.39	49020.81
231.44	49097.35
231.49	49157.44
231.55	49208.99
231.60	49259.69
231.65	49307.97
231.70	49346.78
231.75	49396.26
231.80	49445.07
231.85	49495.06
231.91	49543.28
231.96	49598.73
232.01	49660.86
232.06	49729.93
232.11	49791.37
232.16	49874.19
232.21	49955.70
232.26	50044.64
232.32	50122.06
232.37	50197.74
232.42	50259.26
232.47	50313.74
232.52	50354.33
232.57	50403.57
232.62	50460.05
232.68	50521.11
232.73	50591.28
232.78	50670.23
232.83	50750.13
232.88	50824.11
232.93	50893.85
232.98	50957.83
233.03	51015.26
233.09	51071.57
233.14	51140.50
233.19	51207.44
233.24	51262.07
233.29	51317.36
233.34	51353.82
233.39	51373.49
233.45	51396.05
233.50	51437.11
233.55	51482.78
233.60	51549.66
233.65	51617.09
233.70	51684.66
233.75	51729.94
233.80	51780.00
233.86	51829.03
233.91	51877.08
233.96	51920.33
234.01	51978.19
234.06	52032.46
234.11	52087.82
234.16	52145.27
234.21	52206.17
234.26	52259.22
234.32	52298.48
234.37	52334.42
234.42	52377.05
234.47	52398.24
234.52	52418.10
234.57	52458.66
234.62	52498.71
234.67	52532.40
234.73	52588.72
234.78	52648.22
234.83	52694.16
234.88	52740.25
234.93	52784.96
234.98	52825.24
235.03	52878.42
235.08	52936.60
235.13	52995.77
235.19	53061.18
235.24	53131.83
235.29	53190.89
235.34	53232.21
235.39	53265.68
235.44	53298.03
235.49	53329.20
235.54	53362.75
235.59	53391.23
235.65	53427.28
235.70	53460.70
235.75	53498.33
235.80	53545.57
235.85	53608.72
235.90	53651.28
235.95	53679.73
236.00	53712.00
236.05	53731.14
236.11	53749.56
236.16	53779.29
236.21	53827.76
236.26	53860.83
236.31	53887.73
236.36	53910.36
236.41	53928.71
236.46	53939.65
236.51	53953.93
236.56	53978.76
236.62	54001.74
236.67	54037.08
236.72	54084.66
236.77	54114.40
236.82	54162.64
236.87	54196.55
236.92	54225.73
236.97	54259.37
237.02	54310.39
237.07	54356.06
237.13	54419.73
237.18	54475.17
237.23	54520.88
237.28	54557.80
237.33	54597.33
237.38	54622.51
237.43	54647.95
237.48	54652.00
237.53	54676.29
237.58	54701.49
237.63	54740.50
237.69	54782.91
237.74	54826.80
237.79	54862.36
237.84	54868.40
237.89	54867.21
237.94	54866.36
237.99	54888.80
238.04	54905.99
238.09	54932.26
238.14	54969.16
238.19	55001.62
238.25	55020.63
238.30	55018.31
238.35	55019.76
238.40	55021.60
238.45	55017.54
238.50	55017.50
238.55	55027.10
238.60	55050.86
238.65	55064.60
238.70	55082.80
238.75	55099.21
238.80	55136.29
238.86	55146.43
238.91	55165.21
238.96	55192.92
239.01	55228.20
239.06	55249.00
239.11	55280.76
239.16	55306.87
239.21	55307.09
239.26	55307.99
239.31	55318.18
239.36	55322.14
239.41	55339.57
239.46	55376.66
239.52	55401.72
239.57	55428.32
239.62	55448.69
239.67	55463.83
239.72	55482.65
239.77	55498.52
239.82	55508.25
239.87	55529.89
239.92	55536.35
239.97	55529.21
240.02	55520.75
240.07	55512.38
240.12	55508.67
240.17	55517.72
240.23	55520.47
240.28	55525.80
240.33	55534.44
240.38	55523.15
240.43	55521.25
240.48	55540.25
240.53	55558.76
240.58	55570.84
240.63	55608.84
240.68	55608.53
240.73	55599.04
240.78	55590.35
240.83	55592.25
240.88	55569.73
240.93	55569.92
240.98	55573.13
241.04	55595.02
241.09	55619.21
241.14	55638.66
241.19	55681.49
241.24	55710.63
241.29	55722.35
241.34	55726.50
241.39	55750.98
241.44	55744.80
241.49	55745.34
241.54	55738.28
241.59	55727.44
241.64	55715.21
241.69	55707.05
241.74	55698.65
241.79	55696.50
241.84	55695.94
241.90	55680.68
241.95	55657.76
242.00	55631.71
242.05	55607.13
242.10	55597.38
242.15	55579.15
242.20	55575.89
242.25	55577.94
242.30	55577.77
242.35	55557.69
242.40	55564.12
242.45	55556.48
242.50	55543.25
242.55	55536.93
242.60	55542.76
242.65	55533.97
242.70	55541.88
242.75	55567.15
242.80	55600.35
242.85	55623.23
242.91	55643.16
242.96	55643.39
243.01	55627.90
243.06	55602.16
243.11	55576.21
243.16	55554.08
243.21	55553.71
243.26	55559.41
243.31	55570.48
243.36	55583.00
243.41	55597.30
243.46	55587.83
243.51	55557.67
243.56	55507.47
243.61	55451.90
243.66	55409.59
243.71	55378.09
243.76	55376.55
243.81	55384.80
243.86	55389.29
243.91	55396.81
243.96	55395.10
244.01	55378.29
244.06	55352.58
244.12	55339.70
244.17	55310.98
244.22	55311.43
244.27	55330.11
244.32	55367.43
244.37	55388.84
244.42	55405.87
244.47	55397.53
244.52	55376.15
244.57	55336.23
244.62	55306.13
244.67	55284.98
244.72	55263.66
244.77	55257.62
244.82	55271.48
244.87	55302.87
244.92	55326.08
244.97	55349.57
245.02	55344.49
245.07	55326.93
245.12	55304.22
245.17	55292.56
245.22	55286.55
245.27	55287.33
245.32	55254.67
245.37	55211.44
245.42	55159.58
245.47	55106.11
245.52	55053.95
245.57	55041.48
245.62	55025.14
245.67	55014.76
245.72	55003.61
245.77	54983.53
245.82	54969.75
245.87	54973.27
245.92	54969.10
245.98	54970.57
246.03	54982.94
246.08	54991.48
246.13	54978.77
246.18	54985.74
246.23	54977.24
246.28	54958.15
246.33	54939.47
246.38	54917.54
246.43	54882.45
246.48	54861.24
246.53	54864.39
246.58	54875.75
246.63	54892.06
246.68	54884.55
246.73	54870.41
246.78	54842.71
246.83	54782.13
246.88	54721.09
246.93	54675.25
246.98	54627.12
247.03	54591.24
247.08	54580.28
247.13	54569.75
247.18	54572.60
247.23	54597.06
247.28	54603.61
247.33	54586.17
247.38	54566.78
247.43	54540.84
247.48	54514.53
247.53	54477.84
247.58	54448.10
247.63	54421.06
247.68	54382.07
247.73	54324.75
247.78	54286.51
247.83	54256.70
247.88	54231.84
247.93	54218.88
247.98	54220.34
248.03	54229.52
248.08	54238.31
248.13	54235.00
248.18	54236.23
248.23	54226.79
248.28	54194.28
248.33	54158.48
248.38	54125.84
248.43	54088.69
248.48	54073.50
248.53	54055.93
248.58	54037.18
248.63	54033.74
248.68	54022.83
248.73	53991.45
248.78	53957.15
248.83	53914.71
248.88	53848.00
248.93	53781.72
248.98	53707.34
249.03	53661.41
249.08	53630.18
249.13	53616.64
249.18	53606.98
249.23	53616.54
249.28	53612.83
249.33	53608.16
249.38	53598.80
249.43	53584.18
249.48	53555.02
249.53	53538.40
249.58	53518.69
249.63	53499.84
249.68	53486.05
249.73	53470.95
249.78	53446.74
249.83	53442.73
249.88	53411.27
249.93	53395.67
249.98	53392.02
250.03	53391.09
250.08	53356.86
250.13	53360.83
250.18	53332.02
250.23	53281.20
250.28	53226.29
250.33	53175.47
250.37	53121.64
250.42	53085.26
250.47	53060.98
250.52	53048.09
250.57	53031.14
250.62	53001.79
250.67	52969.05
250.72	52947.48
250.77	52902.91
250.82	52878.51
250.87	52869.73
250.92	52859.97
250.97	52842.81
251.02	52841.37
251.07	52841.66
251.12	52817.53
251.17	52784.26
251.22	52749.82
251.27	52705.16
251.32	52656.63
251.37	52604.02
251.42	52552.25
251.47	52506.34
251.52	52489.10
251.57	52466.66
251.62	52460.67
251.67	52457.19
251.72	52444.73
251.77	52407.00
251.82	52362.94
251.87	52321.78
251.92	52279.19
251.97	52228.83
252.02	52183.39
252.07	52158.79
252.12	52140.07
252.16	52131.80
252.21	52127.27
252.26	52133.60
252.31	52134.99
252.36	52124.55
252.41	52098.56
252.46	52079.09
252.51	52050.23
252.56	52013.83
252.61	51983.34
252.66	51961.37
252.71	51932.83
252.76	51904.73
252.81	51865.31
252.86	51810.04
252.91	51759.87
252.96	51700.81
253.01	51636.49
253.06	51572.36
253.11	51527.21
253.16	51477.73
253.21	51429.36
253.26	51393.05
253.31	51366.13
253.36	51340.45
253.40	51316.85
253.45	51311.79
253.50	51272.51
253.55	51236.54
253.60	51188.87
253.65	51150.05
253.70	51103.38
253.75	51091.30
253.80	51071.92
253.85	51068.46
253.90	51071.86
253.95	51070.03
254.00	51063.66
254.05	51051.52
254.10	51013.01
254.15	50974.96
254.20	50942.07
254.25	50898.94
254.30	50863.17
254.35	50829.76
254.39	50758.77
254.44	50680.81
254.49	50610.61
254.54	50570.62
254.59	50536.48
254.64	50531.24
254.69	50525.53
254.74	50522.77
254.79	50498.47
254.84	50465.19
254.89	50443.78
254.94	50433.05
254.99	50414.01
255.04	50397.99
255.09	50394.02
255.14	50361.33
255.19	50344.16
255.23	50334.93
255.28	50321.53
255.33	50312.21
255.38	50307.60
255.43	50286.61
255.48	50260.25
255.53	50215.53
255.58	50183.04
255.63	50150.21
255.68	50105.58
255.73	50060.89
255.78	50035.30
255.83	50006.46
255.88	49982.13
255.93	49957.39
255.97	49943.60
256.02	49917.39
256.07	49870.05
256.12	49806.70
256.17	49749.32
256.22	49685.85
256.27	49628.42
256.32	49582.22
256.37	49555.58
256.42	49537.23
256.47	49512.39
256.52	49482.73
256.57	49458.10
256.62	49440.99
256.66	49429.69
256.71	49400.27
256.76	49368.77
256.81	49322.48
256.86	49272.65
256.91	49217.09
256.96	49181.32
257.01	49155.15
257.06	49130.00
257.11	49100.70
257.16	49055.89
257.21	49016.18
257.26	48966.25
257.30	48930.86
257.35	48885.30
257.40	48858.13
257.45	48843.00
257.50	48821.19
257.55	48784.59
257.60	48761.14
257.65	48740.39
257.70	48691.84
257.75	48657.39
257.80	48632.95
257.85	48596.50
257.89	48548.63
257.94	48498.04
257.99	48438.90
258.04	48382.79
258.09	48345.58
258.14	48313.22
258.19	48296.75
258.24	48276.42
258.29	48244.55
258.34	48200.65
258.39	48163.36
258.44	48103.29
258.48	48049.48
258.53	48007.61
258.58	47967.52
258.63	47916.12
258.68	47876.14
258.73	47837.34
258.78	47793.29
258.83	47741.13
258.88	47699.04
258.93	47664.36
258.97	47637.29
259.02	47610.82
259.07	47596.23
259.12	47585.36
259.17	47570.01
259.22	47552.90
259.27	47532.03
259.32	47508.24
259.37	47462.68
259.42	47421.26
259.47	47375.08
259.51	47326.43
259.56	47263.83
259.61	47194.70
259.66	47112.57
259.71	47039.71
259.76	46971.04
259.81	46913.90
259.86	46875.06
259.91	46844.43
259.95	46818.12
260.00	46801.94
260.05	46785.33
260.10	46762.63
260.15	46755.31
260.20	46741.68
260.25	46728.87
260.30	46719.02
260.35	46688.17
260.40	46653.01
260.44	46620.06
260.49	46590.72
260.54	46547.66
260.59	46531.11
260.64	46514.14
260.69	46513.09
260.74	46477.85
260.79	46444.55
260.84	46401.08
260.88	46344.97
260.93	46264.99
260.98	46224.47
261.03	46183.94
261.08	46160.98
261.13	46126.22
261.18	46088.87
261.23	46030.52
261.28	45988.50
261.32	45940.57
261.37	45897.11
261.42	45868.53
261.47	45848.45
261.52	45800.28
261.57	45750.79
261.62	45710.43
261.67	45653.26
261.71	45585.18
261.76	45543.96
261.81	45488.27
261.86	45440.00
261.91	45398.56
261.96	45364.27
262.01	45325.25
262.06	45311.39
262.10	45286.19
262.15	45270.00
262.20	45255.60
262.25	45239.12
262.30	45209.88
262.35	45195.07
262.40	45163.70
262.45	45132.47
262.49	45102.55
262.54	45064.21
262.59	45023.80
262.64	45000.77
262.69	44968.95
262.74	44923.91
262.79	44874.72
262.84	44834.50
262.88	44784.33
262.93	44730.39
262.98	44691.35
263.03	44654.18
263.08	44598.93
263.13	44523.47
263.18	44457.58
263.23	44397.03
263.27	44350.48
263.32	44317.19
263.37	44303.61
263.42	44286.29
263.47	44253.74
263.52	44229.26
263.57	44190.22
263.61	44149.13
263.66	44117.05
263.71	44084.77
263.76	44047.33
263.81	44004.05
263.86	43972.55
263.91	43923.43
263.95	43860.14
264.00	43793.37
264.05	43744.02
264.10	43681.67
264.15	43615.10
264.20	43581.31
264.25	43542.23
264.29	43493.99
264.34	43438.22
264.39	43400.71
264.44	43347.26
264.49	43307.18
264.54	43267.25
264.59	43242.11
264.63	43202.85
264.68	43155.41
264.73	43104.86
264.78	43057.68
264.83	42995.25
264.88	42955.78
264.93	42933.03
264.97	42901.12
265.02	42873.66
265.07	42856.02
265.12	42804.67
265.17	42751.10
265.22	42713.11
265.27	42657.69
265.31	42595.50
265.36	42541.03
265.41	42488.47
265.46	42421.37
265.51	42348.38
265.56	42290.27
265.60	42243.58
265.65	42182.29
265.70	42124.22
265.75	42079.77
265.80	42027.17
265.85	41963.40
265.90	41911.42
265.94	41857.09
265.99	41796.61
266.04	41739.64
266.09	41702.46
266.14	41661.26
266.19	41619.76
266.23	41591.13
266.28	41554.77
266.33	41516.13
266.38	41491.44
266.43	41478.12
266.48	41460.62
266.52	41434.60
266.57	41400.03
266.62	41353.91
266.67	41300.56
266.72	41246.17
266.77	41216.16
266.81	41191.65
266.86	41159.06
266.91	41126.13
266.96	41083.19
267.01	41038.63
267.06	40982.49
267.10	40933.23
267.15	40888.44
267.20	40859.62
267.25	40824.20
267.30	40795.83
267.35	40767.45
267.39	40725.09
267.44	40686.12
267.49	40637.11
267.54	40586.46
267.59	40533.74
267.64	40482.03
267.68	40420.60
267.73	40367.22
267.78	40326.87
267.83	40298.20
267.88	40278.48
267.93	40273.06
267.97	40257.45
268.02	40219.60
268.07	40178.33
268.12	40129.09
268.17	40058.93
268.21	40009.35
268.26	39964.06
268.31	39914.19
268.36	39868.17
268.41	39824.11
268.46	39777.81
268.50	39740.24
268.55	39693.85
268.60	39634.05
268.65	39572.24
268.70	39494.97
268.74	39427.43
268.79	39353.44
268.84	39296.13
268.89	39249.65
268.94	39218.37
268.99	39177.11
269.03	39138.58
269.08	39094.23
269.13	39023.79
269.18	38946.76
269.23	38846.78
269.27	38744.19
269.32	38620.93
269.37	38506.10
269.42	38363.71
269.47	38231.20
269.51	38088.11
269.56	37949.62
269.61	37804.61
269.66	37662.88
269.71	37507.01
269.76	37361.41
269.80	37211.50
269.85	37063.26
269.90	36917.62
269.95	36768.27
270.00	36604.64
270.04	36453.50
270.09	36309.72
270.14	36163.06
270.19	36030.26
270.24	35898.93
270.28	35744.42
270.33	35575.31
270.38	35400.54
270.43	35221.21
270.48	35048.05
270.52	34888.60
270.57	34727.50
270.62	34569.98
270.67	34416.98
270.72	34253.27
270.76	34079.59
270.81	33908.68
270.86	33737.21
270.91	33556.98
270.96	33393.33
271.00	33228.08
271.05	33073.13
271.10	32929.48
271.15	32801.04
271.20	32671.40
271.24	32541.17
271.29	32410.68
271.34	32265.05
271.39	32117.73
271.44	31965.68
271.48	31828.46
271.53	31679.17
271.58	31534.69
271.63	31382.72
271.67	31237.07
271.72	31090.38
271.77	30947.73
271.82	30814.51
271.87	30682.90
271.91	30521.65
271.96	30373.34
272.01	30224.92
272.06	30089.47
272.11	29966.70
272.15	29868.43
272.20	29763.55
272.25	29673.17
272.30	29572.00
272.35	29462.12
272.39	29356.10
272.44	29234.49
272.49	29096.07
272.54	28953.76
272.58	28803.63
272.63	28648.94
272.68	28494.88
272.73	28339.97
272.78	28170.32
272.82	27973.24
272.87	27753.24
272.92	27471.06
272.97	26944.19
273.01	23972.17
273.06	19007.53
273.11	13534.61
273.16	8164.04
273.21	3072.46
273.25	465.33
273.30	-87.67
273.35	-88.59
