165.32	3375.22
165.38	-245.35
165.44	595.24
165.50	-77.47
165.55	-20.71
165.61	0.34
165.67	26.61
165.72	34.64
165.78	38.89
165.84	37.45
165.89	34.55
165.95	33.18
166.01	32.79
166.06	34.54
166.12	36.70
166.18	34.56
166.23	36.37
166.29	35.24
166.35	32.22
166.40	31.92
166.46	38.62
166.52	40.96
166.57	41.94
166.63	42.11
166.69	44.15
166.74	38.27
166.80	38.80
166.86	41.06
166.91	41.96
166.97	36.73
167.03	39.36
167.08	33.79
167.14	32.86
167.20	31.10
167.25	43.24
167.31	43.36
167.37	48.60
167.42	50.10
167.48	55.88
167.54	50.10
167.59	49.63
167.65	45.73
167.71	45.70
167.76	44.44
167.82	40.41
167.88	40.30
167.93	47.62
167.99	46.47
168.05	48.91
168.10	56.85
168.16	56.22
168.21	54.09
168.27	58.75
168.33	60.30
168.38	52.97
168.44	57.81
168.50	56.72
168.55	54.90
168.61	55.76
168.67	57.46
168.72	54.26
168.78	54.82
168.84	50.62
168.89	49.31
168.95	49.88
169.01	49.53
169.06	48.52
169.12	47.93
169.18	45.87
169.23	46.03
169.29	50.41
169.34	55.00
169.40	57.71
169.46	62.23
169.51	64.60
169.57	59.63
169.63	55.36
169.68	60.42
169.74	56.76
169.80	62.46
169.85	64.32
169.91	68.60
169.97	64.53
170.02	64.61
170.08	63.35
170.13	63.71
170.19	63.40
170.25	64.86
170.30	68.48
170.36	60.32
170.42	62.46
170.47	63.61
170.53	65.52
170.59	62.80
170.64	66.20
170.70	64.11
170.76	61.73
170.81	63.09
170.87	62.57
170.92	63.71
170.98	67.05
171.04	69.21
171.09	65.26
171.15	72.65
171.21	73.35
171.26	69.90
171.32	67.51
171.37	71.27
171.43	65.91
171.49	70.43
171.54	73.89
171.60	75.54
171.66	76.94
171.71	77.00
171.77	74.66
171.83	80.60
171.88	79.33
171.94	78.80
171.99	83.21
172.05	81.92
172.11	82.88
172.16	91.55
172.22	92.09
172.28	92.66
172.33	90.92
172.39	87.84
172.44	84.64
172.50	89.67
172.56	88.89
172.61	97.38
172.67	96.96
172.72	96.47
172.78	92.08
172.84	87.37
172.89	80.65
172.95	79.92
173.01	81.46
173.06	79.86
173.12	85.41
173.17	86.43
173.23	86.29
173.29	85.62
173.34	87.43
173.40	82.12
173.46	82.51
173.51	84.89
173.57	84.92
173.62	79.27
173.68	85.59
173.74	84.88
173.79	86.43
173.85	83.62
173.90	86.31
173.96	82.88
174.02	80.13
174.07	71.69
174.13	71.28
174.18	73.86
174.24	67.12
174.30	67.08
174.35	72.03
174.41	69.11
174.47	62.80
174.52	63.99
174.58	63.29
174.63	59.37
174.69	58.25
174.75	59.61
174.80	70.96
174.86	68.22
174.91	69.02
174.97	69.04
175.03	66.44
175.08	53.81
175.14	60.64
175.19	56.64
175.25	56.94
175.31	61.51
175.36	62.96
175.42	60.18
175.47	64.94
175.53	65.34
175.59	61.44
175.64	62.80
175.70	60.38
175.75	55.67
175.81	54.38
175.87	56.02
175.92	52.65
175.98	54.38
176.03	54.54
176.09	54.67
176.15	54.43
176.20	55.55
176.26	55.21
176.31	58.47
176.37	55.98
176.42	57.17
176.48	60.53
176.54	58.48
176.59	55.37
176.65	57.79
176.70	59.31
176.76	58.82
176.82	56.88
176.87	54.13
176.93	54.46
176.98	53.14
177.04	47.95
177.10	52.47
177.15	53.86
177.21	54.81
177.26	53.53
177.32	57.48
177.37	59.33
177.43	63.31
177.49	59.58
177.54	57.15
177.60	57.41
177.65	57.93
177.71	52.12
177.77	54.86
177.82	56.65
177.88	60.25
177.93	55.54
177.99	62.30
178.04	58.62
178.10	59.00
178.16	52.54
178.21	53.19
178.27	50.14
178.32	53.74
178.38	52.92
178.43	54.56
178.49	54.89
178.55	54.03
178.60	52.96
178.66	52.11
178.71	53.72
178.77	51.59
178.82	53.10
178.88	52.75
178.94	53.10
178.99	53.96
179.05	58.49
179.10	54.01
179.16	56.94
179.21	59.19
179.27	58.15
179.33	53.33
179.38	57.22
179.44	55.42
179.49	55.84
179.55	53.86
179.60	54.51
179.66	53.43
179.72	55.63
179.77	52.90
179.83	51.70
179.88	53.38
179.94	54.58
179.99	51.30
180.05	52.02
180.11	53.12
180.16	55.67
180.22	58.15
180.27	62.50
180.33	63.27
180.38	67.12
180.44	62.59
180.49	62.42
180.55	60.89
180.61	64.75
180.66	59.48
180.72	57.38
180.77	55.76
180.83	55.24
180.88	52.04
180.94	52.15
180.99	56.12
181.05	56.09
181.11	57.48
181.16	58.11
181.22	59.56
181.27	61.98
181.33	60.82
181.38	57.33
181.44	58.28
181.49	62.68
181.55	63.17
181.61	68.80
181.66	71.68
181.72	69.52
181.77	66.99
181.83	64.38
181.88	69.71
181.94	71.64
181.99	77.26
182.05	77.79
182.11	79.04
182.16	70.31
182.22	68.29
182.27	63.99
182.33	66.50
182.38	66.52
182.44	71.14
182.49	73.40
182.55	74.89
182.60	74.41
182.66	77.22
182.72	79.75
182.77	82.00
182.83	85.59
182.88	88.79
182.94	90.35
182.99	87.50
183.05	85.81
183.10	87.96
183.16	87.69
183.21	89.58
183.27	98.01
183.32	103.60
183.38	108.13
183.44	116.47
183.49	123.11
183.55	126.69
183.60	134.92
183.66	143.07
183.71	154.43
183.77	164.05
183.82	174.71
183.88	188.07
183.93	202.14
183.99	217.50
184.04	236.40
184.10	250.48
184.15	263.86
184.21	277.90
184.27	279.48
184.32	278.68
184.38	274.89
184.43	267.92
184.49	247.16
184.54	226.48
184.60	213.86
184.65	197.18
184.71	186.11
184.76	187.74
184.82	206.57
184.87	225.55
184.93	254.24
184.98	285.16
185.04	319.91
185.09	348.17
185.15	377.65
185.20	412.59
185.26	449.92
185.31	482.26
185.37	512.68
185.43	535.16
185.48	556.57
185.54	582.53
185.59	608.79
185.65	635.15
185.70	678.20
185.76	726.21
185.81	761.11
185.87	800.01
185.92	846.21
185.98	883.01
186.03	899.45
186.09	901.66
186.14	874.81
186.20	816.94
186.25	723.51
186.31	630.06
186.36	556.25
186.42	523.04
186.47	531.15
186.53	580.33
186.58	653.04
186.64	732.40
186.69	807.94
186.75	869.87
186.80	929.38
186.86	987.00
186.91	1044.06
186.97	1095.55
187.02	1160.66
187.08	1218.48
187.13	1260.86
187.19	1302.40
187.24	1341.27
187.30	1356.51
187.35	1369.35
187.41	1396.99
187.47	1424.23
187.52	1453.49
187.58	1510.47
187.63	1596.76
187.69	1692.69
187.74	1778.93
187.80	1853.60
187.85	1907.44
187.91	1927.67
187.96	1913.60
188.02	1865.83
188.07	1785.22
188.13	1659.81
188.18	1525.99
188.24	1430.80
188.29	1390.02
188.35	1408.40
188.40	1494.90
188.46	1627.36
188.51	1757.45
188.57	1890.55
188.62	2019.15
188.67	2140.11
188.73	2252.85
188.78	2363.59
188.84	2468.80
188.89	2574.84
188.95	2683.10
189.00	2773.50
189.06	2872.01
189.11	2969.03
189.17	3052.45
189.22	3126.94
189.28	3218.21
189.33	3295.95
189.39	3359.03
189.44	3426.10
189.50	3500.11
189.55	3567.40
189.61	3620.29
189.66	3676.65
189.72	3732.65
189.77	3779.88
189.83	3804.76
189.88	3807.99
189.94	3771.76
189.99	3682.38
190.05	3517.80
190.10	3285.98
190.16	3018.27
190.21	2781.14
190.27	2620.20
190.32	2559.34
190.38	2599.79
190.43	2717.91
190.49	2855.31
190.54	2962.52
190.60	3046.44
190.65	3102.28
190.71	3140.67
190.76	3174.70
190.81	3223.91
190.87	3294.36
190.92	3416.01
190.98	3572.80
191.03	3752.85
191.09	3933.31
191.14	4084.47
191.20	4195.18
191.25	4297.19
191.31	4403.61
191.36	4536.49
191.42	4699.87
191.47	4888.09
191.53	5076.55
191.58	5233.40
191.64	5350.84
191.69	5444.40
191.75	5503.20
191.80	5538.98
191.85	5562.38
191.91	5585.59
191.96	5605.95
192.02	5639.77
192.07	5655.71
192.13	5652.85
192.18	5602.82
192.24	5483.67
192.29	5280.71
192.35	5049.29
192.40	4859.52
192.46	4750.94
192.51	4746.72
192.57	4844.82
192.62	5030.21
192.67	5221.09
192.73	5403.55
192.78	5570.49
192.84	5725.06
192.89	5859.21
192.95	5991.14
193.00	6107.13
193.06	6218.65
193.11	6325.12
193.17	6416.69
193.22	6497.87
193.28	6588.44
193.33	6663.40
193.38	6732.31
193.44	6804.93
193.49	6878.58
193.55	6937.77
193.60	6996.71
193.66	7049.32
193.71	7094.64
193.77	7123.17
193.82	7142.34
193.88	7158.60
193.93	7186.11
193.98	7211.52
194.04	7251.65
194.09	7299.58
194.15	7351.33
194.20	7392.50
194.26	7432.64
194.31	7472.63
194.37	7493.08
194.42	7496.12
194.47	7483.21
194.53	7436.37
194.58	7340.35
194.64	7229.41
194.69	7129.74
194.75	7056.46
194.80	7037.40
194.86	7074.45
194.91	7163.47
194.97	7264.44
195.02	7371.50
195.07	7472.92
195.13	7567.10
195.18	7656.60
195.24	7739.24
195.29	7814.64
195.35	7871.31
195.40	7936.05
195.46	7990.24
195.51	8069.89
195.56	8162.84
195.62	8275.41
195.67	8376.67
195.73	8477.88
195.78	8550.62
195.84	8596.45
195.89	8623.15
195.94	8657.18
196.00	8697.16
196.05	8750.55
196.11	8825.92
196.16	8906.80
196.22	8987.41
196.27	9065.46
196.32	9129.11
196.38	9177.17
196.43	9227.95
196.49	9267.40
196.54	9304.23
196.60	9349.70
196.65	9396.72
196.71	9439.06
196.76	9486.26
196.81	9525.47
196.87	9559.33
196.92	9589.61
196.98	9607.63
197.03	9616.78
197.09	9612.37
197.14	9605.21
197.19	9602.90
197.25	9617.28
197.30	9642.46
197.36	9696.75
197.41	9757.84
197.47	9822.18
197.52	9882.83
197.57	9952.07
197.63	10005.53
197.68	10059.37
197.74	10110.09
197.79	10157.18
197.84	10198.24
197.90	10240.95
197.95	10283.44
198.01	10323.48
198.06	10367.23
198.12	10407.82
198.17	10445.14
198.22	10480.82
198.28	10518.20
198.33	10557.11
198.39	10597.47
198.44	10643.50
198.49	10694.42
198.55	10741.63
198.60	10788.47
198.66	10831.17
198.71	10884.32
198.77	10929.65
198.82	10984.61
198.87	11035.80
198.93	11089.13
198.98	11136.15
199.04	11185.34
199.09	11222.19
199.14	11265.05
199.20	11304.93
199.25	11345.75
199.31	11387.84
199.36	11437.13
199.42	11480.86
199.47	11526.21
199.52	11563.80
199.58	11601.95
199.63	11629.07
199.69	11660.97
199.74	11696.19
199.79	11722.34
199.85	11750.01
199.90	11792.53
199.96	11833.19
200.01	11875.41
200.06	11930.58
200.12	11983.22
200.17	12034.50
200.23	12085.79
200.28	12129.15
200.33	12177.81
200.39	12220.00
200.44	12263.63
200.50	12306.37
200.55	12346.12
200.60	12383.04
200.66	12425.59
200.71	12455.20
200.77	12496.39
200.82	12537.27
200.87	12578.58
200.93	12616.94
200.98	12660.75
201.04	12696.17
201.09	12742.43
201.14	12794.03
201.20	12844.03
201.25	12901.62
201.31	12958.52
201.36	13018.34
201.41	13072.77
201.47	13130.75
201.52	13179.24
201.58	13235.86
201.63	13279.23
201.68	13324.70
201.74	13372.92
201.79	13424.20
201.84	13476.51
201.90	13525.99
201.95	13573.68
202.01	13624.28
202.06	13675.04
202.11	13714.55
202.17	13762.71
202.22	13812.05
202.28	13851.47
202.33	13890.06
202.38	13927.08
202.44	13971.95
202.49	14012.28
202.54	14062.36
202.60	14110.78
202.65	14162.71
202.71	14208.52
202.76	14251.83
202.81	14294.17
202.87	14345.27
202.92	14396.72
202.98	14450.42
203.03	14507.89
203.08	14565.13
203.14	14616.86
203.19	14667.60
203.24	14719.88
203.30	14769.73
203.35	14814.61
203.41	14862.60
203.46	14906.62
203.51	14945.30
203.57	14982.76
203.62	15028.66
203.67	15074.37
203.73	15117.79
203.78	15162.45
203.84	15211.87
203.89	15246.89
203.94	15273.17
204.00	15305.50
204.05	15321.89
204.10	15321.79
204.16	15317.49
204.21	15308.18
204.27	15272.41
204.32	15223.02
204.37	15154.18
204.43	15050.70
204.48	14924.46
204.53	14812.30
204.59	14766.64
204.64	14820.95
204.69	14979.41
204.75	15202.39
204.80	15455.17
204.86	15656.90
204.91	15782.05
204.96	15834.46
205.02	15841.23
205.07	15843.33
205.12	15898.23
205.18	16009.19
205.23	16158.73
205.28	16345.76
205.34	16529.23
205.39	16682.46
205.45	16790.99
205.50	16879.85
205.55	16950.93
205.61	17010.56
205.66	17069.49
205.71	17135.95
205.77	17201.74
205.82	17259.58
205.87	17321.56
205.93	17374.20
205.98	17420.56
206.03	17460.35
206.09	17506.61
206.14	17551.86
206.20	17603.75
206.25	17654.54
206.30	17717.65
206.36	17776.82
206.41	17839.94
206.46	17888.85
206.52	17939.56
206.57	17987.46
206.62	18028.66
206.68	18071.46
206.73	18126.33
206.78	18185.83
206.84	18239.39
206.89	18303.40
206.94	18364.79
207.00	18435.74
207.05	18503.13
207.11	18570.50
207.16	18632.01
207.21	18691.15
207.27	18743.72
207.32	18798.67
207.37	18855.16
207.43	18915.09
207.48	18970.50
207.53	19023.65
207.59	19080.45
207.64	19136.67
207.69	19205.59
207.75	19281.03
207.80	19343.43
207.85	19397.41
207.91	19450.38
207.96	19494.31
208.01	19543.04
208.07	19599.55
208.12	19661.41
208.17	19720.71
208.23	19774.34
208.28	19820.85
208.33	19883.21
208.39	19948.37
208.44	20014.06
208.49	20075.49
208.55	20137.63
208.60	20185.30
208.65	20228.50
208.71	20276.30
208.76	20336.51
208.81	20402.25
208.87	20469.87
208.92	20532.94
208.97	20598.33
209.03	20662.11
209.08	20724.06
209.13	20779.50
209.19	20841.88
209.24	20894.79
209.29	20952.21
209.35	21000.56
209.40	21064.67
209.45	21126.16
209.51	21195.86
209.56	21261.77
209.61	21329.15
209.67	21398.32
209.72	21460.38
209.77	21521.43
209.83	21581.56
209.88	21651.19
209.93	21707.09
209.99	21767.09
210.04	21836.80
210.09	21901.92
210.15	21960.59
210.20	22023.75
210.25	22090.38
210.31	22155.05
210.36	22201.05
210.41	22254.26
210.46	22315.70
210.52	22370.16
210.57	22413.53
210.62	22483.81
210.68	22553.53
210.73	22604.22
210.78	22667.68
210.84	22731.37
210.89	22789.38
210.94	22842.50
211.00	22902.46
211.05	22956.06
211.10	23019.82
211.16	23081.04
211.21	23142.59
211.26	23209.36
211.32	23279.45
211.37	23346.44
211.42	23413.59
211.47	23482.26
211.53	23546.90
211.58	23603.85
211.63	23659.17
211.69	23717.66
211.74	23771.26
211.79	23823.00
211.85	23881.41
211.90	23945.15
211.95	24011.20
212.01	24084.24
212.06	24167.05
212.11	24248.04
212.16	24325.48
212.22	24397.16
212.27	24456.09
212.32	24520.73
212.38	24584.14
212.43	24646.19
212.48	24707.63
212.54	24780.30
212.59	24848.12
212.64	24916.70
212.69	24974.41
212.75	25036.37
212.80	25103.65
212.85	25160.60
212.91	25211.36
212.96	25273.86
213.01	25341.39
213.07	25396.31
213.12	25465.05
213.17	25536.47
213.22	25596.89
213.28	25657.92
213.33	25708.10
213.38	25759.26
213.44	25809.05
213.49	25876.43
213.54	25938.51
213.60	26019.05
213.65	26090.83
213.70	26167.46
213.75	26228.75
213.81	26280.86
213.86	26326.33
213.91	26370.70
213.97	26399.96
214.02	26422.89
214.07	26437.04
214.12	26440.78
214.18	26433.48
214.23	26427.14
214.28	26406.99
214.34	26375.62
214.39	26321.16
214.44	26224.87
214.49	26078.67
214.55	25883.12
214.60	25627.35
214.65	25323.77
214.71	25064.80
214.76	24973.16
214.81	25076.17
214.86	25385.07
214.92	25848.01
214.97	26337.76
215.02	26717.10
215.08	26954.54
215.13	27048.85
215.18	27025.04
215.23	26951.94
215.29	26911.48
215.34	26971.38
215.39	27132.44
215.45	27399.39
215.50	27737.25
215.55	28064.58
215.60	28320.89
215.66	28498.20
215.71	28619.82
215.76	28709.93
215.81	28773.80
215.87	28833.38
215.92	28888.66
215.97	28942.30
216.03	29000.70
216.08	29064.93
216.13	29127.97
216.18	29195.20
216.24	29262.88
216.29	29314.92
216.34	29369.55
216.39	29428.98
216.45	29493.16
216.50	29553.53
216.55	29617.51
216.61	29690.81
216.66	29748.14
216.71	29812.51
216.76	29875.99
216.82	29948.45
216.87	30012.27
216.92	30090.06
216.97	30153.46
217.03	30229.80
217.08	30303.30
217.13	30381.90
217.18	30453.88
217.24	30530.23
217.29	30600.38
217.34	30651.56
217.39	30695.49
217.45	30748.84
217.50	30797.80
217.55	30854.10
217.61	30920.40
217.66	30991.84
217.71	31053.97
217.76	31127.03
217.82	31203.78
217.87	31284.89
217.92	31357.27
217.97	31428.06
218.03	31495.40
218.08	31543.97
218.13	31587.76
218.18	31635.90
218.24	31707.18
218.29	31761.10
218.34	31818.70
218.39	31882.08
218.45	31956.80
218.50	32007.55
218.55	32070.50
218.60	32138.90
218.66	32191.94
218.71	32251.05
218.76	32313.33
218.81	32376.27
218.87	32438.99
218.92	32515.07
218.97	32580.10
219.02	32648.11
219.08	32722.55
219.13	32801.45
219.18	32868.35
219.23	32930.18
219.29	32994.79
219.34	33054.97
219.39	33112.23
219.44	33173.18
219.50	33242.52
219.55	33309.47
219.60	33374.63
219.65	33435.55
219.71	33502.02
219.76	33556.89
219.81	33608.81
219.86	33668.53
219.92	33718.30
219.97	33769.70
220.02	33834.92
220.07	33890.52
220.13	33945.70
220.18	34015.62
220.23	34085.90
220.28	34159.20
220.33	34239.23
220.39	34306.00
220.44	34370.42
220.49	34430.86
220.54	34479.74
220.60	34533.95
220.65	34594.53
220.70	34660.73
220.75	34729.78
220.81	34807.09
220.86	34884.74
220.91	34951.20
220.96	35016.81
221.02	35086.86
221.07	35151.96
221.12	35207.46
221.17	35275.33
221.22	35338.48
221.28	35399.05
221.33	35460.50
221.38	35521.20
221.43	35588.05
221.49	35647.83
221.54	35709.81
221.59	35775.99
221.64	35862.85
221.69	35949.25
221.75	36055.90
221.80	36152.37
221.85	36227.86
221.90	36290.16
221.96	36345.87
222.01	36370.78
222.06	36410.98
222.11	36465.28
222.17	36509.17
222.22	36542.13
222.27	36598.10
222.32	36639.51
222.37	36685.53
222.43	36749.85
222.48	36815.33
222.53	36885.85
222.58	36971.06
222.63	37044.35
222.69	37106.44
222.74	37184.07
222.79	37250.20
222.84	37291.60
222.90	37345.35
222.95	37400.78
223.00	37440.42
223.05	37491.95
223.10	37558.97
223.16	37614.99
223.21	37663.34
223.26	37724.23
223.31	37766.23
223.36	37802.83
223.42	37844.14
223.47	37880.51
223.52	37914.03
223.57	37960.24
223.63	38011.48
223.68	38055.10
223.73	38130.24
223.78	38209.53
223.83	38277.94
223.89	38334.38
223.94	38411.53
223.99	38470.85
224.04	38541.80
224.09	38618.52
224.15	38720.99
224.20	38799.39
224.25	38895.81
224.30	38976.31
224.35	39061.89
224.41	39147.06
224.46	39245.68
224.51	39324.04
224.56	39411.16
224.61	39489.96
224.67	39562.75
224.72	39634.56
224.77	39722.02
224.82	39812.10
224.87	39894.34
224.93	39968.75
224.98	40046.70
225.03	40131.81
225.08	40209.61
225.13	40286.97
225.19	40373.05
225.24	40455.29
225.29	40510.69
225.34	40566.79
225.39	40628.93
225.45	40684.68
225.50	40725.76
225.55	40777.10
225.60	40808.94
225.65	40828.99
225.71	40831.86
225.76	40819.30
225.81	40783.36
225.86	40730.48
225.91	40647.13
225.97	40525.00
226.02	40366.37
226.07	40158.45
226.12	40028.60
226.17	40031.67
226.22	40195.95
226.28	40512.38
226.33	40964.22
226.38	41380.98
226.43	41694.27
226.48	41886.65
226.54	41971.14
226.59	41986.11
226.64	41960.71
226.69	41911.74
226.74	41890.36
226.80	41957.87
226.85	42078.13
226.90	42262.79
226.95	42540.00
227.00	42819.68
227.05	43045.57
227.11	43237.81
227.16	43388.34
227.21	43486.51
227.26	43581.54
227.31	43658.88
227.37	43708.00
227.42	43785.58
227.47	43866.15
227.52	43936.90
227.57	44003.56
227.62	44103.30
227.68	44180.61
227.73	44261.35
227.78	44338.52
227.83	44415.45
227.88	44476.35
227.93	44544.97
227.99	44624.82
228.04	44703.52
228.09	44797.81
228.14	44875.35
228.19	44957.70
228.24	45018.64
228.30	45087.33
228.35	45145.95
228.40	45219.01
228.45	45274.31
228.50	45346.35
228.56	45403.13
228.61	45463.07
228.66	45512.03
228.71	45569.06
228.76	45615.15
228.81	45667.70
228.87	45707.75
228.92	45777.22
228.97	45838.68
229.02	45923.69
229.07	46000.47
229.12	46099.79
229.17	46169.42
229.23	46254.81
229.28	46329.16
229.33	46412.06
229.38	46484.87
229.43	46565.64
229.48	46638.96
229.54	46704.65
229.59	46770.60
229.64	46839.35
229.69	46916.31
229.74	47003.86
229.79	47076.26
229.85	47148.39
229.90	47218.47
229.95	47286.67
230.00	47342.65
230.05	47427.34
230.10	47497.31
230.16	47559.96
230.21	47620.66
230.26	47674.97
230.31	47712.29
230.36	47775.70
230.41	47838.70
230.46	47923.27
230.52	48021.16
230.57	48103.14
230.62	48181.79
230.67	48255.45
230.72	48309.18
230.77	48343.40
230.82	48394.48
230.88	48431.19
230.93	48478.13
230.98	48517.20
231.03	48572.66
231.08	48626.27
231.13	48680.23
231.19	48742.71
231.24	48817.28
231.29	48897.94
231.34	48965.92
231.39	49047.68
231.44	49122.95
231.49	49174.82
231.55	49220.66
231.60	49266.47
231.65	49312.99
231.70	49353.76
231.75	49407.41
231.80	49458.06
231.85	49512.95
231.91	49552.97
231.96	49599.86
232.01	49660.59
232.06	49722.71
232.11	49790.22
232.16	49875.73
232.21	49963.03
232.26	50038.36
232.32	50121.80
232.37	50192.69
232.42	50257.20
232.47	50311.91
232.52	50364.43
232.57	50417.89
232.62	50476.85
232.68	50536.64
232.73	50601.66
232.78	50684.88
232.83	50766.15
232.88	50842.60
232.93	50915.48
232.98	50990.39
233.03	51046.90
233.09	51099.34
233.14	51169.17
233.19	51219.80
233.24	51265.35
233.29	51311.50
233.34	51339.83
233.39	51358.35
233.45	51395.10
233.50	51434.20
233.55	51479.65
233.60	51547.35
233.65	51617.82
233.70	51679.65
233.75	51734.62
233.80	51781.47
233.86	51834.33
233.91	51883.36
233.96	51933.01
234.01	51984.42
234.06	52042.10
234.11	52102.34
234.16	52158.36
234.21	52217.75
234.26	52270.14
234.32	52316.47
234.37	52354.58
234.42	52393.04
234.47	52415.44
234.52	52442.35
234.57	52474.00
234.62	52505.77
234.67	52543.57
234.73	52597.70
234.78	52662.80
234.83	52721.04
234.88	52772.26
234.93	52810.52
234.98	52857.86
235.03	52896.26
235.08	52949.42
235.13	53002.53
235.19	53078.90
235.24	53132.87
235.29	53198.59
235.34	53250.12
235.39	53289.18
235.44	53322.21
235.49	53371.20
235.54	53394.86
235.59	53409.36
235.65	53442.43
235.70	53464.50
235.75	53494.08
235.80	53550.47
235.85	53608.50
235.90	53649.17
235.95	53687.29
236.00	53720.76
236.05	53743.63
236.11	53775.42
236.16	53817.63
236.21	53860.01
236.26	53894.64
236.31	53922.56
236.36	53938.14
236.41	53950.45
236.46	53961.80
236.51	53976.04
236.56	53998.54
236.62	54027.59
236.67	54058.28
236.72	54102.30
236.77	54132.79
236.82	54181.96
236.87	54210.90
236.92	54232.23
236.97	54271.86
237.02	54323.70
237.07	54366.33
237.13	54425.49
237.18	54489.43
237.23	54535.44
237.28	54581.23
237.33	54616.73
237.38	54643.83
237.43	54666.42
237.48	54665.33
237.53	54684.32
237.58	54716.80
237.63	54756.73
237.69	54797.09
237.74	54850.35
237.79	54876.56
237.84	54875.85
237.89	54879.31
237.94	54883.88
237.99	54903.27
238.04	54923.45
238.09	54950.87
238.14	54982.54
238.19	55009.17
238.25	55030.38
238.30	55027.77
238.35	55031.32
238.40	55034.52
238.45	55043.33
238.50	55045.33
238.55	55063.01
238.60	55097.18
238.65	55116.03
238.70	55133.71
238.75	55144.28
238.80	55174.37
238.86	55176.74
238.91	55189.89
238.96	55206.95
239.01	55244.85
239.06	55273.90
239.11	55308.90
239.16	55341.69
239.21	55343.79
239.26	55331.42
239.31	55333.56
239.36	55332.84
239.41	55342.19
239.46	55376.15
239.52	55406.78
239.57	55426.23
239.62	55446.15
239.67	55470.10
239.72	55491.91
239.77	55510.98
239.82	55528.73
239.87	55545.29
239.92	55546.68
239.97	55546.68
240.02	55537.38
240.07	55519.23
240.12	55516.96
240.17	55522.14
240.23	55524.26
240.28	55525.79
240.33	55541.80
240.38	55534.01
240.43	55531.04
240.48	55546.56
240.53	55576.88
240.58	55592.27
240.63	55631.40
240.68	55649.83
240.73	55639.67
240.78	55637.62
240.83	55641.19
240.88	55611.05
240.93	55594.44
240.98	55596.94
241.04	55600.81
241.09	55619.45
241.14	55654.57
241.19	55693.65
241.24	55730.60
241.29	55747.30
241.34	55761.47
241.39	55771.43
241.44	55779.58
241.49	55778.68
241.54	55782.54
241.59	55768.77
241.64	55771.91
241.69	55756.29
241.74	55736.95
241.79	55723.93
241.84	55715.53
241.90	55692.60
241.95	55666.45
242.00	55645.15
242.05	55624.30
242.10	55611.50
242.15	55595.12
242.20	55592.92
242.25	55595.11
242.30	55588.87
242.35	55583.08
242.40	55583.29
242.45	55578.16
242.50	55574.42
242.55	55577.68
242.60	55574.63
242.65	55575.04
242.70	55584.31
242.75	55603.98
242.80	55639.94
242.85	55675.20
242.91	55681.80
242.96	55678.17
243.01	55662.15
243.06	55630.06
243.11	55585.90
243.16	55573.13
243.21	55574.37
243.26	55578.24
243.31	55590.85
243.36	55599.59
243.41	55610.94
243.46	55606.24
243.51	55578.55
243.56	55525.37
243.61	55471.69
243.66	55428.15
243.71	55397.46
243.76	55389.33
243.81	55404.66
243.86	55413.22
243.91	55423.46
243.96	55421.14
244.01	55400.52
244.06	55369.88
244.12	55361.41
244.17	55331.81
244.22	55322.44
244.27	55351.36
244.32	55380.20
244.37	55400.50
244.42	55413.16
244.47	55417.55
244.52	55389.00
244.57	55347.43
244.62	55317.98
244.67	55300.62
244.72	55274.50
244.77	55268.16
244.82	55292.97
244.87	55325.13
244.92	55349.73
244.97	55369.35
245.02	55371.47
245.07	55342.11
245.12	55313.48
245.17	55290.60
245.22	55282.17
245.27	55276.29
245.32	55246.20
245.37	55215.92
245.42	55167.70
245.47	55121.32
245.52	55074.13
245.57	55067.20
245.62	55045.99
245.67	55031.83
245.72	55016.16
245.77	54998.16
245.82	54978.60
245.87	54981.54
245.92	54999.60
245.98	54999.09
246.03	55005.27
246.08	55012.40
246.13	55005.08
246.18	55000.10
246.23	54998.35
246.28	54985.84
246.33	54967.37
246.38	54935.38
246.43	54904.87
246.48	54883.79
246.53	54882.09
246.58	54893.72
246.63	54901.63
246.68	54888.09
246.73	54865.20
246.78	54837.13
246.83	54779.64
246.88	54724.44
246.93	54680.71
246.98	54639.03
247.03	54597.74
247.08	54590.06
247.13	54588.86
247.18	54589.68
247.23	54611.86
247.28	54628.04
247.33	54611.79
247.38	54588.39
247.43	54569.17
247.48	54548.07
247.53	54512.96
247.58	54480.14
247.63	54455.44
247.68	54410.75
247.73	54345.58
247.78	54303.53
247.83	54268.08
247.88	54245.98
247.93	54241.04
247.98	54244.67
248.03	54249.47
248.08	54277.31
248.13	54275.55
248.18	54260.27
248.23	54256.45
248.28	54230.70
248.33	54185.43
248.38	54150.85
248.43	54122.86
248.48	54096.42
248.53	54078.22
248.58	54053.55
248.63	54043.22
248.68	54025.77
248.73	53996.72
248.78	53965.66
248.83	53927.39
248.88	53858.90
248.93	53796.60
248.98	53722.25
249.03	53672.90
249.08	53644.15
249.13	53642.70
249.18	53631.05
249.23	53646.30
249.28	53642.91
249.33	53640.71
249.38	53626.61
249.43	53614.18
249.48	53587.35
249.53	53565.32
249.58	53535.29
249.63	53510.96
249.68	53498.51
249.73	53481.32
249.78	53457.83
249.83	53454.08
249.88	53424.45
249.93	53410.13
249.98	53403.02
250.03	53404.10
250.08	53369.70
250.13	53359.56
250.18	53327.94
250.23	53275.39
250.28	53215.55
250.33	53166.83
250.37	53123.77
250.42	53083.87
250.47	53060.73
250.52	53052.02
250.57	53034.36
250.62	53000.48
250.67	52971.52
250.72	52963.45
250.77	52921.79
250.82	52907.38
250.87	52909.71
250.92	52898.80
250.97	52871.43
251.02	52868.69
251.07	52862.09
251.12	52838.00
251.17	52813.93
251.22	52771.07
251.27	52739.17
251.32	52686.29
251.37	52628.41
251.42	52571.02
251.47	52540.08
251.52	52505.29
251.57	52485.26
251.62	52483.04
251.67	52485.74
251.72	52469.94
251.77	52433.18
251.82	52395.55
251.87	52349.84
251.92	52295.74
251.97	52239.86
252.02	52196.38
252.07	52167.53
252.12	52152.10
252.16	52141.94
252.21	52145.12
252.26	52151.30
252.31	52152.90
252.36	52134.52
252.41	52116.67
252.46	52089.65
252.51	52057.69
252.56	52022.24
252.61	51999.60
252.66	51972.78
252.71	51950.83
252.76	51933.51
252.81	51886.00
252.86	51823.31
252.91	51778.67
252.96	51708.92
253.01	51631.40
253.06	51575.64
253.11	51540.27
253.16	51496.15
253.21	51452.19
253.26	51416.84
253.31	51385.68
253.36	51353.22
253.40	51321.98
253.45	51305.21
253.50	51265.27
253.55	51222.94
253.60	51180.67
253.65	51138.65
253.70	51110.27
253.75	51099.07
253.80	51087.25
253.85	51083.30
253.90	51086.30
253.95	51078.86
254.00	51072.05
254.05	51058.04
254.10	51020.72
254.15	50979.55
254.20	50953.70
254.25	50920.20
254.30	50888.25
254.35	50843.50
254.39	50788.78
254.44	50706.97
254.49	50622.50
254.54	50575.19
254.59	50549.26
254.64	50527.10
254.69	50521.22
254.74	50524.65
254.79	50501.66
254.84	50467.13
254.89	50448.21
254.94	50429.51
254.99	50421.10
255.04	50411.66
255.09	50406.47
255.14	50380.21
255.19	50366.46
255.23	50353.37
255.28	50337.05
255.33	50329.34
255.38	50322.47
255.43	50314.27
255.48	50289.69
255.53	50247.79
255.58	50208.44
255.63	50172.89
255.68	50115.94
255.73	50066.41
255.78	50034.57
255.83	50013.53
255.88	49996.67
255.93	49976.60
255.97	49952.33
256.02	49932.59
256.07	49891.54
256.12	49815.71
256.17	49764.63
256.22	49714.23
256.27	49653.45
256.32	49602.78
256.37	49587.25
256.42	49559.57
256.47	49529.02
256.52	49505.13
256.57	49484.55
256.62	49460.55
256.66	49453.29
256.71	49428.92
256.76	49395.01
256.81	49334.94
256.86	49284.37
256.91	49227.72
256.96	49183.01
257.01	49151.32
257.06	49138.63
257.11	49109.87
257.16	49057.13
257.21	49018.76
257.26	48980.61
257.30	48942.95
257.35	48898.20
257.40	48878.92
257.45	48862.58
257.50	48837.05
257.55	48803.16
257.60	48782.88
257.65	48760.53
257.70	48722.09
257.75	48676.01
257.80	48647.47
257.85	48610.04
257.89	48552.95
257.94	48496.74
257.99	48441.04
258.04	48378.06
258.09	48341.20
258.14	48316.64
258.19	48300.46
258.24	48282.65
258.29	48251.84
258.34	48208.28
258.39	48170.15
258.44	48109.97
258.48	48056.51
258.53	48020.94
258.58	47981.35
258.63	47927.76
258.68	47883.12
258.73	47849.57
258.78	47801.96
258.83	47748.80
258.88	47711.34
258.93	47678.20
258.97	47647.61
259.02	47624.37
259.07	47610.23
259.12	47588.65
259.17	47578.09
259.22	47557.26
259.27	47531.01
259.32	47506.38
259.37	47459.30
259.42	47412.30
259.47	47365.68
259.51	47321.14
259.56	47263.06
259.61	47195.89
259.66	47119.64
259.71	47054.85
259.76	46992.02
259.81	46927.50
259.86	46898.06
259.91	46858.95
259.95	46826.60
260.00	46803.17
260.05	46787.70
260.10	46767.02
260.15	46765.34
260.20	46747.86
260.25	46730.64
260.30	46718.22
260.35	46687.65
260.40	46653.32
260.44	46629.56
260.49	46611.67
260.54	46572.78
260.59	46552.03
260.64	46539.33
260.69	46530.50
260.74	46492.19
260.79	46456.42
260.84	46413.03
260.88	46350.44
260.93	46271.92
260.98	46237.90
261.03	46200.71
261.08	46166.84
261.13	46136.27
261.18	46101.71
261.23	46031.70
261.28	45996.62
261.32	45955.53
261.37	45913.57
261.42	45884.90
261.47	45865.34
261.52	45814.51
261.57	45766.38
261.62	45718.40
261.67	45667.04
261.71	45599.27
261.76	45547.73
261.81	45497.68
261.86	45450.64
261.91	45400.83
261.96	45359.86
262.01	45321.87
262.06	45302.25
262.10	45287.05
262.15	45279.88
262.20	45278.17
262.25	45265.82
262.30	45247.35
262.35	45224.75
262.40	45182.09
262.45	45144.70
262.49	45112.29
262.54	45070.16
262.59	45035.89
262.64	45009.37
262.69	44976.74
262.74	44929.34
262.79	44875.34
262.84	44830.76
262.88	44785.80
262.93	44732.76
262.98	44708.42
263.03	44668.79
263.08	44611.99
263.13	44539.98
263.18	44476.46
263.23	44402.83
263.27	44360.23
263.32	44325.98
263.37	44314.30
263.42	44301.29
263.47	44275.99
263.52	44252.11
263.57	44217.03
263.61	44172.87
263.66	44132.51
263.71	44095.14
263.76	44054.61
263.81	44010.30
263.86	43984.85
263.91	43944.19
263.95	43888.10
264.00	43831.45
264.05	43787.27
264.10	43715.93
264.15	43650.36
264.20	43604.05
264.25	43555.99
264.29	43509.89
264.34	43458.15
264.39	43423.05
264.44	43376.33
264.49	43335.73
264.54	43291.56
264.59	43265.70
264.63	43220.19
264.68	43168.88
264.73	43112.71
264.78	43058.30
264.83	42997.46
264.88	42950.64
264.93	42929.13
264.97	42907.27
265.02	42876.26
265.07	42858.95
265.12	42820.52
265.17	42767.01
265.22	42720.40
265.27	42670.32
265.31	42605.44
265.36	42548.95
265.41	42498.64
265.46	42432.09
265.51	42360.20
265.56	42298.82
265.60	42238.81
265.65	42182.80
265.70	42131.55
265.75	42085.47
265.80	42034.22
265.85	41976.78
265.90	41917.32
265.94	41858.59
265.99	41797.00
266.04	41747.36
266.09	41703.96
266.14	41671.32
266.19	41637.80
266.23	41610.99
266.28	41564.01
266.33	41536.50
266.38	41503.72
266.43	41485.92
266.48	41467.87
266.52	41444.27
266.57	41401.60
266.62	41358.57
266.67	41298.62
266.72	41244.29
266.77	41216.90
266.81	41193.11
266.86	41165.87
266.91	41141.27
266.96	41105.36
267.01	41061.46
267.06	41008.17
267.10	40953.17
267.15	40895.80
267.20	40865.92
267.25	40826.36
267.30	40794.24
267.35	40758.01
267.39	40719.82
267.44	40675.78
267.49	40631.39
267.54	40585.65
267.59	40540.54
267.64	40494.60
267.68	40426.10
267.73	40373.05
267.78	40331.00
267.83	40302.62
267.88	40288.98
267.93	40290.80
267.97	40264.68
268.02	40227.04
268.07	40174.00
268.12	40114.70
268.17	40042.62
268.21	40008.27
268.26	39964.72
268.31	39927.00
268.36	39881.20
268.41	39838.81
268.46	39790.05
268.50	39745.13
268.55	39696.35
268.60	39639.33
268.65	39583.04
268.70	39497.52
268.74	39430.70
268.79	39356.75
268.84	39302.76
268.89	39259.48
268.94	39232.05
268.99	39194.47
269.03	39159.59
269.08	39114.98
269.13	39037.07
269.18	38947.42
269.23	38849.14
269.27	38736.42
269.32	38606.23
269.37	38482.88
269.42	38353.94
269.47	38217.94
269.51	38080.03
269.56	37946.86
269.61	37812.69
269.66	37664.99
269.71	37507.01
269.76	37362.05
269.80	37198.85
269.85	37050.14
269.90	36914.05
269.95	36773.06
270.00	36613.17
270.04	36469.25
270.09	36321.72
270.14	36173.33
270.19	36036.76
270.24	35902.30
270.28	35747.50
270.33	35580.38
270.38	35405.33
270.43	35223.66
270.48	35051.86
270.52	34901.33
270.57	34736.81
270.62	34579.31
270.67	34431.62
270.72	34270.76
270.76	34088.30
270.81	33919.40
270.86	33743.26
270.91	33564.78
270.96	33397.20
271.00	33240.57
271.05	33089.38
271.10	32952.89
271.15	32817.76
271.20	32689.91
271.24	32553.76
271.29	32417.55
271.34	32273.42
271.39	32123.62
271.44	31974.24
271.48	31835.64
271.53	31685.41
271.58	31533.79
271.63	31387.21
271.67	31235.20
271.72	31087.43
271.77	30945.55
271.82	30811.05
271.87	30674.80
271.91	30521.90
271.96	30383.36
272.01	30245.75
272.06	30109.46
272.11	29988.14
272.15	29878.23
272.20	29761.07
272.25	29660.97
272.30	29561.16
272.35	29451.89
272.39	29348.81
272.44	29234.35
272.49	29101.32
272.54	28960.42
272.58	28807.64
272.63	28655.56
272.68	28500.57
272.73	28343.24
272.78	28169.83
272.82	27975.80
272.87	27752.97
272.92	27469.79
272.97	26941.29
273.01	23973.21
273.06	19009.69
273.11	13538.05
273.16	8167.22
273.21	3074.55
273.25	465.45
273.30	-87.99
273.35	-89.08
