165.32	3374.48
165.38	-245.45
165.44	594.88
165.50	-78.05
165.55	-21.24
165.61	0.17
165.67	26.75
165.72	35.11
165.78	39.81
165.84	37.96
165.89	34.60
165.95	32.74
166.01	32.07
166.06	33.59
166.12	36.19
166.18	34.37
166.23	36.35
166.29	35.66
166.35	32.31
166.40	31.51
166.46	37.90
166.52	40.74
166.57	41.79
166.63	42.41
166.69	45.21
166.74	39.58
166.80	40.01
166.86	41.80
166.91	42.72
166.97	36.50
167.03	38.75
167.08	32.91
167.14	31.77
167.20	29.98
167.25	42.71
167.31	42.77
167.37	48.11
167.42	50.21
167.48	56.03
167.54	50.29
167.59	50.11
167.65	45.98
167.71	46.05
167.76	45.13
167.82	40.89
167.88	40.32
167.93	47.64
167.99	46.16
168.05	48.45
168.10	56.40
168.16	55.74
168.21	53.91
168.27	58.42
168.33	60.01
168.38	52.50
168.44	57.33
168.50	55.96
168.55	54.66
168.61	55.49
168.67	57.58
168.72	54.62
168.78	54.81
168.84	50.58
168.89	49.36
168.95	49.93
169.01	49.60
169.06	48.75
169.12	48.03
169.18	45.58
169.23	45.76
169.29	49.99
169.34	54.43
169.40	56.71
169.46	61.10
169.51	62.99
169.57	58.81
169.63	55.03
169.68	60.28
169.74	56.83
169.80	62.68
169.85	64.26
169.91	68.64
169.97	64.47
170.02	64.36
170.08	63.46
170.13	63.74
170.19	62.87
170.25	64.69
170.30	68.87
170.36	60.19
170.42	62.30
170.47	63.49
170.53	65.10
170.59	62.18
170.64	65.99
170.70	63.98
170.76	61.47
170.81	62.59
170.87	61.85
170.92	62.91
170.98	65.42
171.04	68.06
171.09	64.16
171.15	71.58
171.21	72.42
171.26	69.76
171.32	66.99
171.37	70.64
171.43	65.15
171.49	69.48
171.54	72.60
171.60	74.41
171.66	76.30
171.71	76.79
171.77	74.97
171.83	81.26
171.88	80.17
171.94	79.41
171.99	84.10
172.05	82.90
172.11	83.72
172.16	92.05
172.22	92.69
172.28	92.60
172.33	90.35
172.39	87.16
172.44	84.18
172.50	89.16
172.56	88.77
172.61	96.99
172.67	96.46
172.72	96.11
172.78	91.47
172.84	86.30
172.89	79.91
172.95	79.19
173.01	80.61
173.06	78.91
173.12	84.77
173.17	86.15
173.23	85.55
173.29	85.46
173.34	87.04
173.40	81.59
173.46	81.83
173.51	84.46
173.57	84.21
173.62	79.04
173.68	85.06
173.74	84.02
173.79	85.59
173.85	82.72
173.90	85.60
173.96	82.59
174.02	80.18
174.07	72.11
174.13	71.51
174.18	73.60
174.24	66.51
174.30	66.38
174.35	71.52
174.41	68.89
174.47	62.86
174.52	64.57
174.58	63.84
174.63	59.56
174.69	58.22
174.75	59.86
174.80	70.58
174.86	68.05
174.91	69.26
174.97	69.19
175.03	66.84
175.08	54.73
175.14	60.89
175.19	56.65
175.25	57.56
175.31	62.10
175.36	63.54
175.42	60.69
175.47	65.37
175.53	65.03
175.59	61.27
175.64	62.79
175.70	60.65
175.75	55.94
175.81	54.75
175.87	56.14
175.92	52.03
175.98	53.96
176.03	54.35
176.09	54.66
176.15	54.27
176.20	55.58
176.26	55.62
176.31	58.90
176.37	56.36
176.42	57.47
176.48	61.17
176.54	58.63
176.59	55.53
176.65	58.37
176.70	59.57
176.76	58.86
176.82	56.87
176.87	54.00
176.93	54.11
176.98	53.16
177.04	47.86
177.10	52.63
177.15	53.95
177.21	54.16
177.26	53.33
177.32	57.28
177.37	58.95
177.43	62.65
177.49	59.55
177.54	56.48
177.60	57.06
177.65	57.46
177.71	52.09
177.77	55.48
177.82	57.01
177.88	60.35
177.93	55.60
177.99	62.01
178.04	57.27
178.10	58.28
178.16	52.02
178.21	53.35
178.27	50.30
178.32	54.29
178.38	53.28
178.43	55.04
178.49	54.71
178.55	54.26
178.60	53.30
178.66	52.41
178.71	53.66
178.77	52.00
178.82	53.23
178.88	52.81
178.94	53.16
178.99	54.65
179.05	58.61
179.10	54.29
179.16	57.17
179.21	59.94
179.27	58.54
179.33	54.54
179.38	58.37
179.44	56.79
179.49	56.77
179.55	54.83
179.60	54.93
179.66	53.77
179.72	55.71
179.77	52.77
179.83	51.65
179.88	53.42
179.94	54.79
179.99	51.41
180.05	52.30
180.11	53.38
180.16	55.78
180.22	58.15
180.27	62.73
180.33	63.14
180.38	67.26
180.44	62.61
180.49	62.28
180.55	60.01
180.61	64.46
180.66	59.04
180.72	57.21
180.77	55.56
180.83	55.64
180.88	52.30
180.94	52.04
180.99	55.79
181.05	56.19
181.11	57.21
181.16	57.50
181.22	59.23
181.27	61.61
181.33	59.84
181.38	56.76
181.44	58.22
181.49	62.61
181.55	63.67
181.61	70.01
181.66	73.11
181.72	70.68
181.77	67.53
181.83	65.21
181.88	70.25
181.94	71.53
181.99	76.89
182.05	77.70
182.11	78.73
182.16	69.89
182.22	68.14
182.27	63.51
182.33	66.53
182.38	65.95
182.44	70.63
182.49	72.66
182.55	75.29
182.60	74.40
182.66	77.98
182.72	80.51
182.77	82.17
182.83	85.31
182.88	89.08
182.94	90.00
182.99	86.85
183.05	86.25
183.10	88.37
183.16	87.43
183.21	89.20
183.27	97.51
183.32	102.63
183.38	106.39
183.44	114.16
183.49	120.33
183.55	123.01
183.60	130.55
183.66	138.20
183.71	148.81
183.77	157.23
183.82	167.67
183.88	180.24
183.93	192.47
183.99	206.85
184.04	224.54
184.10	237.35
184.15	249.91
184.21	264.43
184.27	266.58
184.32	266.53
184.38	264.08
184.43	257.89
184.49	238.85
184.54	218.97
184.60	207.84
184.65	192.47
184.71	182.52
184.76	183.69
184.82	201.92
184.87	219.71
184.93	246.78
184.98	276.48
185.04	310.77
185.09	337.67
185.15	366.44
185.20	399.69
185.26	435.38
185.31	465.38
185.37	494.64
185.43	516.38
185.48	536.65
185.54	560.19
185.59	586.06
185.65	612.89
185.70	654.82
185.76	701.99
185.81	738.26
185.87	776.29
185.92	820.81
185.98	856.69
186.03	873.50
186.09	875.07
186.14	849.07
186.20	793.59
186.25	703.55
186.31	613.02
186.36	542.95
186.42	511.17
186.47	519.34
186.53	567.73
186.58	638.89
186.64	716.45
186.69	791.01
186.75	853.34
186.80	912.69
186.86	971.13
186.91	1028.91
186.97	1082.91
187.02	1150.12
187.08	1212.74
187.13	1265.35
187.19	1319.59
187.24	1374.14
187.30	1407.52
187.35	1441.40
187.41	1487.03
187.47	1533.11
187.52	1572.92
187.58	1631.58
187.63	1710.35
187.69	1793.09
187.74	1864.75
187.80	1930.02
187.85	1980.68
187.91	2001.74
187.96	1988.21
188.02	1931.36
188.07	1835.50
188.13	1692.53
188.18	1540.26
188.24	1428.61
188.29	1376.78
188.35	1389.72
188.40	1473.53
188.46	1603.27
188.51	1731.98
188.57	1863.38
188.62	1990.61
188.67	2108.03
188.73	2218.44
188.78	2323.79
188.84	2431.28
188.89	2535.64
188.95	2641.57
189.00	2732.95
189.06	2833.49
189.11	2925.54
189.17	3007.68
189.22	3081.59
189.28	3170.29
189.33	3246.00
189.39	3310.62
189.44	3379.45
189.50	3453.68
189.55	3522.63
189.61	3576.35
189.66	3634.66
189.72	3691.82
189.77	3742.22
189.83	3768.04
189.88	3775.96
189.94	3745.17
189.99	3659.18
190.05	3501.01
190.10	3276.47
190.16	3016.53
190.21	2784.35
190.27	2633.42
190.32	2585.73
190.38	2639.28
190.43	2774.44
190.49	2935.20
190.54	3070.02
190.60	3183.34
190.65	3277.03
190.71	3357.41
190.76	3430.58
190.81	3510.80
190.87	3600.01
190.92	3718.53
190.98	3852.41
191.03	4000.87
191.09	4155.95
191.14	4287.33
191.20	4392.30
191.25	4494.38
191.31	4597.88
191.36	4706.03
191.42	4836.56
191.47	4983.62
191.53	5126.76
191.58	5244.81
191.64	5339.83
191.69	5416.89
191.75	5466.37
191.80	5502.41
191.85	5524.53
191.91	5546.68
191.96	5568.83
192.02	5599.11
192.07	5613.74
192.13	5609.14
192.18	5564.15
192.24	5446.20
192.29	5248.03
192.35	5020.98
192.40	4835.58
192.46	4725.81
192.51	4722.04
192.57	4820.23
192.62	5000.68
192.67	5188.69
192.73	5369.08
192.78	5534.22
192.84	5688.80
192.89	5825.10
192.95	5956.08
193.00	6072.46
193.06	6182.58
193.11	6289.16
193.17	6379.78
193.22	6466.18
193.28	6555.25
193.33	6632.16
193.38	6700.30
193.44	6773.60
193.49	6847.33
193.55	6907.00
193.60	6965.55
193.66	7020.36
193.71	7063.76
193.77	7089.58
193.82	7110.27
193.88	7127.88
193.93	7153.83
193.98	7181.37
194.04	7219.63
194.09	7266.10
194.15	7319.02
194.20	7364.29
194.26	7406.63
194.31	7450.41
194.37	7474.77
194.42	7481.43
194.47	7463.94
194.53	7414.11
194.58	7320.26
194.64	7209.60
194.69	7108.40
194.75	7042.70
194.80	7028.65
194.86	7068.08
194.91	7159.59
194.97	7266.59
195.02	7371.81
195.07	7476.32
195.13	7576.73
195.18	7678.23
195.24	7772.13
195.29	7867.41
195.35	7946.69
195.40	8031.33
195.46	8097.13
195.51	8177.97
195.56	8266.41
195.62	8359.94
195.67	8444.62
195.73	8533.66
195.78	8598.33
195.84	8643.04
195.89	8675.37
195.94	8707.84
196.00	8744.90
196.05	8791.36
196.11	8849.81
196.16	8916.96
196.22	8982.62
196.27	9046.67
196.32	9102.25
196.38	9151.67
196.43	9199.67
196.49	9244.03
196.54	9283.36
196.60	9329.30
196.65	9375.45
196.71	9421.05
196.76	9466.65
196.81	9505.52
196.87	9539.97
196.92	9567.12
196.98	9584.04
197.03	9592.28
197.09	9590.16
197.14	9585.07
197.19	9585.03
197.25	9599.12
197.30	9629.65
197.36	9681.50
197.41	9745.58
197.47	9807.78
197.52	9871.11
197.57	9935.88
197.63	9989.01
197.68	10042.87
197.74	10097.14
197.79	10142.52
197.84	10183.54
197.90	10231.56
197.95	10273.38
198.01	10313.67
198.06	10356.15
198.12	10401.31
198.17	10438.59
198.22	10474.96
198.28	10514.20
198.33	10553.82
198.39	10591.06
198.44	10638.72
198.49	10687.68
198.55	10734.79
198.60	10781.71
198.66	10824.06
198.71	10874.18
198.77	10921.64
198.82	10974.51
198.87	11024.96
198.93	11079.82
198.98	11125.74
199.04	11173.75
199.09	11212.14
199.14	11256.05
199.20	11297.73
199.25	11336.36
199.31	11375.63
199.36	11422.45
199.42	11466.38
199.47	11512.43
199.52	11556.42
199.58	11596.87
199.63	11627.67
199.69	11660.26
199.74	11688.76
199.79	11713.76
199.85	11742.43
199.90	11783.88
199.96	11820.71
200.01	11864.72
200.06	11913.50
200.12	11964.35
200.17	12016.86
200.23	12074.46
200.28	12116.95
200.33	12169.52
200.39	12217.76
200.44	12262.08
200.50	12303.10
200.55	12344.86
200.60	12381.51
200.66	12415.87
200.71	12447.75
200.77	12486.96
200.82	12533.36
200.87	12575.63
200.93	12621.50
200.98	12664.14
201.04	12701.59
201.09	12746.55
201.14	12794.64
201.20	12842.11
201.25	12895.24
201.31	12950.62
201.36	13009.79
201.41	13067.66
201.47	13127.40
201.52	13180.28
201.58	13241.23
201.63	13287.43
201.68	13332.54
201.74	13376.47
201.79	13428.20
201.84	13480.10
201.90	13530.38
201.95	13582.63
202.01	13635.34
202.06	13682.94
202.11	13719.09
202.17	13762.32
202.22	13803.20
202.28	13845.35
202.33	13887.27
202.38	13927.30
202.44	13974.53
202.49	14025.89
202.54	14077.57
202.60	14126.63
202.65	14179.17
202.71	14225.15
202.76	14261.78
202.81	14301.64
202.87	14352.05
202.92	14403.76
202.98	14456.72
203.03	14515.49
203.08	14572.06
203.14	14621.59
203.19	14675.95
203.24	14724.46
203.30	14774.84
203.35	14819.91
203.41	14866.41
203.46	14905.29
203.51	14950.87
203.57	14992.98
203.62	15043.43
203.67	15096.82
203.73	15144.16
203.78	15186.48
203.84	15237.97
203.89	15275.27
203.94	15310.48
204.00	15349.16
204.05	15384.01
204.10	15402.95
204.16	15419.25
204.21	15434.94
204.27	15438.39
204.32	15427.83
204.37	15410.65
204.43	15374.65
204.48	15321.57
204.53	15273.90
204.59	15269.23
204.64	15328.24
204.69	15447.52
204.75	15597.16
204.80	15774.56
204.86	15916.13
204.91	16004.69
204.96	16060.00
205.02	16089.97
205.07	16113.95
205.12	16177.44
205.18	16264.61
205.23	16372.28
205.28	16504.98
205.34	16630.22
205.39	16735.19
205.45	16825.85
205.50	16901.05
205.55	16969.39
205.61	17033.19
205.66	17089.60
205.71	17152.33
205.77	17213.03
205.82	17269.12
205.87	17325.82
205.93	17384.63
205.98	17430.34
206.03	17471.61
206.09	17518.65
206.14	17567.58
206.20	17618.21
206.25	17674.85
206.30	17735.96
206.36	17793.11
206.41	17858.62
206.46	17915.42
206.52	17960.49
206.57	18008.31
206.62	18054.93
206.68	18094.99
206.73	18143.38
206.78	18203.99
206.84	18262.47
206.89	18319.67
206.94	18381.97
207.00	18447.23
207.05	18515.16
207.11	18582.33
207.16	18645.00
207.21	18705.86
207.27	18763.95
207.32	18818.15
207.37	18876.71
207.43	18934.37
207.48	18985.46
207.53	19036.16
207.59	19091.05
207.64	19145.01
207.69	19214.75
207.75	19283.66
207.80	19342.40
207.85	19398.81
207.91	19455.24
207.96	19506.28
208.01	19563.04
208.07	19624.46
208.12	19685.70
208.17	19739.84
208.23	19786.15
208.28	19836.50
208.33	19891.64
208.39	19953.13
208.44	20019.29
208.49	20085.29
208.55	20146.22
208.60	20204.12
208.65	20252.77
208.71	20303.55
208.76	20354.50
208.81	20409.96
208.87	20473.67
208.92	20531.87
208.97	20591.21
209.03	20661.39
209.08	20722.85
209.13	20781.76
209.19	20845.02
209.24	20903.40
209.29	20963.03
209.35	21018.89
209.40	21081.55
209.45	21146.68
209.51	21214.21
209.56	21277.53
209.61	21345.93
209.67	21408.55
209.72	21467.66
209.77	21526.82
209.83	21585.72
209.88	21653.17
209.93	21713.30
209.99	21777.24
210.04	21848.38
210.09	21914.45
210.15	21969.33
210.20	22034.62
210.25	22101.40
210.31	22164.21
210.36	22215.16
210.41	22270.66
210.46	22328.68
210.52	22378.34
210.57	22424.54
210.62	22490.32
210.68	22559.56
210.73	22610.85
210.78	22677.00
210.84	22741.66
210.89	22801.47
210.94	22852.09
211.00	22914.80
211.05	22964.56
211.10	23031.06
211.16	23088.90
211.21	23158.60
211.26	23222.12
211.32	23300.43
211.37	23361.43
211.42	23425.98
211.47	23494.96
211.53	23562.77
211.58	23617.76
211.63	23672.74
211.69	23732.73
211.74	23780.54
211.79	23828.95
211.85	23888.91
211.90	23958.41
211.95	24024.89
212.01	24099.76
212.06	24179.66
212.11	24257.31
212.16	24334.73
212.22	24415.30
212.27	24480.05
212.32	24547.59
212.38	24611.09
212.43	24670.17
212.48	24721.70
212.54	24789.20
212.59	24861.30
212.64	24935.25
212.69	24998.21
212.75	25067.68
212.80	25131.44
212.85	25194.92
212.91	25242.54
212.96	25297.89
213.01	25358.06
213.07	25416.49
213.12	25478.69
213.17	25544.12
213.22	25609.80
213.28	25672.78
213.33	25727.70
213.38	25778.38
213.44	25832.86
213.49	25898.78
213.54	25964.93
213.60	26045.05
213.65	26124.36
213.70	26205.92
213.75	26271.85
213.81	26325.33
213.86	26375.77
213.91	26420.61
213.97	26457.81
214.02	26492.45
214.07	26528.62
214.12	26564.08
214.18	26589.89
214.23	26619.93
214.28	26641.51
214.34	26653.33
214.39	26649.28
214.44	26621.88
214.49	26562.36
214.55	26478.21
214.60	26360.96
214.65	26211.16
214.71	26077.84
214.76	26049.21
214.81	26137.04
214.86	26347.04
214.92	26636.07
214.97	26955.97
215.02	27200.34
215.08	27359.88
215.13	27440.31
215.18	27465.76
215.23	27457.64
215.29	27477.78
215.34	27548.81
215.39	27672.75
215.45	27856.27
215.50	28081.85
215.55	28296.41
215.60	28467.97
215.66	28585.74
215.71	28671.57
215.76	28746.11
215.81	28799.79
215.87	28861.21
215.92	28923.97
215.97	28979.80
216.03	29038.93
216.08	29097.24
216.13	29152.06
216.18	29211.02
216.24	29279.87
216.29	29327.30
216.34	29388.86
216.39	29449.57
216.45	29513.91
216.50	29566.72
216.55	29628.09
216.61	29698.63
216.66	29754.36
216.71	29813.76
216.76	29880.65
216.82	29961.14
216.87	30025.90
216.92	30106.79
216.97	30172.91
217.03	30247.27
217.08	30314.38
217.13	30391.88
217.18	30462.43
217.24	30541.65
217.29	30607.56
217.34	30661.73
217.39	30707.55
217.45	30751.93
217.50	30800.94
217.55	30858.83
217.61	30928.52
217.66	30995.44
217.71	31068.09
217.76	31151.46
217.82	31229.62
217.87	31299.51
217.92	31379.05
217.97	31451.20
218.03	31511.55
218.08	31558.05
218.13	31609.47
218.18	31651.08
218.24	31720.81
218.29	31768.64
218.34	31830.73
218.39	31890.65
218.45	31957.03
218.50	32010.49
218.55	32077.66
218.60	32142.44
218.66	32201.86
218.71	32266.56
218.76	32328.55
218.81	32397.06
218.87	32466.37
218.92	32533.87
218.97	32607.75
219.02	32676.31
219.08	32743.34
219.13	32817.02
219.18	32883.35
219.23	32941.65
219.29	33000.52
219.34	33061.74
219.39	33122.01
219.44	33189.70
219.50	33264.24
219.55	33329.80
219.60	33396.27
219.65	33456.06
219.71	33522.19
219.76	33572.11
219.81	33628.09
219.86	33685.68
219.92	33739.21
219.97	33789.04
220.02	33850.08
220.07	33906.59
220.13	33965.38
220.18	34034.35
220.23	34110.79
220.28	34182.12
220.33	34266.44
220.39	34332.56
220.44	34386.94
220.49	34436.95
220.54	34489.22
220.60	34536.43
220.65	34593.93
220.70	34661.19
220.75	34733.97
220.81	34818.01
220.86	34896.67
220.91	34968.98
220.96	35040.32
221.02	35113.28
221.07	35170.20
221.12	35224.63
221.17	35284.59
221.22	35350.47
221.28	35405.38
221.33	35470.72
221.38	35532.35
221.43	35606.76
221.49	35666.86
221.54	35725.93
221.59	35791.31
221.64	35876.21
221.69	35962.36
221.75	36067.08
221.80	36175.20
221.85	36249.49
221.90	36319.06
221.96	36369.81
222.01	36396.72
222.06	36425.58
222.11	36474.60
222.17	36513.83
222.22	36548.36
222.27	36598.62
222.32	36648.87
222.37	36699.50
222.43	36762.24
222.48	36822.01
222.53	36895.34
222.58	36974.38
222.63	37050.19
222.69	37111.15
222.74	37198.35
222.79	37269.10
222.84	37319.26
222.90	37370.41
222.95	37425.39
223.00	37462.17
223.05	37516.10
223.10	37577.84
223.16	37636.97
223.21	37684.61
223.26	37733.39
223.31	37763.57
223.36	37799.00
223.42	37836.03
223.47	37877.12
223.52	37925.15
223.57	37975.11
223.63	38026.76
223.68	38079.88
223.73	38152.64
223.78	38228.62
223.83	38299.38
223.89	38364.08
223.94	38428.97
223.99	38499.53
224.04	38568.71
224.09	38645.07
224.15	38730.94
224.20	38816.96
224.25	38900.96
224.30	38984.09
224.35	39071.32
224.41	39169.45
224.46	39264.35
224.51	39343.58
224.56	39425.95
224.61	39505.64
224.67	39574.22
224.72	39649.41
224.77	39741.27
224.82	39839.86
224.87	39922.61
224.93	40004.36
224.98	40087.82
225.03	40173.55
225.08	40246.66
225.13	40330.82
225.19	40417.73
225.24	40499.47
225.29	40564.79
225.34	40636.91
225.39	40704.51
225.45	40772.68
225.50	40832.16
225.55	40902.19
225.60	40956.62
225.65	41023.16
225.71	41068.32
225.76	41108.13
225.81	41126.97
225.86	41140.18
225.91	41129.44
225.97	41106.18
226.02	41061.61
226.07	40983.85
226.12	40942.14
226.17	40967.94
226.22	41084.48
226.28	41288.66
226.33	41574.83
226.38	41842.39
226.43	42051.59
226.48	42183.98
226.54	42254.58
226.59	42292.63
226.64	42314.11
226.69	42318.94
226.74	42347.52
226.80	42413.93
226.85	42508.79
226.90	42630.93
226.95	42810.18
227.00	42986.21
227.05	43149.15
227.11	43290.58
227.16	43417.37
227.21	43512.24
227.26	43603.91
227.31	43682.05
227.37	43740.11
227.42	43810.03
227.47	43886.17
227.52	43954.94
227.57	44017.87
227.62	44106.41
227.68	44181.29
227.73	44250.87
227.78	44336.11
227.83	44417.91
227.88	44487.16
227.93	44567.16
227.99	44654.88
228.04	44727.81
228.09	44814.36
228.14	44885.88
228.19	44962.31
228.24	45031.49
228.30	45102.75
228.35	45169.27
228.40	45238.28
228.45	45293.87
228.50	45363.67
228.56	45423.54
228.61	45478.96
228.66	45536.81
228.71	45591.96
228.76	45635.27
228.81	45685.27
228.87	45733.46
228.92	45808.88
228.97	45880.51
229.02	45962.12
229.07	46031.25
229.12	46119.79
229.17	46181.97
229.23	46260.71
229.28	46330.91
229.33	46413.86
229.38	46483.79
229.43	46557.74
229.48	46628.10
229.54	46700.01
229.59	46768.73
229.64	46839.17
229.69	46920.79
229.74	47012.34
229.79	47084.04
229.85	47160.92
229.90	47235.24
229.95	47301.48
230.00	47354.56
230.05	47434.01
230.10	47511.00
230.16	47578.39
230.21	47637.22
230.26	47687.97
230.31	47724.44
230.36	47769.71
230.41	47827.23
230.46	47910.79
230.52	48009.02
230.57	48100.55
230.62	48193.98
230.67	48262.18
230.72	48318.43
230.77	48357.63
230.82	48412.92
230.88	48442.83
230.93	48495.65
230.98	48537.45
231.03	48594.08
231.08	48643.05
231.13	48702.75
231.19	48767.96
231.24	48837.82
231.29	48913.90
231.34	48979.56
231.39	49054.11
231.44	49125.86
231.49	49186.86
231.55	49233.48
231.60	49283.57
231.65	49334.40
231.70	49382.80
231.75	49428.60
231.80	49483.33
231.85	49540.99
231.91	49579.73
231.96	49617.64
232.01	49679.23
232.06	49740.41
232.11	49806.89
232.16	49891.28
232.21	49983.06
232.26	50075.87
232.32	50157.73
232.37	50226.65
232.42	50287.74
232.47	50341.52
232.52	50385.88
232.57	50440.93
232.62	50503.67
232.68	50562.71
232.73	50633.68
232.78	50709.35
232.83	50776.06
232.88	50840.57
232.93	50926.24
232.98	50988.77
233.03	51037.93
233.09	51096.22
233.14	51171.18
233.19	51223.72
233.24	51281.99
233.29	51341.72
233.34	51375.59
233.39	51391.36
233.45	51419.82
233.50	51453.26
233.55	51490.07
233.60	51563.16
233.65	51625.96
233.70	51688.13
233.75	51739.35
233.80	51798.13
233.86	51847.84
233.91	51901.95
233.96	51954.14
234.01	52011.17
234.06	52062.63
234.11	52118.11
234.16	52168.49
234.21	52222.74
234.26	52273.57
234.32	52315.82
234.37	52351.90
234.42	52400.30
234.47	52423.96
234.52	52465.10
234.57	52511.99
234.62	52548.42
234.67	52594.74
234.73	52647.58
234.78	52689.32
234.83	52724.25
234.88	52775.37
234.93	52814.42
234.98	52864.40
235.03	52909.63
235.08	52976.93
235.13	53026.48
235.19	53090.73
235.24	53153.04
235.29	53222.90
235.34	53262.26
235.39	53304.17
235.44	53331.51
235.49	53361.65
235.54	53386.31
235.59	53407.36
235.65	53442.83
235.70	53480.82
235.75	53523.45
235.80	53574.33
235.85	53629.88
235.90	53673.90
235.95	53700.11
236.00	53727.65
236.05	53748.31
236.11	53783.66
236.16	53814.01
236.21	53868.53
236.26	53908.42
236.31	53938.14
236.36	53957.37
236.41	53972.93
236.46	53974.08
236.51	53986.61
236.56	54012.13
236.62	54040.83
236.67	54079.05
236.72	54131.66
236.77	54156.54
236.82	54201.87
236.87	54226.34
236.92	54246.39
236.97	54271.77
237.02	54327.40
237.07	54376.96
237.13	54441.40
237.18	54496.96
237.23	54548.49
237.28	54591.64
237.33	54623.03
237.38	54645.46
237.43	54676.37
237.48	54672.18
237.53	54688.71
237.58	54709.85
237.63	54747.11
237.69	54784.83
237.74	54848.49
237.79	54886.02
237.84	54894.60
237.89	54908.50
237.94	54918.52
237.99	54932.71
238.04	54948.89
238.09	54983.97
238.14	55011.56
238.19	55038.24
238.25	55058.71
238.30	55056.91
238.35	55054.95
238.40	55053.10
238.45	55053.26
238.50	55050.89
238.55	55064.37
238.60	55090.70
238.65	55112.19
238.70	55131.12
238.75	55148.82
238.80	55185.17
238.86	55200.39
238.91	55212.56
238.96	55241.23
239.01	55273.87
239.06	55293.99
239.11	55309.90
239.16	55339.11
239.21	55340.25
239.26	55340.97
239.31	55357.85
239.36	55376.38
239.41	55393.68
239.46	55419.61
239.52	55445.17
239.57	55459.18
239.62	55472.87
239.67	55489.43
239.72	55514.88
239.77	55533.36
239.82	55543.49
239.87	55559.06
239.92	55567.77
239.97	55558.18
240.02	55543.69
240.07	55533.74
240.12	55534.74
240.17	55533.78
240.23	55538.19
240.28	55548.86
240.33	55557.13
240.38	55547.59
240.43	55542.19
240.48	55556.68
240.53	55573.87
240.58	55596.46
240.63	55636.40
240.68	55655.23
240.73	55650.40
240.78	55647.20
240.83	55645.53
240.88	55612.60
240.93	55604.25
240.98	55602.62
241.04	55610.81
241.09	55628.86
241.14	55661.92
241.19	55701.41
241.24	55734.55
241.29	55759.81
241.34	55766.52
241.39	55776.07
241.44	55772.78
241.49	55775.80
241.54	55773.21
241.59	55766.00
241.64	55768.60
241.69	55758.61
241.74	55742.35
241.79	55738.70
241.84	55733.29
241.90	55714.23
241.95	55693.60
242.00	55674.83
242.05	55649.82
242.10	55637.79
242.15	55624.36
242.20	55623.31
242.25	55622.37
242.30	55614.19
242.35	55605.07
242.40	55599.70
242.45	55588.62
242.50	55578.05
242.55	55572.66
242.60	55572.47
242.65	55575.36
242.70	55582.86
242.75	55609.77
242.80	55647.04
242.85	55675.75
242.91	55685.54
242.96	55686.49
243.01	55663.17
243.06	55633.86
243.11	55597.86
243.16	55578.82
243.21	55566.33
243.26	55578.73
243.31	55588.63
243.36	55603.76
243.41	55619.84
243.46	55628.96
243.51	55602.99
243.56	55550.34
243.61	55489.27
243.66	55445.93
243.71	55410.68
243.76	55408.26
243.81	55429.69
243.86	55440.17
243.91	55446.23
243.96	55441.66
244.01	55414.68
244.06	55381.26
244.12	55366.31
244.17	55348.17
244.22	55350.43
244.27	55366.77
244.32	55387.82
244.37	55407.56
244.42	55412.69
244.47	55404.48
244.52	55391.37
244.57	55364.62
244.62	55334.26
244.67	55314.96
244.72	55290.25
244.77	55279.67
244.82	55304.21
244.87	55344.87
244.92	55368.01
244.97	55393.91
245.02	55389.81
245.07	55360.71
245.12	55337.14
245.17	55315.50
245.22	55304.78
245.27	55303.41
245.32	55277.23
245.37	55229.64
245.42	55189.89
245.47	55138.83
245.52	55091.58
245.57	55071.71
245.62	55058.66
245.67	55044.52
245.72	55035.28
245.77	55014.84
245.82	54992.81
245.87	54987.53
245.92	54998.75
245.98	54993.90
246.03	54993.84
246.08	55004.79
246.13	55003.75
246.18	55003.70
246.23	54997.84
246.28	54996.01
246.33	54983.36
246.38	54952.73
246.43	54909.61
246.48	54899.20
246.53	54894.95
246.58	54898.54
246.63	54912.95
246.68	54906.61
246.73	54886.19
246.78	54856.55
246.83	54806.77
246.88	54745.06
246.93	54702.15
246.98	54655.34
247.03	54622.74
247.08	54611.80
247.13	54604.59
247.18	54600.43
247.23	54628.19
247.28	54638.84
247.33	54617.06
247.38	54605.82
247.43	54591.35
247.48	54566.70
247.53	54528.90
247.58	54496.08
247.63	54460.57
247.68	54413.80
247.73	54349.88
247.78	54310.88
247.83	54281.45
247.88	54256.19
247.93	54253.42
247.98	54259.11
248.03	54258.65
248.08	54277.81
248.13	54275.77
248.18	54256.27
248.23	54250.57
248.28	54230.33
248.33	54184.76
248.38	54155.45
248.43	54132.26
248.48	54099.71
248.53	54081.31
248.58	54063.40
248.63	54051.99
248.68	54032.82
248.73	54004.10
248.78	53969.32
248.83	53930.20
248.88	53873.54
248.93	53804.00
248.98	53730.60
249.03	53690.86
249.08	53665.44
249.13	53651.02
249.18	53655.21
249.23	53674.18
249.28	53656.44
249.33	53644.38
249.38	53626.72
249.43	53608.02
249.48	53574.71
249.53	53566.74
249.58	53545.78
249.63	53530.91
249.68	53515.36
249.73	53503.05
249.78	53477.15
249.83	53471.88
249.88	53444.68
249.93	53425.43
249.98	53411.00
250.03	53400.86
250.08	53372.80
250.13	53365.61
250.18	53341.12
250.23	53291.76
250.28	53248.18
250.33	53196.38
250.37	53149.49
250.42	53112.06
250.47	53088.95
250.52	53069.56
250.57	53059.36
250.62	53026.88
250.67	52995.70
250.72	52982.13
250.77	52938.45
250.82	52913.70
250.87	52910.71
250.92	52901.46
250.97	52875.17
251.02	52872.16
251.07	52866.68
251.12	52845.33
251.17	52814.82
251.22	52785.20
251.27	52749.27
251.32	52696.41
251.37	52643.96
251.42	52590.06
251.47	52552.27
251.52	52527.48
251.57	52507.56
251.62	52499.46
251.67	52494.15
251.72	52474.75
251.77	52432.26
251.82	52385.59
251.87	52340.09
251.92	52296.56
251.97	52243.73
252.02	52206.47
252.07	52190.06
252.12	52174.11
252.16	52162.83
252.21	52160.82
252.26	52170.54
252.31	52157.11
252.36	52141.20
252.41	52121.73
252.46	52101.98
252.51	52065.70
252.56	52030.38
252.61	52001.52
252.66	51971.85
252.71	51949.40
252.76	51926.66
252.81	51890.91
252.86	51840.79
252.91	51800.15
252.96	51726.44
253.01	51652.65
253.06	51591.22
253.11	51536.89
253.16	51490.54
253.21	51451.78
253.26	51417.08
253.31	51392.82
253.36	51372.43
253.40	51337.82
253.45	51328.01
253.50	51286.85
253.55	51246.34
253.60	51203.99
253.65	51169.79
253.70	51133.38
253.75	51128.76
253.80	51110.95
253.85	51101.31
253.90	51099.07
253.95	51087.38
254.00	51073.55
254.05	51059.90
254.10	51023.16
254.15	50989.61
254.20	50966.24
254.25	50930.32
254.30	50901.87
254.35	50864.14
254.39	50794.62
254.44	50708.63
254.49	50633.90
254.54	50598.09
254.59	50571.11
254.64	50560.18
254.69	50554.68
254.74	50553.19
254.79	50519.77
254.84	50484.78
254.89	50466.52
254.94	50450.16
254.99	50432.33
255.04	50415.09
255.09	50404.83
255.14	50377.00
255.19	50363.35
255.23	50354.28
255.28	50337.67
255.33	50328.57
255.38	50324.11
255.43	50308.40
255.48	50283.51
255.53	50250.13
255.58	50220.97
255.63	50190.05
255.68	50143.16
255.73	50095.21
255.78	50062.16
255.83	50028.31
255.88	50004.05
255.93	49978.61
255.97	49956.47
256.02	49925.14
256.07	49884.16
256.12	49810.24
256.17	49759.22
256.22	49713.42
256.27	49663.26
256.32	49611.23
256.37	49588.81
256.42	49570.98
256.47	49547.24
256.52	49521.12
256.57	49503.67
256.62	49489.39
256.66	49472.73
256.71	49442.37
256.76	49404.20
256.81	49361.46
256.86	49313.45
256.91	49259.96
256.96	49213.95
257.01	49184.28
257.06	49161.99
257.11	49119.18
257.16	49067.10
257.21	49029.66
257.26	48994.77
257.30	48953.42
257.35	48926.01
257.40	48908.34
257.45	48886.73
257.50	48857.38
257.55	48822.19
257.60	48789.44
257.65	48768.24
257.70	48729.25
257.75	48694.01
257.80	48671.55
257.85	48637.87
257.89	48585.12
257.94	48528.22
257.99	48469.14
258.04	48407.15
258.09	48369.67
258.14	48332.46
258.19	48322.04
258.24	48295.00
258.29	48258.37
258.34	48214.17
258.39	48176.98
258.44	48111.89
258.48	48066.95
258.53	48031.01
258.58	47989.31
258.63	47944.38
258.68	47901.53
258.73	47862.04
258.78	47819.93
258.83	47775.25
258.88	47737.59
258.93	47706.20
258.97	47672.88
259.02	47643.22
259.07	47614.29
259.12	47588.47
259.17	47568.46
259.22	47548.33
259.27	47525.31
259.32	47508.68
259.37	47466.51
259.42	47430.45
259.47	47389.61
259.51	47344.62
259.56	47287.81
259.61	47224.02
259.66	47142.18
259.71	47071.78
259.76	47005.91
259.81	46945.23
259.86	46909.51
259.91	46872.85
259.95	46845.17
260.00	46821.85
260.05	46802.67
260.10	46776.32
260.15	46774.20
260.20	46761.56
260.25	46755.97
260.30	46744.72
260.35	46716.79
260.40	46683.06
260.44	46653.44
260.49	46624.21
260.54	46585.12
260.59	46560.66
260.64	46547.17
260.69	46538.42
260.74	46502.47
260.79	46465.13
260.84	46427.70
260.88	46373.37
260.93	46297.43
260.98	46253.46
261.03	46218.66
261.08	46185.77
261.13	46144.29
261.18	46109.77
261.23	46047.49
261.28	45999.35
261.32	45957.73
261.37	45917.74
261.42	45878.33
261.47	45862.49
261.52	45820.68
261.57	45781.11
261.62	45739.85
261.67	45693.41
261.71	45622.04
261.76	45579.54
261.81	45522.11
261.86	45467.91
261.91	45426.87
261.96	45392.22
262.01	45348.49
262.06	45325.20
262.10	45312.53
262.15	45287.45
262.20	45277.26
262.25	45255.40
262.30	45231.52
262.35	45207.13
262.40	45181.34
262.45	45141.93
262.49	45114.39
262.54	45078.21
262.59	45044.01
262.64	45015.75
262.69	44983.80
262.74	44936.46
262.79	44888.18
262.84	44836.80
262.88	44782.15
262.93	44730.31
262.98	44698.36
263.03	44660.61
263.08	44614.91
263.13	44550.65
263.18	44494.22
263.23	44432.49
263.27	44381.33
263.32	44349.69
263.37	44333.98
263.42	44319.12
263.47	44293.20
263.52	44267.50
263.57	44220.67
263.61	44170.73
263.66	44126.38
263.71	44088.68
263.76	44052.03
263.81	44013.77
263.86	43989.29
263.91	43950.34
263.95	43890.14
264.00	43833.16
264.05	43784.41
264.10	43720.34
264.15	43657.76
264.20	43619.69
264.25	43572.86
264.29	43525.86
264.34	43468.88
264.39	43426.92
264.44	43371.38
264.49	43326.64
264.54	43277.61
264.59	43252.14
264.63	43211.48
264.68	43164.01
264.73	43112.33
264.78	43063.20
264.83	43001.51
264.88	42957.96
264.93	42940.75
264.97	42915.26
265.02	42891.65
265.07	42880.15
265.12	42838.50
265.17	42784.95
265.22	42744.97
265.27	42690.55
265.31	42630.01
265.36	42566.43
265.41	42504.97
265.46	42438.97
265.51	42368.83
265.56	42301.71
265.60	42253.69
265.65	42196.84
265.70	42136.72
265.75	42091.46
265.80	42044.22
265.85	41983.83
265.90	41935.63
265.94	41879.31
265.99	41820.94
266.04	41766.78
266.09	41726.23
266.14	41687.96
266.19	41657.54
266.23	41627.50
266.28	41584.17
266.33	41547.51
266.38	41511.60
266.43	41484.41
266.48	41459.52
266.52	41442.44
266.57	41399.91
266.62	41354.20
266.67	41305.48
266.72	41260.85
266.77	41220.96
266.81	41198.93
266.86	41178.13
266.91	41143.13
266.96	41095.90
267.01	41054.13
267.06	41004.30
267.10	40953.34
267.15	40901.54
267.20	40871.77
267.25	40836.22
267.30	40803.41
267.35	40766.43
267.39	40732.09
267.44	40697.53
267.49	40643.81
267.54	40594.84
267.59	40546.33
267.64	40497.94
267.68	40434.31
267.73	40383.08
267.78	40339.42
267.83	40311.64
267.88	40297.13
267.93	40290.67
267.97	40279.61
268.02	40248.87
268.07	40200.16
268.12	40139.38
268.17	40070.00
268.21	40027.43
268.26	39981.67
268.31	39937.92
268.36	39898.99
268.41	39855.99
268.46	39799.37
268.50	39755.64
268.55	39705.66
268.60	39639.22
268.65	39575.42
268.70	39493.61
268.74	39425.38
268.79	39360.29
268.84	39314.31
268.89	39275.63
268.94	39255.04
268.99	39218.71
269.03	39174.78
269.08	39125.85
269.13	39052.57
269.18	38973.22
269.23	38868.60
269.27	38754.67
269.32	38622.12
269.37	38500.43
269.42	38359.55
269.47	38231.11
269.51	38093.99
269.56	37962.09
269.61	37821.44
269.66	37671.82
269.71	37519.86
269.76	37380.63
269.80	37229.96
269.85	37077.10
269.90	36939.81
269.95	36783.98
270.00	36617.82
270.04	36466.26
270.09	36323.83
270.14	36174.80
270.19	36040.88
270.24	35908.30
270.28	35751.05
270.33	35581.28
270.38	35402.78
270.43	35223.81
270.48	35050.36
270.52	34892.37
270.57	34732.06
270.62	34574.45
270.67	34419.90
270.72	34260.71
270.76	34086.97
270.81	33919.78
270.86	33749.86
270.91	33573.72
270.96	33404.72
271.00	33240.85
271.05	33086.13
271.10	32946.58
271.15	32820.77
271.20	32698.28
271.24	32566.49
271.29	32427.79
271.34	32280.36
271.39	32125.91
271.44	31973.11
271.48	31835.60
271.53	31689.41
271.58	31550.65
271.63	31405.42
271.67	31255.88
271.72	31109.22
271.77	30971.99
271.82	30830.69
271.87	30691.69
271.91	30534.21
271.96	30389.81
272.01	30244.97
272.06	30110.88
272.11	29989.75
272.15	29884.11
272.20	29780.47
272.25	29685.99
272.30	29583.89
272.35	29472.49
272.39	29370.48
272.44	29252.05
272.49	29115.22
272.54	28974.96
272.58	28827.40
272.63	28671.60
272.68	28514.24
272.73	28352.96
272.78	28177.16
272.82	27977.45
272.87	27752.51
272.92	27464.07
272.97	26940.53
273.01	23975.71
273.06	19013.29
273.11	13543.23
273.16	8172.96
273.21	3077.61
273.25	464.35
273.30	-87.98
273.35	-89.61
