165.32	3375.53
165.38	-246.33
165.44	595.23
165.50	-77.70
165.55	-20.85
165.61	0.01
165.67	26.51
165.72	34.26
165.78	38.90
165.84	37.63
165.89	34.79
165.95	33.07
166.01	33.01
166.06	34.25
166.12	36.63
166.18	34.61
166.23	36.32
166.29	35.84
166.35	32.68
166.40	31.71
166.46	37.83
166.52	40.87
166.57	41.08
166.63	41.87
166.69	44.83
166.74	39.15
166.80	39.39
166.86	41.80
166.91	42.73
166.97	36.71
167.03	39.08
167.08	33.21
167.14	31.91
167.20	30.06
167.25	42.65
167.31	43.60
167.37	49.16
167.42	50.79
167.48	56.33
167.54	50.86
167.59	50.33
167.65	46.12
167.71	46.06
167.76	45.02
167.82	40.34
167.88	39.81
167.93	47.29
167.99	46.72
168.05	49.11
168.10	56.88
168.16	56.11
168.21	54.48
168.27	58.49
168.33	60.29
168.38	52.58
168.44	57.30
168.50	55.51
168.55	53.65
168.61	54.21
168.67	56.77
168.72	54.01
168.78	53.98
168.84	49.89
168.89	48.28
168.95	48.54
169.01	48.36
169.06	48.35
169.12	48.14
169.18	46.22
169.23	46.58
169.29	50.67
169.34	55.32
169.40	58.18
169.46	62.66
169.51	64.41
169.57	59.84
169.63	55.34
169.68	60.00
169.74	56.30
169.80	62.05
169.85	63.36
169.91	67.54
169.97	63.73
170.02	63.38
170.08	62.73
170.13	62.93
170.19	62.23
170.25	63.78
170.30	68.08
170.36	60.01
170.42	61.71
170.47	63.06
170.53	64.59
170.59	61.91
170.64	65.58
170.70	64.26
170.76	61.37
170.81	62.62
170.87	61.66
170.92	62.38
170.98	65.32
171.04	67.82
171.09	63.91
171.15	71.62
171.21	72.19
171.26	69.31
171.32	66.61
171.37	69.88
171.43	64.16
171.49	68.56
171.54	71.98
171.60	74.30
171.66	76.49
171.71	76.61
171.77	74.53
171.83	79.91
171.88	78.62
171.94	78.25
171.99	83.35
172.05	82.61
172.11	83.37
172.16	92.03
172.22	92.52
172.28	92.46
172.33	90.26
172.39	88.06
172.44	84.63
172.50	89.86
172.56	89.33
172.61	97.51
172.67	96.39
172.72	95.85
172.78	90.39
172.84	85.76
172.89	79.00
172.95	78.43
173.01	79.62
173.06	78.41
173.12	83.94
173.17	85.30
173.23	84.50
173.29	85.11
173.34	87.07
173.40	81.34
173.46	81.72
173.51	84.58
173.57	84.78
173.62	79.11
173.68	85.88
173.74	85.03
173.79	86.72
173.85	83.03
173.90	85.71
173.96	82.17
174.02	79.58
174.07	70.98
174.13	70.45
174.18	72.45
174.24	65.86
174.30	66.54
174.35	72.52
174.41	69.69
174.47	64.31
174.52	65.44
174.58	63.99
174.63	58.77
174.69	57.91
174.75	59.48
174.80	70.81
174.86	68.03
174.91	69.76
174.97	69.67
175.03	67.01
175.08	54.31
175.14	61.38
175.19	57.21
175.25	57.69
175.31	61.78
175.36	63.48
175.42	60.28
175.47	64.98
175.53	65.01
175.59	61.98
175.64	63.66
175.70	61.30
175.75	56.45
175.81	55.36
175.87	56.25
175.92	52.22
175.98	54.04
176.03	54.34
176.09	54.57
176.15	54.67
176.20	55.95
176.26	55.71
176.31	58.71
176.37	56.64
176.42	57.61
176.48	60.99
176.54	58.63
176.59	55.63
176.65	57.54
176.70	59.03
176.76	58.45
176.82	56.63
176.87	54.26
176.93	54.84
176.98	53.48
177.04	48.09
177.10	52.86
177.15	54.33
177.21	54.86
177.26	53.66
177.32	57.81
177.37	59.52
177.43	63.06
177.49	60.04
177.54	57.52
177.60	58.09
177.65	58.44
177.71	52.80
177.77	55.91
177.82	57.40
177.88	60.98
177.93	56.45
177.99	62.99
178.04	58.07
178.10	58.95
178.16	52.53
178.21	53.55
178.27	50.67
178.32	55.09
178.38	54.20
178.43	55.62
178.49	55.33
178.55	54.64
178.60	53.32
178.66	52.21
178.71	53.97
178.77	52.07
178.82	53.14
178.88	52.66
178.94	53.45
178.99	54.35
179.05	58.45
179.10	54.24
179.16	57.16
179.21	59.58
179.27	58.09
179.33	54.22
179.38	57.91
179.44	55.94
179.49	55.64
179.55	53.74
179.60	53.74
179.66	53.03
179.72	55.65
179.77	52.98
179.83	52.05
179.88	53.39
179.94	54.70
179.99	50.88
180.05	51.53
180.11	52.68
180.16	55.31
180.22	57.42
180.27	61.99
180.33	62.75
180.38	66.85
180.44	62.59
180.49	62.46
180.55	60.34
180.61	64.57
180.66	58.96
180.72	57.10
180.77	55.29
180.83	54.68
180.88	51.77
180.94	51.78
180.99	55.64
181.05	55.62
181.11	57.00
181.16	57.25
181.22	58.94
181.27	61.33
181.33	60.17
181.38	57.76
181.44	59.01
181.49	63.32
181.55	63.81
181.61	70.00
181.66	72.51
181.72	70.21
181.77	67.48
181.83	65.25
181.88	70.27
181.94	71.84
181.99	77.22
182.05	78.19
182.11	79.20
182.16	70.59
182.22	68.90
182.27	64.13
182.33	66.94
182.38	66.94
182.44	71.47
182.49	73.53
182.55	75.78
182.60	74.84
182.66	77.89
182.72	80.27
182.77	82.45
182.83	85.94
182.88	89.21
182.94	90.64
182.99	87.82
183.05	86.52
183.10	88.38
183.16	87.69
183.21	89.50
183.27	97.67
183.32	102.82
183.38	107.08
183.44	114.79
183.49	120.84
183.55	123.57
183.60	131.09
183.66	138.51
183.71	149.07
183.77	157.82
183.82	168.35
183.88	180.62
183.93	194.24
183.99	209.60
184.04	227.64
184.10	241.56
184.15	254.96
184.21	268.74
184.27	271.05
184.32	271.71
184.38	268.25
184.43	262.39
184.49	243.11
184.54	222.93
184.60	210.45
184.65	195.07
184.71	185.01
184.76	187.06
184.82	205.59
184.87	224.94
184.93	252.51
184.98	282.04
185.04	315.80
185.09	343.32
185.15	370.97
185.20	405.72
185.26	443.34
185.31	474.28
185.37	504.01
185.43	527.31
185.48	547.77
185.54	571.49
185.59	598.92
185.65	625.29
185.70	667.49
185.76	714.82
185.81	750.11
185.87	788.47
185.92	835.38
185.98	872.36
186.03	889.51
186.09	891.66
186.14	864.43
186.20	805.61
186.25	713.02
186.31	621.11
186.36	549.57
186.42	517.50
186.47	528.04
186.53	577.43
186.58	650.06
186.64	728.96
186.69	804.53
186.75	866.17
186.80	926.59
186.86	986.40
186.91	1045.41
186.97	1100.19
187.02	1169.51
187.08	1235.51
187.13	1287.79
187.19	1342.30
187.24	1397.16
187.30	1431.40
187.35	1463.05
187.41	1509.71
187.47	1554.58
187.52	1597.26
187.58	1655.22
187.63	1733.21
187.69	1818.14
187.74	1892.91
187.80	1957.48
187.85	2010.10
187.91	2032.81
187.96	2017.24
188.02	1959.35
188.07	1860.49
188.13	1713.77
188.18	1560.44
188.24	1447.38
188.29	1396.65
188.35	1410.60
188.40	1495.01
188.46	1624.93
188.51	1753.37
188.57	1884.71
188.62	2013.52
188.67	2133.74
188.73	2246.18
188.78	2354.13
188.84	2459.87
188.89	2566.67
188.95	2672.89
189.00	2765.05
189.06	2866.40
189.11	2962.92
189.17	3041.61
189.22	3117.25
189.28	3206.80
189.33	3283.30
189.39	3347.73
189.44	3416.27
189.50	3489.45
189.55	3556.65
189.61	3610.93
189.66	3670.79
189.72	3732.16
189.77	3784.07
189.83	3812.56
189.88	3819.11
189.94	3783.69
189.99	3697.06
190.05	3535.41
190.10	3306.71
190.16	3045.56
190.21	2812.84
190.27	2657.73
190.32	2609.40
190.38	2663.79
190.43	2801.00
190.49	2961.45
190.54	3097.13
190.60	3211.19
190.65	3302.67
190.71	3379.22
190.76	3452.13
190.81	3532.56
190.87	3620.15
190.92	3743.27
190.98	3881.29
191.03	4033.48
191.09	4189.61
191.14	4327.43
191.20	4432.77
191.25	4533.91
191.31	4639.42
191.36	4752.66
191.42	4883.82
191.47	5029.66
191.53	5175.34
191.58	5293.04
191.64	5385.03
191.69	5460.68
191.75	5511.04
191.80	5545.87
191.85	5568.74
191.91	5591.38
191.96	5613.63
192.02	5643.61
192.07	5658.76
192.13	5655.00
192.18	5606.51
192.24	5486.66
192.29	5290.51
192.35	5059.56
192.40	4868.62
192.46	4757.15
192.51	4752.65
192.57	4846.31
192.62	5024.24
192.67	5214.62
192.73	5397.36
192.78	5564.16
192.84	5718.02
192.89	5857.90
192.95	5987.42
193.00	6105.13
193.06	6215.20
193.11	6323.36
193.17	6415.92
193.22	6502.81
193.28	6593.35
193.33	6669.96
193.38	6738.62
193.44	6808.97
193.49	6883.56
193.55	6941.19
193.60	7000.66
193.66	7055.98
193.71	7104.03
193.77	7128.83
193.82	7149.12
193.88	7165.67
193.93	7189.04
193.98	7213.50
194.04	7253.53
194.09	7299.68
194.15	7349.95
194.20	7396.10
194.26	7435.77
194.31	7475.38
194.37	7496.57
194.42	7499.70
194.47	7486.57
194.53	7440.76
194.58	7350.40
194.64	7241.86
194.69	7145.48
194.75	7072.02
194.80	7057.05
194.86	7095.78
194.91	7186.51
194.97	7289.42
195.02	7398.52
195.07	7499.46
195.13	7602.17
195.18	7708.86
195.24	7806.61
195.29	7905.24
195.35	7988.10
195.40	8070.07
195.46	8130.81
195.51	8214.24
195.56	8299.40
195.62	8393.19
195.67	8480.24
195.73	8570.82
195.78	8633.05
195.84	8677.90
195.89	8707.81
195.94	8735.84
196.00	8770.23
196.05	8814.03
196.11	8872.25
196.16	8937.82
196.22	9009.87
196.27	9076.06
196.32	9134.81
196.38	9184.08
196.43	9232.03
196.49	9267.58
196.54	9309.89
196.60	9356.41
196.65	9402.51
196.71	9445.66
196.76	9495.03
196.81	9528.51
196.87	9562.04
196.92	9589.50
196.98	9611.99
197.03	9619.34
197.09	9617.93
197.14	9608.71
197.19	9608.03
197.25	9620.39
197.30	9647.04
197.36	9702.23
197.41	9770.27
197.47	9835.46
197.52	9899.23
197.57	9967.29
197.63	10019.24
197.68	10067.18
197.74	10118.06
197.79	10162.06
197.84	10205.09
197.90	10247.98
197.95	10293.07
198.01	10335.65
198.06	10381.26
198.12	10425.35
198.17	10470.15
198.22	10507.29
198.28	10542.06
198.33	10584.19
198.39	10622.74
198.44	10668.57
198.49	10720.01
198.55	10768.71
198.60	10813.59
198.66	10859.73
198.71	10905.74
198.77	10947.57
198.82	10997.91
198.87	11048.52
198.93	11093.86
198.98	11133.87
199.04	11181.57
199.09	11226.97
199.14	11270.26
199.20	11311.35
199.25	11355.41
199.31	11400.26
199.36	11442.33
199.42	11485.80
199.47	11531.81
199.52	11579.31
199.58	11615.42
199.63	11647.56
199.69	11678.83
199.74	11711.64
199.79	11732.83
199.85	11762.69
199.90	11802.46
199.96	11840.82
200.01	11886.75
200.06	11938.21
200.12	11987.47
200.17	12035.09
200.23	12086.59
200.28	12127.91
200.33	12179.24
200.39	12229.54
200.44	12275.26
200.50	12320.04
200.55	12360.53
200.60	12397.16
200.66	12431.47
200.71	12464.15
200.77	12506.17
200.82	12548.41
200.87	12588.26
200.93	12627.62
200.98	12668.04
201.04	12704.79
201.09	12752.70
201.14	12803.44
201.20	12856.46
201.25	12916.74
201.31	12971.41
201.36	13026.76
201.41	13081.20
201.47	13141.66
201.52	13191.14
201.58	13248.08
201.63	13293.74
201.68	13344.65
201.74	13387.15
201.79	13441.65
201.84	13494.33
201.90	13546.04
201.95	13592.64
202.01	13646.12
202.06	13692.23
202.11	13730.14
202.17	13777.92
202.22	13822.23
202.28	13865.81
202.33	13907.41
202.38	13947.97
202.44	13990.35
202.49	14037.97
202.54	14090.08
202.60	14141.71
202.65	14192.31
202.71	14242.21
202.76	14286.51
202.81	14320.31
202.87	14368.38
202.92	14419.97
202.98	14468.41
203.03	14519.46
203.08	14577.15
203.14	14626.11
203.19	14681.64
203.24	14740.60
203.30	14796.68
203.35	14845.70
203.41	14892.53
203.46	14934.46
203.51	14971.79
203.57	15011.12
203.62	15061.39
203.67	15113.43
203.73	15151.38
203.78	15197.56
203.84	15250.71
203.89	15286.36
203.94	15320.66
204.00	15364.90
204.05	15399.31
204.10	15416.76
204.16	15433.22
204.21	15447.09
204.27	15446.17
204.32	15429.16
204.37	15412.56
204.43	15381.05
204.48	15329.57
204.53	15288.01
204.59	15293.23
204.64	15347.97
204.69	15461.30
204.75	15614.16
204.80	15786.92
204.86	15924.66
204.91	16019.59
204.96	16077.56
205.02	16098.13
205.07	16125.69
205.12	16183.07
205.18	16268.03
205.23	16374.69
205.28	16514.41
205.34	16641.86
205.39	16752.96
205.45	16841.58
205.50	16916.37
205.55	16980.77
205.61	17042.61
205.66	17096.06
205.71	17162.53
205.77	17220.27
205.82	17280.51
205.87	17337.20
205.93	17393.56
205.98	17433.77
206.03	17481.21
206.09	17522.13
206.14	17570.87
206.20	17624.86
206.25	17678.86
206.30	17736.57
206.36	17799.48
206.41	17855.49
206.46	17907.18
206.52	17961.54
206.57	18013.44
206.62	18058.83
206.68	18110.12
206.73	18161.60
206.78	18220.79
206.84	18279.43
206.89	18340.52
206.94	18397.89
207.00	18466.35
207.05	18532.21
207.11	18596.32
207.16	18654.27
207.21	18718.00
207.27	18772.63
207.32	18821.84
207.37	18875.71
207.43	18934.68
207.48	18984.93
207.53	19036.96
207.59	19093.65
207.64	19154.88
207.69	19222.48
207.75	19293.43
207.80	19353.38
207.85	19412.39
207.91	19459.57
207.96	19510.13
208.01	19562.59
208.07	19627.25
208.12	19689.23
208.17	19750.25
208.23	19806.81
208.28	19856.79
208.33	19911.80
208.39	19972.29
208.44	20041.16
208.49	20100.07
208.55	20167.18
208.60	20221.06
208.65	20272.98
208.71	20322.17
208.76	20378.94
208.81	20431.31
208.87	20496.52
208.92	20550.38
208.97	20607.69
209.03	20668.61
209.08	20731.06
209.13	20785.55
209.19	20854.83
209.24	20911.58
209.29	20973.60
209.35	21026.28
209.40	21090.51
209.45	21147.94
209.51	21220.04
209.56	21282.13
209.61	21352.46
209.67	21415.44
209.72	21480.67
209.77	21531.40
209.83	21593.35
209.88	21657.72
209.93	21723.65
209.99	21783.54
210.04	21856.46
210.09	21920.08
210.15	21984.91
210.20	22044.83
210.25	22110.16
210.31	22175.66
210.36	22226.61
210.41	22273.25
210.46	22330.79
210.52	22385.26
210.57	22433.81
210.62	22501.40
210.68	22575.37
210.73	22627.23
210.78	22691.04
210.84	22752.49
210.89	22807.60
210.94	22858.73
211.00	22926.31
211.05	22975.98
211.10	23036.45
211.16	23100.01
211.21	23163.72
211.26	23228.13
211.32	23303.48
211.37	23373.20
211.42	23439.33
211.47	23507.81
211.53	23567.24
211.58	23622.51
211.63	23679.03
211.69	23738.74
211.74	23794.39
211.79	23848.81
211.85	23913.32
211.90	23977.54
211.95	24046.53
212.01	24113.51
212.06	24195.66
212.11	24267.68
212.16	24340.50
212.22	24407.52
212.27	24468.07
212.32	24528.73
212.38	24595.95
212.43	24662.48
212.48	24725.57
212.54	24800.14
212.59	24870.90
212.64	24941.69
212.69	25006.43
212.75	25071.81
212.80	25139.59
212.85	25204.38
212.91	25255.88
212.96	25310.87
213.01	25376.64
213.07	25433.96
213.12	25494.89
213.17	25561.66
213.22	25631.51
213.28	25689.10
213.33	25739.62
213.38	25792.86
213.44	25846.92
213.49	25903.54
213.54	25976.17
213.60	26056.60
213.65	26132.21
213.70	26209.33
213.75	26279.68
213.81	26332.97
213.86	26391.06
213.91	26446.74
213.97	26492.33
214.02	26529.63
214.07	26567.05
214.12	26589.92
214.18	26607.62
214.23	26636.32
214.28	26656.93
214.34	26665.72
214.39	26666.91
214.44	26645.24
214.49	26583.00
214.55	26494.13
214.60	26376.51
214.65	26230.38
214.71	26103.06
214.76	26073.37
214.81	26162.16
214.86	26364.95
214.92	26649.33
214.97	26953.62
215.02	27200.12
215.08	27361.71
215.13	27449.42
215.18	27472.83
215.23	27467.32
215.29	27474.00
215.34	27541.47
215.39	27663.29
215.45	27847.86
215.50	28072.12
215.55	28294.96
215.60	28464.18
215.66	28580.55
215.71	28672.02
215.76	28746.90
215.81	28803.00
215.87	28860.14
215.92	28922.46
215.97	28972.55
216.03	29031.16
216.08	29091.89
216.13	29156.00
216.18	29220.10
216.24	29285.05
216.29	29342.30
216.34	29401.26
216.39	29465.36
216.45	29529.71
216.50	29591.07
216.55	29645.33
216.61	29713.94
216.66	29768.91
216.71	29825.38
216.76	29891.22
216.82	29971.54
216.87	30034.19
216.92	30115.32
216.97	30189.38
217.03	30258.09
217.08	30328.51
217.13	30410.30
217.18	30478.98
217.24	30551.32
217.29	30618.97
217.34	30668.12
217.39	30711.28
217.45	30763.31
217.50	30814.86
217.55	30883.85
217.61	30961.01
217.66	31031.77
217.71	31091.88
217.76	31162.99
217.82	31234.30
217.87	31302.01
217.92	31376.42
217.97	31449.98
218.03	31512.74
218.08	31555.21
218.13	31600.63
218.18	31648.55
218.24	31719.46
218.29	31777.07
218.34	31840.91
218.39	31909.46
218.45	31971.85
218.50	32017.71
218.55	32081.55
218.60	32144.49
218.66	32198.40
218.71	32268.18
218.76	32338.05
218.81	32401.10
218.87	32470.47
218.92	32540.22
218.97	32606.18
219.02	32674.74
219.08	32741.55
219.13	32810.61
219.18	32875.73
219.23	32937.39
219.29	33005.26
219.34	33072.32
219.39	33138.04
219.44	33205.44
219.50	33276.25
219.55	33334.21
219.60	33399.91
219.65	33462.06
219.71	33526.96
219.76	33579.51
219.81	33637.16
219.86	33695.95
219.92	33753.58
219.97	33809.51
220.02	33866.82
220.07	33918.53
220.13	33974.74
220.18	34038.97
220.23	34106.70
220.28	34190.65
220.33	34267.97
220.39	34330.16
220.44	34392.78
220.49	34446.67
220.54	34488.31
220.60	34539.30
220.65	34603.74
220.70	34667.08
220.75	34741.45
220.81	34828.20
220.86	34907.19
220.91	34975.53
220.96	35045.55
221.02	35115.88
221.07	35180.75
221.12	35243.52
221.17	35302.24
221.22	35361.79
221.28	35416.95
221.33	35473.55
221.38	35539.96
221.43	35618.13
221.49	35678.93
221.54	35747.16
221.59	35807.47
221.64	35886.45
221.69	35971.14
221.75	36068.71
221.80	36170.49
221.85	36256.87
221.90	36319.64
221.96	36376.86
222.01	36417.30
222.06	36445.48
222.11	36490.23
222.17	36539.70
222.22	36565.96
222.27	36611.13
222.32	36659.98
222.37	36714.11
222.43	36771.60
222.48	36845.70
222.53	36926.63
222.58	37007.41
222.63	37071.26
222.69	37138.27
222.74	37212.22
222.79	37271.85
222.84	37316.75
222.90	37374.61
222.95	37424.70
223.00	37463.07
223.05	37513.31
223.10	37574.71
223.16	37630.44
223.21	37684.12
223.26	37732.66
223.31	37771.52
223.36	37811.52
223.42	37848.11
223.47	37880.13
223.52	37930.52
223.57	37983.72
223.63	38035.95
223.68	38095.22
223.73	38170.21
223.78	38240.36
223.83	38303.50
223.89	38361.60
223.94	38432.98
223.99	38493.24
224.04	38563.55
224.09	38644.15
224.15	38735.94
224.20	38811.84
224.25	38905.67
224.30	38988.80
224.35	39075.10
224.41	39172.48
224.46	39271.52
224.51	39358.59
224.56	39439.75
224.61	39516.53
224.67	39589.21
224.72	39657.21
224.77	39745.31
224.82	39843.73
224.87	39933.30
224.93	40012.59
224.98	40103.72
225.03	40184.37
225.08	40263.13
225.13	40344.53
225.19	40430.34
225.24	40517.36
225.29	40590.73
225.34	40662.53
225.39	40730.10
225.45	40801.11
225.50	40851.16
225.55	40913.24
225.60	40971.82
225.65	41030.83
225.71	41072.85
225.76	41120.46
225.81	41142.11
225.86	41159.06
225.91	41153.32
225.97	41129.94
226.02	41075.62
226.07	40992.19
226.12	40944.50
226.17	40973.93
226.22	41086.04
226.28	41291.82
226.33	41589.79
226.38	41853.73
226.43	42065.63
226.48	42202.93
226.54	42281.21
226.59	42307.07
226.64	42323.64
226.69	42319.17
226.74	42344.95
226.80	42407.58
226.85	42506.81
226.90	42641.17
226.95	42824.68
227.00	43005.12
227.05	43165.38
227.11	43301.73
227.16	43416.86
227.21	43513.38
227.26	43608.28
227.31	43685.23
227.37	43749.87
227.42	43830.97
227.47	43907.51
227.52	43975.03
227.57	44037.81
227.62	44121.04
227.68	44194.59
227.73	44268.25
227.78	44349.22
227.83	44439.20
227.88	44515.07
227.93	44590.62
227.99	44671.17
228.04	44741.43
228.09	44822.32
228.14	44896.78
228.19	44970.56
228.24	45034.29
228.30	45107.95
228.35	45169.53
228.40	45238.38
228.45	45294.75
228.50	45368.61
228.56	45431.26
228.61	45487.73
228.66	45542.13
228.71	45600.16
228.76	45639.41
228.81	45684.21
228.87	45735.14
228.92	45795.75
228.97	45862.79
229.02	45957.32
229.07	46034.27
229.12	46126.28
229.17	46195.87
229.23	46266.97
229.28	46336.04
229.33	46424.13
229.38	46500.54
229.43	46581.88
229.48	46669.40
229.54	46739.63
229.59	46806.07
229.64	46869.58
229.69	46948.68
229.74	47028.85
229.79	47094.86
229.85	47163.10
229.90	47230.06
229.95	47294.38
230.00	47351.52
230.05	47434.23
230.10	47505.55
230.16	47580.25
230.21	47646.29
230.26	47707.99
230.31	47742.71
230.36	47803.37
230.41	47857.53
230.46	47940.65
230.52	48030.75
230.57	48121.36
230.62	48206.46
230.67	48283.54
230.72	48336.19
230.77	48375.00
230.82	48421.88
230.88	48453.51
230.93	48496.67
230.98	48538.97
231.03	48598.00
231.08	48658.09
231.13	48709.60
231.19	48775.45
231.24	48846.91
231.29	48919.88
231.34	48989.22
231.39	49069.24
231.44	49135.00
231.49	49189.08
231.55	49232.69
231.60	49277.71
231.65	49335.59
231.70	49383.97
231.75	49432.86
231.80	49478.69
231.85	49540.16
231.91	49575.11
231.96	49629.01
232.01	49695.17
232.06	49764.87
232.11	49819.05
232.16	49898.94
232.21	49982.73
232.26	50067.84
232.32	50151.02
232.37	50222.35
232.42	50288.31
232.47	50338.25
232.52	50383.20
232.57	50431.18
232.62	50494.19
232.68	50555.43
232.73	50622.69
232.78	50691.31
232.83	50769.42
232.88	50844.13
232.93	50916.64
232.98	50991.50
233.03	51051.21
233.09	51107.29
233.14	51176.03
233.19	51238.15
233.24	51285.61
233.29	51340.80
233.34	51380.05
233.39	51400.10
233.45	51424.90
233.50	51467.18
233.55	51512.01
233.60	51575.05
233.65	51642.16
233.70	51706.28
233.75	51753.05
233.80	51807.07
233.86	51854.15
233.91	51903.09
233.96	51952.95
234.01	52006.00
234.06	52059.81
234.11	52111.37
234.16	52163.32
234.21	52222.36
234.26	52277.59
234.32	52312.53
234.37	52361.71
234.42	52398.08
234.47	52419.10
234.52	52454.36
234.57	52493.54
234.62	52533.36
234.67	52589.93
234.73	52652.85
234.78	52705.24
234.83	52750.61
234.88	52793.92
234.93	52815.83
234.98	52850.17
235.03	52895.45
235.08	52966.74
235.13	53020.98
235.19	53096.44
235.24	53159.58
235.29	53216.78
235.34	53262.24
235.39	53302.75
235.44	53336.52
235.49	53370.91
235.54	53405.62
235.59	53421.69
235.65	53450.72
235.70	53479.08
235.75	53520.96
235.80	53572.88
235.85	53632.69
235.90	53684.35
235.95	53720.16
236.00	53747.24
236.05	53761.76
236.11	53781.36
236.16	53816.67
236.21	53867.25
236.26	53909.18
236.31	53940.26
236.36	53964.21
236.41	53969.55
236.46	53980.68
236.51	53998.71
236.56	54025.73
236.62	54060.39
236.67	54097.27
236.72	54136.72
236.77	54160.95
236.82	54196.78
236.87	54217.79
236.92	54244.96
236.97	54279.02
237.02	54329.65
237.07	54380.93
237.13	54443.39
237.18	54503.38
237.23	54552.01
237.28	54593.56
237.33	54631.87
237.38	54653.92
237.43	54677.50
237.48	54675.04
237.53	54687.91
237.58	54707.60
237.63	54750.36
237.69	54791.76
237.74	54854.09
237.79	54899.07
237.84	54910.76
237.89	54913.01
237.94	54914.35
237.99	54930.28
238.04	54939.09
238.09	54964.39
238.14	54991.89
238.19	55021.06
238.25	55047.55
238.30	55047.56
238.35	55053.84
238.40	55055.90
238.45	55055.83
238.50	55045.96
238.55	55064.66
238.60	55092.78
238.65	55113.86
238.70	55134.06
238.75	55144.72
238.80	55171.79
238.86	55173.11
238.91	55187.95
238.96	55206.14
239.01	55247.11
239.06	55269.34
239.11	55308.92
239.16	55342.01
239.21	55352.88
239.26	55343.94
239.31	55353.63
239.36	55365.56
239.41	55382.83
239.46	55419.65
239.52	55454.01
239.57	55476.81
239.62	55493.51
239.67	55517.33
239.72	55531.70
239.77	55544.52
239.82	55558.35
239.87	55564.92
239.92	55566.19
239.97	55561.98
240.02	55554.68
240.07	55542.18
240.12	55548.29
240.17	55550.26
240.23	55549.50
240.28	55563.22
240.33	55582.54
240.38	55568.26
240.43	55566.34
240.48	55590.15
240.53	55604.47
240.58	55619.02
240.63	55655.08
240.68	55665.46
240.73	55651.65
240.78	55644.72
240.83	55638.91
240.88	55622.61
240.93	55618.37
240.98	55624.21
241.04	55635.12
241.09	55661.87
241.14	55685.75
241.19	55719.33
241.24	55747.65
241.29	55766.61
241.34	55760.03
241.39	55769.78
241.44	55774.11
241.49	55774.48
241.54	55767.73
241.59	55781.47
241.64	55782.12
241.69	55770.19
241.74	55765.31
241.79	55756.76
241.84	55733.20
241.90	55712.99
241.95	55687.46
242.00	55649.38
242.05	55629.12
242.10	55620.04
242.15	55602.36
242.20	55597.38
242.25	55604.63
242.30	55607.25
242.35	55600.26
242.40	55606.00
242.45	55598.86
242.50	55591.43
242.55	55580.43
242.60	55572.37
242.65	55563.03
242.70	55576.03
242.75	55600.01
242.80	55640.95
242.85	55679.65
242.91	55695.79
242.96	55694.23
243.01	55678.09
243.06	55652.33
243.11	55615.39
243.16	55595.40
243.21	55593.30
243.26	55604.04
243.31	55613.30
243.36	55622.91
243.41	55642.48
243.46	55638.36
243.51	55601.82
243.56	55539.89
243.61	55483.66
243.66	55437.76
243.71	55404.48
243.76	55403.51
243.81	55429.38
243.86	55438.55
243.91	55445.85
243.96	55442.32
244.01	55411.96
244.06	55380.39
244.12	55371.79
244.17	55348.95
244.22	55343.75
244.27	55375.63
244.32	55404.16
244.37	55423.86
244.42	55429.43
244.47	55431.63
244.52	55406.57
244.57	55372.51
244.62	55346.16
244.67	55332.13
244.72	55304.46
244.77	55297.86
244.82	55317.32
244.87	55345.97
244.92	55372.59
244.97	55390.30
245.02	55386.18
245.07	55358.68
245.12	55330.42
245.17	55306.26
245.22	55300.53
245.27	55299.71
245.32	55268.25
245.37	55231.99
245.42	55183.45
245.47	55146.57
245.52	55095.19
245.57	55083.35
245.62	55061.40
245.67	55054.51
245.72	55034.48
245.77	55020.22
245.82	55003.50
245.87	55010.64
245.92	55016.71
245.98	55014.58
246.03	55018.81
246.08	55028.22
246.13	55023.93
246.18	55022.12
246.23	55017.16
246.28	55007.20
246.33	54988.81
246.38	54954.42
246.43	54920.75
246.48	54901.07
246.53	54890.88
246.58	54899.46
246.63	54917.62
246.68	54911.39
246.73	54894.02
246.78	54866.76
246.83	54815.73
246.88	54748.70
246.93	54702.66
246.98	54653.74
247.03	54625.97
247.08	54603.35
247.13	54595.20
247.18	54586.27
247.23	54609.61
247.28	54621.85
247.33	54612.10
247.38	54594.06
247.43	54588.01
247.48	54567.76
247.53	54524.01
247.58	54490.26
247.63	54473.44
247.68	54428.58
247.73	54362.74
247.78	54328.11
247.83	54296.37
247.88	54262.49
247.93	54249.74
247.98	54258.48
248.03	54262.36
248.08	54275.58
248.13	54274.02
248.18	54269.50
248.23	54258.33
248.28	54232.70
248.33	54197.14
248.38	54163.83
248.43	54131.66
248.48	54105.32
248.53	54088.20
248.58	54074.38
248.63	54066.31
248.68	54046.57
248.73	54022.33
248.78	53987.89
248.83	53935.68
248.88	53874.43
248.93	53810.43
248.98	53740.08
249.03	53696.70
249.08	53679.20
249.13	53668.69
249.18	53660.28
249.23	53662.79
249.28	53646.13
249.33	53632.24
249.38	53614.39
249.43	53598.75
249.48	53580.64
249.53	53569.73
249.58	53551.56
249.63	53532.43
249.68	53523.41
249.73	53505.91
249.78	53488.63
249.83	53480.84
249.88	53461.20
249.93	53440.88
249.98	53426.67
250.03	53413.01
250.08	53383.04
250.13	53373.26
250.18	53345.78
250.23	53301.63
250.28	53249.42
250.33	53192.40
250.37	53150.19
250.42	53109.51
250.47	53089.36
250.52	53082.39
250.57	53072.46
250.62	53035.95
250.67	53007.72
250.72	52992.07
250.77	52942.56
250.82	52918.76
250.87	52914.90
250.92	52905.81
250.97	52870.97
251.02	52873.51
251.07	52873.05
251.12	52848.37
251.17	52819.13
251.22	52796.33
251.27	52760.18
251.32	52705.68
251.37	52653.69
251.42	52597.51
251.47	52551.73
251.52	52519.69
251.57	52509.02
251.62	52498.67
251.67	52498.41
251.72	52487.72
251.77	52459.52
251.82	52412.90
251.87	52371.62
251.92	52314.49
251.97	52254.90
252.02	52208.07
252.07	52179.12
252.12	52164.01
252.16	52163.37
252.21	52163.81
252.26	52164.06
252.31	52167.85
252.36	52150.94
252.41	52128.12
252.46	52108.15
252.51	52078.85
252.56	52040.86
252.61	52017.74
252.66	51996.38
252.71	51975.36
252.76	51949.45
252.81	51900.12
252.86	51840.05
252.91	51794.65
252.96	51730.99
253.01	51662.83
253.06	51611.58
253.11	51560.41
253.16	51506.13
253.21	51454.58
253.26	51415.36
253.31	51372.29
253.36	51348.03
253.40	51330.26
253.45	51322.90
253.50	51284.77
253.55	51249.90
253.60	51208.09
253.65	51159.65
253.70	51118.56
253.75	51101.99
253.80	51083.61
253.85	51081.71
253.90	51080.14
253.95	51076.24
254.00	51077.17
254.05	51076.99
254.10	51032.43
254.15	50997.35
254.20	50968.94
254.25	50930.32
254.30	50888.37
254.35	50860.44
254.39	50793.82
254.44	50708.10
254.49	50638.89
254.54	50601.40
254.59	50560.16
254.64	50548.73
254.69	50544.97
254.74	50532.42
254.79	50506.17
254.84	50478.44
254.89	50461.14
254.94	50447.73
254.99	50440.67
255.04	50421.12
255.09	50417.27
255.14	50384.84
255.19	50364.74
255.23	50356.04
255.28	50345.68
255.33	50333.23
255.38	50331.18
255.43	50314.90
255.48	50283.77
255.53	50247.59
255.58	50219.80
255.63	50181.61
255.68	50133.37
255.73	50082.25
255.78	50047.45
255.83	50011.51
255.88	49995.32
255.93	49975.14
255.97	49959.53
256.02	49930.14
256.07	49893.03
256.12	49821.41
256.17	49771.57
256.22	49709.74
256.27	49659.62
256.32	49612.76
256.37	49589.67
256.42	49569.69
256.47	49555.14
256.52	49533.90
256.57	49502.17
256.62	49485.61
256.66	49464.90
256.71	49430.41
256.76	49389.22
256.81	49346.59
256.86	49292.71
256.91	49240.96
256.96	49199.55
257.01	49166.57
257.06	49147.66
257.11	49114.31
257.16	49072.27
257.21	49028.98
257.26	48994.06
257.30	48945.99
257.35	48913.14
257.40	48885.62
257.45	48870.67
257.50	48838.47
257.55	48808.51
257.60	48785.53
257.65	48760.55
257.70	48726.02
257.75	48693.03
257.80	48667.71
257.85	48633.07
257.89	48580.37
257.94	48525.26
257.99	48466.23
258.04	48415.98
258.09	48366.21
258.14	48339.56
258.19	48317.05
258.24	48297.25
258.29	48247.44
258.34	48203.53
258.39	48163.00
258.44	48108.04
258.48	48058.28
258.53	48032.26
258.58	47997.06
258.63	47949.97
258.68	47908.58
258.73	47871.96
258.78	47825.55
258.83	47786.29
258.88	47741.60
258.93	47707.23
258.97	47676.41
259.02	47646.55
259.07	47619.61
259.12	47608.85
259.17	47590.36
259.22	47569.60
259.27	47543.52
259.32	47517.29
259.37	47472.11
259.42	47432.97
259.47	47389.31
259.51	47349.08
259.56	47291.59
259.61	47225.05
259.66	47148.17
259.71	47072.31
259.76	47006.08
259.81	46948.01
259.86	46907.37
259.91	46874.64
259.95	46849.37
260.00	46824.06
260.05	46797.63
260.10	46780.81
260.15	46768.11
260.20	46753.70
260.25	46740.24
260.30	46734.92
260.35	46707.51
260.40	46670.18
260.44	46648.38
260.49	46632.26
260.54	46595.55
260.59	46571.20
260.64	46565.98
260.69	46548.94
260.74	46506.95
260.79	46470.30
260.84	46425.18
260.88	46361.49
260.93	46286.91
260.98	46251.06
261.03	46214.28
261.08	46186.57
261.13	46152.30
261.18	46115.45
261.23	46050.81
261.28	46002.22
261.32	45954.39
261.37	45912.73
261.42	45882.39
261.47	45865.71
261.52	45830.81
261.57	45790.86
261.62	45753.27
261.67	45704.88
261.71	45631.93
261.76	45579.46
261.81	45524.66
261.86	45470.38
261.91	45423.74
261.96	45387.56
262.01	45348.33
262.06	45326.30
262.10	45306.91
262.15	45286.85
262.20	45275.30
262.25	45257.25
262.30	45236.72
262.35	45213.90
262.40	45188.44
262.45	45160.33
262.49	45125.97
262.54	45085.38
262.59	45052.51
262.64	45023.32
262.69	44980.46
262.74	44940.81
262.79	44892.41
262.84	44848.88
262.88	44800.41
262.93	44753.35
262.98	44715.77
263.03	44675.77
263.08	44625.21
263.13	44555.70
263.18	44494.07
263.23	44429.67
263.27	44381.57
263.32	44341.94
263.37	44320.15
263.42	44306.24
263.47	44276.37
263.52	44254.53
263.57	44221.73
263.61	44181.80
263.66	44136.98
263.71	44106.95
263.76	44062.96
263.81	44022.08
263.86	43999.11
263.91	43963.18
263.95	43902.87
264.00	43844.23
264.05	43789.20
264.10	43715.68
264.15	43647.33
264.20	43607.68
264.25	43566.80
264.29	43518.82
264.34	43462.75
264.39	43426.48
264.44	43368.54
264.49	43318.74
264.54	43278.04
264.59	43247.65
264.63	43198.96
264.68	43151.75
264.73	43098.94
264.78	43047.76
264.83	42991.21
264.88	42949.51
264.93	42930.99
264.97	42910.78
265.02	42885.20
265.07	42872.15
265.12	42832.47
265.17	42775.55
265.22	42730.74
265.27	42673.31
265.31	42606.96
265.36	42551.04
265.41	42501.88
265.46	42437.02
265.51	42372.06
265.56	42315.90
265.60	42265.55
265.65	42204.71
265.70	42146.92
265.75	42094.27
265.80	42045.46
265.85	41979.06
265.90	41922.77
265.94	41869.51
265.99	41808.04
266.04	41750.25
266.09	41715.74
266.14	41680.17
266.19	41646.74
266.23	41623.45
266.28	41577.65
266.33	41538.18
266.38	41509.67
266.43	41484.56
266.48	41465.87
266.52	41449.36
266.57	41415.65
266.62	41374.43
266.67	41323.40
266.72	41266.31
266.77	41228.73
266.81	41199.56
266.86	41166.90
266.91	41141.32
266.96	41103.20
267.01	41059.39
267.06	41004.64
267.10	40956.78
267.15	40901.91
267.20	40870.13
267.25	40839.89
267.30	40807.21
267.35	40773.50
267.39	40736.08
267.44	40693.38
267.49	40638.63
267.54	40592.09
267.59	40538.11
267.64	40483.81
267.68	40423.81
267.73	40376.16
267.78	40334.44
267.83	40310.56
267.88	40305.26
267.93	40299.87
267.97	40283.17
268.02	40252.77
268.07	40206.64
268.12	40139.59
268.17	40070.61
268.21	40027.79
268.26	39978.60
268.31	39926.81
268.36	39891.44
268.41	39854.36
268.46	39800.93
268.50	39763.16
268.55	39714.61
268.60	39643.89
268.65	39580.96
268.70	39500.46
268.74	39429.09
268.79	39361.33
268.84	39309.86
268.89	39265.38
268.94	39240.50
268.99	39200.63
269.03	39160.39
269.08	39115.98
269.13	39044.07
269.18	38958.20
269.23	38864.74
269.27	38765.21
269.32	38636.26
269.37	38514.41
269.42	38379.70
269.47	38240.59
269.51	38099.53
269.56	37963.92
269.61	37823.55
269.66	37676.42
269.71	37523.94
269.76	37371.30
269.80	37217.68
269.85	37075.27
269.90	36933.91
269.95	36791.24
270.00	36632.97
270.04	36483.21
270.09	36330.60
270.14	36187.28
270.19	36040.75
270.24	35909.92
270.28	35756.31
270.33	35582.15
270.38	35403.13
270.43	35228.47
270.48	35053.86
270.52	34896.93
270.57	34739.93
270.62	34580.17
270.67	34421.54
270.72	34264.96
270.76	34089.84
270.81	33918.12
270.86	33753.13
270.91	33579.36
270.96	33406.30
271.00	33246.84
271.05	33095.78
271.10	32950.44
271.15	32817.27
271.20	32690.35
271.24	32557.62
271.29	32422.33
271.34	32274.48
271.39	32121.91
271.44	31971.75
271.48	31832.53
271.53	31689.17
271.58	31546.76
271.63	31406.21
271.67	31256.30
271.72	31111.94
271.77	30969.11
271.82	30830.41
271.87	30690.35
271.91	30533.09
271.96	30386.61
272.01	30240.20
272.06	30107.78
272.11	29984.10
272.15	29880.18
272.20	29773.26
272.25	29676.79
272.30	29569.95
272.35	29464.08
272.39	29360.66
272.44	29237.48
272.49	29100.95
272.54	28966.56
272.58	28813.44
272.63	28662.19
272.68	28512.68
272.73	28355.23
272.78	28177.64
272.82	27980.86
272.87	27753.99
272.92	27469.68
272.97	26943.96
273.01	23978.35
273.06	19017.60
273.11	13546.06
273.16	8170.03
273.21	3076.11
273.25	465.59
273.30	-88.45
273.35	-88.61
