165.32	3375.50
165.38	-245.82
165.44	595.08
165.50	-78.17
165.55	-21.37
165.61	-0.22
165.67	26.25
165.72	34.74
165.78	39.59
165.84	38.04
165.89	35.11
165.95	33.75
166.01	32.93
166.06	34.61
166.12	37.18
166.18	35.07
166.23	36.83
166.29	35.54
166.35	31.92
166.40	31.07
166.46	37.50
166.52	40.08
166.57	41.25
166.63	41.90
166.69	44.52
166.74	38.34
166.80	38.78
166.86	41.18
166.91	42.04
166.97	36.06
167.03	38.48
167.08	32.58
167.14	31.46
167.20	29.53
167.25	42.08
167.31	42.61
167.37	48.26
167.42	49.91
167.48	56.33
167.54	50.69
167.59	50.12
167.65	45.68
167.71	45.37
167.76	44.06
167.82	39.91
167.88	39.63
167.93	47.47
167.99	46.41
168.05	48.80
168.10	56.49
168.16	55.48
168.21	53.63
168.27	58.40
168.33	60.02
168.38	52.81
168.44	58.22
168.50	56.60
168.55	54.71
168.61	55.45
168.67	57.09
168.72	54.10
168.78	54.33
168.84	50.63
168.89	48.93
168.95	50.32
169.01	49.58
169.06	49.03
169.12	48.19
169.18	46.12
169.23	45.55
169.29	50.54
169.34	55.45
169.40	57.82
169.46	62.26
169.51	64.19
169.57	59.29
169.63	54.74
169.68	59.76
169.74	56.30
169.80	62.38
169.85	63.83
169.91	67.66
169.97	63.91
170.02	63.45
170.08	62.26
170.13	62.27
170.19	62.25
170.25	63.57
170.30	67.93
170.36	59.86
170.42	62.08
170.47	62.76
170.53	64.73
170.59	62.06
170.64	65.79
170.70	64.35
170.76	62.26
170.81	63.78
170.87	63.20
170.92	63.98
170.98	66.57
171.04	68.65
171.09	64.26
171.15	71.16
171.21	71.57
171.26	68.81
171.32	66.59
171.37	70.27
171.43	65.03
171.49	69.73
171.54	72.96
171.60	74.08
171.66	76.33
171.71	76.79
171.77	74.59
171.83	80.00
171.88	79.72
171.94	78.80
171.99	83.42
172.05	81.99
172.11	83.29
172.16	91.06
172.22	91.71
172.28	92.13
172.33	90.21
172.39	87.03
172.44	84.05
172.50	89.02
172.56	88.14
172.61	96.66
172.67	96.46
172.72	96.34
172.78	91.16
172.84	86.00
172.89	79.87
172.95	78.76
173.01	79.52
173.06	78.51
173.12	84.63
173.17	85.66
173.23	85.22
173.29	85.73
173.34	87.53
173.40	81.93
173.46	82.23
173.51	85.30
173.57	84.97
173.62	79.57
173.68	85.86
173.74	84.90
173.79	86.03
173.85	83.33
173.90	85.78
173.96	82.83
174.02	79.61
174.07	71.61
174.13	71.18
174.18	73.48
174.24	66.48
174.30	67.11
174.35	72.07
174.41	68.76
174.47	62.59
174.52	63.88
174.58	63.02
174.63	58.97
174.69	57.99
174.75	59.74
174.80	70.49
174.86	67.84
174.91	68.75
174.97	68.66
175.03	66.20
175.08	53.85
175.14	60.23
175.19	56.15
175.25	56.74
175.31	60.82
175.36	62.20
175.42	59.47
175.47	63.84
175.53	64.38
175.59	61.24
175.64	63.09
175.70	61.17
175.75	57.00
175.81	55.17
175.87	55.77
175.92	52.43
175.98	54.21
176.03	54.14
176.09	55.27
176.15	55.40
176.20	56.19
176.26	56.09
176.31	59.57
176.37	56.51
176.42	57.46
176.48	61.03
176.54	58.37
176.59	55.15
176.65	58.05
176.70	60.00
176.76	59.39
176.82	57.62
176.87	54.62
176.93	54.59
176.98	52.86
177.04	47.56
177.10	52.48
177.15	54.23
177.21	55.17
177.26	53.91
177.32	57.66
177.37	59.09
177.43	62.72
177.49	59.06
177.54	56.71
177.60	57.02
177.65	57.67
177.71	52.50
177.77	55.67
177.82	57.31
177.88	61.35
177.93	56.64
177.99	62.77
178.04	58.29
178.10	58.93
178.16	52.55
178.21	53.35
178.27	49.97
178.32	53.88
178.38	52.88
178.43	53.94
178.49	53.71
178.55	53.58
178.60	52.37
178.66	51.70
178.71	53.45
178.77	51.81
178.82	52.28
178.88	52.22
178.94	52.99
178.99	53.97
179.05	58.06
179.10	54.66
179.16	57.71
179.21	59.79
179.27	58.66
179.33	53.98
179.38	57.44
179.44	55.47
179.49	55.50
179.55	53.87
179.60	54.81
179.66	54.28
179.72	56.47
179.77	53.82
179.83	52.30
179.88	53.70
179.94	54.57
179.99	50.85
180.05	51.54
180.11	52.54
180.16	55.08
180.22	57.71
180.27	62.51
180.33	63.32
180.38	67.49
180.44	62.92
180.49	62.78
180.55	60.60
180.61	64.54
180.66	59.59
180.72	58.11
180.77	55.96
180.83	55.79
180.88	52.45
180.94	52.14
180.99	55.98
181.05	56.35
181.11	57.67
181.16	58.36
181.22	59.75
181.27	61.74
181.33	60.38
181.38	57.24
181.44	58.36
181.49	62.86
181.55	63.64
181.61	69.91
181.66	72.33
181.72	69.68
181.77	66.59
181.83	64.26
181.88	69.41
181.94	71.59
181.99	77.55
182.05	78.46
182.11	79.27
182.16	69.91
182.22	67.57
182.27	62.94
182.33	66.19
182.38	66.34
182.44	71.57
182.49	73.99
182.55	76.29
182.60	75.68
182.66	79.16
182.72	81.36
182.77	83.58
182.83	86.67
182.88	89.95
182.94	90.63
182.99	87.94
183.05	86.89
183.10	89.34
183.16	88.32
183.21	90.20
183.27	98.46
183.32	103.01
183.38	107.11
183.44	115.22
183.49	121.08
183.55	123.56
183.60	131.72
183.66	139.34
183.71	150.03
183.77	159.49
183.82	170.40
183.88	182.35
183.93	195.80
183.99	210.38
184.04	227.75
184.10	241.08
184.15	254.82
184.21	268.38
184.27	270.74
184.32	271.22
184.38	268.52
184.43	262.23
184.49	242.84
184.54	222.86
184.60	210.44
184.65	193.92
184.71	183.39
184.76	185.44
184.82	203.98
184.87	223.74
184.93	251.97
184.98	281.98
185.04	316.10
185.09	343.19
185.15	371.25
185.20	405.45
185.26	442.04
185.31	472.92
185.37	503.08
185.43	525.13
185.48	545.93
185.54	570.88
185.59	596.73
185.65	623.05
185.70	665.99
185.76	713.53
185.81	748.24
185.87	789.04
185.92	836.76
185.98	872.97
186.03	890.51
186.09	893.43
186.14	866.00
186.20	806.61
186.25	714.88
186.31	622.67
186.36	550.38
186.42	517.28
186.47	527.14
186.53	576.87
186.58	649.80
186.64	728.59
186.69	803.92
186.75	865.91
186.80	925.70
186.86	984.68
186.91	1044.65
186.97	1100.03
187.02	1170.41
187.08	1236.28
187.13	1288.62
187.19	1343.98
187.24	1398.21
187.30	1430.92
187.35	1462.11
187.41	1507.18
187.47	1550.88
187.52	1593.08
187.58	1652.89
187.63	1732.03
187.69	1817.93
187.74	1891.16
187.80	1956.76
187.85	2006.35
187.91	2027.65
187.96	2011.04
188.02	1953.91
188.07	1855.40
188.13	1710.85
188.18	1557.79
188.24	1446.17
188.29	1394.54
188.35	1408.21
188.40	1492.24
188.46	1621.65
188.51	1749.22
188.57	1882.89
188.62	2010.29
188.67	2128.32
188.73	2240.45
188.78	2348.85
188.84	2452.48
188.89	2557.27
188.95	2667.21
189.00	2759.32
189.06	2860.69
189.11	2956.94
189.17	3040.42
189.22	3112.06
189.28	3203.00
189.33	3279.03
189.39	3342.92
189.44	3411.63
189.50	3489.27
189.55	3556.53
189.61	3608.67
189.66	3667.70
189.72	3726.11
189.77	3775.31
189.83	3802.81
189.88	3813.42
189.94	3780.04
189.99	3693.65
190.05	3533.15
190.10	3306.23
190.16	3044.79
190.21	2812.61
190.27	2657.02
190.32	2605.94
190.38	2658.83
190.43	2793.15
190.49	2954.57
190.54	3091.25
190.60	3208.04
190.65	3301.30
190.71	3379.45
190.76	3450.05
190.81	3529.34
190.87	3616.56
190.92	3736.94
190.98	3875.38
191.03	4026.88
191.09	4183.11
191.14	4320.20
191.20	4425.91
191.25	4529.42
191.31	4634.78
191.36	4748.16
191.42	4877.92
191.47	5026.82
191.53	5167.91
191.58	5288.67
191.64	5382.98
191.69	5459.04
191.75	5506.69
191.80	5544.44
191.85	5565.77
191.91	5586.62
191.96	5609.14
192.02	5641.99
192.07	5655.52
192.13	5650.23
192.18	5600.52
192.24	5481.04
192.29	5282.06
192.35	5052.95
192.40	4865.40
192.46	4756.50
192.51	4750.52
192.57	4844.91
192.62	5021.14
192.67	5208.85
192.73	5390.12
192.78	5555.24
192.84	5710.23
192.89	5852.72
192.95	5984.72
193.00	6100.52
193.06	6214.29
193.11	6323.42
193.17	6411.43
193.22	6498.10
193.28	6589.88
193.33	6664.96
193.38	6734.02
193.44	6808.33
193.49	6880.08
193.55	6938.51
193.60	6996.02
193.66	7049.48
193.71	7091.19
193.77	7118.26
193.82	7137.48
193.88	7152.75
193.93	7175.32
193.98	7204.42
194.04	7243.80
194.09	7291.65
194.15	7348.27
194.20	7393.31
194.26	7433.83
194.31	7474.11
194.37	7496.95
194.42	7502.41
194.47	7489.95
194.53	7445.96
194.58	7351.24
194.64	7239.58
194.69	7138.55
194.75	7067.76
194.80	7047.65
194.86	7089.38
194.91	7180.39
194.97	7290.13
195.02	7399.28
195.07	7506.24
195.13	7605.90
195.18	7706.10
195.24	7796.24
195.29	7887.17
195.35	7966.56
195.40	8049.13
195.46	8119.39
195.51	8201.27
195.56	8288.33
195.62	8379.43
195.67	8464.05
195.73	8552.17
195.78	8620.76
195.84	8667.92
195.89	8703.54
195.94	8740.08
196.00	8774.75
196.05	8817.28
196.11	8877.70
196.16	8942.93
196.22	9008.89
196.27	9077.01
196.32	9137.44
196.38	9187.45
196.43	9235.09
196.49	9273.32
196.54	9311.87
196.60	9352.20
196.65	9393.17
196.71	9438.45
196.76	9486.30
196.81	9523.41
196.87	9560.91
196.92	9591.37
196.98	9607.61
197.03	9614.71
197.09	9608.22
197.14	9597.82
197.19	9597.86
197.25	9612.02
197.30	9639.48
197.36	9693.90
197.41	9760.02
197.47	9822.63
197.52	9884.18
197.57	9954.92
197.63	10012.02
197.68	10062.56
197.74	10114.85
197.79	10164.27
197.84	10206.26
197.90	10251.18
197.95	10289.90
198.01	10331.54
198.06	10370.59
198.12	10410.66
198.17	10445.09
198.22	10489.20
198.28	10523.51
198.33	10565.55
198.39	10608.85
198.44	10657.93
198.49	10706.39
198.55	10755.72
198.60	10801.48
198.66	10842.03
198.71	10892.37
198.77	10934.95
198.82	10989.49
198.87	11037.96
198.93	11090.37
198.98	11137.78
199.04	11191.62
199.09	11229.42
199.14	11272.59
199.20	11314.33
199.25	11351.28
199.31	11386.40
199.36	11431.35
199.42	11476.32
199.47	11519.82
199.52	11561.85
199.58	11605.39
199.63	11636.36
199.69	11668.07
199.74	11703.19
199.79	11729.37
199.85	11751.80
199.90	11792.57
199.96	11833.75
200.01	11875.34
200.06	11927.69
200.12	11984.94
200.17	12034.63
200.23	12084.94
200.28	12129.25
200.33	12181.75
200.39	12225.18
200.44	12271.55
200.50	12317.41
200.55	12356.67
200.60	12389.27
200.66	12424.97
200.71	12459.74
200.77	12498.73
200.82	12539.32
200.87	12578.79
200.93	12617.22
200.98	12659.13
201.04	12700.39
201.09	12748.46
201.14	12801.31
201.20	12855.56
201.25	12912.26
201.31	12961.22
201.36	13019.69
201.41	13075.94
201.47	13133.76
201.52	13180.36
201.58	13244.38
201.63	13289.42
201.68	13336.44
201.74	13381.66
201.79	13429.57
201.84	13474.94
201.90	13525.22
201.95	13576.57
202.01	13630.24
202.06	13685.94
202.11	13730.26
202.17	13779.43
202.22	13826.40
202.28	13869.68
202.33	13906.54
202.38	13940.76
202.44	13984.82
202.49	14031.58
202.54	14077.43
202.60	14130.60
202.65	14186.67
202.71	14230.14
202.76	14263.35
202.81	14303.29
202.87	14350.83
202.92	14398.71
202.98	14452.77
203.03	14513.16
203.08	14570.31
203.14	14624.17
203.19	14677.32
203.24	14732.73
203.30	14782.80
203.35	14834.62
203.41	14883.63
203.46	14930.15
203.51	14973.46
203.57	15015.15
203.62	15061.22
203.67	15107.18
203.73	15153.26
203.78	15195.16
203.84	15244.26
203.89	15280.58
203.94	15313.31
204.00	15346.98
204.05	15383.60
204.10	15405.68
204.16	15424.33
204.21	15439.31
204.27	15440.83
204.32	15427.85
204.37	15409.57
204.43	15374.61
204.48	15329.36
204.53	15287.36
204.59	15281.73
204.64	15337.31
204.69	15456.27
204.75	15609.06
204.80	15785.82
204.86	15927.82
204.91	16024.80
204.96	16078.89
205.02	16101.57
205.07	16123.33
205.12	16178.09
205.18	16262.62
205.23	16367.37
205.28	16501.26
205.34	16627.61
205.39	16741.70
205.45	16825.50
205.50	16899.56
205.55	16964.61
205.61	17025.12
205.66	17077.82
205.71	17146.77
205.77	17210.27
205.82	17270.00
205.87	17327.07
205.93	17380.65
205.98	17421.19
206.03	17461.03
206.09	17505.95
206.14	17556.55
206.20	17609.28
206.25	17663.51
206.30	17724.34
206.36	17781.25
206.41	17839.83
206.46	17893.60
206.52	17946.47
206.57	18001.83
206.62	18045.22
206.68	18090.35
206.73	18140.05
206.78	18197.68
206.84	18249.36
206.89	18311.71
206.94	18374.10
207.00	18450.23
207.05	18521.06
207.11	18590.47
207.16	18652.37
207.21	18714.32
207.27	18762.34
207.32	18813.71
207.37	18873.87
207.43	18930.51
207.48	18988.20
207.53	19042.14
207.59	19096.72
207.64	19148.73
207.69	19216.64
207.75	19281.96
207.80	19341.79
207.85	19397.63
207.91	19450.50
207.96	19502.22
208.01	19556.38
208.07	19621.77
208.12	19684.76
208.17	19746.03
208.23	19802.53
208.28	19855.21
208.33	19909.19
208.39	19972.25
208.44	20039.75
208.49	20100.44
208.55	20161.44
208.60	20216.42
208.65	20267.58
208.71	20310.20
208.76	20358.97
208.81	20415.15
208.87	20475.86
208.92	20533.58
208.97	20598.14
209.03	20664.28
209.08	20723.21
209.13	20786.82
209.19	20848.85
209.24	20906.22
209.29	20971.04
209.35	21025.76
209.40	21081.27
209.45	21147.17
209.51	21212.93
209.56	21269.14
209.61	21334.89
209.67	21401.02
209.72	21458.18
209.77	21521.46
209.83	21585.75
209.88	21660.17
209.93	21725.33
209.99	21788.34
210.04	21855.90
210.09	21923.67
210.15	21981.96
210.20	22044.46
210.25	22105.82
210.31	22167.75
210.36	22214.90
210.41	22264.49
210.46	22325.36
210.52	22381.32
210.57	22425.54
210.62	22490.73
210.68	22554.07
210.73	22602.02
210.78	22665.27
210.84	22730.32
210.89	22791.65
210.94	22854.92
211.00	22914.93
211.05	22967.78
211.10	23030.90
211.16	23090.36
211.21	23147.36
211.26	23220.70
211.32	23294.89
211.37	23362.40
211.42	23432.45
211.47	23507.58
211.53	23565.22
211.58	23622.75
211.63	23674.55
211.69	23728.66
211.74	23778.34
211.79	23830.26
211.85	23894.89
211.90	23961.80
211.95	24024.78
212.01	24094.58
212.06	24180.92
212.11	24250.28
212.16	24328.25
212.22	24401.36
212.27	24465.77
212.32	24525.97
212.38	24591.76
212.43	24648.96
212.48	24721.49
212.54	24792.82
212.59	24866.50
212.64	24935.55
212.69	24998.37
212.75	25058.72
212.80	25120.23
212.85	25174.73
212.91	25229.33
212.96	25293.63
213.01	25353.16
213.07	25416.14
213.12	25481.35
213.17	25543.43
213.22	25608.20
213.28	25670.84
213.33	25719.16
213.38	25772.49
213.44	25831.81
213.49	25901.69
213.54	25971.25
213.60	26055.04
213.65	26131.82
213.70	26216.05
213.75	26279.71
213.81	26333.04
213.86	26384.81
213.91	26432.70
213.97	26469.98
214.02	26497.63
214.07	26534.75
214.12	26565.06
214.18	26595.85
214.23	26625.01
214.28	26648.47
214.34	26653.62
214.39	26650.23
214.44	26615.99
214.49	26548.08
214.55	26461.54
214.60	26344.40
214.65	26197.16
214.71	26077.29
214.76	26046.12
214.81	26131.00
214.86	26336.66
214.92	26624.92
214.97	26935.94
215.02	27191.23
215.08	27360.06
215.13	27447.30
215.18	27466.08
215.23	27454.66
215.29	27467.99
215.34	27537.40
215.39	27663.70
215.45	27857.89
215.50	28083.09
215.55	28291.17
215.60	28456.48
215.66	28574.16
215.71	28657.12
215.76	28734.16
215.81	28795.60
215.87	28860.69
215.92	28920.44
215.97	28972.74
216.03	29029.49
216.08	29092.78
216.13	29146.47
216.18	29206.20
216.24	29272.07
216.29	29319.88
216.34	29372.48
216.39	29440.47
216.45	29504.75
216.50	29563.06
216.55	29629.90
216.61	29701.92
216.66	29753.25
216.71	29817.84
216.76	29883.65
216.82	29953.63
216.87	30017.03
216.92	30102.55
216.97	30167.38
217.03	30244.72
217.08	30317.28
217.13	30402.64
217.18	30467.91
217.24	30542.92
217.29	30610.11
217.34	30665.81
217.39	30710.00
217.45	30751.52
217.50	30801.65
217.55	30855.62
217.61	30923.06
217.66	30981.68
217.71	31057.29
217.76	31137.14
217.82	31219.83
217.87	31294.45
217.92	31376.06
217.97	31447.74
218.03	31508.50
218.08	31548.88
218.13	31594.12
218.18	31644.56
218.24	31711.13
218.29	31764.39
218.34	31828.39
218.39	31894.20
218.45	31960.01
218.50	32011.54
218.55	32078.93
218.60	32144.45
218.66	32201.49
218.71	32270.51
218.76	32337.46
218.81	32399.65
218.87	32471.10
218.92	32538.68
218.97	32600.21
219.02	32669.60
219.08	32738.51
219.13	32806.65
219.18	32872.38
219.23	32939.86
219.29	33006.71
219.34	33063.57
219.39	33122.34
219.44	33186.86
219.50	33252.22
219.55	33312.45
219.60	33378.98
219.65	33452.11
219.71	33522.91
219.76	33575.57
219.81	33631.20
219.86	33697.45
219.92	33745.52
219.97	33798.65
220.02	33851.51
220.07	33913.75
220.13	33973.99
220.18	34036.00
220.23	34105.41
220.28	34192.25
220.33	34263.72
220.39	34320.75
220.44	34379.92
220.49	34432.96
220.54	34474.70
220.60	34528.83
220.65	34598.28
220.70	34665.00
220.75	34739.16
220.81	34822.12
220.86	34896.88
220.91	34960.06
220.96	35027.69
221.02	35094.31
221.07	35163.48
221.12	35220.10
221.17	35281.57
221.22	35351.48
221.28	35408.68
221.33	35470.08
221.38	35533.38
221.43	35604.56
221.49	35663.91
221.54	35726.41
221.59	35785.16
221.64	35874.33
221.69	35961.30
221.75	36060.93
221.80	36160.81
221.85	36238.29
221.90	36290.05
221.96	36351.57
222.01	36391.73
222.06	36428.55
222.11	36480.57
222.17	36535.34
222.22	36562.49
222.27	36603.70
222.32	36657.74
222.37	36709.31
222.43	36770.89
222.48	36836.77
222.53	36901.90
222.58	36974.66
222.63	37050.21
222.69	37117.03
222.74	37195.49
222.79	37270.11
222.84	37320.86
222.90	37366.68
222.95	37414.01
223.00	37447.51
223.05	37497.69
223.10	37558.78
223.16	37617.63
223.21	37667.61
223.26	37723.75
223.31	37760.66
223.36	37791.38
223.42	37829.16
223.47	37869.75
223.52	37922.56
223.57	37971.79
223.63	38030.87
223.68	38086.84
223.73	38156.88
223.78	38221.42
223.83	38293.18
223.89	38346.12
223.94	38418.80
223.99	38482.81
224.04	38558.93
224.09	38640.16
224.15	38736.53
224.20	38814.00
224.25	38904.70
224.30	38983.76
224.35	39064.63
224.41	39159.83
224.46	39258.62
224.51	39341.07
224.56	39427.65
224.61	39514.87
224.67	39591.54
224.72	39663.13
224.77	39751.62
224.82	39843.33
224.87	39921.48
224.93	40000.98
224.98	40081.80
225.03	40158.52
225.08	40233.05
225.13	40315.95
225.19	40399.20
225.24	40485.43
225.29	40558.04
225.34	40629.48
225.39	40696.91
225.45	40761.72
225.50	40820.88
225.55	40885.58
225.60	40944.12
225.65	41008.92
225.71	41057.99
225.76	41095.48
225.81	41123.90
225.86	41136.65
225.91	41130.96
225.97	41106.04
226.02	41060.88
226.07	40984.58
226.12	40948.18
226.17	40965.15
226.22	41074.61
226.28	41281.36
226.33	41563.42
226.38	41821.57
226.43	42037.28
226.48	42180.70
226.54	42253.79
226.59	42287.79
226.64	42314.21
226.69	42317.89
226.74	42339.68
226.80	42404.11
226.85	42505.08
226.90	42630.09
226.95	42806.13
227.00	42985.49
227.05	43147.15
227.11	43284.72
227.16	43404.55
227.21	43502.86
227.26	43598.23
227.31	43678.92
227.37	43734.80
227.42	43812.96
227.47	43895.68
227.52	43967.18
227.57	44022.48
227.62	44112.92
227.68	44184.75
227.73	44256.62
227.78	44333.76
227.83	44427.65
227.88	44496.04
227.93	44568.04
227.99	44650.29
228.04	44726.79
228.09	44804.13
228.14	44878.11
228.19	44955.02
228.24	45014.26
228.30	45085.89
228.35	45149.12
228.40	45227.84
228.45	45286.32
228.50	45362.35
228.56	45423.78
228.61	45481.17
228.66	45531.78
228.71	45593.26
228.76	45632.59
228.81	45680.93
228.87	45730.51
228.92	45796.05
228.97	45855.58
229.02	45944.87
229.07	46018.73
229.12	46109.10
229.17	46169.08
229.23	46249.80
229.28	46318.16
229.33	46398.08
229.38	46474.23
229.43	46561.71
229.48	46636.61
229.54	46706.40
229.59	46780.10
229.64	46849.69
229.69	46922.15
229.74	47005.59
229.79	47077.10
229.85	47148.71
229.90	47218.47
229.95	47293.99
230.00	47349.70
230.05	47427.57
230.10	47489.28
230.16	47555.12
230.21	47607.98
230.26	47674.50
230.31	47720.54
230.36	47784.56
230.41	47846.36
230.46	47939.53
230.52	48025.04
230.57	48109.59
230.62	48189.63
230.67	48256.37
230.72	48301.55
230.77	48347.64
230.82	48398.31
230.88	48435.86
230.93	48482.20
230.98	48522.50
231.03	48575.57
231.08	48634.53
231.13	48689.79
231.19	48759.24
231.24	48833.21
231.29	48908.18
231.34	48979.48
231.39	49059.01
231.44	49125.40
231.49	49181.40
231.55	49224.23
231.60	49255.34
231.65	49300.79
231.70	49348.76
231.75	49396.72
231.80	49452.77
231.85	49517.63
231.91	49571.58
231.96	49616.58
232.01	49685.36
232.06	49746.12
232.11	49809.70
232.16	49880.86
232.21	49975.04
232.26	50060.05
232.32	50140.56
232.37	50215.81
232.42	50283.68
232.47	50325.76
232.52	50365.90
232.57	50424.94
232.62	50479.46
232.68	50533.57
232.73	50611.67
232.78	50690.78
232.83	50766.34
232.88	50842.33
232.93	50925.98
232.98	50986.33
233.03	51041.99
233.09	51095.32
233.14	51165.52
233.19	51219.75
233.24	51272.72
233.29	51326.75
233.34	51364.13
233.39	51379.80
233.45	51411.54
233.50	51453.97
233.55	51498.90
233.60	51563.54
233.65	51636.04
233.70	51699.17
233.75	51746.58
233.80	51800.68
233.86	51847.70
233.91	51890.12
233.96	51932.92
234.01	51995.19
234.06	52050.14
234.11	52108.81
234.16	52171.82
234.21	52235.34
234.26	52277.91
234.32	52315.32
234.37	52352.55
234.42	52381.45
234.47	52402.42
234.52	52436.08
234.57	52478.76
234.62	52515.96
234.67	52569.52
234.73	52636.80
234.78	52690.16
234.83	52735.09
234.88	52786.16
234.93	52821.43
234.98	52850.80
235.03	52902.29
235.08	52972.31
235.13	53025.81
235.19	53092.36
235.24	53155.90
235.29	53216.73
235.34	53254.55
235.39	53293.76
235.44	53326.05
235.49	53364.80
235.54	53393.09
235.59	53413.66
235.65	53442.29
235.70	53475.57
235.75	53507.28
235.80	53560.28
235.85	53616.78
235.90	53663.99
235.95	53690.38
236.00	53723.90
236.05	53739.79
236.11	53765.30
236.16	53800.00
236.21	53856.42
236.26	53896.23
236.31	53926.58
236.36	53950.37
236.41	53969.76
236.46	53972.74
236.51	53986.27
236.56	54018.99
236.62	54046.68
236.67	54078.71
236.72	54121.02
236.77	54147.10
236.82	54184.19
236.87	54210.45
236.92	54229.15
236.97	54264.16
237.02	54315.02
237.07	54362.18
237.13	54427.00
237.18	54495.37
237.23	54545.68
237.28	54588.40
237.33	54624.18
237.38	54645.98
237.43	54661.21
237.48	54658.66
237.53	54670.58
237.58	54695.43
237.63	54745.28
237.69	54788.29
237.74	54845.24
237.79	54894.35
237.84	54901.61
237.89	54896.32
237.94	54908.40
237.99	54926.81
238.04	54944.37
238.09	54972.14
238.14	55001.22
238.19	55017.17
238.25	55040.72
238.30	55033.69
238.35	55038.75
238.40	55035.97
238.45	55043.55
238.50	55045.09
238.55	55056.24
238.60	55081.23
238.65	55102.50
238.70	55111.88
238.75	55128.79
238.80	55160.17
238.86	55170.61
238.91	55187.84
238.96	55226.96
239.01	55254.84
239.06	55282.88
239.11	55313.40
239.16	55343.22
239.21	55345.30
239.26	55341.78
239.31	55346.79
239.36	55350.93
239.41	55366.95
239.46	55391.08
239.52	55421.31
239.57	55439.60
239.62	55460.73
239.67	55478.33
239.72	55497.97
239.77	55514.59
239.82	55530.46
239.87	55543.14
239.92	55555.18
239.97	55555.87
240.02	55543.45
240.07	55533.36
240.12	55531.43
240.17	55529.14
240.23	55526.63
240.28	55532.64
240.33	55545.57
240.38	55540.90
240.43	55538.14
240.48	55557.82
240.53	55572.09
240.58	55590.03
240.63	55623.22
240.68	55638.33
240.73	55635.38
240.78	55639.75
240.83	55633.96
240.88	55608.15
240.93	55591.57
240.98	55584.29
241.04	55601.24
241.09	55628.31
241.14	55655.71
241.19	55699.11
241.24	55731.24
241.29	55740.74
241.34	55746.40
241.39	55768.73
241.44	55769.78
241.49	55773.15
241.54	55769.58
241.59	55762.71
241.64	55757.86
241.69	55753.92
241.74	55746.50
241.79	55746.79
241.84	55740.82
241.90	55716.45
241.95	55691.59
242.00	55660.38
242.05	55632.74
242.10	55614.35
242.15	55599.47
242.20	55588.51
242.25	55596.08
242.30	55587.20
242.35	55582.97
242.40	55583.04
242.45	55574.41
242.50	55556.56
242.55	55554.29
242.60	55548.91
242.65	55551.61
242.70	55567.83
242.75	55592.14
242.80	55627.58
242.85	55665.11
242.91	55675.72
242.96	55671.13
243.01	55658.66
243.06	55635.06
243.11	55586.88
243.16	55562.98
243.21	55555.01
243.26	55566.32
243.31	55576.96
243.36	55599.31
243.41	55617.47
243.46	55618.72
243.51	55585.85
243.56	55531.24
243.61	55473.29
243.66	55427.06
243.71	55398.31
243.76	55395.16
243.81	55416.80
243.86	55424.89
243.91	55431.09
243.96	55425.94
244.01	55397.96
244.06	55360.97
244.12	55353.47
244.17	55339.68
244.22	55336.18
244.27	55371.23
244.32	55401.57
244.37	55419.76
244.42	55423.51
244.47	55413.50
244.52	55383.53
244.57	55350.02
244.62	55327.69
244.67	55314.12
244.72	55298.82
244.77	55287.88
244.82	55306.79
244.87	55328.37
244.92	55344.90
244.97	55361.03
245.02	55362.37
245.07	55332.42
245.12	55303.31
245.17	55286.51
245.22	55282.23
245.27	55281.42
245.32	55260.90
245.37	55223.57
245.42	55175.42
245.47	55128.98
245.52	55077.84
245.57	55066.07
245.62	55050.41
245.67	55041.45
245.72	55036.70
245.77	55019.40
245.82	54999.07
245.87	55001.31
245.92	55007.42
245.98	54991.04
246.03	54995.34
246.08	54996.26
246.13	54981.86
246.18	54988.19
246.23	54993.66
246.28	54982.09
246.33	54969.21
246.38	54945.36
246.43	54905.94
246.48	54884.28
246.53	54884.20
246.58	54890.16
246.63	54905.60
246.68	54898.79
246.73	54874.71
246.78	54843.89
246.83	54789.60
246.88	54729.63
246.93	54681.52
246.98	54639.90
247.03	54608.02
247.08	54594.92
247.13	54584.20
247.18	54586.68
247.23	54610.87
247.28	54624.14
247.33	54610.72
247.38	54601.34
247.43	54583.59
247.48	54560.79
247.53	54522.93
247.58	54490.61
247.63	54460.24
247.68	54413.35
247.73	54352.48
247.78	54315.70
247.83	54290.56
247.88	54263.40
247.93	54259.78
247.98	54261.95
248.03	54263.32
248.08	54279.48
248.13	54277.15
248.18	54260.27
248.23	54255.84
248.28	54227.51
248.33	54176.93
248.38	54144.72
248.43	54126.27
248.48	54098.67
248.53	54078.73
248.58	54070.57
248.63	54059.91
248.68	54042.42
248.73	54008.53
248.78	53975.02
248.83	53921.13
248.88	53856.76
248.93	53774.95
248.98	53703.88
249.03	53662.78
249.08	53644.02
249.13	53644.36
249.18	53648.93
249.23	53659.82
249.28	53642.92
249.33	53634.10
249.38	53613.97
249.43	53599.99
249.48	53579.02
249.53	53570.18
249.58	53545.72
249.63	53525.44
249.68	53508.02
249.73	53487.46
249.78	53464.47
249.83	53461.53
249.88	53440.01
249.93	53423.12
249.98	53417.18
250.03	53414.53
250.08	53383.82
250.13	53368.62
250.18	53342.34
250.23	53301.58
250.28	53249.42
250.33	53194.90
250.37	53150.49
250.42	53113.78
250.47	53083.48
250.52	53067.05
250.57	53049.59
250.62	53021.84
250.67	52990.94
250.72	52973.01
250.77	52934.62
250.82	52915.13
250.87	52906.76
250.92	52895.87
250.97	52865.04
251.02	52853.71
251.07	52852.52
251.12	52826.33
251.17	52800.59
251.22	52778.12
251.27	52743.43
251.32	52692.87
251.37	52646.91
251.42	52597.92
251.47	52554.39
251.52	52530.43
251.57	52510.49
251.62	52505.42
251.67	52498.99
251.72	52486.90
251.77	52452.00
251.82	52402.30
251.87	52350.62
251.92	52294.99
251.97	52231.67
252.02	52186.08
252.07	52168.66
252.12	52146.75
252.16	52144.65
252.21	52153.80
252.26	52162.08
252.31	52161.73
252.36	52154.84
252.41	52129.13
252.46	52097.48
252.51	52063.37
252.56	52027.51
252.61	52003.42
252.66	51974.36
252.71	51958.52
252.76	51923.76
252.81	51878.88
252.86	51812.80
252.91	51769.42
252.96	51702.08
253.01	51639.47
253.06	51581.64
253.11	51547.55
253.16	51499.17
253.21	51446.51
253.26	51412.42
253.31	51380.60
253.36	51352.52
253.40	51329.85
253.45	51327.35
253.50	51292.52
253.55	51255.94
253.60	51205.86
253.65	51160.51
253.70	51116.72
253.75	51104.24
253.80	51088.57
253.85	51089.58
253.90	51090.45
253.95	51083.75
254.00	51070.47
254.05	51051.70
254.10	51015.07
254.15	50974.98
254.20	50942.00
254.25	50910.28
254.30	50885.53
254.35	50840.21
254.39	50774.59
254.44	50699.99
254.49	50617.93
254.54	50575.44
254.59	50545.65
254.64	50540.37
254.69	50540.16
254.74	50552.63
254.79	50520.93
254.84	50488.14
254.89	50464.54
254.94	50444.50
254.99	50424.19
255.04	50410.54
255.09	50411.90
255.14	50384.17
255.19	50369.07
255.23	50357.12
255.28	50353.42
255.33	50336.50
255.38	50331.32
255.43	50318.53
255.48	50280.50
255.53	50227.68
255.58	50199.85
255.63	50164.93
255.68	50113.62
255.73	50073.12
255.78	50044.24
255.83	50009.99
255.88	49985.07
255.93	49962.34
255.97	49942.62
256.02	49912.25
256.07	49869.35
256.12	49798.03
256.17	49746.18
256.22	49687.88
256.27	49638.85
256.32	49594.07
256.37	49574.81
256.42	49550.23
256.47	49525.58
256.52	49499.08
256.57	49477.60
256.62	49460.81
256.66	49444.50
256.71	49418.52
256.76	49383.76
256.81	49333.36
256.86	49278.96
256.91	49231.36
256.96	49186.36
257.01	49157.72
257.06	49140.71
257.11	49109.50
257.16	49066.39
257.21	49039.77
257.26	49003.23
257.30	48957.96
257.35	48923.32
257.40	48888.93
257.45	48866.80
257.50	48836.56
257.55	48806.07
257.60	48778.85
257.65	48757.13
257.70	48715.67
257.75	48680.98
257.80	48646.83
257.85	48613.16
257.89	48564.35
257.94	48501.63
257.99	48434.47
258.04	48384.59
258.09	48345.24
258.14	48314.34
258.19	48302.40
258.24	48286.26
258.29	48245.72
258.34	48201.26
258.39	48159.92
258.44	48100.33
258.48	48048.81
258.53	48018.27
258.58	47978.40
258.63	47935.32
258.68	47895.01
258.73	47858.04
258.78	47810.84
258.83	47765.69
258.88	47723.26
258.93	47690.30
258.97	47657.98
259.02	47631.14
259.07	47608.07
259.12	47595.28
259.17	47583.07
259.22	47564.17
259.27	47541.61
259.32	47525.12
259.37	47477.11
259.42	47436.67
259.47	47395.43
259.51	47351.13
259.56	47283.35
259.61	47210.22
259.66	47128.67
259.71	47056.02
259.76	46988.24
259.81	46928.41
259.86	46895.53
259.91	46857.52
259.95	46827.07
260.00	46803.44
260.05	46788.77
260.10	46775.45
260.15	46764.80
260.20	46750.24
260.25	46736.28
260.30	46719.98
260.35	46686.52
260.40	46656.40
260.44	46636.48
260.49	46611.66
260.54	46583.77
260.59	46556.81
260.64	46555.03
260.69	46545.59
260.74	46517.09
260.79	46477.51
260.84	46444.03
260.88	46377.55
260.93	46299.09
260.98	46253.01
261.03	46209.29
261.08	46176.02
261.13	46132.12
261.18	46087.99
261.23	46036.06
261.28	45996.32
261.32	45955.09
261.37	45920.33
261.42	45892.62
261.47	45867.90
261.52	45827.77
261.57	45778.02
261.62	45736.47
261.67	45686.31
261.71	45616.52
261.76	45566.49
261.81	45513.30
261.86	45456.91
261.91	45412.30
261.96	45379.72
262.01	45340.20
262.06	45312.57
262.10	45304.37
262.15	45281.65
262.20	45264.73
262.25	45245.68
262.30	45228.45
262.35	45200.28
262.40	45175.04
262.45	45147.14
262.49	45113.18
262.54	45080.09
262.59	45048.33
262.64	45022.68
262.69	44980.82
262.74	44942.03
262.79	44882.32
262.84	44833.12
262.88	44780.71
262.93	44724.44
262.98	44686.35
263.03	44653.15
263.08	44601.12
263.13	44527.64
263.18	44470.66
263.23	44406.38
263.27	44357.19
263.32	44326.09
263.37	44312.49
263.42	44301.51
263.47	44274.83
263.52	44250.90
263.57	44210.75
263.61	44175.56
263.66	44133.31
263.71	44101.80
263.76	44068.41
263.81	44019.59
263.86	43986.50
263.91	43944.05
263.95	43879.92
264.00	43810.04
264.05	43769.84
264.10	43700.11
264.15	43634.26
264.20	43603.11
264.25	43566.14
264.29	43518.88
264.34	43466.64
264.39	43433.31
264.44	43370.96
264.49	43323.72
264.54	43275.81
264.59	43248.49
264.63	43200.20
264.68	43152.00
264.73	43102.87
264.78	43059.28
264.83	42994.88
264.88	42950.43
264.93	42927.08
264.97	42906.10
265.02	42874.22
265.07	42861.57
265.12	42826.95
265.17	42779.22
265.22	42735.08
265.27	42681.83
265.31	42623.02
265.36	42561.31
265.41	42504.83
265.46	42435.87
265.51	42368.07
265.56	42306.11
265.60	42253.93
265.65	42193.30
265.70	42137.04
265.75	42084.12
265.80	42033.20
265.85	41968.97
265.90	41911.25
265.94	41855.59
265.99	41796.31
266.04	41739.80
266.09	41698.14
266.14	41674.62
266.19	41637.58
266.23	41610.57
266.28	41570.12
266.33	41540.73
266.38	41502.51
266.43	41475.49
266.48	41447.84
266.52	41426.25
266.57	41384.74
266.62	41345.36
266.67	41297.15
266.72	41255.42
266.77	41223.07
266.81	41209.47
266.86	41183.85
266.91	41156.13
266.96	41113.86
267.01	41073.09
267.06	41016.40
267.10	40961.71
267.15	40908.13
267.20	40876.77
267.25	40830.85
267.30	40794.54
267.35	40761.99
267.39	40727.01
267.44	40689.32
267.49	40647.58
267.54	40600.13
267.59	40545.68
267.64	40493.49
267.68	40429.29
267.73	40370.19
267.78	40324.55
267.83	40300.47
267.88	40285.40
267.93	40279.73
267.97	40272.03
268.02	40234.33
268.07	40187.48
268.12	40125.67
268.17	40066.51
268.21	40016.67
268.26	39973.42
268.31	39926.37
268.36	39887.47
268.41	39836.62
268.46	39786.70
268.50	39752.55
268.55	39712.95
268.60	39653.29
268.65	39594.33
268.70	39519.27
268.74	39444.71
268.79	39366.27
268.84	39319.25
268.89	39278.02
268.94	39249.29
268.99	39210.22
269.03	39175.34
269.08	39122.02
269.13	39045.41
269.18	38962.33
269.23	38869.77
269.27	38755.19
269.32	38629.81
269.37	38511.07
269.42	38374.44
269.47	38235.08
269.51	38099.85
269.56	37966.28
269.61	37821.37
269.66	37672.10
269.71	37519.54
269.76	37373.17
269.80	37216.15
269.85	37065.89
269.90	36924.32
269.95	36774.22
270.00	36609.61
270.04	36459.25
270.09	36309.29
270.14	36164.97
270.19	36030.80
270.24	35903.87
270.28	35749.74
270.33	35586.86
270.38	35406.91
270.43	35229.56
270.48	35049.43
270.52	34894.10
270.57	34731.96
270.62	34573.88
270.67	34422.36
270.72	34266.89
270.76	34092.08
270.81	33929.41
270.86	33758.06
270.91	33579.76
270.96	33406.72
271.00	33244.53
271.05	33091.48
271.10	32947.94
271.15	32812.76
271.20	32687.91
271.24	32547.08
271.29	32406.20
271.34	32265.85
271.39	32111.80
271.44	31958.19
271.48	31824.12
271.53	31677.68
271.58	31537.38
271.63	31395.58
271.67	31246.93
271.72	31101.84
271.77	30955.35
271.82	30813.22
271.87	30675.31
271.91	30519.18
271.96	30374.25
272.01	30240.26
272.06	30109.35
272.11	29983.47
272.15	29887.74
272.20	29779.31
272.25	29677.04
272.30	29569.88
272.35	29462.57
272.39	29350.69
272.44	29232.94
272.49	29098.46
272.54	28959.89
272.58	28810.35
272.63	28656.87
272.68	28504.03
272.73	28342.44
272.78	28165.65
272.82	27970.47
272.87	27748.24
272.92	27457.56
272.97	26935.20
273.01	23972.89
273.06	19010.06
273.11	13537.38
273.16	8170.11
273.21	3076.73
273.25	465.59
273.30	-87.45
273.35	-88.42
