165.32	3382.61
165.38	-247.77
165.44	596.75
165.50	-76.95
165.55	-18.08
165.61	3.91
165.67	31.86
165.72	40.73
165.78	45.74
165.84	43.84
165.89	41.03
165.95	39.44
166.01	38.78
166.06	40.47
166.12	43.04
166.18	40.77
166.23	42.54
166.29	41.64
166.35	38.57
166.40	37.57
166.46	44.45
166.52	47.11
166.57	48.05
166.63	48.12
166.69	50.58
166.74	44.79
166.80	45.31
166.86	47.25
166.91	48.22
166.97	42.60
167.03	45.11
167.08	39.09
167.14	38.37
167.20	36.40
167.25	48.59
167.31	48.49
167.37	53.79
167.42	55.52
167.48	61.73
167.54	56.84
167.59	56.44
167.65	52.38
167.71	52.25
167.76	50.98
167.82	46.41
167.88	46.36
167.93	54.25
167.99	53.24
168.05	55.49
168.10	63.02
168.16	62.16
168.21	60.30
168.27	64.52
168.33	66.15
168.38	58.67
168.44	63.38
168.50	61.68
168.55	60.55
168.61	60.97
168.67	63.19
168.72	60.71
168.78	61.18
168.84	56.73
168.89	55.89
168.95	56.80
169.01	55.86
169.06	55.23
169.12	54.82
169.18	52.87
169.23	52.85
169.29	57.47
169.34	62.02
169.40	64.71
169.46	68.96
169.51	71.01
169.57	66.42
169.63	62.10
169.68	66.61
169.74	63.32
169.80	69.25
169.85	70.50
169.91	74.17
169.97	70.58
170.02	70.19
170.08	68.69
170.13	69.08
170.19	69.23
170.25	70.91
170.30	74.94
170.36	66.80
170.42	68.75
170.47	69.90
170.53	71.07
170.59	68.16
170.64	71.90
170.70	70.18
170.76	67.59
170.81	69.25
170.87	68.55
170.92	69.71
170.98	73.02
171.04	75.45
171.09	71.34
171.15	78.79
171.21	79.22
171.26	75.68
171.32	72.84
171.37	76.24
171.43	70.70
171.49	74.60
171.54	78.00
171.60	80.03
171.66	81.87
171.71	82.34
171.77	80.57
171.83	86.55
171.88	85.60
171.94	85.00
171.99	89.28
172.05	88.52
172.11	89.36
172.16	97.29
172.22	97.65
172.28	98.14
172.33	96.14
172.39	93.12
172.44	89.76
172.50	95.64
172.56	95.08
172.61	103.24
172.67	103.04
172.72	103.08
172.78	97.92
172.84	93.15
172.89	86.83
172.95	85.96
173.01	87.00
173.06	85.14
173.12	90.56
173.17	91.27
173.23	90.98
173.29	91.48
173.34	93.38
173.40	87.81
173.46	88.40
173.51	91.29
173.57	91.09
173.62	85.89
173.68	92.45
173.74	91.49
173.79	92.52
173.85	89.59
173.90	92.00
173.96	88.73
174.02	86.06
174.07	78.04
174.13	77.51
174.18	79.75
174.24	73.23
174.30	73.69
174.35	78.96
174.41	75.56
174.47	69.70
174.52	70.69
174.58	69.69
174.63	65.44
174.69	64.88
174.75	66.89
174.80	77.83
174.86	75.30
174.91	76.04
174.97	75.77
175.03	73.13
175.08	61.24
175.14	67.89
175.19	64.00
175.25	64.89
175.31	69.25
175.36	70.50
175.42	67.56
175.47	72.35
175.53	72.39
175.59	69.00
175.64	70.94
175.70	68.76
175.75	63.97
175.81	62.51
175.87	63.73
175.92	59.42
175.98	61.13
176.03	61.30
176.09	61.71
176.15	61.56
176.20	63.01
176.26	62.99
176.31	66.57
176.37	63.94
176.42	64.79
176.48	68.01
176.54	65.64
176.59	61.98
176.65	64.76
176.70	66.37
176.76	65.41
176.82	63.22
176.87	60.50
176.93	60.41
176.98	58.64
177.04	53.97
177.10	58.80
177.15	60.77
177.21	61.64
177.26	61.02
177.32	65.09
177.37	66.87
177.43	69.94
177.49	66.45
177.54	63.82
177.60	64.10
177.65	64.54
177.71	59.28
177.77	62.09
177.82	64.05
177.88	68.35
177.93	63.57
177.99	70.46
178.04	66.54
178.10	66.97
178.16	59.93
178.21	61.23
178.27	58.40
178.32	62.54
178.38	61.42
178.43	62.98
178.49	62.77
178.55	61.42
178.60	59.76
178.66	58.75
178.71	60.36
178.77	58.12
178.82	59.50
178.88	59.67
178.94	60.35
178.99	61.14
179.05	65.87
179.10	61.70
179.16	64.47
179.21	67.06
179.27	65.83
179.33	61.46
179.38	65.53
179.44	63.06
179.49	62.66
179.55	61.25
179.60	61.42
179.66	60.01
179.72	62.89
179.77	60.61
179.83	59.32
179.88	60.83
179.94	62.40
179.99	58.84
180.05	59.22
180.11	59.95
180.16	62.72
180.22	64.97
180.27	69.55
180.33	70.54
180.38	74.88
180.44	69.90
180.49	69.95
180.55	67.51
180.61	71.36
180.66	65.85
180.72	64.36
180.77	62.53
180.83	63.07
180.88	60.22
180.94	60.28
180.99	64.07
181.05	64.12
181.11	64.87
181.16	65.50
181.22	66.87
181.27	69.02
181.33	67.19
181.38	63.84
181.44	64.33
181.49	68.66
181.55	69.04
181.61	75.19
181.66	77.99
181.72	75.90
181.77	73.18
181.83	71.04
181.88	76.44
181.94	78.07
181.99	83.69
182.05	84.04
182.11	85.14
182.16	76.01
182.22	73.68
182.27	69.12
182.33	71.71
182.38	71.42
182.44	76.07
182.49	78.68
182.55	80.27
182.60	80.09
182.66	82.82
182.72	85.57
182.77	87.98
182.83	91.56
182.88	94.00
182.94	95.17
182.99	92.11
183.05	90.67
183.10	92.50
183.16	92.01
183.21	93.53
183.27	100.61
183.32	104.50
183.38	107.61
183.44	113.73
183.49	118.12
183.55	119.27
183.60	125.19
183.66	130.74
183.71	139.81
183.77	147.52
183.82	156.79
183.88	167.45
183.93	178.90
183.99	192.24
184.04	208.49
184.10	219.66
184.15	231.33
184.21	244.66
184.27	247.09
184.32	248.27
184.38	247.52
184.43	243.97
184.49	227.99
184.54	211.89
184.60	202.77
184.65	189.60
184.71	180.80
184.76	182.24
184.82	198.96
184.87	215.71
184.93	240.37
184.98	267.43
185.04	298.91
185.09	323.28
185.15	348.18
185.20	380.12
185.26	414.45
185.31	442.14
185.37	469.77
185.43	490.57
185.48	509.54
185.54	532.87
185.59	558.41
185.65	582.44
185.70	621.99
185.76	666.94
185.81	699.80
185.87	736.90
185.92	781.94
185.98	818.43
186.03	835.33
186.09	838.61
186.14	814.39
186.20	762.07
186.25	677.31
186.31	593.44
186.36	527.51
186.42	499.04
186.47	508.58
186.53	556.79
186.58	625.19
186.64	700.52
186.69	773.62
186.75	834.47
186.80	892.65
186.86	950.87
186.91	1009.87
186.97	1065.43
187.02	1136.17
187.08	1204.39
187.13	1263.56
187.19	1328.53
187.24	1395.56
187.30	1445.85
187.35	1498.06
187.41	1565.96
187.47	1630.28
187.52	1685.72
187.58	1746.76
187.63	1817.70
187.69	1885.40
187.74	1940.97
187.80	1993.38
187.85	2038.72
187.91	2059.65
187.96	2047.31
188.02	1986.62
188.07	1879.85
188.13	1722.15
188.18	1554.57
188.24	1429.37
188.29	1370.33
188.35	1377.91
188.40	1458.27
188.46	1585.15
188.51	1708.97
188.57	1837.64
188.62	1962.02
188.67	2079.65
188.73	2189.70
188.78	2293.99
188.84	2394.47
188.89	2498.13
188.95	2602.05
189.00	2691.51
189.06	2791.56
189.11	2886.27
189.17	2966.59
189.22	3039.29
189.28	3129.17
189.33	3205.38
189.39	3268.54
189.44	3336.57
189.50	3411.74
189.55	3477.68
189.61	3531.51
189.66	3590.46
189.72	3646.71
189.77	3697.71
189.83	3726.19
189.88	3734.22
189.94	3704.58
189.99	3625.16
190.05	3471.89
190.10	3255.62
190.16	3006.69
190.21	2787.27
190.27	2645.68
190.32	2608.45
190.38	2675.35
190.43	2828.32
190.49	3011.78
190.54	3174.04
190.60	3319.08
190.65	3448.72
190.71	3563.69
190.76	3673.92
190.81	3784.15
190.87	3894.19
190.92	4016.12
190.98	4135.17
191.03	4250.51
191.09	4377.10
191.14	4489.34
191.20	4581.90
191.25	4681.70
191.31	4783.73
191.36	4877.43
191.42	4972.71
191.47	5075.75
191.53	5175.99
191.58	5257.56
191.64	5326.85
191.69	5390.47
191.75	5433.97
191.80	5467.08
191.85	5488.73
191.91	5509.03
191.96	5530.45
192.02	5559.35
192.07	5571.71
192.13	5566.46
192.18	5516.00
192.24	5398.62
192.29	5206.08
192.35	4981.23
192.40	4796.85
192.46	4689.50
192.51	4683.23
192.57	4779.25
192.62	4955.12
192.67	5140.34
192.73	5318.82
192.78	5482.17
192.84	5631.66
192.89	5764.38
192.95	5895.77
193.00	6008.65
193.06	6118.99
193.11	6225.92
193.17	6320.36
193.22	6405.05
193.28	6498.20
193.33	6573.66
193.38	6640.51
193.44	6709.79
193.49	6781.89
193.55	6840.90
193.60	6900.23
193.66	6953.00
193.71	6998.26
193.77	7024.97
193.82	7044.48
193.88	7059.97
193.93	7085.93
193.98	7113.39
194.04	7151.37
194.09	7198.41
194.15	7249.99
194.20	7296.35
194.26	7338.17
194.31	7380.77
194.37	7404.54
194.42	7415.02
194.47	7404.35
194.53	7363.01
194.58	7274.43
194.64	7167.85
194.69	7068.40
194.75	6995.61
194.80	6977.54
194.86	7015.16
194.91	7103.74
194.97	7210.14
195.02	7322.84
195.07	7429.70
195.13	7539.08
195.18	7651.89
195.24	7758.61
195.29	7869.43
195.35	7969.07
195.40	8064.99
195.46	8143.94
195.51	8228.06
195.56	8306.20
195.62	8382.81
195.67	8449.68
195.73	8521.56
195.78	8575.81
195.84	8616.55
195.89	8649.94
195.94	8680.77
196.00	8709.76
196.05	8745.31
196.11	8791.67
196.16	8842.61
196.22	8901.64
196.27	8960.57
196.32	9014.40
196.38	9064.52
196.43	9115.29
196.49	9153.60
196.54	9190.74
196.60	9233.97
196.65	9276.90
196.71	9317.61
196.76	9366.02
196.81	9406.79
196.87	9441.63
196.92	9467.01
196.98	9484.28
197.03	9490.97
197.09	9486.42
197.14	9481.95
197.19	9485.67
197.25	9500.73
197.30	9530.55
197.36	9580.28
197.41	9639.79
197.47	9701.32
197.52	9760.55
197.57	9823.69
197.63	9877.43
197.68	9931.91
197.74	9980.57
197.79	10028.74
197.84	10070.97
197.90	10119.76
197.95	10160.02
198.01	10205.28
198.06	10249.83
198.12	10295.09
198.17	10333.75
198.22	10378.94
198.28	10416.39
198.33	10460.13
198.39	10501.62
198.44	10546.00
198.49	10588.87
198.55	10635.55
198.60	10677.62
198.66	10718.94
198.71	10769.45
198.77	10816.57
198.82	10865.82
198.87	10913.16
198.93	10959.19
198.98	11003.37
199.04	11050.43
199.09	11091.54
199.14	11135.02
199.20	11178.14
199.25	11214.92
199.31	11256.92
199.36	11303.31
199.42	11347.53
199.47	11389.04
199.52	11431.47
199.58	11467.07
199.63	11491.43
199.69	11521.38
199.74	11559.64
199.79	11586.31
199.85	11614.39
199.90	11658.19
199.96	11699.60
200.01	11738.76
200.06	11787.21
200.12	11834.77
200.17	11884.81
200.23	11935.91
200.28	11977.44
200.33	12029.88
200.39	12078.02
200.44	12120.69
200.50	12162.59
200.55	12204.86
200.60	12244.87
200.66	12284.06
200.71	12320.83
200.77	12361.55
200.82	12401.79
200.87	12435.46
200.93	12471.80
200.98	12508.39
201.04	12543.45
201.09	12592.93
201.14	12645.46
201.20	12697.54
201.25	12756.47
201.31	12809.66
201.36	12865.81
201.41	12922.46
201.47	12980.61
201.52	13029.28
201.58	13090.72
201.63	13137.60
201.68	13182.92
201.74	13230.97
201.79	13282.55
201.84	13334.63
201.90	13384.80
201.95	13437.02
202.01	13487.62
202.06	13540.88
202.11	13580.58
202.17	13626.45
202.22	13666.76
202.28	13706.93
202.33	13745.19
202.38	13785.95
202.44	13828.23
202.49	13878.96
202.54	13930.09
202.60	13974.77
202.65	14025.49
202.71	14073.07
202.76	14108.67
202.81	14148.15
202.87	14196.71
202.92	14238.32
202.98	14288.31
203.03	14344.32
203.08	14398.75
203.14	14451.07
203.19	14508.77
203.24	14566.75
203.30	14623.67
203.35	14670.09
203.41	14720.12
203.46	14766.11
203.51	14804.82
203.57	14844.25
203.62	14890.02
203.67	14942.88
203.73	14986.67
203.78	15033.58
203.84	15082.48
203.89	15129.83
203.94	15165.60
204.00	15216.08
204.05	15262.78
204.10	15299.91
204.16	15335.33
204.21	15373.78
204.27	15406.27
204.32	15435.47
204.37	15466.70
204.43	15494.58
204.48	15517.78
204.53	15537.53
204.59	15572.07
204.64	15631.97
204.69	15709.58
204.75	15793.53
204.80	15887.02
204.86	15967.08
204.91	16031.44
204.96	16088.20
205.02	16133.85
205.07	16180.86
205.12	16242.10
205.18	16303.58
205.23	16371.48
205.28	16453.70
205.34	16527.34
205.39	16595.44
205.45	16664.57
205.50	16725.69
205.55	16783.74
205.61	16846.31
205.66	16900.23
205.71	16963.65
205.77	17021.93
205.82	17079.42
205.87	17136.27
205.93	17191.92
205.98	17239.33
206.03	17283.86
206.09	17331.25
206.14	17375.80
206.20	17430.35
206.25	17481.71
206.30	17540.50
206.36	17598.02
206.41	17663.82
206.46	17718.57
206.52	17764.81
206.57	17814.89
206.62	17855.59
206.68	17895.35
206.73	17942.05
206.78	18001.46
206.84	18057.71
206.89	18127.13
206.94	18187.35
207.00	18255.41
207.05	18320.37
207.11	18390.31
207.16	18442.15
207.21	18501.64
207.27	18553.21
207.32	18607.65
207.37	18660.18
207.43	18717.06
207.48	18769.00
207.53	18824.49
207.59	18880.69
207.64	18937.32
207.69	19004.14
207.75	19078.90
207.80	19138.37
207.85	19196.92
207.91	19251.34
207.96	19301.91
208.01	19346.33
208.07	19401.91
208.12	19460.24
208.17	19511.23
208.23	19565.20
208.28	19620.96
208.33	19680.39
208.39	19737.67
208.44	19808.92
208.49	19868.52
208.55	19925.47
208.60	19978.59
208.65	20027.96
208.71	20076.10
208.76	20136.13
208.81	20198.12
208.87	20264.13
208.92	20324.64
208.97	20384.92
209.03	20441.72
209.08	20500.41
209.13	20558.96
209.19	20623.86
209.24	20679.67
209.29	20739.72
209.35	20792.90
209.40	20853.50
209.45	20912.93
209.51	20980.51
209.56	21041.67
209.61	21109.00
209.67	21173.29
209.72	21232.74
209.77	21287.10
209.83	21351.97
209.88	21421.22
209.93	21481.70
209.99	21544.46
210.04	21613.72
210.09	21681.68
210.15	21739.86
210.20	21806.29
210.25	21873.04
210.31	21938.11
210.36	21981.80
210.41	22036.05
210.46	22086.41
210.52	22139.62
210.57	22185.26
210.62	22250.90
210.68	22315.13
210.73	22370.65
210.78	22430.06
210.84	22496.88
210.89	22561.09
210.94	22616.21
211.00	22676.37
211.05	22729.53
211.10	22788.42
211.16	22844.80
211.21	22913.89
211.26	22982.99
211.32	23056.35
211.37	23124.20
211.42	23188.21
211.47	23247.87
211.53	23316.45
211.58	23375.33
211.63	23430.06
211.69	23488.16
211.74	23542.82
211.79	23585.07
211.85	23646.49
211.90	23709.97
211.95	23773.82
212.01	23845.54
212.06	23922.25
212.11	23994.07
212.16	24069.46
212.22	24147.17
212.27	24212.41
212.32	24277.97
212.38	24343.07
212.43	24402.25
212.48	24464.17
212.54	24528.94
212.59	24602.74
212.64	24668.92
212.69	24733.16
212.75	24795.36
212.80	24862.05
212.85	24925.15
212.91	24979.32
212.96	25036.99
213.01	25102.57
213.07	25160.54
213.12	25219.15
213.17	25288.97
213.22	25359.18
213.28	25414.25
213.33	25465.31
213.38	25517.45
213.44	25572.26
213.49	25642.71
213.54	25718.79
213.60	25809.38
213.65	25893.45
213.70	25979.92
213.75	26042.36
213.81	26104.48
213.86	26157.84
213.91	26209.44
213.97	26255.32
214.02	26302.67
214.07	26346.90
214.12	26390.23
214.18	26437.60
214.23	26489.56
214.28	26544.50
214.34	26598.49
214.39	26656.36
214.44	26700.11
214.49	26720.30
214.55	26732.91
214.60	26737.32
214.65	26723.96
214.71	26722.53
214.76	26762.93
214.81	26830.80
214.86	26945.19
214.92	27079.19
214.97	27214.50
215.02	27324.94
215.08	27425.24
215.13	27501.97
215.18	27562.20
215.23	27615.30
215.29	27679.52
215.34	27755.03
215.39	27837.44
215.45	27942.88
215.50	28059.80
215.55	28171.54
215.60	28262.58
215.66	28326.89
215.71	28395.47
215.76	28459.02
215.81	28515.82
215.87	28576.90
215.92	28641.17
215.97	28689.72
216.03	28749.81
216.08	28803.99
216.13	28857.67
216.18	28915.69
216.24	28981.69
216.29	29031.22
216.34	29088.13
216.39	29149.36
216.45	29210.50
216.50	29266.84
216.55	29328.82
216.61	29396.79
216.66	29458.09
216.71	29523.04
216.76	29584.09
216.82	29656.86
216.87	29727.31
216.92	29805.88
216.97	29871.76
217.03	29951.47
217.08	30029.09
217.13	30106.17
217.18	30172.57
217.24	30251.04
217.29	30312.18
217.34	30353.18
217.39	30392.15
217.45	30439.58
217.50	30480.82
217.55	30539.62
217.61	30612.48
217.66	30679.73
217.71	30741.19
217.76	30823.56
217.82	30905.19
217.87	30982.16
217.92	31061.89
217.97	31141.41
218.03	31203.79
218.08	31246.82
218.13	31286.03
218.18	31328.58
218.24	31392.55
218.29	31448.80
218.34	31513.86
218.39	31582.84
218.45	31652.68
218.50	31695.77
218.55	31753.54
218.60	31815.96
218.66	31875.02
218.71	31939.93
218.76	32018.63
218.81	32082.87
218.87	32146.57
218.92	32211.76
218.97	32276.97
219.02	32337.11
219.08	32407.45
219.13	32473.54
219.18	32541.14
219.23	32598.46
219.29	32664.03
219.34	32725.70
219.39	32792.71
219.44	32855.01
219.50	32931.15
219.55	32994.95
219.60	33059.32
219.65	33121.28
219.71	33193.60
219.76	33246.32
219.81	33301.81
219.86	33356.77
219.92	33408.11
219.97	33455.79
220.02	33515.41
220.07	33574.52
220.13	33645.94
220.18	33710.87
220.23	33778.94
220.28	33855.11
220.33	33933.59
220.39	33981.40
220.44	34043.06
220.49	34098.42
220.54	34146.59
220.60	34188.44
220.65	34256.36
220.70	34320.91
220.75	34389.57
220.81	34467.98
220.86	34547.45
220.91	34616.96
220.96	34685.81
221.02	34757.41
221.07	34822.67
221.12	34881.04
221.17	34944.36
221.22	35010.41
221.28	35065.69
221.33	35121.32
221.38	35181.91
221.43	35247.51
221.49	35301.94
221.54	35370.92
221.59	35437.13
221.64	35519.65
221.69	35612.07
221.75	35713.97
221.80	35806.79
221.85	35881.72
221.90	35946.97
221.96	36003.99
222.01	36043.53
222.06	36084.84
222.11	36137.10
222.17	36182.20
222.22	36208.48
222.27	36254.97
222.32	36301.25
222.37	36352.83
222.43	36418.27
222.48	36481.07
222.53	36548.82
222.58	36629.51
222.63	36705.25
222.69	36769.97
222.74	36852.43
222.79	36919.17
222.84	36959.01
222.90	36996.71
222.95	37042.12
223.00	37079.49
223.05	37127.52
223.10	37190.08
223.16	37253.42
223.21	37302.46
223.26	37351.32
223.31	37398.76
223.36	37436.20
223.42	37477.91
223.47	37518.20
223.52	37565.56
223.57	37608.38
223.63	37663.28
223.68	37716.80
223.73	37793.05
223.78	37868.17
223.83	37937.93
223.89	37997.72
223.94	38064.56
223.99	38126.29
224.04	38198.48
224.09	38270.17
224.15	38358.81
224.20	38439.69
224.25	38521.50
224.30	38595.84
224.35	38687.05
224.41	38788.47
224.46	38885.98
224.51	38971.97
224.56	39051.76
224.61	39127.79
224.67	39193.31
224.72	39261.36
224.77	39354.25
224.82	39453.05
224.87	39539.71
224.93	39618.92
224.98	39707.89
225.03	39794.65
225.08	39872.22
225.13	39958.66
225.19	40055.28
225.24	40145.94
225.29	40215.07
225.34	40301.02
225.39	40381.89
225.45	40454.66
225.50	40527.50
225.55	40608.58
225.60	40687.71
225.65	40774.25
225.71	40858.62
225.76	40940.66
225.81	41014.42
225.86	41080.61
225.91	41151.50
225.97	41215.86
226.02	41271.81
226.07	41309.68
226.12	41356.22
226.17	41392.72
226.22	41463.21
226.28	41567.13
226.33	41710.16
226.38	41832.38
226.43	41956.72
226.48	42041.42
226.54	42102.26
226.59	42161.84
226.64	42221.77
226.69	42269.88
226.74	42337.41
226.80	42409.69
226.85	42467.22
226.90	42534.51
226.95	42633.71
227.00	42725.05
227.05	42823.29
227.11	42931.34
227.16	43038.92
227.21	43118.37
227.26	43202.22
227.31	43273.02
227.37	43328.98
227.42	43393.90
227.47	43474.10
227.52	43538.53
227.57	43600.03
227.62	43686.03
227.68	43754.83
227.73	43833.75
227.78	43919.85
227.83	44007.58
227.88	44074.87
227.93	44160.50
227.99	44234.02
228.04	44303.92
228.09	44381.68
228.14	44455.87
228.19	44522.25
228.24	44581.12
228.30	44654.19
228.35	44714.78
228.40	44776.46
228.45	44840.20
228.50	44918.67
228.56	44980.62
228.61	45047.90
228.66	45107.06
228.71	45162.70
228.76	45197.17
228.81	45234.08
228.87	45278.35
228.92	45347.81
228.97	45412.02
229.02	45508.60
229.07	45593.99
229.12	45677.07
229.17	45746.44
229.23	45824.42
229.28	45888.60
229.33	45969.96
229.38	46044.13
229.43	46117.42
229.48	46196.09
229.54	46272.67
229.59	46330.63
229.64	46413.41
229.69	46492.13
229.74	46573.07
229.79	46639.63
229.85	46725.81
229.90	46790.49
229.95	46856.02
230.00	46914.19
230.05	46995.40
230.10	47053.67
230.16	47123.13
230.21	47183.37
230.26	47229.68
230.31	47261.76
230.36	47328.85
230.41	47380.57
230.46	47468.17
230.52	47567.98
230.57	47657.28
230.62	47737.18
230.67	47807.57
230.72	47857.55
230.77	47898.65
230.82	47953.54
230.88	47989.09
230.93	48037.80
230.98	48079.83
231.03	48134.89
231.08	48182.75
231.13	48237.86
231.19	48301.76
231.24	48375.76
231.29	48450.16
231.34	48521.92
231.39	48595.70
231.44	48672.67
231.49	48725.88
231.55	48770.63
231.60	48805.90
231.65	48863.36
231.70	48903.70
231.75	48951.40
231.80	49002.04
231.85	49067.47
231.91	49108.71
231.96	49157.00
232.01	49217.45
232.06	49286.04
232.11	49349.67
232.16	49430.20
232.21	49517.25
232.26	49609.60
232.32	49685.56
232.37	49762.04
232.42	49820.91
232.47	49865.77
232.52	49908.17
232.57	49959.85
232.62	50007.46
232.68	50072.78
232.73	50146.15
232.78	50226.17
232.83	50308.70
232.88	50387.39
232.93	50465.62
232.98	50532.81
233.03	50586.72
233.09	50636.31
233.14	50704.46
233.19	50751.27
233.24	50800.62
233.29	50851.36
233.34	50889.32
233.39	50910.81
233.45	50943.00
233.50	50987.81
233.55	51025.35
233.60	51094.64
233.65	51154.67
233.70	51217.26
233.75	51265.62
233.80	51325.61
233.86	51373.62
233.91	51428.56
233.96	51476.45
234.01	51532.80
234.06	51585.30
234.11	51642.62
234.16	51703.12
234.21	51761.01
234.26	51803.28
234.32	51838.94
234.37	51872.49
234.42	51905.65
234.47	51922.87
234.52	51959.61
234.57	52005.49
234.62	52047.52
234.67	52091.52
234.73	52155.72
234.78	52214.47
234.83	52266.08
234.88	52311.14
234.93	52348.30
234.98	52389.27
235.03	52428.61
235.08	52491.26
235.13	52544.16
235.19	52607.93
235.24	52668.26
235.29	52731.09
235.34	52768.15
235.39	52803.63
235.44	52837.09
235.49	52880.31
235.54	52911.64
235.59	52940.26
235.65	52975.52
235.70	53014.19
235.75	53042.85
235.80	53090.82
235.85	53146.26
235.90	53192.20
235.95	53224.49
236.00	53253.83
236.05	53279.29
236.11	53298.26
236.16	53322.31
236.21	53365.02
236.26	53407.07
236.31	53431.30
236.36	53455.55
236.41	53483.36
236.46	53490.70
236.51	53504.86
236.56	53535.33
236.62	53564.23
236.67	53596.74
236.72	53645.22
236.77	53669.01
236.82	53702.55
236.87	53729.23
236.92	53753.38
236.97	53787.91
237.02	53838.96
237.07	53891.57
237.13	53954.96
237.18	54013.57
237.23	54056.05
237.28	54095.45
237.33	54124.92
237.38	54140.29
237.43	54169.24
237.48	54176.87
237.53	54200.67
237.58	54235.29
237.63	54287.18
237.69	54322.84
237.74	54377.99
237.79	54414.57
237.84	54417.08
237.89	54410.11
237.94	54414.45
237.99	54431.91
238.04	54454.09
238.09	54487.66
238.14	54520.07
238.19	54546.04
238.25	54561.92
238.30	54555.61
238.35	54551.19
238.40	54550.75
238.45	54551.23
238.50	54552.75
238.55	54566.67
238.60	54606.08
238.65	54631.98
238.70	54653.68
238.75	54666.79
238.80	54696.39
238.86	54696.41
238.91	54707.05
238.96	54732.60
239.01	54769.26
239.06	54796.92
239.11	54825.59
239.16	54859.52
239.21	54864.49
239.26	54854.05
239.31	54861.52
239.36	54873.25
239.41	54887.44
239.46	54916.29
239.52	54950.35
239.57	54970.04
239.62	54990.44
239.67	55009.48
239.72	55032.41
239.77	55048.54
239.82	55066.87
239.87	55078.57
239.92	55080.33
239.97	55079.98
240.02	55067.81
240.07	55048.81
240.12	55050.87
240.17	55056.28
240.23	55057.22
240.28	55065.63
240.33	55083.15
240.38	55074.05
240.43	55075.12
240.48	55091.25
240.53	55112.45
240.58	55129.70
240.63	55162.77
240.68	55172.44
240.73	55156.82
240.78	55155.53
240.83	55150.72
240.88	55134.53
240.93	55123.45
240.98	55128.47
241.04	55141.96
241.09	55164.04
241.14	55180.89
241.19	55222.01
241.24	55255.75
241.29	55270.81
241.34	55281.59
241.39	55301.10
241.44	55304.26
241.49	55312.49
241.54	55305.42
241.59	55301.00
241.64	55300.94
241.69	55296.27
241.74	55273.28
241.79	55268.79
241.84	55266.21
241.90	55241.45
241.95	55212.78
242.00	55197.16
242.05	55171.50
242.10	55147.64
242.15	55127.77
242.20	55127.95
242.25	55120.90
242.30	55116.87
242.35	55104.72
242.40	55112.56
242.45	55099.35
242.50	55094.74
242.55	55091.76
242.60	55095.20
242.65	55088.07
242.70	55097.43
242.75	55119.08
242.80	55155.01
242.85	55187.45
242.91	55204.16
242.96	55209.37
243.01	55199.51
243.06	55176.14
243.11	55143.15
243.16	55116.14
243.21	55106.06
243.26	55105.14
243.31	55112.66
243.36	55124.03
243.41	55145.65
243.46	55141.21
243.51	55110.93
243.56	55065.94
243.61	55006.11
243.66	54961.78
243.71	54934.80
243.76	54933.98
243.81	54942.92
243.86	54953.06
243.91	54965.50
243.96	54960.87
244.01	54936.71
244.06	54907.85
244.12	54899.12
244.17	54880.21
244.22	54883.68
244.27	54914.56
244.32	54956.07
244.37	54974.58
244.42	54971.54
244.47	54960.14
244.52	54933.63
244.57	54887.94
244.62	54859.41
244.67	54849.30
244.72	54824.26
244.77	54823.05
244.82	54838.75
244.87	54873.71
244.92	54892.87
244.97	54909.53
245.02	54906.90
245.07	54897.37
245.12	54868.67
245.17	54852.42
245.22	54863.43
245.27	54858.44
245.32	54810.47
245.37	54781.60
245.42	54737.46
245.47	54684.15
245.52	54630.70
245.57	54631.33
245.62	54600.09
245.67	54595.36
245.72	54589.08
245.77	54570.00
245.82	54545.85
245.87	54554.72
245.92	54554.54
245.98	54538.65
246.03	54555.39
246.08	54566.78
246.13	54559.67
246.18	54562.23
246.23	54572.74
246.28	54552.97
246.33	54527.99
246.38	54500.73
246.43	54463.20
246.48	54438.61
246.53	54442.73
246.58	54454.91
246.63	54462.50
246.68	54459.48
246.73	54439.59
246.78	54409.11
246.83	54362.52
246.88	54309.76
246.93	54254.56
246.98	54212.84
247.03	54175.05
247.08	54158.25
247.13	54151.33
247.18	54162.45
247.23	54182.85
247.28	54197.07
247.33	54178.34
247.38	54155.11
247.43	54134.51
247.48	54110.21
247.53	54080.04
247.58	54046.84
247.63	54028.62
247.68	53987.55
247.73	53931.48
247.78	53889.22
247.83	53871.36
247.88	53833.30
247.93	53816.71
247.98	53817.77
248.03	53816.57
248.08	53821.72
248.13	53826.01
248.18	53822.57
248.23	53814.21
248.28	53791.02
248.33	53756.91
248.38	53725.69
248.43	53705.47
248.48	53681.38
248.53	53664.87
248.58	53654.68
248.63	53652.62
248.68	53627.79
248.73	53605.72
248.78	53573.76
248.83	53522.29
248.88	53450.52
248.93	53380.47
248.98	53298.46
249.03	53253.84
249.08	53216.12
249.13	53215.97
249.18	53215.90
249.23	53232.99
249.28	53228.21
249.33	53236.88
249.38	53216.24
249.43	53201.50
249.48	53177.97
249.53	53157.55
249.58	53132.71
249.63	53108.48
249.68	53088.18
249.73	53070.53
249.78	53047.94
249.83	53041.11
249.88	53018.07
249.93	53012.17
249.98	53003.82
250.03	53003.12
250.08	52967.77
250.13	52967.06
250.18	52933.86
250.23	52887.38
250.28	52830.51
250.33	52786.31
250.37	52745.80
250.42	52707.53
250.47	52688.22
250.52	52678.76
250.57	52662.22
250.62	52617.07
250.67	52592.69
250.72	52567.54
250.77	52518.43
250.82	52503.20
250.87	52511.58
250.92	52496.91
250.97	52468.70
251.02	52466.22
251.07	52455.12
251.12	52421.21
251.17	52398.24
251.22	52375.05
251.27	52336.35
251.32	52288.51
251.37	52242.07
251.42	52184.74
251.47	52142.50
251.52	52117.59
251.57	52107.28
251.62	52093.78
251.67	52086.57
251.72	52070.18
251.77	52038.88
251.82	51979.13
251.87	51928.25
251.92	51880.39
251.97	51825.94
252.02	51785.64
252.07	51767.81
252.12	51757.82
252.16	51752.98
252.21	51753.45
252.26	51757.94
252.31	51751.22
252.36	51744.93
252.41	51731.36
252.46	51707.63
252.51	51672.90
252.56	51644.47
252.61	51605.00
252.66	51563.63
252.71	51538.71
252.76	51513.26
252.81	51471.61
252.86	51425.95
252.91	51391.47
252.96	51335.80
253.01	51271.98
253.06	51209.15
253.11	51167.69
253.16	51118.22
253.21	51066.55
253.26	51031.15
253.31	51008.21
253.36	50979.91
253.40	50958.50
253.45	50951.27
253.50	50909.96
253.55	50866.00
253.60	50816.95
253.65	50768.28
253.70	50727.31
253.75	50716.57
253.80	50703.25
253.85	50705.74
253.90	50713.28
253.95	50704.88
254.00	50707.05
254.05	50693.92
254.10	50658.13
254.15	50616.62
254.20	50596.58
254.25	50550.07
254.30	50520.70
254.35	50481.78
254.39	50410.33
254.44	50316.00
254.49	50238.49
254.54	50210.83
254.59	50181.72
254.64	50178.97
254.69	50183.30
254.74	50189.79
254.79	50147.05
254.84	50112.72
254.89	50098.85
254.94	50084.07
254.99	50061.84
255.04	50047.64
255.09	50040.01
255.14	50010.66
255.19	49994.18
255.23	49993.72
255.28	49982.99
255.33	49972.37
255.38	49962.56
255.43	49954.33
255.48	49917.06
255.53	49880.59
255.58	49848.08
255.63	49818.85
255.68	49764.50
255.73	49719.73
255.78	49688.27
255.83	49660.29
255.88	49639.20
255.93	49613.58
255.97	49598.72
256.02	49558.77
256.07	49516.58
256.12	49437.49
256.17	49390.65
256.22	49337.00
256.27	49292.07
256.32	49247.25
256.37	49232.12
256.42	49207.87
256.47	49175.35
256.52	49154.51
256.57	49125.15
256.62	49103.15
256.66	49084.62
256.71	49059.29
256.76	49015.63
256.81	48974.39
256.86	48919.66
256.91	48873.20
256.96	48834.40
257.01	48807.79
257.06	48782.87
257.11	48753.78
257.16	48701.05
257.21	48658.08
257.26	48624.14
257.30	48583.00
257.35	48548.97
257.40	48535.28
257.45	48522.34
257.50	48494.91
257.55	48465.01
257.60	48442.75
257.65	48410.27
257.70	48365.38
257.75	48328.36
257.80	48299.42
257.85	48257.27
257.89	48208.99
257.94	48159.35
257.99	48096.97
258.04	48038.92
258.09	47998.80
258.14	47970.74
258.19	47955.64
258.24	47931.80
258.29	47898.12
258.34	47862.96
258.39	47828.12
258.44	47764.18
258.48	47717.19
258.53	47689.16
258.58	47644.16
258.63	47593.05
258.68	47556.47
258.73	47525.82
258.78	47476.88
258.83	47435.79
258.88	47393.68
258.93	47358.01
258.97	47331.46
259.02	47301.11
259.07	47278.41
259.12	47266.64
259.17	47253.83
259.22	47226.72
259.27	47206.91
259.32	47182.68
259.37	47132.81
259.42	47090.88
259.47	47047.02
259.51	46999.66
259.56	46938.48
259.61	46871.42
259.66	46793.04
259.71	46715.93
259.76	46648.61
259.81	46594.60
259.86	46559.57
259.91	46526.12
259.95	46508.12
260.00	46486.26
260.05	46467.71
260.10	46445.62
260.15	46433.05
260.20	46421.46
260.25	46413.74
260.30	46400.92
260.35	46381.48
260.40	46350.42
260.44	46312.79
260.49	46282.98
260.54	46243.00
260.59	46210.77
260.64	46205.24
260.69	46203.45
260.74	46177.38
260.79	46147.88
260.84	46108.52
260.88	46043.49
260.93	45964.72
260.98	45922.17
261.03	45877.63
261.08	45846.71
261.13	45813.23
261.18	45780.20
261.23	45722.80
261.28	45684.88
261.32	45643.99
261.37	45603.61
261.42	45571.46
261.47	45548.97
261.52	45506.04
261.57	45461.42
261.62	45422.07
261.67	45365.19
261.71	45293.12
261.76	45243.27
261.81	45190.30
261.86	45134.90
261.91	45094.88
261.96	45071.18
262.01	45029.85
262.06	45013.43
262.10	45002.31
262.15	44982.14
262.20	44961.39
262.25	44950.62
262.30	44923.17
262.35	44895.00
262.40	44868.48
262.45	44837.37
262.49	44809.16
262.54	44771.10
262.59	44742.25
262.64	44713.36
262.69	44673.37
262.74	44621.79
262.79	44565.77
262.84	44517.53
262.88	44463.81
262.93	44418.28
262.98	44384.31
263.03	44349.09
263.08	44297.44
263.13	44236.42
263.18	44167.62
263.23	44102.98
263.27	44055.79
263.32	44026.72
263.37	44008.07
263.42	43994.60
263.47	43969.54
263.52	43948.56
263.57	43900.67
263.61	43863.08
263.66	43823.87
263.71	43788.50
263.76	43751.31
263.81	43711.07
263.86	43677.06
263.91	43637.29
263.95	43580.39
264.00	43520.67
264.05	43473.28
264.10	43408.99
264.15	43337.61
264.20	43292.04
264.25	43247.68
264.29	43207.23
264.34	43155.92
264.39	43129.46
264.44	43081.47
264.49	43033.62
264.54	42990.56
264.59	42960.92
264.63	42917.02
264.68	42866.58
264.73	42813.99
264.78	42759.25
264.83	42699.93
264.88	42651.21
264.93	42630.17
264.97	42609.84
265.02	42587.74
265.07	42573.27
265.12	42540.10
265.17	42491.32
265.22	42445.45
265.27	42388.21
265.31	42319.38
265.36	42259.71
265.41	42206.50
265.46	42145.15
265.51	42074.05
265.56	42014.55
265.60	41962.54
265.65	41898.93
265.70	41847.47
265.75	41805.99
265.80	41759.00
265.85	41690.40
265.90	41637.74
265.94	41581.68
265.99	41519.91
266.04	41467.40
266.09	41435.01
266.14	41402.08
266.19	41365.16
266.23	41325.56
266.28	41285.12
266.33	41251.88
266.38	41219.54
266.43	41194.28
266.48	41182.71
266.52	41158.61
266.57	41117.45
266.62	41077.64
266.67	41024.37
266.72	40967.37
266.77	40934.49
266.81	40914.21
266.86	40883.28
266.91	40854.91
266.96	40818.75
267.01	40779.04
267.06	40721.24
267.10	40670.10
267.15	40620.14
267.20	40592.35
267.25	40549.29
267.30	40514.02
267.35	40475.12
267.39	40440.00
267.44	40393.71
267.49	40345.67
267.54	40305.55
267.59	40259.57
267.64	40212.79
267.68	40152.73
267.73	40099.47
267.78	40054.32
267.83	40031.40
267.88	40013.64
267.93	40015.07
267.97	40004.53
268.02	39969.09
268.07	39912.84
268.12	39854.11
268.17	39783.33
268.21	39741.72
268.26	39694.47
268.31	39654.95
268.36	39607.71
268.41	39564.41
268.46	39510.92
268.50	39474.07
268.55	39426.22
268.60	39371.38
268.65	39307.38
268.70	39224.77
268.74	39156.58
268.79	39085.71
268.84	39037.71
268.89	38999.61
268.94	38969.39
268.99	38932.11
269.03	38892.02
269.08	38839.11
269.13	38761.68
269.18	38674.67
269.23	38573.07
269.27	38471.38
269.32	38340.50
269.37	38223.31
269.42	38100.56
269.47	37967.68
269.51	37834.40
269.56	37705.05
269.61	37563.62
269.66	37418.20
269.71	37268.90
269.76	37117.54
269.80	36960.92
269.85	36806.39
269.90	36667.24
269.95	36518.42
270.00	36355.47
270.04	36215.31
270.09	36078.13
270.14	35933.48
270.19	35802.67
270.24	35676.12
270.28	35519.23
270.33	35351.21
270.38	35169.15
270.43	34988.91
270.48	34807.29
270.52	34653.19
270.57	34495.81
270.62	34342.09
270.67	34187.81
270.72	34038.61
270.76	33860.35
270.81	33698.07
270.86	33526.22
270.91	33356.68
270.96	33182.96
271.00	33023.60
271.05	32862.83
271.10	32723.82
271.15	32587.28
271.20	32467.64
271.24	32332.22
271.29	32200.40
271.34	32052.20
271.39	31900.08
271.44	31741.15
271.48	31608.12
271.53	31461.29
271.58	31319.86
271.63	31178.38
271.67	31037.79
271.72	30891.49
271.77	30745.97
271.82	30618.24
271.87	30480.68
271.91	30321.16
271.96	30176.64
272.01	30042.15
272.06	29902.08
272.11	29779.34
272.15	29680.95
272.20	29579.75
272.25	29474.31
272.30	29371.90
272.35	29261.67
272.39	29151.35
272.44	29022.84
272.49	28895.42
272.54	28755.62
272.58	28613.17
272.63	28465.77
272.68	28320.71
272.73	28158.33
272.78	27987.45
272.82	27787.26
272.87	27564.21
272.92	27278.04
272.97	26754.18
273.01	23806.63
273.06	18877.22
273.11	13441.65
273.16	8106.03
273.21	3053.15
273.25	460.25
273.30	-88.93
273.35	-89.93
