165.32	3383.14
165.38	-247.58
165.44	596.81
165.50	-76.94
165.55	-18.32
165.61	3.94
165.67	31.60
165.72	40.40
165.78	45.45
165.84	43.74
165.89	40.72
165.95	39.12
166.01	38.56
166.06	40.13
166.12	42.70
166.18	40.54
166.23	42.47
166.29	41.58
166.35	38.51
166.40	37.70
166.46	44.10
166.52	46.62
166.57	47.51
166.63	47.55
166.69	49.77
166.74	44.18
166.80	44.90
166.86	47.38
166.91	48.50
166.97	43.08
167.03	45.69
167.08	39.91
167.14	38.47
167.20	36.81
167.25	49.11
167.31	49.40
167.37	54.59
167.42	56.35
167.48	62.05
167.54	56.68
167.59	56.12
167.65	52.29
167.71	51.91
167.76	50.69
167.82	46.09
167.88	45.72
167.93	52.87
167.99	52.19
168.05	54.50
168.10	62.52
168.16	61.84
168.21	60.11
168.27	64.31
168.33	66.00
168.38	58.26
168.44	63.30
168.50	61.79
168.55	60.46
168.61	61.30
168.67	63.47
168.72	60.36
168.78	60.38
168.84	55.77
168.89	53.83
168.95	54.67
169.01	54.18
169.06	54.10
169.12	53.68
169.18	52.35
169.23	52.17
169.29	56.64
169.34	60.85
169.40	63.89
169.46	68.07
169.51	70.29
169.57	65.64
169.63	61.26
169.68	65.88
169.74	62.44
169.80	67.97
169.85	69.58
169.91	73.88
169.97	70.16
170.02	70.12
170.08	69.48
170.13	69.68
170.19	69.78
170.25	71.08
170.30	74.97
170.36	66.27
170.42	68.33
170.47	68.46
170.53	70.31
170.59	67.14
170.64	70.76
170.70	68.95
170.76	67.00
170.81	68.15
170.87	67.51
170.92	68.70
170.98	71.90
171.04	74.73
171.09	70.85
171.15	79.03
171.21	79.76
171.26	76.59
171.32	73.72
171.37	77.24
171.43	71.37
171.49	75.81
171.54	78.77
171.60	80.01
171.66	81.85
171.71	82.20
171.77	79.76
171.83	85.89
171.88	85.10
171.94	84.74
171.99	89.35
172.05	88.58
172.11	89.33
172.16	98.19
172.22	98.65
172.28	99.10
172.33	97.05
172.39	94.26
172.44	90.29
172.50	95.39
172.56	94.67
172.61	103.01
172.67	102.66
172.72	102.91
172.78	98.60
172.84	93.19
172.89	86.43
172.95	85.34
173.01	86.10
173.06	84.19
173.12	90.06
173.17	91.42
173.23	90.93
173.29	91.53
173.34	93.13
173.40	87.90
173.46	88.45
173.51	91.25
173.57	91.38
173.62	86.14
173.68	92.40
173.74	91.40
173.79	92.91
173.85	89.80
173.90	92.13
173.96	88.62
174.02	85.75
174.07	77.75
174.13	76.93
174.18	79.31
174.24	73.21
174.30	73.50
174.35	78.80
174.41	76.03
174.47	70.03
174.52	70.58
174.58	69.63
174.63	65.20
174.69	63.85
174.75	65.68
174.80	77.00
174.86	75.06
174.91	76.14
174.97	76.39
175.03	74.16
175.08	61.65
175.14	67.75
175.19	63.80
175.25	64.21
175.31	68.47
175.36	70.28
175.42	67.44
175.47	72.14
175.53	72.55
175.59	69.01
175.64	70.85
175.70	68.72
175.75	63.91
175.81	62.45
175.87	63.83
175.92	59.57
175.98	61.27
176.03	61.25
176.09	61.49
176.15	61.47
176.20	62.59
176.26	62.08
176.31	65.57
176.37	62.98
176.42	63.67
176.48	67.12
176.54	65.46
176.59	62.54
176.65	65.33
176.70	66.55
176.76	66.00
176.82	63.60
176.87	60.32
176.93	60.30
176.98	59.25
177.04	54.30
177.10	59.24
177.15	60.86
177.21	61.78
177.26	60.51
177.32	64.26
177.37	65.58
177.43	69.26
177.49	65.90
177.54	63.45
177.60	63.95
177.65	64.70
177.71	59.36
177.77	62.36
177.82	63.71
177.88	67.36
177.93	62.67
177.99	69.13
178.04	64.56
178.10	65.71
178.16	58.99
178.21	59.83
178.27	56.91
178.32	61.18
178.38	59.78
178.43	61.76
178.49	61.52
178.55	60.44
178.60	59.06
178.66	58.75
178.71	60.09
178.77	58.52
178.82	60.09
178.88	59.91
178.94	60.28
178.99	61.12
179.05	65.56
179.10	61.13
179.16	64.41
179.21	66.55
179.27	65.64
179.33	61.09
179.38	65.32
179.44	62.75
179.49	62.84
179.55	60.86
179.60	61.00
179.66	59.74
179.72	62.95
179.77	60.22
179.83	59.04
179.88	60.79
179.94	62.10
179.99	57.90
180.05	58.70
180.11	59.61
180.16	62.10
180.22	64.73
180.27	69.25
180.33	70.22
180.38	74.41
180.44	69.79
180.49	69.40
180.55	67.28
180.61	70.79
180.66	65.35
180.72	64.01
180.77	62.12
180.83	62.00
180.88	59.53
180.94	59.34
180.99	62.79
181.05	62.86
181.11	64.36
181.16	64.76
181.22	66.36
181.27	68.80
181.33	67.71
181.38	64.03
181.44	64.68
181.49	68.87
181.55	69.25
181.61	75.38
181.66	78.13
181.72	75.84
181.77	73.01
181.83	70.61
181.88	75.64
181.94	77.55
181.99	82.96
182.05	84.07
182.11	84.76
182.16	74.99
182.22	72.49
182.27	67.78
182.33	69.84
182.38	69.56
182.44	74.50
182.49	76.92
182.55	79.07
182.60	78.88
182.66	82.59
182.72	85.66
182.77	87.90
182.83	91.16
182.88	94.30
182.94	95.13
182.99	92.23
183.05	90.44
183.10	92.53
183.16	91.17
183.21	92.49
183.27	99.90
183.32	104.44
183.38	107.58
183.44	113.96
183.49	118.88
183.55	119.73
183.60	126.07
183.66	131.56
183.71	141.35
183.77	148.56
183.82	157.30
183.88	168.10
183.93	179.62
183.99	192.70
184.04	209.25
184.10	221.88
184.15	233.55
184.21	246.83
184.27	249.15
184.32	250.37
184.38	249.06
184.43	245.21
184.49	228.51
184.54	212.04
184.60	203.57
184.65	189.44
184.71	180.31
184.76	182.51
184.82	199.76
184.87	215.03
184.93	240.72
184.98	267.84
185.04	298.74
185.09	322.88
185.15	348.69
185.20	380.46
185.26	414.78
185.31	443.10
185.37	470.78
185.43	491.91
185.48	510.63
185.54	533.38
185.59	558.90
185.65	583.84
185.70	624.00
185.76	669.44
185.81	703.76
185.87	741.27
185.92	785.81
185.98	822.04
186.03	838.27
186.09	840.69
186.14	816.74
186.20	763.85
186.25	677.91
186.31	593.88
186.36	528.07
186.42	499.58
186.47	509.62
186.53	558.56
186.58	628.45
186.64	703.59
186.69	776.83
186.75	838.24
186.80	896.09
186.86	954.35
186.91	1014.75
186.97	1069.98
187.02	1141.86
187.08	1210.83
187.13	1270.17
187.19	1335.04
187.24	1403.03
187.30	1452.50
187.35	1504.05
187.41	1570.97
187.47	1635.94
187.52	1690.81
187.58	1749.25
187.63	1820.36
187.69	1889.81
187.74	1945.29
187.80	1998.10
187.85	2045.70
187.91	2066.82
187.96	2051.89
188.02	1989.82
188.07	1881.65
188.13	1723.84
188.18	1556.77
188.24	1431.55
188.29	1371.99
188.35	1379.97
188.40	1459.95
188.46	1587.39
188.51	1714.66
188.57	1844.70
188.62	1968.38
188.67	2085.96
188.73	2194.71
188.78	2298.70
188.84	2400.54
188.89	2504.78
188.95	2608.26
189.00	2699.70
189.06	2798.48
189.11	2892.70
189.17	2972.95
189.22	3046.85
189.28	3135.60
189.33	3209.18
189.39	3273.57
189.44	3342.08
189.50	3416.37
189.55	3483.33
189.61	3542.07
189.66	3600.51
189.72	3660.61
189.77	3711.84
189.83	3740.33
189.88	3748.46
189.94	3720.47
189.99	3638.96
190.05	3486.82
190.10	3267.20
190.16	3013.75
190.21	2789.61
190.27	2646.80
190.32	2609.47
190.38	2678.60
190.43	2832.14
190.49	3014.74
190.54	3177.63
190.60	3322.23
190.65	3451.92
190.71	3570.27
190.76	3682.53
190.81	3793.65
190.87	3905.15
190.92	4026.28
190.98	4144.60
191.03	4264.75
191.09	4389.28
191.14	4497.92
191.20	4587.97
191.25	4686.55
191.31	4785.21
191.36	4876.37
191.42	4973.21
191.47	5079.14
191.53	5180.04
191.58	5263.41
191.64	5335.08
191.69	5397.95
191.75	5441.53
191.80	5472.07
191.85	5490.04
191.91	5510.85
191.96	5532.54
192.02	5562.75
192.07	5578.78
192.13	5576.07
192.18	5525.98
192.24	5409.08
192.29	5215.51
192.35	4989.44
192.40	4804.11
192.46	4696.72
192.51	4691.53
192.57	4784.49
192.62	4957.76
192.67	5142.46
192.73	5322.87
192.78	5484.24
192.84	5636.10
192.89	5775.37
192.95	5906.43
193.00	6019.50
193.06	6129.13
193.11	6237.76
193.17	6329.45
193.22	6411.66
193.28	6501.91
193.33	6578.77
193.38	6645.09
193.44	6714.86
193.49	6790.85
193.55	6850.32
193.60	6909.80
193.66	6962.78
193.71	7006.66
193.77	7029.90
193.82	7048.48
193.88	7064.52
193.93	7092.83
193.98	7116.63
194.04	7158.00
194.09	7204.51
194.15	7257.06
194.20	7299.22
194.26	7343.02
194.31	7384.17
194.37	7412.17
194.42	7418.50
194.47	7407.45
194.53	7364.87
194.58	7274.63
194.64	7166.44
194.69	7070.23
194.75	7002.26
194.80	6986.29
194.86	7027.47
194.91	7116.60
194.97	7224.43
195.02	7335.10
195.07	7441.51
195.13	7548.70
195.18	7657.80
195.24	7761.97
195.29	7867.60
195.35	7968.73
195.40	8066.92
195.46	8147.16
195.51	8234.55
195.56	8318.76
195.62	8394.93
195.67	8457.51
195.73	8527.70
195.78	8580.02
195.84	8619.37
195.89	8653.28
195.94	8689.92
196.00	8723.07
196.05	8760.64
196.11	8810.89
196.16	8862.45
196.22	8921.27
196.27	8979.96
196.32	9033.13
196.38	9077.38
196.43	9123.20
196.49	9158.86
196.54	9196.30
196.60	9241.81
196.65	9285.82
196.71	9328.64
196.76	9375.00
196.81	9411.55
196.87	9445.65
196.92	9472.60
196.98	9492.74
197.03	9503.77
197.09	9498.70
197.14	9490.55
197.19	9492.22
197.25	9503.15
197.30	9528.88
197.36	9586.30
197.41	9645.68
197.47	9706.68
197.52	9770.84
197.57	9834.73
197.63	9885.97
197.68	9938.84
197.74	9992.96
197.79	10039.47
197.84	10085.38
197.90	10131.10
197.95	10174.65
198.01	10215.80
198.06	10263.22
198.12	10306.54
198.17	10342.63
198.22	10383.23
198.28	10419.48
198.33	10460.09
198.39	10498.83
198.44	10550.59
198.49	10597.38
198.55	10644.02
198.60	10685.01
198.66	10727.69
198.71	10776.95
198.77	10824.54
198.82	10878.63
198.87	10927.13
198.93	10977.90
198.98	11016.50
199.04	11058.12
199.09	11094.26
199.14	11135.89
199.20	11173.49
199.25	11215.95
199.31	11264.39
199.36	11313.24
199.42	11356.80
199.47	11401.00
199.52	11443.09
199.58	11477.41
199.63	11499.45
199.69	11532.20
199.74	11564.72
199.79	11589.41
199.85	11617.26
199.90	11662.54
199.96	11698.37
200.01	11740.35
200.06	11793.17
200.12	11844.32
200.17	11897.12
200.23	11948.82
200.28	11990.90
200.33	12043.91
200.39	12091.57
200.44	12132.00
200.50	12175.48
200.55	12220.39
200.60	12251.69
200.66	12285.97
200.71	12320.90
200.77	12365.17
200.82	12405.86
200.87	12444.40
200.93	12484.22
200.98	12524.76
201.04	12559.47
201.09	12602.77
201.14	12654.72
201.20	12705.34
201.25	12758.97
201.31	12814.37
201.36	12874.56
201.41	12927.99
201.47	12988.00
201.52	13036.72
201.58	13093.67
201.63	13137.56
201.68	13186.10
201.74	13234.37
201.79	13285.98
201.84	13335.51
201.90	13385.48
201.95	13436.63
202.01	13488.78
202.06	13542.80
202.11	13587.97
202.17	13635.61
202.22	13679.76
202.28	13721.07
202.33	13759.11
202.38	13793.56
202.44	13842.11
202.49	13885.17
202.54	13930.73
202.60	13979.23
202.65	14030.97
202.71	14076.42
202.76	14119.13
202.81	14157.55
202.87	14204.43
202.92	14252.67
202.98	14299.33
203.03	14350.94
203.08	14411.75
203.14	14463.82
203.19	14523.17
203.24	14578.27
203.30	14634.62
203.35	14682.28
203.41	14731.75
203.46	14770.41
203.51	14809.85
203.57	14849.67
203.62	14897.28
203.67	14953.11
203.73	15006.01
203.78	15058.16
203.84	15112.67
203.89	15153.04
203.94	15189.15
204.00	15233.30
204.05	15274.85
204.10	15309.90
204.16	15346.73
204.21	15382.14
204.27	15414.43
204.32	15443.49
204.37	15477.29
204.43	15504.26
204.48	15528.88
204.53	15546.58
204.59	15587.20
204.64	15641.28
204.69	15720.15
204.75	15801.30
204.80	15897.25
204.86	15973.07
204.91	16036.62
204.96	16091.70
205.02	16137.86
205.07	16184.69
205.12	16247.30
205.18	16316.44
205.23	16383.32
205.28	16467.10
205.34	16544.07
205.39	16612.51
205.45	16678.24
205.50	16740.62
205.55	16795.01
205.61	16851.86
205.66	16908.57
205.71	16967.29
205.77	17027.11
205.82	17088.74
205.87	17145.03
205.93	17196.43
205.98	17244.33
206.03	17282.52
206.09	17328.65
206.14	17374.81
206.20	17428.98
206.25	17477.98
206.30	17539.54
206.36	17599.53
206.41	17665.56
206.46	17716.86
206.52	17770.66
206.57	17827.33
206.62	17867.07
206.68	17909.87
206.73	17960.01
206.78	18016.72
206.84	18067.41
206.89	18128.48
206.94	18188.51
207.00	18258.38
207.05	18323.76
207.11	18388.27
207.16	18445.28
207.21	18509.99
207.27	18562.32
207.32	18615.75
207.37	18671.33
207.43	18732.35
207.48	18777.05
207.53	18829.93
207.59	18886.85
207.64	18944.57
207.69	19011.06
207.75	19082.87
207.80	19144.70
207.85	19201.38
207.91	19251.22
207.96	19301.16
208.01	19352.65
208.07	19407.52
208.12	19468.91
208.17	19528.08
208.23	19577.12
208.28	19628.19
208.33	19688.98
208.39	19745.54
208.44	19814.24
208.49	19876.92
208.55	19937.67
208.60	19988.65
208.65	20040.20
208.71	20090.11
208.76	20150.16
208.81	20210.14
208.87	20274.03
208.92	20330.49
208.97	20390.84
209.03	20449.85
209.08	20506.49
209.13	20563.06
209.19	20631.41
209.24	20683.49
209.29	20741.66
209.35	20797.74
209.40	20857.27
209.45	20914.95
209.51	20985.33
209.56	21049.86
209.61	21116.62
209.67	21182.50
209.72	21241.40
209.77	21295.00
209.83	21354.64
209.88	21427.26
209.93	21496.92
209.99	21558.98
210.04	21632.04
210.09	21697.57
210.15	21752.39
210.20	21811.36
210.25	21882.45
210.31	21942.72
210.36	21997.60
210.41	22052.88
210.46	22108.83
210.52	22156.97
210.57	22204.56
210.62	22265.90
210.68	22325.80
210.73	22378.79
210.78	22440.76
210.84	22505.38
210.89	22563.76
210.94	22619.34
211.00	22674.90
211.05	22722.93
211.10	22785.88
211.16	22840.39
211.21	22909.34
211.26	22979.51
211.32	23058.49
211.37	23122.41
211.42	23192.41
211.47	23254.38
211.53	23319.40
211.58	23374.58
211.63	23435.92
211.69	23491.57
211.74	23542.36
211.79	23593.17
211.85	23654.18
211.90	23714.52
211.95	23785.62
212.01	23858.76
212.06	23936.10
212.11	24011.18
212.16	24082.59
212.22	24157.29
212.27	24223.32
212.32	24285.16
212.38	24350.79
212.43	24414.28
212.48	24473.02
212.54	24542.01
212.59	24616.15
212.64	24684.17
212.69	24743.29
212.75	24804.33
212.80	24867.34
212.85	24926.62
212.91	24977.44
212.96	25038.71
213.01	25106.84
213.07	25166.50
213.12	25230.60
213.17	25298.14
213.22	25363.61
213.28	25424.40
213.33	25478.34
213.38	25533.51
213.44	25590.65
213.49	25661.36
213.54	25734.58
213.60	25817.87
213.65	25897.32
213.70	25976.39
213.75	26045.85
213.81	26100.78
213.86	26160.74
213.91	26213.48
213.97	26262.01
214.02	26303.39
214.07	26349.28
214.12	26387.95
214.18	26436.98
214.23	26496.94
214.28	26550.90
214.34	26606.10
214.39	26665.30
214.44	26704.83
214.49	26722.84
214.55	26740.89
214.60	26744.59
214.65	26741.35
214.71	26745.20
214.76	26783.66
214.81	26854.18
214.86	26970.89
214.92	27094.13
214.97	27231.42
215.02	27346.96
215.08	27443.97
215.13	27516.95
215.18	27576.85
215.23	27625.62
215.29	27683.33
215.34	27752.31
215.39	27835.02
215.45	27943.28
215.50	28059.76
215.55	28174.89
215.60	28266.98
215.66	28338.33
215.71	28400.57
215.76	28466.02
215.81	28519.17
215.87	28582.87
215.92	28644.01
215.97	28702.68
216.03	28757.80
216.08	28818.19
216.13	28875.83
216.18	28933.02
216.24	28990.37
216.29	29042.86
216.34	29093.07
216.39	29154.54
216.45	29217.62
216.50	29275.84
216.55	29335.65
216.61	29406.89
216.66	29460.55
216.71	29519.68
216.76	29585.02
216.82	29666.06
216.87	29732.58
216.92	29814.52
216.97	29885.23
217.03	29958.81
217.08	30022.76
217.13	30098.40
217.18	30165.23
217.24	30231.58
217.29	30295.88
217.34	30346.22
217.39	30393.75
217.45	30443.10
217.50	30497.21
217.55	30548.21
217.61	30615.59
217.66	30679.59
217.71	30747.82
217.76	30823.85
217.82	30911.05
217.87	30986.85
217.92	31063.23
217.97	31130.90
218.03	31194.99
218.08	31239.35
218.13	31281.23
218.18	31327.15
218.24	31394.46
218.29	31448.58
218.34	31509.02
218.39	31577.90
218.45	31648.90
218.50	31699.03
218.55	31763.07
218.60	31829.59
218.66	31887.24
218.71	31947.29
218.76	32016.95
218.81	32082.29
218.87	32144.37
218.92	32217.06
218.97	32287.95
219.02	32350.39
219.08	32419.38
219.13	32496.28
219.18	32562.54
219.23	32624.38
219.29	32689.88
219.34	32746.33
219.39	32800.20
219.44	32863.18
219.50	32930.65
219.55	32995.97
219.60	33062.19
219.65	33129.60
219.71	33195.39
219.76	33241.72
219.81	33293.86
219.86	33348.78
219.92	33400.66
219.97	33454.45
220.02	33514.75
220.07	33576.03
220.13	33643.24
220.18	33710.08
220.23	33774.39
220.28	33859.68
220.33	33933.53
220.39	33996.31
220.44	34054.43
220.49	34109.33
220.54	34148.72
220.60	34196.82
220.65	34255.35
220.70	34323.63
220.75	34396.28
220.81	34480.41
220.86	34561.57
220.91	34628.75
220.96	34696.17
221.02	34768.80
221.07	34829.56
221.12	34888.46
221.17	34950.62
221.22	35010.10
221.28	35059.19
221.33	35119.81
221.38	35178.01
221.43	35253.12
221.49	35312.95
221.54	35378.03
221.59	35441.24
221.64	35516.24
221.69	35604.12
221.75	35704.86
221.80	35812.03
221.85	35894.82
221.90	35970.42
221.96	36021.57
222.01	36060.10
222.06	36086.54
222.11	36132.78
222.17	36173.55
222.22	36202.60
222.27	36252.50
222.32	36301.38
222.37	36353.94
222.43	36421.69
222.48	36489.00
222.53	36558.49
222.58	36643.40
222.63	36717.31
222.69	36776.76
222.74	36850.22
222.79	36914.30
222.84	36963.80
222.90	37006.88
222.95	37053.22
223.00	37095.69
223.05	37152.66
223.10	37204.05
223.16	37264.16
223.21	37320.36
223.26	37367.90
223.31	37404.42
223.36	37441.47
223.42	37480.99
223.47	37513.91
223.52	37560.35
223.57	37598.14
223.63	37649.18
223.68	37703.22
223.73	37776.97
223.78	37852.10
223.83	37924.01
223.89	37987.27
223.94	38052.76
223.99	38119.68
224.04	38193.64
224.09	38276.85
224.15	38369.90
224.20	38451.68
224.25	38533.72
224.30	38611.55
224.35	38695.36
224.41	38783.35
224.46	38885.73
224.51	38974.04
224.56	39058.98
224.61	39131.96
224.67	39201.10
224.72	39269.19
224.77	39359.15
224.82	39454.66
224.87	39548.01
224.93	39634.30
224.98	39721.52
225.03	39811.27
225.08	39888.30
225.13	39975.00
225.19	40069.28
225.24	40161.24
225.29	40225.01
225.34	40309.49
225.39	40390.66
225.45	40469.96
225.50	40548.96
225.55	40637.90
225.60	40713.75
225.65	40800.34
225.71	40876.16
225.76	40943.92
225.81	41014.09
225.86	41089.88
225.91	41152.54
225.97	41215.67
226.02	41280.16
226.07	41314.35
226.12	41351.05
226.17	41394.38
226.22	41474.28
226.28	41578.46
226.33	41721.49
226.38	41847.97
226.43	41970.44
226.48	42046.88
226.54	42108.11
226.59	42169.03
226.64	42230.98
226.69	42281.13
226.74	42349.73
226.80	42411.69
226.85	42464.09
226.90	42528.73
226.95	42619.99
227.00	42709.46
227.05	42813.49
227.11	42926.72
227.16	43025.72
227.21	43107.87
227.26	43193.91
227.31	43264.13
227.37	43320.43
227.42	43401.11
227.47	43479.70
227.52	43551.63
227.57	43615.90
227.62	43705.30
227.68	43771.76
227.73	43849.51
227.78	43925.30
227.83	44013.12
227.88	44081.21
227.93	44158.98
227.99	44233.59
228.04	44307.27
228.09	44384.50
228.14	44452.79
228.19	44524.45
228.24	44594.37
228.30	44662.65
228.35	44720.39
228.40	44790.37
228.45	44842.68
228.50	44909.82
228.56	44973.97
228.61	45041.61
228.66	45093.36
228.71	45153.08
228.76	45193.65
228.81	45236.88
228.87	45279.42
228.92	45347.75
228.97	45410.72
229.02	45506.30
229.07	45584.81
229.12	45672.90
229.17	45741.37
229.23	45823.62
229.28	45887.71
229.33	45971.84
229.38	46046.32
229.43	46125.92
229.48	46205.64
229.54	46274.23
229.59	46338.75
229.64	46408.80
229.69	46481.36
229.74	46561.40
229.79	46633.27
229.85	46706.89
229.90	46777.41
229.95	46843.47
230.00	46899.55
230.05	46978.48
230.10	47050.59
230.16	47122.97
230.21	47185.84
230.26	47245.81
230.31	47279.87
230.36	47341.90
230.41	47398.64
230.46	47484.61
230.52	47575.23
230.57	47660.00
230.62	47738.32
230.67	47809.34
230.72	47860.29
230.77	47899.83
230.82	47951.85
230.88	47979.11
230.93	48020.59
230.98	48062.67
231.03	48115.18
231.08	48167.94
231.13	48229.54
231.19	48305.85
231.24	48386.72
231.29	48465.60
231.34	48545.89
231.39	48633.77
231.44	48697.82
231.49	48740.85
231.55	48777.90
231.60	48819.03
231.65	48866.83
231.70	48909.29
231.75	48956.73
231.80	49013.33
231.85	49070.98
231.91	49109.85
231.96	49158.96
232.01	49226.69
232.06	49292.60
232.11	49361.03
232.16	49446.40
232.21	49539.68
232.26	49625.29
232.32	49702.71
232.37	49769.11
232.42	49824.43
232.47	49860.23
232.52	49912.57
232.57	49966.78
232.62	50023.37
232.68	50083.19
232.73	50160.07
232.78	50224.90
232.83	50303.97
232.88	50379.33
232.93	50457.04
232.98	50520.96
233.03	50576.54
233.09	50629.51
233.14	50696.98
233.19	50747.22
233.24	50803.27
233.29	50864.36
233.34	50897.45
233.39	50914.95
233.45	50950.55
233.50	50997.72
233.55	51040.91
233.60	51104.52
233.65	51169.00
233.70	51230.14
233.75	51278.67
233.80	51323.00
233.86	51376.44
233.91	51425.89
233.96	51467.99
234.01	51516.89
234.06	51572.66
234.11	51632.19
234.16	51697.91
234.21	51760.01
234.26	51814.20
234.32	51854.41
234.37	51884.27
234.42	51918.83
234.47	51947.76
234.52	51972.77
234.57	52011.87
234.62	52054.07
234.67	52099.27
234.73	52154.01
234.78	52212.86
234.83	52259.66
234.88	52307.90
234.93	52339.89
234.98	52382.70
235.03	52428.94
235.08	52495.96
235.13	52551.74
235.19	52619.37
235.24	52675.14
235.29	52737.30
235.34	52781.78
235.39	52812.40
235.44	52849.72
235.49	52890.95
235.54	52916.33
235.59	52935.75
235.65	52971.93
235.70	52999.31
235.75	53035.14
235.80	53079.94
235.85	53139.24
235.90	53183.10
235.95	53210.74
236.00	53236.96
236.05	53263.42
236.11	53284.51
236.16	53320.37
236.21	53369.05
236.26	53416.99
236.31	53446.75
236.36	53473.23
236.41	53488.58
236.46	53502.59
236.51	53508.92
236.56	53532.29
236.62	53566.59
236.67	53609.05
236.72	53651.85
236.77	53682.77
236.82	53723.54
236.87	53738.73
236.92	53751.06
236.97	53779.55
237.02	53820.61
237.07	53873.73
237.13	53936.27
237.18	53998.86
237.23	54046.00
237.28	54093.12
237.33	54124.16
237.38	54147.84
237.43	54179.83
237.48	54188.48
237.53	54207.36
237.58	54232.30
237.63	54279.04
237.69	54313.05
237.74	54367.84
237.79	54406.33
237.84	54415.42
237.89	54421.90
237.94	54433.22
237.99	54452.13
238.04	54470.91
238.09	54496.45
238.14	54518.51
238.19	54534.48
238.25	54546.52
238.30	54539.74
238.35	54545.43
238.40	54548.23
238.45	54561.30
238.50	54566.68
238.55	54583.19
238.60	54606.11
238.65	54620.29
238.70	54625.26
238.75	54640.38
238.80	54671.54
238.86	54693.23
238.91	54714.60
238.96	54748.37
239.01	54781.65
239.06	54804.21
239.11	54823.69
239.16	54853.49
239.21	54856.45
239.26	54843.97
239.31	54857.42
239.36	54873.86
239.41	54894.65
239.46	54923.10
239.52	54958.08
239.57	54976.07
239.62	54995.09
239.67	55005.87
239.72	55027.45
239.77	55050.63
239.82	55074.53
239.87	55087.77
239.92	55095.27
239.97	55095.60
240.02	55083.77
240.07	55061.79
240.12	55056.23
240.17	55059.30
240.23	55056.47
240.28	55066.05
240.33	55089.77
240.38	55085.57
240.43	55083.50
240.48	55100.00
240.53	55110.88
240.58	55121.14
240.63	55158.44
240.68	55171.18
240.73	55161.81
240.78	55165.03
240.83	55158.01
240.88	55131.68
240.93	55125.42
240.98	55129.97
241.04	55136.99
241.09	55163.92
241.14	55191.30
241.19	55224.61
241.24	55258.81
241.29	55279.30
241.34	55284.83
241.39	55300.23
241.44	55314.86
241.49	55313.14
241.54	55317.04
241.59	55310.10
241.64	55308.59
241.69	55292.70
241.74	55285.74
241.79	55265.97
241.84	55256.27
241.90	55233.83
241.95	55203.25
242.00	55176.42
242.05	55157.74
242.10	55146.45
242.15	55132.74
242.20	55129.54
242.25	55125.02
242.30	55122.10
242.35	55117.96
242.40	55111.61
242.45	55110.91
242.50	55102.39
242.55	55096.67
242.60	55088.14
242.65	55092.22
242.70	55103.10
242.75	55139.53
242.80	55190.95
242.85	55224.23
242.91	55238.65
242.96	55229.25
243.01	55205.98
243.06	55169.13
243.11	55134.20
243.16	55106.61
243.21	55104.63
243.26	55112.22
243.31	55123.26
243.36	55136.98
243.41	55156.03
243.46	55152.80
243.51	55118.44
243.56	55057.12
243.61	55003.33
243.66	54963.23
243.71	54933.25
243.76	54932.25
243.81	54950.41
243.86	54955.85
243.91	54961.03
243.96	54955.23
244.01	54936.96
244.06	54918.10
244.12	54911.35
244.17	54892.22
244.22	54904.45
244.27	54933.10
244.32	54963.41
244.37	54987.17
244.42	54994.36
244.47	54979.66
244.52	54950.52
244.57	54912.90
244.62	54878.27
244.67	54856.21
244.72	54835.13
244.77	54826.55
244.82	54839.27
244.87	54872.23
244.92	54902.01
244.97	54919.11
245.02	54922.96
245.07	54903.38
245.12	54874.54
245.17	54851.50
245.22	54853.86
245.27	54844.40
245.32	54813.20
245.37	54779.54
245.42	54732.69
245.47	54673.52
245.52	54631.37
245.57	54618.86
245.62	54594.60
245.67	54584.10
245.72	54577.55
245.77	54557.66
245.82	54538.03
245.87	54543.49
245.92	54556.51
245.98	54548.13
246.03	54547.66
246.08	54554.47
246.13	54539.30
246.18	54530.43
246.23	54536.49
246.28	54532.05
246.33	54517.18
246.38	54491.18
246.43	54461.20
246.48	54435.13
246.53	54434.79
246.58	54439.15
246.63	54453.30
246.68	54445.05
246.73	54434.47
246.78	54402.32
246.83	54353.98
246.88	54296.66
246.93	54243.48
246.98	54189.69
247.03	54159.50
247.08	54151.06
247.13	54146.80
247.18	54159.14
247.23	54189.33
247.28	54191.82
247.33	54171.54
247.38	54156.55
247.43	54133.63
247.48	54110.76
247.53	54080.39
247.58	54054.89
247.63	54027.73
247.68	53986.56
247.73	53932.12
247.78	53901.29
247.83	53875.08
247.88	53842.67
247.93	53835.30
247.98	53840.00
248.03	53844.38
248.08	53854.57
248.13	53865.85
248.18	53855.44
248.23	53836.60
248.28	53804.44
248.33	53769.00
248.38	53727.23
248.43	53701.17
248.48	53678.94
248.53	53659.66
248.58	53638.77
248.63	53634.69
248.68	53616.68
248.73	53591.83
248.78	53560.15
248.83	53505.59
248.88	53434.57
248.93	53366.05
248.98	53286.92
249.03	53240.07
249.08	53218.61
249.13	53217.20
249.18	53219.04
249.23	53236.78
249.28	53229.31
249.33	53224.20
249.38	53210.21
249.43	53194.35
249.48	53169.97
249.53	53158.48
249.58	53140.11
249.63	53119.04
249.68	53101.55
249.73	53082.74
249.78	53056.69
249.83	53049.15
249.88	53021.67
249.93	53006.71
249.98	52990.34
250.03	52989.64
250.08	52955.95
250.13	52946.97
250.18	52922.97
250.23	52879.26
250.28	52823.85
250.33	52772.45
250.37	52728.07
250.42	52685.37
250.47	52671.82
250.52	52658.65
250.57	52649.46
250.62	52620.87
250.67	52592.39
250.72	52567.91
250.77	52530.25
250.82	52508.56
250.87	52512.10
250.92	52501.12
250.97	52478.13
251.02	52466.21
251.07	52456.07
251.12	52426.44
251.17	52402.48
251.22	52367.95
251.27	52339.43
251.32	52294.87
251.37	52241.47
251.42	52187.30
251.47	52150.89
251.52	52120.01
251.57	52096.92
251.62	52089.54
251.67	52080.50
251.72	52061.87
251.77	52031.75
251.82	51997.82
251.87	51952.68
251.92	51908.96
251.97	51855.53
252.02	51805.35
252.07	51772.61
252.12	51761.06
252.16	51756.68
252.21	51755.13
252.26	51758.44
252.31	51756.04
252.36	51737.31
252.41	51712.50
252.46	51694.95
252.51	51668.08
252.56	51639.88
252.61	51612.52
252.66	51586.27
252.71	51555.12
252.76	51532.04
252.81	51488.09
252.86	51435.14
252.91	51382.62
252.96	51324.25
253.01	51252.38
253.06	51195.95
253.11	51151.71
253.16	51116.84
253.21	51077.03
253.26	51047.28
253.31	51019.46
253.36	51000.73
253.40	50969.36
253.45	50956.26
253.50	50919.00
253.55	50874.98
253.60	50826.07
253.65	50793.13
253.70	50761.14
253.75	50746.20
253.80	50732.27
253.85	50727.42
253.90	50716.65
253.95	50707.79
254.00	50693.93
254.05	50679.81
254.10	50640.51
254.15	50606.64
254.20	50573.65
254.25	50548.61
254.30	50515.37
254.35	50479.94
254.39	50412.05
254.44	50332.95
254.49	50249.24
254.54	50203.43
254.59	50161.31
254.64	50158.74
254.69	50155.20
254.74	50161.57
254.79	50144.71
254.84	50120.91
254.89	50095.01
254.94	50079.50
254.99	50060.91
255.04	50045.33
255.09	50037.41
255.14	50014.75
255.19	49996.88
255.23	49989.04
255.28	49976.25
255.33	49967.96
255.38	49958.62
255.43	49942.24
255.48	49910.16
255.53	49865.75
255.58	49829.25
255.63	49792.82
255.68	49751.45
255.73	49701.99
255.78	49675.90
255.83	49655.24
255.88	49634.52
255.93	49605.00
255.97	49588.53
256.02	49558.71
256.07	49516.67
256.12	49455.33
256.17	49399.94
256.22	49346.85
256.27	49291.70
256.32	49241.17
256.37	49211.63
256.42	49202.36
256.47	49177.51
256.52	49151.85
256.57	49129.42
256.62	49114.00
256.66	49095.52
256.71	49068.83
256.76	49033.49
256.81	48988.37
256.86	48933.82
256.91	48880.06
256.96	48838.28
257.01	48806.03
257.06	48786.17
257.11	48753.07
257.16	48703.44
257.21	48665.89
257.26	48633.68
257.30	48586.39
257.35	48554.02
257.40	48533.15
257.45	48512.41
257.50	48485.89
257.55	48462.95
257.60	48434.47
257.65	48402.01
257.70	48364.11
257.75	48326.67
257.80	48292.57
257.85	48259.25
257.89	48215.72
257.94	48163.95
257.99	48104.37
258.04	48045.19
258.09	48008.83
258.14	47981.05
258.19	47962.07
258.24	47943.77
258.29	47911.88
258.34	47863.37
258.39	47827.49
258.44	47769.21
258.48	47715.44
258.53	47684.97
258.58	47648.53
258.63	47595.43
258.68	47549.86
258.73	47512.80
258.78	47474.28
258.83	47430.70
258.88	47395.71
258.93	47366.13
258.97	47334.01
259.02	47293.27
259.07	47268.62
259.12	47247.82
259.17	47227.05
259.22	47206.51
259.27	47185.94
259.32	47167.40
259.37	47118.81
259.42	47085.03
259.47	47046.06
259.51	46997.84
259.56	46937.58
259.61	46878.81
259.66	46801.76
259.71	46725.51
259.76	46668.41
259.81	46605.00
259.86	46565.01
259.91	46531.29
259.95	46513.46
260.00	46484.70
260.05	46471.81
260.10	46451.58
260.15	46435.48
260.20	46418.56
260.25	46406.33
260.30	46389.81
260.35	46365.74
260.40	46338.01
260.44	46307.76
260.49	46287.76
260.54	46255.52
260.59	46232.26
260.64	46220.84
260.69	46214.88
260.74	46178.17
260.79	46146.83
260.84	46098.48
260.88	46033.92
260.93	45959.13
260.98	45923.51
261.03	45877.52
261.08	45850.29
261.13	45816.90
261.18	45776.10
261.23	45717.15
261.28	45676.36
261.32	45630.61
261.37	45586.09
261.42	45561.49
261.47	45539.01
261.52	45497.26
261.57	45458.88
261.62	45429.71
261.67	45375.54
261.71	45306.56
261.76	45264.26
261.81	45208.23
261.86	45147.56
261.91	45102.86
261.96	45065.64
262.01	45023.13
262.06	45000.86
262.10	44989.36
262.15	44966.39
262.20	44953.84
262.25	44934.17
262.30	44913.50
262.35	44884.00
262.40	44857.73
262.45	44824.49
262.49	44803.41
262.54	44768.66
262.59	44739.82
262.64	44711.99
262.69	44681.45
262.74	44628.64
262.79	44571.44
262.84	44529.70
262.88	44480.16
262.93	44423.28
262.98	44393.95
263.03	44357.58
263.08	44303.41
263.13	44236.70
263.18	44174.11
263.23	44100.61
263.27	44057.91
263.32	44019.18
263.37	44005.82
263.42	43991.41
263.47	43967.15
263.52	43939.75
263.57	43908.03
263.61	43867.17
263.66	43827.84
263.71	43794.10
263.76	43757.34
263.81	43707.30
263.86	43673.46
263.91	43633.83
263.95	43570.93
264.00	43509.38
264.05	43469.40
264.10	43398.70
264.15	43333.64
264.20	43301.07
264.25	43261.40
264.29	43217.64
264.34	43168.84
264.39	43135.25
264.44	43077.63
264.49	43025.26
264.54	42977.70
264.59	42950.46
264.63	42905.15
264.68	42861.14
264.73	42810.33
264.78	42760.16
264.83	42702.60
264.88	42655.12
264.93	42623.15
264.97	42599.57
265.02	42572.94
265.07	42559.42
265.12	42523.30
265.17	42482.00
265.22	42444.56
265.27	42388.86
265.31	42319.42
265.36	42264.71
265.41	42210.81
265.46	42148.34
265.51	42085.51
265.56	42029.97
265.60	41976.55
265.65	41914.34
265.70	41855.15
265.75	41802.28
265.80	41754.55
265.85	41692.88
265.90	41633.16
265.94	41577.60
265.99	41519.08
266.04	41460.58
266.09	41423.47
266.14	41397.39
266.19	41360.82
266.23	41327.87
266.28	41292.37
266.33	41253.62
266.38	41220.90
266.43	41196.68
266.48	41176.06
266.52	41149.99
266.57	41117.36
266.62	41076.29
266.67	41026.46
266.72	40981.32
266.77	40946.40
266.81	40915.92
266.86	40886.90
266.91	40858.79
266.96	40814.29
267.01	40773.14
267.06	40724.15
267.10	40673.93
267.15	40621.52
267.20	40596.59
267.25	40556.18
267.30	40517.99
267.35	40484.55
267.39	40448.91
267.44	40401.24
267.49	40355.67
267.54	40308.63
267.59	40255.13
267.64	40199.11
267.68	40134.98
267.73	40082.27
267.78	40041.62
267.83	40016.98
267.88	40010.53
267.93	40010.16
267.97	39995.40
268.02	39960.54
268.07	39914.30
268.12	39850.77
268.17	39788.10
268.21	39744.27
268.26	39704.58
268.31	39659.53
268.36	39618.68
268.41	39575.01
268.46	39523.21
268.50	39479.45
268.55	39430.78
268.60	39369.29
268.65	39303.53
268.70	39224.15
268.74	39158.58
268.79	39086.51
268.84	39042.44
268.89	39001.73
268.94	38974.20
268.99	38929.52
269.03	38889.87
269.08	38835.61
269.13	38763.58
269.18	38683.22
269.23	38586.19
269.27	38480.97
269.32	38355.17
269.37	38236.68
269.42	38102.80
269.47	37968.19
269.51	37836.72
269.56	37703.06
269.61	37562.23
269.66	37410.98
269.71	37265.81
269.76	37115.12
269.80	36961.08
269.85	36808.14
269.90	36671.23
269.95	36519.72
270.00	36357.06
270.04	36211.07
270.09	36069.38
270.14	35923.41
270.19	35785.19
270.24	35653.44
270.28	35500.55
270.33	35332.56
270.38	35161.19
270.43	34984.24
270.48	34810.11
270.52	34653.70
270.57	34493.08
270.62	34331.71
270.67	34181.75
270.72	34024.67
270.76	33844.54
270.81	33679.07
270.86	33511.50
270.91	33336.47
270.96	33161.88
271.00	33000.45
271.05	32846.11
271.10	32706.76
271.15	32579.07
271.20	32460.56
271.24	32329.65
271.29	32195.89
271.34	32048.72
271.39	31893.67
271.44	31745.32
271.48	31607.53
271.53	31466.01
271.58	31322.16
271.63	31181.36
271.67	31034.98
271.72	30895.02
271.77	30750.57
271.82	30614.41
271.87	30483.22
271.91	30323.86
271.96	30178.17
272.01	30039.95
272.06	29903.61
272.11	29772.43
272.15	29672.59
272.20	29567.26
272.25	29469.92
272.30	29373.00
272.35	29267.23
272.39	29156.30
272.44	29034.23
272.49	28894.66
272.54	28749.95
272.58	28604.11
272.63	28449.01
272.68	28299.76
272.73	28150.83
272.78	27981.82
272.82	27786.05
272.87	27569.13
272.92	27286.43
272.97	26756.96
273.01	23814.14
273.06	18881.76
273.11	13449.47
273.16	8113.42
273.21	3056.64
273.25	461.40
273.30	-89.41
273.35	-89.30
