165.32	3380.66
165.38	-247.80
165.44	595.85
165.50	-77.89
165.55	-19.88
165.61	2.13
165.67	29.62
165.72	38.35
165.78	43.73
165.84	42.40
165.89	39.37
165.95	37.47
166.01	36.87
166.06	38.43
166.12	40.80
166.18	38.72
166.23	40.53
166.29	39.68
166.35	36.23
166.40	35.15
166.46	41.80
166.52	44.65
166.57	45.52
166.63	46.15
166.69	49.08
166.74	43.06
166.80	43.11
166.86	45.30
166.91	46.01
166.97	40.43
167.03	43.17
167.08	37.78
167.14	36.85
167.20	34.98
167.25	46.86
167.31	47.20
167.37	52.77
167.42	54.60
167.48	60.44
167.54	55.30
167.59	54.71
167.65	50.68
167.71	50.43
167.76	49.47
167.82	44.63
167.88	44.32
167.93	51.52
167.99	50.59
168.05	52.53
168.10	60.47
168.16	59.60
168.21	58.05
168.27	62.38
168.33	64.28
168.38	57.30
168.44	62.51
168.50	60.81
168.55	59.25
168.61	59.90
168.67	61.59
168.72	58.57
168.78	58.59
168.84	54.11
168.89	52.81
168.95	54.02
169.01	53.79
169.06	53.53
169.12	53.24
169.18	51.41
169.23	50.86
169.29	54.88
169.34	59.12
169.40	61.82
169.46	66.17
169.51	68.53
169.57	63.64
169.63	59.75
169.68	64.84
169.74	61.28
169.80	66.73
169.85	68.14
169.91	72.24
169.97	68.09
170.02	67.59
170.08	66.96
170.13	67.85
170.19	67.00
170.25	68.47
170.30	73.39
170.36	64.89
170.42	66.99
170.47	68.27
170.53	70.43
170.59	67.14
170.64	71.06
170.70	68.89
170.76	66.54
170.81	67.58
170.87	66.83
170.92	67.29
170.98	70.07
171.04	72.51
171.09	67.92
171.15	75.44
171.21	76.62
171.26	73.96
171.32	71.14
171.37	75.36
171.43	70.07
171.49	74.13
171.54	77.46
171.60	78.91
171.66	80.73
171.71	80.95
171.77	79.10
171.83	84.51
171.88	83.93
171.94	83.22
171.99	87.78
172.05	86.71
172.11	87.80
172.16	96.12
172.22	96.77
172.28	97.10
172.33	95.15
172.39	92.10
172.44	89.08
172.50	94.28
172.56	93.38
172.61	101.46
172.67	101.47
172.72	101.12
172.78	95.93
172.84	90.71
172.89	84.03
172.95	83.20
173.01	84.23
173.06	83.03
173.12	89.14
173.17	90.84
173.23	89.90
173.29	90.18
173.34	91.55
173.40	86.13
173.46	86.42
173.51	90.17
173.57	90.48
173.62	84.94
173.68	91.26
173.74	90.11
173.79	91.04
173.85	87.70
173.90	90.68
173.96	87.30
174.02	84.55
174.07	76.41
174.13	75.67
174.18	77.94
174.24	70.98
174.30	71.23
174.35	76.04
174.41	73.25
174.47	67.28
174.52	68.63
174.58	67.63
174.63	63.37
174.69	62.33
174.75	64.10
174.80	75.07
174.86	72.57
174.91	73.79
174.97	73.70
175.03	71.38
175.08	59.49
175.14	66.26
175.19	62.03
175.25	63.08
175.31	67.07
175.36	68.43
175.42	64.73
175.47	69.55
175.53	69.24
175.59	66.07
175.64	67.99
175.70	66.86
175.75	61.75
175.81	60.25
175.87	61.36
175.92	56.96
175.98	58.11
176.03	58.63
176.09	59.54
176.15	59.64
176.20	61.08
176.26	61.21
176.31	64.66
176.37	62.10
176.42	62.78
176.48	66.31
176.54	63.74
176.59	60.72
176.65	63.64
176.70	65.24
176.76	64.33
176.82	62.47
176.87	59.25
176.93	58.97
176.98	57.83
177.04	52.79
177.10	57.67
177.15	59.72
177.21	60.00
177.26	58.51
177.32	62.28
177.37	63.77
177.43	66.99
177.49	63.71
177.54	61.06
177.60	61.61
177.65	62.14
177.71	56.87
177.77	60.08
177.82	62.18
177.88	66.00
177.93	61.19
177.99	67.18
178.04	62.81
178.10	62.99
178.16	56.46
178.21	57.95
178.27	55.30
178.32	59.42
178.38	58.94
178.43	60.67
178.49	60.71
178.55	60.14
178.60	58.77
178.66	57.57
178.71	58.90
178.77	56.64
178.82	57.72
178.88	57.73
178.94	58.55
178.99	59.11
179.05	63.53
179.10	59.53
179.16	62.36
179.21	64.53
179.27	63.84
179.33	59.21
179.38	63.09
179.44	61.21
179.49	61.40
179.55	59.49
179.60	59.66
179.66	58.99
179.72	61.52
179.77	58.60
179.83	57.53
179.88	58.97
179.94	59.65
179.99	55.84
180.05	56.65
180.11	57.63
180.16	60.52
180.22	63.14
180.27	67.94
180.33	68.27
180.38	72.46
180.44	67.99
180.49	67.65
180.55	65.25
180.61	69.74
180.66	63.66
180.72	61.75
180.77	59.98
180.83	59.80
180.88	57.13
180.94	57.11
180.99	60.98
181.05	61.05
181.11	62.43
181.16	62.31
181.22	64.08
181.27	66.08
181.33	64.69
181.38	60.96
181.44	61.94
181.49	66.67
181.55	67.71
181.61	73.85
181.66	77.18
181.72	75.11
181.77	72.31
181.83	69.68
181.88	74.87
181.94	76.59
181.99	81.64
182.05	81.96
182.11	83.18
182.16	73.89
182.22	71.68
182.27	67.13
182.33	69.46
182.38	68.76
182.44	73.29
182.49	75.33
182.55	77.39
182.60	77.03
182.66	80.56
182.72	83.49
182.77	85.74
182.83	89.64
182.88	92.59
182.94	93.33
182.99	90.16
183.05	89.16
183.10	90.53
183.16	89.67
183.21	91.05
183.27	98.26
183.32	102.17
183.38	105.95
183.44	113.22
183.49	118.35
183.55	119.78
183.60	125.74
183.66	131.73
183.71	141.52
183.77	149.78
183.82	159.52
183.88	171.16
183.93	182.62
183.99	195.31
184.04	211.91
184.10	224.60
184.15	236.49
184.21	249.57
184.27	251.46
184.32	251.88
184.38	249.27
184.43	245.21
184.49	229.20
184.54	212.48
184.60	203.11
184.65	189.83
184.71	180.33
184.76	181.97
184.82	199.69
184.87	216.45
184.93	241.97
184.98	269.72
185.04	300.74
185.09	324.80
185.15	350.15
185.20	382.23
185.26	416.55
185.31	445.76
185.37	475.00
185.43	496.19
185.48	515.69
185.54	538.06
185.59	563.04
185.65	587.78
185.70	628.90
185.76	674.54
185.81	709.68
185.87	746.98
185.92	791.96
185.98	826.97
186.03	842.91
186.09	844.64
186.14	820.49
186.20	766.48
186.25	681.22
186.31	596.04
186.36	529.68
186.42	499.86
186.47	509.26
186.53	557.18
186.58	626.36
186.64	702.05
186.69	774.89
186.75	835.65
186.80	894.93
186.86	952.97
186.91	1010.13
186.97	1065.08
187.02	1134.61
187.08	1199.21
187.13	1255.24
187.19	1316.55
187.24	1376.79
187.30	1417.64
187.35	1460.75
187.41	1517.02
187.47	1572.85
187.52	1620.08
187.58	1679.49
187.63	1752.74
187.69	1830.06
187.74	1893.51
187.80	1954.66
187.85	2004.48
187.91	2025.92
187.96	2011.16
188.02	1952.59
188.07	1849.72
188.13	1699.15
188.18	1541.52
188.24	1422.71
188.29	1366.03
188.35	1376.68
188.40	1459.05
188.46	1583.96
188.51	1708.79
188.57	1837.92
188.62	1963.37
188.67	2078.02
188.73	2188.06
188.78	2295.51
188.84	2397.17
188.89	2498.09
188.95	2603.53
189.00	2695.60
189.06	2793.01
189.11	2890.20
189.17	2974.03
189.22	3046.63
189.28	3134.41
189.33	3211.35
189.39	3275.02
189.44	3341.50
189.50	3415.42
189.55	3483.68
189.61	3536.15
189.66	3593.18
189.72	3651.45
189.77	3703.33
189.83	3730.84
189.88	3738.50
189.94	3706.28
189.99	3624.39
190.05	3469.25
190.10	3249.89
190.16	2998.07
190.21	2777.91
190.27	2631.50
190.32	2589.90
190.38	2651.03
190.43	2795.66
190.49	2966.80
190.54	3118.13
190.60	3250.81
190.65	3362.75
190.71	3461.97
190.76	3554.96
190.81	3652.45
190.87	3751.33
190.92	3873.06
190.98	3999.63
191.03	4133.30
191.09	4270.92
191.14	4393.39
191.20	4492.39
191.25	4594.24
191.31	4694.56
191.36	4792.66
191.42	4900.06
191.47	5021.55
191.53	5139.85
191.58	5236.88
191.64	5318.23
191.69	5387.53
191.75	5432.92
191.80	5465.56
191.85	5486.44
191.91	5506.46
191.96	5529.89
192.02	5560.10
192.07	5575.15
192.13	5572.57
192.18	5528.56
192.24	5412.58
192.29	5219.31
192.35	4994.51
192.40	4809.85
192.46	4701.48
192.51	4697.68
192.57	4793.00
192.62	4966.95
192.67	5153.33
192.73	5330.94
192.78	5491.70
192.84	5642.10
192.89	5778.31
192.95	5905.54
193.00	6019.57
193.06	6132.26
193.11	6237.85
193.17	6331.05
193.22	6417.58
193.28	6509.68
193.33	6582.38
193.38	6652.07
193.44	6723.16
193.49	6796.58
193.55	6856.27
193.60	6917.06
193.66	6969.50
193.71	7015.50
193.77	7040.74
193.82	7060.98
193.88	7077.99
193.93	7105.07
193.98	7130.87
194.04	7171.13
194.09	7214.30
194.15	7267.16
194.20	7312.62
194.26	7354.84
194.31	7396.22
194.37	7422.33
194.42	7429.96
194.47	7415.88
194.53	7369.00
194.58	7278.93
194.64	7173.27
194.69	7075.39
194.75	7009.22
194.80	6996.46
194.86	7039.23
194.91	7130.49
194.97	7233.44
195.02	7342.20
195.07	7447.06
195.13	7548.53
195.18	7653.88
195.24	7755.19
195.29	7854.99
195.35	7945.81
195.40	8039.02
195.46	8113.06
195.51	8198.00
195.56	8281.15
195.62	8361.16
195.67	8429.38
195.73	8506.72
195.78	8566.81
195.84	8610.53
195.89	8648.21
195.94	8686.70
196.00	8718.76
196.05	8757.18
196.11	8808.89
196.16	8863.30
196.22	8924.15
196.27	8984.87
196.32	9042.81
196.38	9093.79
196.43	9144.78
196.49	9180.79
196.54	9220.81
196.60	9265.25
196.65	9308.25
196.71	9351.64
196.76	9403.50
196.81	9441.96
196.87	9473.81
196.92	9502.55
196.98	9519.69
197.03	9527.88
197.09	9521.46
197.14	9513.51
197.19	9511.43
197.25	9527.03
197.30	9553.36
197.36	9609.43
197.41	9676.68
197.47	9743.49
197.52	9807.11
197.57	9873.78
197.63	9926.02
197.68	9978.01
197.74	10029.69
197.79	10076.65
197.84	10117.62
197.90	10162.30
197.95	10200.28
198.01	10239.95
198.06	10279.08
198.12	10324.43
198.17	10367.56
198.22	10411.15
198.28	10447.74
198.33	10491.29
198.39	10527.00
198.44	10572.10
198.49	10619.13
198.55	10666.14
198.60	10713.91
198.66	10762.51
198.71	10814.08
198.77	10861.40
198.82	10916.85
198.87	10963.05
198.93	11010.03
198.98	11053.63
199.04	11100.04
199.09	11138.52
199.14	11182.89
199.20	11223.48
199.25	11257.13
199.31	11298.83
199.36	11342.69
199.42	11388.40
199.47	11436.55
199.52	11485.65
199.58	11521.00
199.63	11549.66
199.69	11578.32
199.74	11609.04
199.79	11632.81
199.85	11665.46
199.90	11708.76
199.96	11748.65
200.01	11793.21
200.06	11845.13
200.12	11894.70
200.17	11944.43
200.23	11996.01
200.28	12035.84
200.33	12085.53
200.39	12128.43
200.44	12169.55
200.50	12212.27
200.55	12256.36
200.60	12293.76
200.66	12338.72
200.71	12377.43
200.77	12419.58
200.82	12458.24
200.87	12496.32
200.93	12527.87
200.98	12569.94
201.04	12606.14
201.09	12655.08
201.14	12708.22
201.20	12763.57
201.25	12815.52
201.31	12870.46
201.36	12925.59
201.41	12980.18
201.47	13032.10
201.52	13085.50
201.58	13144.81
201.63	13192.71
201.68	13241.03
201.74	13291.34
201.79	13340.04
201.84	13389.52
201.90	13439.70
201.95	13493.27
202.01	13550.04
202.06	13601.45
202.11	13641.96
202.17	13695.40
202.22	13734.80
202.28	13774.67
202.33	13816.44
202.38	13853.27
202.44	13890.48
202.49	13935.67
202.54	13983.59
202.60	14032.48
202.65	14086.39
202.71	14134.12
202.76	14174.93
202.81	14214.76
202.87	14259.59
202.92	14304.22
202.98	14359.02
203.03	14413.32
203.08	14468.76
203.14	14519.44
203.19	14577.13
203.24	14626.95
203.30	14682.50
203.35	14728.58
203.41	14777.92
203.46	14821.57
203.51	14862.76
203.57	14899.72
203.62	14951.09
203.67	15005.50
203.73	15050.56
203.78	15099.69
203.84	15154.51
203.89	15191.46
203.94	15227.38
204.00	15272.06
204.05	15310.40
204.10	15336.02
204.16	15367.25
204.21	15395.92
204.27	15419.49
204.32	15434.28
204.37	15444.51
204.43	15444.28
204.48	15431.63
204.53	15417.70
204.59	15434.81
204.64	15494.55
204.69	15588.05
204.75	15704.38
204.80	15833.54
204.86	15938.31
204.91	16017.03
204.96	16073.82
205.02	16116.01
205.07	16152.32
205.12	16213.72
205.18	16288.19
205.23	16372.13
205.28	16471.96
205.34	16573.52
205.39	16662.39
205.45	16738.97
205.50	16802.76
205.55	16862.57
205.61	16927.02
205.66	16977.73
205.71	17038.78
205.77	17103.33
205.82	17161.33
205.87	17210.50
205.93	17266.61
205.98	17313.91
206.03	17358.16
206.09	17405.97
206.14	17455.54
206.20	17506.40
206.25	17558.70
206.30	17622.03
206.36	17677.89
206.41	17743.15
206.46	17798.63
206.52	17845.63
206.57	17893.99
206.62	17937.83
206.68	17975.94
206.73	18027.98
206.78	18087.02
206.84	18140.24
206.89	18202.54
206.94	18268.14
207.00	18334.81
207.05	18399.24
207.11	18464.94
207.16	18522.62
207.21	18586.38
207.27	18639.07
207.32	18693.29
207.37	18749.92
207.43	18808.70
207.48	18855.91
207.53	18910.24
207.59	18970.11
207.64	19022.07
207.69	19091.85
207.75	19160.32
207.80	19218.43
207.85	19274.37
207.91	19334.33
207.96	19383.36
208.01	19436.48
208.07	19499.17
208.12	19564.23
208.17	19620.35
208.23	19668.51
208.28	19718.91
208.33	19773.13
208.39	19828.20
208.44	19891.31
208.49	19955.03
208.55	20019.07
208.60	20072.42
208.65	20117.96
208.71	20166.72
208.76	20222.87
208.81	20281.44
208.87	20349.90
208.92	20407.52
208.97	20471.15
209.03	20530.24
209.08	20587.48
209.13	20643.19
209.19	20711.23
209.24	20771.75
209.29	20837.73
209.35	20894.14
209.40	20957.81
209.45	21024.99
209.51	21090.15
209.56	21153.14
209.61	21219.28
209.67	21278.26
209.72	21330.53
209.77	21385.93
209.83	21447.07
209.88	21517.84
209.93	21584.01
209.99	21647.98
210.04	21720.84
210.09	21782.71
210.15	21838.51
210.20	21898.46
210.25	21962.86
210.31	22023.92
210.36	22077.96
210.41	22129.56
210.46	22189.25
210.52	22242.70
210.57	22286.88
210.62	22349.27
210.68	22417.62
210.73	22470.26
210.78	22532.28
210.84	22597.32
210.89	22653.38
210.94	22706.15
211.00	22765.82
211.05	22816.35
211.10	22878.77
211.16	22939.93
211.21	23008.49
211.26	23078.68
211.32	23158.57
211.37	23225.68
211.42	23293.55
211.47	23358.64
211.53	23415.69
211.58	23472.98
211.63	23529.71
211.69	23588.28
211.74	23641.69
211.79	23695.88
211.85	23756.65
211.90	23820.76
211.95	23888.42
212.01	23954.80
212.06	24036.69
212.11	24110.25
212.16	24178.49
212.22	24247.73
212.27	24314.38
212.32	24378.03
212.38	24442.26
212.43	24510.44
212.48	24574.08
212.54	24643.43
212.59	24711.73
212.64	24775.10
212.69	24839.96
212.75	24908.71
212.80	24976.33
212.85	25037.88
212.91	25094.23
212.96	25150.41
213.01	25208.05
213.07	25266.47
213.12	25330.12
213.17	25394.53
213.22	25461.80
213.28	25520.12
213.33	25569.68
213.38	25621.64
213.44	25681.37
213.49	25744.26
213.54	25822.33
213.60	25910.48
213.65	25993.58
213.70	26079.52
213.75	26148.53
213.81	26199.02
213.86	26251.68
213.91	26301.82
213.97	26341.74
214.02	26380.03
214.07	26429.59
214.12	26462.74
214.18	26496.77
214.23	26543.03
214.28	26586.78
214.34	26615.75
214.39	26651.41
214.44	26666.58
214.49	26650.69
214.55	26624.29
214.60	26577.67
214.65	26510.98
214.71	26451.92
214.76	26456.44
214.81	26531.41
214.86	26683.59
214.92	26880.70
214.97	27097.20
215.02	27277.60
215.08	27400.49
215.13	27484.21
215.18	27520.96
215.23	27548.40
215.29	27583.58
215.34	27657.17
215.39	27755.64
215.45	27900.86
215.50	28054.47
215.55	28205.32
215.60	28327.65
215.66	28416.16
215.71	28490.63
215.76	28563.19
215.81	28618.94
215.87	28678.45
215.92	28738.90
215.97	28794.65
216.03	28860.09
216.08	28923.25
216.13	28984.16
216.18	29045.20
216.24	29111.55
216.29	29160.29
216.34	29216.98
216.39	29285.11
216.45	29347.98
216.50	29400.57
216.55	29459.62
216.61	29527.83
216.66	29575.85
216.71	29636.19
216.76	29699.80
216.82	29775.44
216.87	29844.70
216.92	29926.15
216.97	29994.88
217.03	30071.72
217.08	30142.17
217.13	30220.94
217.18	30288.82
217.24	30363.08
217.29	30424.39
217.34	30475.44
217.39	30517.45
217.45	30566.11
217.50	30614.48
217.55	30672.61
217.61	30743.80
217.66	30806.90
217.71	30872.88
217.76	30953.03
217.82	31036.74
217.87	31112.22
217.92	31193.24
217.97	31266.78
218.03	31327.97
218.08	31369.26
218.13	31409.77
218.18	31450.99
218.24	31517.37
218.29	31567.40
218.34	31630.81
218.39	31695.82
218.45	31764.33
218.50	31811.94
218.55	31872.16
218.60	31940.23
218.66	31993.32
218.71	32057.49
218.76	32134.19
218.81	32207.68
218.87	32272.01
218.92	32349.56
218.97	32421.43
219.02	32480.44
219.08	32548.51
219.13	32617.94
219.18	32679.67
219.23	32731.82
219.29	32799.77
219.34	32857.78
219.39	32922.23
219.44	32985.89
219.50	33060.80
219.55	33119.37
219.60	33185.48
219.65	33252.97
219.71	33318.07
219.76	33374.03
219.81	33432.39
219.86	33486.00
219.92	33529.79
219.97	33584.76
220.02	33636.93
220.07	33690.31
220.13	33754.31
220.18	33823.68
220.23	33892.68
220.28	33975.63
220.33	34058.23
220.39	34126.16
220.44	34183.96
220.49	34244.80
220.54	34291.00
220.60	34341.14
220.65	34404.38
220.70	34470.73
220.75	34531.58
220.81	34614.28
220.86	34691.13
220.91	34757.50
220.96	34826.45
221.02	34904.33
221.07	34969.38
221.12	35024.22
221.17	35080.46
221.22	35140.03
221.28	35194.60
221.33	35252.15
221.38	35313.24
221.43	35382.71
221.49	35447.99
221.54	35513.90
221.59	35573.36
221.64	35656.59
221.69	35750.09
221.75	35844.76
221.80	35937.89
221.85	36022.14
221.90	36088.45
221.96	36136.45
222.01	36175.85
222.06	36218.26
222.11	36270.51
222.17	36311.85
222.22	36345.46
222.27	36396.30
222.32	36441.77
222.37	36486.02
222.43	36548.64
222.48	36619.53
222.53	36686.91
222.58	36766.96
222.63	36837.87
222.69	36908.00
222.74	36981.53
222.79	37046.91
222.84	37097.40
222.90	37155.04
222.95	37199.43
223.00	37240.56
223.05	37287.55
223.10	37334.68
223.16	37391.42
223.21	37443.09
223.26	37489.54
223.31	37540.26
223.36	37584.04
223.42	37616.28
223.47	37648.28
223.52	37700.19
223.57	37737.65
223.63	37796.41
223.68	37851.54
223.73	37931.30
223.78	38005.43
223.83	38085.60
223.89	38137.47
223.94	38215.50
223.99	38279.55
224.04	38343.11
224.09	38413.48
224.15	38508.83
224.20	38582.34
224.25	38670.54
224.30	38762.99
224.35	38852.19
224.41	38942.30
224.46	39041.84
224.51	39126.34
224.56	39205.53
224.61	39284.67
224.67	39358.44
224.72	39423.05
224.77	39510.69
224.82	39596.20
224.87	39679.13
224.93	39756.71
224.98	39849.35
225.03	39933.90
225.08	40016.95
225.13	40097.28
225.19	40193.39
225.24	40274.82
225.29	40346.30
225.34	40424.22
225.39	40505.88
225.45	40581.41
225.50	40658.43
225.55	40738.77
225.60	40812.70
225.65	40880.29
225.71	40937.15
225.76	40997.59
225.81	41044.93
225.86	41091.88
225.91	41137.79
225.97	41169.40
226.02	41178.82
226.07	41161.53
226.12	41165.16
226.17	41202.11
226.22	41285.95
226.28	41426.20
226.33	41635.03
226.38	41819.23
226.43	41965.51
226.48	42079.87
226.54	42152.42
226.59	42199.57
226.64	42239.95
226.69	42280.14
226.74	42327.55
226.80	42402.34
226.85	42483.41
226.90	42573.01
226.95	42695.99
227.00	42825.28
227.05	42945.89
227.11	43059.38
227.16	43180.69
227.21	43268.28
227.26	43353.88
227.31	43420.67
227.37	43473.21
227.42	43538.34
227.47	43617.28
227.52	43687.05
227.57	43758.13
227.62	43848.99
227.68	43928.67
227.73	44004.86
227.78	44084.38
227.83	44174.73
227.88	44242.23
227.93	44305.36
227.99	44383.45
228.04	44458.96
228.09	44533.17
228.14	44609.58
228.19	44683.77
228.24	44748.08
228.30	44815.44
228.35	44879.40
228.40	44950.95
228.45	45010.54
228.50	45085.99
228.56	45150.52
228.61	45210.81
228.66	45262.42
228.71	45323.49
228.76	45366.19
228.81	45410.57
228.87	45463.86
228.92	45528.00
228.97	45593.89
229.02	45676.43
229.07	45749.41
229.12	45831.19
229.17	45897.34
229.23	45974.24
229.28	46051.90
229.33	46137.85
229.38	46202.62
229.43	46284.37
229.48	46368.83
229.54	46430.68
229.59	46496.28
229.64	46577.58
229.69	46659.73
229.74	46736.01
229.79	46814.74
229.85	46883.93
229.90	46950.37
229.95	47005.72
230.00	47060.22
230.05	47129.59
230.10	47207.10
230.16	47280.23
230.21	47344.12
230.26	47406.40
230.31	47450.22
230.36	47507.79
230.41	47559.18
230.46	47644.89
230.52	47737.24
230.57	47823.87
230.62	47913.27
230.67	47988.56
230.72	48043.57
230.77	48086.46
230.82	48139.26
230.88	48168.79
230.93	48215.63
230.98	48264.44
231.03	48320.42
231.08	48372.64
231.13	48419.75
231.19	48491.39
231.24	48563.77
231.29	48637.55
231.34	48711.03
231.39	48795.30
231.44	48860.50
231.49	48911.32
231.55	48947.69
231.60	48987.17
231.65	49039.30
231.70	49081.41
231.75	49125.02
231.80	49182.04
231.85	49242.28
231.91	49282.32
231.96	49328.04
232.01	49398.46
232.06	49466.07
232.11	49522.88
232.16	49605.63
232.21	49696.12
232.26	49782.14
232.32	49861.75
232.37	49937.20
232.42	50005.75
232.47	50050.60
232.52	50085.66
232.57	50137.56
232.62	50199.59
232.68	50253.95
232.73	50328.17
232.78	50409.89
232.83	50482.37
232.88	50560.01
232.93	50631.85
232.98	50698.33
233.03	50749.66
233.09	50807.33
233.14	50868.27
233.19	50927.08
233.24	50978.52
233.29	51032.85
233.34	51062.09
233.39	51084.18
233.45	51115.39
233.50	51153.55
233.55	51201.37
233.60	51274.01
233.65	51340.60
233.70	51403.77
233.75	51460.34
233.80	51510.62
233.86	51556.18
233.91	51606.35
233.96	51649.00
234.01	51701.80
234.06	51753.80
234.11	51814.96
234.16	51863.12
234.21	51921.20
234.26	51968.79
234.32	52011.18
234.37	52043.88
234.42	52083.21
234.47	52115.19
234.52	52145.25
234.57	52185.99
234.62	52232.33
234.67	52278.53
234.73	52329.07
234.78	52385.72
234.83	52434.82
234.88	52477.44
234.93	52510.01
234.98	52544.47
235.03	52587.06
235.08	52648.11
235.13	52704.20
235.19	52779.18
235.24	52849.66
235.29	52911.23
235.34	52952.41
235.39	52987.24
235.44	53016.79
235.49	53052.56
235.54	53085.29
235.59	53105.24
235.65	53137.49
235.70	53174.84
235.75	53207.50
235.80	53258.00
235.85	53316.68
235.90	53359.20
235.95	53389.77
236.00	53424.38
236.05	53445.58
236.11	53468.83
236.16	53502.16
236.21	53544.55
236.26	53580.61
236.31	53611.98
236.36	53644.98
236.41	53663.75
236.46	53671.72
236.51	53692.12
236.56	53709.43
236.62	53727.30
236.67	53770.16
236.72	53825.54
236.77	53852.68
236.82	53901.36
236.87	53934.75
236.92	53943.90
236.97	53973.37
237.02	54018.53
237.07	54055.46
237.13	54113.52
237.18	54182.85
237.23	54229.91
237.28	54272.86
237.33	54315.08
237.38	54343.89
237.43	54362.95
237.48	54365.06
237.53	54386.64
237.58	54421.98
237.63	54461.48
237.69	54504.61
237.74	54562.27
237.79	54600.22
237.84	54599.06
237.89	54599.96
237.94	54604.76
237.99	54613.74
238.04	54626.85
238.09	54654.62
238.14	54681.32
238.19	54703.62
238.25	54727.27
238.30	54733.54
238.35	54732.25
238.40	54736.92
238.45	54743.80
238.50	54740.53
238.55	54755.24
238.60	54792.13
238.65	54819.36
238.70	54834.38
238.75	54854.69
238.80	54878.24
238.86	54882.25
238.91	54886.95
238.96	54915.12
239.01	54953.67
239.06	54980.17
239.11	55010.25
239.16	55040.12
239.21	55043.28
239.26	55033.19
239.31	55043.24
239.36	55055.72
239.41	55078.14
239.46	55112.10
239.52	55139.79
239.57	55159.99
239.62	55178.58
239.67	55195.61
239.72	55211.33
239.77	55233.18
239.82	55253.38
239.87	55267.84
239.92	55273.98
239.97	55274.03
240.02	55265.56
240.07	55246.50
240.12	55236.69
240.17	55235.89
240.23	55234.16
240.28	55237.19
240.33	55249.10
240.38	55249.43
240.43	55250.43
240.48	55271.24
240.53	55286.79
240.58	55299.91
240.63	55335.21
240.68	55346.84
240.73	55344.93
240.78	55342.31
240.83	55342.21
240.88	55319.28
240.93	55305.73
240.98	55295.40
241.04	55312.17
241.09	55337.67
241.14	55361.53
241.19	55398.13
241.24	55430.45
241.29	55451.90
241.34	55459.35
241.39	55476.64
241.44	55486.83
241.49	55491.49
241.54	55482.87
241.59	55473.16
241.64	55471.26
241.69	55461.25
241.74	55448.33
241.79	55440.58
241.84	55434.36
241.90	55407.77
241.95	55381.03
242.00	55355.21
242.05	55329.20
242.10	55316.70
242.15	55303.26
242.20	55299.79
242.25	55302.98
242.30	55296.50
242.35	55284.28
242.40	55284.41
242.45	55279.01
242.50	55265.45
242.55	55269.66
242.60	55274.45
242.65	55275.86
242.70	55283.82
242.75	55312.93
242.80	55354.25
242.85	55386.91
242.91	55400.40
242.96	55396.79
243.01	55382.24
243.06	55350.81
243.11	55305.98
243.16	55282.89
243.21	55282.88
243.26	55294.32
243.31	55306.18
243.36	55323.53
243.41	55342.38
243.46	55348.21
243.51	55311.07
243.56	55250.62
243.61	55197.74
243.66	55151.98
243.71	55110.52
243.76	55109.71
243.81	55129.61
243.86	55131.33
243.91	55137.64
243.96	55134.40
244.01	55109.70
244.06	55083.85
244.12	55074.30
244.17	55051.20
244.22	55049.74
244.27	55074.87
244.32	55098.06
244.37	55116.35
244.42	55134.07
244.47	55127.37
244.52	55103.65
244.57	55071.90
244.62	55048.39
244.67	55022.25
244.72	55004.75
244.77	54997.30
244.82	55018.27
244.87	55039.94
244.92	55065.54
244.97	55078.66
245.02	55078.63
245.07	55057.19
245.12	55041.21
245.17	55025.53
245.22	55027.51
245.27	55020.94
245.32	54990.44
245.37	54951.86
245.42	54900.07
245.47	54846.92
245.52	54804.21
245.57	54786.50
245.62	54766.12
245.67	54759.83
245.72	54751.38
245.77	54728.06
245.82	54708.32
245.87	54712.25
245.92	54713.38
245.98	54705.71
246.03	54709.91
246.08	54718.13
246.13	54708.90
246.18	54706.62
246.23	54704.59
246.28	54689.22
246.33	54669.92
246.38	54639.49
246.43	54615.62
246.48	54595.30
246.53	54605.89
246.58	54621.11
246.63	54633.98
246.68	54619.85
246.73	54600.90
246.78	54564.73
246.83	54506.95
246.88	54446.58
246.93	54403.40
246.98	54360.73
247.03	54325.36
247.08	54315.37
247.13	54316.15
247.18	54315.02
247.23	54335.30
247.28	54349.43
247.33	54328.52
247.38	54309.44
247.43	54290.91
247.48	54266.16
247.53	54228.36
247.58	54200.89
247.63	54171.33
247.68	54129.74
247.73	54074.03
247.78	54041.39
247.83	54022.06
247.88	54000.67
247.93	53999.40
247.98	54006.78
248.03	54014.39
248.08	54020.33
248.13	54016.71
248.18	54001.07
248.23	53989.15
248.28	53948.03
248.33	53905.29
248.38	53869.71
248.43	53836.86
248.48	53812.21
248.53	53800.65
248.58	53785.64
248.63	53783.31
248.68	53770.64
248.73	53745.84
248.78	53711.45
248.83	53671.03
248.88	53602.54
248.93	53531.11
248.98	53451.38
249.03	53416.61
249.08	53385.37
249.13	53376.31
249.18	53371.19
249.23	53390.42
249.28	53377.06
249.33	53371.67
249.38	53359.42
249.43	53353.51
249.48	53325.37
249.53	53314.83
249.58	53296.56
249.63	53276.21
249.68	53248.69
249.73	53239.00
249.78	53208.12
249.83	53203.91
249.88	53176.81
249.93	53170.05
249.98	53153.90
250.03	53149.89
250.08	53114.11
250.13	53108.65
250.18	53081.90
250.23	53041.79
250.28	52992.57
250.33	52939.08
250.37	52897.06
250.42	52852.34
250.47	52824.36
250.52	52808.30
250.57	52794.43
250.62	52762.45
250.67	52739.96
250.72	52721.43
250.77	52680.51
250.82	52660.77
250.87	52650.14
250.92	52631.70
250.97	52605.58
251.02	52599.62
251.07	52599.99
251.12	52576.60
251.17	52554.08
251.22	52523.83
251.27	52486.77
251.32	52431.12
251.37	52385.54
251.42	52333.18
251.47	52294.76
251.52	52269.95
251.57	52250.01
251.62	52232.81
251.67	52222.48
251.72	52199.79
251.77	52159.43
251.82	52122.11
251.87	52079.23
251.92	52040.40
251.97	51991.52
252.02	51947.75
252.07	51917.90
252.12	51904.53
252.16	51893.82
252.21	51892.42
252.26	51903.25
252.31	51897.74
252.36	51889.48
252.41	51869.99
252.46	51850.26
252.51	51820.81
252.56	51795.03
252.61	51757.92
252.66	51725.81
252.71	51697.42
252.76	51670.48
252.81	51624.58
252.86	51577.12
252.91	51527.20
252.96	51466.01
253.01	51404.84
253.06	51344.86
253.11	51299.91
253.16	51260.86
253.21	51224.76
253.26	51180.32
253.31	51156.43
253.36	51128.84
253.40	51099.73
253.45	51079.80
253.50	51045.13
253.55	51006.01
253.60	50956.73
253.65	50917.33
253.70	50868.13
253.75	50853.82
253.80	50827.87
253.85	50825.02
253.90	50827.57
253.95	50828.43
254.00	50825.59
254.05	50811.76
254.10	50778.21
254.15	50746.76
254.20	50722.18
254.25	50682.95
254.30	50649.24
254.35	50606.90
254.39	50524.99
254.44	50443.99
254.49	50366.34
254.54	50340.85
254.59	50309.09
254.64	50310.84
254.69	50306.83
254.74	50311.67
254.79	50274.59
254.84	50242.31
254.89	50224.11
254.94	50205.36
254.99	50185.09
255.04	50170.02
255.09	50171.54
255.14	50143.85
255.19	50128.78
255.23	50118.96
255.28	50108.17
255.33	50092.88
255.38	50089.42
255.43	50078.99
255.48	50050.65
255.53	50007.52
255.58	49977.06
255.63	49944.02
255.68	49899.82
255.73	49856.25
255.78	49828.28
255.83	49798.10
255.88	49767.76
255.93	49732.70
255.97	49707.37
256.02	49672.35
256.07	49626.90
256.12	49559.56
256.17	49514.17
256.22	49469.22
256.27	49420.12
256.32	49368.88
256.37	49344.30
256.42	49325.59
256.47	49294.54
256.52	49276.31
256.57	49255.29
256.62	49240.62
256.66	49226.42
256.71	49197.21
256.76	49154.63
256.81	49110.17
256.86	49062.14
256.91	49001.94
256.96	48960.61
257.01	48929.33
257.06	48911.11
257.11	48870.23
257.16	48823.41
257.21	48787.55
257.26	48751.08
257.30	48709.40
257.35	48674.24
257.40	48651.98
257.45	48636.74
257.50	48606.54
257.55	48576.81
257.60	48555.74
257.65	48530.98
257.70	48481.81
257.75	48454.76
257.80	48431.31
257.85	48390.15
257.89	48337.33
257.94	48288.89
257.99	48229.56
258.04	48164.64
258.09	48130.61
258.14	48104.09
258.19	48090.02
258.24	48066.41
258.29	48033.90
258.34	47985.39
258.39	47945.78
258.44	47879.08
258.48	47827.66
258.53	47789.40
258.58	47750.86
258.63	47697.40
258.68	47657.49
258.73	47619.48
258.78	47579.47
258.83	47536.94
258.88	47503.79
258.93	47476.48
258.97	47452.97
259.02	47424.37
259.07	47400.23
259.12	47384.34
259.17	47363.86
259.22	47342.20
259.27	47320.08
259.32	47299.89
259.37	47259.29
259.42	47223.83
259.47	47175.76
259.51	47131.07
259.56	47069.28
259.61	47002.49
259.66	46925.20
259.71	46846.34
259.76	46774.80
259.81	46714.90
259.86	46669.10
259.91	46630.85
259.95	46608.79
260.00	46589.04
260.05	46577.72
260.10	46565.04
260.15	46558.32
260.20	46550.17
260.25	46543.03
260.30	46525.53
260.35	46495.33
260.40	46457.05
260.44	46428.44
260.49	46401.96
260.54	46368.96
260.59	46342.32
260.64	46342.75
260.69	46336.69
260.74	46295.26
260.79	46258.49
260.84	46218.29
260.88	46154.46
260.93	46081.43
260.98	46044.58
261.03	46003.97
261.08	45982.37
261.13	45938.51
261.18	45891.47
261.23	45835.38
261.28	45797.23
261.32	45744.09
261.37	45704.18
261.42	45675.80
261.47	45655.30
261.52	45606.37
261.57	45570.55
261.62	45536.04
261.67	45481.81
261.71	45413.79
261.76	45374.07
261.81	45316.25
261.86	45257.38
261.91	45213.70
261.96	45180.96
262.01	45138.88
262.06	45120.96
262.10	45110.92
262.15	45089.38
262.20	45066.60
262.25	45053.05
262.30	45030.33
262.35	45004.25
262.40	44986.88
262.45	44960.96
262.49	44930.50
262.54	44892.08
262.59	44857.69
262.64	44825.76
262.69	44786.15
262.74	44731.30
262.79	44678.78
262.84	44634.31
262.88	44580.60
262.93	44532.44
262.98	44501.63
263.03	44463.50
263.08	44409.33
263.13	44344.30
263.18	44287.30
263.23	44225.67
263.27	44174.00
263.32	44142.39
263.37	44129.79
263.42	44107.66
263.47	44082.08
263.52	44058.68
263.57	44015.45
263.61	43974.31
263.66	43929.12
263.71	43889.78
263.76	43851.66
263.81	43819.79
263.86	43785.78
263.91	43751.75
263.95	43696.73
264.00	43639.07
264.05	43581.18
264.10	43515.45
264.15	43448.68
264.20	43408.26
264.25	43369.38
264.29	43333.93
264.34	43282.23
264.39	43247.62
264.44	43191.47
264.49	43144.45
264.54	43091.18
264.59	43057.20
264.63	43015.04
264.68	42973.15
264.73	42919.68
264.78	42872.76
264.83	42819.25
264.88	42768.70
264.93	42740.70
264.97	42713.98
265.02	42694.72
265.07	42675.21
265.12	42638.51
265.17	42590.14
265.22	42550.23
265.27	42486.65
265.31	42421.84
265.36	42361.24
265.41	42304.71
265.46	42238.71
265.51	42173.46
265.56	42115.06
265.60	42064.03
265.65	42008.72
265.70	41950.27
265.75	41894.27
265.80	41842.39
265.85	41785.63
265.90	41719.49
265.94	41670.06
265.99	41613.60
266.04	41566.38
266.09	41521.58
266.14	41494.56
266.19	41458.87
266.23	41434.73
266.28	41395.62
266.33	41358.80
266.38	41325.99
266.43	41294.65
266.48	41271.14
266.52	41243.45
266.57	41214.59
266.62	41178.06
266.67	41134.89
266.72	41082.73
266.77	41044.17
266.81	41014.85
266.86	40980.83
266.91	40944.84
266.96	40909.47
267.01	40873.87
267.06	40822.42
267.10	40774.92
267.15	40729.02
267.20	40696.45
267.25	40655.21
267.30	40620.96
267.35	40582.60
267.39	40538.42
267.44	40496.85
267.49	40451.00
267.54	40402.11
267.59	40361.65
267.64	40318.30
267.68	40255.24
267.73	40197.53
267.78	40159.98
267.83	40122.63
267.88	40105.94
267.93	40103.83
267.97	40098.22
268.02	40059.10
268.07	40012.86
268.12	39953.37
268.17	39880.49
268.21	39835.04
268.26	39790.44
268.31	39751.00
268.36	39706.12
268.41	39666.72
268.46	39612.49
268.50	39574.76
268.55	39522.98
268.60	39468.33
268.65	39412.18
268.70	39328.80
268.74	39262.18
268.79	39185.95
268.84	39129.23
268.89	39085.69
268.94	39063.53
268.99	39019.73
269.03	38982.68
269.08	38934.69
269.13	38855.04
269.18	38768.37
269.23	38676.39
269.27	38572.92
269.32	38447.07
269.37	38327.68
269.42	38196.80
269.47	38055.00
269.51	37918.58
269.56	37782.49
269.61	37646.85
269.66	37501.80
269.71	37352.33
269.76	37202.81
269.80	37049.76
269.85	36895.88
269.90	36748.83
269.95	36599.98
270.00	36443.48
270.04	36301.13
270.09	36158.09
270.14	36022.39
270.19	35884.72
270.24	35754.60
270.28	35601.38
270.33	35430.19
270.38	35244.65
270.43	35069.64
270.48	34883.25
270.52	34725.22
270.57	34567.52
270.62	34414.21
270.67	34263.78
270.72	34113.12
270.76	33937.59
270.81	33780.50
270.86	33613.23
270.91	33437.05
270.96	33265.97
271.00	33100.31
271.05	32939.09
271.10	32794.73
271.15	32660.90
271.20	32535.30
271.24	32404.34
271.29	32264.83
271.34	32117.43
271.39	31967.82
271.44	31825.33
271.48	31689.10
271.53	31541.88
271.58	31401.30
271.63	31256.03
271.67	31100.32
271.72	30948.77
271.77	30812.98
271.82	30679.45
271.87	30547.35
271.91	30395.93
271.96	30256.16
272.01	30112.11
272.06	29974.08
272.11	29848.40
272.15	29747.82
272.20	29644.23
272.25	29549.80
272.30	29455.02
272.35	29345.07
272.39	29236.38
272.44	29116.35
272.49	28980.29
272.54	28835.71
272.58	28687.73
272.63	28537.07
272.68	28386.76
272.73	28233.32
272.78	28062.85
272.82	27859.52
272.87	27630.34
272.92	27339.58
272.97	26808.77
273.01	23850.26
273.06	18917.24
273.11	13473.60
273.16	8128.81
273.21	3060.81
273.25	462.40
273.30	-89.15
273.35	-88.94
