165.32	3380.42
165.38	-247.40
165.44	596.20
165.50	-77.55
165.55	-19.65
165.61	1.98
165.67	29.20
165.72	37.65
165.78	43.17
165.84	42.01
165.89	39.52
165.95	38.52
166.01	38.02
166.06	39.07
166.12	41.51
166.18	39.73
166.23	41.00
166.29	40.01
166.35	36.83
166.40	35.77
166.46	42.15
166.52	45.07
166.57	46.21
166.63	47.25
166.69	49.56
166.74	43.50
166.80	44.07
166.86	45.87
166.91	46.55
166.97	40.95
167.03	43.17
167.08	37.44
167.14	36.77
167.20	34.97
167.25	47.65
167.31	48.32
167.37	53.80
167.42	55.65
167.48	61.07
167.54	55.46
167.59	54.87
167.65	50.17
167.71	49.86
167.76	48.58
167.82	44.39
167.88	43.99
167.93	52.01
167.99	50.49
168.05	53.07
168.10	60.89
168.16	60.29
168.21	57.85
168.27	62.34
168.33	64.30
168.38	56.78
168.44	61.59
168.50	60.42
168.55	59.31
168.61	59.89
168.67	62.07
168.72	59.17
168.78	59.35
168.84	55.17
168.89	53.26
168.95	53.88
169.01	53.58
169.06	53.00
169.12	51.95
169.18	50.62
169.23	50.70
169.29	54.54
169.34	59.26
169.40	62.32
169.46	66.73
169.51	68.76
169.57	64.65
169.63	60.23
169.68	65.03
169.74	61.21
169.80	66.39
169.85	67.57
169.91	71.53
169.97	67.35
170.02	67.81
170.08	67.40
170.13	67.82
170.19	67.59
170.25	69.54
170.30	73.53
170.36	65.00
170.42	67.04
170.47	67.97
170.53	69.44
170.59	66.20
170.64	70.00
170.70	68.10
170.76	66.15
170.81	67.95
170.87	66.98
170.92	67.85
170.98	71.20
171.04	73.04
171.09	69.00
171.15	76.47
171.21	77.02
171.26	73.93
171.32	71.37
171.37	74.66
171.43	69.70
171.49	74.55
171.54	77.54
171.60	79.40
171.66	81.26
171.71	81.30
171.77	79.10
171.83	85.26
171.88	84.31
171.94	83.57
171.99	88.43
172.05	86.97
172.11	87.41
172.16	96.13
172.22	96.61
172.28	96.40
172.33	94.74
172.39	91.95
172.44	88.72
172.50	94.50
172.56	94.08
172.61	102.27
172.67	102.10
172.72	101.27
172.78	95.91
172.84	90.95
172.89	84.18
172.95	83.19
173.01	84.71
173.06	83.66
173.12	89.57
173.17	91.54
173.23	91.11
173.29	91.46
173.34	92.75
173.40	87.07
173.46	87.11
173.51	90.22
173.57	90.26
173.62	84.95
173.68	91.98
173.74	91.12
173.79	92.67
173.85	89.41
173.90	92.11
173.96	88.10
174.02	85.38
174.07	76.49
174.13	75.67
174.18	78.01
174.24	71.76
174.30	71.90
174.35	77.49
174.41	74.72
174.47	68.15
174.52	68.98
174.58	67.64
174.63	63.40
174.69	62.66
174.75	64.56
174.80	75.74
174.86	73.50
174.91	74.75
174.97	74.49
175.03	72.27
175.08	59.62
175.14	65.95
175.19	61.77
175.25	62.37
175.31	67.02
175.36	69.04
175.42	66.29
175.47	70.67
175.53	71.23
175.59	67.75
175.64	69.30
175.70	67.42
175.75	63.04
175.81	61.30
175.87	62.02
175.92	58.01
175.98	59.86
176.03	59.57
176.09	59.93
176.15	60.03
176.20	61.34
176.26	61.36
176.31	65.05
176.37	62.67
176.42	63.99
176.48	67.25
176.54	64.31
176.59	61.07
176.65	63.99
176.70	65.19
176.76	64.21
176.82	62.56
176.87	59.63
176.93	59.31
176.98	57.97
177.04	53.51
177.10	58.18
177.15	59.69
177.21	60.27
177.26	59.02
177.32	62.25
177.37	63.85
177.43	67.13
177.49	63.98
177.54	61.65
177.60	62.29
177.65	62.88
177.71	58.10
177.77	61.25
177.82	62.95
177.88	66.66
177.93	61.92
177.99	68.59
178.04	64.14
178.10	64.59
178.16	58.51
178.21	59.34
178.27	55.91
178.32	59.87
178.38	59.00
178.43	60.39
178.49	60.40
178.55	59.85
178.60	58.40
178.66	57.61
178.71	59.21
178.77	57.29
178.82	58.50
178.88	58.44
178.94	59.11
178.99	59.88
179.05	63.70
179.10	59.60
179.16	62.35
179.21	64.82
179.27	63.77
179.33	59.97
179.38	63.76
179.44	61.49
179.49	61.57
179.55	59.66
179.60	59.89
179.66	59.21
179.72	62.45
179.77	59.59
179.83	58.17
179.88	59.81
179.94	61.19
179.99	57.23
180.05	57.62
180.11	59.07
180.16	61.23
180.22	63.45
180.27	68.40
180.33	69.33
180.38	73.33
180.44	68.91
180.49	68.58
180.55	65.81
180.61	69.77
180.66	64.62
180.72	63.05
180.77	61.35
180.83	61.65
180.88	58.62
180.94	58.35
180.99	62.10
181.05	62.03
181.11	62.74
181.16	62.92
181.22	64.61
181.27	66.63
181.33	64.83
181.38	61.87
181.44	62.97
181.49	67.20
181.55	68.40
181.61	74.86
181.66	77.70
181.72	75.56
181.77	73.37
181.83	70.65
181.88	75.55
181.94	77.41
181.99	82.71
182.05	82.71
182.11	83.55
182.16	74.81
182.22	72.68
182.27	68.19
182.33	70.45
182.38	70.32
182.44	74.65
182.49	77.24
182.55	79.01
182.60	78.82
182.66	81.97
182.72	84.90
182.77	86.69
182.83	90.40
182.88	93.61
182.94	94.60
182.99	91.35
183.05	90.00
183.10	91.98
183.16	90.94
183.21	92.46
183.27	100.32
183.32	104.53
183.38	107.76
183.44	114.56
183.49	119.72
183.55	120.74
183.60	127.40
183.66	133.74
183.71	143.38
183.77	151.45
183.82	161.14
183.88	172.50
183.93	184.33
183.99	198.25
184.04	215.36
184.10	228.05
184.15	240.10
184.21	254.17
184.27	255.70
184.32	256.48
184.38	254.63
184.43	250.34
184.49	233.10
184.54	216.75
184.60	206.48
184.65	192.74
184.71	183.13
184.76	185.28
184.82	202.32
184.87	220.35
184.93	245.95
184.98	274.08
185.04	306.04
185.09	331.79
185.15	358.09
185.20	390.22
185.26	425.89
185.31	455.04
185.37	483.08
185.43	504.30
185.48	524.75
185.54	547.54
185.59	572.60
185.65	597.76
185.70	638.16
185.76	684.39
185.81	719.60
185.87	756.96
185.92	802.69
185.98	837.53
186.03	853.66
186.09	854.83
186.14	830.90
186.20	776.37
186.25	690.39
186.31	603.76
186.36	536.36
186.42	505.62
186.47	514.97
186.53	563.80
186.58	634.27
186.64	710.15
186.69	784.67
186.75	846.05
186.80	904.35
186.86	963.29
186.91	1023.84
186.97	1078.95
187.02	1150.49
187.08	1216.85
187.13	1272.09
187.19	1331.84
187.24	1391.95
187.30	1433.90
187.35	1477.80
187.41	1536.63
187.47	1591.18
187.52	1641.51
187.58	1700.31
187.63	1776.19
187.69	1852.48
187.74	1917.88
187.80	1975.77
187.85	2023.34
187.91	2042.58
187.96	2025.79
188.02	1965.92
188.07	1862.63
188.13	1713.16
188.18	1553.83
188.24	1437.61
188.29	1382.34
188.35	1394.53
188.40	1473.95
188.46	1601.15
188.51	1725.88
188.57	1856.53
188.62	1982.46
188.67	2100.57
188.73	2211.70
188.78	2319.47
188.84	2422.94
188.89	2525.71
188.95	2632.24
189.00	2723.58
189.06	2820.48
189.11	2915.21
189.17	2996.69
189.22	3070.68
189.28	3158.49
189.33	3235.35
189.39	3299.18
189.44	3366.78
189.50	3438.92
189.55	3506.48
189.61	3560.00
189.66	3617.00
189.72	3675.08
189.77	3729.15
189.83	3757.76
189.88	3767.50
189.94	3737.65
189.99	3654.85
190.05	3497.70
190.10	3276.25
190.16	3020.91
190.21	2794.95
190.27	2650.05
190.32	2607.33
190.38	2668.50
190.43	2813.10
190.49	2989.10
190.54	3141.25
190.60	3273.62
190.65	3386.13
190.71	3487.52
190.76	3578.08
190.81	3673.60
190.87	3773.17
190.92	3897.62
190.98	4023.84
191.03	4156.66
191.09	4292.96
191.14	4416.35
191.20	4512.90
191.25	4615.59
191.31	4719.95
191.36	4822.47
191.42	4932.65
191.47	5055.79
191.53	5171.75
191.58	5267.53
191.64	5347.66
191.69	5415.92
191.75	5465.15
191.80	5499.81
191.85	5523.03
191.91	5545.10
191.96	5567.83
192.02	5593.85
192.07	5605.51
192.13	5599.48
192.18	5550.18
192.24	5432.10
192.29	5236.30
192.35	5009.51
192.40	4823.40
192.46	4713.15
192.51	4709.66
192.57	4806.37
192.62	4985.83
192.67	5173.43
192.73	5356.62
192.78	5519.31
192.84	5669.94
192.89	5806.24
192.95	5936.78
193.00	6050.85
193.06	6160.71
193.11	6269.34
193.17	6359.03
193.22	6441.73
193.28	6530.72
193.33	6605.55
193.38	6672.90
193.44	6747.24
193.49	6822.64
193.55	6882.06
193.60	6944.86
193.66	6999.35
193.71	7043.46
193.77	7068.27
193.82	7087.72
193.88	7100.15
193.93	7125.90
193.98	7153.79
194.04	7196.04
194.09	7245.11
194.15	7302.10
194.20	7346.41
194.26	7385.04
194.31	7424.85
194.37	7449.47
194.42	7453.92
194.47	7444.84
194.53	7402.94
194.58	7311.80
194.64	7199.21
194.69	7100.50
194.75	7026.20
194.80	7006.18
194.86	7048.39
194.91	7142.80
194.97	7248.73
195.02	7361.83
195.07	7470.21
195.13	7570.84
195.18	7675.58
195.24	7775.55
195.29	7872.10
195.35	7961.08
195.40	8055.63
195.46	8130.42
195.51	8214.12
195.56	8301.02
195.62	8384.22
195.67	8451.85
195.73	8531.38
195.78	8592.92
195.84	8635.28
195.89	8671.96
195.94	8711.27
196.00	8745.35
196.05	8783.50
196.11	8837.67
196.16	8898.25
196.22	8959.58
196.27	9018.85
196.32	9074.29
196.38	9119.29
196.43	9166.29
196.49	9204.67
196.54	9243.11
196.60	9287.04
196.65	9331.14
196.71	9371.45
196.76	9418.35
196.81	9455.89
196.87	9488.67
196.92	9521.40
196.98	9539.39
197.03	9548.04
197.09	9541.96
197.14	9536.93
197.19	9533.75
197.25	9551.44
197.30	9575.71
197.36	9633.96
197.41	9697.63
197.47	9761.33
197.52	9820.29
197.57	9889.85
197.63	9943.46
197.68	9993.27
197.74	10045.90
197.79	10095.53
197.84	10137.15
197.90	10182.63
197.95	10224.05
198.01	10264.57
198.06	10308.08
198.12	10356.11
198.17	10392.62
198.22	10437.34
198.28	10472.02
198.33	10508.13
198.39	10543.28
198.44	10588.70
198.49	10635.92
198.55	10684.35
198.60	10734.35
198.66	10779.40
198.71	10832.62
198.77	10879.19
198.82	10932.77
198.87	10978.82
198.93	11024.94
198.98	11066.28
199.04	11112.49
199.09	11151.97
199.14	11194.24
199.20	11235.91
199.25	11275.99
199.31	11316.76
199.36	11359.28
199.42	11405.45
199.47	11451.36
199.52	11494.39
199.58	11529.51
199.63	11561.65
199.69	11591.92
199.74	11623.40
199.79	11643.59
199.85	11674.71
199.90	11714.07
199.96	11753.85
200.01	11796.45
200.06	11850.70
200.12	11900.53
200.17	11953.12
200.23	12003.80
200.28	12050.84
200.33	12102.58
200.39	12147.66
200.44	12190.21
200.50	12231.14
200.55	12269.66
200.60	12304.78
200.66	12343.13
200.71	12378.27
200.77	12418.80
200.82	12456.06
200.87	12495.64
200.93	12531.66
200.98	12570.79
201.04	12608.37
201.09	12656.55
201.14	12709.74
201.20	12765.26
201.25	12826.24
201.31	12886.06
201.36	12946.33
201.41	13000.95
201.47	13061.56
201.52	13108.60
201.58	13164.77
201.63	13209.02
201.68	13254.64
201.74	13295.37
201.79	13343.15
201.84	13391.60
201.90	13444.01
201.95	13496.63
202.01	13550.12
202.06	13607.69
202.11	13651.15
202.17	13700.25
202.22	13743.92
202.28	13785.77
202.33	13815.85
202.38	13857.88
202.44	13900.51
202.49	13947.73
202.54	13996.08
202.60	14051.16
202.65	14099.55
202.71	14147.44
202.76	14182.02
202.81	14221.06
202.87	14267.12
202.92	14312.27
202.98	14355.26
203.03	14413.21
203.08	14472.79
203.14	14526.15
203.19	14583.79
203.24	14645.46
203.30	14695.98
203.35	14744.77
203.41	14792.51
203.46	14834.89
203.51	14872.93
203.57	14914.47
203.62	14964.76
203.67	15016.84
203.73	15059.95
203.78	15108.60
203.84	15161.50
203.89	15199.66
203.94	15238.50
204.00	15282.88
204.05	15325.18
204.10	15361.07
204.16	15389.83
204.21	15414.78
204.27	15435.20
204.32	15444.74
204.37	15450.30
204.43	15451.94
204.48	15445.82
204.53	15440.08
204.59	15459.99
204.64	15517.74
204.69	15606.33
204.75	15720.27
204.80	15844.20
204.86	15947.83
204.91	16021.81
204.96	16079.92
205.02	16114.15
205.07	16154.18
205.12	16212.65
205.18	16292.29
205.23	16377.66
205.28	16481.16
205.34	16574.47
205.39	16661.43
205.45	16735.38
205.50	16804.83
205.55	16865.94
205.61	16932.47
205.66	16990.20
205.71	17055.27
205.77	17114.71
205.82	17173.20
205.87	17226.05
205.93	17281.19
205.98	17323.96
206.03	17366.37
206.09	17414.87
206.14	17469.31
206.20	17519.37
206.25	17571.19
206.30	17632.51
206.36	17685.47
206.41	17742.06
206.46	17801.73
206.52	17848.63
206.57	17897.06
206.62	17947.16
206.68	17992.85
206.73	18041.04
206.78	18099.96
206.84	18157.01
206.89	18216.70
206.94	18278.76
207.00	18343.46
207.05	18417.11
207.11	18482.43
207.16	18536.27
207.21	18597.25
207.27	18650.41
207.32	18698.18
207.37	18755.12
207.43	18817.01
207.48	18869.03
207.53	18922.78
207.59	18980.07
207.64	19028.74
207.69	19096.23
207.75	19162.12
207.80	19224.99
207.85	19284.47
207.91	19346.65
207.96	19395.80
208.01	19452.03
208.07	19511.94
208.12	19569.57
208.17	19624.87
208.23	19676.26
208.28	19728.78
208.33	19780.33
208.39	19841.92
208.44	19906.28
208.49	19968.31
208.55	20027.77
208.60	20081.72
208.65	20131.51
208.71	20184.98
208.76	20242.57
208.81	20304.62
208.87	20376.67
208.92	20433.43
208.97	20490.47
209.03	20551.62
209.08	20606.99
209.13	20662.72
209.19	20726.25
209.24	20784.60
209.29	20844.68
209.35	20897.26
209.40	20958.25
209.45	21019.50
209.51	21084.77
209.56	21144.79
209.61	21211.66
209.67	21276.15
209.72	21343.11
209.77	21400.23
209.83	21464.49
209.88	21537.01
209.93	21599.51
209.99	21654.95
210.04	21722.90
210.09	21788.74
210.15	21848.68
210.20	21908.86
210.25	21973.59
210.31	22037.23
210.36	22087.17
210.41	22135.55
210.46	22195.56
210.52	22251.28
210.57	22300.97
210.62	22366.82
210.68	22432.55
210.73	22481.39
210.78	22537.80
210.84	22598.75
210.89	22656.29
210.94	22712.05
211.00	22777.06
211.05	22833.61
211.10	22898.96
211.16	22959.85
211.21	23029.12
211.26	23093.77
211.32	23166.62
211.37	23231.59
211.42	23296.47
211.47	23363.18
211.53	23424.50
211.58	23487.56
211.63	23543.04
211.69	23603.98
211.74	23650.55
211.79	23702.89
211.85	23755.09
211.90	23823.07
211.95	23887.79
212.01	23957.98
212.06	24033.72
212.11	24111.75
212.16	24177.67
212.22	24246.35
212.27	24311.85
212.32	24375.80
212.38	24441.36
212.43	24506.28
212.48	24571.77
212.54	24643.87
212.59	24715.18
212.64	24784.25
212.69	24845.66
212.75	24914.72
212.80	24978.52
212.85	25042.84
212.91	25093.51
212.96	25156.67
213.01	25215.14
213.07	25274.60
213.12	25332.82
213.17	25397.36
213.22	25464.47
213.28	25529.57
213.33	25579.13
213.38	25637.39
213.44	25694.33
213.49	25759.31
213.54	25828.92
213.60	25913.88
213.65	25989.47
213.70	26075.06
213.75	26145.99
213.81	26197.24
213.86	26255.58
213.91	26308.21
213.97	26350.50
214.02	26390.20
214.07	26435.41
214.12	26472.12
214.18	26508.81
214.23	26550.58
214.28	26587.35
214.34	26619.07
214.39	26644.37
214.44	26659.44
214.49	26644.85
214.55	26616.95
214.60	26574.11
214.65	26511.00
214.71	26454.65
214.76	26464.06
214.81	26540.20
214.86	26693.24
214.92	26890.81
214.97	27103.74
215.02	27283.97
215.08	27410.22
215.13	27485.75
215.18	27519.82
215.23	27543.67
215.29	27580.20
215.34	27654.27
215.39	27750.24
215.45	27898.88
215.50	28070.04
215.55	28222.63
215.60	28347.25
215.66	28447.35
215.71	28517.71
215.76	28581.01
215.81	28635.60
215.87	28694.84
215.92	28749.97
215.97	28808.09
216.03	28866.33
216.08	28925.03
216.13	28979.85
216.18	29043.91
216.24	29103.65
216.29	29154.92
216.34	29215.04
216.39	29282.84
216.45	29343.58
216.50	29409.02
216.55	29468.36
216.61	29533.49
216.66	29591.77
216.71	29650.72
216.76	29707.38
216.82	29789.89
216.87	29857.37
216.92	29931.08
216.97	30001.35
217.03	30079.02
217.08	30143.23
217.13	30221.46
217.18	30293.51
217.24	30365.61
217.29	30432.48
217.34	30481.64
217.39	30529.25
217.45	30571.11
217.50	30620.34
217.55	30677.75
217.61	30748.81
217.66	30814.86
217.71	30886.45
217.76	30966.50
217.82	31048.32
217.87	31123.94
217.92	31201.29
217.97	31266.45
218.03	31327.99
218.08	31371.40
218.13	31413.55
218.18	31461.11
218.24	31533.48
218.29	31588.96
218.34	31650.37
218.39	31719.20
218.45	31782.19
218.50	31833.30
218.55	31895.18
218.60	31955.64
218.66	32009.45
218.71	32069.31
218.76	32135.19
218.81	32198.86
218.87	32268.34
218.92	32343.26
218.97	32418.10
219.02	32485.71
219.08	32554.34
219.13	32625.90
219.18	32689.07
219.23	32749.18
219.29	32809.19
219.34	32875.98
219.39	32935.35
219.44	32992.43
219.50	33060.64
219.55	33131.35
219.60	33190.47
219.65	33252.92
219.71	33322.83
219.76	33373.69
219.81	33424.94
219.86	33479.58
219.92	33529.47
219.97	33589.30
220.02	33647.95
220.07	33705.40
220.13	33770.70
220.18	33843.49
220.23	33902.42
220.28	33981.73
220.33	34057.94
220.39	34115.04
220.44	34165.49
220.49	34230.31
220.54	34272.92
220.60	34322.26
220.65	34389.46
220.70	34464.79
220.75	34533.65
220.81	34625.67
220.86	34702.41
220.91	34769.25
220.96	34831.97
221.02	34904.10
221.07	34957.96
221.12	35019.68
221.17	35089.51
221.22	35153.78
221.28	35205.00
221.33	35267.11
221.38	35327.03
221.43	35393.73
221.49	35461.22
221.54	35527.80
221.59	35599.28
221.64	35687.25
221.69	35771.15
221.75	35867.02
221.80	35969.62
221.85	36039.35
221.90	36100.10
221.96	36156.19
222.01	36187.89
222.06	36215.69
222.11	36265.48
222.17	36309.78
222.22	36334.33
222.27	36381.60
222.32	36433.29
222.37	36485.76
222.43	36549.07
222.48	36621.79
222.53	36700.29
222.58	36783.51
222.63	36861.54
222.69	36926.94
222.74	37007.29
222.79	37077.27
222.84	37119.25
222.90	37164.60
222.95	37212.57
223.00	37246.28
223.05	37289.20
223.10	37343.23
223.16	37401.34
223.21	37455.12
223.26	37506.94
223.31	37547.29
223.36	37588.09
223.42	37632.76
223.47	37668.05
223.52	37717.28
223.57	37765.85
223.63	37817.59
223.68	37862.72
223.73	37933.72
223.78	38011.60
223.83	38079.91
223.89	38139.23
223.94	38207.22
223.99	38261.87
224.04	38324.45
224.09	38400.65
224.15	38494.02
224.20	38577.30
224.25	38670.53
224.30	38753.65
224.35	38840.69
224.41	38931.69
224.46	39027.30
224.51	39110.76
224.56	39189.33
224.61	39267.05
224.67	39343.45
224.72	39409.10
224.77	39507.27
224.82	39608.79
224.87	39698.72
224.93	39777.10
224.98	39866.64
225.03	39949.47
225.08	40024.33
225.13	40110.34
225.19	40200.58
225.24	40294.35
225.29	40364.45
225.34	40447.16
225.39	40517.21
225.45	40587.02
225.50	40657.09
225.55	40731.69
225.60	40796.50
225.65	40868.17
225.71	40937.45
225.76	40994.44
225.81	41043.09
225.86	41095.17
225.91	41133.28
225.97	41162.29
226.02	41172.49
226.07	41163.90
226.12	41163.87
226.17	41199.62
226.22	41289.48
226.28	41438.39
226.33	41637.67
226.38	41822.08
226.43	41977.87
226.48	42082.55
226.54	42156.30
226.59	42207.52
226.64	42246.82
226.69	42288.30
226.74	42335.11
226.80	42393.37
226.85	42468.98
226.90	42564.85
226.95	42682.71
227.00	42817.42
227.05	42943.82
227.11	43063.43
227.16	43174.38
227.21	43269.77
227.26	43356.43
227.31	43431.10
227.37	43485.43
227.42	43558.40
227.47	43635.05
227.52	43704.45
227.57	43767.43
227.62	43852.95
227.68	43929.40
227.73	44006.40
227.78	44089.49
227.83	44183.84
227.88	44253.31
227.93	44324.71
227.99	44397.95
228.04	44464.75
228.09	44538.31
228.14	44614.67
228.19	44687.93
228.24	44748.06
228.30	44827.49
228.35	44887.70
228.40	44956.31
228.45	45010.02
228.50	45086.19
228.56	45146.32
228.61	45216.12
228.66	45275.59
228.71	45336.15
228.76	45382.18
228.81	45421.18
228.87	45455.86
228.92	45514.22
228.97	45575.73
229.02	45659.18
229.07	45741.25
229.12	45836.14
229.17	45914.33
229.23	46001.04
229.28	46074.45
229.33	46153.18
229.38	46217.64
229.43	46286.45
229.48	46362.23
229.54	46428.86
229.59	46493.60
229.64	46568.29
229.69	46650.24
229.74	46733.30
229.79	46806.60
229.85	46889.32
229.90	46961.95
229.95	47023.00
230.00	47079.54
230.05	47157.42
230.10	47220.87
230.16	47295.95
230.21	47356.42
230.26	47416.08
230.31	47451.55
230.36	47513.67
230.41	47567.69
230.46	47653.89
230.52	47744.09
230.57	47838.86
230.62	47925.27
230.67	47999.93
230.72	48048.83
230.77	48083.35
230.82	48129.17
230.88	48155.02
230.93	48198.73
230.98	48243.33
231.03	48300.00
231.08	48354.38
231.13	48406.21
231.19	48473.21
231.24	48549.40
231.29	48636.43
231.34	48708.75
231.39	48789.76
231.44	48857.77
231.49	48917.63
231.55	48955.72
231.60	48994.35
231.65	49037.57
231.70	49080.35
231.75	49119.94
231.80	49173.29
231.85	49233.20
231.91	49286.42
231.96	49333.87
232.01	49398.32
232.06	49463.01
232.11	49521.26
232.16	49598.37
232.21	49684.03
232.26	49771.87
232.32	49848.83
232.37	49928.88
232.42	49993.34
232.47	50047.40
232.52	50086.62
232.57	50138.10
232.62	50194.63
232.68	50252.77
232.73	50325.35
232.78	50411.15
232.83	50482.55
232.88	50562.31
232.93	50644.71
232.98	50709.31
233.03	50761.91
233.09	50822.84
233.14	50885.24
233.19	50930.94
233.24	50985.32
233.29	51046.74
233.34	51081.65
233.39	51108.93
233.45	51149.88
233.50	51187.42
233.55	51221.73
233.60	51289.60
233.65	51351.38
233.70	51409.71
233.75	51446.66
233.80	51498.31
233.86	51551.80
233.91	51599.73
233.96	51640.74
234.01	51712.42
234.06	51768.97
234.11	51823.66
234.16	51873.93
234.21	51942.41
234.26	51982.50
234.32	52019.88
234.37	52052.28
234.42	52095.03
234.47	52107.81
234.52	52144.75
234.57	52188.98
234.62	52228.34
234.67	52272.55
234.73	52341.14
234.78	52397.37
234.83	52443.48
234.88	52490.76
234.93	52522.22
234.98	52556.85
235.03	52600.75
235.08	52664.68
235.13	52726.80
235.19	52799.03
235.24	52865.01
235.29	52925.90
235.34	52961.05
235.39	52990.04
235.44	53022.03
235.49	53052.10
235.54	53079.61
235.59	53106.60
235.65	53142.26
235.70	53168.37
235.75	53203.13
235.80	53251.61
235.85	53315.48
235.90	53353.89
235.95	53387.00
236.00	53423.04
236.05	53444.53
236.11	53458.68
236.16	53493.91
236.21	53551.91
236.26	53587.55
236.31	53624.12
236.36	53653.58
236.41	53665.51
236.46	53663.56
236.51	53681.43
236.56	53695.02
236.62	53720.25
236.67	53761.93
236.72	53815.07
236.77	53846.16
236.82	53897.42
236.87	53923.99
236.92	53943.19
236.97	53978.57
237.02	54021.50
237.07	54064.46
237.13	54126.53
237.18	54188.23
237.23	54226.29
237.28	54263.65
237.33	54303.83
237.38	54319.36
237.43	54343.64
237.48	54351.35
237.53	54374.42
237.58	54393.99
237.63	54443.16
237.69	54484.26
237.74	54538.64
237.79	54582.81
237.84	54593.19
237.89	54600.20
237.94	54598.72
237.99	54614.57
238.04	54628.44
238.09	54654.61
238.14	54678.36
238.19	54710.06
238.25	54732.01
238.30	54730.94
238.35	54741.46
238.40	54741.08
238.45	54747.14
238.50	54749.64
238.55	54758.46
238.60	54781.00
238.65	54802.25
238.70	54810.40
238.75	54823.54
238.80	54861.79
238.86	54870.60
238.91	54889.41
238.96	54929.01
239.01	54962.50
239.06	54978.99
239.11	55001.45
239.16	55029.70
239.21	55019.40
239.26	55015.77
239.31	55033.18
239.36	55045.45
239.41	55064.06
239.46	55100.04
239.52	55123.74
239.57	55141.88
239.62	55161.44
239.67	55176.70
239.72	55202.62
239.77	55231.00
239.82	55245.18
239.87	55264.30
239.92	55270.13
239.97	55265.03
240.02	55246.10
240.07	55230.89
240.12	55230.71
240.17	55236.35
240.23	55237.11
240.28	55247.12
240.33	55258.61
240.38	55249.65
240.43	55243.24
240.48	55260.34
240.53	55280.25
240.58	55303.11
240.63	55336.45
240.68	55353.87
240.73	55346.53
240.78	55334.67
240.83	55319.69
240.88	55297.61
240.93	55280.95
240.98	55280.96
241.04	55304.65
241.09	55332.06
241.14	55356.42
241.19	55408.05
241.24	55441.50
241.29	55454.70
241.34	55463.93
241.39	55483.49
241.44	55476.08
241.49	55476.05
241.54	55470.78
241.59	55464.10
241.64	55453.37
241.69	55443.61
241.74	55430.83
241.79	55426.57
241.84	55412.65
241.90	55398.21
241.95	55380.71
242.00	55358.73
242.05	55337.72
242.10	55327.77
242.15	55315.52
242.20	55304.30
242.25	55297.70
242.30	55289.47
242.35	55285.95
242.40	55275.13
242.45	55273.57
242.50	55268.05
242.55	55261.92
242.60	55255.73
242.65	55262.39
242.70	55275.03
242.75	55297.04
242.80	55341.45
242.85	55376.70
242.91	55384.80
242.96	55373.26
243.01	55358.26
243.06	55328.85
243.11	55293.76
243.16	55273.26
243.21	55274.73
243.26	55282.93
243.31	55293.50
243.36	55298.45
243.41	55316.98
243.46	55319.94
243.51	55286.17
243.56	55232.28
243.61	55180.31
243.66	55130.52
243.71	55095.48
243.76	55098.12
243.81	55108.86
243.86	55114.65
243.91	55122.88
243.96	55114.18
244.01	55095.15
244.06	55067.00
244.12	55067.04
244.17	55059.56
244.22	55070.05
244.27	55096.41
244.32	55125.59
244.37	55141.39
244.42	55145.10
244.47	55128.57
244.52	55094.47
244.57	55059.18
244.62	55024.80
244.67	55001.80
244.72	54976.41
244.77	54968.36
244.82	54992.23
244.87	55033.52
244.92	55058.04
244.97	55079.10
245.02	55083.04
245.07	55059.00
245.12	55025.80
245.17	55000.31
245.22	55006.32
245.27	55000.13
245.32	54970.80
245.37	54941.86
245.42	54906.58
245.47	54848.22
245.52	54810.30
245.57	54793.18
245.62	54770.76
245.67	54759.26
245.72	54751.53
245.77	54723.93
245.82	54703.04
245.87	54698.61
245.92	54705.65
245.98	54697.65
246.03	54708.52
246.08	54714.62
246.13	54708.61
246.18	54709.00
246.23	54702.22
246.28	54689.54
246.33	54677.30
246.38	54653.31
246.43	54613.55
246.48	54601.20
246.53	54607.71
246.58	54617.19
246.63	54627.17
246.68	54622.01
246.73	54605.87
246.78	54570.55
246.83	54511.67
246.88	54457.29
246.93	54412.19
246.98	54357.34
247.03	54322.53
247.08	54312.67
247.13	54303.43
247.18	54300.46
247.23	54331.21
247.28	54335.62
247.33	54322.13
247.38	54294.40
247.43	54278.95
247.48	54254.83
247.53	54225.60
247.58	54194.15
247.63	54175.58
247.68	54137.28
247.73	54079.69
247.78	54046.92
247.83	54018.93
247.88	53988.33
247.93	53977.33
247.98	53979.97
248.03	53978.23
248.08	54001.73
248.13	54007.05
248.18	53997.51
248.23	53977.80
248.28	53941.13
248.33	53884.85
248.38	53844.30
248.43	53814.84
248.48	53802.59
248.53	53793.00
248.58	53777.66
248.63	53786.57
248.68	53760.44
248.73	53735.07
248.78	53702.40
248.83	53655.81
248.88	53585.75
248.93	53528.00
248.98	53445.20
249.03	53401.95
249.08	53379.23
249.13	53372.30
249.18	53366.22
249.23	53378.01
249.28	53361.69
249.33	53357.32
249.38	53335.46
249.43	53328.65
249.48	53302.64
249.53	53300.75
249.58	53283.69
249.63	53264.06
249.68	53242.38
249.73	53233.40
249.78	53207.35
249.83	53203.47
249.88	53180.98
249.93	53159.93
249.98	53150.43
250.03	53142.71
250.08	53109.95
250.13	53098.03
250.18	53074.09
250.23	53035.69
250.28	52984.48
250.33	52934.17
250.37	52901.98
250.42	52871.61
250.47	52837.80
250.52	52828.42
250.57	52813.01
250.62	52767.59
250.67	52731.94
250.72	52716.32
250.77	52669.45
250.82	52644.75
250.87	52650.51
250.92	52643.83
250.97	52619.74
251.02	52617.64
251.07	52615.61
251.12	52582.55
251.17	52550.53
251.22	52514.90
251.27	52472.27
251.32	52417.90
251.37	52374.01
251.42	52320.82
251.47	52284.93
251.52	52259.69
251.57	52242.75
251.62	52233.18
251.67	52225.95
251.72	52202.16
251.77	52162.37
251.82	52126.70
251.87	52073.58
251.92	52030.65
251.97	51987.43
252.02	51953.37
252.07	51918.71
252.12	51904.25
252.16	51891.94
252.21	51889.54
252.26	51889.76
252.31	51893.01
252.36	51881.67
252.41	51865.83
252.46	51844.28
252.51	51821.90
252.56	51785.43
252.61	51758.60
252.66	51732.55
252.71	51706.08
252.76	51669.20
252.81	51628.38
252.86	51576.36
252.91	51528.26
252.96	51465.00
253.01	51405.72
253.06	51350.34
253.11	51311.60
253.16	51270.62
253.21	51219.40
253.26	51180.59
253.31	51143.14
253.36	51106.13
253.40	51076.38
253.45	51072.31
253.50	51038.67
253.55	51005.02
253.60	50957.95
253.65	50916.40
253.70	50875.57
253.75	50856.21
253.80	50835.00
253.85	50832.66
253.90	50829.81
253.95	50820.93
254.00	50813.01
254.05	50802.92
254.10	50772.28
254.15	50732.35
254.20	50705.16
254.25	50670.45
254.30	50632.65
254.35	50587.49
254.39	50524.50
254.44	50444.26
254.49	50370.34
254.54	50338.40
254.59	50310.55
254.64	50298.80
254.69	50292.70
254.74	50297.64
254.79	50267.98
254.84	50239.00
254.89	50217.93
254.94	50204.04
254.99	50187.00
255.04	50178.85
255.09	50174.55
255.14	50153.69
255.19	50145.05
255.23	50130.67
255.28	50110.93
255.33	50091.69
255.38	50079.27
255.43	50049.42
255.48	50021.45
255.53	49980.25
255.58	49951.63
255.63	49924.77
255.68	49887.12
255.73	49846.31
255.78	49815.31
255.83	49787.74
255.88	49761.96
255.93	49740.03
255.97	49721.26
256.02	49693.10
256.07	49648.58
256.12	49584.31
256.17	49531.39
256.22	49477.35
256.27	49427.70
256.32	49386.23
256.37	49362.95
256.42	49338.35
256.47	49311.78
256.52	49284.75
256.57	49259.81
256.62	49239.61
256.66	49225.74
256.71	49189.58
256.76	49150.87
256.81	49098.09
256.86	49042.38
256.91	48994.29
256.96	48958.25
257.01	48928.37
257.06	48913.81
257.11	48879.40
257.16	48823.10
257.21	48778.52
257.26	48738.04
257.30	48697.83
257.35	48662.85
257.40	48640.98
257.45	48625.88
257.50	48598.93
257.55	48560.57
257.60	48537.76
257.65	48517.28
257.70	48477.75
257.75	48441.29
257.80	48411.59
257.85	48376.11
257.89	48325.62
257.94	48262.85
257.99	48200.70
258.04	48148.71
258.09	48109.81
258.14	48076.85
258.19	48066.19
258.24	48053.92
258.29	48013.34
258.34	47969.92
258.39	47934.74
258.44	47875.92
258.48	47821.63
258.53	47786.78
258.58	47750.64
258.63	47701.59
258.68	47663.23
258.73	47629.46
258.78	47594.72
258.83	47550.70
258.88	47510.50
258.93	47473.55
258.97	47439.28
259.02	47405.83
259.07	47382.08
259.12	47364.68
259.17	47350.75
259.22	47325.02
259.27	47300.20
259.32	47275.19
259.37	47234.37
259.42	47193.74
259.47	47158.23
259.51	47113.68
259.56	47054.09
259.61	46986.90
259.66	46909.97
259.71	46834.38
259.76	46773.28
259.81	46707.18
259.86	46664.06
259.91	46632.50
259.95	46607.37
260.00	46574.57
260.05	46565.22
260.10	46547.46
260.15	46531.66
260.20	46521.03
260.25	46513.97
260.30	46496.42
260.35	46468.45
260.40	46435.06
260.44	46408.68
260.49	46385.78
260.54	46353.13
260.59	46332.89
260.64	46326.19
260.69	46315.87
260.74	46279.50
260.79	46243.66
260.84	46200.45
260.88	46142.64
260.93	46070.55
260.98	46030.81
261.03	45988.95
261.08	45955.22
261.13	45917.93
261.18	45882.30
261.23	45822.71
261.28	45780.45
261.32	45740.44
261.37	45709.19
261.42	45682.75
261.47	45667.00
261.52	45624.45
261.57	45582.98
261.62	45537.76
261.67	45480.40
261.71	45408.83
261.76	45366.68
261.81	45309.80
261.86	45250.91
261.91	45208.25
261.96	45171.85
262.01	45127.78
262.06	45106.05
262.10	45098.00
262.15	45069.58
262.20	45059.67
262.25	45037.23
262.30	45017.36
262.35	44985.67
262.40	44962.65
262.45	44927.36
262.49	44905.67
262.54	44871.23
262.59	44834.49
262.64	44810.15
262.69	44774.00
262.74	44727.86
262.79	44670.04
262.84	44632.45
262.88	44581.71
262.93	44534.62
262.98	44502.30
263.03	44462.88
263.08	44404.10
263.13	44332.29
263.18	44265.85
263.23	44195.00
263.27	44151.09
263.32	44116.47
263.37	44095.66
263.42	44078.92
263.47	44056.21
263.52	44031.73
263.57	43999.52
263.61	43966.17
263.66	43925.35
263.71	43892.34
263.76	43850.24
263.81	43798.83
263.86	43764.69
263.91	43724.99
263.95	43668.14
264.00	43613.74
264.05	43570.18
264.10	43511.74
264.15	43447.44
264.20	43399.16
264.25	43356.29
264.29	43315.11
264.34	43252.69
264.39	43219.37
264.44	43173.16
264.49	43131.40
264.54	43083.76
264.59	43060.03
264.63	43010.55
264.68	42960.58
264.73	42903.83
264.78	42851.49
264.83	42780.52
264.88	42744.00
264.93	42716.67
264.97	42689.50
265.02	42668.41
265.07	42662.45
265.12	42619.46
265.17	42574.25
265.22	42538.52
265.27	42482.07
265.31	42421.65
265.36	42363.09
265.41	42309.63
265.46	42244.50
265.51	42175.92
265.56	42119.26
265.60	42069.62
265.65	42011.05
265.70	41954.31
265.75	41904.56
265.80	41849.39
265.85	41789.32
265.90	41731.42
265.94	41676.75
265.99	41615.14
266.04	41561.60
266.09	41524.55
266.14	41485.80
266.19	41448.16
266.23	41423.67
266.28	41380.09
266.33	41343.49
266.38	41319.71
266.43	41297.56
266.48	41270.29
266.52	41245.33
266.57	41209.31
266.62	41167.05
266.67	41115.04
266.72	41069.42
266.77	41037.03
266.81	41009.20
266.86	40974.90
266.91	40941.92
266.96	40905.19
267.01	40859.14
267.06	40803.69
267.10	40755.54
267.15	40707.40
267.20	40669.02
267.25	40635.82
267.30	40606.06
267.35	40568.17
267.39	40537.73
267.44	40503.87
267.49	40460.58
267.54	40411.41
267.59	40359.52
267.64	40301.90
267.68	40239.53
267.73	40185.64
267.78	40139.21
267.83	40121.08
267.88	40109.23
267.93	40102.18
267.97	40082.94
268.02	40056.79
268.07	40005.76
268.12	39945.42
268.17	39878.81
268.21	39833.73
268.26	39785.02
268.31	39739.08
268.36	39696.88
268.41	39658.49
268.46	39608.18
268.50	39570.03
268.55	39524.32
268.60	39465.33
268.65	39400.50
268.70	39325.34
268.74	39256.43
268.79	39187.93
268.84	39130.73
268.89	39085.73
268.94	39058.51
268.99	39018.95
269.03	38983.74
269.08	38935.04
269.13	38864.90
269.18	38775.87
269.23	38675.18
269.27	38563.89
269.32	38441.18
269.37	38316.84
269.42	38183.91
269.47	38055.54
269.51	37918.21
269.56	37780.53
269.61	37647.60
269.66	37502.78
269.71	37340.08
269.76	37191.97
269.80	37036.61
269.85	36885.24
269.90	36743.15
269.95	36602.05
270.00	36439.93
270.04	36299.82
270.09	36150.55
270.14	36006.84
270.19	35871.01
270.24	35741.11
270.28	35587.69
270.33	35423.98
270.38	35252.30
270.43	35073.05
270.48	34893.71
270.52	34736.42
270.57	34578.69
270.62	34417.43
270.67	34263.43
270.72	34110.25
270.76	33934.20
270.81	33761.68
270.86	33592.99
270.91	33418.04
270.96	33245.74
271.00	33086.88
271.05	32936.10
271.10	32796.13
271.15	32665.96
271.20	32544.36
271.24	32406.06
271.29	32269.97
271.34	32121.49
271.39	31970.79
271.44	31814.81
271.48	31679.34
271.53	31533.81
271.58	31391.56
271.63	31245.35
271.67	31099.83
271.72	30956.29
271.77	30812.16
271.82	30678.09
271.87	30542.53
271.91	30395.29
271.96	30247.81
272.01	30109.26
272.06	29968.86
272.11	29844.83
272.15	29736.10
272.20	29630.83
272.25	29537.38
272.30	29444.48
272.35	29337.87
272.39	29227.58
272.44	29110.29
272.49	28968.62
272.54	28825.11
272.58	28678.55
272.63	28531.63
272.68	28377.61
272.73	28224.79
272.78	28053.89
272.82	27857.97
272.87	27631.93
272.92	27347.85
272.97	26819.37
273.01	23863.72
273.06	18921.19
273.11	13476.38
273.16	8128.46
273.21	3061.16
273.25	462.60
273.30	-88.50
273.35	-89.73
