165.32	3380.92
165.38	-246.65
165.44	596.27
165.50	-77.97
165.55	-19.55
165.61	2.33
165.67	29.76
165.72	38.24
165.78	43.88
165.84	42.13
165.89	39.00
165.95	37.42
166.01	37.11
166.06	38.59
166.12	40.91
166.18	38.99
166.23	40.84
166.29	40.43
166.35	37.10
166.40	36.06
166.46	43.14
166.52	45.74
166.57	46.03
166.63	47.02
166.69	49.44
166.74	42.85
166.80	43.26
166.86	44.79
166.91	45.21
166.97	39.64
167.03	42.07
167.08	36.08
167.14	35.66
167.20	33.72
167.25	46.27
167.31	47.01
167.37	52.60
167.42	54.50
167.48	60.58
167.54	55.01
167.59	54.31
167.65	50.07
167.71	50.26
167.76	48.88
167.82	44.28
167.88	44.11
167.93	51.74
167.99	50.00
168.05	52.75
168.10	60.73
168.16	59.97
168.21	58.19
168.27	63.30
168.33	64.54
168.38	57.08
168.44	62.33
168.50	61.31
168.55	59.63
168.61	60.42
168.67	62.81
168.72	59.48
168.78	59.23
168.84	54.45
168.89	52.83
168.95	53.26
169.01	52.92
169.06	52.38
169.12	52.52
169.18	50.88
169.23	51.12
169.29	55.94
169.34	60.69
169.40	62.96
169.46	67.47
169.51	69.43
169.57	64.35
169.63	60.00
169.68	65.25
169.74	61.57
169.80	66.99
169.85	68.20
169.91	72.07
169.97	67.88
170.02	68.17
170.08	67.17
170.13	67.88
170.19	67.85
170.25	69.32
170.30	73.01
170.36	65.03
170.42	66.98
170.47	68.06
170.53	69.69
170.59	66.64
170.64	70.03
170.70	68.49
170.76	65.69
170.81	67.26
170.87	66.71
170.92	67.63
170.98	70.44
171.04	73.27
171.09	69.12
171.15	76.36
171.21	77.30
171.26	74.38
171.32	70.86
171.37	74.49
171.43	69.77
171.49	74.07
171.54	77.28
171.60	79.41
171.66	81.22
171.71	81.18
171.77	79.15
171.83	84.57
171.88	83.86
171.94	83.26
171.99	87.64
172.05	86.49
172.11	87.50
172.16	95.98
172.22	96.80
172.28	97.00
172.33	94.86
172.39	91.77
172.44	88.33
172.50	93.49
172.56	93.31
172.61	101.60
172.67	101.68
172.72	101.68
172.78	96.26
172.84	91.45
172.89	84.96
172.95	84.04
173.01	84.81
173.06	83.18
173.12	88.80
173.17	90.19
173.23	89.79
173.29	90.15
173.34	92.22
173.40	86.53
173.46	86.79
173.51	89.30
173.57	89.59
173.62	84.11
173.68	89.97
173.74	89.28
173.79	90.38
173.85	87.09
173.90	90.01
173.96	87.23
174.02	84.08
174.07	75.93
174.13	75.23
174.18	77.62
174.24	70.61
174.30	70.99
174.35	76.98
174.41	74.38
174.47	67.71
174.52	69.36
174.58	68.19
174.63	63.06
174.69	61.98
174.75	64.49
174.80	75.06
174.86	72.76
174.91	74.26
174.97	73.97
175.03	71.37
175.08	59.14
175.14	65.60
175.19	61.57
175.25	61.82
175.31	66.07
175.36	67.42
175.42	64.84
175.47	69.32
175.53	70.14
175.59	66.48
175.64	68.45
175.70	66.55
175.75	61.78
175.81	60.15
175.87	61.33
175.92	57.43
175.98	59.04
176.03	59.29
176.09	59.49
176.15	59.44
176.20	60.49
176.26	60.12
176.31	63.52
176.37	61.19
176.42	62.17
176.48	65.67
176.54	63.03
176.59	60.14
176.65	63.26
176.70	65.23
176.76	64.98
176.82	63.42
176.87	60.60
176.93	60.05
176.98	58.11
177.04	53.05
177.10	57.56
177.15	59.02
177.21	59.89
177.26	58.83
177.32	62.46
177.37	64.08
177.43	67.15
177.49	63.98
177.54	61.45
177.60	61.92
177.65	62.96
177.71	57.99
177.77	60.91
177.82	62.88
177.88	66.20
177.93	61.27
177.99	67.68
178.04	63.15
178.10	63.99
178.16	57.62
178.21	58.53
178.27	55.49
178.32	59.67
178.38	58.14
178.43	59.83
178.49	59.84
178.55	59.37
178.60	57.67
178.66	56.68
178.71	57.98
178.77	55.89
178.82	57.17
178.88	57.41
178.94	58.08
178.99	59.29
179.05	63.29
179.10	59.10
179.16	61.77
179.21	64.09
179.27	62.54
179.33	58.72
179.38	62.44
179.44	60.26
179.49	60.48
179.55	58.83
179.60	58.90
179.66	58.16
179.72	61.38
179.77	58.66
179.83	57.92
179.88	59.43
179.94	59.91
179.99	55.66
180.05	56.26
180.11	57.21
180.16	60.33
180.22	63.27
180.27	67.59
180.33	68.58
180.38	72.45
180.44	67.17
180.49	66.89
180.55	65.43
180.61	69.15
180.66	63.65
180.72	62.30
180.77	60.21
180.83	59.89
180.88	57.26
180.94	57.51
180.99	61.24
181.05	61.63
181.11	62.38
181.16	62.47
181.22	63.56
181.27	65.64
181.33	64.38
181.38	61.66
181.44	62.31
181.49	66.98
181.55	67.63
181.61	73.76
181.66	76.39
181.72	74.55
181.77	71.52
181.83	69.30
181.88	74.29
181.94	75.70
181.99	80.86
182.05	81.50
182.11	82.44
182.16	73.23
182.22	71.54
182.27	67.45
182.33	70.19
182.38	69.41
182.44	74.16
182.49	76.64
182.55	78.29
182.60	78.31
182.66	81.81
182.72	84.17
182.77	85.91
182.83	89.06
182.88	91.71
182.94	92.94
182.99	90.35
183.05	88.97
183.10	91.20
183.16	90.11
183.21	90.99
183.27	98.22
183.32	102.31
183.38	105.90
183.44	112.83
183.49	118.71
183.55	119.79
183.60	126.21
183.66	132.08
183.71	141.49
183.77	148.90
183.82	158.81
183.88	170.07
183.93	181.91
183.99	195.33
184.04	211.86
184.10	224.58
184.15	236.47
184.21	249.65
184.27	251.90
184.32	252.86
184.38	250.68
184.43	246.09
184.49	229.42
184.54	212.42
184.60	202.98
184.65	189.48
184.71	181.18
184.76	182.97
184.82	200.29
184.87	217.48
184.93	241.58
184.98	268.17
185.04	299.44
185.09	324.12
185.15	349.34
185.20	382.32
185.26	416.99
185.31	445.21
185.37	473.14
185.43	493.75
185.48	512.87
185.54	536.35
185.59	562.41
185.65	587.28
185.70	628.23
185.76	673.90
185.81	707.29
185.87	743.85
185.92	788.48
185.98	822.58
186.03	839.60
186.09	842.18
186.14	818.59
186.20	765.23
186.25	680.84
186.31	595.43
186.36	529.55
186.42	500.51
186.47	509.51
186.53	556.70
186.58	625.69
186.64	700.53
186.69	773.33
186.75	834.66
186.80	892.89
186.86	949.74
186.91	1007.78
186.97	1060.84
187.02	1130.76
187.08	1198.16
187.13	1254.78
187.19	1314.13
187.24	1375.69
187.30	1417.79
187.35	1460.67
187.41	1518.12
187.47	1572.87
187.52	1620.72
187.58	1678.09
187.63	1751.16
187.69	1825.72
187.74	1889.79
187.80	1948.82
187.85	1998.29
187.91	2019.12
187.96	2005.41
188.02	1947.79
188.07	1846.22
188.13	1695.96
188.18	1537.74
188.24	1420.72
188.29	1365.78
188.35	1374.90
188.40	1456.30
188.46	1582.01
188.51	1706.41
188.57	1833.95
188.62	1958.36
188.67	2075.10
188.73	2185.85
188.78	2292.75
188.84	2395.98
188.89	2500.54
188.95	2604.77
189.00	2695.10
189.06	2792.48
189.11	2888.93
189.17	2971.64
189.22	3045.45
189.28	3134.66
189.33	3209.77
189.39	3271.70
189.44	3338.28
189.50	3410.48
189.55	3477.50
189.61	3531.76
189.66	3589.88
189.72	3647.33
189.77	3698.66
189.83	3726.13
189.88	3735.36
189.94	3705.40
189.99	3623.94
190.05	3470.71
190.10	3251.07
190.16	2999.25
190.21	2775.21
190.27	2629.77
190.32	2588.63
190.38	2651.85
190.43	2796.82
190.49	2969.46
190.54	3119.57
190.60	3251.08
190.65	3362.58
190.71	3460.48
190.76	3554.75
190.81	3649.55
190.87	3750.03
190.92	3870.57
190.98	3995.80
191.03	4125.82
191.09	4266.67
191.14	4387.93
191.20	4485.08
191.25	4585.63
191.31	4687.48
191.36	4786.81
191.42	4894.97
191.47	5017.99
191.53	5138.62
191.58	5239.47
191.64	5318.54
191.69	5387.99
191.75	5434.38
191.80	5466.94
191.85	5487.13
191.91	5512.59
191.96	5534.17
192.02	5563.97
192.07	5579.05
192.13	5575.03
192.18	5524.87
192.24	5409.11
192.29	5215.77
192.35	4989.84
192.40	4807.17
192.46	4699.25
192.51	4694.83
192.57	4789.44
192.62	4966.48
192.67	5148.38
192.73	5330.88
192.78	5496.03
192.84	5646.13
192.89	5780.98
192.95	5909.88
193.00	6020.43
193.06	6126.13
193.11	6233.66
193.17	6323.94
193.22	6411.45
193.28	6504.68
193.33	6582.23
193.38	6650.31
193.44	6724.93
193.49	6798.34
193.55	6855.28
193.60	6912.16
193.66	6965.32
193.71	7007.13
193.77	7033.48
193.82	7053.34
193.88	7072.26
193.93	7100.15
193.98	7129.65
194.04	7166.79
194.09	7214.19
194.15	7272.33
194.20	7316.97
194.26	7355.95
194.31	7397.89
194.37	7423.36
194.42	7426.48
194.47	7415.05
194.53	7373.42
194.58	7284.73
194.64	7173.90
194.69	7073.64
194.75	7005.25
194.80	6986.99
194.86	7025.95
194.91	7114.59
194.97	7223.83
195.02	7332.40
195.07	7441.24
195.13	7547.40
195.18	7661.49
195.24	7760.27
195.29	7861.13
195.35	7951.25
195.40	8042.92
195.46	8110.48
195.51	8194.48
195.56	8275.11
195.62	8357.83
195.67	8430.48
195.73	8512.96
195.78	8569.26
195.84	8614.15
195.89	8650.33
195.94	8684.30
196.00	8716.60
196.05	8756.40
196.11	8813.24
196.16	8866.52
196.22	8928.46
196.27	8985.31
196.32	9043.32
196.38	9087.93
196.43	9137.48
196.49	9175.13
196.54	9212.23
196.60	9257.38
196.65	9302.23
196.71	9346.23
196.76	9395.58
196.81	9438.81
196.87	9470.15
196.92	9496.21
196.98	9513.79
197.03	9523.99
197.09	9518.95
197.14	9513.76
197.19	9516.42
197.25	9534.30
197.30	9558.60
197.36	9612.69
197.41	9676.34
197.47	9738.65
197.52	9800.38
197.57	9865.53
197.63	9917.99
197.68	9970.30
197.74	10023.01
197.79	10067.60
197.84	10113.61
197.90	10163.06
197.95	10207.08
198.01	10247.80
198.06	10291.81
198.12	10330.89
198.17	10369.18
198.22	10407.95
198.28	10447.46
198.33	10490.08
198.39	10532.79
198.44	10577.94
198.49	10623.19
198.55	10667.61
198.60	10712.57
198.66	10754.34
198.71	10807.03
198.77	10856.91
198.82	10913.38
198.87	10962.26
198.93	11014.24
198.98	11053.60
199.04	11100.23
199.09	11134.36
199.14	11177.10
199.20	11217.14
199.25	11261.88
199.31	11302.16
199.36	11349.45
199.42	11392.52
199.47	11438.48
199.52	11477.86
199.58	11517.49
199.63	11547.28
199.69	11576.75
199.74	11610.23
199.79	11635.68
199.85	11666.04
199.90	11708.08
199.96	11747.31
200.01	11791.24
200.06	11843.65
200.12	11887.04
200.17	11938.92
200.23	11989.79
200.28	12029.45
200.33	12080.02
200.39	12126.51
200.44	12166.91
200.50	12210.48
200.55	12253.84
200.60	12292.41
200.66	12334.72
200.71	12370.01
200.77	12410.78
200.82	12449.04
200.87	12486.90
200.93	12529.03
200.98	12572.00
201.04	12611.22
201.09	12656.62
201.14	12704.76
201.20	12753.22
201.25	12810.59
201.31	12866.13
201.36	12924.68
201.41	12982.42
201.47	13040.49
201.52	13091.30
201.58	13153.09
201.63	13200.87
201.68	13247.73
201.74	13294.29
201.79	13345.25
201.84	13391.93
201.90	13443.47
201.95	13492.13
202.01	13543.85
202.06	13590.51
202.11	13629.87
202.17	13673.85
202.22	13719.82
202.28	13761.12
202.33	13800.80
202.38	13839.36
202.44	13886.87
202.49	13933.11
202.54	13984.18
202.60	14031.74
202.65	14084.28
202.71	14133.40
202.76	14172.36
202.81	14211.12
202.87	14263.25
202.92	14312.01
202.98	14360.62
203.03	14415.75
203.08	14470.97
203.14	14518.43
203.19	14575.87
203.24	14630.93
203.30	14685.51
203.35	14732.57
203.41	14784.09
203.46	14827.07
203.51	14867.05
203.57	14904.12
203.62	14952.01
203.67	15003.85
203.73	15043.33
203.78	15091.92
203.84	15146.11
203.89	15189.80
203.94	15228.51
204.00	15275.12
204.05	15313.36
204.10	15346.17
204.16	15371.65
204.21	15399.57
204.27	15421.23
204.32	15431.69
204.37	15439.68
204.43	15437.82
204.48	15424.72
204.53	15418.98
204.59	15443.00
204.64	15502.50
204.69	15598.35
204.75	15712.27
204.80	15840.84
204.86	15941.79
204.91	16016.14
204.96	16075.14
205.02	16115.14
205.07	16151.61
205.12	16212.80
205.18	16283.56
205.23	16365.25
205.28	16466.40
205.34	16561.58
205.39	16647.99
205.45	16724.15
205.50	16793.98
205.55	16859.49
205.61	16918.88
205.66	16974.31
205.71	17038.62
205.77	17101.17
205.82	17158.25
205.87	17214.10
205.93	17272.51
205.98	17320.24
206.03	17360.75
206.09	17402.15
206.14	17450.65
206.20	17499.37
206.25	17553.59
206.30	17618.00
206.36	17678.71
206.41	17747.40
206.46	17803.21
206.52	17851.35
206.57	17896.45
206.62	17942.79
206.68	17977.22
206.73	18023.17
206.78	18083.29
206.84	18140.30
206.89	18197.02
206.94	18263.76
207.00	18334.27
207.05	18398.14
207.11	18464.75
207.16	18524.45
207.21	18585.60
207.27	18635.80
207.32	18692.89
207.37	18750.84
207.43	18811.10
207.48	18866.25
207.53	18923.73
207.59	18979.32
207.64	19031.27
207.69	19095.38
207.75	19158.80
207.80	19219.95
207.85	19274.87
207.91	19334.09
207.96	19389.10
208.01	19441.32
208.07	19499.49
208.12	19559.47
208.17	19612.20
208.23	19660.69
208.28	19710.15
208.33	19767.47
208.39	19828.38
208.44	19891.18
208.49	19957.03
208.55	20020.83
208.60	20073.69
208.65	20117.72
208.71	20174.15
208.76	20224.94
208.81	20282.21
208.87	20345.76
208.92	20409.40
208.97	20469.46
209.03	20534.52
209.08	20595.14
209.13	20653.97
209.19	20716.88
209.24	20770.54
209.29	20826.41
209.35	20884.83
209.40	20943.44
209.45	21005.59
209.51	21072.97
209.56	21139.29
209.61	21206.17
209.67	21274.58
209.72	21336.29
209.77	21397.62
209.83	21460.00
209.88	21523.43
209.93	21584.09
209.99	21645.28
210.04	21709.90
210.09	21776.12
210.15	21836.56
210.20	21899.80
210.25	21963.51
210.31	22020.77
210.36	22066.94
210.41	22121.64
210.46	22182.87
210.52	22237.68
210.57	22289.96
210.62	22355.86
210.68	22421.23
210.73	22467.18
210.78	22529.51
210.84	22600.52
210.89	22664.19
210.94	22716.03
211.00	22779.77
211.05	22823.94
211.10	22878.98
211.16	22932.52
211.21	23002.49
211.26	23064.93
211.32	23147.82
211.37	23214.82
211.42	23280.79
211.47	23342.18
211.53	23412.96
211.58	23469.85
211.63	23527.02
211.69	23589.58
211.74	23644.83
211.79	23695.82
211.85	23759.41
211.90	23823.67
211.95	23883.82
212.01	23948.52
212.06	24022.43
212.11	24094.03
212.16	24170.70
212.22	24248.46
212.27	24321.76
212.32	24388.46
212.38	24458.53
212.43	24520.06
212.48	24579.48
212.54	24641.81
212.59	24708.90
212.64	24768.89
212.69	24828.54
212.75	24895.53
212.80	24966.51
212.85	25033.79
212.91	25083.19
212.96	25140.61
213.01	25205.20
213.07	25263.22
213.12	25323.95
213.17	25394.29
213.22	25460.93
213.28	25519.94
213.33	25576.01
213.38	25628.01
213.44	25685.17
213.49	25752.59
213.54	25818.87
213.60	25897.01
213.65	25970.32
213.70	26053.48
213.75	26120.82
213.81	26180.11
213.86	26239.09
213.91	26292.83
213.97	26339.44
214.02	26382.59
214.07	26425.26
214.12	26461.33
214.18	26502.01
214.23	26538.25
214.28	26582.61
214.34	26613.86
214.39	26643.68
214.44	26656.97
214.49	26642.73
214.55	26608.16
214.60	26566.01
214.65	26492.77
214.71	26433.49
214.76	26446.08
214.81	26520.01
214.86	26673.48
214.92	26876.47
214.97	27095.12
215.02	27273.50
215.08	27404.06
215.13	27482.41
215.18	27525.99
215.23	27545.47
215.29	27578.71
215.34	27649.30
215.39	27746.63
215.45	27884.51
215.50	28048.86
215.55	28204.69
215.60	28327.53
215.66	28417.23
215.71	28490.07
215.76	28565.05
215.81	28622.43
215.87	28686.42
215.92	28753.22
215.97	28804.57
216.03	28858.26
216.08	28911.11
216.13	28966.80
216.18	29029.24
216.24	29103.13
216.29	29150.50
216.34	29209.95
216.39	29273.64
216.45	29333.09
216.50	29388.42
216.55	29455.59
216.61	29532.41
216.66	29591.67
216.71	29651.63
216.76	29708.88
216.82	29785.73
216.87	29845.73
216.92	29918.03
216.97	29986.22
217.03	30067.06
217.08	30132.21
217.13	30214.22
217.18	30288.18
217.24	30359.60
217.29	30425.20
217.34	30479.63
217.39	30526.34
217.45	30571.44
217.50	30621.50
217.55	30678.92
217.61	30747.29
217.66	30813.88
217.71	30882.38
217.76	30958.00
217.82	31033.57
217.87	31107.10
217.92	31180.73
217.97	31250.51
218.03	31316.23
218.08	31360.28
218.13	31401.34
218.18	31447.28
218.24	31513.93
218.29	31572.19
218.34	31639.74
218.39	31708.39
218.45	31770.97
218.50	31825.54
218.55	31885.79
218.60	31943.98
218.66	31998.29
218.71	32066.17
218.76	32129.40
218.81	32194.09
218.87	32255.78
218.92	32326.32
218.97	32396.75
219.02	32460.28
219.08	32523.01
219.13	32599.94
219.18	32669.33
219.23	32727.70
219.29	32790.18
219.34	32857.38
219.39	32923.30
219.44	32987.67
219.50	33058.44
219.55	33126.10
219.60	33195.21
219.65	33257.45
219.71	33319.58
219.76	33366.69
219.81	33424.12
219.86	33480.57
219.92	33529.83
219.97	33581.81
220.02	33638.13
220.07	33700.19
220.13	33756.21
220.18	33829.66
220.23	33903.68
220.28	33988.79
220.33	34060.33
220.39	34117.86
220.44	34173.26
220.49	34225.93
220.54	34268.56
220.60	34322.88
220.65	34390.42
220.70	34455.71
220.75	34530.25
220.81	34620.14
220.86	34700.89
220.91	34769.01
220.96	34840.26
221.02	34908.45
221.07	34970.63
221.12	35023.95
221.17	35083.40
221.22	35139.28
221.28	35194.50
221.33	35249.94
221.38	35310.89
221.43	35385.53
221.49	35450.93
221.54	35513.43
221.59	35578.13
221.64	35660.31
221.69	35749.13
221.75	35849.25
221.80	35943.67
221.85	36023.89
221.90	36087.12
221.96	36142.52
222.01	36174.46
222.06	36214.23
222.11	36258.23
222.17	36303.53
222.22	36328.31
222.27	36382.39
222.32	36435.63
222.37	36489.05
222.43	36550.87
222.48	36622.96
222.53	36687.86
222.58	36759.85
222.63	36830.55
222.69	36893.86
222.74	36968.03
222.79	37037.76
222.84	37091.40
222.90	37145.55
222.95	37195.15
223.00	37236.15
223.05	37287.84
223.10	37345.56
223.16	37402.77
223.21	37454.66
223.26	37505.30
223.31	37541.65
223.36	37572.33
223.42	37616.42
223.47	37654.18
223.52	37700.22
223.57	37748.51
223.63	37809.11
223.68	37856.00
223.73	37928.73
223.78	38001.33
223.83	38065.78
223.89	38128.03
223.94	38200.75
223.99	38261.44
224.04	38328.75
224.09	38415.90
224.15	38505.89
224.20	38580.21
224.25	38670.38
224.30	38759.89
224.35	38839.50
224.41	38929.57
224.46	39025.41
224.51	39106.57
224.56	39179.84
224.61	39258.05
224.67	39332.26
224.72	39407.30
224.77	39506.31
224.82	39608.50
224.87	39696.79
224.93	39777.92
224.98	39866.92
225.03	39944.73
225.08	40015.85
225.13	40097.83
225.19	40179.33
225.24	40262.82
225.29	40334.47
225.34	40417.09
225.39	40500.48
225.45	40588.01
225.50	40659.43
225.55	40736.65
225.60	40806.23
225.65	40880.87
225.71	40941.20
225.76	41001.28
225.81	41050.96
225.86	41095.35
225.91	41121.36
225.97	41144.56
226.02	41157.97
226.07	41142.83
226.12	41147.67
226.17	41194.06
226.22	41289.66
226.28	41433.33
226.33	41634.51
226.38	41819.65
226.43	41975.68
226.48	42080.01
226.54	42150.81
226.59	42204.36
226.64	42245.97
226.69	42274.49
226.74	42316.70
226.80	42384.31
226.85	42452.88
226.90	42552.62
226.95	42681.88
227.00	42815.78
227.05	42938.35
227.11	43067.00
227.16	43170.74
227.21	43259.60
227.26	43343.86
227.31	43424.11
227.37	43475.67
227.42	43549.82
227.47	43624.96
227.52	43701.96
227.57	43762.90
227.62	43854.57
227.68	43927.63
227.73	44000.78
227.78	44079.58
227.83	44163.13
227.88	44230.77
227.93	44318.45
227.99	44403.00
228.04	44477.99
228.09	44559.03
228.14	44637.32
228.19	44697.15
228.24	44757.58
228.30	44824.73
228.35	44884.45
228.40	44951.39
228.45	45014.91
228.50	45089.70
228.56	45151.70
228.61	45214.11
228.66	45270.20
228.71	45331.69
228.76	45376.00
228.81	45419.93
228.87	45463.27
228.92	45529.21
228.97	45589.02
229.02	45675.11
229.07	45751.02
229.12	45841.00
229.17	45906.72
229.23	45981.43
229.28	46049.87
229.33	46133.19
229.38	46210.18
229.43	46288.58
229.48	46367.81
229.54	46438.50
229.59	46501.42
229.64	46569.31
229.69	46644.48
229.74	46726.57
229.79	46793.06
229.85	46871.26
229.90	46943.88
229.95	47014.78
230.00	47077.02
230.05	47158.15
230.10	47221.18
230.16	47288.79
230.21	47344.86
230.26	47401.19
230.31	47433.48
230.36	47495.37
230.41	47553.58
230.46	47640.47
230.52	47733.33
230.57	47825.77
230.62	47920.11
230.67	47989.33
230.72	48049.47
230.77	48088.17
230.82	48140.11
230.88	48164.67
230.93	48211.67
230.98	48249.24
231.03	48303.59
231.08	48359.65
231.13	48412.98
231.19	48477.89
231.24	48545.11
231.29	48622.23
231.34	48691.85
231.39	48767.20
231.44	48843.87
231.49	48896.65
231.55	48931.52
231.60	48970.45
231.65	49020.80
231.70	49060.74
231.75	49115.10
231.80	49175.72
231.85	49241.01
231.91	49290.40
231.96	49333.38
232.01	49396.47
232.06	49460.39
232.11	49520.97
232.16	49601.33
232.21	49698.55
232.26	49782.28
232.32	49856.57
232.37	49929.82
232.42	49993.34
232.47	50033.99
232.52	50078.47
232.57	50130.76
232.62	50184.20
232.68	50246.50
232.73	50314.39
232.78	50390.54
232.83	50464.66
232.88	50540.96
232.93	50622.70
232.98	50700.62
233.03	50756.98
233.09	50820.88
233.14	50892.80
233.19	50938.69
233.24	50989.06
233.29	51040.91
233.34	51077.29
233.39	51091.05
233.45	51124.12
233.50	51158.78
233.55	51206.90
233.60	51273.26
233.65	51336.21
233.70	51395.68
233.75	51451.46
233.80	51503.20
233.86	51549.22
233.91	51603.66
233.96	51647.43
234.01	51703.48
234.06	51756.90
234.11	51819.34
234.16	51871.28
234.21	51936.30
234.26	51980.51
234.32	52016.31
234.37	52041.61
234.42	52078.86
234.47	52101.60
234.52	52135.00
234.57	52181.15
234.62	52219.93
234.67	52270.55
234.73	52328.10
234.78	52388.88
234.83	52433.68
234.88	52487.18
234.93	52524.90
234.98	52564.45
235.03	52607.79
235.08	52670.65
235.13	52728.68
235.19	52802.68
235.24	52854.31
235.29	52916.42
235.34	52961.72
235.39	52998.72
235.44	53023.22
235.49	53073.26
235.54	53095.36
235.59	53115.45
235.65	53147.01
235.70	53179.72
235.75	53218.33
235.80	53272.33
235.85	53318.04
235.90	53362.06
235.95	53391.38
236.00	53423.52
236.05	53445.40
236.11	53477.36
236.16	53516.83
236.21	53567.44
236.26	53592.84
236.31	53622.92
236.36	53645.97
236.41	53657.72
236.46	53664.99
236.51	53687.61
236.56	53709.16
236.62	53738.49
236.67	53763.82
236.72	53810.71
236.77	53835.36
236.82	53873.48
236.87	53904.20
236.92	53932.88
236.97	53967.73
237.02	54022.37
237.07	54073.96
237.13	54135.02
237.18	54195.93
237.23	54244.01
237.28	54281.09
237.33	54312.87
237.38	54331.35
237.43	54354.51
237.48	54352.10
237.53	54367.50
237.58	54396.19
237.63	54443.57
237.69	54483.61
237.74	54546.68
237.79	54594.19
237.84	54610.48
237.89	54611.06
237.94	54617.40
237.99	54629.78
238.04	54640.63
238.09	54656.81
238.14	54686.49
238.19	54717.64
238.25	54731.02
238.30	54728.09
238.35	54734.53
238.40	54737.41
238.45	54733.84
238.50	54733.19
238.55	54744.38
238.60	54774.75
238.65	54788.11
238.70	54810.17
238.75	54833.28
238.80	54873.34
238.86	54878.59
238.91	54894.49
238.96	54919.28
239.01	54952.01
239.06	54977.55
239.11	55004.15
239.16	55040.31
239.21	55043.98
239.26	55035.25
239.31	55039.19
239.36	55052.55
239.41	55059.21
239.46	55093.44
239.52	55129.17
239.57	55148.12
239.62	55169.72
239.67	55189.07
239.72	55203.00
239.77	55213.22
239.82	55231.18
239.87	55250.41
239.92	55262.88
239.97	55265.31
240.02	55260.29
240.07	55245.15
240.12	55234.82
240.17	55234.89
240.23	55233.37
240.28	55241.33
240.33	55256.33
240.38	55247.81
240.43	55250.81
240.48	55269.25
240.53	55283.72
240.58	55303.00
240.63	55347.78
240.68	55356.43
240.73	55346.43
240.78	55347.02
240.83	55340.45
240.88	55308.56
240.93	55303.16
240.98	55298.35
241.04	55308.78
241.09	55325.68
241.14	55361.23
241.19	55397.47
241.24	55437.84
241.29	55456.96
241.34	55468.08
241.39	55477.89
241.44	55476.14
241.49	55474.50
241.54	55471.85
241.59	55467.47
241.64	55462.17
241.69	55456.05
241.74	55443.16
241.79	55430.52
241.84	55416.66
241.90	55395.56
241.95	55375.96
242.00	55355.08
242.05	55337.94
242.10	55333.84
242.15	55327.35
242.20	55322.96
242.25	55322.09
242.30	55317.66
242.35	55301.65
242.40	55295.18
242.45	55286.06
242.50	55283.19
242.55	55282.39
242.60	55283.28
242.65	55279.63
242.70	55295.36
242.75	55310.82
242.80	55353.61
242.85	55390.62
242.91	55403.32
242.96	55387.53
243.01	55380.13
243.06	55342.77
243.11	55302.88
243.16	55288.22
243.21	55290.02
243.26	55287.40
243.31	55296.21
243.36	55310.81
243.41	55322.56
243.46	55315.91
243.51	55290.02
243.56	55240.08
243.61	55181.75
243.66	55139.58
243.71	55108.47
243.76	55104.35
243.81	55114.16
243.86	55115.91
243.91	55118.48
243.96	55113.27
244.01	55088.76
244.06	55067.69
244.12	55073.88
244.17	55049.62
244.22	55056.57
244.27	55078.51
244.32	55107.66
244.37	55114.12
244.42	55129.25
244.47	55112.67
244.52	55082.81
244.57	55047.23
244.62	55017.90
244.67	54998.11
244.72	54978.23
244.77	54978.34
244.82	54994.10
244.87	55030.03
244.92	55049.64
244.97	55072.70
245.02	55069.78
245.07	55047.20
245.12	55025.19
245.17	55012.02
245.22	55010.26
245.27	55009.23
245.32	54981.01
245.37	54936.58
245.42	54890.91
245.47	54842.11
245.52	54799.59
245.57	54780.79
245.62	54765.09
245.67	54751.78
245.72	54740.15
245.77	54717.23
245.82	54701.87
245.87	54705.39
245.92	54719.28
245.98	54709.84
246.03	54716.03
246.08	54719.48
246.13	54712.85
246.18	54712.55
246.23	54721.28
246.28	54706.28
246.33	54692.10
246.38	54655.33
246.43	54612.11
246.48	54580.49
246.53	54579.67
246.58	54588.58
246.63	54607.40
246.68	54604.33
246.73	54596.06
246.78	54567.13
246.83	54509.83
246.88	54452.13
246.93	54403.12
246.98	54352.86
247.03	54328.16
247.08	54318.64
247.13	54314.84
247.18	54313.72
247.23	54334.93
247.28	54334.16
247.33	54316.04
247.38	54287.40
247.43	54271.16
247.48	54250.49
247.53	54221.05
247.58	54197.63
247.63	54183.54
247.68	54146.36
247.73	54085.75
247.78	54047.81
247.83	54012.60
247.88	53984.73
247.93	53979.98
247.98	53991.18
248.03	53995.28
248.08	54012.75
248.13	54001.93
248.18	53982.61
248.23	53964.38
248.28	53928.63
248.33	53882.88
248.38	53851.05
248.43	53832.79
248.48	53808.50
248.53	53798.88
248.58	53792.93
248.63	53796.17
248.68	53771.72
248.73	53746.24
248.78	53720.28
248.83	53667.47
248.88	53599.87
248.93	53536.52
248.98	53456.64
249.03	53415.16
249.08	53383.30
249.13	53368.97
249.18	53356.64
249.23	53375.97
249.28	53364.60
249.33	53372.18
249.38	53359.93
249.43	53351.76
249.48	53321.82
249.53	53303.81
249.58	53275.61
249.63	53250.50
249.68	53228.81
249.73	53220.73
249.78	53190.52
249.83	53184.99
249.88	53160.36
249.93	53153.33
249.98	53145.09
250.03	53142.22
250.08	53112.00
250.13	53105.72
250.18	53071.73
250.23	53020.85
250.28	52969.22
250.33	52913.29
250.37	52874.85
250.42	52835.15
250.47	52810.99
250.52	52797.09
250.57	52786.95
250.62	52751.68
250.67	52730.19
250.72	52711.84
250.77	52667.06
250.82	52644.63
250.87	52645.99
250.92	52628.93
250.97	52603.68
251.02	52602.06
251.07	52602.63
251.12	52572.48
251.17	52539.85
251.22	52509.44
251.27	52475.52
251.32	52414.76
251.37	52366.28
251.42	52312.28
251.47	52273.57
251.52	52240.84
251.57	52233.45
251.62	52221.90
251.67	52218.83
251.72	52199.29
251.77	52163.83
251.82	52118.03
251.87	52068.53
251.92	52024.79
251.97	51978.50
252.02	51943.03
252.07	51916.24
252.12	51906.27
252.16	51902.80
252.21	51903.97
252.26	51904.74
252.31	51899.38
252.36	51888.53
252.41	51868.47
252.46	51842.47
252.51	51821.27
252.56	51787.87
252.61	51754.53
252.66	51722.74
252.71	51696.68
252.76	51665.97
252.81	51624.85
252.86	51577.91
252.91	51536.05
252.96	51470.87
253.01	51401.69
253.06	51346.18
253.11	51291.53
253.16	51246.12
253.21	51200.34
253.26	51161.08
253.31	51127.17
253.36	51106.61
253.40	51079.90
253.45	51076.11
253.50	51037.93
253.55	51009.31
253.60	50962.03
253.65	50912.41
253.70	50870.21
253.75	50857.37
253.80	50824.61
253.85	50823.56
253.90	50834.61
253.95	50826.33
254.00	50822.70
254.05	50816.39
254.10	50780.54
254.15	50738.80
254.20	50709.74
254.25	50671.23
254.30	50638.63
254.35	50600.93
254.39	50537.69
254.44	50462.28
254.49	50391.37
254.54	50371.29
254.59	50336.87
254.64	50327.05
254.69	50319.59
254.74	50317.52
254.79	50276.34
254.84	50239.26
254.89	50217.30
254.94	50200.30
254.99	50180.63
255.04	50161.18
255.09	50159.28
255.14	50134.24
255.19	50121.32
255.23	50112.72
255.28	50103.02
255.33	50094.66
255.38	50088.50
255.43	50073.31
255.48	50041.05
255.53	50005.64
255.58	49971.05
255.63	49932.75
255.68	49880.41
255.73	49839.05
255.78	49797.00
255.83	49780.69
255.88	49757.59
255.93	49736.04
255.97	49722.26
256.02	49698.34
256.07	49644.86
256.12	49574.12
256.17	49521.64
256.22	49463.19
256.27	49405.56
256.32	49362.85
256.37	49337.13
256.42	49312.53
256.47	49278.61
256.52	49258.57
256.57	49227.13
256.62	49212.24
256.66	49206.09
256.71	49185.58
256.76	49150.00
256.81	49105.85
256.86	49057.36
256.91	48994.91
256.96	48952.04
257.01	48920.34
257.06	48899.95
257.11	48870.37
257.16	48820.56
257.21	48780.06
257.26	48744.81
257.30	48705.57
257.35	48667.68
257.40	48652.00
257.45	48640.77
257.50	48612.27
257.55	48579.75
257.60	48560.86
257.65	48537.00
257.70	48496.55
257.75	48463.57
257.80	48438.00
257.85	48392.04
257.89	48343.29
257.94	48283.02
257.99	48218.00
258.04	48165.01
258.09	48125.02
258.14	48099.35
258.19	48087.69
258.24	48069.76
258.29	48025.87
258.34	47987.53
258.39	47944.70
258.44	47886.69
258.48	47831.68
258.53	47796.10
258.58	47750.68
258.63	47698.79
258.68	47658.04
258.73	47629.10
258.78	47591.68
258.83	47558.62
258.88	47522.37
258.93	47482.24
258.97	47439.29
259.02	47405.61
259.07	47376.18
259.12	47358.41
259.17	47345.02
259.22	47337.53
259.27	47314.86
259.32	47294.60
259.37	47245.50
259.42	47213.92
259.47	47165.33
259.51	47119.02
259.56	47053.70
259.61	46995.62
259.66	46913.93
259.71	46838.52
259.76	46776.55
259.81	46722.59
259.86	46680.50
259.91	46645.35
259.95	46622.68
260.00	46593.05
260.05	46574.78
260.10	46558.63
260.15	46540.98
260.20	46532.15
260.25	46525.16
260.30	46511.81
260.35	46487.65
260.40	46455.47
260.44	46422.85
260.49	46403.59
260.54	46372.01
260.59	46346.34
260.64	46341.03
260.69	46335.50
260.74	46296.71
260.79	46253.36
260.84	46207.76
260.88	46148.15
260.93	46066.47
260.98	46021.58
261.03	45987.81
261.08	45956.87
261.13	45927.42
261.18	45891.52
261.23	45837.88
261.28	45795.09
261.32	45755.32
261.37	45707.32
261.42	45679.74
261.47	45666.11
261.52	45617.82
261.57	45569.58
261.62	45530.46
261.67	45477.80
261.71	45401.75
261.76	45361.89
261.81	45311.70
261.86	45257.02
261.91	45211.47
261.96	45176.82
262.01	45136.72
262.06	45109.57
262.10	45100.12
262.15	45084.29
262.20	45068.09
262.25	45052.33
262.30	45029.28
262.35	44994.29
262.40	44967.06
262.45	44929.24
262.49	44892.39
262.54	44864.30
262.59	44838.20
262.64	44802.76
262.69	44770.59
262.74	44726.39
262.79	44662.09
262.84	44613.42
262.88	44560.06
262.93	44513.08
262.98	44474.66
263.03	44438.86
263.08	44387.98
263.13	44331.66
263.18	44267.48
263.23	44206.24
263.27	44165.68
263.32	44133.44
263.37	44119.09
263.42	44107.89
263.47	44085.42
263.52	44059.73
263.57	44012.71
263.61	43962.60
263.66	43918.00
263.71	43884.63
263.76	43848.90
263.81	43809.14
263.86	43774.13
263.91	43740.08
263.95	43681.17
264.00	43618.88
264.05	43578.12
264.10	43523.75
264.15	43453.46
264.20	43410.00
264.25	43368.29
264.29	43323.29
264.34	43263.95
264.39	43235.37
264.44	43184.62
264.49	43133.01
264.54	43078.40
264.59	43050.69
264.63	42997.74
264.68	42950.08
264.73	42900.17
264.78	42860.39
264.83	42807.86
264.88	42770.18
264.93	42742.85
264.97	42714.24
265.02	42684.99
265.07	42666.46
265.12	42621.24
265.17	42570.76
265.22	42532.20
265.27	42479.79
265.31	42414.23
265.36	42364.04
265.41	42310.74
265.46	42250.41
265.51	42178.97
265.56	42118.83
265.60	42060.28
265.65	41999.94
265.70	41946.78
265.75	41894.09
265.80	41848.63
265.85	41788.33
265.90	41734.59
265.94	41669.98
265.99	41609.96
266.04	41553.77
266.09	41519.59
266.14	41480.82
266.19	41452.42
266.23	41429.34
266.28	41385.13
266.33	41345.58
266.38	41321.39
266.43	41296.14
266.48	41274.31
266.52	41251.58
266.57	41210.56
266.62	41171.59
266.67	41116.53
266.72	41063.37
266.77	41034.00
266.81	41014.44
266.86	40978.49
266.91	40950.57
266.96	40910.68
267.01	40863.06
267.06	40808.65
267.10	40762.08
267.15	40712.54
267.20	40682.40
267.25	40650.05
267.30	40616.49
267.35	40579.85
267.39	40543.48
267.44	40501.82
267.49	40451.06
267.54	40405.66
267.59	40356.01
267.64	40307.35
267.68	40245.33
267.73	40195.13
267.78	40143.18
267.83	40115.79
267.88	40096.08
267.93	40091.49
267.97	40073.27
268.02	40048.53
268.07	40000.57
268.12	39947.71
268.17	39885.58
268.21	39837.95
268.26	39791.97
268.31	39748.13
268.36	39705.44
268.41	39664.83
268.46	39621.10
268.50	39578.95
268.55	39526.84
268.60	39466.68
268.65	39398.23
268.70	39322.69
268.74	39250.50
268.79	39186.77
268.84	39130.40
268.89	39088.02
268.94	39054.52
268.99	39021.54
269.03	38981.89
269.08	38938.02
269.13	38866.03
269.18	38791.83
269.23	38687.99
269.27	38577.07
269.32	38447.92
269.37	38325.24
269.42	38181.38
269.47	38056.11
269.51	37919.28
269.56	37782.68
269.61	37644.13
269.66	37495.95
269.71	37338.13
269.76	37195.49
269.80	37041.22
269.85	36892.57
269.90	36758.75
269.95	36613.44
270.00	36456.46
270.04	36316.57
270.09	36173.85
270.14	36025.79
270.19	35891.49
270.24	35757.70
270.28	35600.35
270.33	35431.32
270.38	35253.70
270.43	35074.38
270.48	34896.74
270.52	34741.20
270.57	34582.99
270.62	34423.47
270.67	34270.44
270.72	34109.99
270.76	33931.77
270.81	33763.99
270.86	33599.49
270.91	33419.49
270.96	33248.33
271.00	33088.75
271.05	32931.30
271.10	32790.26
271.15	32659.90
271.20	32541.37
271.24	32413.75
271.29	32275.74
271.34	32125.62
271.39	31972.74
271.44	31818.36
271.48	31671.73
271.53	31530.73
271.58	31386.98
271.63	31241.58
271.67	31092.56
271.72	30951.09
271.77	30811.24
271.82	30678.13
271.87	30544.95
271.91	30393.08
271.96	30251.18
272.01	30112.05
272.06	29976.88
272.11	29851.50
272.15	29748.47
272.20	29643.22
272.25	29541.27
272.30	29442.68
272.35	29338.69
272.39	29233.14
272.44	29115.21
272.49	28977.23
272.54	28833.59
272.58	28688.14
272.63	28534.50
272.68	28381.35
272.73	28231.05
272.78	28063.12
272.82	27863.13
272.87	27632.38
272.92	27343.99
272.97	26816.22
273.01	23858.62
273.06	18916.90
273.11	13477.25
273.16	8129.40
273.21	3060.62
273.25	461.36
273.30	-88.47
273.35	-88.55
