165.32	3384.08
165.38	-248.50
165.44	596.71
165.50	-77.03
165.55	-18.45
165.61	4.02
165.67	32.02
165.72	41.22
165.78	46.64
165.84	45.45
165.89	42.72
165.95	41.37
166.01	40.63
166.06	41.79
166.12	44.19
166.18	42.41
166.23	44.14
166.29	43.38
166.35	40.33
166.40	39.56
166.46	45.88
166.52	48.61
166.57	49.63
166.63	49.93
166.69	52.61
166.74	46.75
166.80	47.24
166.86	49.56
166.91	50.47
166.97	44.69
167.03	47.31
167.08	41.27
167.14	39.97
167.20	38.06
167.25	50.50
167.31	50.52
167.37	56.47
167.42	57.74
167.48	63.73
167.54	58.24
167.59	57.80
167.65	53.21
167.71	53.56
167.76	52.24
167.82	47.55
167.88	47.50
167.93	55.14
167.99	53.83
168.05	56.56
168.10	64.74
168.16	63.85
168.21	61.87
168.27	66.61
168.33	68.12
168.38	60.72
168.44	65.60
168.50	64.27
168.55	62.65
168.61	63.26
168.67	65.20
168.72	62.68
168.78	62.73
168.84	58.16
168.89	56.98
168.95	57.83
169.01	56.87
169.06	56.54
169.12	56.55
169.18	54.42
169.23	54.30
169.29	58.34
169.34	62.97
169.40	65.23
169.46	69.78
169.51	71.89
169.57	68.08
169.63	63.77
169.68	68.52
169.74	64.87
169.80	70.61
169.85	71.54
169.91	75.20
169.97	71.62
170.02	71.63
170.08	70.59
170.13	71.28
170.19	71.17
170.25	72.85
170.30	76.76
170.36	68.61
170.42	70.28
170.47	71.10
170.53	72.54
170.59	69.23
170.64	72.93
170.70	71.44
170.76	69.11
170.81	71.12
170.87	70.68
170.92	71.37
170.98	74.11
171.04	76.42
171.09	71.92
171.15	79.57
171.21	80.44
171.26	77.66
171.32	75.31
171.37	78.73
171.43	73.06
171.49	77.80
171.54	80.46
171.60	81.97
171.66	84.28
171.71	84.79
171.77	82.22
171.83	88.20
171.88	87.49
171.94	86.67
171.99	91.23
172.05	90.07
172.11	91.88
172.16	100.22
172.22	100.27
172.28	100.29
172.33	98.58
172.39	94.98
172.44	92.10
172.50	97.65
172.56	97.12
172.61	105.40
172.67	104.77
172.72	104.03
172.78	98.84
172.84	94.16
172.89	87.44
172.95	86.72
173.01	88.28
173.06	87.20
173.12	93.46
173.17	94.92
173.23	94.40
173.29	94.38
173.34	95.94
173.40	90.11
173.46	90.68
173.51	93.53
173.57	93.61
173.62	88.43
173.68	94.61
173.74	93.41
173.79	94.90
173.85	92.08
173.90	94.31
173.96	90.95
174.02	88.68
174.07	80.75
174.13	79.84
174.18	82.66
174.24	75.99
174.30	75.80
174.35	80.82
174.41	78.02
174.47	71.84
174.52	73.06
174.58	71.60
174.63	67.12
174.69	65.98
174.75	67.70
174.80	78.56
174.86	76.62
174.91	78.34
174.97	78.22
175.03	75.64
175.08	63.86
175.14	70.46
175.19	66.10
175.25	66.95
175.31	71.48
175.36	72.81
175.42	69.49
175.47	74.17
175.53	74.40
175.59	70.75
175.64	72.11
175.70	70.25
175.75	65.36
175.81	63.63
175.87	64.71
175.92	60.82
175.98	62.59
176.03	63.04
176.09	63.63
176.15	63.54
176.20	64.54
176.26	64.64
176.31	67.78
176.37	65.27
176.42	66.36
176.48	70.36
176.54	67.47
176.59	64.27
176.65	66.78
176.70	68.53
176.76	67.17
176.82	65.69
176.87	63.17
176.93	63.30
176.98	61.48
177.04	56.92
177.10	61.19
177.15	62.45
177.21	63.23
177.26	62.62
177.32	66.71
177.37	68.17
177.43	72.07
177.49	68.77
177.54	66.15
177.60	66.72
177.65	67.77
177.71	62.51
177.77	65.58
177.82	66.82
177.88	70.36
177.93	65.91
177.99	72.36
178.04	67.62
178.10	68.45
178.16	61.84
178.21	62.29
178.27	59.35
178.32	63.71
178.38	62.81
178.43	63.97
178.49	64.29
178.55	63.47
178.60	61.72
178.66	60.77
178.71	62.77
178.77	60.65
178.82	61.69
178.88	61.97
178.94	62.78
178.99	63.23
179.05	67.33
179.10	63.64
179.16	66.31
179.21	68.41
179.27	67.65
179.33	63.88
179.38	67.36
179.44	65.59
179.49	65.61
179.55	63.67
179.60	63.73
179.66	62.77
179.72	65.03
179.77	62.07
179.83	61.22
179.88	62.58
179.94	63.67
179.99	59.89
180.05	60.70
180.11	61.10
180.16	63.27
180.22	65.34
180.27	70.10
180.33	71.15
180.38	75.60
180.44	71.37
180.49	71.22
180.55	69.07
180.61	72.79
180.66	67.48
180.72	66.18
180.77	64.12
180.83	64.13
180.88	61.11
180.94	61.00
180.99	64.40
181.05	65.04
181.11	66.06
181.16	66.74
181.22	68.25
181.27	70.45
181.33	68.92
181.38	65.49
181.44	66.16
181.49	70.42
181.55	70.95
181.61	77.23
181.66	80.25
181.72	78.32
181.77	75.91
181.83	73.48
181.88	78.69
181.94	80.22
181.99	85.12
182.05	85.18
182.11	86.27
182.16	76.95
182.22	74.51
182.27	69.96
182.33	72.41
182.38	72.08
182.44	76.50
182.49	78.95
182.55	81.19
182.60	80.85
182.66	83.83
182.72	86.02
182.77	88.46
182.83	91.57
182.88	94.34
182.94	95.26
182.99	92.73
183.05	90.97
183.10	92.91
183.16	91.97
183.21	93.35
183.27	100.24
183.32	104.40
183.38	107.50
183.44	113.83
183.49	118.46
183.55	119.12
183.60	124.66
183.66	130.11
183.71	138.81
183.77	145.53
183.82	154.01
183.88	164.06
183.93	174.14
183.99	186.51
184.04	202.42
184.10	213.94
184.15	225.29
184.21	238.55
184.27	240.58
184.32	240.74
184.38	239.71
184.43	236.73
184.49	221.52
184.54	206.25
184.60	199.26
184.65	186.58
184.71	177.92
184.76	179.78
184.82	196.28
184.87	211.95
184.93	235.84
184.98	261.82
185.04	291.60
185.09	314.69
185.15	338.90
185.20	370.27
185.26	403.19
185.31	431.04
185.37	458.20
185.43	477.87
185.48	496.42
185.54	518.96
185.59	542.73
185.65	567.37
185.70	608.22
185.76	652.64
185.81	686.70
185.87	723.96
185.92	768.20
185.98	801.99
186.03	819.49
186.09	821.83
186.14	798.22
186.20	746.30
186.25	665.25
186.31	581.52
186.36	517.86
186.42	490.45
186.47	500.53
186.53	546.46
186.58	615.24
186.64	687.65
186.69	759.24
186.75	819.35
186.80	877.85
186.86	935.36
186.91	994.01
186.97	1050.26
187.02	1121.75
187.08	1189.78
187.13	1248.41
187.19	1313.75
187.24	1379.77
187.30	1428.27
187.35	1480.94
187.41	1549.05
187.47	1613.61
187.52	1667.90
187.58	1728.71
187.63	1797.54
187.69	1865.13
187.74	1920.90
187.80	1972.93
187.85	2019.52
187.91	2041.46
187.96	2027.54
188.02	1967.96
188.07	1861.20
188.13	1704.01
188.18	1538.56
188.24	1414.66
188.29	1353.76
188.35	1362.32
188.40	1440.14
188.46	1562.28
188.51	1686.66
188.57	1813.12
188.62	1936.55
188.67	2052.55
188.73	2163.50
188.78	2267.94
188.84	2371.56
188.89	2474.11
188.95	2578.01
189.00	2668.72
189.06	2763.70
189.11	2856.70
189.17	2938.20
189.22	3010.30
189.28	3095.87
189.33	3174.03
189.39	3237.61
189.44	3303.17
189.50	3378.62
189.55	3447.05
189.61	3499.26
189.66	3558.18
189.72	3616.23
189.77	3667.73
189.83	3697.55
189.88	3707.73
189.94	3678.06
189.99	3601.29
190.05	3448.69
190.10	3230.88
190.16	2984.19
190.21	2765.35
190.27	2623.59
190.32	2587.50
190.38	2657.53
190.43	2810.17
190.49	2994.52
190.54	3158.50
190.60	3305.99
190.65	3437.52
190.71	3556.94
190.76	3670.58
190.81	3782.36
190.87	3893.78
190.92	4015.77
190.98	4131.74
191.03	4247.19
191.09	4371.26
191.14	4479.34
191.20	4570.82
191.25	4671.93
191.31	4767.67
191.36	4858.13
191.42	4949.38
191.47	5048.95
191.53	5144.17
191.58	5228.92
191.64	5295.81
191.69	5360.72
191.75	5404.49
191.80	5432.98
191.85	5450.39
191.91	5472.44
191.96	5494.31
192.02	5523.85
192.07	5541.26
192.13	5538.05
192.18	5491.59
192.24	5375.47
192.29	5180.59
192.35	4956.85
192.40	4774.60
192.46	4664.06
192.51	4658.09
192.57	4753.04
192.62	4928.52
192.67	5111.41
192.73	5290.54
192.78	5456.56
192.84	5608.17
192.89	5742.88
192.95	5872.27
193.00	5985.01
193.06	6092.47
193.11	6198.56
193.17	6289.40
193.22	6372.65
193.28	6463.33
193.33	6537.15
193.38	6603.76
193.44	6673.25
193.49	6745.90
193.55	6806.30
193.60	6867.67
193.66	6920.64
193.71	6964.02
193.77	6990.10
193.82	7009.00
193.88	7023.39
193.93	7050.33
193.98	7078.44
194.04	7118.43
194.09	7164.13
194.15	7216.63
194.20	7259.15
194.26	7299.69
194.31	7341.15
194.37	7367.58
194.42	7375.14
194.47	7367.65
194.53	7325.82
194.58	7239.37
194.64	7131.39
194.69	7036.97
194.75	6970.28
194.80	6955.84
194.86	7000.17
194.91	7091.35
194.97	7197.08
195.02	7309.97
195.07	7418.92
195.13	7521.53
195.18	7635.62
195.24	7736.88
195.29	7838.34
195.35	7933.98
195.40	8031.22
195.46	8109.10
195.51	8197.16
195.56	8277.51
195.62	8357.88
195.67	8423.07
195.73	8492.17
195.78	8548.50
195.84	8593.43
195.89	8623.89
195.94	8660.30
196.00	8694.46
196.05	8728.35
196.11	8775.25
196.16	8828.26
196.22	8882.11
196.27	8936.22
196.32	8991.99
196.38	9037.06
196.43	9085.73
196.49	9124.13
196.54	9160.48
196.60	9203.88
196.65	9247.46
196.71	9288.32
196.76	9337.65
196.81	9377.61
196.87	9411.67
196.92	9440.05
196.98	9457.83
197.03	9463.02
197.09	9459.12
197.14	9448.91
197.19	9448.16
197.25	9462.45
197.30	9490.61
197.36	9546.35
197.41	9610.94
197.47	9673.06
197.52	9737.99
197.57	9805.22
197.63	9852.70
197.68	9907.31
197.74	9959.56
197.79	10002.78
197.84	10045.16
197.90	10096.45
197.95	10135.33
198.01	10177.27
198.06	10225.66
198.12	10269.63
198.17	10304.52
198.22	10348.37
198.28	10390.55
198.33	10427.54
198.39	10466.17
198.44	10515.30
198.49	10561.86
198.55	10604.23
198.60	10650.67
198.66	10695.52
198.71	10745.91
198.77	10788.65
198.82	10843.77
198.87	10894.44
198.93	10940.66
198.98	10981.90
199.04	11030.21
199.09	11066.67
199.14	11109.13
199.20	11148.06
199.25	11184.85
199.31	11227.22
199.36	11274.38
199.42	11315.81
199.47	11367.72
199.52	11411.83
199.58	11451.74
199.63	11477.02
199.69	11508.41
199.74	11536.28
199.79	11564.45
199.85	11586.15
199.90	11626.75
199.96	11665.37
200.01	11707.34
200.06	11758.35
200.12	11810.30
200.17	11861.66
200.23	11913.89
200.28	11959.89
200.33	12007.97
200.39	12056.69
200.44	12100.53
200.50	12141.21
200.55	12177.71
200.60	12216.71
200.66	12253.19
200.71	12286.91
200.77	12325.08
200.82	12364.29
200.87	12402.63
200.93	12439.03
200.98	12479.18
201.04	12521.64
201.09	12570.50
201.14	12624.06
201.20	12681.15
201.25	12739.86
201.31	12793.01
201.36	12850.47
201.41	12901.87
201.47	12955.86
201.52	13004.40
201.58	13066.72
201.63	13113.59
201.68	13161.49
201.74	13208.35
201.79	13258.32
201.84	13303.17
201.90	13350.46
201.95	13402.15
202.01	13457.80
202.06	13513.85
202.11	13553.34
202.17	13604.75
202.22	13645.46
202.28	13685.39
202.33	13723.47
202.38	13766.00
202.44	13809.60
202.49	13856.08
202.54	13903.20
202.60	13949.56
202.65	14001.07
202.71	14048.82
202.76	14091.56
202.81	14131.63
202.87	14178.06
202.92	14219.01
202.98	14265.82
203.03	14312.57
203.08	14366.42
203.14	14421.54
203.19	14478.74
203.24	14532.24
203.30	14589.10
203.35	14639.67
203.41	14687.17
203.46	14736.98
203.51	14782.41
203.57	14823.37
203.62	14869.05
203.67	14921.67
203.73	14961.20
203.78	15007.13
203.84	15061.69
203.89	15107.32
203.94	15146.19
204.00	15202.30
204.05	15247.97
204.10	15286.16
204.16	15322.49
204.21	15361.40
204.27	15387.50
204.32	15418.77
204.37	15454.76
204.43	15487.04
204.48	15516.98
204.53	15545.35
204.59	15589.51
204.64	15648.21
204.69	15721.61
204.75	15794.17
204.80	15887.13
204.86	15960.10
204.91	16016.92
204.96	16068.53
205.02	16113.64
205.07	16157.40
205.12	16217.66
205.18	16288.10
205.23	16358.23
205.28	16439.62
205.34	16512.96
205.39	16581.68
205.45	16643.11
205.50	16703.80
205.55	16762.24
205.61	16820.80
205.66	16872.42
205.71	16934.61
205.77	16994.12
205.82	17054.34
205.87	17109.93
205.93	17165.37
205.98	17207.67
206.03	17246.91
206.09	17290.62
206.14	17336.47
206.20	17388.27
206.25	17443.98
206.30	17509.67
206.36	17568.59
206.41	17637.42
206.46	17693.86
206.52	17746.53
206.57	17794.88
206.62	17839.38
206.68	17876.20
206.73	17921.76
206.78	17975.06
206.84	18030.83
206.89	18088.92
206.94	18150.60
207.00	18216.65
207.05	18280.90
207.11	18344.29
207.16	18404.68
207.21	18461.50
207.27	18517.45
207.32	18573.65
207.37	18631.92
207.43	18688.51
207.48	18743.41
207.53	18797.70
207.59	18855.51
207.64	18907.70
207.69	18977.19
207.75	19048.12
207.80	19109.36
207.85	19160.93
207.91	19218.42
207.96	19265.72
208.01	19320.95
208.07	19381.79
208.12	19446.87
208.17	19502.61
208.23	19553.25
208.28	19602.81
208.33	19657.07
208.39	19713.54
208.44	19780.17
208.49	19836.43
208.55	19896.80
208.60	19949.68
208.65	19997.07
208.71	20043.86
208.76	20103.68
208.81	20159.86
208.87	20226.01
208.92	20286.22
208.97	20346.72
209.03	20409.14
209.08	20466.77
209.13	20517.67
209.19	20580.38
209.24	20635.52
209.29	20697.78
209.35	20754.67
209.40	20823.44
209.45	20888.10
209.51	20957.90
209.56	21017.12
209.61	21086.96
209.67	21145.13
209.72	21207.09
209.77	21262.72
209.83	21328.50
209.88	21396.32
209.93	21462.77
209.99	21521.09
210.04	21592.02
210.09	21654.52
210.15	21707.13
210.20	21767.49
210.25	21836.77
210.31	21896.55
210.36	21947.80
210.41	22000.17
210.46	22055.92
210.52	22106.66
210.57	22155.24
210.62	22213.42
210.68	22281.70
210.73	22335.70
210.78	22397.54
210.84	22463.21
210.89	22530.62
210.94	22583.72
211.00	22646.47
211.05	22692.75
211.10	22753.86
211.16	22807.20
211.21	22876.06
211.26	22942.14
211.32	23021.01
211.37	23082.48
211.42	23150.08
211.47	23212.46
211.53	23279.35
211.58	23342.55
211.63	23403.67
211.69	23466.41
211.74	23521.86
211.79	23566.25
211.85	23616.99
211.90	23677.87
211.95	23740.63
212.01	23808.24
212.06	23885.67
212.11	23960.57
212.16	24036.46
212.22	24106.99
212.27	24174.79
212.32	24242.62
212.38	24310.80
212.43	24376.32
212.48	24434.78
212.54	24503.26
212.59	24571.95
212.64	24638.08
212.69	24697.30
212.75	24772.17
212.80	24839.52
212.85	24900.64
212.91	24952.52
212.96	25009.56
213.01	25069.69
213.07	25127.14
213.12	25190.63
213.17	25260.82
213.22	25328.45
213.28	25387.33
213.33	25434.15
213.38	25489.18
213.44	25551.92
213.49	25618.59
213.54	25689.47
213.60	25778.62
213.65	25861.47
213.70	25934.42
213.75	26007.22
213.81	26068.31
213.86	26123.75
213.91	26173.33
213.97	26220.95
214.02	26263.22
214.07	26309.89
214.12	26355.77
214.18	26404.03
214.23	26460.34
214.28	26519.03
214.34	26570.55
214.39	26631.42
214.44	26675.83
214.49	26708.46
214.55	26731.61
214.60	26755.20
214.65	26759.53
214.71	26768.88
214.76	26816.24
214.81	26884.12
214.86	26990.61
214.92	27104.72
214.97	27237.17
215.02	27341.38
215.08	27435.31
215.13	27502.42
215.18	27561.70
215.23	27618.13
215.29	27677.55
215.34	27747.87
215.39	27828.46
215.45	27933.18
215.50	28036.04
215.55	28137.96
215.60	28226.63
215.66	28295.46
215.71	28355.01
215.76	28419.47
215.81	28467.46
215.87	28522.06
215.92	28581.51
215.97	28632.27
216.03	28687.05
216.08	28750.95
216.13	28813.45
216.18	28871.70
216.24	28938.20
216.29	28990.75
216.34	29049.13
216.39	29108.83
216.45	29176.81
216.50	29233.27
216.55	29291.65
216.61	29354.60
216.66	29409.13
216.71	29463.93
216.76	29526.43
216.82	29601.58
216.87	29673.08
216.92	29756.90
216.97	29823.02
217.03	29900.77
217.08	29968.82
217.13	30042.35
217.18	30108.21
217.24	30186.93
217.29	30252.44
217.34	30310.49
217.39	30355.61
217.45	30403.27
217.50	30456.50
217.55	30517.01
217.61	30588.18
217.66	30655.88
217.71	30723.08
217.76	30794.37
217.82	30872.30
217.87	30941.39
217.92	31018.26
217.97	31084.56
218.03	31148.02
218.08	31191.30
218.13	31234.54
218.18	31282.13
218.24	31350.92
218.29	31407.02
218.34	31470.61
218.39	31534.58
218.45	31606.29
218.50	31663.40
218.55	31721.28
218.60	31781.74
218.66	31842.42
218.71	31900.37
218.76	31964.32
218.81	32033.51
218.87	32091.58
218.92	32159.64
218.97	32227.12
219.02	32291.96
219.08	32356.66
219.13	32436.77
219.18	32501.10
219.23	32560.44
219.29	32621.16
219.34	32687.12
219.39	32745.02
219.44	32809.06
219.50	32876.96
219.55	32942.61
219.60	33004.57
219.65	33075.23
219.71	33143.98
219.76	33202.97
219.81	33261.05
219.86	33321.06
219.92	33367.27
219.97	33416.90
220.02	33470.31
220.07	33525.04
220.13	33580.80
220.18	33648.57
220.23	33719.36
220.28	33798.08
220.33	33873.10
220.39	33936.08
220.44	33992.17
220.49	34050.49
220.54	34100.23
220.60	34155.10
220.65	34220.97
220.70	34290.90
220.75	34359.50
220.81	34430.83
220.86	34503.64
220.91	34567.79
220.96	34635.46
221.02	34703.64
221.07	34776.45
221.12	34839.27
221.17	34898.47
221.22	34949.97
221.28	35004.84
221.33	35059.28
221.38	35120.90
221.43	35196.26
221.49	35270.74
221.54	35336.03
221.59	35404.16
221.64	35481.40
221.69	35563.26
221.75	35658.23
221.80	35757.67
221.85	35830.60
221.90	35902.29
221.96	35959.83
222.01	35988.81
222.06	36023.69
222.11	36078.70
222.17	36120.72
222.22	36146.41
222.27	36201.39
222.32	36247.09
222.37	36295.66
222.43	36351.41
222.48	36427.98
222.53	36496.78
222.58	36574.81
222.63	36645.67
222.69	36710.04
222.74	36784.91
222.79	36852.56
222.84	36900.36
222.90	36953.46
222.95	37008.36
223.00	37045.34
223.05	37097.13
223.10	37155.85
223.16	37208.60
223.21	37250.67
223.26	37304.01
223.31	37341.60
223.36	37379.32
223.42	37424.13
223.47	37463.43
223.52	37510.56
223.57	37566.15
223.63	37621.44
223.68	37673.28
223.73	37756.75
223.78	37824.62
223.83	37885.23
223.89	37940.97
223.94	37999.89
223.99	38052.98
224.04	38118.47
224.09	38190.68
224.15	38283.83
224.20	38371.62
224.25	38464.16
224.30	38552.46
224.35	38643.22
224.41	38739.02
224.46	38830.75
224.51	38911.16
224.56	38994.37
224.61	39074.84
224.67	39144.85
224.72	39222.50
224.77	39313.87
224.82	39411.22
224.87	39494.46
224.93	39579.17
224.98	39667.32
225.03	39751.25
225.08	39824.23
225.13	39904.29
225.19	39996.64
225.24	40086.91
225.29	40160.76
225.34	40250.05
225.39	40341.20
225.45	40420.37
225.50	40494.60
225.55	40584.25
225.60	40662.10
225.65	40749.41
225.71	40827.96
225.76	40907.53
225.81	40978.76
225.86	41052.83
225.91	41124.44
225.97	41195.01
226.02	41260.45
226.07	41305.71
226.12	41352.89
226.17	41398.27
226.22	41472.76
226.28	41565.56
226.33	41693.10
226.38	41801.42
226.43	41911.57
226.48	41991.69
226.54	42055.83
226.59	42125.16
226.64	42195.97
226.69	42252.89
226.74	42320.13
226.80	42393.35
226.85	42452.90
226.90	42520.63
226.95	42605.62
227.00	42685.46
227.05	42771.72
227.11	42869.05
227.16	42957.95
227.21	43043.52
227.26	43140.01
227.31	43214.91
227.37	43265.32
227.42	43341.38
227.47	43422.16
227.52	43483.93
227.57	43552.11
227.62	43638.92
227.68	43711.04
227.73	43791.20
227.78	43873.45
227.83	43959.84
227.88	44032.21
227.93	44112.61
227.99	44183.54
228.04	44252.82
228.09	44324.43
228.14	44399.86
228.19	44468.50
228.24	44532.01
228.30	44607.71
228.35	44678.15
228.40	44745.13
228.45	44803.98
228.50	44874.69
228.56	44931.52
228.61	44983.72
228.66	45037.85
228.71	45098.28
228.76	45138.82
228.81	45188.57
228.87	45242.85
228.92	45310.52
228.97	45372.60
229.02	45464.28
229.07	45542.82
229.12	45628.95
229.17	45692.88
229.23	45763.72
229.28	45834.78
229.33	45911.77
229.38	45990.35
229.43	46068.12
229.48	46140.49
229.54	46202.87
229.59	46269.81
229.64	46334.92
229.69	46415.53
229.74	46514.68
229.79	46583.27
229.85	46653.67
229.90	46726.37
229.95	46790.57
230.00	46844.42
230.05	46928.53
230.10	46999.67
230.16	47064.47
230.21	47118.27
230.26	47173.90
230.31	47211.77
230.36	47268.61
230.41	47322.08
230.46	47416.68
230.52	47510.32
230.57	47592.33
230.62	47674.51
230.67	47749.08
230.72	47801.05
230.77	47843.18
230.82	47895.22
230.88	47925.32
230.93	47968.82
230.98	48011.26
231.03	48064.74
231.08	48125.63
231.13	48188.91
231.19	48257.05
231.24	48327.42
231.29	48403.60
231.34	48473.74
231.39	48551.04
231.44	48621.53
231.49	48676.02
231.55	48715.21
231.60	48755.33
231.65	48810.32
231.70	48858.61
231.75	48912.91
231.80	48968.24
231.85	49023.37
231.91	49060.40
231.96	49106.91
232.01	49169.14
232.06	49223.55
232.11	49292.72
232.16	49369.92
232.21	49455.42
232.26	49535.41
232.32	49623.18
232.37	49693.67
232.42	49754.99
232.47	49800.14
232.52	49845.85
232.57	49895.86
232.62	49953.47
232.68	50020.59
232.73	50097.51
232.78	50172.01
232.83	50258.56
232.88	50328.87
232.93	50400.96
232.98	50457.08
233.03	50507.52
233.09	50553.18
233.14	50621.25
233.19	50671.97
233.24	50731.18
233.29	50778.72
233.34	50805.95
233.39	50820.32
233.45	50857.85
233.50	50899.11
233.55	50958.19
233.60	51039.93
233.65	51107.83
233.70	51165.86
233.75	51216.02
233.80	51262.72
233.86	51307.78
233.91	51364.57
233.96	51417.62
234.01	51468.29
234.06	51522.16
234.11	51576.30
234.16	51630.10
234.21	51684.39
234.26	51743.11
234.32	51791.37
234.37	51835.52
234.42	51876.92
234.47	51898.57
234.52	51922.82
234.57	51957.84
234.62	51992.16
234.67	52033.74
234.73	52096.63
234.78	52152.84
234.83	52197.19
234.88	52240.01
234.93	52275.38
234.98	52318.85
235.03	52365.63
235.08	52432.66
235.13	52496.12
235.19	52565.69
235.24	52627.46
235.29	52688.06
235.34	52731.11
235.39	52762.38
235.44	52797.34
235.49	52831.03
235.54	52864.20
235.59	52877.03
235.65	52907.74
235.70	52935.66
235.75	52968.51
235.80	53018.88
235.85	53084.89
235.90	53132.72
235.95	53164.09
236.00	53195.40
236.05	53208.41
236.11	53231.76
236.16	53265.32
236.21	53315.92
236.26	53359.71
236.31	53393.49
236.36	53414.17
236.41	53422.95
236.46	53427.12
236.51	53438.15
236.56	53464.61
236.62	53487.45
236.67	53528.31
236.72	53574.91
236.77	53605.28
236.82	53647.71
236.87	53680.57
236.92	53703.41
236.97	53742.06
237.02	53784.31
237.07	53824.80
237.13	53883.92
237.18	53945.67
237.23	53989.26
237.28	54033.67
237.33	54076.17
237.38	54097.81
237.43	54116.00
237.48	54120.94
237.53	54138.84
237.58	54162.97
237.63	54208.43
237.69	54254.68
237.74	54302.35
237.79	54334.88
237.84	54343.05
237.89	54343.89
237.94	54346.79
237.99	54373.11
238.04	54398.29
238.09	54427.39
238.14	54458.77
238.19	54486.14
238.25	54498.07
238.30	54493.86
238.35	54495.89
238.40	54495.30
238.45	54493.67
238.50	54498.24
238.55	54512.84
238.60	54544.47
238.65	54564.50
238.70	54585.73
238.75	54598.66
238.80	54625.89
238.86	54625.21
238.91	54642.37
238.96	54664.92
239.01	54695.46
239.06	54726.91
239.11	54763.85
239.16	54793.83
239.21	54801.24
239.26	54798.11
239.31	54807.18
239.36	54811.84
239.41	54824.72
239.46	54854.07
239.52	54886.15
239.57	54900.11
239.62	54918.25
239.67	54943.48
239.72	54970.88
239.77	54990.55
239.82	55007.32
239.87	55024.59
239.92	55024.76
239.97	55016.54
240.02	55007.52
240.07	54998.44
240.12	54997.39
240.17	55003.88
240.23	55006.85
240.28	55009.48
240.33	55021.71
240.38	55018.74
240.43	55020.72
240.48	55037.25
240.53	55059.69
240.58	55079.09
240.63	55109.59
240.68	55115.00
240.73	55108.25
240.78	55106.49
240.83	55102.21
240.88	55080.20
240.93	55071.18
240.98	55068.94
241.04	55071.80
241.09	55088.16
241.14	55113.95
241.19	55158.92
241.24	55191.84
241.29	55231.69
241.34	55248.12
241.39	55254.62
241.44	55250.63
241.49	55248.13
241.54	55228.30
241.59	55222.42
241.64	55232.99
241.69	55234.20
241.74	55226.25
241.79	55223.08
241.84	55216.47
241.90	55191.81
241.95	55171.02
242.00	55150.22
242.05	55120.79
242.10	55098.51
242.15	55081.10
242.20	55064.07
242.25	55062.43
242.30	55065.09
242.35	55064.65
242.40	55067.39
242.45	55063.98
242.50	55058.39
242.55	55055.26
242.60	55047.19
242.65	55040.43
242.70	55049.04
242.75	55079.12
242.80	55122.21
242.85	55157.69
242.91	55173.05
242.96	55165.74
243.01	55140.30
243.06	55105.66
243.11	55068.04
243.16	55044.71
243.21	55046.77
243.26	55056.87
243.31	55069.21
243.36	55085.61
243.41	55115.20
243.46	55116.51
243.51	55082.28
243.56	55029.14
243.61	54977.05
243.66	54926.57
243.71	54890.13
243.76	54890.66
243.81	54906.64
243.86	54901.94
243.91	54908.60
243.96	54909.85
244.01	54879.66
244.06	54854.72
244.12	54853.02
244.17	54839.55
244.22	54839.50
244.27	54867.47
244.32	54890.14
244.37	54905.79
244.42	54913.11
244.47	54908.28
244.52	54883.57
244.57	54844.92
244.62	54823.67
244.67	54794.76
244.72	54769.84
244.77	54772.87
244.82	54801.22
244.87	54830.67
244.92	54853.35
244.97	54870.12
245.02	54864.56
245.07	54831.11
245.12	54805.02
245.17	54799.48
245.22	54794.31
245.27	54785.54
245.32	54760.86
245.37	54720.59
245.42	54668.33
245.47	54624.43
245.52	54589.03
245.57	54575.96
245.62	54552.23
245.67	54543.66
245.72	54529.24
245.77	54505.62
245.82	54490.11
245.87	54495.59
245.92	54499.78
245.98	54493.97
246.03	54496.91
246.08	54493.45
246.13	54489.47
246.18	54486.97
246.23	54486.35
246.28	54475.67
246.33	54477.31
246.38	54447.23
246.43	54422.55
246.48	54403.17
246.53	54404.36
246.58	54405.28
246.63	54416.54
246.68	54398.67
246.73	54384.82
246.78	54361.60
246.83	54306.95
246.88	54248.94
246.93	54207.23
246.98	54160.08
247.03	54123.34
247.08	54113.41
247.13	54107.36
247.18	54112.17
247.23	54132.57
247.28	54136.68
247.33	54119.23
247.38	54099.18
247.43	54083.34
247.48	54056.96
247.53	54027.25
247.58	53997.95
247.63	53980.38
247.68	53930.71
247.73	53880.37
247.78	53844.28
247.83	53821.12
247.88	53786.45
247.93	53786.02
247.98	53787.25
248.03	53788.90
248.08	53799.65
248.13	53808.76
248.18	53794.08
248.23	53790.40
248.28	53757.84
248.33	53710.92
248.38	53676.15
248.43	53644.58
248.48	53613.17
248.53	53600.90
248.58	53589.71
248.63	53585.41
248.68	53572.75
248.73	53549.12
248.78	53519.61
248.83	53471.97
248.88	53398.02
248.93	53333.66
248.98	53253.62
249.03	53208.75
249.08	53183.96
249.13	53181.02
249.18	53170.41
249.23	53196.28
249.28	53184.18
249.33	53178.07
249.38	53164.63
249.43	53152.86
249.48	53119.76
249.53	53107.32
249.58	53086.28
249.63	53068.37
249.68	53048.96
249.73	53034.64
249.78	53014.41
249.83	53002.10
249.88	52971.77
249.93	52957.60
249.98	52953.49
250.03	52944.32
250.08	52925.67
250.13	52926.72
250.18	52907.84
250.23	52855.55
250.28	52810.09
250.33	52757.53
250.37	52703.82
250.42	52653.95
250.47	52630.84
250.52	52615.96
250.57	52598.49
250.62	52565.49
250.67	52538.67
250.72	52521.01
250.77	52480.59
250.82	52456.73
250.87	52448.39
250.92	52444.54
250.97	52412.98
251.02	52405.32
251.07	52405.76
251.12	52389.03
251.17	52361.06
251.22	52341.37
251.27	52305.96
251.32	52258.33
251.37	52207.18
251.42	52158.24
251.47	52119.86
251.52	52092.26
251.57	52077.05
251.62	52071.32
251.67	52064.97
251.72	52036.87
251.77	51999.51
251.82	51949.67
251.87	51899.71
251.92	51848.74
251.97	51804.65
252.02	51760.92
252.07	51733.09
252.12	51719.88
252.16	51711.47
252.21	51703.10
252.26	51713.16
252.31	51712.54
252.36	51704.76
252.41	51683.52
252.46	51669.48
252.51	51640.04
252.56	51608.88
252.61	51579.99
252.66	51557.16
252.71	51532.44
252.76	51506.47
252.81	51458.73
252.86	51400.18
252.91	51348.05
252.96	51277.32
253.01	51203.44
253.06	51146.60
253.11	51104.66
253.16	51063.75
253.21	51023.82
253.26	50993.12
253.31	50965.06
253.36	50940.02
253.40	50911.63
253.45	50910.50
253.50	50873.93
253.55	50844.17
253.60	50799.45
253.65	50755.55
253.70	50709.31
253.75	50688.29
253.80	50667.37
253.85	50666.16
253.90	50672.64
253.95	50661.79
254.00	50658.21
254.05	50641.11
254.10	50599.62
254.15	50564.76
254.20	50534.48
254.25	50502.67
254.30	50474.04
254.35	50437.80
254.39	50363.59
254.44	50287.00
254.49	50208.98
254.54	50166.31
254.59	50133.15
254.64	50132.70
254.69	50131.53
254.74	50132.67
254.79	50104.03
254.84	50071.55
254.89	50049.99
254.94	50034.32
254.99	50022.53
255.04	50009.90
255.09	50006.52
255.14	49973.92
255.19	49957.19
255.23	49938.99
255.28	49928.20
255.33	49912.76
255.38	49907.67
255.43	49895.52
255.48	49867.73
255.53	49830.23
255.58	49804.90
255.63	49774.84
255.68	49725.85
255.73	49681.39
255.78	49649.25
255.83	49618.46
255.88	49592.13
255.93	49566.00
255.97	49548.54
256.02	49521.22
256.07	49474.77
256.12	49407.62
256.17	49359.43
256.22	49308.79
256.27	49255.45
256.32	49215.12
256.37	49200.88
256.42	49182.71
256.47	49153.87
256.52	49126.67
256.57	49101.91
256.62	49080.33
256.66	49065.67
256.71	49036.09
256.76	48995.13
256.81	48947.07
256.86	48892.61
256.91	48835.77
256.96	48792.84
257.01	48765.64
257.06	48737.87
257.11	48710.98
257.16	48660.10
257.21	48627.10
257.26	48596.08
257.30	48562.98
257.35	48519.38
257.40	48497.45
257.45	48476.82
257.50	48446.34
257.55	48415.72
257.60	48389.43
257.65	48368.29
257.70	48327.39
257.75	48291.59
257.80	48260.81
257.85	48227.98
257.89	48179.55
257.94	48126.97
257.99	48069.20
258.04	48021.46
258.09	47981.68
258.14	47949.28
258.19	47932.04
258.24	47909.59
258.29	47858.58
258.34	47817.02
258.39	47787.46
258.44	47734.15
258.48	47675.04
258.53	47650.77
258.58	47610.62
258.63	47553.65
258.68	47506.89
258.73	47484.06
258.78	47442.22
258.83	47402.22
258.88	47360.07
258.93	47333.40
258.97	47298.91
259.02	47265.94
259.07	47237.26
259.12	47222.70
259.17	47203.17
259.22	47184.80
259.27	47166.83
259.32	47151.07
259.37	47103.92
259.42	47064.68
259.47	47022.60
259.51	46968.02
259.56	46898.66
259.61	46837.13
259.66	46757.13
259.71	46679.40
259.76	46622.22
259.81	46558.51
259.86	46520.80
259.91	46490.06
259.95	46467.41
260.00	46436.03
260.05	46426.99
260.10	46405.32
260.15	46389.21
260.20	46375.14
260.25	46370.99
260.30	46360.33
260.35	46335.80
260.40	46308.05
260.44	46284.67
260.49	46258.69
260.54	46225.88
260.59	46204.16
260.64	46197.35
260.69	46190.11
260.74	46157.38
260.79	46118.45
260.84	46079.24
260.88	46013.30
260.93	45934.89
260.98	45891.47
261.03	45850.10
261.08	45812.52
261.13	45782.52
261.18	45742.10
261.23	45690.05
261.28	45651.64
261.32	45615.34
261.37	45571.98
261.42	45536.79
261.47	45510.72
261.52	45468.31
261.57	45412.84
261.62	45375.34
261.67	45326.77
261.71	45262.92
261.76	45221.80
261.81	45178.50
261.86	45126.66
261.91	45083.11
261.96	45052.65
262.01	45005.13
262.06	44979.91
262.10	44969.56
262.15	44953.44
262.20	44929.91
262.25	44917.54
262.30	44896.90
262.35	44859.99
262.40	44829.29
262.45	44801.79
262.49	44772.31
262.54	44737.17
262.59	44713.63
262.64	44689.17
262.69	44654.11
262.74	44608.40
262.79	44554.36
262.84	44504.59
262.88	44451.56
262.93	44396.79
262.98	44359.77
263.03	44315.82
263.08	44257.09
263.13	44187.87
263.18	44129.50
263.23	44065.50
263.27	44024.25
263.32	43994.10
263.37	43983.45
263.42	43966.17
263.47	43933.49
263.52	43911.10
263.57	43875.59
263.61	43828.32
263.66	43787.88
263.71	43758.94
263.76	43719.25
263.81	43668.22
263.86	43637.32
263.91	43593.72
263.95	43535.26
264.00	43473.02
264.05	43432.49
264.10	43367.60
264.15	43304.34
264.20	43265.77
264.25	43227.25
264.29	43183.69
264.34	43129.44
264.39	43095.17
264.44	43041.57
264.49	42997.17
264.54	42947.38
264.59	42920.89
264.63	42880.93
264.68	42834.66
264.73	42781.91
264.78	42740.10
264.83	42682.56
264.88	42631.04
264.93	42601.33
264.97	42577.56
265.02	42548.95
265.07	42536.97
265.12	42497.07
265.17	42452.67
265.22	42410.43
265.27	42358.77
265.31	42297.19
265.36	42242.47
265.41	42190.71
265.46	42123.32
265.51	42053.12
265.56	41991.72
265.60	41943.56
265.65	41886.02
265.70	41832.83
265.75	41779.46
265.80	41726.08
265.85	41655.66
265.90	41595.51
265.94	41539.65
265.99	41476.37
266.04	41429.22
266.09	41403.67
266.14	41377.47
266.19	41344.14
266.23	41321.87
266.28	41275.32
266.33	41233.32
266.38	41195.24
266.43	41171.57
266.48	41149.60
266.52	41123.54
266.57	41085.96
266.62	41043.86
266.67	40990.95
266.72	40936.83
266.77	40906.01
266.81	40885.45
266.86	40855.13
266.91	40821.72
266.96	40783.70
267.01	40746.48
267.06	40688.10
267.10	40637.20
267.15	40589.72
267.20	40558.97
267.25	40511.97
267.30	40479.24
267.35	40451.56
267.39	40413.00
267.44	40373.56
267.49	40329.79
267.54	40285.28
267.59	40229.38
267.64	40175.58
267.68	40110.99
267.73	40060.14
267.78	40017.21
267.83	39988.03
267.88	39979.13
267.93	39977.27
267.97	39961.92
268.02	39925.93
268.07	39876.01
268.12	39817.47
268.17	39751.76
268.21	39707.55
268.26	39664.17
268.31	39628.52
268.36	39585.48
268.41	39537.55
268.46	39487.14
268.50	39450.65
268.55	39398.01
268.60	39336.37
268.65	39281.96
268.70	39205.83
268.74	39134.43
268.79	39066.56
268.84	39021.31
268.89	38984.98
268.94	38950.47
268.99	38909.52
269.03	38871.37
269.08	38815.57
269.13	38734.85
269.18	38658.07
269.23	38558.82
269.27	38452.62
269.32	38330.37
269.37	38214.74
269.42	38085.49
269.47	37953.93
269.51	37811.56
269.56	37676.16
269.61	37531.65
269.66	37380.12
269.71	37227.54
269.76	37083.18
269.80	36933.42
269.85	36790.17
269.90	36650.95
269.95	36504.46
270.00	36347.92
270.04	36193.15
270.09	36043.96
270.14	35897.16
270.19	35763.74
270.24	35636.09
270.28	35488.74
270.33	35320.69
270.38	35144.52
270.43	34967.40
270.48	34787.25
270.52	34628.12
270.57	34471.35
270.62	34316.96
270.67	34164.67
270.72	34007.57
270.76	33834.27
270.81	33670.10
270.86	33499.80
270.91	33322.69
270.96	33148.79
271.00	32990.37
271.05	32835.52
271.10	32696.86
271.15	32567.96
271.20	32449.41
271.24	32317.14
271.29	32185.97
271.34	32039.45
271.39	31883.75
271.44	31728.91
271.48	31593.33
271.53	31442.44
271.58	31299.67
271.63	31157.16
271.67	31014.17
271.72	30864.64
271.77	30715.94
271.82	30575.37
271.87	30441.78
271.91	30285.34
271.96	30143.27
272.01	30005.84
272.06	29874.98
272.11	29756.19
272.15	29658.18
272.20	29554.66
272.25	29460.67
272.30	29357.83
272.35	29246.24
272.39	29137.12
272.44	29015.74
272.49	28883.90
272.54	28743.68
272.58	28597.81
272.63	28444.01
272.68	28294.83
272.73	28135.52
272.78	27966.19
272.82	27766.27
272.87	27546.30
272.92	27257.28
272.97	26731.23
273.01	23790.05
273.06	18866.00
273.11	13435.70
273.16	8106.05
273.21	3054.85
273.25	460.55
273.30	-89.12
273.35	-88.90
