165.32	3384.42
165.38	-248.54
165.44	597.11
165.50	-76.54
165.55	-17.19
165.61	6.11
165.67	34.37
165.72	43.61
165.78	49.36
165.84	47.96
165.89	44.72
165.95	43.62
166.01	43.39
166.06	44.97
166.12	47.09
166.18	44.99
166.23	46.59
166.29	45.69
166.35	42.10
166.40	41.65
166.46	48.60
166.52	51.11
166.57	51.88
166.63	52.57
166.69	55.22
166.74	49.02
166.80	49.53
166.86	51.46
166.91	52.24
166.97	46.31
167.03	48.89
167.08	42.90
167.14	41.85
167.20	39.53
167.25	52.05
167.31	52.33
167.37	58.30
167.42	60.49
167.48	67.11
167.54	61.39
167.59	60.93
167.65	56.36
167.71	56.10
167.76	54.70
167.82	50.32
167.88	50.06
167.93	57.60
167.99	56.33
168.05	58.39
168.10	66.34
168.16	65.66
168.21	63.83
168.27	68.49
168.33	70.00
168.38	62.70
168.44	67.39
168.50	65.96
168.55	64.20
168.61	65.64
168.67	67.75
168.72	64.63
168.78	64.81
168.84	60.84
168.89	58.65
168.95	59.13
169.01	58.92
169.06	58.29
169.12	57.45
169.18	55.97
169.23	56.28
169.29	60.71
169.34	65.16
169.40	68.05
169.46	72.63
169.51	74.40
169.57	69.82
169.63	65.80
169.68	71.05
169.74	67.35
169.80	73.22
169.85	74.37
169.91	78.58
169.97	74.45
170.02	74.27
170.08	72.85
170.13	73.45
170.19	73.30
170.25	74.82
170.30	78.84
170.36	70.49
170.42	72.60
170.47	72.88
170.53	74.72
170.59	71.50
170.64	75.06
170.70	73.38
170.76	71.40
170.81	72.27
170.87	71.75
170.92	73.41
170.98	76.09
171.04	78.53
171.09	74.87
171.15	82.34
171.21	82.94
171.26	79.79
171.32	76.80
171.37	80.17
171.43	74.60
171.49	79.13
171.54	82.60
171.60	84.62
171.66	86.52
171.71	86.93
171.77	84.35
171.83	90.43
171.88	89.40
171.94	88.78
171.99	93.13
172.05	91.88
172.11	92.26
172.16	100.80
172.22	101.19
172.28	101.55
172.33	99.93
172.39	97.11
172.44	94.21
172.50	99.37
172.56	98.86
172.61	106.78
172.67	106.06
172.72	106.20
172.78	101.78
172.84	97.33
172.89	91.23
172.95	90.93
173.01	91.39
173.06	89.81
173.12	95.31
173.17	96.70
173.23	96.34
173.29	96.11
173.34	97.79
173.40	92.50
173.46	93.00
173.51	95.76
173.57	96.56
173.62	91.64
173.68	98.42
173.74	97.19
173.79	98.40
173.85	95.40
173.90	97.59
173.96	93.23
174.02	90.38
174.07	82.38
174.13	81.31
174.18	83.05
174.24	77.36
174.30	78.06
174.35	82.98
174.41	80.25
174.47	74.65
174.52	75.70
174.58	74.50
174.63	70.36
174.69	68.96
174.75	70.88
174.80	81.81
174.86	79.51
174.91	80.95
174.97	80.98
175.03	78.63
175.08	65.99
175.14	72.62
175.19	68.42
175.25	69.57
175.31	73.79
175.36	75.49
175.42	72.44
175.47	77.29
175.53	76.93
175.59	73.65
175.64	74.98
175.70	73.24
175.75	68.10
175.81	67.05
175.87	68.08
175.92	64.42
175.98	65.99
176.03	66.05
176.09	66.88
176.15	67.05
176.20	68.03
176.26	67.49
176.31	71.00
176.37	68.01
176.42	68.90
176.48	72.62
176.54	70.33
176.59	67.37
176.65	69.96
176.70	71.53
176.76	70.70
176.82	68.80
176.87	65.97
176.93	66.01
176.98	64.46
177.04	59.58
177.10	64.29
177.15	65.90
177.21	66.92
177.26	65.80
177.32	69.54
177.37	71.54
177.43	74.94
177.49	71.24
177.54	68.72
177.60	69.27
177.65	69.69
177.71	64.26
177.77	67.29
177.82	69.40
177.88	73.26
177.93	68.51
177.99	74.88
178.04	70.44
178.10	70.70
178.16	63.97
178.21	64.96
178.27	62.28
178.32	66.56
178.38	65.38
178.43	66.98
178.49	67.19
178.55	66.40
178.60	64.91
178.66	64.05
178.71	65.42
178.77	63.13
178.82	64.59
178.88	65.15
178.94	66.04
178.99	67.30
179.05	71.50
179.10	67.58
179.16	69.66
179.21	71.52
179.27	70.17
179.33	65.65
179.38	69.30
179.44	68.31
179.49	68.43
179.55	66.58
179.60	67.31
179.66	66.18
179.72	68.03
179.77	65.42
179.83	64.29
179.88	65.77
179.94	66.83
179.99	63.35
180.05	64.31
180.11	65.34
180.16	67.65
180.22	70.48
180.27	74.60
180.33	75.10
180.38	79.50
180.44	74.70
180.49	74.01
180.55	71.71
180.61	75.96
180.66	70.20
180.72	68.86
180.77	67.00
180.83	66.85
180.88	63.51
180.94	63.46
180.99	67.47
181.05	67.65
181.11	69.29
181.16	69.87
181.22	71.42
181.27	73.10
181.33	71.61
181.38	68.38
181.44	68.84
181.49	73.45
181.55	74.27
181.61	80.34
181.66	82.95
181.72	81.16
181.77	78.42
181.83	76.28
181.88	81.16
181.94	82.48
181.99	87.68
182.05	88.30
182.11	88.92
182.16	79.69
182.22	77.93
182.27	72.98
182.33	74.63
182.38	74.23
182.44	79.35
182.49	80.96
182.55	83.38
182.60	83.39
182.66	86.63
182.72	89.23
182.77	91.85
182.83	95.01
182.88	97.91
182.94	99.11
182.99	95.69
183.05	94.21
183.10	96.11
183.16	94.97
183.21	95.87
183.27	102.74
183.32	106.52
183.38	109.25
183.44	115.52
183.49	119.87
183.55	120.34
183.60	125.50
183.66	130.80
183.71	138.90
183.77	144.93
183.82	153.70
183.88	163.72
183.93	173.91
183.99	186.08
184.04	202.25
184.10	213.66
184.15	224.77
184.21	236.98
184.27	239.69
184.32	240.79
184.38	239.17
184.43	236.15
184.49	222.20
184.54	206.63
184.60	199.77
184.65	188.20
184.71	180.47
184.76	182.35
184.82	199.92
184.87	214.18
184.93	237.41
184.98	263.87
185.04	293.81
185.09	315.44
185.15	340.56
185.20	371.19
185.26	403.99
185.31	430.87
185.37	458.66
185.43	478.45
185.48	497.21
185.54	518.33
185.59	542.38
185.65	566.97
185.70	606.15
185.76	650.69
185.81	684.53
185.87	721.11
185.92	764.44
185.98	799.56
186.03	816.79
186.09	819.90
186.14	797.34
186.20	746.40
186.25	664.47
186.31	582.29
186.36	519.40
186.42	492.93
186.47	503.19
186.53	550.19
186.58	618.94
186.64	691.89
186.69	763.43
186.75	823.22
186.80	882.97
186.86	941.07
186.91	1001.16
186.97	1057.13
187.02	1130.92
187.08	1199.73
187.13	1260.55
187.19	1327.83
187.24	1399.11
187.30	1453.85
187.35	1510.60
187.41	1582.78
187.47	1652.40
187.52	1710.05
187.58	1768.97
187.63	1837.81
187.69	1903.70
187.74	1956.25
187.80	2004.87
187.85	2051.25
187.91	2073.33
187.96	2058.29
188.02	1994.23
188.07	1884.79
188.13	1722.47
188.18	1551.92
188.24	1425.93
188.29	1364.29
188.35	1370.39
188.40	1450.90
188.46	1575.72
188.51	1698.55
188.57	1826.51
188.62	1950.54
188.67	2063.81
188.73	2172.02
188.78	2276.15
188.84	2379.94
188.89	2484.37
188.95	2589.71
189.00	2680.33
189.06	2778.79
189.11	2871.56
189.17	2951.71
189.22	3022.78
189.28	3109.73
189.33	3185.35
189.39	3248.94
189.44	3316.38
189.50	3390.51
189.55	3458.71
189.61	3512.21
189.66	3571.00
189.72	3628.60
189.77	3681.52
189.83	3710.16
189.88	3721.39
189.94	3693.23
189.99	3614.77
190.05	3463.78
190.10	3247.75
190.16	2999.84
190.21	2780.65
190.27	2641.96
190.32	2608.15
190.38	2683.22
190.43	2841.05
190.49	3031.35
190.54	3200.17
190.60	3355.69
190.65	3493.51
190.71	3622.62
190.76	3743.60
190.81	3867.34
190.87	3983.65
190.92	4109.29
190.98	4221.51
191.03	4332.96
191.09	4444.60
191.14	4547.99
191.20	4631.55
191.25	4730.27
191.31	4824.28
191.36	4912.95
191.42	4998.42
191.47	5092.14
191.53	5176.80
191.58	5250.73
191.64	5311.25
191.69	5370.14
191.75	5409.16
191.80	5442.30
191.85	5460.85
191.91	5482.72
191.96	5502.60
192.02	5535.86
192.07	5549.05
192.13	5545.10
192.18	5500.74
192.24	5387.64
192.29	5193.30
192.35	4970.69
192.40	4789.60
192.46	4679.51
192.51	4674.41
192.57	4769.40
192.62	4944.61
192.67	5128.26
192.73	5305.18
192.78	5464.17
192.84	5613.20
192.89	5746.50
192.95	5876.44
193.00	5991.22
193.06	6101.42
193.11	6207.39
193.17	6296.49
193.22	6378.20
193.28	6468.23
193.33	6542.02
193.38	6608.08
193.44	6679.92
193.49	6753.49
193.55	6810.64
193.60	6869.64
193.66	6924.98
193.71	6972.35
193.77	6995.89
193.82	7015.45
193.88	7037.10
193.93	7062.13
193.98	7086.18
194.04	7128.59
194.09	7176.26
194.15	7224.73
194.20	7267.80
194.26	7309.28
194.31	7353.40
194.37	7381.64
194.42	7393.08
194.47	7386.80
194.53	7346.88
194.58	7258.60
194.64	7148.13
194.69	7049.46
194.75	6979.86
194.80	6963.51
194.86	7002.31
194.91	7096.15
194.97	7202.10
195.02	7311.03
195.07	7418.00
195.13	7526.36
195.18	7639.49
195.24	7751.53
195.29	7863.52
195.35	7966.30
195.40	8068.89
195.46	8149.83
195.51	8236.75
195.56	8316.01
195.62	8392.00
195.67	8451.36
195.73	8520.30
195.78	8572.67
195.84	8617.60
195.89	8650.35
195.94	8685.32
196.00	8714.83
196.05	8745.84
196.11	8786.82
196.16	8838.45
196.22	8893.16
196.27	8951.92
196.32	9005.28
196.38	9053.57
196.43	9098.07
196.49	9135.42
196.54	9169.23
196.60	9211.06
196.65	9250.80
196.71	9294.57
196.76	9343.62
196.81	9380.60
196.87	9415.30
196.92	9443.75
196.98	9459.12
197.03	9466.35
197.09	9465.11
197.14	9459.02
197.19	9459.64
197.25	9474.58
197.30	9498.47
197.36	9550.49
197.41	9610.35
197.47	9672.69
197.52	9736.70
197.57	9802.66
197.63	9852.31
197.68	9905.97
197.74	9961.98
197.79	10008.49
197.84	10053.25
197.90	10100.40
197.95	10138.14
198.01	10176.61
198.06	10219.65
198.12	10263.06
198.17	10305.85
198.22	10352.66
198.28	10391.73
198.33	10435.20
198.39	10477.91
198.44	10523.94
198.49	10566.75
198.55	10614.44
198.60	10658.36
198.66	10699.80
198.71	10747.57
198.77	10798.15
198.82	10848.23
198.87	10896.81
198.93	10943.72
198.98	10985.00
199.04	11027.38
199.09	11066.73
199.14	11105.17
199.20	11146.15
199.25	11190.25
199.31	11235.48
199.36	11283.08
199.42	11326.74
199.47	11370.66
199.52	11408.63
199.58	11443.25
199.63	11468.08
199.69	11500.23
199.74	11532.45
199.79	11560.16
199.85	11590.95
199.90	11634.83
199.96	11671.52
200.01	11714.34
200.06	11762.92
200.12	11811.09
200.17	11856.58
200.23	11909.93
200.28	11951.28
200.33	12004.50
200.39	12047.97
200.44	12089.30
200.50	12126.50
200.55	12167.54
200.60	12200.00
200.66	12241.33
200.71	12281.36
200.77	12328.80
200.82	12373.17
200.87	12413.18
200.93	12448.31
200.98	12484.46
201.04	12519.16
201.09	12558.14
201.14	12609.75
201.20	12658.60
201.25	12718.48
201.31	12771.74
201.36	12834.44
201.41	12888.18
201.47	12948.27
201.52	12996.82
201.58	13060.00
201.63	13102.60
201.68	13148.60
201.74	13197.43
201.79	13244.15
201.84	13290.94
201.90	13342.14
201.95	13394.05
202.01	13447.17
202.06	13503.51
202.11	13544.61
202.17	13597.35
202.22	13645.92
202.28	13687.10
202.33	13724.83
202.38	13767.74
202.44	13808.21
202.49	13849.14
202.54	13898.38
202.60	13947.15
202.65	13994.38
202.71	14040.61
202.76	14082.82
202.81	14120.46
202.87	14164.34
202.92	14212.61
202.98	14264.25
203.03	14316.77
203.08	14373.90
203.14	14426.47
203.19	14480.45
203.24	14533.69
203.30	14589.13
203.35	14636.39
203.41	14687.50
203.46	14731.49
203.51	14774.27
203.57	14810.87
203.62	14858.84
203.67	14911.98
203.73	14964.28
203.78	15012.04
203.84	15070.53
203.89	15116.31
203.94	15161.42
204.00	15202.61
204.05	15250.69
204.10	15285.20
204.16	15324.44
204.21	15365.35
204.27	15411.37
204.32	15451.58
204.37	15503.53
204.43	15549.56
204.48	15591.03
204.53	15629.28
204.59	15676.24
204.64	15730.50
204.69	15802.32
204.75	15865.27
204.80	15939.18
204.86	16000.19
204.91	16056.49
204.96	16103.08
205.02	16153.92
205.07	16203.10
205.12	16265.00
205.18	16326.83
205.23	16389.62
205.28	16458.46
205.34	16520.76
205.39	16580.97
205.45	16638.96
205.50	16694.95
205.55	16751.97
205.61	16806.20
205.66	16861.45
205.71	16923.83
205.77	16979.98
205.82	17033.89
205.87	17090.05
205.93	17147.04
205.98	17191.33
206.03	17235.62
206.09	17288.03
206.14	17336.11
206.20	17387.60
206.25	17445.70
206.30	17513.28
206.36	17570.20
206.41	17641.37
206.46	17693.03
206.52	17739.18
206.57	17781.46
206.62	17826.66
206.68	17866.06
206.73	17915.71
206.78	17970.47
206.84	18030.25
206.89	18088.58
206.94	18148.78
207.00	18214.50
207.05	18279.30
207.11	18339.78
207.16	18395.52
207.21	18457.29
207.27	18513.80
207.32	18575.02
207.37	18637.03
207.43	18698.29
207.48	18749.01
207.53	18802.30
207.59	18850.44
207.64	18901.06
207.69	18969.33
207.75	19036.28
207.80	19095.13
207.85	19155.17
207.91	19210.10
207.96	19255.98
208.01	19312.80
208.07	19366.73
208.12	19426.93
208.17	19480.71
208.23	19536.90
208.28	19584.71
208.33	19643.36
208.39	19703.70
208.44	19770.80
208.49	19829.28
208.55	19890.47
208.60	19945.75
208.65	19995.40
208.71	20043.87
208.76	20100.30
208.81	20154.10
208.87	20216.81
208.92	20274.35
208.97	20339.74
209.03	20403.71
209.08	20467.40
209.13	20524.66
209.19	20590.20
209.24	20648.58
209.29	20706.71
209.35	20763.82
209.40	20831.36
209.45	20886.93
209.51	20948.59
209.56	21010.15
209.61	21075.84
209.67	21139.61
209.72	21204.72
209.77	21264.64
209.83	21322.78
209.88	21389.54
209.93	21451.39
209.99	21516.43
210.04	21583.19
210.09	21650.71
210.15	21702.99
210.20	21758.73
210.25	21818.12
210.31	21885.31
210.36	21940.36
210.41	22003.84
210.46	22068.31
210.52	22125.21
210.57	22172.32
210.62	22232.17
210.68	22294.65
210.73	22340.20
210.78	22393.05
210.84	22455.02
210.89	22517.61
210.94	22571.23
211.00	22639.16
211.05	22699.60
211.10	22754.89
211.16	22812.47
211.21	22877.80
211.26	22942.29
211.32	23014.48
211.37	23084.70
211.42	23146.52
211.47	23212.80
211.53	23274.41
211.58	23333.86
211.63	23391.14
211.69	23452.42
211.74	23507.60
211.79	23560.22
211.85	23611.87
211.90	23673.27
211.95	23739.75
212.01	23806.84
212.06	23881.18
212.11	23961.05
212.16	24037.50
212.22	24108.76
212.27	24171.29
212.32	24235.62
212.38	24302.05
212.43	24367.13
212.48	24430.23
212.54	24500.59
212.59	24570.34
212.64	24638.31
212.69	24695.96
212.75	24759.02
212.80	24827.12
212.85	24894.05
212.91	24945.40
212.96	25004.40
213.01	25068.58
213.07	25125.21
213.12	25186.36
213.17	25251.34
213.22	25320.86
213.28	25382.15
213.33	25437.84
213.38	25489.71
213.44	25548.41
213.49	25616.40
213.54	25689.06
213.60	25778.84
213.65	25862.30
213.70	25949.37
213.75	26014.42
213.81	26073.27
213.86	26121.49
213.91	26178.48
213.97	26226.47
214.02	26283.78
214.07	26342.17
214.12	26395.71
214.18	26452.30
214.23	26513.77
214.28	26571.24
214.34	26634.70
214.39	26701.73
214.44	26755.93
214.49	26803.99
214.55	26850.51
214.60	26890.22
214.65	26931.83
214.71	26970.88
214.76	27029.16
214.81	27097.50
214.86	27183.19
214.92	27261.15
214.97	27344.33
215.02	27424.27
215.08	27495.97
215.13	27567.87
215.18	27633.07
215.23	27711.29
215.29	27780.67
215.34	27857.79
215.39	27930.66
215.45	28018.26
215.50	28096.34
215.55	28180.66
215.60	28253.86
215.66	28307.94
215.71	28369.33
215.76	28433.95
215.81	28482.38
215.87	28539.56
215.92	28601.49
215.97	28647.73
216.03	28703.25
216.08	28764.28
216.13	28819.07
216.18	28879.79
216.24	28944.14
216.29	28994.55
216.34	29048.55
216.39	29113.54
216.45	29165.51
216.50	29226.36
216.55	29288.47
216.61	29359.55
216.66	29412.29
216.71	29481.77
216.76	29542.95
216.82	29615.31
216.87	29678.96
216.92	29761.00
216.97	29825.87
217.03	29904.42
217.08	29976.09
217.13	30055.44
217.18	30120.62
217.24	30196.38
217.29	30259.69
217.34	30313.11
217.39	30350.52
217.45	30397.83
217.50	30445.76
217.55	30505.86
217.61	30573.74
217.66	30645.01
217.71	30715.10
217.76	30792.97
217.82	30866.94
217.87	30938.44
217.92	31018.01
217.97	31093.96
218.03	31154.71
218.08	31200.40
218.13	31245.04
218.18	31288.40
218.24	31347.82
218.29	31402.49
218.34	31467.13
218.39	31535.12
218.45	31597.14
218.50	31652.98
218.55	31715.80
218.60	31780.55
218.66	31836.73
218.71	31907.09
218.76	31971.41
218.81	32035.86
218.87	32102.51
218.92	32173.50
218.97	32241.82
219.02	32314.34
219.08	32387.01
219.13	32459.00
219.18	32517.75
219.23	32575.55
219.29	32627.40
219.34	32685.66
219.39	32744.63
219.44	32815.15
219.50	32887.21
219.55	32958.46
219.60	33027.98
219.65	33088.43
219.71	33148.94
219.76	33199.87
219.81	33246.70
219.86	33299.10
219.92	33349.47
219.97	33409.72
220.02	33467.66
220.07	33532.48
220.13	33593.52
220.18	33654.93
220.23	33725.10
220.28	33804.92
220.33	33882.87
220.39	33944.91
220.44	34010.93
220.49	34063.79
220.54	34112.71
220.60	34161.34
220.65	34229.59
220.70	34298.72
220.75	34371.97
220.81	34447.95
220.86	34531.20
220.91	34594.65
220.96	34660.56
221.02	34726.99
221.07	34789.99
221.12	34845.31
221.17	34898.74
221.22	34960.36
221.28	35019.44
221.33	35073.15
221.38	35124.03
221.43	35203.36
221.49	35267.51
221.54	35331.50
221.59	35402.10
221.64	35491.89
221.69	35578.58
221.75	35673.07
221.80	35766.87
221.85	35847.23
221.90	35910.15
221.96	35961.32
222.01	35998.91
222.06	36032.92
222.11	36077.24
222.17	36123.99
222.22	36153.65
222.27	36196.20
222.32	36245.30
222.37	36296.29
222.43	36355.85
222.48	36424.68
222.53	36501.10
222.58	36580.34
222.63	36653.51
222.69	36718.69
222.74	36789.69
222.79	36856.48
222.84	36900.71
222.90	36953.75
222.95	37002.00
223.00	37052.30
223.05	37098.74
223.10	37164.23
223.16	37221.76
223.21	37272.70
223.26	37319.83
223.31	37367.59
223.36	37402.48
223.42	37439.14
223.47	37468.40
223.52	37509.70
223.57	37551.70
223.63	37605.42
223.68	37654.37
223.73	37738.50
223.78	37816.70
223.83	37887.12
223.89	37939.57
223.94	38016.32
223.99	38073.55
224.04	38142.73
224.09	38215.23
224.15	38318.19
224.20	38400.93
224.25	38486.85
224.30	38568.30
224.35	38653.78
224.41	38738.48
224.46	38827.93
224.51	38912.12
224.56	38992.66
224.61	39081.08
224.67	39156.40
224.72	39224.57
224.77	39324.66
224.82	39420.92
224.87	39500.18
224.93	39584.09
224.98	39681.97
225.03	39759.55
225.08	39840.27
225.13	39929.48
225.19	40022.66
225.24	40108.29
225.29	40182.29
225.34	40272.85
225.39	40354.68
225.45	40439.22
225.50	40520.74
225.55	40613.97
225.60	40687.40
225.65	40783.56
225.71	40866.01
225.76	40964.34
225.81	41050.00
225.86	41143.84
225.91	41230.55
225.97	41314.01
226.02	41390.79
226.07	41461.55
226.12	41526.44
226.17	41578.64
226.22	41652.34
226.28	41727.66
226.33	41824.94
226.38	41906.90
226.43	42000.20
226.48	42068.10
226.54	42130.36
226.59	42193.87
226.64	42271.67
226.69	42339.07
226.74	42414.90
226.80	42479.99
226.85	42540.80
226.90	42594.41
226.95	42656.46
227.00	42720.85
227.05	42803.35
227.11	42886.80
227.16	42974.64
227.21	43052.95
227.26	43132.82
227.31	43208.94
227.37	43271.51
227.42	43350.74
227.47	43432.15
227.52	43504.79
227.57	43564.84
227.62	43646.33
227.68	43712.85
227.73	43783.37
227.78	43863.10
227.83	43945.53
227.88	44013.37
227.93	44092.72
227.99	44173.59
228.04	44252.95
228.09	44337.18
228.14	44411.68
228.19	44479.71
228.24	44545.69
228.30	44609.60
228.35	44669.05
228.40	44741.94
228.45	44800.74
228.50	44871.83
228.56	44937.17
228.61	44999.60
228.66	45059.24
228.71	45116.69
228.76	45163.20
228.81	45211.25
228.87	45260.54
228.92	45316.35
228.97	45379.99
229.02	45460.14
229.07	45531.44
229.12	45619.15
229.17	45694.67
229.23	45769.00
229.28	45842.15
229.33	45921.07
229.38	45998.29
229.43	46078.87
229.48	46161.89
229.54	46229.05
229.59	46299.34
229.64	46361.16
229.69	46434.39
229.74	46519.82
229.79	46593.97
229.85	46673.77
229.90	46752.74
229.95	46816.75
230.00	46868.19
230.05	46941.81
230.10	47005.87
230.16	47060.00
230.21	47117.20
230.26	47180.93
230.31	47226.96
230.36	47285.17
230.41	47360.76
230.46	47446.70
230.52	47533.62
230.57	47616.04
230.62	47696.23
230.67	47759.88
230.72	47821.63
230.77	47861.85
230.82	47912.65
230.88	47945.91
230.93	47990.06
230.98	48018.06
231.03	48076.01
231.08	48132.93
231.13	48191.41
231.19	48258.12
231.24	48339.83
231.29	48414.22
231.34	48489.90
231.39	48566.76
231.44	48631.47
231.49	48682.89
231.55	48727.05
231.60	48757.40
231.65	48813.33
231.70	48859.30
231.75	48908.53
231.80	48965.75
231.85	49027.52
231.91	49069.47
231.96	49125.40
232.01	49184.93
232.06	49242.01
232.11	49309.78
232.16	49385.76
232.21	49463.86
232.26	49549.97
232.32	49631.81
232.37	49700.44
232.42	49764.38
232.47	49815.37
232.52	49866.75
232.57	49915.77
232.62	49976.83
232.68	50043.68
232.73	50121.34
232.78	50199.71
232.83	50281.45
232.88	50358.93
232.93	50429.04
232.98	50485.32
233.03	50532.47
233.09	50581.65
233.14	50645.69
233.19	50700.35
233.24	50751.32
233.29	50803.83
233.34	50843.18
233.39	50854.56
233.45	50879.62
233.50	50922.12
233.55	50969.96
233.60	51040.64
233.65	51111.63
233.70	51175.83
233.75	51232.25
233.80	51284.90
233.86	51322.73
233.91	51370.60
233.96	51417.62
234.01	51471.23
234.06	51523.67
234.11	51592.26
234.16	51648.50
234.21	51711.27
234.26	51759.16
234.32	51800.95
234.37	51828.29
234.42	51867.41
234.47	51888.51
234.52	51924.15
234.57	51964.56
234.62	52006.81
234.67	52056.24
234.73	52112.51
234.78	52166.94
234.83	52211.08
234.88	52257.83
234.93	52288.64
234.98	52331.83
235.03	52370.47
235.08	52430.48
235.13	52488.85
235.19	52565.75
235.24	52624.08
235.29	52688.22
235.34	52732.99
235.39	52764.15
235.44	52789.85
235.49	52832.39
235.54	52867.11
235.59	52889.02
235.65	52922.99
235.70	52961.76
235.75	52999.35
235.80	53048.59
235.85	53105.44
235.90	53151.70
235.95	53176.33
236.00	53199.37
236.05	53215.76
236.11	53242.78
236.16	53272.98
236.21	53320.59
236.26	53363.69
236.31	53400.10
236.36	53424.18
236.41	53449.27
236.46	53468.40
236.51	53486.54
236.56	53510.33
236.62	53536.55
236.67	53564.99
236.72	53602.45
236.77	53629.83
236.82	53674.22
236.87	53701.67
236.92	53728.68
236.97	53754.09
237.02	53799.84
237.07	53844.05
237.13	53907.40
237.18	53978.14
237.23	54029.33
237.28	54066.62
237.33	54091.61
237.38	54118.92
237.43	54129.87
237.48	54136.18
237.53	54159.13
237.58	54197.64
237.63	54239.33
237.69	54289.50
237.74	54347.25
237.79	54388.86
237.84	54390.34
237.89	54389.38
237.94	54391.97
237.99	54408.79
238.04	54426.37
238.09	54455.17
238.14	54478.86
238.19	54497.03
238.25	54512.75
238.30	54510.78
238.35	54515.24
238.40	54517.22
238.45	54517.29
238.50	54513.05
238.55	54514.08
238.60	54541.95
238.65	54564.55
238.70	54583.55
238.75	54612.38
238.80	54652.10
238.86	54657.85
238.91	54672.44
238.96	54707.75
239.01	54737.69
239.06	54772.25
239.11	54806.33
239.16	54833.37
239.21	54834.51
239.26	54828.18
239.31	54829.35
239.36	54834.21
239.41	54853.80
239.46	54879.43
239.52	54904.90
239.57	54929.09
239.62	54947.84
239.67	54970.20
239.72	54994.49
239.77	55015.97
239.82	55025.89
239.87	55040.73
239.92	55038.20
239.97	55027.57
240.02	55015.25
240.07	55000.36
240.12	55002.00
240.17	55018.46
240.23	55028.99
240.28	55040.80
240.33	55059.99
240.38	55050.25
240.43	55033.59
240.48	55050.30
240.53	55072.54
240.58	55095.63
240.63	55132.64
240.68	55150.00
240.73	55138.49
240.78	55124.41
240.83	55113.76
240.88	55088.10
240.93	55079.24
240.98	55073.34
241.04	55082.14
241.09	55109.16
241.14	55137.62
241.19	55183.66
241.24	55226.86
241.29	55253.59
241.34	55255.88
241.39	55275.90
241.44	55280.26
241.49	55274.41
241.54	55267.82
241.59	55259.50
241.64	55254.63
241.69	55242.39
241.74	55231.44
241.79	55227.29
241.84	55218.11
241.90	55198.92
241.95	55173.69
242.00	55154.48
242.05	55131.22
242.10	55122.65
242.15	55105.77
242.20	55099.57
242.25	55095.95
242.30	55091.60
242.35	55086.83
242.40	55080.06
242.45	55071.01
242.50	55063.00
242.55	55062.76
242.60	55051.76
242.65	55059.43
242.70	55075.85
242.75	55105.24
242.80	55133.46
242.85	55168.76
242.91	55171.46
242.96	55167.17
243.01	55152.34
243.06	55128.37
243.11	55097.67
243.16	55086.58
243.21	55073.21
243.26	55079.20
243.31	55091.08
243.36	55100.29
243.41	55117.37
243.46	55116.38
243.51	55082.11
243.56	55024.77
243.61	54967.78
243.66	54921.32
243.71	54894.40
243.76	54892.38
243.81	54914.62
243.86	54926.33
243.91	54939.16
243.96	54940.60
244.01	54916.12
244.06	54891.12
244.12	54881.93
244.17	54863.83
244.22	54866.07
244.27	54888.77
244.32	54914.07
244.37	54934.74
244.42	54939.64
244.47	54931.06
244.52	54914.06
244.57	54885.08
244.62	54853.74
244.67	54837.32
244.72	54816.46
244.77	54802.70
244.82	54816.21
244.87	54842.95
244.92	54859.61
244.97	54871.30
245.02	54876.77
245.07	54861.13
245.12	54840.12
245.17	54825.43
245.22	54823.22
245.27	54809.18
245.32	54772.85
245.37	54728.72
245.42	54683.29
245.47	54637.24
245.52	54605.55
245.57	54593.60
245.62	54582.43
245.67	54569.25
245.72	54562.35
245.77	54540.33
245.82	54521.21
245.87	54521.22
245.92	54531.61
245.98	54527.75
246.03	54530.93
246.08	54546.19
246.13	54541.07
246.18	54542.12
246.23	54536.05
246.28	54523.61
246.33	54504.16
246.38	54476.77
246.43	54445.06
246.48	54419.84
246.53	54429.76
246.58	54427.96
246.63	54435.25
246.68	54421.30
246.73	54418.74
246.78	54382.31
246.83	54337.30
246.88	54287.05
246.93	54245.09
246.98	54187.53
247.03	54151.45
247.08	54136.54
247.13	54125.56
247.18	54123.85
247.23	54152.48
247.28	54163.40
247.33	54143.86
247.38	54126.20
247.43	54105.55
247.48	54082.74
247.53	54057.24
247.58	54028.70
247.63	54008.65
247.68	53966.62
247.73	53902.38
247.78	53856.13
247.83	53827.63
247.88	53795.23
247.93	53792.17
247.98	53792.95
248.03	53798.91
248.08	53816.23
248.13	53819.94
248.18	53805.60
248.23	53805.76
248.28	53775.91
248.33	53738.22
248.38	53702.52
248.43	53685.15
248.48	53662.14
248.53	53646.00
248.58	53625.68
248.63	53622.02
248.68	53591.84
248.73	53560.59
248.78	53537.70
248.83	53492.98
248.88	53423.26
248.93	53359.10
248.98	53285.29
249.03	53234.08
249.08	53214.46
249.13	53212.03
249.18	53212.48
249.23	53226.44
249.28	53217.13
249.33	53206.93
249.38	53194.47
249.43	53181.29
249.48	53157.38
249.53	53139.19
249.58	53118.40
249.63	53098.78
249.68	53075.49
249.73	53056.35
249.78	53034.67
249.83	53028.34
249.88	52998.78
249.93	52990.40
249.98	52983.50
250.03	52977.09
250.08	52954.64
250.13	52946.34
250.18	52918.73
250.23	52881.33
250.28	52839.85
250.33	52778.93
250.37	52734.53
250.42	52695.41
250.47	52662.45
250.52	52645.42
250.57	52633.33
250.62	52598.55
250.67	52570.91
250.72	52546.82
250.77	52507.10
250.82	52484.36
250.87	52483.63
250.92	52470.86
250.97	52452.75
251.02	52444.26
251.07	52432.46
251.12	52412.90
251.17	52383.27
251.22	52358.55
251.27	52317.50
251.32	52272.39
251.37	52218.05
251.42	52172.77
251.47	52128.56
251.52	52109.51
251.57	52095.40
251.62	52080.87
251.67	52075.27
251.72	52058.22
251.77	52024.40
251.82	51980.22
251.87	51940.19
251.92	51884.91
251.97	51835.97
252.02	51788.95
252.07	51760.96
252.12	51742.93
252.16	51737.13
252.21	51738.14
252.26	51744.67
252.31	51742.92
252.36	51738.55
252.41	51715.85
252.46	51691.73
252.51	51662.18
252.56	51626.12
252.61	51600.93
252.66	51579.65
252.71	51554.74
252.76	51525.69
252.81	51482.96
252.86	51420.50
252.91	51371.78
252.96	51304.82
253.01	51241.22
253.06	51188.16
253.11	51141.81
253.16	51102.76
253.21	51058.45
253.26	51019.92
253.31	50988.14
253.36	50967.62
253.40	50942.57
253.45	50934.14
253.50	50897.33
253.55	50866.89
253.60	50820.40
253.65	50773.34
253.70	50733.15
253.75	50716.55
253.80	50696.02
253.85	50690.57
253.90	50692.82
253.95	50689.28
254.00	50687.79
254.05	50673.96
254.10	50635.90
254.15	50600.78
254.20	50573.98
254.25	50536.53
254.30	50506.55
254.35	50474.46
254.39	50407.63
254.44	50322.47
254.49	50247.75
254.54	50209.64
254.59	50175.95
254.64	50172.79
254.69	50170.07
254.74	50165.44
254.79	50138.75
254.84	50103.47
254.89	50077.17
254.94	50061.60
254.99	50049.49
255.04	50033.77
255.09	50028.60
255.14	49996.11
255.19	49975.60
255.23	49972.30
255.28	49958.17
255.33	49944.13
255.38	49945.53
255.43	49936.94
255.48	49898.57
255.53	49862.10
255.58	49838.24
255.63	49808.67
255.68	49761.10
255.73	49720.30
255.78	49685.05
255.83	49652.57
255.88	49622.09
255.93	49596.72
255.97	49574.12
256.02	49543.90
256.07	49499.19
256.12	49431.68
256.17	49378.25
256.22	49330.14
256.27	49274.85
256.32	49229.65
256.37	49209.05
256.42	49190.94
256.47	49156.19
256.52	49137.33
256.57	49117.74
256.62	49098.77
256.66	49081.09
256.71	49059.84
256.76	49027.29
256.81	48981.35
256.86	48927.95
256.91	48879.09
256.96	48840.83
257.01	48811.03
257.06	48790.20
257.11	48762.01
257.16	48709.15
257.21	48668.17
257.26	48625.48
257.30	48577.61
257.35	48542.62
257.40	48520.77
257.45	48509.75
257.50	48484.81
257.55	48460.97
257.60	48437.54
257.65	48413.46
257.70	48366.34
257.75	48327.58
257.80	48293.54
257.85	48255.86
257.89	48212.08
257.94	48158.98
257.99	48094.35
258.04	48041.62
258.09	47988.66
258.14	47959.77
258.19	47942.28
258.24	47925.33
258.29	47889.62
258.34	47854.11
258.39	47818.46
258.44	47764.41
258.48	47721.79
258.53	47690.82
258.58	47653.72
258.63	47593.10
258.68	47549.86
258.73	47514.39
258.78	47470.31
258.83	47429.57
258.88	47399.52
258.93	47366.70
258.97	47334.09
259.02	47306.65
259.07	47282.82
259.12	47264.42
259.17	47244.10
259.22	47227.28
259.27	47204.42
259.32	47185.57
259.37	47139.10
259.42	47096.93
259.47	47044.49
259.51	46990.62
259.56	46925.52
259.61	46864.19
259.66	46792.62
259.71	46719.59
259.76	46664.74
259.81	46607.54
259.86	46569.22
259.91	46532.04
259.95	46516.03
260.00	46485.38
260.05	46469.77
260.10	46443.78
260.15	46431.09
260.20	46414.83
260.25	46410.68
260.30	46393.85
260.35	46373.96
260.40	46340.08
260.44	46309.74
260.49	46285.27
260.54	46253.27
260.59	46224.31
260.64	46216.97
260.69	46211.85
260.74	46172.01
260.79	46129.38
260.84	46087.92
260.88	46028.72
260.93	45953.25
260.98	45911.59
261.03	45876.30
261.08	45850.11
261.13	45816.05
261.18	45774.85
261.23	45723.27
261.28	45680.13
261.32	45628.39
261.37	45585.56
261.42	45553.48
261.47	45524.33
261.52	45483.69
261.57	45446.83
261.62	45405.51
261.67	45354.51
261.71	45293.58
261.76	45246.79
261.81	45195.54
261.86	45143.58
261.91	45097.69
261.96	45054.67
262.01	45011.23
262.06	44988.61
262.10	44975.76
262.15	44956.63
262.20	44951.87
262.25	44938.87
262.30	44907.93
262.35	44883.65
262.40	44857.76
262.45	44819.02
262.49	44785.40
262.54	44761.62
262.59	44723.99
262.64	44696.58
262.69	44660.76
262.74	44620.46
262.79	44560.95
262.84	44517.22
262.88	44470.19
262.93	44422.62
262.98	44387.60
263.03	44348.19
263.08	44293.46
263.13	44221.34
263.18	44156.05
263.23	44091.49
263.27	44046.01
263.32	44015.43
263.37	44001.20
263.42	43979.44
263.47	43948.65
263.52	43922.85
263.57	43883.77
263.61	43844.08
263.66	43811.54
263.71	43778.70
263.76	43743.83
263.81	43700.51
263.86	43666.31
263.91	43624.49
263.95	43564.85
264.00	43504.09
264.05	43461.90
264.10	43395.02
264.15	43334.37
264.20	43297.29
264.25	43253.41
264.29	43205.04
264.34	43155.53
264.39	43124.56
264.44	43076.37
264.49	43033.79
264.54	42983.08
264.59	42948.55
264.63	42899.82
264.68	42846.88
264.73	42792.56
264.78	42753.12
264.83	42705.24
264.88	42662.23
264.93	42641.62
264.97	42618.91
265.02	42592.68
265.07	42577.27
265.12	42537.08
265.17	42488.74
265.22	42442.29
265.27	42389.95
265.31	42321.92
265.36	42265.09
265.41	42207.33
265.46	42148.74
265.51	42077.35
265.56	42018.58
265.60	41964.71
265.65	41902.09
265.70	41846.29
265.75	41794.88
265.80	41742.65
265.85	41677.04
265.90	41619.71
265.94	41561.50
265.99	41495.30
266.04	41441.22
266.09	41405.45
266.14	41373.85
266.19	41338.94
266.23	41317.37
266.28	41275.09
266.33	41237.88
266.38	41206.53
266.43	41178.55
266.48	41151.44
266.52	41131.54
266.57	41100.79
266.62	41060.95
266.67	41018.48
266.72	40976.36
266.77	40946.17
266.81	40915.17
266.86	40887.20
266.91	40853.40
266.96	40810.21
267.01	40769.04
267.06	40717.06
267.10	40664.51
267.15	40617.43
267.20	40589.48
267.25	40548.67
267.30	40514.68
267.35	40480.75
267.39	40446.00
267.44	40401.87
267.49	40350.50
267.54	40307.75
267.59	40258.16
267.64	40199.95
267.68	40140.05
267.73	40090.23
267.78	40044.92
267.83	40022.68
267.88	40009.18
267.93	40008.65
267.97	40000.01
268.02	39969.09
268.07	39913.40
268.12	39855.28
268.17	39789.32
268.21	39738.67
268.26	39690.49
268.31	39654.81
268.36	39613.79
268.41	39564.82
268.46	39511.87
268.50	39475.28
268.55	39424.76
268.60	39366.80
268.65	39309.71
268.70	39235.03
268.74	39165.24
268.79	39094.00
268.84	39038.87
268.89	38994.77
268.94	38964.88
268.99	38922.38
269.03	38888.35
269.08	38839.04
269.13	38765.43
269.18	38682.25
269.23	38585.48
269.27	38476.12
269.32	38356.04
269.37	38236.35
269.42	38103.85
269.47	37972.00
269.51	37831.96
269.56	37692.49
269.61	37550.16
269.66	37404.74
269.71	37250.45
269.76	37101.69
269.80	36954.71
269.85	36807.07
269.90	36665.28
269.95	36521.23
270.00	36366.26
270.04	36214.44
270.09	36070.87
270.14	35924.29
270.19	35782.42
270.24	35654.11
270.28	35504.33
270.33	35335.77
270.38	35162.98
270.43	34995.90
270.48	34820.81
270.52	34667.36
270.57	34511.30
270.62	34353.87
270.67	34194.26
270.72	34032.26
270.76	33851.47
270.81	33685.51
270.86	33515.54
270.91	33345.04
270.96	33181.30
271.00	33017.24
271.05	32859.96
271.10	32721.11
271.15	32592.96
271.20	32461.62
271.24	32331.63
271.29	32197.48
271.34	32048.11
271.39	31886.33
271.44	31740.89
271.48	31607.95
271.53	31464.32
271.58	31327.95
271.63	31187.77
271.67	31040.63
271.72	30893.11
271.77	30753.99
271.82	30612.60
271.87	30479.96
271.91	30326.39
271.96	30181.61
272.01	30036.75
272.06	29908.61
272.11	29787.86
272.15	29681.47
272.20	29574.73
272.25	29478.04
272.30	29379.20
272.35	29267.47
272.39	29160.54
272.44	29043.76
272.49	28911.07
272.54	28768.21
272.58	28618.80
272.63	28466.81
272.68	28312.67
272.73	28144.86
272.78	27969.83
272.82	27774.21
272.87	27551.40
272.92	27268.04
272.97	26751.99
273.01	23806.27
273.06	18878.97
273.11	13446.50
273.16	8111.65
273.21	3055.45
273.25	461.52
273.30	-89.21
273.35	-89.99
