165.32	3384.11
165.38	-248.30
165.44	597.00
165.50	-76.72
165.55	-17.10
165.61	6.07
165.67	34.84
165.72	44.25
165.78	50.46
165.84	48.78
165.89	45.73
165.95	43.94
166.01	43.21
166.06	44.37
166.12	46.83
166.18	45.29
166.23	47.24
166.29	47.07
166.35	43.88
166.40	43.14
166.46	49.43
166.52	52.10
166.57	52.35
166.63	53.25
166.69	55.91
166.74	49.81
166.80	50.12
166.86	52.57
166.91	53.10
166.97	47.03
167.03	49.43
167.08	43.94
167.14	42.78
167.20	40.81
167.25	53.54
167.31	53.95
167.37	59.52
167.42	61.63
167.48	67.13
167.54	61.47
167.59	60.90
167.65	56.60
167.71	56.27
167.76	55.26
167.82	51.03
167.88	50.71
167.93	58.18
167.99	57.28
168.05	59.87
168.10	67.50
168.16	67.03
168.21	65.43
168.27	69.67
168.33	71.44
168.38	63.98
168.44	68.93
168.50	67.25
168.55	65.68
168.61	66.42
168.67	68.77
168.72	66.20
168.78	66.51
168.84	62.25
168.89	60.45
168.95	60.91
169.01	59.89
169.06	58.70
169.12	58.23
169.18	56.67
169.23	56.67
169.29	60.96
169.34	65.88
169.40	68.84
169.46	72.89
169.51	74.90
169.57	70.46
169.63	66.14
169.68	70.44
169.74	66.95
169.80	72.54
169.85	73.84
169.91	77.97
169.97	74.39
170.02	74.54
170.08	73.57
170.13	73.75
170.19	73.79
170.25	75.50
170.30	79.45
170.36	71.15
170.42	73.70
170.47	74.33
170.53	75.61
170.59	72.51
170.64	76.42
170.70	74.93
170.76	72.19
170.81	73.57
170.87	73.33
170.92	74.20
170.98	76.71
171.04	79.31
171.09	75.53
171.15	82.38
171.21	83.41
171.26	79.99
171.32	77.34
171.37	80.38
171.43	74.88
171.49	78.87
171.54	82.47
171.60	84.25
171.66	86.19
171.71	86.95
171.77	84.82
171.83	91.04
171.88	90.26
171.94	89.67
171.99	94.18
172.05	93.03
172.11	93.61
172.16	102.03
172.22	102.67
172.28	102.58
172.33	100.65
172.39	97.66
172.44	94.36
172.50	99.83
172.56	99.23
172.61	107.87
172.67	107.43
172.72	107.42
172.78	102.33
172.84	97.97
172.89	91.54
172.95	90.96
173.01	91.82
173.06	90.65
173.12	96.70
173.17	97.83
173.23	97.28
173.29	97.53
173.34	99.35
173.40	93.24
173.46	93.78
173.51	96.28
173.57	96.77
173.62	91.12
173.68	97.73
173.74	96.82
173.79	98.63
173.85	95.62
173.90	98.30
173.96	94.50
174.02	91.60
174.07	83.12
174.13	81.96
174.18	84.58
174.24	78.11
174.30	78.73
174.35	83.91
174.41	81.46
174.47	74.98
174.52	76.49
174.58	75.17
174.63	71.38
174.69	69.87
174.75	72.02
174.80	82.68
174.86	80.29
174.91	81.20
174.97	81.12
175.03	78.40
175.08	66.47
175.14	72.85
175.19	68.67
175.25	69.19
175.31	74.17
175.36	75.60
175.42	72.51
175.47	77.18
175.53	77.68
175.59	73.55
175.64	75.16
175.70	73.64
175.75	69.40
175.81	67.70
175.87	69.17
175.92	65.65
175.98	67.09
176.03	66.58
176.09	67.58
176.15	67.15
176.20	67.87
176.26	67.57
176.31	71.23
176.37	68.52
176.42	69.80
176.48	73.50
176.54	71.27
176.59	67.67
176.65	70.48
176.70	71.71
176.76	70.60
176.82	68.61
176.87	65.78
176.93	65.78
176.98	64.08
177.04	59.69
177.10	64.56
177.15	66.71
177.21	66.94
177.26	66.36
177.32	69.98
177.37	71.20
177.43	74.70
177.49	71.57
177.54	68.96
177.60	69.40
177.65	70.57
177.71	65.20
177.77	68.51
177.82	70.06
177.88	73.58
177.93	68.71
177.99	74.72
178.04	70.62
178.10	71.63
178.16	65.05
178.21	65.60
178.27	62.98
178.32	66.26
178.38	64.77
178.43	66.68
178.49	67.37
178.55	66.99
178.60	66.10
178.66	65.65
178.71	66.64
178.77	64.62
178.82	65.35
178.88	65.22
178.94	66.00
178.99	67.41
179.05	71.47
179.10	67.07
179.16	69.81
179.21	72.38
179.27	70.96
179.33	66.89
179.38	70.94
179.44	69.04
179.49	68.62
179.55	67.14
179.60	66.83
179.66	66.06
179.72	68.69
179.77	66.33
179.83	65.19
179.88	66.54
179.94	67.69
179.99	63.71
180.05	64.06
180.11	64.92
180.16	67.65
180.22	70.36
180.27	75.00
180.33	75.53
180.38	79.50
180.44	75.11
180.49	74.46
180.55	72.15
180.61	76.30
180.66	71.58
180.72	70.14
180.77	68.88
180.83	69.08
180.88	66.08
180.94	65.35
180.99	69.03
181.05	68.67
181.11	69.72
181.16	69.86
181.22	71.02
181.27	73.22
181.33	71.42
181.38	68.03
181.44	69.01
181.49	73.38
181.55	74.03
181.61	80.98
181.66	83.65
181.72	81.74
181.77	79.18
181.83	76.82
181.88	80.70
181.94	82.44
181.99	87.32
182.05	87.90
182.11	88.33
182.16	80.11
182.22	78.01
182.27	73.48
182.33	75.62
182.38	75.56
182.44	80.00
182.49	81.65
182.55	83.36
182.60	82.98
182.66	86.39
182.72	88.87
182.77	92.07
182.83	95.65
182.88	98.81
182.94	99.57
182.99	96.78
183.05	94.59
183.10	96.84
183.16	95.76
183.21	96.94
183.27	103.69
183.32	107.12
183.38	109.19
183.44	115.26
183.49	119.06
183.55	118.95
183.60	124.63
183.66	130.07
183.71	138.48
183.77	145.09
183.82	153.91
183.88	164.19
183.93	174.24
183.99	186.40
184.04	201.34
184.10	212.51
184.15	222.60
184.21	235.07
184.27	237.08
184.32	238.50
184.38	237.14
184.43	234.73
184.49	220.51
184.54	206.14
184.60	199.25
184.65	187.76
184.71	179.56
184.76	181.58
184.82	197.78
184.87	213.18
184.93	236.71
184.98	262.40
185.04	291.05
185.09	313.32
185.15	336.60
185.20	366.94
185.26	399.83
185.31	426.60
185.37	452.46
185.43	472.21
185.48	489.98
185.54	511.73
185.59	537.07
185.65	562.80
185.70	602.67
185.76	646.36
185.81	679.47
185.87	715.40
185.92	758.41
185.98	791.73
186.03	809.21
186.09	813.08
186.14	791.03
186.20	740.12
186.25	660.46
186.31	579.82
186.36	516.74
186.42	489.10
186.47	500.64
186.53	546.16
186.58	613.08
186.64	685.45
186.69	756.55
186.75	814.63
186.80	873.65
186.86	931.48
186.91	990.46
186.97	1045.68
187.02	1117.30
187.08	1185.46
187.13	1246.90
187.19	1314.59
187.24	1384.79
187.30	1438.35
187.35	1496.62
187.41	1569.42
187.47	1636.79
187.52	1694.20
187.58	1754.20
187.63	1820.80
187.69	1883.91
187.74	1937.50
187.80	1987.53
187.85	2034.91
187.91	2057.21
187.96	2044.50
188.02	1981.68
188.07	1872.06
188.13	1710.74
188.18	1540.90
188.24	1412.75
188.29	1351.80
188.35	1360.33
188.40	1439.13
188.46	1563.93
188.51	1687.42
188.57	1815.30
188.62	1937.79
188.67	2051.42
188.73	2160.52
188.78	2264.73
188.84	2364.73
188.89	2466.37
188.95	2571.81
189.00	2660.32
189.06	2755.10
189.11	2847.91
189.17	2929.25
189.22	3001.87
189.28	3088.28
189.33	3166.93
189.39	3230.83
189.44	3296.86
189.50	3369.78
189.55	3438.88
189.61	3493.38
189.66	3553.34
189.72	3612.28
189.77	3663.01
189.83	3690.84
189.88	3700.10
189.94	3671.98
189.99	3594.10
190.05	3444.79
190.10	3230.96
190.16	2984.76
190.21	2767.83
190.27	2629.17
190.32	2596.70
190.38	2670.57
190.43	2828.05
190.49	3014.32
190.54	3182.11
190.60	3335.96
190.65	3474.30
190.71	3605.12
190.76	3731.49
190.81	3855.62
190.87	3974.67
190.92	4099.20
190.98	4209.27
191.03	4316.83
191.09	4429.54
191.14	4530.76
191.20	4614.68
191.25	4714.38
191.31	4808.26
191.36	4896.95
191.42	4980.46
191.47	5072.84
191.53	5159.56
191.58	5234.96
191.64	5295.59
191.69	5357.53
191.75	5401.22
191.80	5431.25
191.85	5450.10
191.91	5472.17
191.96	5491.52
192.02	5520.86
192.07	5533.51
192.13	5529.30
192.18	5483.52
192.24	5369.13
192.29	5175.49
192.35	4954.12
192.40	4772.13
192.46	4663.20
192.51	4656.52
192.57	4750.12
192.62	4925.28
192.67	5107.73
192.73	5286.72
192.78	5451.72
192.84	5602.95
192.89	5736.75
192.95	5866.62
193.00	5980.20
193.06	6089.07
193.11	6195.09
193.17	6284.63
193.22	6369.61
193.28	6461.23
193.33	6533.41
193.38	6601.20
193.44	6672.38
193.49	6743.97
193.55	6799.27
193.60	6860.17
193.66	6912.87
193.71	6957.02
193.77	6983.43
193.82	7001.99
193.88	7018.13
193.93	7043.66
193.98	7070.89
194.04	7110.56
194.09	7157.75
194.15	7210.50
194.20	7255.42
194.26	7298.87
194.31	7341.21
194.37	7366.59
194.42	7376.45
194.47	7365.51
194.53	7324.44
194.58	7235.27
194.64	7132.25
194.69	7033.67
194.75	6967.70
194.80	6950.07
194.86	6992.10
194.91	7083.44
194.97	7189.17
195.02	7300.24
195.07	7409.70
195.13	7518.26
195.18	7628.30
195.24	7736.28
195.29	7846.79
195.35	7950.00
195.40	8051.99
195.46	8133.21
195.51	8220.13
195.56	8298.90
195.62	8369.61
195.67	8429.33
195.73	8495.54
195.78	8547.65
195.84	8589.95
195.89	8627.89
195.94	8665.72
196.00	8696.12
196.05	8731.68
196.11	8774.45
196.16	8819.65
196.22	8871.43
196.27	8925.35
196.32	8975.83
196.38	9021.80
196.43	9070.32
196.49	9106.90
196.54	9147.59
196.60	9190.28
196.65	9236.51
196.71	9278.63
196.76	9329.41
196.81	9365.82
196.87	9401.96
196.92	9427.38
196.98	9445.72
197.03	9452.88
197.09	9450.47
197.14	9441.01
197.19	9440.98
197.25	9453.70
197.30	9475.36
197.36	9525.62
197.41	9594.05
197.47	9658.40
197.52	9720.69
197.57	9789.33
197.63	9844.72
197.68	9893.89
197.74	9944.16
197.79	9991.81
197.84	10033.77
197.90	10078.72
197.95	10118.02
198.01	10162.40
198.06	10206.97
198.12	10251.90
198.17	10290.55
198.22	10333.09
198.28	10368.88
198.33	10409.06
198.39	10449.24
198.44	10498.89
198.49	10548.38
198.55	10597.48
198.60	10640.47
198.66	10686.51
198.71	10733.12
198.77	10777.36
198.82	10825.60
198.87	10878.85
198.93	10923.49
198.98	10964.25
199.04	11011.07
199.09	11049.95
199.14	11088.17
199.20	11129.15
199.25	11175.38
199.31	11216.31
199.36	11261.02
199.42	11305.19
199.47	11351.41
199.52	11389.14
199.58	11425.21
199.63	11451.59
199.69	11482.89
199.74	11510.07
199.79	11535.25
199.85	11566.10
199.90	11612.01
199.96	11649.96
200.01	11695.62
200.06	11750.17
200.12	11798.20
200.17	11848.54
200.23	11900.20
200.28	11948.36
200.33	11997.31
200.39	12045.55
200.44	12086.82
200.50	12130.30
200.55	12170.22
200.60	12209.82
200.66	12244.08
200.71	12274.60
200.77	12314.99
200.82	12352.05
200.87	12386.36
200.93	12427.80
200.98	12473.76
201.04	12510.59
201.09	12555.02
201.14	12607.00
201.20	12652.34
201.25	12706.73
201.31	12758.39
201.36	12817.48
201.41	12872.82
201.47	12933.10
201.52	12983.56
201.58	13044.89
201.63	13093.66
201.68	13139.12
201.74	13187.95
201.79	13238.17
201.84	13290.01
201.90	13339.26
201.95	13392.95
202.01	13448.21
202.06	13501.91
202.11	13543.48
202.17	13587.97
202.22	13634.76
202.28	13675.09
202.33	13715.55
202.38	13754.72
202.44	13799.46
202.49	13839.83
202.54	13887.69
202.60	13932.06
202.65	13982.67
202.71	14032.46
202.76	14071.82
202.81	14110.57
202.87	14157.90
202.92	14203.13
202.98	14246.76
203.03	14304.64
203.08	14364.56
203.14	14418.06
203.19	14476.28
203.24	14536.99
203.30	14589.47
203.35	14634.22
203.41	14683.28
203.46	14721.58
203.51	14760.43
203.57	14797.00
203.62	14847.76
203.67	14899.80
203.73	14950.00
203.78	14999.44
203.84	15057.20
203.89	15101.32
203.94	15139.96
204.00	15187.03
204.05	15236.78
204.10	15278.99
204.16	15315.02
204.21	15360.21
204.27	15401.08
204.32	15434.51
204.37	15477.69
204.43	15529.27
204.48	15572.08
204.53	15615.45
204.59	15667.67
204.64	15724.29
204.69	15785.98
204.75	15850.26
204.80	15917.20
204.86	15978.48
204.91	16032.63
204.96	16086.78
205.02	16140.36
205.07	16196.90
205.12	16258.99
205.18	16324.78
205.23	16384.42
205.28	16450.57
205.34	16508.78
205.39	16565.42
205.45	16622.79
205.50	16680.58
205.55	16734.34
205.61	16795.17
205.66	16854.58
205.71	16914.10
205.77	16973.72
205.82	17032.67
205.87	17087.35
205.93	17136.19
205.98	17185.17
206.03	17231.18
206.09	17277.68
206.14	17330.32
206.20	17389.43
206.25	17440.89
206.30	17497.02
206.36	17557.43
206.41	17619.90
206.46	17670.50
206.52	17721.19
206.57	17772.37
206.62	17814.05
206.68	17855.28
206.73	17906.04
206.78	17960.32
206.84	18014.36
206.89	18072.95
206.94	18133.04
207.00	18201.68
207.05	18270.95
207.11	18341.46
207.16	18400.44
207.21	18464.93
207.27	18519.38
207.32	18572.97
207.37	18628.07
207.43	18684.46
207.48	18729.94
207.53	18780.80
207.59	18833.88
207.64	18882.96
207.69	18955.16
207.75	19018.94
207.80	19075.14
207.85	19133.98
207.91	19195.93
207.96	19244.51
208.01	19304.73
208.07	19362.08
208.12	19419.67
208.17	19473.67
208.23	19520.69
208.28	19566.98
208.33	19625.39
208.39	19683.98
208.44	19748.50
208.49	19812.54
208.55	19875.53
208.60	19928.89
208.65	19978.91
208.71	20025.48
208.76	20081.51
208.81	20140.14
208.87	20208.78
208.92	20265.47
208.97	20327.98
209.03	20389.64
209.08	20451.60
209.13	20504.91
209.19	20567.52
209.24	20621.14
209.29	20678.70
209.35	20730.42
209.40	20794.05
209.45	20862.00
209.51	20931.33
209.56	20991.54
209.61	21060.80
209.67	21125.09
209.72	21182.27
209.77	21238.51
209.83	21305.85
209.88	21372.67
209.93	21435.94
209.99	21505.44
210.04	21578.73
210.09	21641.95
210.15	21701.95
210.20	21760.82
210.25	21822.67
210.31	21882.19
210.36	21934.23
210.41	21984.81
210.46	22047.20
210.52	22099.45
210.57	22147.23
210.62	22209.12
210.68	22274.88
210.73	22324.55
210.78	22384.69
210.84	22451.96
210.89	22514.25
210.94	22570.96
211.00	22628.00
211.05	22674.43
211.10	22732.84
211.16	22788.83
211.21	22852.56
211.26	22923.90
211.32	22998.84
211.37	23064.82
211.42	23131.60
211.47	23197.99
211.53	23261.93
211.58	23325.70
211.63	23383.93
211.69	23443.80
211.74	23497.61
211.79	23543.69
211.85	23601.79
211.90	23653.97
211.95	23720.82
212.01	23786.12
212.06	23867.66
212.11	23936.11
212.16	24018.22
212.22	24090.29
212.27	24163.69
212.32	24227.98
212.38	24297.83
212.43	24361.68
212.48	24423.15
212.54	24486.38
212.59	24554.57
212.64	24618.34
212.69	24680.69
212.75	24748.12
212.80	24810.53
212.85	24870.52
212.91	24923.97
212.96	24981.24
213.01	25040.96
213.07	25103.02
213.12	25168.20
213.17	25240.35
213.22	25303.48
213.28	25368.29
213.33	25416.24
213.38	25470.45
213.44	25526.42
213.49	25595.92
213.54	25662.52
213.60	25749.60
213.65	25828.61
213.70	25910.76
213.75	25983.27
213.81	26045.60
213.86	26106.77
213.91	26160.88
213.97	26216.62
214.02	26263.63
214.07	26313.27
214.12	26359.26
214.18	26417.50
214.23	26472.01
214.28	26536.23
214.34	26600.16
214.39	26669.13
214.44	26725.76
214.49	26776.35
214.55	26822.25
214.60	26866.38
214.65	26910.88
214.71	26956.60
214.76	27014.94
214.81	27082.97
214.86	27171.70
214.92	27248.87
214.97	27328.42
215.02	27411.26
215.08	27484.75
215.13	27554.78
215.18	27621.28
215.23	27697.31
215.29	27762.71
215.34	27839.62
215.39	27908.51
215.45	27998.13
215.50	28075.22
215.55	28151.49
215.60	28220.42
215.66	28282.71
215.71	28340.74
215.76	28402.95
215.81	28466.21
215.87	28523.52
215.92	28580.41
215.97	28631.32
216.03	28689.27
216.08	28738.70
216.13	28800.46
216.18	28861.04
216.24	28926.45
216.29	28976.90
216.34	29035.89
216.39	29102.05
216.45	29163.84
216.50	29215.15
216.55	29280.35
216.61	29352.71
216.66	29404.38
216.71	29462.42
216.76	29528.11
216.82	29603.14
216.87	29663.01
216.92	29737.10
216.97	29804.12
217.03	29876.57
217.08	29941.55
217.13	30020.52
217.18	30091.42
217.24	30164.50
217.29	30227.61
217.34	30283.22
217.39	30326.39
217.45	30369.04
217.50	30417.39
217.55	30479.91
217.61	30543.15
217.66	30613.77
217.71	30683.59
217.76	30763.28
217.82	30841.56
217.87	30918.98
217.92	30998.39
217.97	31075.00
218.03	31133.86
218.08	31179.98
218.13	31223.37
218.18	31262.82
218.24	31326.09
218.29	31392.14
218.34	31453.79
218.39	31519.69
218.45	31586.98
218.50	31635.52
218.55	31688.23
218.60	31751.81
218.66	31810.68
218.71	31876.39
218.76	31944.76
218.81	32016.17
218.87	32081.39
218.92	32145.45
218.97	32207.34
219.02	32273.15
219.08	32335.44
219.13	32404.24
219.18	32477.51
219.23	32543.39
219.29	32610.37
219.34	32671.98
219.39	32739.72
219.44	32802.09
219.50	32870.74
219.55	32928.75
219.60	32997.82
219.65	33053.95
219.71	33120.81
219.76	33169.72
219.81	33227.76
219.86	33279.95
219.92	33336.89
219.97	33388.41
220.02	33452.47
220.07	33513.30
220.13	33575.17
220.18	33640.45
220.23	33708.09
220.28	33788.25
220.33	33869.15
220.39	33935.50
220.44	33994.97
220.49	34049.01
220.54	34092.07
220.60	34130.70
220.65	34190.36
220.70	34257.30
220.75	34329.83
220.81	34409.19
220.86	34490.74
220.91	34558.54
220.96	34629.93
221.02	34703.57
221.07	34768.32
221.12	34828.55
221.17	34889.10
221.22	34941.17
221.28	34993.77
221.33	35054.60
221.38	35111.92
221.43	35181.37
221.49	35249.17
221.54	35307.53
221.59	35370.34
221.64	35450.97
221.69	35536.64
221.75	35632.28
221.80	35731.84
221.85	35809.01
221.90	35876.32
221.96	35939.07
222.01	35974.58
222.06	36009.58
222.11	36062.55
222.17	36106.34
222.22	36127.97
222.27	36181.56
222.32	36241.65
222.37	36288.63
222.43	36349.84
222.48	36414.94
222.53	36484.63
222.58	36554.59
222.63	36622.25
222.69	36691.38
222.74	36776.27
222.79	36841.22
222.84	36881.41
222.90	36932.55
222.95	36981.02
223.00	37010.41
223.05	37055.49
223.10	37123.65
223.16	37184.52
223.21	37227.80
223.26	37286.70
223.31	37327.62
223.36	37362.47
223.42	37394.80
223.47	37436.55
223.52	37482.15
223.57	37531.78
223.63	37585.47
223.68	37638.37
223.73	37711.17
223.78	37786.30
223.83	37856.87
223.89	37919.22
223.94	37996.51
223.99	38057.10
224.04	38128.34
224.09	38203.56
224.15	38293.67
224.20	38366.44
224.25	38458.06
224.30	38538.29
224.35	38629.12
224.41	38721.03
224.46	38821.95
224.51	38905.22
224.56	38985.24
224.61	39055.22
224.67	39128.95
224.72	39199.37
224.77	39293.64
224.82	39393.57
224.87	39483.17
224.93	39559.53
224.98	39657.47
225.03	39744.58
225.08	39823.81
225.13	39909.16
225.19	40010.48
225.24	40095.88
225.29	40160.02
225.34	40241.23
225.39	40327.40
225.45	40412.12
225.50	40492.08
225.55	40583.34
225.60	40666.94
225.65	40759.51
225.71	40839.06
225.76	40928.55
225.81	41017.82
225.86	41106.46
225.91	41186.38
225.97	41272.21
226.02	41355.11
226.07	41431.18
226.12	41499.15
226.17	41561.92
226.22	41638.61
226.28	41715.16
226.33	41799.93
226.38	41881.41
226.43	41972.75
226.48	42030.51
226.54	42086.68
226.59	42158.32
226.64	42236.74
226.69	42302.71
226.74	42385.13
226.80	42456.38
226.85	42512.40
226.90	42568.13
226.95	42635.79
227.00	42697.12
227.05	42778.87
227.11	42872.08
227.16	42953.77
227.21	43031.10
227.26	43119.66
227.31	43197.90
227.37	43248.16
227.42	43323.65
227.47	43399.46
227.52	43461.06
227.57	43510.09
227.62	43603.83
227.68	43676.27
227.73	43758.86
227.78	43849.44
227.83	43948.43
227.88	44015.10
227.93	44097.36
227.99	44172.30
228.04	44234.39
228.09	44309.41
228.14	44379.34
228.19	44446.83
228.24	44501.29
228.30	44578.74
228.35	44642.21
228.40	44714.59
228.45	44770.30
228.50	44852.21
228.56	44914.65
228.61	44978.46
228.66	45039.27
228.71	45092.66
228.76	45134.23
228.81	45183.75
228.87	45233.73
228.92	45287.96
228.97	45356.00
229.02	45440.47
229.07	45512.27
229.12	45594.30
229.17	45663.59
229.23	45735.06
229.28	45811.42
229.33	45892.22
229.38	45962.33
229.43	46043.56
229.48	46130.89
229.54	46198.24
229.59	46263.59
229.64	46338.13
229.69	46420.49
229.74	46499.90
229.79	46565.90
229.85	46644.28
229.90	46711.44
229.95	46774.99
230.00	46830.88
230.05	46915.17
230.10	46977.10
230.16	47046.45
230.21	47107.97
230.26	47162.39
230.31	47193.30
230.36	47253.84
230.41	47310.55
230.46	47389.69
230.52	47484.72
230.57	47575.64
230.62	47662.77
230.67	47742.84
230.72	47799.30
230.77	47839.99
230.82	47893.15
230.88	47919.87
230.93	47964.23
230.98	48004.04
231.03	48062.62
231.08	48111.61
231.13	48165.14
231.19	48224.03
231.24	48304.04
231.29	48383.87
231.34	48455.77
231.39	48540.96
231.44	48614.33
231.49	48659.59
231.55	48700.27
231.60	48754.61
231.65	48801.16
231.70	48840.70
231.75	48894.96
231.80	48950.19
231.85	48996.93
231.91	49039.77
231.96	49086.81
232.01	49145.43
232.06	49208.20
232.11	49275.78
232.16	49358.25
232.21	49453.96
232.26	49545.13
232.32	49619.23
232.37	49682.00
232.42	49743.68
232.47	49790.23
232.52	49830.66
232.57	49885.10
232.62	49942.52
232.68	50004.40
232.73	50077.98
232.78	50153.14
232.83	50225.68
232.88	50306.74
232.93	50386.78
232.98	50447.19
233.03	50500.33
233.09	50559.05
233.14	50630.50
233.19	50685.14
233.24	50745.09
233.29	50791.95
233.34	50823.20
233.39	50840.16
233.45	50862.52
233.50	50905.88
233.55	50953.62
233.60	51022.35
233.65	51084.84
233.70	51161.31
233.75	51206.56
233.80	51267.14
233.86	51323.98
233.91	51369.00
233.96	51401.26
234.01	51446.92
234.06	51490.03
234.11	51543.26
234.16	51607.92
234.21	51676.28
234.26	51728.40
234.32	51772.45
234.37	51806.84
234.42	51834.22
234.47	51853.32
234.52	51882.66
234.57	51928.09
234.62	51970.12
234.67	52022.19
234.73	52081.74
234.78	52139.77
234.83	52178.31
234.88	52223.21
234.93	52263.40
234.98	52305.30
235.03	52356.13
235.08	52425.51
235.13	52482.70
235.19	52553.33
235.24	52611.80
235.29	52666.65
235.34	52710.88
235.39	52745.90
235.44	52769.29
235.49	52808.37
235.54	52841.79
235.59	52858.80
235.65	52889.93
235.70	52926.85
235.75	52965.89
235.80	53016.43
235.85	53072.75
235.90	53120.60
235.95	53149.64
236.00	53168.31
236.05	53189.35
236.11	53214.93
236.16	53255.08
236.21	53305.15
236.26	53351.95
236.31	53382.82
236.36	53405.37
236.41	53412.85
236.46	53420.99
236.51	53436.22
236.56	53459.03
236.62	53494.68
236.67	53530.85
236.72	53580.78
236.77	53616.44
236.82	53660.40
236.87	53681.45
236.92	53702.70
236.97	53729.30
237.02	53772.08
237.07	53820.06
237.13	53889.00
237.18	53949.56
237.23	53998.11
237.28	54037.10
237.33	54073.21
237.38	54086.97
237.43	54109.16
237.48	54117.91
237.53	54128.49
237.58	54157.37
237.63	54209.50
237.69	54244.42
237.74	54299.70
237.79	54348.68
237.84	54352.88
237.89	54352.53
237.94	54366.14
237.99	54376.91
238.04	54394.12
238.09	54424.27
238.14	54455.65
238.19	54482.92
238.25	54510.98
238.30	54508.28
238.35	54505.30
238.40	54502.25
238.45	54494.24
238.50	54490.59
238.55	54498.72
238.60	54537.13
238.65	54561.50
238.70	54584.88
238.75	54590.44
238.80	54624.31
238.86	54623.19
238.91	54635.94
238.96	54666.22
239.01	54708.08
239.06	54735.17
239.11	54770.10
239.16	54799.02
239.21	54799.54
239.26	54788.33
239.31	54795.53
239.36	54807.66
239.41	54820.74
239.46	54854.74
239.52	54881.79
239.57	54908.39
239.62	54910.23
239.67	54923.20
239.72	54939.93
239.77	54962.81
239.82	54975.33
239.87	55005.12
239.92	55020.52
239.97	55014.68
240.02	55007.61
240.07	54992.68
240.12	54980.62
240.17	54981.14
240.23	54987.56
240.28	54998.49
240.33	55010.84
240.38	55006.72
240.43	55004.07
240.48	55021.28
240.53	55042.19
240.58	55061.96
240.63	55106.06
240.68	55123.10
240.73	55115.54
240.78	55101.97
240.83	55093.57
240.88	55060.46
240.93	55050.29
240.98	55052.94
241.04	55073.59
241.09	55102.13
241.14	55128.22
241.19	55175.34
241.24	55205.13
241.29	55221.63
241.34	55232.18
241.39	55250.23
241.44	55245.39
241.49	55248.25
241.54	55244.72
241.59	55237.23
241.64	55237.38
241.69	55229.18
241.74	55220.65
241.79	55211.73
241.84	55207.55
241.90	55190.30
241.95	55170.00
242.00	55141.43
242.05	55124.34
242.10	55101.39
242.15	55080.92
242.20	55075.34
242.25	55079.95
242.30	55074.77
242.35	55070.29
242.40	55073.11
242.45	55065.30
242.50	55057.66
242.55	55048.11
242.60	55045.63
242.65	55043.40
242.70	55055.01
242.75	55077.47
242.80	55118.81
242.85	55156.00
242.91	55165.54
242.96	55157.48
243.01	55138.15
243.06	55107.16
243.11	55060.49
243.16	55045.02
243.21	55046.59
243.26	55051.44
243.31	55067.18
243.36	55090.14
243.41	55104.27
243.46	55099.14
243.51	55075.16
243.56	55027.17
243.61	54969.21
243.66	54932.70
243.71	54903.66
243.76	54904.45
243.81	54921.80
243.86	54927.45
243.91	54931.52
243.96	54923.96
244.01	54897.36
244.06	54867.29
244.12	54868.42
244.17	54849.38
244.22	54854.30
244.27	54878.77
244.32	54910.98
244.37	54925.72
244.42	54932.21
244.47	54915.38
244.52	54888.56
244.57	54843.19
244.62	54813.72
244.67	54792.70
244.72	54785.11
244.77	54780.79
244.82	54801.06
244.87	54831.13
244.92	54857.24
244.97	54873.07
245.02	54877.03
245.07	54856.81
245.12	54832.77
245.17	54808.69
245.22	54801.19
245.27	54795.34
245.32	54766.36
245.37	54725.80
245.42	54692.41
245.47	54648.76
245.52	54602.17
245.57	54586.23
245.62	54570.58
245.67	54550.54
245.72	54539.25
245.77	54519.17
245.82	54499.89
245.87	54499.79
245.92	54510.67
245.98	54503.79
246.03	54518.42
246.08	54527.57
246.13	54515.77
246.18	54512.94
246.23	54509.83
246.28	54491.93
246.33	54475.38
246.38	54454.26
246.43	54421.24
246.48	54398.50
246.53	54400.28
246.58	54409.06
246.63	54418.14
246.68	54406.87
246.73	54400.85
246.78	54369.52
246.83	54312.60
246.88	54250.45
246.93	54208.38
246.98	54153.13
247.03	54122.93
247.08	54116.81
247.13	54111.62
247.18	54112.09
247.23	54136.58
247.28	54142.31
247.33	54123.23
247.38	54109.46
247.43	54090.28
247.48	54070.16
247.53	54040.64
247.58	54011.59
247.63	53988.73
247.68	53955.98
247.73	53890.92
247.78	53847.48
247.83	53814.69
247.88	53782.89
247.93	53768.98
247.98	53774.55
248.03	53782.41
248.08	53802.70
248.13	53812.51
248.18	53798.38
248.23	53791.20
248.28	53760.74
248.33	53718.51
248.38	53676.31
248.43	53660.70
248.48	53635.63
248.53	53619.14
248.58	53601.08
248.63	53606.12
248.68	53582.75
248.73	53563.62
248.78	53532.18
248.83	53491.82
248.88	53422.87
248.93	53355.31
248.98	53273.16
249.03	53233.28
249.08	53204.55
249.13	53194.23
249.18	53190.62
249.23	53202.61
249.28	53185.95
249.33	53178.20
249.38	53161.91
249.43	53145.05
249.48	53126.72
249.53	53117.80
249.58	53094.67
249.63	53076.08
249.68	53064.98
249.73	53049.42
249.78	53032.31
249.83	53029.75
249.88	53004.20
249.93	52979.49
249.98	52971.98
250.03	52959.75
250.08	52933.95
250.13	52928.01
250.18	52907.48
250.23	52859.14
250.28	52809.17
250.33	52755.44
250.37	52708.95
250.42	52674.82
250.47	52648.08
250.52	52630.05
250.57	52612.69
250.62	52574.13
250.67	52539.88
250.72	52522.93
250.77	52486.82
250.82	52472.96
250.87	52480.03
250.92	52474.90
250.97	52447.57
251.02	52441.00
251.07	52433.14
251.12	52410.91
251.17	52378.88
251.22	52354.84
251.27	52315.33
251.32	52259.32
251.37	52196.87
251.42	52146.45
251.47	52102.56
251.52	52077.80
251.57	52064.33
251.62	52057.99
251.67	52052.22
251.72	52036.50
251.77	51997.97
251.82	51950.26
251.87	51910.68
251.92	51868.07
251.97	51813.66
252.02	51774.63
252.07	51753.32
252.12	51738.39
252.16	51728.52
252.21	51723.55
252.26	51731.89
252.31	51729.58
252.36	51722.57
252.41	51703.20
252.46	51690.74
252.51	51660.42
252.56	51629.78
252.61	51595.52
252.66	51562.27
252.71	51535.99
252.76	51507.39
252.81	51461.32
252.86	51401.69
252.91	51352.69
252.96	51285.94
253.01	51219.80
253.06	51166.67
253.11	51130.67
253.16	51095.02
253.21	51057.38
253.26	51024.32
253.31	50992.67
253.36	50964.59
253.40	50937.71
253.45	50919.42
253.50	50877.70
253.55	50843.80
253.60	50794.87
253.65	50746.72
253.70	50713.08
253.75	50696.09
253.80	50675.88
253.85	50674.96
253.90	50680.70
253.95	50667.24
254.00	50667.51
254.05	50658.30
254.10	50618.98
254.15	50577.98
254.20	50555.42
254.25	50518.95
254.30	50479.73
254.35	50445.60
254.39	50383.40
254.44	50302.80
254.49	50226.99
254.54	50191.04
254.59	50159.76
254.64	50151.01
254.69	50152.22
254.74	50153.15
254.79	50122.48
254.84	50087.13
254.89	50066.81
254.94	50048.78
254.99	50036.34
255.04	50023.22
255.09	50021.10
255.14	49996.40
255.19	49978.21
255.23	49963.22
255.28	49951.64
255.33	49945.09
255.38	49945.67
255.43	49929.53
255.48	49905.42
255.53	49866.88
255.58	49827.01
255.63	49781.56
255.68	49732.49
255.73	49681.99
255.78	49652.71
255.83	49624.45
255.88	49606.75
255.93	49590.82
255.97	49573.15
256.02	49540.37
256.07	49501.06
256.12	49425.88
256.17	49364.99
256.22	49308.16
256.27	49254.65
256.32	49206.59
256.37	49192.36
256.42	49177.58
256.47	49158.22
256.52	49132.86
256.57	49110.43
256.62	49093.70
256.66	49082.95
256.71	49053.64
256.76	49025.17
256.81	48983.60
256.86	48924.83
256.91	48868.02
256.96	48819.09
257.01	48786.07
257.06	48759.44
257.11	48728.49
257.16	48679.72
257.21	48646.78
257.26	48612.28
257.30	48573.93
257.35	48540.18
257.40	48517.62
257.45	48498.73
257.50	48468.27
257.55	48437.26
257.60	48419.58
257.65	48394.22
257.70	48349.61
257.75	48313.85
257.80	48283.05
257.85	48242.04
257.89	48196.08
257.94	48143.42
257.99	48085.07
258.04	48032.52
258.09	47988.47
258.14	47954.20
258.19	47950.36
258.24	47933.12
258.29	47893.27
258.34	47855.33
258.39	47820.47
258.44	47752.48
258.48	47698.61
258.53	47662.44
258.58	47620.98
258.63	47572.27
258.68	47536.09
258.73	47499.77
258.78	47462.73
258.83	47423.41
258.88	47391.77
258.93	47356.72
258.97	47330.13
259.02	47295.95
259.07	47274.28
259.12	47244.34
259.17	47228.94
259.22	47208.64
259.27	47192.78
259.32	47167.86
259.37	47128.93
259.42	47093.04
259.47	47045.62
259.51	46993.70
259.56	46931.82
259.61	46871.13
259.66	46790.72
259.71	46713.51
259.76	46642.37
259.81	46582.69
259.86	46540.14
259.91	46507.20
259.95	46485.36
260.00	46470.47
260.05	46450.08
260.10	46426.37
260.15	46411.99
260.20	46399.01
260.25	46390.44
260.30	46380.92
260.35	46362.03
260.40	46331.63
260.44	46311.33
260.49	46295.76
260.54	46258.72
260.59	46236.53
260.64	46233.97
260.69	46222.78
260.74	46178.75
260.79	46141.76
260.84	46095.91
260.88	46024.67
260.93	45946.61
260.98	45904.97
261.03	45867.82
261.08	45835.32
261.13	45804.51
261.18	45767.16
261.23	45713.35
261.28	45673.04
261.32	45629.26
261.37	45584.61
261.42	45557.39
261.47	45534.49
261.52	45495.59
261.57	45455.77
261.62	45419.16
261.67	45365.83
261.71	45299.83
261.76	45250.16
261.81	45191.22
261.86	45135.85
261.91	45085.40
261.96	45044.42
262.01	45005.32
262.06	44985.47
262.10	44974.97
262.15	44957.78
262.20	44946.34
262.25	44930.06
262.30	44903.85
262.35	44876.37
262.40	44851.50
262.45	44818.30
262.49	44788.69
262.54	44755.23
262.59	44716.84
262.64	44688.39
262.69	44645.24
262.74	44602.13
262.79	44553.37
262.84	44506.32
262.88	44450.68
262.93	44403.22
262.98	44359.15
263.03	44311.78
263.08	44264.58
263.13	44195.71
263.18	44136.00
263.23	44072.74
263.27	44036.64
263.32	44004.62
263.37	43994.37
263.42	43983.33
263.47	43956.44
263.52	43924.06
263.57	43884.60
263.61	43846.21
263.66	43801.18
263.71	43778.23
263.76	43750.55
263.81	43711.52
263.86	43683.69
263.91	43644.01
263.95	43574.56
264.00	43505.08
264.05	43449.54
264.10	43380.19
264.15	43313.32
264.20	43278.91
264.25	43246.89
264.29	43211.47
264.34	43162.31
264.39	43131.59
264.44	43073.64
264.49	43022.83
264.54	42964.56
264.59	42922.84
264.63	42878.10
264.68	42833.06
264.73	42781.32
264.78	42742.96
264.83	42694.80
264.88	42644.95
264.93	42624.45
264.97	42598.55
265.02	42571.95
265.07	42549.95
265.12	42521.38
265.17	42467.86
265.22	42431.02
265.27	42374.71
265.31	42319.40
265.36	42253.84
265.41	42202.25
265.46	42134.75
265.51	42058.79
265.56	41997.19
265.60	41948.45
265.65	41883.57
265.70	41830.29
265.75	41789.90
265.80	41737.07
265.85	41679.56
265.90	41628.43
265.94	41567.17
265.99	41505.31
266.04	41451.74
266.09	41404.04
266.14	41367.21
266.19	41331.12
266.23	41299.00
266.28	41257.08
266.33	41225.86
266.38	41196.57
266.43	41171.94
266.48	41159.54
266.52	41139.93
266.57	41105.88
266.62	41067.75
266.67	41025.22
266.72	40970.58
266.77	40940.52
266.81	40913.69
266.86	40877.38
266.91	40847.53
266.96	40808.75
267.01	40764.85
267.06	40711.19
267.10	40667.97
267.15	40612.08
267.20	40581.69
267.25	40543.87
267.30	40510.92
267.35	40469.68
267.39	40430.79
267.44	40387.68
267.49	40335.85
267.54	40287.87
267.59	40243.60
267.64	40192.10
267.68	40134.96
267.73	40084.88
267.78	40043.52
267.83	40018.46
267.88	40009.42
267.93	40003.82
267.97	39985.16
268.02	39951.05
268.07	39902.57
268.12	39840.70
268.17	39771.58
268.21	39734.44
268.26	39693.95
268.31	39653.22
268.36	39604.48
268.41	39559.52
268.46	39504.20
268.50	39459.86
268.55	39402.61
268.60	39349.97
268.65	39292.64
268.70	39211.72
268.74	39147.69
268.79	39084.14
268.84	39034.91
268.89	38993.10
268.94	38969.31
268.99	38921.41
269.03	38884.37
269.08	38835.52
269.13	38765.55
269.18	38687.18
269.23	38594.83
269.27	38482.69
269.32	38351.21
269.37	38228.10
269.42	38088.24
269.47	37952.98
269.51	37815.57
269.56	37681.38
269.61	37540.48
269.66	37396.22
269.71	37244.52
269.76	37098.77
269.80	36949.28
269.85	36798.70
269.90	36656.78
269.95	36512.23
270.00	36350.65
270.04	36206.91
270.09	36060.58
270.14	35918.28
270.19	35783.64
270.24	35660.93
270.28	35505.00
270.33	35339.61
270.38	35163.95
270.43	34979.30
270.48	34801.45
270.52	34645.76
270.57	34486.51
270.62	34327.30
270.67	34182.14
270.72	34018.64
270.76	33842.03
270.81	33676.45
270.86	33503.26
270.91	33326.46
270.96	33160.91
271.00	33002.32
271.05	32850.85
271.10	32714.44
271.15	32584.48
271.20	32461.79
271.24	32328.86
271.29	32193.84
271.34	32053.12
271.39	31901.06
271.44	31748.08
271.48	31610.55
271.53	31463.41
271.58	31316.07
271.63	31172.99
271.67	31022.26
271.72	30871.88
271.77	30730.37
271.82	30594.93
271.87	30460.03
271.91	30302.66
271.96	30170.02
272.01	30029.32
272.06	29895.97
272.11	29768.35
272.15	29670.50
272.20	29559.26
272.25	29466.57
272.30	29363.15
272.35	29258.88
272.39	29154.65
272.44	29039.15
272.49	28903.69
272.54	28765.83
272.58	28615.12
272.63	28464.70
272.68	28308.56
272.73	28146.25
272.78	27973.72
272.82	27777.58
272.87	27554.18
272.92	27269.72
272.97	26747.15
273.01	23799.63
273.06	18872.50
273.11	13438.95
273.16	8106.20
273.21	3051.49
273.25	460.50
273.30	-88.43
273.35	-89.07
