165.32	3385.84
165.38	-248.41
165.44	597.39
165.50	-76.48
165.55	-17.06
165.61	6.29
165.67	35.29
165.72	44.73
165.78	50.33
165.84	49.08
165.89	45.93
165.95	44.45
166.01	43.89
166.06	45.92
166.12	48.14
166.18	46.39
166.23	48.09
166.29	47.68
166.35	44.14
166.40	43.68
166.46	50.01
166.52	52.45
166.57	53.18
166.63	53.75
166.69	56.36
166.74	50.63
166.80	51.23
166.86	53.19
166.91	54.06
166.97	48.00
167.03	50.34
167.08	44.23
167.14	43.49
167.20	41.61
167.25	53.79
167.31	54.01
167.37	59.64
167.42	61.53
167.48	67.29
167.54	62.12
167.59	61.89
167.65	57.67
167.71	57.59
167.76	56.45
167.82	51.89
167.88	51.18
167.93	58.74
167.99	57.14
168.05	59.14
168.10	66.65
168.16	66.32
168.21	64.21
168.27	68.44
168.33	70.54
168.38	63.55
168.44	68.51
168.50	67.09
168.55	65.79
168.61	66.32
168.67	68.01
168.72	65.23
168.78	65.86
168.84	61.58
168.89	60.13
168.95	61.08
169.01	60.61
169.06	60.09
169.12	59.76
169.18	57.82
169.23	58.13
169.29	62.05
169.34	66.62
169.40	69.17
169.46	73.41
169.51	75.09
169.57	70.85
169.63	66.63
169.68	71.52
169.74	67.88
169.80	73.60
169.85	74.80
169.91	78.18
169.97	74.66
170.02	74.89
170.08	73.91
170.13	74.13
170.19	74.08
170.25	75.26
170.30	79.05
170.36	71.25
170.42	73.23
170.47	74.63
170.53	75.82
170.59	72.72
170.64	75.95
170.70	74.56
170.76	71.78
170.81	73.39
170.87	73.06
170.92	73.99
170.98	76.92
171.04	79.40
171.09	75.58
171.15	83.10
171.21	84.36
171.26	81.01
171.32	78.01
171.37	81.47
171.43	75.73
171.49	79.68
171.54	83.60
171.60	85.54
171.66	87.68
171.71	88.15
171.77	85.81
171.83	90.93
171.88	89.99
171.94	89.48
171.99	94.12
172.05	92.80
172.11	93.92
172.16	102.50
172.22	102.70
172.28	102.66
172.33	101.16
172.39	98.25
172.44	94.88
172.50	99.83
172.56	99.89
172.61	108.27
172.67	107.91
172.72	107.85
172.78	103.11
172.84	98.16
172.89	91.08
172.95	90.12
173.01	90.99
173.06	89.52
173.12	95.02
173.17	96.95
173.23	96.35
173.29	97.07
173.34	99.42
173.40	94.29
173.46	94.61
173.51	97.88
173.57	97.83
173.62	92.13
173.68	98.47
173.74	97.67
173.79	99.46
173.85	96.27
173.90	99.25
173.96	95.32
174.02	92.75
174.07	84.08
174.13	83.40
174.18	85.80
174.24	79.46
174.30	79.58
174.35	84.58
174.41	81.66
174.47	75.59
174.52	76.89
174.58	75.80
174.63	71.87
174.69	70.78
174.75	72.02
174.80	83.03
174.86	80.56
174.91	81.64
174.97	81.81
175.03	79.27
175.08	67.05
175.14	73.77
175.19	69.56
175.25	69.94
175.31	74.36
175.36	75.57
175.42	72.29
175.47	77.32
175.53	77.79
175.59	74.18
175.64	75.93
175.70	74.30
175.75	69.23
175.81	67.65
175.87	68.93
175.92	65.23
175.98	66.92
176.03	67.22
176.09	67.88
176.15	67.88
176.20	69.18
176.26	68.54
176.31	72.55
176.37	69.99
176.42	71.00
176.48	73.95
176.54	72.09
176.59	68.32
176.65	71.28
176.70	72.59
176.76	72.10
176.82	69.82
176.87	67.14
176.93	66.86
176.98	65.89
177.04	61.13
177.10	65.84
177.15	67.07
177.21	67.67
177.26	66.24
177.32	70.21
177.37	72.16
177.43	75.95
177.49	72.70
177.54	69.89
177.60	69.83
177.65	70.16
177.71	65.21
177.77	68.32
177.82	70.63
177.88	74.41
177.93	69.75
177.99	75.49
178.04	70.81
178.10	71.48
178.16	65.25
178.21	66.28
178.27	63.53
178.32	67.95
178.38	66.46
178.43	67.74
178.49	67.81
178.55	66.90
178.60	65.57
178.66	64.76
178.71	66.42
178.77	64.20
178.82	65.30
178.88	65.02
178.94	65.99
178.99	67.46
179.05	72.12
179.10	68.19
179.16	71.02
179.21	73.73
179.27	72.20
179.33	67.31
179.38	70.91
179.44	68.99
179.49	68.69
179.55	67.05
179.60	67.31
179.66	66.45
179.72	68.43
179.77	65.89
179.83	64.18
179.88	66.24
179.94	67.56
179.99	64.34
180.05	64.58
180.11	65.48
180.16	67.29
180.22	69.39
180.27	73.83
180.33	74.45
180.38	79.05
180.44	74.92
180.49	75.07
180.55	73.02
180.61	77.34
180.66	71.96
180.72	70.56
180.77	68.75
180.83	68.53
180.88	65.41
180.94	65.16
180.99	68.69
181.05	68.66
181.11	69.71
181.16	70.25
181.22	71.47
181.27	73.70
181.33	72.45
181.38	69.30
181.44	69.80
181.49	74.76
181.55	75.38
181.61	81.97
181.66	84.69
181.72	83.13
181.77	80.00
181.83	77.78
181.88	82.35
181.94	84.03
181.99	89.12
182.05	89.44
182.11	90.10
182.16	80.66
182.22	78.82
182.27	73.50
182.33	75.35
182.38	74.76
182.44	79.35
182.49	81.17
182.55	83.91
182.60	84.08
182.66	87.49
182.72	89.99
182.77	92.10
182.83	94.80
182.88	97.96
182.94	99.42
182.99	96.88
183.05	95.26
183.10	97.65
183.16	96.57
183.21	97.33
183.27	104.03
183.32	107.74
183.38	109.83
183.44	116.14
183.49	120.55
183.55	121.09
183.60	126.58
183.66	131.98
183.71	139.95
183.77	146.13
183.82	154.42
183.88	164.63
183.93	174.95
183.99	187.30
184.04	202.40
184.10	213.50
184.15	223.72
184.21	236.14
184.27	238.43
184.32	239.77
184.38	238.36
184.43	236.14
184.49	222.28
184.54	207.72
184.60	201.39
184.65	189.78
184.71	181.38
184.76	183.02
184.82	199.23
184.87	213.79
184.93	237.38
184.98	263.81
185.04	293.80
185.09	316.57
185.15	341.38
185.20	372.10
185.26	404.37
185.31	430.64
185.37	457.92
185.43	476.90
185.48	495.91
185.54	518.17
185.59	543.61
185.65	567.16
185.70	606.25
185.76	650.68
185.81	684.25
185.87	720.24
185.92	764.21
185.98	799.81
186.03	816.64
186.09	820.02
186.14	797.52
186.20	747.74
186.25	665.83
186.31	584.31
186.36	520.48
186.42	493.46
186.47	503.56
186.53	551.49
186.58	619.25
186.64	692.70
186.69	763.74
186.75	822.84
186.80	881.28
186.86	939.51
186.91	999.82
186.97	1055.91
187.02	1127.85
187.08	1196.62
187.13	1257.93
187.19	1325.49
187.24	1397.75
187.30	1451.93
187.35	1509.47
187.41	1582.92
187.47	1652.35
187.52	1708.73
187.58	1768.77
187.63	1836.56
187.69	1899.99
187.74	1952.22
187.80	2002.38
187.85	2050.75
187.91	2072.67
187.96	2057.95
188.02	1994.25
188.07	1883.92
188.13	1720.73
188.18	1551.19
188.24	1424.86
188.29	1362.59
188.35	1369.01
188.40	1449.13
188.46	1572.72
188.51	1695.22
188.57	1823.27
188.62	1947.22
188.67	2061.67
188.73	2170.73
188.78	2276.58
188.84	2378.53
188.89	2480.96
188.95	2585.18
189.00	2675.90
189.06	2773.85
189.11	2866.79
189.17	2948.03
189.22	3021.65
189.28	3109.94
189.33	3186.18
189.39	3249.73
189.44	3316.50
189.50	3389.99
189.55	3456.88
189.61	3510.27
189.66	3571.65
189.72	3631.37
189.77	3681.87
189.83	3710.85
189.88	3723.11
189.94	3694.53
189.99	3615.56
190.05	3467.30
190.10	3250.85
190.16	3000.92
190.21	2783.76
190.27	2643.84
190.32	2608.36
190.38	2681.89
190.43	2840.24
190.49	3026.74
190.54	3197.04
190.60	3352.78
190.65	3494.39
190.71	3622.63
190.76	3747.50
190.81	3872.36
190.87	3992.26
190.92	4117.18
190.98	4231.31
191.03	4339.80
191.09	4451.51
191.14	4551.50
191.20	4635.37
191.25	4733.70
191.31	4828.11
191.36	4918.71
191.42	5001.37
191.47	5093.05
191.53	5178.38
191.58	5253.37
191.64	5315.86
191.69	5379.38
191.75	5421.84
191.80	5450.33
191.85	5468.97
191.91	5486.42
191.96	5504.20
192.02	5533.81
192.07	5551.33
192.13	5548.34
192.18	5504.31
192.24	5389.33
192.29	5196.61
192.35	4972.32
192.40	4789.97
192.46	4677.69
192.51	4671.41
192.57	4763.60
192.62	4938.04
192.67	5120.55
192.73	5299.78
192.78	5463.76
192.84	5615.63
192.89	5751.09
192.95	5879.46
193.00	5993.24
193.06	6102.55
193.11	6209.57
193.17	6299.32
193.22	6383.02
193.28	6473.60
193.33	6547.42
193.38	6612.38
193.44	6684.43
193.49	6756.68
193.55	6811.42
193.60	6869.99
193.66	6923.22
193.71	6965.88
193.77	6995.99
193.82	7017.32
193.88	7033.35
193.93	7059.56
193.98	7087.01
194.04	7119.02
194.09	7164.61
194.15	7218.29
194.20	7261.13
194.26	7302.49
194.31	7350.75
194.37	7380.24
194.42	7388.68
194.47	7378.77
194.53	7336.46
194.58	7247.08
194.64	7137.86
194.69	7041.30
194.75	6975.08
194.80	6959.83
194.86	7002.16
194.91	7094.06
194.97	7201.74
195.02	7313.00
195.07	7420.48
195.13	7526.11
195.18	7638.32
195.24	7748.20
195.29	7861.50
195.35	7963.49
195.40	8069.53
195.46	8152.87
195.51	8240.77
195.56	8314.10
195.62	8386.98
195.67	8442.82
195.73	8507.25
195.78	8556.21
195.84	8598.91
195.89	8635.84
195.94	8673.05
196.00	8705.56
196.05	8736.52
196.11	8781.55
196.16	8828.83
196.22	8881.14
196.27	8933.05
196.32	8989.51
196.38	9035.49
196.43	9081.22
196.49	9119.31
196.54	9157.38
196.60	9197.54
196.65	9240.98
196.71	9283.63
196.76	9330.23
196.81	9367.68
196.87	9402.67
196.92	9430.60
196.98	9449.59
197.03	9457.42
197.09	9456.48
197.14	9446.93
197.19	9445.73
197.25	9458.85
197.30	9485.78
197.36	9537.78
197.41	9597.91
197.47	9659.03
197.52	9720.61
197.57	9785.32
197.63	9839.26
197.68	9896.15
197.74	9948.27
197.79	9995.94
197.84	10037.95
197.90	10082.17
197.95	10121.88
198.01	10167.82
198.06	10211.23
198.12	10256.26
198.17	10295.61
198.22	10335.82
198.28	10370.98
198.33	10412.19
198.39	10448.15
198.44	10495.79
198.49	10544.58
198.55	10592.46
198.60	10635.78
198.66	10684.94
198.71	10732.89
198.77	10777.71
198.82	10825.03
198.87	10873.77
198.93	10922.88
198.98	10965.84
199.04	11013.36
199.09	11057.22
199.14	11099.54
199.20	11134.88
199.25	11177.29
199.31	11216.80
199.36	11261.53
199.42	11307.33
199.47	11353.09
199.52	11391.53
199.58	11429.20
199.63	11457.19
199.69	11489.46
199.74	11523.84
199.79	11547.25
199.85	11576.73
199.90	11617.98
199.96	11654.22
200.01	11694.32
200.06	11748.47
200.12	11798.33
200.17	11845.19
200.23	11897.27
200.28	11937.94
200.33	11987.83
200.39	12031.11
200.44	12073.43
200.50	12111.61
200.55	12154.03
200.60	12188.00
200.66	12223.44
200.71	12256.87
200.77	12298.64
200.82	12333.90
200.87	12375.04
200.93	12413.59
200.98	12458.31
201.04	12496.71
201.09	12546.26
201.14	12592.47
201.20	12647.25
201.25	12701.27
201.31	12756.67
201.36	12818.18
201.41	12874.78
201.47	12933.69
201.52	12986.39
201.58	13044.63
201.63	13092.04
201.68	13140.16
201.74	13185.52
201.79	13232.02
201.84	13282.84
201.90	13327.46
201.95	13376.49
202.01	13430.28
202.06	13486.01
202.11	13523.21
202.17	13576.49
202.22	13624.84
202.28	13665.49
202.33	13699.20
202.38	13741.30
202.44	13780.38
202.49	13825.53
202.54	13870.64
202.60	13919.69
202.65	13968.45
202.71	14017.17
202.76	14058.74
202.81	14096.96
202.87	14144.50
202.92	14191.90
202.98	14239.40
203.03	14290.20
203.08	14347.48
203.14	14399.08
203.19	14453.83
203.24	14507.60
203.30	14562.51
203.35	14611.64
203.41	14663.70
203.46	14709.10
203.51	14752.56
203.57	14789.93
203.62	14841.02
203.67	14894.25
203.73	14943.90
203.78	14994.39
203.84	15050.42
203.89	15091.93
203.94	15134.92
204.00	15179.42
204.05	15229.57
204.10	15267.33
204.16	15316.21
204.21	15354.44
204.27	15397.73
204.32	15432.53
204.37	15479.80
204.43	15518.86
204.48	15562.41
204.53	15603.73
204.59	15652.77
204.64	15712.42
204.69	15778.27
204.75	15841.83
204.80	15909.17
204.86	15969.75
204.91	16019.43
204.96	16071.50
205.02	16122.27
205.07	16175.04
205.12	16236.60
205.18	16305.69
205.23	16367.79
205.28	16434.72
205.34	16494.85
205.39	16557.61
205.45	16612.42
205.50	16667.14
205.55	16726.68
205.61	16790.56
205.66	16843.27
205.71	16902.88
205.77	16962.65
205.82	17018.33
205.87	17070.89
205.93	17125.56
205.98	17172.56
206.03	17216.55
206.09	17261.66
206.14	17312.37
206.20	17363.68
206.25	17419.49
206.30	17481.80
206.36	17539.29
206.41	17599.37
206.46	17654.13
206.52	17705.74
206.57	17754.56
206.62	17798.76
206.68	17839.63
206.73	17888.48
206.78	17941.26
206.84	17995.49
206.89	18054.21
206.94	18113.80
207.00	18180.25
207.05	18242.42
207.11	18305.42
207.16	18365.70
207.21	18431.56
207.27	18484.54
207.32	18539.33
207.37	18599.93
207.43	18658.65
207.48	18707.10
207.53	18762.83
207.59	18819.18
207.64	18871.16
207.69	18939.80
207.75	19008.36
207.80	19063.63
207.85	19121.43
207.91	19173.81
207.96	19222.13
208.01	19268.53
208.07	19330.10
208.12	19390.28
208.17	19447.44
208.23	19499.35
208.28	19552.80
208.33	19607.23
208.39	19666.15
208.44	19734.72
208.49	19796.14
208.55	19863.85
208.60	19917.70
208.65	19960.42
208.71	20005.70
208.76	20059.42
208.81	20116.99
208.87	20183.11
208.92	20250.80
208.97	20316.44
209.03	20380.76
209.08	20438.32
209.13	20496.66
209.19	20559.14
209.24	20615.49
209.29	20672.94
209.35	20725.06
209.40	20782.15
209.45	20840.36
209.51	20904.31
209.56	20963.12
209.61	21029.53
209.67	21095.93
209.72	21159.75
209.77	21218.38
209.83	21287.83
209.88	21359.69
209.93	21423.13
209.99	21485.98
210.04	21555.43
210.09	21612.88
210.15	21669.93
210.20	21731.30
210.25	21792.47
210.31	21853.71
210.36	21908.66
210.41	21960.21
210.46	22019.87
210.52	22072.38
210.57	22115.55
210.62	22174.66
210.68	22241.18
210.73	22289.80
210.78	22351.87
210.84	22423.12
210.89	22490.76
210.94	22545.48
211.00	22605.18
211.05	22657.30
211.10	22714.82
211.16	22769.97
211.21	22836.86
211.26	22911.54
211.32	22986.28
211.37	23050.52
211.42	23118.68
211.47	23186.94
211.53	23245.63
211.58	23301.01
211.63	23360.79
211.69	23412.27
211.74	23460.02
211.79	23510.88
211.85	23574.84
211.90	23636.49
211.95	23707.59
212.01	23775.09
212.06	23847.31
212.11	23914.03
212.16	23988.91
212.22	24060.93
212.27	24127.86
212.32	24196.31
212.38	24266.53
212.43	24325.91
212.48	24385.50
212.54	24451.98
212.59	24525.48
212.64	24593.11
212.69	24656.15
212.75	24726.01
212.80	24794.90
212.85	24852.67
212.91	24904.42
212.96	24965.28
213.01	25023.17
213.07	25081.75
213.12	25145.73
213.17	25215.49
213.22	25283.17
213.28	25346.83
213.33	25399.82
213.38	25453.27
213.44	25509.17
213.49	25578.41
213.54	25651.87
213.60	25736.35
213.65	25819.20
213.70	25904.47
213.75	25968.82
213.81	26024.64
213.86	26083.94
213.91	26137.75
213.97	26183.74
214.02	26234.13
214.07	26287.58
214.12	26335.58
214.18	26387.29
214.23	26450.00
214.28	26517.21
214.34	26578.08
214.39	26646.01
214.44	26707.27
214.49	26758.48
214.55	26805.12
214.60	26850.90
214.65	26892.28
214.71	26929.58
214.76	26981.18
214.81	27046.73
214.86	27138.37
214.92	27218.75
214.97	27306.70
215.02	27392.55
215.08	27470.21
215.13	27535.56
215.18	27602.59
215.23	27676.93
215.29	27746.42
215.34	27819.64
215.39	27889.87
215.45	27976.64
215.50	28060.86
215.55	28137.24
215.60	28203.58
215.66	28261.94
215.71	28313.42
215.76	28373.10
215.81	28430.37
215.87	28491.90
215.92	28555.78
215.97	28608.30
216.03	28660.46
216.08	28717.68
216.13	28773.01
216.18	28831.52
216.24	28899.90
216.29	28950.44
216.34	29006.01
216.39	29071.32
216.45	29130.02
216.50	29185.19
216.55	29246.77
216.61	29313.64
216.66	29363.48
216.71	29426.70
216.76	29484.41
216.82	29560.28
216.87	29626.50
216.92	29706.25
216.97	29774.78
217.03	29857.97
217.08	29928.87
217.13	30012.16
217.18	30085.77
217.24	30156.03
217.29	30220.33
217.34	30272.59
217.39	30309.47
217.45	30346.98
217.50	30392.76
217.55	30451.19
217.61	30522.15
217.66	30594.48
217.71	30671.06
217.76	30756.11
217.82	30836.51
217.87	30914.53
217.92	30985.50
217.97	31053.59
218.03	31116.36
218.08	31155.88
218.13	31195.41
218.18	31240.73
218.24	31309.25
218.29	31359.27
218.34	31421.48
218.39	31486.81
218.45	31555.68
218.50	31604.09
218.55	31671.63
218.60	31736.99
218.66	31791.22
218.71	31855.47
218.76	31921.03
218.81	31976.96
218.87	32043.71
218.92	32110.44
218.97	32176.94
219.02	32246.85
219.08	32318.63
219.13	32390.23
219.18	32463.11
219.23	32524.81
219.29	32586.08
219.34	32650.24
219.39	32714.56
219.44	32775.16
219.50	32840.80
219.55	32906.25
219.60	32967.88
219.65	33026.45
219.71	33088.13
219.76	33146.02
219.81	33194.47
219.86	33254.07
219.92	33306.38
219.97	33362.94
220.02	33416.71
220.07	33481.14
220.13	33538.45
220.18	33613.90
220.23	33686.33
220.28	33769.63
220.33	33843.97
220.39	33901.69
220.44	33954.98
220.49	34006.88
220.54	34048.29
220.60	34098.49
220.65	34167.91
220.70	34232.68
220.75	34310.11
220.81	34398.72
220.86	34477.80
220.91	34545.10
220.96	34607.59
221.02	34673.76
221.07	34740.43
221.12	34796.31
221.17	34854.98
221.22	34923.14
221.28	34979.18
221.33	35027.87
221.38	35091.07
221.43	35163.46
221.49	35224.24
221.54	35285.89
221.59	35353.72
221.64	35431.47
221.69	35517.72
221.75	35613.27
221.80	35711.06
221.85	35790.23
221.90	35855.47
221.96	35911.69
222.01	35950.02
222.06	35984.84
222.11	36034.28
222.17	36083.29
222.22	36114.56
222.27	36160.62
222.32	36205.99
222.37	36259.68
222.43	36315.54
222.48	36382.53
222.53	36457.16
222.58	36540.17
222.63	36604.16
222.69	36669.15
222.74	36748.93
222.79	36817.87
222.84	36856.02
222.90	36908.78
222.95	36960.48
223.00	37003.43
223.05	37045.74
223.10	37107.52
223.16	37166.41
223.21	37219.97
223.26	37258.10
223.31	37300.05
223.36	37338.56
223.42	37372.88
223.47	37410.29
223.52	37462.60
223.57	37509.94
223.63	37569.87
223.68	37626.36
223.73	37704.88
223.78	37777.25
223.83	37841.61
223.89	37892.05
223.94	37964.14
223.99	38019.95
224.04	38087.96
224.09	38168.69
224.15	38269.23
224.20	38348.28
224.25	38434.05
224.30	38521.68
224.35	38611.07
224.41	38699.03
224.46	38794.37
224.51	38882.71
224.56	38958.66
224.61	39034.29
224.67	39109.35
224.72	39175.30
224.77	39267.06
224.82	39364.36
224.87	39450.29
224.93	39528.88
224.98	39621.49
225.03	39695.60
225.08	39778.77
225.13	39863.35
225.19	39954.06
225.24	40046.50
225.29	40129.03
225.34	40210.14
225.39	40299.55
225.45	40391.49
225.50	40470.40
225.55	40555.97
225.60	40641.77
225.65	40726.40
225.71	40808.72
225.76	40898.30
225.81	40994.61
225.86	41085.14
225.91	41181.61
225.97	41271.43
226.02	41358.12
226.07	41418.76
226.12	41476.77
226.17	41526.07
226.22	41597.91
226.28	41683.15
226.33	41778.01
226.38	41867.92
226.43	41958.80
226.48	42017.00
226.54	42069.42
226.59	42143.10
226.64	42209.85
226.69	42272.04
226.74	42346.95
226.80	42416.89
226.85	42469.20
226.90	42527.88
226.95	42602.56
227.00	42674.69
227.05	42751.85
227.11	42842.83
227.16	42928.34
227.21	43007.99
227.26	43091.72
227.31	43163.23
227.37	43209.98
227.42	43286.28
227.47	43366.36
227.52	43436.16
227.57	43499.85
227.62	43589.42
227.68	43665.92
227.73	43737.77
227.78	43814.29
227.83	43903.53
227.88	43977.15
227.93	44049.19
227.99	44125.78
228.04	44205.75
228.09	44283.28
228.14	44353.32
228.19	44426.28
228.24	44495.00
228.30	44554.66
228.35	44621.35
228.40	44698.35
228.45	44757.33
228.50	44828.78
228.56	44894.55
228.61	44948.97
228.66	44998.24
228.71	45059.72
228.76	45100.90
228.81	45154.97
228.87	45204.24
228.92	45265.60
228.97	45321.16
229.02	45409.91
229.07	45483.10
229.12	45566.34
229.17	45643.16
229.23	45721.08
229.28	45792.65
229.33	45867.60
229.38	45940.69
229.43	46007.63
229.48	46090.19
229.54	46151.28
229.59	46221.25
229.64	46294.00
229.69	46384.88
229.74	46473.93
229.79	46548.79
229.85	46621.96
229.90	46695.28
229.95	46756.62
230.00	46806.99
230.05	46875.73
230.10	46948.03
230.16	47008.12
230.21	47064.64
230.26	47123.16
230.31	47169.35
230.36	47230.81
230.41	47298.29
230.46	47384.17
230.52	47470.44
230.57	47553.41
230.62	47626.24
230.67	47689.66
230.72	47748.78
230.77	47800.11
230.82	47854.41
230.88	47894.30
230.93	47940.47
230.98	47975.24
231.03	48020.57
231.08	48073.21
231.13	48126.75
231.19	48197.13
231.24	48273.01
231.29	48359.96
231.34	48430.15
231.39	48506.69
231.44	48581.56
231.49	48635.80
231.55	48677.27
231.60	48725.00
231.65	48777.49
231.70	48814.83
231.75	48866.76
231.80	48911.79
231.85	48963.17
231.91	48999.33
231.96	49051.32
232.01	49121.17
232.06	49183.57
232.11	49247.60
232.16	49334.98
232.21	49416.02
232.26	49489.56
232.32	49575.29
232.37	49651.58
232.42	49713.87
232.47	49762.71
232.52	49808.85
232.57	49849.18
232.62	49907.89
232.68	49971.93
232.73	50049.24
232.78	50133.13
232.83	50220.76
232.88	50300.04
232.93	50375.98
232.98	50440.91
233.03	50484.73
233.09	50539.15
233.14	50600.00
233.19	50652.43
233.24	50703.55
233.29	50757.27
233.34	50790.12
233.39	50806.44
233.45	50833.62
233.50	50874.88
233.55	50922.74
233.60	50988.93
233.65	51057.33
233.70	51117.49
233.75	51161.13
233.80	51207.44
233.86	51257.19
233.91	51302.98
233.96	51349.67
234.01	51409.83
234.06	51464.67
234.11	51520.26
234.16	51585.12
234.21	51647.60
234.26	51702.25
234.32	51747.01
234.37	51785.03
234.42	51821.47
234.47	51854.53
234.52	51884.78
234.57	51927.53
234.62	51971.33
234.67	52012.75
234.73	52064.27
234.78	52114.27
234.83	52162.04
234.88	52206.80
234.93	52251.14
234.98	52285.81
235.03	52330.48
235.08	52387.29
235.13	52442.70
235.19	52509.04
235.24	52571.81
235.29	52631.65
235.34	52670.75
235.39	52707.95
235.44	52731.03
235.49	52774.72
235.54	52810.52
235.59	52834.21
235.65	52860.35
235.70	52902.13
235.75	52937.93
235.80	52991.36
235.85	53057.01
235.90	53105.76
235.95	53135.82
236.00	53161.15
236.05	53174.49
236.11	53198.62
236.16	53231.62
236.21	53279.47
236.26	53319.43
236.31	53352.44
236.36	53376.74
236.41	53396.14
236.46	53400.52
236.51	53414.32
236.56	53440.54
236.62	53462.48
236.67	53491.16
236.72	53543.78
236.77	53579.03
236.82	53621.62
236.87	53645.64
236.92	53672.13
236.97	53704.97
237.02	53747.32
237.07	53786.76
237.13	53850.21
237.18	53918.84
237.23	53956.90
237.28	53989.73
237.33	54031.55
237.38	54051.74
237.43	54068.83
237.48	54076.66
237.53	54104.62
237.58	54125.20
237.63	54176.15
237.69	54215.92
237.74	54273.73
237.79	54309.65
237.84	54321.33
237.89	54321.73
237.94	54332.78
237.99	54351.12
238.04	54372.96
238.09	54403.15
238.14	54432.08
238.19	54450.72
238.25	54457.63
238.30	54451.45
238.35	54450.09
238.40	54442.57
238.45	54442.47
238.50	54444.99
238.55	54466.95
238.60	54497.57
238.65	54523.09
238.70	54540.68
238.75	54558.17
238.80	54577.92
238.86	54585.73
238.91	54605.09
238.96	54641.05
239.01	54679.06
239.06	54715.86
239.11	54746.36
239.16	54770.85
239.21	54766.96
239.26	54759.23
239.31	54761.38
239.36	54770.91
239.41	54797.92
239.46	54832.72
239.52	54863.24
239.57	54880.35
239.62	54898.61
239.67	54912.47
239.72	54945.09
239.77	54962.91
239.82	54985.27
239.87	54998.83
239.92	55002.84
239.97	54993.82
240.02	54977.92
240.07	54962.33
240.12	54957.93
240.17	54962.65
240.23	54957.58
240.28	54971.20
240.33	54988.40
240.38	54986.12
240.43	54991.27
240.48	55008.68
240.53	55033.06
240.58	55057.64
240.63	55103.89
240.68	55105.49
240.73	55101.95
240.78	55093.32
240.83	55088.30
240.88	55059.56
240.93	55054.00
240.98	55056.77
241.04	55067.01
241.09	55086.03
241.14	55110.86
241.19	55153.77
241.24	55184.85
241.29	55207.27
241.34	55203.89
241.39	55215.16
241.44	55212.83
241.49	55212.86
241.54	55207.05
241.59	55212.04
241.64	55210.15
241.69	55201.55
241.74	55190.04
241.79	55180.11
241.84	55161.76
241.90	55143.64
241.95	55122.48
242.00	55100.37
242.05	55085.91
242.10	55078.64
242.15	55063.76
242.20	55065.11
242.25	55058.84
242.30	55052.77
242.35	55053.89
242.40	55056.91
242.45	55042.99
242.50	55035.18
242.55	55037.58
242.60	55024.49
242.65	55014.29
242.70	55029.15
242.75	55055.96
242.80	55087.76
242.85	55121.19
242.91	55143.41
242.96	55138.18
243.01	55112.95
243.06	55086.96
243.11	55052.46
243.16	55020.96
243.21	55017.61
243.26	55034.58
243.31	55043.76
243.36	55058.21
243.41	55082.25
243.46	55080.76
243.51	55047.90
243.56	55000.21
243.61	54946.41
243.66	54909.33
243.71	54878.47
243.76	54880.55
243.81	54891.70
243.86	54901.98
243.91	54900.57
243.96	54900.79
244.01	54876.84
244.06	54850.75
244.12	54832.80
244.17	54817.67
244.22	54817.43
244.27	54846.93
244.32	54873.84
244.37	54897.25
244.42	54910.84
244.47	54900.10
244.52	54872.82
244.57	54840.24
244.62	54810.14
244.67	54780.26
244.72	54753.39
244.77	54741.20
244.82	54758.56
244.87	54790.83
244.92	54821.96
244.97	54844.04
245.02	54845.89
245.07	54823.98
245.12	54805.88
245.17	54773.59
245.22	54775.06
245.27	54771.63
245.32	54740.88
245.37	54696.68
245.42	54659.96
245.47	54608.70
245.52	54566.89
245.57	54551.12
245.62	54529.12
245.67	54521.50
245.72	54516.51
245.77	54488.90
245.82	54473.65
245.87	54476.37
245.92	54477.06
245.98	54462.64
246.03	54473.80
246.08	54485.78
246.13	54482.46
246.18	54482.58
246.23	54485.89
246.28	54475.21
246.33	54452.21
246.38	54425.88
246.43	54395.85
246.48	54372.51
246.53	54376.00
246.58	54382.04
246.63	54393.56
246.68	54387.44
246.73	54373.85
246.78	54339.00
246.83	54290.65
246.88	54234.38
246.93	54182.13
246.98	54129.63
247.03	54097.88
247.08	54080.58
247.13	54071.93
247.18	54074.73
247.23	54103.09
247.28	54116.81
247.33	54107.39
247.38	54087.78
247.43	54075.43
247.48	54051.05
247.53	54017.72
247.58	53986.53
247.63	53963.56
247.68	53924.88
247.73	53872.96
247.78	53834.96
247.83	53806.72
247.88	53776.89
247.93	53766.33
247.98	53766.67
248.03	53766.47
248.08	53784.78
248.13	53791.48
248.18	53780.76
248.23	53774.67
248.28	53748.18
248.33	53702.96
248.38	53664.15
248.43	53635.27
248.48	53615.30
248.53	53591.22
248.58	53577.37
248.63	53578.75
248.68	53564.38
248.73	53532.13
248.78	53512.45
248.83	53464.45
248.88	53392.71
248.93	53324.27
248.98	53249.38
249.03	53196.76
249.08	53179.83
249.13	53176.29
249.18	53175.50
249.23	53190.35
249.28	53187.50
249.33	53174.24
249.38	53163.11
249.43	53143.83
249.48	53116.97
249.53	53106.81
249.58	53085.97
249.63	53065.71
249.68	53058.48
249.73	53047.35
249.78	53014.63
249.83	53007.71
249.88	52980.53
249.93	52961.64
249.98	52947.11
250.03	52947.22
250.08	52917.92
250.13	52905.89
250.18	52881.10
250.23	52836.50
250.28	52789.09
250.33	52733.74
250.37	52692.54
250.42	52650.49
250.47	52621.44
250.52	52601.08
250.57	52589.10
250.62	52546.36
250.67	52513.70
250.72	52497.31
250.77	52464.15
250.82	52449.83
250.87	52456.04
250.92	52449.98
250.97	52427.88
251.02	52421.92
251.07	52412.41
251.12	52389.32
251.17	52364.03
251.22	52330.03
251.27	52290.07
251.32	52245.71
251.37	52196.82
251.42	52139.98
251.47	52103.88
251.52	52084.00
251.57	52064.85
251.62	52050.41
251.67	52044.07
251.72	52022.19
251.77	51983.45
251.82	51941.48
251.87	51897.55
251.92	51855.38
251.97	51803.91
252.02	51753.49
252.07	51717.85
252.12	51703.45
252.16	51687.33
252.21	51690.83
252.26	51701.63
252.31	51705.24
252.36	51695.14
252.41	51689.59
252.46	51663.78
252.51	51630.28
252.56	51594.71
252.61	51560.06
252.66	51523.83
252.71	51502.45
252.76	51475.73
252.81	51436.48
252.86	51384.80
252.91	51330.17
252.96	51269.40
253.01	51200.86
253.06	51139.98
253.11	51101.07
253.16	51066.88
253.21	51009.84
253.26	50977.58
253.31	50959.17
253.36	50935.06
253.40	50907.21
253.45	50904.45
253.50	50863.39
253.55	50819.09
253.60	50768.84
253.65	50727.91
253.70	50689.09
253.75	50678.56
253.80	50658.50
253.85	50650.59
253.90	50648.01
253.95	50642.63
254.00	50635.93
254.05	50628.41
254.10	50599.50
254.15	50570.17
254.20	50544.97
254.25	50513.03
254.30	50475.14
254.35	50428.75
254.39	50352.91
254.44	50269.15
254.49	50191.79
254.54	50155.57
254.59	50133.40
254.64	50133.10
254.69	50135.03
254.74	50133.64
254.79	50102.22
254.84	50071.35
254.89	50049.46
254.94	50031.57
254.99	50020.31
255.04	50009.74
255.09	49994.86
255.14	49964.40
255.19	49950.17
255.23	49942.08
255.28	49930.23
255.33	49921.07
255.38	49922.84
255.43	49906.18
255.48	49877.71
255.53	49837.28
255.58	49806.78
255.63	49767.69
255.68	49729.26
255.73	49685.24
255.78	49661.70
255.83	49635.24
255.88	49616.28
255.93	49581.71
255.97	49551.52
256.02	49514.42
256.07	49472.03
256.12	49401.81
256.17	49348.63
256.22	49296.23
256.27	49245.68
256.32	49201.46
256.37	49177.43
256.42	49164.07
256.47	49136.07
256.52	49113.78
256.57	49092.63
256.62	49081.60
256.66	49069.36
256.71	49049.60
256.76	49009.53
256.81	48957.98
256.86	48897.54
256.91	48844.58
256.96	48794.11
257.01	48764.47
257.06	48745.22
257.11	48715.95
257.16	48664.31
257.21	48634.69
257.26	48591.18
257.30	48548.05
257.35	48515.52
257.40	48492.19
257.45	48469.41
257.50	48446.13
257.55	48420.41
257.60	48390.28
257.65	48365.17
257.70	48331.99
257.75	48296.13
257.80	48262.98
257.85	48229.77
257.89	48187.68
257.94	48128.53
257.99	48063.14
258.04	48009.97
258.09	47972.45
258.14	47934.18
258.19	47918.73
258.24	47908.29
258.29	47863.32
258.34	47815.23
258.39	47779.85
258.44	47717.00
258.48	47664.09
258.53	47637.37
258.58	47601.07
258.63	47554.39
258.68	47518.68
258.73	47478.33
258.78	47433.74
258.83	47383.33
258.88	47341.15
258.93	47305.16
258.97	47275.45
259.02	47243.50
259.07	47227.09
259.12	47210.07
259.17	47198.88
259.22	47184.20
259.27	47168.20
259.32	47151.77
259.37	47108.46
259.42	47072.86
259.47	47024.90
259.51	46970.36
259.56	46904.14
259.61	46838.36
259.66	46760.08
259.71	46686.90
259.76	46629.58
259.81	46575.45
259.86	46541.33
259.91	46498.23
259.95	46475.88
260.00	46444.58
260.05	46419.84
260.10	46395.33
260.15	46389.32
260.20	46376.81
260.25	46379.09
260.30	46365.65
260.35	46342.21
260.40	46307.16
260.44	46285.08
260.49	46259.31
260.54	46226.06
260.59	46202.33
260.64	46196.44
260.69	46190.67
260.74	46151.18
260.79	46115.00
260.84	46068.90
260.88	46004.28
260.93	45918.72
260.98	45883.45
261.03	45842.49
261.08	45818.78
261.13	45783.88
261.18	45748.39
261.23	45691.85
261.28	45651.69
261.32	45607.14
261.37	45568.72
261.42	45541.63
261.47	45512.93
261.52	45475.89
261.57	45431.65
261.62	45388.04
261.67	45336.64
261.71	45273.96
261.76	45226.29
261.81	45174.62
261.86	45124.12
261.91	45072.18
261.96	45030.81
262.01	44993.80
262.06	44966.44
262.10	44947.85
262.15	44928.04
262.20	44918.30
262.25	44892.08
262.30	44864.77
262.35	44844.20
262.40	44825.70
262.45	44797.37
262.49	44772.30
262.54	44747.84
262.59	44715.93
262.64	44684.34
262.69	44643.76
262.74	44603.87
262.79	44544.20
262.84	44498.95
262.88	44450.77
262.93	44400.48
262.98	44360.02
263.03	44323.63
263.08	44263.10
263.13	44197.84
263.18	44139.60
263.23	44077.84
263.27	44028.14
263.32	43997.68
263.37	43975.40
263.42	43954.56
263.47	43915.96
263.52	43896.01
263.57	43861.43
263.61	43817.51
263.66	43774.48
263.71	43752.86
263.76	43717.62
263.81	43668.83
263.86	43642.01
263.91	43604.31
263.95	43535.43
264.00	43469.03
264.05	43427.23
264.10	43368.55
264.15	43303.17
264.20	43274.47
264.25	43232.82
264.29	43188.84
264.34	43130.54
264.39	43096.10
264.44	43041.82
264.49	42998.15
264.54	42958.45
264.59	42930.85
264.63	42886.14
264.68	42830.34
264.73	42774.75
264.78	42721.59
264.83	42661.76
264.88	42620.50
264.93	42599.75
264.97	42577.93
265.02	42544.28
265.07	42529.44
265.12	42496.12
265.17	42454.15
265.22	42414.98
265.27	42368.69
265.31	42307.31
265.36	42243.93
265.41	42185.13
265.46	42114.53
265.51	42040.86
265.56	41977.06
265.60	41925.47
265.65	41867.28
265.70	41821.55
265.75	41771.26
265.80	41729.39
265.85	41665.00
265.90	41604.52
265.94	41544.37
265.99	41487.24
266.04	41426.85
266.09	41399.37
266.14	41372.22
266.19	41337.32
266.23	41306.42
266.28	41266.03
266.33	41221.92
266.38	41193.34
266.43	41169.65
266.48	41148.54
266.52	41121.63
266.57	41084.92
266.62	41041.72
266.67	40990.88
266.72	40941.75
266.77	40907.50
266.81	40881.74
266.86	40845.32
266.91	40814.31
266.96	40772.58
267.01	40744.76
267.06	40688.98
267.10	40650.98
267.15	40600.68
267.20	40576.23
267.25	40531.78
267.30	40501.52
267.35	40459.27
267.39	40426.74
267.44	40385.72
267.49	40334.24
267.54	40281.26
267.59	40224.46
267.64	40169.18
267.68	40105.03
267.73	40055.67
267.78	40019.50
267.83	40008.70
267.88	40004.61
267.93	39999.22
267.97	39983.56
268.02	39950.76
268.07	39893.83
268.12	39826.66
268.17	39766.57
268.21	39726.37
268.26	39677.38
268.31	39634.58
268.36	39587.00
268.41	39538.57
268.46	39484.14
268.50	39451.09
268.55	39405.54
268.60	39351.44
268.65	39293.25
268.70	39212.58
268.74	39137.04
268.79	39064.84
268.84	39015.83
268.89	38972.43
268.94	38945.39
268.99	38916.60
269.03	38876.77
269.08	38827.29
269.13	38755.70
269.18	38676.88
269.23	38575.82
269.27	38462.70
269.32	38336.64
269.37	38214.41
269.42	38077.96
269.47	37941.13
269.51	37808.06
269.56	37667.15
269.61	37527.07
269.66	37379.74
269.71	37218.59
269.76	37073.79
269.80	36926.18
269.85	36780.24
269.90	36637.21
269.95	36499.54
270.00	36341.31
270.04	36189.66
270.09	36041.80
270.14	35898.25
270.19	35762.63
270.24	35635.60
270.28	35489.67
270.33	35327.28
270.38	35148.73
270.43	34971.15
270.48	34787.44
270.52	34630.75
270.57	34463.17
270.62	34304.97
270.67	34153.39
270.72	34008.34
270.76	33832.61
270.81	33671.76
270.86	33505.05
270.91	33327.71
270.96	33146.93
271.00	32989.48
271.05	32829.88
271.10	32698.07
271.15	32568.38
271.20	32447.07
271.24	32305.97
271.29	32174.19
271.34	32023.69
271.39	31873.10
271.44	31722.65
271.48	31590.72
271.53	31451.44
271.58	31310.61
271.63	31167.88
271.67	31025.27
271.72	30881.99
271.77	30735.90
271.82	30600.12
271.87	30461.05
271.91	30300.91
271.96	30157.26
272.01	30019.73
272.06	29884.17
272.11	29759.15
272.15	29659.32
272.20	29549.08
272.25	29454.27
272.30	29356.05
272.35	29250.40
272.39	29143.23
272.44	29022.81
272.49	28888.46
272.54	28746.92
272.58	28601.34
272.63	28449.83
272.68	28301.01
272.73	28139.48
272.78	27966.76
272.82	27768.66
272.87	27547.82
272.92	27263.49
272.97	26737.72
273.01	23793.17
273.06	18869.06
273.11	13436.25
273.16	8104.81
273.21	3053.51
273.25	461.47
273.30	-88.87
273.35	-89.44
