165.32	3384.62
165.38	-248.58
165.44	597.06
165.50	-76.62
165.55	-16.99
165.61	6.02
165.67	35.16
165.72	45.10
165.78	50.99
165.84	49.91
165.89	47.47
165.95	45.58
166.01	45.10
166.06	46.75
166.12	49.06
166.18	46.73
166.23	49.28
166.29	48.17
166.35	44.64
166.40	43.73
166.46	50.84
166.52	52.66
166.57	53.38
166.63	54.08
166.69	56.49
166.74	50.44
166.80	51.29
166.86	53.66
166.91	54.41
166.97	49.00
167.03	51.52
167.08	45.53
167.14	44.70
167.20	42.73
167.25	54.81
167.31	55.23
167.37	60.89
167.42	62.41
167.48	68.32
167.54	62.93
167.59	61.99
167.65	57.38
167.71	57.44
167.76	56.67
167.82	52.35
167.88	52.14
167.93	60.08
167.99	58.75
168.05	60.67
168.10	68.42
168.16	67.90
168.21	65.89
168.27	70.23
168.33	72.24
168.38	64.95
168.44	69.82
168.50	68.47
168.55	67.05
168.61	67.65
168.67	69.55
168.72	66.45
168.78	66.80
168.84	62.32
168.89	60.64
168.95	61.28
169.01	60.97
169.06	59.65
169.12	59.11
169.18	57.45
169.23	57.79
169.29	62.29
169.34	67.14
169.40	70.09
169.46	74.52
169.51	76.74
169.57	71.90
169.63	67.78
169.68	72.90
169.74	69.07
169.80	74.58
169.85	75.71
169.91	79.89
169.97	75.64
170.02	75.61
170.08	74.60
170.13	75.39
170.19	75.25
170.25	76.82
170.30	80.70
170.36	71.95
170.42	73.62
170.47	74.89
170.53	76.67
170.59	73.72
170.64	77.57
170.70	75.88
170.76	72.95
170.81	74.24
170.87	73.31
170.92	74.43
170.98	77.60
171.04	80.00
171.09	76.24
171.15	83.79
171.21	84.41
171.26	81.33
171.32	78.73
171.37	81.87
171.43	76.65
171.49	81.49
171.54	84.66
171.60	86.06
171.66	88.29
171.71	88.93
171.77	86.18
171.83	91.90
171.88	91.53
171.94	90.85
171.99	95.75
172.05	95.00
172.11	96.37
172.16	104.31
172.22	104.64
172.28	103.89
172.33	101.45
172.39	98.51
172.44	95.56
172.50	100.40
172.56	100.43
172.61	109.60
172.67	109.05
172.72	108.80
172.78	104.39
172.84	99.20
172.89	91.97
172.95	90.63
173.01	91.72
173.06	89.97
173.12	96.18
173.17	97.80
173.23	98.15
173.29	97.93
173.34	99.69
173.40	94.39
173.46	94.47
173.51	96.95
173.57	97.09
173.62	91.75
173.68	98.46
173.74	97.86
173.79	99.34
173.85	96.89
173.90	99.60
173.96	95.74
174.02	92.72
174.07	84.13
174.13	83.28
174.18	85.78
174.24	79.16
174.30	79.40
174.35	85.44
174.41	82.34
174.47	76.23
174.52	77.30
174.58	76.46
174.63	71.86
174.69	70.78
174.75	72.91
174.80	84.11
174.86	81.83
174.91	83.22
174.97	83.88
175.03	81.25
175.08	68.98
175.14	75.29
175.19	70.87
175.25	71.24
175.31	75.40
175.36	76.74
175.42	73.88
175.47	78.23
175.53	78.17
175.59	74.38
175.64	76.14
175.70	74.31
175.75	69.54
175.81	68.29
175.87	70.22
175.92	66.32
175.98	67.89
176.03	68.48
176.09	68.76
176.15	68.46
176.20	69.38
176.26	69.36
176.31	72.37
176.37	70.09
176.42	71.02
176.48	74.77
176.54	72.59
176.59	69.86
176.65	72.45
176.70	74.15
176.76	73.53
176.82	71.04
176.87	68.04
176.93	67.55
176.98	65.82
177.04	61.01
177.10	66.03
177.15	67.49
177.21	68.94
177.26	67.74
177.32	71.13
177.37	72.84
177.43	76.72
177.49	73.18
177.54	70.92
177.60	71.05
177.65	71.79
177.71	66.42
177.77	69.38
177.82	70.88
177.88	74.91
177.93	70.09
177.99	76.20
178.04	71.94
178.10	72.76
178.16	66.34
178.21	67.43
178.27	64.22
178.32	68.75
178.38	67.36
178.43	69.02
178.49	69.23
178.55	68.92
178.60	67.08
178.66	66.70
178.71	68.36
178.77	65.98
178.82	66.75
178.88	66.87
178.94	67.21
178.99	68.25
179.05	72.18
179.10	68.65
179.16	71.45
179.21	74.07
179.27	72.32
179.33	68.08
179.38	71.85
179.44	69.63
179.49	69.62
179.55	68.33
179.60	68.96
179.66	68.05
179.72	70.78
179.77	67.85
179.83	66.65
179.88	68.05
179.94	69.14
179.99	65.11
180.05	65.58
180.11	66.38
180.16	68.88
180.22	71.80
180.27	76.74
180.33	78.44
180.38	82.73
180.44	78.26
180.49	77.37
180.55	75.19
180.61	78.68
180.66	73.28
180.72	71.52
180.77	69.51
180.83	69.04
180.88	65.75
180.94	65.31
180.99	68.97
181.05	69.13
181.11	70.20
181.16	70.54
181.22	72.01
181.27	74.32
181.33	72.86
181.38	70.00
181.44	70.65
181.49	75.23
181.55	76.02
181.61	82.34
181.66	85.11
181.72	83.32
181.77	80.46
181.83	77.84
181.88	82.77
181.94	84.16
181.99	89.28
182.05	89.55
182.11	90.35
182.16	81.18
182.22	78.94
182.27	74.37
182.33	76.76
182.38	76.27
182.44	80.84
182.49	83.05
182.55	85.12
182.60	84.41
182.66	87.57
182.72	90.03
182.77	92.00
182.83	95.49
182.88	98.85
182.94	99.79
182.99	96.75
183.05	95.68
183.10	97.35
183.16	96.40
183.21	97.31
183.27	104.64
183.32	107.77
183.38	110.27
183.44	115.98
183.49	119.97
183.55	119.78
183.60	124.56
183.66	129.06
183.71	137.31
183.77	143.67
183.82	151.22
183.88	160.76
183.93	170.60
183.99	182.19
184.04	196.93
184.10	208.63
184.15	219.38
184.21	231.44
184.27	233.11
184.32	234.37
184.38	233.23
184.43	231.13
184.49	217.46
184.54	204.49
184.60	198.45
184.65	186.96
184.71	179.37
184.76	181.72
184.82	197.28
184.87	212.01
184.93	234.52
184.98	259.16
185.04	288.06
185.09	309.48
185.15	333.05
185.20	363.43
185.26	395.98
185.31	421.58
185.37	447.82
185.43	466.69
185.48	484.29
185.54	505.57
185.59	530.44
185.65	554.52
185.70	593.78
185.76	637.28
185.81	669.67
185.87	705.33
185.92	748.15
185.98	782.04
186.03	797.85
186.09	801.54
186.14	780.28
186.20	731.92
186.25	652.29
186.31	574.49
186.36	512.52
186.42	485.34
186.47	494.66
186.53	540.61
186.58	606.56
186.64	678.94
186.69	749.75
186.75	809.77
186.80	867.31
186.86	924.94
186.91	983.82
186.97	1040.31
187.02	1111.93
187.08	1182.22
187.13	1242.83
187.19	1310.87
187.24	1381.16
187.30	1434.79
187.35	1491.50
187.41	1564.92
187.47	1633.55
187.52	1690.43
187.58	1750.87
187.63	1818.00
187.69	1881.96
187.74	1933.98
187.80	1983.30
187.85	2028.80
187.91	2052.42
187.96	2038.95
188.02	1977.41
188.07	1867.96
188.13	1708.41
188.18	1538.65
188.24	1410.72
188.29	1348.24
188.35	1354.10
188.40	1430.40
188.46	1552.38
188.51	1677.05
188.57	1804.04
188.62	1927.14
188.67	2042.27
188.73	2150.55
188.78	2252.88
188.84	2353.69
188.89	2455.61
188.95	2558.23
189.00	2648.62
189.06	2746.72
189.11	2838.26
189.17	2920.55
189.22	2995.87
189.28	3084.71
189.33	3160.31
189.39	3225.94
189.44	3289.85
189.50	3362.59
189.55	3428.38
189.61	3481.91
189.66	3540.00
189.72	3601.48
189.77	3652.37
189.83	3680.65
189.88	3690.77
189.94	3661.22
189.99	3582.39
190.05	3433.63
190.10	3219.84
190.16	2974.07
190.21	2761.65
190.27	2623.88
190.32	2590.67
190.38	2663.93
190.43	2820.82
190.49	3008.56
190.54	3180.01
190.60	3335.77
190.65	3478.83
190.71	3612.11
190.76	3738.47
190.81	3860.14
190.87	3977.79
190.92	4098.70
190.98	4209.43
191.03	4313.51
191.09	4427.71
191.14	4530.66
191.20	4617.72
191.25	4713.59
191.31	4811.90
191.36	4898.36
191.42	4980.84
191.47	5068.09
191.53	5155.35
191.58	5224.56
191.64	5283.39
191.69	5341.94
191.75	5387.14
191.80	5415.48
191.85	5436.79
191.91	5461.21
191.96	5483.20
192.02	5514.63
192.07	5530.34
192.13	5527.41
192.18	5479.65
192.24	5366.09
192.29	5171.21
192.35	4947.28
192.40	4762.05
192.46	4651.93
192.51	4644.96
192.57	4738.70
192.62	4916.44
192.67	5102.24
192.73	5281.77
192.78	5441.94
192.84	5590.93
192.89	5724.63
192.95	5851.24
193.00	5966.74
193.06	6077.24
193.11	6183.44
193.17	6270.02
193.22	6355.34
193.28	6443.61
193.33	6517.78
193.38	6581.37
193.44	6655.20
193.49	6728.31
193.55	6784.10
193.60	6838.56
193.66	6893.94
193.71	6936.98
193.77	6961.02
193.82	6982.50
193.88	7003.51
193.93	7029.59
193.98	7055.64
194.04	7097.60
194.09	7142.82
194.15	7196.27
194.20	7243.38
194.26	7286.70
194.31	7329.58
194.37	7356.82
194.42	7363.65
194.47	7353.86
194.53	7311.43
194.58	7222.28
194.64	7115.66
194.69	7023.11
194.75	6954.83
194.80	6940.85
194.86	6983.09
194.91	7074.67
194.97	7177.89
195.02	7289.48
195.07	7397.69
195.13	7499.74
195.18	7610.61
195.24	7721.97
195.29	7833.42
195.35	7938.29
195.40	8048.30
195.46	8132.80
195.51	8218.33
195.56	8292.34
195.62	8362.77
195.67	8417.21
195.73	8480.81
195.78	8533.69
195.84	8578.93
195.89	8614.76
195.94	8652.85
196.00	8686.83
196.05	8718.69
196.11	8762.21
196.16	8808.06
196.22	8863.59
196.27	8914.34
196.32	8967.89
196.38	9010.33
196.43	9056.56
196.49	9087.73
196.54	9129.00
196.60	9169.91
196.65	9218.72
196.71	9264.26
196.76	9317.29
196.81	9352.72
196.87	9383.29
196.92	9409.96
196.98	9426.93
197.03	9433.08
197.09	9431.14
197.14	9426.31
197.19	9425.16
197.25	9434.68
197.30	9460.32
197.36	9514.44
197.41	9580.91
197.47	9644.41
197.52	9710.06
197.57	9776.18
197.63	9827.40
197.68	9876.04
197.74	9927.75
197.79	9975.10
197.84	10018.33
197.90	10065.24
197.95	10110.04
198.01	10154.27
198.06	10196.47
198.12	10240.57
198.17	10279.49
198.22	10316.11
198.28	10353.00
198.33	10395.01
198.39	10435.36
198.44	10483.69
198.49	10534.34
198.55	10582.04
198.60	10628.56
198.66	10670.07
198.71	10715.09
198.77	10765.07
198.82	10811.82
198.87	10862.51
198.93	10913.88
198.98	10958.78
199.04	10997.74
199.09	11037.51
199.14	11072.94
199.20	11113.01
199.25	11154.04
199.31	11193.88
199.36	11238.79
199.42	11283.72
199.47	11323.01
199.52	11364.50
199.58	11408.71
199.63	11438.41
199.69	11470.99
199.74	11508.12
199.79	11529.11
199.85	11555.13
199.90	11596.34
199.96	11638.46
200.01	11678.98
200.06	11732.92
200.12	11782.49
200.17	11832.88
200.23	11881.00
200.28	11921.49
200.33	11970.59
200.39	12011.99
200.44	12048.34
200.50	12090.10
200.55	12130.18
200.60	12166.65
200.66	12209.59
200.71	12249.06
200.77	12288.82
200.82	12332.01
200.87	12370.62
200.93	12405.96
200.98	12449.12
201.04	12484.68
201.09	12529.63
201.14	12583.01
201.20	12632.73
201.25	12686.92
201.31	12744.00
201.36	12801.73
201.41	12851.95
201.47	12909.18
201.52	12959.27
201.58	13018.23
201.63	13065.50
201.68	13113.31
201.74	13161.72
201.79	13210.18
201.84	13262.70
201.90	13310.63
201.95	13362.52
202.01	13420.65
202.06	13475.71
202.11	13514.56
202.17	13562.49
202.22	13607.55
202.28	13648.37
202.33	13685.59
202.38	13720.53
202.44	13766.09
202.49	13813.44
202.54	13856.38
202.60	13904.44
202.65	13958.13
202.71	14004.59
202.76	14043.21
202.81	14086.83
202.87	14134.65
202.92	14187.06
202.98	14240.33
203.03	14294.47
203.08	14349.62
203.14	14401.81
203.19	14450.50
203.24	14503.96
203.30	14559.61
203.35	14607.58
203.41	14655.01
203.46	14699.63
203.51	14738.08
203.57	14777.01
203.62	14824.60
203.67	14878.14
203.73	14925.10
203.78	14975.64
203.84	15029.78
203.89	15079.50
203.94	15121.94
204.00	15174.44
204.05	15220.49
204.10	15259.39
204.16	15297.30
204.21	15340.91
204.27	15381.09
204.32	15421.32
204.37	15471.50
204.43	15513.76
204.48	15560.69
204.53	15604.61
204.59	15658.24
204.64	15716.09
204.69	15783.86
204.75	15839.46
204.80	15909.30
204.86	15967.94
204.91	16022.56
204.96	16080.75
205.02	16135.62
205.07	16189.31
205.12	16252.19
205.18	16310.36
205.23	16362.25
205.28	16424.52
205.34	16475.34
205.39	16528.26
205.45	16590.38
205.50	16650.61
205.55	16713.37
205.61	16777.50
205.66	16834.50
205.71	16895.20
205.77	16952.88
205.82	17010.12
205.87	17062.35
205.93	17116.61
205.98	17160.50
206.03	17207.32
206.09	17253.24
206.14	17304.58
206.20	17357.37
206.25	17409.51
206.30	17472.79
206.36	17527.17
206.41	17589.59
206.46	17643.08
206.52	17693.00
206.57	17738.37
206.62	17785.52
206.68	17829.82
206.73	17882.28
206.78	17935.79
206.84	17993.46
206.89	18056.44
206.94	18113.75
207.00	18180.44
207.05	18251.00
207.11	18310.77
207.16	18367.56
207.21	18430.37
207.27	18483.02
207.32	18532.53
207.37	18587.72
207.43	18640.35
207.48	18688.58
207.53	18741.55
207.59	18797.59
207.64	18852.43
207.69	18924.75
207.75	18993.68
207.80	19052.18
207.85	19108.43
207.91	19164.26
207.96	19208.90
208.01	19265.63
208.07	19323.84
208.12	19386.96
208.17	19446.48
208.23	19500.32
208.28	19550.37
208.33	19606.68
208.39	19665.18
208.44	19726.79
208.49	19790.36
208.55	19847.79
208.60	19898.31
208.65	19945.95
208.71	19989.97
208.76	20043.41
208.81	20106.06
208.87	20171.41
208.92	20232.14
208.97	20304.44
209.03	20368.68
209.08	20422.40
209.13	20482.19
209.19	20545.57
209.24	20599.48
209.29	20660.31
209.35	20718.06
209.40	20780.07
209.45	20841.96
209.51	20905.55
209.56	20959.39
209.61	21028.99
209.67	21095.99
209.72	21158.27
209.77	21221.33
209.83	21291.39
209.88	21357.99
209.93	21416.84
209.99	21475.13
210.04	21541.67
210.09	21607.04
210.15	21665.30
210.20	21725.31
210.25	21786.87
210.31	21847.63
210.36	21893.44
210.41	21944.51
210.46	22007.90
210.52	22065.79
210.57	22111.30
210.62	22171.14
210.68	22235.96
210.73	22282.43
210.78	22340.50
210.84	22403.95
210.89	22471.30
210.94	22526.57
211.00	22583.43
211.05	22632.83
211.10	22695.31
211.16	22748.28
211.21	22815.30
211.26	22886.81
211.32	22967.34
211.37	23035.94
211.42	23104.63
211.47	23171.54
211.53	23238.39
211.58	23297.34
211.63	23351.06
211.69	23409.68
211.74	23459.04
211.79	23506.59
211.85	23561.48
211.90	23623.62
211.95	23691.84
212.01	23760.90
212.06	23835.58
212.11	23907.14
212.16	23981.80
212.22	24055.95
212.27	24123.23
212.32	24192.18
212.38	24259.33
212.43	24326.68
212.48	24381.94
212.54	24448.33
212.59	24520.68
212.64	24590.23
212.69	24654.68
212.75	24722.08
212.80	24782.98
212.85	24844.17
212.91	24896.48
212.96	24947.17
213.01	25010.89
213.07	25076.41
213.12	25133.00
213.17	25200.17
213.22	25272.98
213.28	25334.36
213.33	25387.47
213.38	25444.07
213.44	25504.04
213.49	25566.19
213.54	25638.20
213.60	25721.72
213.65	25805.11
213.70	25884.64
213.75	25958.10
213.81	26014.16
213.86	26072.72
213.91	26130.04
213.97	26183.24
214.02	26232.87
214.07	26286.40
214.12	26338.56
214.18	26388.38
214.23	26453.81
214.28	26517.26
214.34	26584.11
214.39	26657.38
214.44	26723.67
214.49	26770.38
214.55	26823.92
214.60	26880.05
214.65	26927.45
214.71	26969.60
214.76	27033.62
214.81	27096.65
214.86	27174.70
214.92	27244.42
214.97	27326.15
215.02	27399.44
215.08	27468.36
215.13	27538.91
215.18	27608.04
215.23	27678.57
215.29	27751.71
215.34	27834.46
215.39	27895.17
215.45	27981.71
215.50	28061.28
215.55	28135.67
215.60	28198.23
215.66	28258.55
215.71	28307.98
215.76	28366.40
215.81	28418.56
215.87	28475.92
215.92	28536.01
215.97	28589.20
216.03	28647.49
216.08	28706.26
216.13	28766.74
216.18	28826.16
216.24	28889.22
216.29	28943.64
216.34	29000.83
216.39	29062.80
216.45	29128.73
216.50	29190.18
216.55	29248.90
216.61	29319.75
216.66	29375.82
216.71	29431.53
216.76	29488.61
216.82	29566.23
216.87	29628.19
216.92	29700.77
216.97	29771.09
217.03	29849.91
217.08	29916.27
217.13	29997.24
217.18	30067.74
217.24	30139.60
217.29	30201.33
217.34	30252.39
217.39	30290.39
217.45	30339.06
217.50	30386.90
217.55	30445.86
217.61	30515.44
217.66	30589.17
217.71	30658.71
217.76	30741.94
217.82	30824.48
217.87	30900.61
217.92	30970.40
217.97	31039.57
218.03	31097.94
218.08	31136.20
218.13	31176.40
218.18	31220.75
218.24	31283.96
218.29	31338.45
218.34	31406.37
218.39	31472.75
218.45	31545.04
218.50	31598.15
218.55	31662.31
218.60	31725.72
218.66	31780.26
218.71	31843.39
218.76	31912.37
218.81	31976.71
218.87	32041.32
218.92	32111.01
218.97	32181.39
219.02	32250.82
219.08	32316.38
219.13	32386.46
219.18	32458.09
219.23	32513.26
219.29	32566.66
219.34	32633.53
219.39	32696.79
219.44	32759.41
219.50	32828.39
219.55	32898.64
219.60	32962.88
219.65	33022.93
219.71	33084.30
219.76	33134.87
219.81	33189.91
219.86	33242.52
219.92	33295.25
219.97	33347.59
220.02	33408.65
220.07	33463.07
220.13	33524.20
220.18	33594.54
220.23	33668.96
220.28	33747.38
220.33	33825.24
220.39	33887.66
220.44	33946.11
220.49	34002.20
220.54	34048.66
220.60	34096.17
220.65	34158.42
220.70	34223.42
220.75	34288.39
220.81	34372.50
220.86	34452.09
220.91	34523.88
220.96	34593.96
221.02	34665.56
221.07	34729.59
221.12	34789.95
221.17	34841.97
221.22	34899.42
221.28	34957.18
221.33	35017.86
221.38	35077.53
221.43	35150.81
221.49	35216.35
221.54	35280.09
221.59	35338.26
221.64	35414.24
221.69	35499.47
221.75	35594.97
221.80	35696.16
221.85	35772.80
221.90	35844.49
221.96	35904.65
222.01	35935.41
222.06	35969.11
222.11	36021.98
222.17	36066.34
222.22	36092.87
222.27	36144.53
222.32	36193.74
222.37	36245.50
222.43	36300.95
222.48	36373.67
222.53	36444.51
222.58	36519.80
222.63	36585.55
222.69	36655.29
222.74	36728.26
222.79	36799.14
222.84	36845.30
222.90	36904.70
222.95	36951.75
223.00	36991.62
223.05	37039.72
223.10	37101.19
223.16	37159.06
223.21	37212.93
223.26	37268.22
223.31	37303.11
223.36	37341.88
223.42	37372.11
223.47	37409.69
223.52	37454.99
223.57	37502.76
223.63	37553.27
223.68	37606.84
223.73	37675.72
223.78	37746.10
223.83	37816.64
223.89	37873.74
223.94	37943.84
223.99	38010.36
224.04	38075.95
224.09	38150.76
224.15	38245.14
224.20	38325.09
224.25	38413.14
224.30	38505.79
224.35	38598.80
224.41	38690.76
224.46	38795.77
224.51	38877.46
224.56	38946.79
224.61	39017.64
224.67	39087.70
224.72	39150.37
224.77	39243.20
224.82	39346.54
224.87	39437.03
224.93	39516.50
224.98	39608.64
225.03	39693.55
225.08	39767.60
225.13	39851.44
225.19	39946.52
225.24	40041.30
225.29	40115.47
225.34	40204.67
225.39	40291.75
225.45	40377.92
225.50	40457.04
225.55	40550.78
225.60	40629.59
225.65	40729.83
225.71	40821.36
225.76	40908.39
225.81	40990.74
225.86	41090.22
225.91	41172.10
225.97	41263.53
226.02	41356.47
226.07	41432.78
226.12	41500.11
226.17	41561.07
226.22	41622.52
226.28	41697.37
226.33	41785.68
226.38	41860.28
226.43	41940.06
226.48	42010.14
226.54	42063.39
226.59	42133.94
226.64	42206.98
226.69	42275.09
226.74	42345.54
226.80	42421.15
226.85	42475.11
226.90	42534.85
226.95	42600.89
227.00	42669.66
227.05	42744.30
227.11	42835.78
227.16	42925.25
227.21	43008.79
227.26	43098.54
227.31	43172.67
227.37	43216.42
227.42	43280.81
227.47	43355.77
227.52	43415.59
227.57	43472.10
227.62	43562.14
227.68	43637.07
227.73	43712.53
227.78	43790.17
227.83	43874.28
227.88	43945.90
227.93	44032.19
227.99	44102.67
228.04	44178.98
228.09	44259.27
228.14	44333.56
228.19	44394.08
228.24	44467.84
228.30	44534.84
228.35	44601.13
228.40	44670.01
228.45	44728.54
228.50	44793.95
228.56	44859.95
228.61	44920.59
228.66	44978.46
228.71	45036.94
228.76	45083.11
228.81	45126.56
228.87	45169.24
228.92	45229.55
228.97	45294.91
229.02	45381.18
229.07	45460.14
229.12	45548.05
229.17	45618.91
229.23	45694.10
229.28	45766.91
229.33	45845.64
229.38	45922.69
229.43	45999.90
229.48	46076.70
229.54	46141.37
229.59	46204.74
229.64	46276.65
229.69	46358.66
229.74	46450.53
229.79	46523.10
229.85	46607.11
229.90	46675.27
229.95	46738.55
230.00	46790.88
230.05	46876.83
230.10	46943.48
230.16	47016.87
230.21	47068.63
230.26	47128.25
230.31	47164.02
230.36	47222.74
230.41	47281.09
230.46	47377.67
230.52	47469.32
230.57	47556.83
230.62	47639.60
230.67	47700.12
230.72	47759.49
230.77	47793.71
230.82	47833.87
230.88	47865.94
230.93	47918.13
230.98	47942.31
231.03	48007.24
231.08	48064.71
231.13	48116.79
231.19	48184.49
231.24	48267.68
231.29	48333.55
231.34	48407.40
231.39	48488.02
231.44	48559.19
231.49	48608.00
231.55	48653.55
231.60	48693.15
231.65	48747.60
231.70	48788.12
231.75	48840.76
231.80	48891.65
231.85	48951.24
231.91	48988.02
231.96	49036.45
232.01	49096.66
232.06	49156.07
232.11	49220.97
232.16	49303.02
232.21	49385.60
232.26	49477.67
232.32	49567.30
232.37	49634.56
232.42	49687.97
232.47	49742.43
232.52	49776.84
232.57	49826.48
232.62	49884.83
232.68	49958.27
232.73	50028.79
232.78	50113.29
232.83	50185.60
232.88	50260.19
232.93	50335.74
232.98	50402.44
233.03	50450.24
233.09	50506.28
233.14	50578.17
233.19	50630.75
233.24	50679.60
233.29	50731.22
233.34	50767.12
233.39	50784.72
233.45	50815.44
233.50	50863.00
233.55	50917.24
233.60	50987.13
233.65	51051.34
233.70	51111.78
233.75	51155.21
233.80	51199.60
233.86	51253.40
233.91	51304.55
233.96	51345.29
234.01	51401.59
234.06	51456.09
234.11	51507.72
234.16	51562.24
234.21	51628.77
234.26	51679.70
234.32	51722.15
234.37	51752.67
234.42	51789.04
234.47	51812.58
234.52	51847.18
234.57	51882.87
234.62	51931.74
234.67	51985.59
234.73	52047.28
234.78	52102.82
234.83	52154.97
234.88	52201.35
234.93	52231.77
234.98	52277.43
235.03	52316.33
235.08	52380.45
235.13	52432.59
235.19	52502.50
235.24	52556.95
235.29	52623.79
235.34	52663.23
235.39	52699.52
235.44	52733.30
235.49	52764.45
235.54	52790.39
235.59	52812.96
235.65	52849.77
235.70	52879.57
235.75	52920.90
235.80	52972.58
235.85	53031.34
235.90	53073.90
235.95	53107.74
236.00	53136.78
236.05	53153.80
236.11	53179.03
236.16	53211.92
236.21	53251.55
236.26	53290.26
236.31	53325.59
236.36	53350.94
236.41	53364.03
236.46	53381.36
236.51	53403.68
236.56	53422.81
236.62	53447.39
236.67	53487.05
236.72	53530.45
236.77	53556.74
236.82	53609.82
236.87	53631.36
236.92	53655.00
236.97	53685.65
237.02	53730.15
237.07	53773.69
237.13	53846.34
237.18	53906.01
237.23	53949.79
237.28	53986.67
237.33	54021.30
237.38	54032.69
237.43	54060.73
237.48	54071.10
237.53	54094.14
237.58	54121.33
237.63	54173.70
237.69	54206.55
237.74	54263.26
237.79	54303.15
237.84	54307.50
237.89	54305.82
237.94	54315.95
237.99	54329.67
238.04	54341.78
238.09	54371.94
238.14	54400.44
238.19	54425.44
238.25	54448.54
238.30	54447.23
238.35	54449.58
238.40	54452.47
238.45	54444.27
238.50	54440.01
238.55	54452.58
238.60	54479.25
238.65	54494.11
238.70	54526.22
238.75	54538.64
238.80	54580.90
238.86	54585.44
238.91	54601.64
238.96	54630.80
239.01	54663.84
239.06	54683.00
239.11	54721.68
239.16	54756.57
239.21	54755.60
239.26	54754.26
239.31	54761.47
239.36	54765.66
239.41	54788.22
239.46	54818.00
239.52	54850.50
239.57	54868.09
239.62	54883.15
239.67	54893.83
239.72	54917.43
239.77	54931.54
239.82	54953.79
239.87	54970.39
239.92	54973.95
239.97	54968.30
240.02	54957.90
240.07	54941.49
240.12	54936.68
240.17	54944.21
240.23	54944.60
240.28	54956.81
240.33	54970.56
240.38	54962.70
240.43	54960.88
240.48	54982.98
240.53	55002.46
240.58	55023.19
240.63	55063.68
240.68	55077.84
240.73	55065.96
240.78	55058.23
240.83	55055.02
240.88	55038.55
240.93	55024.01
240.98	55028.75
241.04	55037.62
241.09	55057.10
241.14	55080.49
241.19	55126.76
241.24	55156.64
241.29	55177.87
241.34	55185.24
241.39	55194.93
241.44	55196.30
241.49	55192.95
241.54	55196.47
241.59	55191.87
241.64	55192.86
241.69	55182.20
241.74	55167.90
241.79	55148.74
241.84	55138.55
241.90	55121.50
241.95	55099.38
242.00	55088.89
242.05	55078.77
242.10	55071.38
242.15	55053.47
242.20	55057.11
242.25	55051.11
242.30	55036.96
242.35	55028.14
242.40	55024.48
242.45	55005.99
242.50	54996.84
242.55	55001.01
242.60	54994.73
242.65	54996.64
242.70	55012.97
242.75	55032.45
242.80	55068.60
242.85	55104.04
242.91	55115.96
242.96	55109.77
243.01	55096.08
243.06	55066.49
243.11	55029.39
243.16	55008.93
243.21	55005.50
243.26	55016.26
243.31	55032.64
243.36	55043.12
243.41	55060.91
243.46	55054.92
243.51	55020.66
243.56	54957.60
243.61	54904.33
243.66	54860.61
243.71	54834.21
243.76	54829.67
243.81	54854.94
243.86	54863.67
243.91	54868.99
243.96	54866.19
244.01	54849.12
244.06	54821.68
244.12	54812.55
244.17	54797.37
244.22	54799.50
244.27	54820.82
244.32	54844.91
244.37	54867.24
244.42	54876.99
244.47	54863.67
244.52	54844.67
244.57	54811.81
244.62	54780.94
244.67	54758.31
244.72	54740.45
244.77	54736.44
244.82	54753.08
244.87	54777.12
244.92	54796.40
244.97	54812.15
245.02	54802.84
245.07	54786.22
245.12	54767.52
245.17	54749.62
245.22	54753.73
245.27	54748.81
245.32	54716.10
245.37	54672.59
245.42	54627.77
245.47	54579.78
245.52	54539.92
245.57	54529.35
245.62	54519.40
245.67	54515.15
245.72	54509.17
245.77	54490.82
245.82	54469.69
245.87	54477.58
245.92	54485.03
245.98	54472.58
246.03	54475.39
246.08	54482.64
246.13	54467.01
246.18	54474.41
246.23	54474.96
246.28	54463.34
246.33	54451.16
246.38	54420.25
246.43	54376.74
246.48	54356.75
246.53	54361.80
246.58	54365.06
246.63	54380.68
246.68	54377.24
246.73	54362.03
246.78	54331.48
246.83	54280.94
246.88	54220.24
246.93	54171.93
246.98	54115.39
247.03	54084.97
247.08	54070.22
247.13	54069.52
247.18	54066.83
247.23	54092.54
247.28	54093.31
247.33	54085.60
247.38	54065.77
247.43	54048.99
247.48	54032.06
247.53	54003.67
247.58	53963.71
247.63	53937.64
247.68	53900.22
247.73	53837.99
247.78	53798.47
247.83	53773.69
247.88	53746.53
247.93	53734.74
247.98	53742.55
248.03	53750.51
248.08	53772.11
248.13	53771.47
248.18	53762.66
248.23	53756.57
248.28	53729.84
248.33	53688.30
248.38	53656.97
248.43	53634.51
248.48	53599.47
248.53	53579.94
248.58	53561.09
248.63	53561.41
248.68	53538.46
248.73	53519.47
248.78	53484.32
248.83	53440.07
248.88	53363.34
248.93	53297.25
248.98	53215.97
249.03	53169.88
249.08	53145.83
249.13	53138.59
249.18	53138.40
249.23	53161.08
249.28	53153.79
249.33	53139.18
249.38	53131.94
249.43	53126.68
249.48	53101.61
249.53	53092.38
249.58	53077.49
249.63	53054.92
249.68	53034.53
249.73	53019.32
249.78	52998.94
249.83	52993.45
249.88	52971.95
249.93	52945.74
249.98	52926.79
250.03	52928.46
250.08	52899.59
250.13	52888.24
250.18	52865.78
250.23	52828.47
250.28	52762.06
250.33	52707.10
250.37	52668.79
250.42	52628.15
250.47	52603.09
250.52	52591.59
250.57	52579.67
250.62	52539.79
250.67	52508.20
250.72	52488.37
250.77	52449.58
250.82	52432.85
250.87	52431.51
250.92	52430.59
250.97	52406.81
251.02	52408.12
251.07	52399.99
251.12	52374.67
251.17	52346.12
251.22	52311.35
251.27	52268.89
251.32	52220.42
251.37	52176.50
251.42	52123.22
251.47	52092.29
251.52	52069.30
251.57	52041.53
251.62	52031.27
251.67	52019.37
251.72	51999.50
251.77	51959.46
251.82	51925.27
251.87	51877.62
251.92	51829.16
251.97	51778.17
252.02	51742.41
252.07	51710.96
252.12	51694.04
252.16	51684.43
252.21	51689.14
252.26	51695.93
252.31	51697.87
252.36	51684.78
252.41	51675.88
252.46	51646.55
252.51	51610.60
252.56	51584.88
252.61	51556.77
252.66	51525.03
252.71	51507.40
252.76	51485.59
252.81	51440.74
252.86	51390.64
252.91	51337.63
252.96	51261.04
253.01	51192.27
253.06	51129.19
253.11	51086.71
253.16	51052.11
253.21	51020.24
253.26	50986.29
253.31	50959.26
253.36	50933.41
253.40	50905.42
253.45	50888.67
253.50	50849.13
253.55	50813.26
253.60	50769.38
253.65	50720.34
253.70	50684.96
253.75	50665.71
253.80	50647.76
253.85	50636.92
253.90	50643.40
253.95	50631.24
254.00	50626.13
254.05	50611.99
254.10	50576.90
254.15	50541.45
254.20	50515.48
254.25	50482.16
254.30	50444.56
254.35	50411.75
254.39	50345.31
254.44	50257.41
254.49	50180.48
254.54	50147.84
254.59	50115.96
254.64	50116.88
254.69	50124.24
254.74	50120.58
254.79	50086.98
254.84	50059.91
254.89	50037.03
254.94	50020.95
254.99	50013.99
255.04	50006.27
255.09	49992.81
255.14	49961.55
255.19	49949.51
255.23	49935.15
255.28	49919.04
255.33	49910.81
255.38	49898.48
255.43	49881.71
255.48	49848.48
255.53	49809.63
255.58	49774.06
255.63	49743.49
255.68	49691.69
255.73	49655.76
255.78	49628.10
255.83	49600.41
255.88	49582.44
255.93	49558.97
255.97	49535.54
256.02	49504.07
256.07	49466.42
256.12	49401.69
256.17	49348.11
256.22	49294.37
256.27	49243.90
256.32	49198.39
256.37	49170.48
256.42	49155.06
256.47	49128.75
256.52	49107.78
256.57	49084.50
256.62	49062.53
256.66	49047.49
256.71	49025.31
256.76	48984.19
256.81	48933.97
256.86	48882.82
256.91	48832.76
256.96	48787.36
257.01	48756.07
257.06	48737.60
257.11	48719.63
257.16	48662.78
257.21	48624.58
257.26	48585.68
257.30	48539.53
257.35	48482.51
257.40	48454.72
257.45	48443.43
257.50	48413.16
257.55	48385.64
257.60	48370.50
257.65	48358.74
257.70	48316.92
257.75	48282.76
257.80	48252.73
257.85	48222.34
257.89	48170.90
257.94	48111.64
257.99	48048.35
258.04	47991.57
258.09	47947.59
258.14	47917.11
258.19	47896.33
258.24	47880.85
258.29	47844.81
258.34	47804.62
258.39	47773.90
258.44	47725.72
258.48	47678.13
258.53	47638.07
258.58	47595.31
258.63	47545.81
258.68	47496.97
258.73	47462.00
258.78	47433.27
258.83	47396.18
258.88	47353.24
258.93	47319.11
258.97	47284.11
259.02	47250.03
259.07	47217.67
259.12	47195.98
259.17	47182.94
259.22	47173.12
259.27	47148.33
259.32	47136.88
259.37	47096.32
259.42	47064.57
259.47	47021.84
259.51	46974.87
259.56	46909.22
259.61	46841.56
259.66	46768.95
259.71	46691.98
259.76	46631.84
259.81	46575.53
259.86	46538.09
259.91	46498.62
259.95	46475.70
260.00	46449.38
260.05	46428.30
260.10	46413.78
260.15	46397.63
260.20	46380.18
260.25	46371.30
260.30	46356.48
260.35	46325.11
260.40	46297.49
260.44	46272.54
260.49	46248.00
260.54	46222.23
260.59	46200.99
260.64	46185.32
260.69	46178.59
260.74	46140.68
260.79	46101.12
260.84	46058.87
260.88	46000.74
260.93	45918.01
260.98	45876.49
261.03	45837.74
261.08	45808.66
261.13	45780.38
261.18	45746.13
261.23	45691.44
261.28	45653.02
261.32	45608.03
261.37	45554.53
261.42	45519.10
261.47	45499.84
261.52	45451.58
261.57	45404.80
261.62	45377.00
261.67	45333.04
261.71	45263.90
261.76	45219.15
261.81	45169.29
261.86	45113.60
261.91	45067.79
261.96	45029.95
262.01	44983.62
262.06	44962.91
262.10	44945.36
262.15	44927.38
262.20	44908.26
262.25	44891.26
262.30	44870.42
262.35	44844.35
262.40	44812.04
262.45	44784.41
262.49	44760.27
262.54	44724.18
262.59	44690.04
262.64	44666.79
262.69	44633.30
262.74	44585.74
262.79	44524.35
262.84	44482.05
262.88	44436.32
262.93	44383.79
262.98	44347.37
263.03	44312.29
263.08	44251.41
263.13	44175.39
263.18	44120.09
263.23	44055.19
263.27	44009.69
263.32	43982.81
263.37	43969.15
263.42	43946.85
263.47	43923.92
263.52	43896.98
263.57	43861.45
263.61	43814.12
263.66	43773.41
263.71	43746.00
263.76	43713.39
263.81	43666.69
263.86	43648.75
263.91	43604.49
263.95	43536.50
264.00	43475.94
264.05	43432.50
264.10	43361.41
264.15	43301.67
264.20	43258.84
264.25	43215.71
264.29	43166.78
264.34	43111.55
264.39	43076.02
264.44	43030.74
264.49	42985.70
264.54	42935.84
264.59	42906.95
264.63	42866.76
264.68	42823.65
264.73	42775.24
264.78	42732.39
264.83	42675.19
264.88	42628.51
264.93	42603.30
264.97	42570.57
265.02	42544.25
265.07	42533.40
265.12	42500.56
265.17	42448.10
265.22	42410.07
265.27	42355.69
265.31	42285.15
265.36	42219.85
265.41	42166.87
265.46	42107.19
265.51	42037.81
265.56	41981.20
265.60	41932.16
265.65	41874.86
265.70	41822.23
265.75	41775.58
265.80	41724.58
265.85	41665.46
265.90	41604.73
265.94	41542.30
265.99	41479.29
266.04	41430.83
266.09	41393.21
266.14	41354.63
266.19	41316.16
266.23	41288.59
266.28	41243.54
266.33	41199.68
266.38	41173.99
266.43	41153.06
266.48	41135.73
266.52	41113.29
266.57	41088.31
266.62	41043.36
266.67	40993.61
266.72	40943.91
266.77	40907.60
266.81	40881.77
266.86	40858.09
266.91	40833.71
266.96	40788.32
267.01	40747.85
267.06	40687.47
267.10	40639.35
267.15	40585.54
267.20	40554.32
267.25	40518.94
267.30	40486.73
267.35	40446.93
267.39	40411.21
267.44	40374.04
267.49	40327.01
267.54	40276.60
267.59	40225.04
267.64	40171.05
267.68	40108.14
267.73	40045.95
267.78	40005.48
267.83	39977.46
267.88	39964.22
267.93	39958.57
267.97	39952.13
268.02	39924.22
268.07	39877.79
268.12	39815.09
268.17	39750.45
268.21	39706.53
268.26	39659.11
268.31	39618.88
268.36	39582.10
268.41	39539.76
268.46	39487.04
268.50	39447.62
268.55	39399.41
268.60	39343.53
268.65	39282.62
268.70	39204.24
268.74	39134.55
268.79	39063.77
268.84	39010.06
268.89	38969.59
268.94	38943.01
268.99	38896.55
269.03	38861.36
269.08	38806.32
269.13	38735.68
269.18	38657.55
269.23	38570.04
269.27	38460.09
269.32	38335.21
269.37	38205.76
269.42	38065.96
269.47	37927.95
269.51	37789.24
269.56	37651.23
269.61	37515.07
269.66	37365.42
269.71	37218.28
269.76	37065.10
269.80	36920.55
269.85	36770.32
269.90	36633.68
269.95	36486.73
270.00	36339.53
270.04	36192.60
270.09	36048.42
270.14	35904.26
270.19	35765.01
270.24	35630.29
270.28	35478.19
270.33	35311.48
270.38	35135.12
270.43	34961.38
270.48	34776.22
270.52	34616.34
270.57	34455.27
270.62	34298.46
270.67	34144.86
270.72	33995.13
270.76	33823.21
270.81	33662.06
270.86	33495.19
270.91	33318.61
270.96	33150.23
271.00	32990.89
271.05	32839.74
271.10	32701.79
271.15	32567.92
271.20	32444.35
271.24	32305.69
271.29	32169.92
271.34	32017.29
271.39	31871.90
271.44	31720.81
271.48	31584.79
271.53	31442.91
271.58	31301.06
271.63	31151.26
271.67	31006.53
271.72	30859.67
271.77	30714.32
271.82	30583.08
271.87	30445.83
271.91	30291.34
271.96	30148.89
272.01	30005.35
272.06	29869.51
272.11	29754.06
272.15	29653.33
272.20	29554.59
272.25	29461.22
272.30	29364.06
272.35	29258.23
272.39	29145.79
272.44	29021.18
272.49	28884.08
272.54	28746.82
272.58	28591.67
272.63	28444.08
272.68	28293.52
272.73	28134.06
272.78	27957.44
272.82	27762.82
272.87	27536.61
272.92	27254.00
272.97	26735.82
273.01	23789.60
273.06	18865.49
273.11	13438.82
273.16	8105.94
273.21	3050.15
273.25	460.05
273.30	-89.36
273.35	-89.36
