165.32	3385.44
165.38	-247.95
165.44	597.63
165.50	-75.96
165.55	-16.46
165.61	6.88
165.67	36.07
165.72	45.25
165.78	50.58
165.84	49.38
165.89	46.28
165.95	44.53
166.01	44.28
166.06	45.90
166.12	48.01
166.18	46.33
166.23	48.31
166.29	47.67
166.35	44.52
166.40	43.95
166.46	50.67
166.52	53.09
166.57	53.97
166.63	54.71
166.69	57.35
166.74	51.35
166.80	51.91
166.86	53.57
166.91	54.31
166.97	48.19
167.03	50.72
167.08	44.96
167.14	44.18
167.20	42.23
167.25	54.58
167.31	54.66
167.37	60.22
167.42	62.25
167.48	68.34
167.54	63.11
167.59	62.65
167.65	58.27
167.71	58.01
167.76	56.65
167.82	51.96
167.88	51.55
167.93	59.43
167.99	58.04
168.05	60.51
168.10	68.45
168.16	67.92
168.21	65.87
168.27	70.41
168.33	72.11
168.38	65.25
168.44	70.21
168.50	68.58
168.55	66.98
168.61	67.58
168.67	69.66
168.72	66.84
168.78	67.31
168.84	63.13
168.89	61.64
168.95	62.02
169.01	60.94
169.06	60.25
169.12	59.52
169.18	57.50
169.23	57.45
169.29	62.45
169.34	67.08
169.40	69.83
169.46	74.75
169.51	76.65
169.57	71.81
169.63	67.32
169.68	71.96
169.74	68.11
169.80	73.96
169.85	75.43
169.91	79.62
169.97	75.88
170.02	75.62
170.08	74.53
170.13	75.03
170.19	74.70
170.25	76.45
170.30	81.01
170.36	72.76
170.42	74.90
170.47	76.10
170.53	77.80
170.59	74.40
170.64	78.24
170.70	76.16
170.76	73.23
170.81	74.34
170.87	73.70
170.92	74.28
170.98	77.10
171.04	79.61
171.09	75.96
171.15	83.49
171.21	84.45
171.26	81.66
171.32	79.25
171.37	82.57
171.43	77.23
171.49	81.83
171.54	84.94
171.60	86.68
171.66	88.68
171.71	89.23
171.77	86.62
171.83	92.81
171.88	91.54
171.94	90.81
171.99	95.07
172.05	94.00
172.11	94.70
172.16	103.16
172.22	103.76
172.28	103.93
172.33	102.48
172.39	99.25
172.44	96.16
172.50	101.33
172.56	100.75
172.61	109.04
172.67	109.04
172.72	108.82
172.78	103.83
172.84	99.29
172.89	92.65
172.95	91.52
173.01	92.45
173.06	91.28
173.12	97.15
173.17	98.41
173.23	98.53
173.29	99.40
173.34	100.91
173.40	94.93
173.46	95.50
173.51	97.86
173.57	97.25
173.62	91.69
173.68	98.11
173.74	96.82
173.79	98.13
173.85	95.74
173.90	98.76
173.96	95.31
174.02	92.57
174.07	84.35
174.13	83.43
174.18	85.88
174.24	79.49
174.30	80.26
174.35	85.67
174.41	82.78
174.47	76.74
174.52	77.61
174.58	76.40
174.63	72.26
174.69	71.02
174.75	72.73
174.80	83.96
174.86	81.60
174.91	82.43
174.97	82.61
175.03	80.11
175.08	67.83
175.14	74.77
175.19	70.66
175.25	71.22
175.31	75.70
175.36	77.17
175.42	73.91
175.47	78.94
175.53	79.37
175.59	75.48
175.64	77.39
175.70	75.45
175.75	70.50
175.81	68.81
175.87	70.27
175.92	66.34
175.98	67.79
176.03	68.28
176.09	68.51
176.15	68.37
176.20	69.69
176.26	69.58
176.31	72.70
176.37	70.69
176.42	71.56
176.48	75.08
176.54	72.56
176.59	69.55
176.65	72.56
176.70	74.35
176.76	73.58
176.82	71.87
176.87	69.16
176.93	68.75
176.98	67.20
177.04	62.14
177.10	66.60
177.15	67.87
177.21	68.37
177.26	67.35
177.32	70.99
177.37	73.10
177.43	76.97
177.49	73.75
177.54	71.42
177.60	71.91
177.65	71.81
177.71	66.69
177.77	69.83
177.82	71.35
177.88	75.16
177.93	70.98
177.99	77.07
178.04	72.88
178.10	73.51
178.16	67.14
178.21	67.90
178.27	64.90
178.32	68.96
178.38	67.74
178.43	69.29
178.49	69.68
178.55	68.98
178.60	67.55
178.66	66.81
178.71	68.23
178.77	65.74
178.82	66.71
178.88	66.36
178.94	67.14
178.99	68.30
179.05	72.66
179.10	68.54
179.16	71.20
179.21	73.65
179.27	72.26
179.33	67.96
179.38	71.92
179.44	70.15
179.49	69.63
179.55	68.13
179.60	68.28
179.66	67.11
179.72	69.71
179.77	67.38
179.83	65.88
179.88	67.72
179.94	69.30
179.99	65.48
180.05	66.16
180.11	67.34
180.16	69.61
180.22	72.36
180.27	77.33
180.33	77.73
180.38	81.67
180.44	77.50
180.49	76.31
180.55	73.78
180.61	77.77
180.66	72.31
180.72	70.53
180.77	69.00
180.83	68.63
180.88	65.93
180.94	65.74
180.99	69.66
181.05	70.02
181.11	71.61
181.16	72.14
181.22	73.86
181.27	75.75
181.33	74.55
181.38	71.35
181.44	71.81
181.49	76.20
181.55	77.14
181.61	82.87
181.66	85.41
181.72	83.80
181.77	81.02
181.83	78.44
181.88	83.63
181.94	85.09
181.99	89.91
182.05	90.04
182.11	90.34
182.16	80.97
182.22	78.85
182.27	74.20
182.33	76.67
182.38	76.39
182.44	81.01
182.49	83.10
182.55	84.84
182.60	84.42
182.66	87.56
182.72	90.05
182.77	92.31
182.83	95.95
182.88	98.85
182.94	99.60
182.99	96.46
183.05	95.18
183.10	97.19
183.16	96.52
183.21	97.94
183.27	105.31
183.32	108.52
183.38	110.89
183.44	116.47
183.49	120.18
183.55	120.07
183.60	125.15
183.66	129.70
183.71	137.91
183.77	144.30
183.82	152.00
183.88	162.18
183.93	172.29
183.99	183.58
184.04	199.16
184.10	210.32
184.15	220.05
184.21	232.90
184.27	234.77
184.32	235.64
184.38	234.75
184.43	232.64
184.49	217.93
184.54	204.80
184.60	198.64
184.65	187.49
184.71	179.91
184.76	182.40
184.82	198.30
184.87	212.55
184.93	236.02
184.98	261.06
185.04	290.24
185.09	312.69
185.15	336.72
185.20	366.49
185.26	398.87
185.31	424.91
185.37	451.27
185.43	470.38
185.48	488.26
185.54	509.61
185.59	533.95
185.65	557.99
185.70	598.11
185.76	642.31
185.81	676.34
185.87	712.46
185.92	755.18
185.98	788.22
186.03	805.06
186.09	808.58
186.14	787.26
186.20	739.07
186.25	659.50
186.31	579.67
186.36	517.37
186.42	490.28
186.47	499.40
186.53	545.06
186.58	611.43
186.64	684.71
186.69	756.10
186.75	816.28
186.80	875.36
186.86	933.64
186.91	993.30
186.97	1048.80
187.02	1119.71
187.08	1188.94
187.13	1251.10
187.19	1316.56
187.24	1386.12
187.30	1441.21
187.35	1500.63
187.41	1573.24
187.47	1645.17
187.52	1705.73
187.58	1766.64
187.63	1833.71
187.69	1898.39
187.74	1948.97
187.80	1996.26
187.85	2040.77
187.91	2063.38
187.96	2048.79
188.02	1986.14
188.07	1877.49
188.13	1718.17
188.18	1546.10
188.24	1418.60
188.29	1355.90
188.35	1361.42
188.40	1438.22
188.46	1561.92
188.51	1684.48
188.57	1811.53
188.62	1935.72
188.67	2051.82
188.73	2160.22
188.78	2265.15
188.84	2368.12
188.89	2470.59
188.95	2573.05
189.00	2664.51
189.06	2761.12
189.11	2854.62
189.17	2937.24
189.22	3010.52
189.28	3097.68
189.33	3174.58
189.39	3238.45
189.44	3305.14
189.50	3380.51
189.55	3446.99
189.61	3500.10
189.66	3560.63
189.72	3614.32
189.77	3663.35
189.83	3694.71
189.88	3707.22
189.94	3677.28
189.99	3603.74
190.05	3457.61
190.10	3242.77
190.16	2996.25
190.21	2779.81
190.27	2638.58
190.32	2604.40
190.38	2675.10
190.43	2829.98
190.49	3018.95
190.54	3190.33
190.60	3346.72
190.65	3491.55
190.71	3624.42
190.76	3750.66
190.81	3877.55
190.87	3992.82
190.92	4115.78
190.98	4225.90
191.03	4333.35
191.09	4443.94
191.14	4549.03
191.20	4634.85
191.25	4735.05
191.31	4828.44
191.36	4915.76
191.42	4998.67
191.47	5087.35
191.53	5172.84
191.58	5244.66
191.64	5306.39
191.69	5365.10
191.75	5406.68
191.80	5437.06
191.85	5457.94
191.91	5477.36
191.96	5496.67
192.02	5527.68
192.07	5540.38
192.13	5536.36
192.18	5490.21
192.24	5374.71
192.29	5183.35
192.35	4960.64
192.40	4777.00
192.46	4666.79
192.51	4660.76
192.57	4753.12
192.62	4929.00
192.67	5110.15
192.73	5289.20
192.78	5453.82
192.84	5599.32
192.89	5732.53
192.95	5865.23
193.00	5979.64
193.06	6088.10
193.11	6199.27
193.17	6289.52
193.22	6372.75
193.28	6461.74
193.33	6536.29
193.38	6599.63
193.44	6668.24
193.49	6738.50
193.55	6793.76
193.60	6851.24
193.66	6907.58
193.71	6954.06
193.77	6981.37
193.82	7002.94
193.88	7018.62
193.93	7041.95
193.98	7069.94
194.04	7108.55
194.09	7156.08
194.15	7211.93
194.20	7256.15
194.26	7295.47
194.31	7340.36
194.37	7366.23
194.42	7374.48
194.47	7367.23
194.53	7328.21
194.58	7237.47
194.64	7130.94
194.69	7033.58
194.75	6965.20
194.80	6951.05
194.86	6994.76
194.91	7087.08
194.97	7194.35
195.02	7302.91
195.07	7409.96
195.13	7516.04
195.18	7626.58
195.24	7734.54
195.29	7847.61
195.35	7949.10
195.40	8053.19
195.46	8133.50
195.51	8219.93
195.56	8299.75
195.62	8372.37
195.67	8430.07
195.73	8497.61
195.78	8551.58
195.84	8595.88
195.89	8632.81
195.94	8668.94
196.00	8701.25
196.05	8731.89
196.11	8772.45
196.16	8817.60
196.22	8872.60
196.27	8925.68
196.32	8978.56
196.38	9025.00
196.43	9072.70
196.49	9107.19
196.54	9144.35
196.60	9186.30
196.65	9226.79
196.71	9265.70
196.76	9311.09
196.81	9350.32
196.87	9383.94
196.92	9411.30
196.98	9431.65
197.03	9443.66
197.09	9437.87
197.14	9430.81
197.19	9431.98
197.25	9444.92
197.30	9466.85
197.36	9521.02
197.41	9586.97
197.47	9648.39
197.52	9709.86
197.57	9776.45
197.63	9829.71
197.68	9880.68
197.74	9934.93
197.79	9982.40
197.84	10027.38
197.90	10077.24
197.95	10115.55
198.01	10158.41
198.06	10204.80
198.12	10251.06
198.17	10287.63
198.22	10331.32
198.28	10369.06
198.33	10406.88
198.39	10444.18
198.44	10491.37
198.49	10539.63
198.55	10586.67
198.60	10633.37
198.66	10677.79
198.71	10727.45
198.77	10769.25
198.82	10819.74
198.87	10871.39
198.93	10918.56
198.98	10961.43
199.04	11008.16
199.09	11048.03
199.14	11090.40
199.20	11133.63
199.25	11170.00
199.31	11211.34
199.36	11253.83
199.42	11293.37
199.47	11332.85
199.52	11375.56
199.58	11414.80
199.63	11445.84
199.69	11474.08
199.74	11507.91
199.79	11533.69
199.85	11563.39
199.90	11598.64
199.96	11636.10
200.01	11679.09
200.06	11728.14
200.12	11774.89
200.17	11827.26
200.23	11881.42
200.28	11923.75
200.33	11974.77
200.39	12021.13
200.44	12063.02
200.50	12105.18
200.55	12141.12
200.60	12175.77
200.66	12213.32
200.71	12247.78
200.77	12288.70
200.82	12332.25
200.87	12373.67
200.93	12409.74
200.98	12452.21
201.04	12488.80
201.09	12535.84
201.14	12584.85
201.20	12638.68
201.25	12698.77
201.31	12755.69
201.36	12814.22
201.41	12871.84
201.47	12929.39
201.52	12976.16
201.58	13032.64
201.63	13076.87
201.68	13120.15
201.74	13165.74
201.79	13215.70
201.84	13263.46
201.90	13313.32
201.95	13368.62
202.01	13424.69
202.06	13477.36
202.11	13528.03
202.17	13579.42
202.22	13621.18
202.28	13660.23
202.33	13697.80
202.38	13726.34
202.44	13769.54
202.49	13814.85
202.54	13862.58
202.60	13907.77
202.65	13961.57
202.71	14005.32
202.76	14046.91
202.81	14088.14
202.87	14137.52
202.92	14186.14
202.98	14233.47
203.03	14285.13
203.08	14333.93
203.14	14385.23
203.19	14439.63
203.24	14501.39
203.30	14557.69
203.35	14614.53
203.41	14662.97
203.46	14705.45
203.51	14745.93
203.57	14790.00
203.62	14837.48
203.67	14890.13
203.73	14936.39
203.78	14979.05
203.84	15029.51
203.89	15076.92
203.94	15120.31
204.00	15175.78
204.05	15227.27
204.10	15266.68
204.16	15301.99
204.21	15343.95
204.27	15379.75
204.32	15417.84
204.37	15465.30
204.43	15513.43
204.48	15557.17
204.53	15602.66
204.59	15658.70
204.64	15716.69
204.69	15783.80
204.75	15848.12
204.80	15915.52
204.86	15972.01
204.91	16027.76
204.96	16082.10
205.02	16134.32
205.07	16190.96
205.12	16254.60
205.18	16312.98
205.23	16371.81
205.28	16438.59
205.34	16489.90
205.39	16546.06
205.45	16603.30
205.50	16650.81
205.55	16705.42
205.61	16767.09
205.66	16821.27
205.71	16884.01
205.77	16954.69
205.82	17015.19
205.87	17072.95
205.93	17124.45
205.98	17171.18
206.03	17205.83
206.09	17253.44
206.14	17301.74
206.20	17355.90
206.25	17406.08
206.30	17471.70
206.36	17521.51
206.41	17583.05
206.46	17637.74
206.52	17686.55
206.57	17736.23
206.62	17786.05
206.68	17832.56
206.73	17882.36
206.78	17939.08
206.84	17994.11
206.89	18054.35
206.94	18112.68
207.00	18181.40
207.05	18252.14
207.11	18315.76
207.16	18375.15
207.21	18434.86
207.27	18485.27
207.32	18537.93
207.37	18596.29
207.43	18648.65
207.48	18702.69
207.53	18756.80
207.59	18814.33
207.64	18864.49
207.69	18934.20
207.75	18995.78
207.80	19056.00
207.85	19108.12
207.91	19166.29
207.96	19218.35
208.01	19277.00
208.07	19334.31
208.12	19395.68
208.17	19447.13
208.23	19489.59
208.28	19537.94
208.33	19597.60
208.39	19657.42
208.44	19727.32
208.49	19793.64
208.55	19857.04
208.60	19905.91
208.65	19949.69
208.71	19994.95
208.76	20050.44
208.81	20105.80
208.87	20171.08
208.92	20230.82
208.97	20291.92
209.03	20354.13
209.08	20416.42
209.13	20473.36
209.19	20541.61
209.24	20601.67
209.29	20661.82
209.35	20712.49
209.40	20777.48
209.45	20841.88
209.51	20908.52
209.56	20975.42
209.61	21048.05
209.67	21112.11
209.72	21171.47
209.77	21226.06
209.83	21282.84
209.88	21348.90
209.93	21408.37
209.99	21469.48
210.04	21540.58
210.09	21612.31
210.15	21668.17
210.20	21729.44
210.25	21791.52
210.31	21857.72
210.36	21903.26
210.41	21955.17
210.46	22019.32
210.52	22076.15
210.57	22118.07
210.62	22181.74
210.68	22249.40
210.73	22294.81
210.78	22350.42
210.84	22416.17
210.89	22476.00
210.94	22532.82
211.00	22597.76
211.05	22649.76
211.10	22713.00
211.16	22771.28
211.21	22835.09
211.26	22896.63
211.32	22967.09
211.37	23031.86
211.42	23093.74
211.47	23163.44
211.53	23231.00
211.58	23299.80
211.63	23352.78
211.69	23417.52
211.74	23468.13
211.79	23514.66
211.85	23567.26
211.90	23637.48
211.95	23701.62
212.01	23762.06
212.06	23838.35
212.11	23911.74
212.16	23974.94
212.22	24044.60
212.27	24111.85
212.32	24180.56
212.38	24244.00
212.43	24311.77
212.48	24372.25
212.54	24445.45
212.59	24516.09
212.64	24589.90
212.69	24657.04
212.75	24724.31
212.80	24792.89
212.85	24860.62
212.91	24912.43
212.96	24968.84
213.01	25032.15
213.07	25090.45
213.12	25148.17
213.17	25214.93
213.22	25280.71
213.28	25346.70
213.33	25396.05
213.38	25446.61
213.44	25502.68
213.49	25566.85
213.54	25634.78
213.60	25723.41
213.65	25808.31
213.70	25897.20
213.75	25972.91
213.81	26031.85
213.86	26089.82
213.91	26141.69
213.97	26189.55
214.02	26233.10
214.07	26283.45
214.12	26328.26
214.18	26385.42
214.23	26447.75
214.28	26521.27
214.34	26591.45
214.39	26669.31
214.44	26734.46
214.49	26782.30
214.55	26830.46
214.60	26882.37
214.65	26924.88
214.71	26962.94
214.76	27022.25
214.81	27088.05
214.86	27166.87
214.92	27238.47
214.97	27323.75
215.02	27398.00
215.08	27469.39
215.13	27539.65
215.18	27608.93
215.23	27677.72
215.29	27754.56
215.34	27827.87
215.39	27893.35
215.45	27971.75
215.50	28051.02
215.55	28124.55
215.60	28192.70
215.66	28245.92
215.71	28305.77
215.76	28367.07
215.81	28416.63
215.87	28474.77
215.92	28540.91
215.97	28591.73
216.03	28647.46
216.08	28712.57
216.13	28767.85
216.18	28828.90
216.24	28898.99
216.29	28949.61
216.34	28997.78
216.39	29059.45
216.45	29117.76
216.50	29167.60
216.55	29238.12
216.61	29311.94
216.66	29374.57
216.71	29436.30
216.76	29503.99
216.82	29572.82
216.87	29639.48
216.92	29712.21
216.97	29785.06
217.03	29856.09
217.08	29920.45
217.13	30000.01
217.18	30075.65
217.24	30140.87
217.29	30211.47
217.34	30267.02
217.39	30305.68
217.45	30346.63
217.50	30395.76
217.55	30446.50
217.61	30518.95
217.66	30587.40
217.71	30654.83
217.76	30734.75
217.82	30815.34
217.87	30891.11
217.92	30967.31
217.97	31041.96
218.03	31102.25
218.08	31146.83
218.13	31185.63
218.18	31226.56
218.24	31288.29
218.29	31347.77
218.34	31411.76
218.39	31478.44
218.45	31549.84
218.50	31601.34
218.55	31663.19
218.60	31725.67
218.66	31781.40
218.71	31851.08
218.76	31918.44
218.81	31985.00
218.87	32051.87
218.92	32117.51
218.97	32184.45
219.02	32251.76
219.08	32318.21
219.13	32385.55
219.18	32459.50
219.23	32513.31
219.29	32570.25
219.34	32637.44
219.39	32705.66
219.44	32762.11
219.50	32827.00
219.55	32895.21
219.60	32950.51
219.65	33012.00
219.71	33079.55
219.76	33132.76
219.81	33185.96
219.86	33242.86
219.92	33297.27
219.97	33358.70
220.02	33422.60
220.07	33480.98
220.13	33542.13
220.18	33604.67
220.23	33663.22
220.28	33745.64
220.33	33823.60
220.39	33883.42
220.44	33942.29
220.49	34001.84
220.54	34043.44
220.60	34088.83
220.65	34150.84
220.70	34217.25
220.75	34288.14
220.81	34373.99
220.86	34457.05
220.91	34531.94
220.96	34598.52
221.02	34667.02
221.07	34727.37
221.12	34785.91
221.17	34839.04
221.22	34897.62
221.28	34953.27
221.33	35005.81
221.38	35065.02
221.43	35139.82
221.49	35202.84
221.54	35269.62
221.59	35340.24
221.64	35420.15
221.69	35506.06
221.75	35607.50
221.80	35706.06
221.85	35780.60
221.90	35844.34
221.96	35901.19
222.01	35935.70
222.06	35964.30
222.11	36013.32
222.17	36057.91
222.22	36087.52
222.27	36135.09
222.32	36185.04
222.37	36238.78
222.43	36307.43
222.48	36370.53
222.53	36444.18
222.58	36527.62
222.63	36603.69
222.69	36664.83
222.74	36750.64
222.79	36815.76
222.84	36863.06
222.90	36912.63
222.95	36963.64
223.00	36998.87
223.05	37047.07
223.10	37103.31
223.16	37164.15
223.21	37220.65
223.26	37262.97
223.31	37304.27
223.36	37342.35
223.42	37372.85
223.47	37398.53
223.52	37454.99
223.57	37502.48
223.63	37555.40
223.68	37607.69
223.73	37683.39
223.78	37753.27
223.83	37817.70
223.89	37874.75
223.94	37946.42
223.99	38009.96
224.04	38079.92
224.09	38162.99
224.15	38259.30
224.20	38335.84
224.25	38425.40
224.30	38506.49
224.35	38591.95
224.41	38685.33
224.46	38785.48
224.51	38864.38
224.56	38946.25
224.61	39025.13
224.67	39101.22
224.72	39177.18
224.77	39272.76
224.82	39366.43
224.87	39454.00
224.93	39523.31
224.98	39609.76
225.03	39694.19
225.08	39776.25
225.13	39858.47
225.19	39947.76
225.24	40038.68
225.29	40110.91
225.34	40199.80
225.39	40281.60
225.45	40370.62
225.50	40449.95
225.55	40545.86
225.60	40627.04
225.65	40724.28
225.71	40815.60
225.76	40907.70
225.81	40994.50
225.86	41091.52
225.91	41187.25
225.97	41277.92
226.02	41371.00
226.07	41454.16
226.12	41514.66
226.17	41566.66
226.22	41641.33
226.28	41707.84
226.33	41790.46
226.38	41875.75
226.43	41956.50
226.48	42018.95
226.54	42075.76
226.59	42139.50
226.64	42211.19
226.69	42289.89
226.74	42358.42
226.80	42431.97
226.85	42487.36
226.90	42540.99
226.95	42596.24
227.00	42666.01
227.05	42739.96
227.11	42825.43
227.16	42909.54
227.21	42993.35
227.26	43074.49
227.31	43149.42
227.37	43209.37
227.42	43280.27
227.47	43355.60
227.52	43428.39
227.57	43498.05
227.62	43584.95
227.68	43670.79
227.73	43751.19
227.78	43824.10
227.83	43903.63
227.88	43972.34
227.93	44036.90
227.99	44107.75
228.04	44184.83
228.09	44261.80
228.14	44332.18
228.19	44402.50
228.24	44463.41
228.30	44537.62
228.35	44600.32
228.40	44677.43
228.45	44738.95
228.50	44815.25
228.56	44873.92
228.61	44934.29
228.66	44977.98
228.71	45028.64
228.76	45074.37
228.81	45124.56
228.87	45172.62
228.92	45240.16
228.97	45304.47
229.02	45387.86
229.07	45461.22
229.12	45558.81
229.17	45630.78
229.23	45720.98
229.28	45788.95
229.33	45866.57
229.38	45928.92
229.43	45993.91
229.48	46075.79
229.54	46147.55
229.59	46216.98
229.64	46286.98
229.69	46378.10
229.74	46450.33
229.79	46523.81
229.85	46599.48
229.90	46672.91
229.95	46736.41
230.00	46800.55
230.05	46876.45
230.10	46944.46
230.16	47017.66
230.21	47079.40
230.26	47135.08
230.31	47171.21
230.36	47222.52
230.41	47276.47
230.46	47361.45
230.52	47451.74
230.57	47540.94
230.62	47629.30
230.67	47703.88
230.72	47749.85
230.77	47785.98
230.82	47838.15
230.88	47869.20
230.93	47910.11
230.98	47951.72
231.03	48007.39
231.08	48059.84
231.13	48115.26
231.19	48183.55
231.24	48264.02
231.29	48341.31
231.34	48410.98
231.39	48486.51
231.44	48554.95
231.49	48600.57
231.55	48641.48
231.60	48680.81
231.65	48735.75
231.70	48777.94
231.75	48838.79
231.80	48889.35
231.85	48958.89
231.91	49001.26
231.96	49052.50
232.01	49110.61
232.06	49177.51
232.11	49235.75
232.16	49319.31
232.21	49401.98
232.26	49491.90
232.32	49575.48
232.37	49642.50
232.42	49701.18
232.47	49751.67
232.52	49790.88
232.57	49837.79
232.62	49899.49
232.68	49959.14
232.73	50035.38
232.78	50109.91
232.83	50189.43
232.88	50264.88
232.93	50343.79
232.98	50402.50
233.03	50454.62
233.09	50513.92
233.14	50580.40
233.19	50633.26
233.24	50694.86
233.29	50749.29
233.34	50779.14
233.39	50797.79
233.45	50831.60
233.50	50863.92
233.55	50910.88
233.60	50973.47
233.65	51039.80
233.70	51100.70
233.75	51151.29
233.80	51198.02
233.86	51249.88
233.91	51297.97
233.96	51342.54
234.01	51401.58
234.06	51461.62
234.11	51523.79
234.16	51580.70
234.21	51635.31
234.26	51675.35
234.32	51711.41
234.37	51743.78
234.42	51781.71
234.47	51810.71
234.52	51847.65
234.57	51893.75
234.62	51930.53
234.67	51977.20
234.73	52035.83
234.78	52088.38
234.83	52132.47
234.88	52179.09
234.93	52218.80
234.98	52262.60
235.03	52310.58
235.08	52372.14
235.13	52436.99
235.19	52506.20
235.24	52564.71
235.29	52631.46
235.34	52677.62
235.39	52710.82
235.44	52745.70
235.49	52790.25
235.54	52816.25
235.59	52830.99
235.65	52854.60
235.70	52878.68
235.75	52912.83
235.80	52964.38
235.85	53024.78
235.90	53082.85
235.95	53110.71
236.00	53128.34
236.05	53147.98
236.11	53173.78
236.16	53202.50
236.21	53257.79
236.26	53302.88
236.31	53332.38
236.36	53355.63
236.41	53373.45
236.46	53383.16
236.51	53402.33
236.56	53429.62
236.62	53453.37
236.67	53486.81
236.72	53530.51
236.77	53553.35
236.82	53586.42
236.87	53620.02
236.92	53644.58
236.97	53675.42
237.02	53723.19
237.07	53778.07
237.13	53841.59
237.18	53903.85
237.23	53955.96
237.28	53999.15
237.33	54036.64
237.38	54056.30
237.43	54071.48
237.48	54070.41
237.53	54090.17
237.58	54114.57
237.63	54162.98
237.69	54206.16
237.74	54264.21
237.79	54304.21
237.84	54314.75
237.89	54318.30
237.94	54325.11
237.99	54336.11
238.04	54349.37
238.09	54374.36
238.14	54399.68
238.19	54432.93
238.25	54454.55
238.30	54446.05
238.35	54452.91
238.40	54451.58
238.45	54445.18
238.50	54449.39
238.55	54475.38
238.60	54497.23
238.65	54524.47
238.70	54543.23
238.75	54552.94
238.80	54574.70
238.86	54581.83
238.91	54588.12
238.96	54621.67
239.01	54662.17
239.06	54702.51
239.11	54738.45
239.16	54765.16
239.21	54765.42
239.26	54753.89
239.31	54759.33
239.36	54762.71
239.41	54789.99
239.46	54816.53
239.52	54844.27
239.57	54859.88
239.62	54879.91
239.67	54896.59
239.72	54916.69
239.77	54931.89
239.82	54939.45
239.87	54950.71
239.92	54945.94
239.97	54933.04
240.02	54929.65
240.07	54923.06
240.12	54924.07
240.17	54937.04
240.23	54954.16
240.28	54958.78
240.33	54976.24
240.38	54965.69
240.43	54964.33
240.48	54977.86
240.53	55000.95
240.58	55016.90
240.63	55063.88
240.68	55070.64
240.73	55064.23
240.78	55060.74
240.83	55055.23
240.88	55033.81
240.93	55029.45
240.98	55023.60
241.04	55032.66
241.09	55065.69
241.14	55083.72
241.19	55127.34
241.24	55170.96
241.29	55193.46
241.34	55196.17
241.39	55213.59
241.44	55211.57
241.49	55205.75
241.54	55201.46
241.59	55189.17
241.64	55184.39
241.69	55178.34
241.74	55166.78
241.79	55158.74
241.84	55151.36
241.90	55133.71
241.95	55105.50
242.00	55085.33
242.05	55066.31
242.10	55050.76
242.15	55035.55
242.20	55033.03
242.25	55032.59
242.30	55025.84
242.35	55020.28
242.40	55012.13
242.45	55002.63
242.50	54995.50
242.55	54992.72
242.60	54990.46
242.65	54993.82
242.70	55017.24
242.75	55039.91
242.80	55082.65
242.85	55119.74
242.91	55135.40
242.96	55119.15
243.01	55105.95
243.06	55081.04
243.11	55040.05
243.16	55023.14
243.21	55023.77
243.26	55026.24
243.31	55033.28
243.36	55050.84
243.41	55075.54
243.46	55073.02
243.51	55051.61
243.56	55000.54
243.61	54945.32
243.66	54891.09
243.71	54861.73
243.76	54848.68
243.81	54862.72
243.86	54869.27
243.91	54879.19
243.96	54879.22
244.01	54856.40
244.06	54828.86
244.12	54814.50
244.17	54793.72
244.22	54794.87
244.27	54831.22
244.32	54862.47
244.37	54889.24
244.42	54894.37
244.47	54886.01
244.52	54862.03
244.57	54823.68
244.62	54794.96
244.67	54780.80
244.72	54758.14
244.77	54745.38
244.82	54763.46
244.87	54793.42
244.92	54809.60
244.97	54827.28
245.02	54817.07
245.07	54797.96
245.12	54776.81
245.17	54759.17
245.22	54751.99
245.27	54757.79
245.32	54723.07
245.37	54676.14
245.42	54633.39
245.47	54584.22
245.52	54538.75
245.57	54529.85
245.62	54520.01
245.67	54509.10
245.72	54506.73
245.77	54490.96
245.82	54471.26
245.87	54470.11
245.92	54479.39
245.98	54468.16
246.03	54471.22
246.08	54482.10
246.13	54474.22
246.18	54477.70
246.23	54477.51
246.28	54464.18
246.33	54446.79
246.38	54422.32
246.43	54388.56
246.48	54361.97
246.53	54368.21
246.58	54373.62
246.63	54387.10
246.68	54377.88
246.73	54369.63
246.78	54336.65
246.83	54283.26
246.88	54220.65
246.93	54174.02
246.98	54124.60
247.03	54097.48
247.08	54083.51
247.13	54078.53
247.18	54074.58
247.23	54099.50
247.28	54102.75
247.33	54091.25
247.38	54074.38
247.43	54055.91
247.48	54034.95
247.53	54000.85
247.58	53969.80
247.63	53946.85
247.68	53910.12
247.73	53846.65
247.78	53813.98
247.83	53783.76
247.88	53759.02
247.93	53753.00
247.98	53759.80
248.03	53756.73
248.08	53773.40
248.13	53777.03
248.18	53773.89
248.23	53774.71
248.28	53752.78
248.33	53710.18
248.38	53668.37
248.43	53633.57
248.48	53598.17
248.53	53581.59
248.58	53568.16
248.63	53563.97
248.68	53543.36
248.73	53518.04
248.78	53481.20
248.83	53441.22
248.88	53374.00
248.93	53304.02
248.98	53229.86
249.03	53194.74
249.08	53167.89
249.13	53165.47
249.18	53166.64
249.23	53179.30
249.28	53160.18
249.33	53148.60
249.38	53123.93
249.43	53109.62
249.48	53085.51
249.53	53077.03
249.58	53053.24
249.63	53046.10
249.68	53032.19
249.73	53021.06
249.78	52997.74
249.83	52990.00
249.88	52957.95
249.93	52936.40
249.98	52921.96
250.03	52917.99
250.08	52897.82
250.13	52892.34
250.18	52873.44
250.23	52832.13
250.28	52779.81
250.33	52727.56
250.37	52680.23
250.42	52637.98
250.47	52607.59
250.52	52592.46
250.57	52575.18
250.62	52547.88
250.67	52522.43
250.72	52508.13
250.77	52465.49
250.82	52445.40
250.87	52439.90
250.92	52431.73
250.97	52406.62
251.02	52400.63
251.07	52405.04
251.12	52385.38
251.17	52357.54
251.22	52329.48
251.27	52292.20
251.32	52241.47
251.37	52190.97
251.42	52141.74
251.47	52101.31
251.52	52081.66
251.57	52057.45
251.62	52046.11
251.67	52032.38
251.72	52017.93
251.77	51982.14
251.82	51932.00
251.87	51888.29
251.92	51836.81
251.97	51786.27
252.02	51738.77
252.07	51715.18
252.12	51696.90
252.16	51698.85
252.21	51694.10
252.26	51700.95
252.31	51700.53
252.36	51693.44
252.41	51671.95
252.46	51645.84
252.51	51621.77
252.56	51589.04
252.61	51556.80
252.66	51533.70
252.71	51518.22
252.76	51484.60
252.81	51447.76
252.86	51386.03
252.91	51335.78
252.96	51259.62
253.01	51199.25
253.06	51132.08
253.11	51099.10
253.16	51053.36
253.21	51020.83
253.26	50980.11
253.31	50955.56
253.36	50919.89
253.40	50894.30
253.45	50886.18
253.50	50854.76
253.55	50821.09
253.60	50778.00
253.65	50738.61
253.70	50698.45
253.75	50682.12
253.80	50664.30
253.85	50667.37
253.90	50670.10
253.95	50667.89
254.00	50660.96
254.05	50644.21
254.10	50601.95
254.15	50560.30
254.20	50519.46
254.25	50485.65
254.30	50454.65
254.35	50424.82
254.39	50359.74
254.44	50282.13
254.49	50203.89
254.54	50159.93
254.59	50122.06
254.64	50118.95
254.69	50121.01
254.74	50123.78
254.79	50101.68
254.84	50070.72
254.89	50049.62
254.94	50031.34
254.99	50010.29
255.04	49998.03
255.09	49998.31
255.14	49966.35
255.19	49952.04
255.23	49950.67
255.28	49935.31
255.33	49919.19
255.38	49911.81
255.43	49897.23
255.48	49859.59
255.53	49819.22
255.58	49786.05
255.63	49753.04
255.68	49698.28
255.73	49655.85
255.78	49630.65
255.83	49604.14
255.88	49582.04
255.93	49554.45
255.97	49534.83
256.02	49502.59
256.07	49462.09
256.12	49393.20
256.17	49349.00
256.22	49297.53
256.27	49248.42
256.32	49198.32
256.37	49186.28
256.42	49164.96
256.47	49142.95
256.52	49112.61
256.57	49085.27
256.62	49060.48
256.66	49049.36
256.71	49014.23
256.76	48983.98
256.81	48938.99
256.86	48894.50
256.91	48848.51
256.96	48806.48
257.01	48773.38
257.06	48751.07
257.11	48711.83
257.16	48652.59
257.21	48621.41
257.26	48588.02
257.30	48551.89
257.35	48511.46
257.40	48494.50
257.45	48474.83
257.50	48445.73
257.55	48411.63
257.60	48392.08
257.65	48363.31
257.70	48320.93
257.75	48282.43
257.80	48259.17
257.85	48217.22
257.89	48173.17
257.94	48121.17
257.99	48059.26
258.04	48003.96
258.09	47971.40
258.14	47939.27
258.19	47920.78
258.24	47904.80
258.29	47858.18
258.34	47809.50
258.39	47775.81
258.44	47717.80
258.48	47665.38
258.53	47643.31
258.58	47609.98
258.63	47557.34
258.68	47515.76
258.73	47483.14
258.78	47440.47
258.83	47397.35
258.88	47355.94
258.93	47326.92
258.97	47296.35
259.02	47265.08
259.07	47240.56
259.12	47229.43
259.17	47214.05
259.22	47189.30
259.27	47164.53
259.32	47148.45
259.37	47100.96
259.42	47061.20
259.47	47017.65
259.51	46977.07
259.56	46912.76
259.61	46849.62
259.66	46767.38
259.71	46691.10
259.76	46619.26
259.81	46559.23
259.86	46519.87
259.91	46488.52
259.95	46465.88
260.00	46445.20
260.05	46425.98
260.10	46408.78
260.15	46401.16
260.20	46393.10
260.25	46379.52
260.30	46371.54
260.35	46337.15
260.40	46302.73
260.44	46275.36
260.49	46263.47
260.54	46216.47
260.59	46202.78
260.64	46188.64
260.69	46180.17
260.74	46136.70
260.79	46110.01
260.84	46056.37
260.88	46000.62
260.93	45921.11
260.98	45875.38
261.03	45831.50
261.08	45806.48
261.13	45769.30
261.18	45735.62
261.23	45680.93
261.28	45636.66
261.32	45590.92
261.37	45548.01
261.42	45517.05
261.47	45506.85
261.52	45468.47
261.57	45427.31
261.62	45395.43
261.67	45344.05
261.71	45272.91
261.76	45229.35
261.81	45178.86
261.86	45126.19
261.91	45076.16
261.96	45036.23
262.01	44993.74
262.06	44968.47
262.10	44957.07
262.15	44945.63
262.20	44930.89
262.25	44918.18
262.30	44903.75
262.35	44869.33
262.40	44836.94
262.45	44808.37
262.49	44778.61
262.54	44744.00
262.59	44716.49
262.64	44685.49
262.69	44642.89
262.74	44587.93
262.79	44529.47
262.84	44475.21
262.88	44427.92
262.93	44376.35
262.98	44344.09
263.03	44300.23
263.08	44251.41
263.13	44174.45
263.18	44118.18
263.23	44060.03
263.27	44018.87
263.32	43985.53
263.37	43979.65
263.42	43957.50
263.47	43924.38
263.52	43894.82
263.57	43858.66
263.61	43820.75
263.66	43785.43
263.71	43761.59
263.76	43723.64
263.81	43678.02
263.86	43648.11
263.91	43609.96
263.95	43545.09
264.00	43487.67
264.05	43441.15
264.10	43369.87
264.15	43298.18
264.20	43262.54
264.25	43224.42
264.29	43175.77
264.34	43128.73
264.39	43095.65
264.44	43037.71
264.49	42986.56
264.54	42942.04
264.59	42911.82
264.63	42872.89
264.68	42828.15
264.73	42785.66
264.78	42738.50
264.83	42681.31
264.88	42635.92
264.93	42612.95
264.97	42582.93
265.02	42557.70
265.07	42538.50
265.12	42497.13
265.17	42449.91
265.22	42406.80
265.27	42355.39
265.31	42295.66
265.36	42239.70
265.41	42178.96
265.46	42112.14
265.51	42040.21
265.56	41972.84
265.60	41918.80
265.65	41862.64
265.70	41817.87
265.75	41769.66
265.80	41727.63
265.85	41669.37
265.90	41613.64
265.94	41553.14
265.99	41493.47
266.04	41438.38
266.09	41393.42
266.14	41358.17
266.19	41318.64
266.23	41285.00
266.28	41240.09
266.33	41207.35
266.38	41182.54
266.43	41155.04
266.48	41142.88
266.52	41120.81
266.57	41086.96
266.62	41040.17
266.67	40998.27
266.72	40940.19
266.77	40909.26
266.81	40890.26
266.86	40865.06
266.91	40835.00
266.96	40801.21
267.01	40762.95
267.06	40704.78
267.10	40651.31
267.15	40598.40
267.20	40568.92
267.25	40531.83
267.30	40505.68
267.35	40469.37
267.39	40436.01
267.44	40388.28
267.49	40337.11
267.54	40283.42
267.59	40235.55
267.64	40185.14
267.68	40131.36
267.73	40079.02
267.78	40033.79
267.83	40008.25
267.88	39995.54
267.93	39982.09
267.97	39970.57
268.02	39935.53
268.07	39885.24
268.12	39820.36
268.17	39763.06
268.21	39711.50
268.26	39669.63
268.31	39634.91
268.36	39597.45
268.41	39554.90
268.46	39504.92
268.50	39463.74
268.55	39413.28
268.60	39347.60
268.65	39281.87
268.70	39211.81
268.74	39147.18
268.79	39071.49
268.84	39017.98
268.89	38985.47
268.94	38951.98
268.99	38909.72
269.03	38867.79
269.08	38823.42
269.13	38742.14
269.18	38663.19
269.23	38559.13
269.27	38456.65
269.32	38331.30
269.37	38210.44
269.42	38070.44
269.47	37943.77
269.51	37801.06
269.56	37659.74
269.61	37518.81
269.66	37373.38
269.71	37220.40
269.76	37078.84
269.80	36927.77
269.85	36777.76
269.90	36639.53
269.95	36497.48
270.00	36341.80
270.04	36201.21
270.09	36058.87
270.14	35913.42
270.19	35770.67
270.24	35636.71
270.28	35483.90
270.33	35311.68
270.38	35136.15
270.43	34965.03
270.48	34788.01
270.52	34631.46
270.57	34472.45
270.62	34313.26
270.67	34161.01
270.72	34002.33
270.76	33823.70
270.81	33662.99
270.86	33498.73
270.91	33313.12
270.96	33143.69
271.00	32986.51
271.05	32830.88
271.10	32687.03
271.15	32561.40
271.20	32443.20
271.24	32307.84
271.29	32172.88
271.34	32027.75
271.39	31876.13
271.44	31723.38
271.48	31590.05
271.53	31446.28
271.58	31301.41
271.63	31157.20
271.67	31010.40
271.72	30861.65
271.77	30722.40
271.82	30586.09
271.87	30448.82
271.91	30288.74
271.96	30145.08
272.01	30004.92
272.06	29874.04
272.11	29757.09
272.15	29659.67
272.20	29553.31
272.25	29455.66
272.30	29357.28
272.35	29245.69
272.39	29136.14
272.44	29015.45
272.49	28881.68
272.54	28739.44
272.58	28595.28
272.63	28442.46
272.68	28293.69
272.73	28132.19
272.78	27958.63
272.82	27761.28
272.87	27542.84
272.92	27259.02
272.97	26739.93
273.01	23797.00
273.06	18871.45
273.11	13440.30
273.16	8108.60
273.21	3052.18
273.25	460.64
273.30	-89.27
273.35	-89.55
