165.32	3385.30
165.38	-248.38
165.44	597.25
165.50	-76.57
165.55	-16.87
165.61	6.28
165.67	35.10
165.72	44.81
165.78	50.80
165.84	49.71
165.89	46.83
165.95	46.02
166.01	45.27
166.06	46.82
166.12	49.39
166.18	47.72
166.23	49.07
166.29	48.39
166.35	44.96
166.40	43.85
166.46	50.44
166.52	52.69
166.57	53.83
166.63	54.71
166.69	56.97
166.74	50.70
166.80	51.53
166.86	53.38
166.91	53.98
166.97	48.31
167.03	51.36
167.08	45.48
167.14	44.36
167.20	42.61
167.25	55.23
167.31	55.39
167.37	61.19
167.42	63.15
167.48	69.32
167.54	63.88
167.59	63.43
167.65	58.82
167.71	58.83
167.76	57.86
167.82	53.24
167.88	52.75
167.93	60.52
167.99	59.19
168.05	60.80
168.10	68.60
168.16	67.97
168.21	66.12
168.27	70.57
168.33	72.16
168.38	64.65
168.44	69.09
168.50	67.34
168.55	65.72
168.61	66.39
168.67	68.87
168.72	66.14
168.78	66.67
168.84	62.78
168.89	61.52
168.95	62.01
169.01	61.72
169.06	61.01
169.12	60.31
169.18	58.45
169.23	58.24
169.29	62.52
169.34	66.77
169.40	69.57
169.46	74.00
169.51	76.26
169.57	71.74
169.63	67.85
169.68	72.73
169.74	68.90
169.80	74.47
169.85	76.02
169.91	79.78
169.97	75.58
170.02	75.62
170.08	74.58
170.13	74.45
170.19	74.21
170.25	75.65
170.30	79.69
170.36	71.84
170.42	74.45
170.47	75.61
170.53	77.35
170.59	74.10
170.64	77.12
170.70	75.09
170.76	72.35
170.81	73.88
170.87	73.70
170.92	75.00
170.98	78.03
171.04	80.55
171.09	76.87
171.15	83.98
171.21	84.79
171.26	81.70
171.32	79.01
171.37	81.84
171.43	76.91
171.49	81.54
171.54	85.30
171.60	87.23
171.66	89.49
171.71	89.57
171.77	87.00
171.83	92.60
171.88	91.79
171.94	91.00
171.99	95.67
172.05	94.73
172.11	95.18
172.16	103.32
172.22	103.60
172.28	104.19
172.33	102.40
172.39	99.55
172.44	96.77
172.50	102.86
172.56	101.90
172.61	109.82
172.67	109.49
172.72	108.39
172.78	103.14
172.84	98.24
172.89	91.62
172.95	90.63
173.01	92.40
173.06	90.64
173.12	96.52
173.17	98.71
173.23	98.49
173.29	98.87
173.34	100.55
173.40	94.86
173.46	95.05
173.51	97.59
173.57	97.33
173.62	92.67
173.68	99.17
173.74	97.68
173.79	99.48
173.85	96.70
173.90	98.35
173.96	95.05
174.02	92.76
174.07	84.43
174.13	83.60
174.18	86.31
174.24	79.58
174.30	79.81
174.35	85.51
174.41	82.73
174.47	77.03
174.52	78.02
174.58	76.69
174.63	71.93
174.69	71.19
174.75	72.81
174.80	83.93
174.86	81.72
174.91	83.03
174.97	82.94
175.03	80.50
175.08	68.58
175.14	75.05
175.19	71.09
175.25	71.43
175.31	75.57
175.36	76.81
175.42	73.79
175.47	78.24
175.53	78.84
175.59	75.75
175.64	77.82
175.70	76.05
175.75	71.61
175.81	70.00
175.87	71.31
175.92	67.06
175.98	68.33
176.03	68.32
176.09	68.93
176.15	68.81
176.20	69.86
176.26	70.11
176.31	73.43
176.37	70.88
176.42	71.48
176.48	75.08
176.54	72.54
176.59	69.85
176.65	72.48
176.70	74.20
176.76	73.46
176.82	71.72
176.87	68.40
176.93	68.01
176.98	66.64
177.04	61.85
177.10	66.66
177.15	68.04
177.21	69.04
177.26	68.03
177.32	71.51
177.37	72.95
177.43	76.62
177.49	73.45
177.54	70.89
177.60	71.54
177.65	72.11
177.71	67.00
177.77	69.85
177.82	71.58
177.88	75.30
177.93	70.72
177.99	77.21
178.04	72.65
178.10	72.94
178.16	66.67
178.21	67.68
178.27	64.75
178.32	68.92
178.38	68.28
178.43	69.47
178.49	69.62
178.55	68.85
178.60	67.45
178.66	66.54
178.71	68.24
178.77	65.49
178.82	66.65
178.88	66.55
178.94	67.19
178.99	68.24
179.05	73.10
179.10	69.24
179.16	72.10
179.21	74.20
179.27	72.85
179.33	68.59
179.38	72.03
179.44	70.51
179.49	70.58
179.55	68.83
179.60	68.68
179.66	67.59
179.72	69.91
179.77	67.28
179.83	66.31
179.88	68.05
179.94	69.79
179.99	65.38
180.05	66.15
180.11	66.50
180.16	69.18
180.22	70.95
180.27	76.08
180.33	76.74
180.38	81.32
180.44	76.82
180.49	76.88
180.55	74.88
180.61	78.99
180.66	73.90
180.72	71.98
180.77	69.92
180.83	69.46
180.88	66.53
180.94	66.00
180.99	70.18
181.05	70.38
181.11	71.22
181.16	71.32
181.22	73.00
181.27	74.86
181.33	73.60
181.38	70.90
181.44	71.92
181.49	76.10
181.55	76.43
181.61	82.65
181.66	85.40
181.72	83.18
181.77	80.67
181.83	78.44
181.88	83.14
181.94	84.28
181.99	89.10
182.05	89.68
182.11	90.22
182.16	81.01
182.22	78.87
182.27	74.10
182.33	75.83
182.38	75.62
182.44	80.44
182.49	82.52
182.55	85.17
182.60	84.65
182.66	88.01
182.72	90.09
182.77	92.30
182.83	95.24
182.88	99.00
182.94	100.22
182.99	97.62
183.05	96.48
183.10	98.74
183.16	97.21
183.21	98.19
183.27	104.68
183.32	107.87
183.38	109.67
183.44	115.70
183.49	119.02
183.55	119.35
183.60	124.57
183.66	129.79
183.71	136.84
183.77	143.12
183.82	150.49
183.88	159.95
183.93	169.76
183.99	182.11
184.04	197.64
184.10	208.84
184.15	219.11
184.21	231.42
184.27	232.34
184.32	233.20
184.38	232.98
184.43	230.78
184.49	216.89
184.54	204.20
184.60	198.39
184.65	187.23
184.71	179.48
184.76	181.33
184.82	197.65
184.87	211.89
184.93	234.00
184.98	259.53
185.04	288.60
185.09	310.38
185.15	333.95
185.20	364.28
185.26	395.89
185.31	422.06
185.37	448.22
185.43	467.22
185.48	484.61
185.54	506.82
185.59	531.06
185.65	554.65
185.70	593.61
185.76	636.96
185.81	669.22
185.87	705.34
185.92	748.48
185.98	782.12
186.03	799.05
186.09	803.60
186.14	781.20
186.20	731.84
186.25	653.58
186.31	574.54
186.36	511.66
186.42	485.11
186.47	496.10
186.53	542.12
186.58	608.95
186.64	681.22
186.69	752.53
186.75	811.87
186.80	870.10
186.86	927.67
186.91	986.70
186.97	1041.51
187.02	1112.44
187.08	1180.55
187.13	1241.75
187.19	1309.64
187.24	1381.40
187.30	1435.91
187.35	1494.27
187.41	1566.61
187.47	1636.13
187.52	1694.26
187.58	1755.10
187.63	1819.93
187.69	1882.73
187.74	1932.81
187.80	1981.28
187.85	2026.10
187.91	2050.17
187.96	2038.70
188.02	1978.76
188.07	1869.90
188.13	1709.72
188.18	1540.91
188.24	1413.11
188.29	1351.09
188.35	1357.85
188.40	1436.03
188.46	1560.91
188.51	1684.63
188.57	1811.37
188.62	1932.42
188.67	2046.80
188.73	2154.34
188.78	2257.62
188.84	2355.98
188.89	2458.71
188.95	2561.73
189.00	2648.64
189.06	2746.83
189.11	2842.71
189.17	2925.20
189.22	2997.51
189.28	3084.74
189.33	3159.25
189.39	3223.63
189.44	3288.92
189.50	3364.20
189.55	3435.75
189.61	3489.32
189.66	3548.67
189.72	3607.73
189.77	3660.46
189.83	3686.33
189.88	3697.99
189.94	3667.60
189.99	3589.62
190.05	3438.60
190.10	3227.33
190.16	2981.64
190.21	2766.95
190.27	2627.99
190.32	2595.91
190.38	2670.66
190.43	2828.12
190.49	3015.30
190.54	3188.01
190.60	3344.66
190.65	3483.92
190.71	3613.89
190.76	3740.40
190.81	3864.93
190.87	3982.14
190.92	4105.41
190.98	4219.69
191.03	4325.30
191.09	4434.35
191.14	4536.15
191.20	4624.14
191.25	4719.43
191.31	4816.25
191.36	4902.51
191.42	4985.01
191.47	5070.05
191.53	5154.60
191.58	5227.64
191.64	5289.83
191.69	5349.43
191.75	5391.76
191.80	5422.08
191.85	5439.51
191.91	5459.11
191.96	5476.34
192.02	5505.15
192.07	5520.19
192.13	5517.04
192.18	5471.91
192.24	5362.89
192.29	5173.60
192.35	4953.65
192.40	4771.89
192.46	4663.16
192.51	4654.86
192.57	4746.50
192.62	4918.00
192.67	5100.97
192.73	5279.99
192.78	5443.66
192.84	5594.82
192.89	5731.77
192.95	5862.70
193.00	5972.97
193.06	6082.51
193.11	6187.64
193.17	6274.03
193.22	6354.60
193.28	6448.23
193.33	6518.82
193.38	6584.75
193.44	6656.03
193.49	6731.23
193.55	6785.20
193.60	6843.18
193.66	6897.53
193.71	6942.74
193.77	6965.15
193.82	6988.57
193.88	7007.07
193.93	7032.68
193.98	7057.01
194.04	7100.60
194.09	7147.13
194.15	7199.95
194.20	7246.59
194.26	7293.15
194.31	7333.54
194.37	7359.76
194.42	7367.97
194.47	7355.12
194.53	7315.45
194.58	7227.93
194.64	7119.56
194.69	7023.64
194.75	6958.42
194.80	6940.00
194.86	6978.57
194.91	7072.65
194.97	7179.52
195.02	7288.99
195.07	7395.20
195.13	7502.27
195.18	7613.01
195.24	7721.90
195.29	7833.66
195.35	7936.98
195.40	8043.51
195.46	8127.66
195.51	8213.30
195.56	8289.94
195.62	8360.63
195.67	8420.84
195.73	8484.84
195.78	8536.27
195.84	8581.13
195.89	8616.81
195.94	8650.60
196.00	8683.04
196.05	8717.47
196.11	8759.87
196.16	8807.64
196.22	8858.00
196.27	8911.00
196.32	8963.07
196.38	9009.12
196.43	9055.76
196.49	9095.33
196.54	9131.21
196.60	9172.16
196.65	9212.81
196.71	9256.76
196.76	9302.67
196.81	9341.84
196.87	9377.21
196.92	9406.85
196.98	9425.94
197.03	9431.37
197.09	9425.96
197.14	9418.75
197.19	9415.09
197.25	9428.78
197.30	9458.90
197.36	9512.75
197.41	9576.58
197.47	9641.47
197.52	9702.39
197.57	9764.76
197.63	9815.71
197.68	9867.91
197.74	9920.25
197.79	9965.71
197.84	10011.65
197.90	10063.47
197.95	10103.63
198.01	10145.00
198.06	10189.37
198.12	10235.42
198.17	10267.91
198.22	10309.28
198.28	10349.90
198.33	10391.08
198.39	10428.04
198.44	10480.14
198.49	10526.56
198.55	10571.10
198.60	10616.38
198.66	10660.52
198.71	10707.20
198.77	10754.67
198.82	10803.61
198.87	10850.90
198.93	10898.69
198.98	10941.55
199.04	10986.25
199.09	11028.51
199.14	11074.47
199.20	11119.10
199.25	11160.73
199.31	11202.58
199.36	11249.22
199.42	11287.49
199.47	11326.72
199.52	11363.38
199.58	11401.03
199.63	11425.80
199.69	11457.74
199.74	11489.38
199.79	11516.21
199.85	11545.78
199.90	11589.44
199.96	11627.53
200.01	11671.48
200.06	11725.69
200.12	11775.25
200.17	11820.51
200.23	11876.46
200.28	11918.70
200.33	11967.76
200.39	12010.15
200.44	12054.04
200.50	12094.44
200.55	12134.61
200.60	12170.48
200.66	12210.68
200.71	12246.49
200.77	12285.42
200.82	12325.35
200.87	12363.00
200.93	12397.35
200.98	12437.68
201.04	12474.19
201.09	12522.92
201.14	12575.11
201.20	12627.49
201.25	12683.61
201.31	12738.06
201.36	12793.08
201.41	12846.64
201.47	12904.21
201.52	12955.33
201.58	13017.49
201.63	13069.37
201.68	13118.27
201.74	13162.65
201.79	13213.70
201.84	13263.83
201.90	13307.49
201.95	13360.01
202.01	13419.61
202.06	13471.59
202.11	13511.08
202.17	13562.20
202.22	13603.79
202.28	13643.75
202.33	13683.70
202.38	13723.89
202.44	13764.39
202.49	13808.99
202.54	13853.01
202.60	13900.29
202.65	13943.79
202.71	13988.37
202.76	14024.98
202.81	14066.12
202.87	14110.46
202.92	14164.17
202.98	14216.70
203.03	14276.87
203.08	14333.16
203.14	14389.18
203.19	14443.78
203.24	14500.86
203.30	14548.30
203.35	14595.82
203.41	14639.18
203.46	14681.09
203.51	14720.28
203.57	14762.11
203.62	14813.22
203.67	14866.84
203.73	14918.65
203.78	14966.12
203.84	15024.78
203.89	15068.22
203.94	15111.55
204.00	15157.70
204.05	15211.22
204.10	15250.85
204.16	15291.75
204.21	15335.99
204.27	15372.97
204.32	15407.51
204.37	15456.09
204.43	15504.98
204.48	15550.70
204.53	15601.99
204.59	15657.32
204.64	15709.79
204.69	15772.13
204.75	15829.88
204.80	15890.22
204.86	15946.17
204.91	16000.86
204.96	16058.88
205.02	16114.68
205.07	16174.26
205.12	16234.13
205.18	16298.16
205.23	16347.79
205.28	16410.74
205.34	16465.96
205.39	16523.09
205.45	16578.51
205.50	16640.14
205.55	16697.07
205.61	16757.67
205.66	16814.20
205.71	16876.83
205.77	16938.73
205.82	16999.02
205.87	17055.69
205.93	17112.72
205.98	17159.48
206.03	17195.51
206.09	17242.44
206.14	17290.75
206.20	17337.26
206.25	17389.42
206.30	17456.16
206.36	17511.24
206.41	17573.46
206.46	17634.29
206.52	17686.56
206.57	17738.62
206.62	17782.13
206.68	17820.48
206.73	17865.80
206.78	17925.30
206.84	17979.11
206.89	18036.89
206.94	18098.61
207.00	18167.17
207.05	18227.13
207.11	18285.37
207.16	18347.33
207.21	18417.41
207.27	18470.97
207.32	18524.49
207.37	18586.49
207.43	18643.36
207.48	18684.67
207.53	18735.39
207.59	18789.46
207.64	18844.50
207.69	18916.24
207.75	18986.06
207.80	19047.82
207.85	19106.32
207.91	19160.45
207.96	19203.74
208.01	19260.61
208.07	19318.07
208.12	19376.21
208.17	19428.19
208.23	19480.36
208.28	19524.91
208.33	19581.37
208.39	19643.33
208.44	19710.76
208.49	19768.96
208.55	19831.12
208.60	19888.47
208.65	19936.12
208.71	19985.76
208.76	20039.05
208.81	20101.65
208.87	20164.23
208.92	20221.89
208.97	20287.73
209.03	20361.08
209.08	20417.98
209.13	20477.21
209.19	20549.07
209.24	20598.20
209.29	20656.46
209.35	20713.60
209.40	20777.03
209.45	20831.59
209.51	20900.75
209.56	20964.39
209.61	21027.63
209.67	21088.39
209.72	21150.33
209.77	21206.81
209.83	21263.64
209.88	21333.98
209.93	21395.28
209.99	21461.78
210.04	21531.87
210.09	21599.89
210.15	21656.41
210.20	21715.94
210.25	21775.14
210.31	21838.84
210.36	21883.84
210.41	21938.49
210.46	22000.87
210.52	22055.61
210.57	22102.24
210.62	22166.35
210.68	22232.00
210.73	22279.94
210.78	22337.77
210.84	22402.15
210.89	22460.98
210.94	22509.64
211.00	22570.88
211.05	22626.67
211.10	22685.55
211.16	22743.54
211.21	22807.83
211.26	22873.12
211.32	22947.41
211.37	23011.83
211.42	23080.17
211.47	23149.12
211.53	23213.58
211.58	23270.81
211.63	23332.86
211.69	23391.16
211.74	23445.57
211.79	23498.28
211.85	23553.28
211.90	23613.25
211.95	23677.10
212.01	23738.53
212.06	23812.15
212.11	23887.28
212.16	23961.20
212.22	24035.66
212.27	24109.80
212.32	24174.76
212.38	24242.06
212.43	24303.87
212.48	24368.10
212.54	24439.85
212.59	24512.15
212.64	24580.19
212.69	24642.86
212.75	24709.18
212.80	24771.99
212.85	24835.15
212.91	24885.56
212.96	24947.58
213.01	25006.15
213.07	25063.00
213.12	25125.56
213.17	25195.96
213.22	25257.01
213.28	25313.91
213.33	25366.60
213.38	25417.63
213.44	25473.57
213.49	25543.51
213.54	25619.12
213.60	25703.95
213.65	25788.84
213.70	25872.75
213.75	25940.20
213.81	26000.56
213.86	26064.11
213.91	26117.50
213.97	26168.41
214.02	26218.70
214.07	26271.52
214.12	26318.35
214.18	26374.81
214.23	26437.13
214.28	26507.35
214.34	26575.60
214.39	26644.01
214.44	26708.23
214.49	26761.35
214.55	26806.05
214.60	26855.65
214.65	26907.44
214.71	26948.88
214.76	27006.23
214.81	27075.20
214.86	27160.36
214.92	27228.62
214.97	27312.31
215.02	27385.50
215.08	27461.43
215.13	27524.44
215.18	27595.04
215.23	27663.33
215.29	27736.92
215.34	27806.59
215.39	27882.66
215.45	27962.48
215.50	28043.32
215.55	28123.45
215.60	28192.03
215.66	28240.23
215.71	28302.09
215.76	28360.62
215.81	28406.60
215.87	28458.88
215.92	28522.25
215.97	28572.14
216.03	28626.02
216.08	28685.58
216.13	28749.79
216.18	28808.55
216.24	28868.82
216.29	28925.18
216.34	28985.60
216.39	29046.52
216.45	29107.70
216.50	29166.06
216.55	29226.11
216.61	29295.93
216.66	29359.44
216.71	29422.40
216.76	29485.68
216.82	29564.82
216.87	29632.74
216.92	29699.81
216.97	29764.25
217.03	29837.11
217.08	29907.31
217.13	29981.73
217.18	30055.44
217.24	30128.91
217.29	30197.70
217.34	30239.18
217.39	30284.56
217.45	30332.53
217.50	30381.52
217.55	30435.63
217.61	30509.22
217.66	30574.25
217.71	30640.69
217.76	30720.68
217.82	30800.93
217.87	30873.12
217.92	30944.85
217.97	31008.94
218.03	31064.91
218.08	31105.36
218.13	31151.90
218.18	31199.15
218.24	31273.99
218.29	31332.33
218.34	31405.20
218.39	31469.53
218.45	31539.34
218.50	31588.48
218.55	31656.51
218.60	31712.76
218.66	31766.63
218.71	31826.37
218.76	31888.56
218.81	31946.25
218.87	32004.45
218.92	32074.32
218.97	32142.68
219.02	32212.86
219.08	32285.12
219.13	32360.67
219.18	32424.55
219.23	32484.15
219.29	32542.57
219.34	32604.31
219.39	32670.99
219.44	32738.24
219.50	32810.22
219.55	32878.89
219.60	32944.69
219.65	33008.35
219.71	33072.90
219.76	33119.31
219.81	33170.96
219.86	33225.82
219.92	33273.66
219.97	33330.25
220.02	33390.75
220.07	33453.46
220.13	33506.78
220.18	33577.30
220.23	33647.70
220.28	33725.31
220.33	33805.35
220.39	33868.30
220.44	33920.50
220.49	33973.53
220.54	34024.56
220.60	34068.60
220.65	34140.86
220.70	34212.97
220.75	34285.53
220.81	34365.75
220.86	34446.50
220.91	34511.96
220.96	34579.76
221.02	34643.73
221.07	34707.43
221.12	34759.71
221.17	34812.60
221.22	34870.04
221.28	34928.43
221.33	34986.48
221.38	35046.78
221.43	35121.21
221.49	35187.82
221.54	35253.40
221.59	35313.30
221.64	35400.29
221.69	35490.99
221.75	35587.59
221.80	35688.70
221.85	35767.09
221.90	35828.14
221.96	35882.12
222.01	35912.77
222.06	35946.14
222.11	36000.92
222.17	36044.47
222.22	36064.80
222.27	36118.82
222.32	36164.59
222.37	36217.57
222.43	36280.96
222.48	36363.39
222.53	36433.64
222.58	36515.85
222.63	36581.42
222.69	36645.40
222.74	36715.36
222.79	36778.87
222.84	36820.31
222.90	36874.70
222.95	36929.21
223.00	36966.45
223.05	37016.65
223.10	37076.13
223.16	37130.60
223.21	37180.73
223.26	37233.51
223.31	37273.22
223.36	37314.79
223.42	37353.22
223.47	37383.98
223.52	37432.65
223.57	37481.01
223.63	37530.32
223.68	37583.85
223.73	37660.59
223.78	37729.91
223.83	37795.98
223.89	37848.16
223.94	37910.64
223.99	37967.30
224.04	38040.79
224.09	38121.18
224.15	38218.99
224.20	38307.92
224.25	38401.45
224.30	38482.82
224.35	38572.99
224.41	38669.28
224.46	38763.06
224.51	38843.81
224.56	38923.84
224.61	38998.10
224.67	39070.10
224.72	39137.38
224.77	39233.77
224.82	39331.88
224.87	39417.77
224.93	39492.59
224.98	39589.63
225.03	39674.99
225.08	39758.28
225.13	39849.35
225.19	39950.26
225.24	40043.48
225.29	40119.25
225.34	40200.58
225.39	40281.15
225.45	40359.16
225.50	40428.32
225.55	40513.65
225.60	40603.45
225.65	40697.71
225.71	40799.56
225.76	40902.04
225.81	40993.98
225.86	41082.44
225.91	41178.61
225.97	41258.27
226.02	41342.35
226.07	41421.13
226.12	41489.23
226.17	41536.21
226.22	41608.62
226.28	41679.00
226.33	41764.14
226.38	41839.88
226.43	41926.97
226.48	41987.30
226.54	42049.44
226.59	42117.67
226.64	42192.76
226.69	42267.60
226.74	42344.58
226.80	42417.70
226.85	42469.59
226.90	42516.51
226.95	42570.98
227.00	42632.25
227.05	42706.32
227.11	42793.71
227.16	42882.23
227.21	42964.95
227.26	43051.67
227.31	43128.77
227.37	43181.57
227.42	43259.98
227.47	43340.86
227.52	43410.36
227.57	43466.82
227.62	43561.01
227.68	43633.30
227.73	43709.11
227.78	43782.98
227.83	43869.51
227.88	43935.96
227.93	44008.16
227.99	44086.14
228.04	44168.86
228.09	44246.11
228.14	44317.53
228.19	44394.31
228.24	44453.84
228.30	44521.44
228.35	44583.76
228.40	44653.22
228.45	44707.46
228.50	44774.61
228.56	44837.37
228.61	44894.95
228.66	44944.33
228.71	45006.13
228.76	45055.08
228.81	45098.96
228.87	45149.30
228.92	45218.86
228.97	45280.25
229.02	45373.08
229.07	45453.88
229.12	45545.67
229.17	45620.52
229.23	45702.11
229.28	45767.97
229.33	45842.80
229.38	45917.34
229.43	45990.46
229.48	46068.16
229.54	46137.32
229.59	46207.05
229.64	46277.17
229.69	46361.34
229.74	46437.10
229.79	46504.15
229.85	46575.74
229.90	46643.95
229.95	46694.80
230.00	46753.11
230.05	46833.37
230.10	46911.84
230.16	46976.00
230.21	47043.97
230.26	47103.40
230.31	47140.82
230.36	47191.69
230.41	47254.51
230.46	47334.90
230.52	47423.59
230.57	47510.44
230.62	47590.80
230.67	47655.14
230.72	47710.83
230.77	47757.30
230.82	47807.60
230.88	47842.17
230.93	47893.49
230.98	47936.05
231.03	47994.42
231.08	48050.85
231.13	48105.62
231.19	48177.09
231.24	48263.20
231.29	48335.29
231.34	48399.46
231.39	48473.99
231.44	48539.97
231.49	48580.41
231.55	48620.67
231.60	48665.30
231.65	48724.92
231.70	48766.08
231.75	48818.80
231.80	48873.20
231.85	48939.27
231.91	48975.65
231.96	49020.54
232.01	49078.40
232.06	49140.11
232.11	49194.71
232.16	49271.27
232.21	49360.75
232.26	49443.39
232.32	49527.28
232.37	49608.10
232.42	49677.25
232.47	49724.40
232.52	49773.72
232.57	49826.74
232.62	49881.03
232.68	49941.50
232.73	50015.87
232.78	50092.98
232.83	50159.67
232.88	50229.37
232.93	50307.03
232.98	50377.13
233.03	50429.46
233.09	50490.58
233.14	50564.06
233.19	50621.96
233.24	50671.92
233.29	50721.72
233.34	50750.54
233.39	50768.02
233.45	50793.37
233.50	50836.81
233.55	50880.50
233.60	50955.79
233.65	51019.99
233.70	51085.45
233.75	51131.12
233.80	51185.78
233.86	51233.73
233.91	51285.08
233.96	51322.03
234.01	51373.78
234.06	51438.20
234.11	51492.28
234.16	51547.32
234.21	51617.62
234.26	51666.38
234.32	51698.20
234.37	51733.21
234.42	51777.17
234.47	51792.09
234.52	51824.96
234.57	51865.93
234.62	51908.39
234.67	51943.47
234.73	52009.38
234.78	52066.82
234.83	52110.90
234.88	52151.87
234.93	52195.88
234.98	52237.25
235.03	52280.35
235.08	52345.82
235.13	52401.89
235.19	52469.16
235.24	52517.13
235.29	52580.00
235.34	52626.40
235.39	52668.57
235.44	52703.76
235.49	52749.10
235.54	52780.96
235.59	52799.59
235.65	52835.62
235.70	52866.88
235.75	52902.36
235.80	52953.48
235.85	53009.87
235.90	53047.98
235.95	53080.03
236.00	53110.54
236.05	53133.76
236.11	53158.62
236.16	53192.71
236.21	53240.85
236.26	53280.99
236.31	53311.15
236.36	53337.59
236.41	53357.42
236.46	53357.72
236.51	53376.19
236.56	53396.43
236.62	53422.27
236.67	53461.75
236.72	53510.73
236.77	53534.15
236.82	53570.25
236.87	53598.06
236.92	53615.05
236.97	53649.89
237.02	53697.31
237.07	53747.63
237.13	53810.75
237.18	53872.12
237.23	53913.88
237.28	53960.20
237.33	53995.56
237.38	54018.05
237.43	54047.85
237.48	54057.24
237.53	54069.03
237.58	54102.23
237.63	54143.90
237.69	54174.62
237.74	54226.35
237.79	54273.57
237.84	54284.60
237.89	54286.22
237.94	54299.55
237.99	54323.34
238.04	54334.02
238.09	54356.02
238.14	54386.70
238.19	54406.92
238.25	54422.09
238.30	54421.56
238.35	54415.15
238.40	54416.26
238.45	54414.56
238.50	54415.30
238.55	54437.66
238.60	54477.19
238.65	54503.30
238.70	54525.23
238.75	54541.15
238.80	54562.55
238.86	54568.03
238.91	54583.58
238.96	54620.80
239.01	54657.02
239.06	54680.71
239.11	54715.90
239.16	54743.35
239.21	54739.17
239.26	54724.63
239.31	54738.05
239.36	54741.79
239.41	54754.87
239.46	54787.87
239.52	54827.66
239.57	54843.42
239.62	54859.48
239.67	54878.16
239.72	54889.32
239.77	54901.81
239.82	54924.07
239.87	54941.15
239.92	54945.25
239.97	54946.63
240.02	54933.85
240.07	54916.91
240.12	54918.71
240.17	54924.13
240.23	54930.74
240.28	54935.40
240.33	54949.05
240.38	54937.19
240.43	54935.33
240.48	54954.05
240.53	54987.15
240.58	55008.83
240.63	55048.77
240.68	55057.49
240.73	55049.50
240.78	55041.92
240.83	55036.10
240.88	55010.85
240.93	55009.12
240.98	55006.32
241.04	55018.60
241.09	55040.78
241.14	55068.30
241.19	55102.87
241.24	55141.64
241.29	55159.88
241.34	55170.13
241.39	55185.77
241.44	55195.38
241.49	55194.65
241.54	55191.81
241.59	55194.05
241.64	55194.20
241.69	55185.36
241.74	55168.24
241.79	55160.55
241.84	55140.83
241.90	55123.24
241.95	55100.28
242.00	55088.18
242.05	55066.50
242.10	55056.20
242.15	55039.44
242.20	55026.36
242.25	55021.31
242.30	55021.19
242.35	55013.39
242.40	55012.81
242.45	55014.74
242.50	55002.58
242.55	54996.53
242.60	54993.40
242.65	54982.55
242.70	54991.83
242.75	55010.23
242.80	55049.88
242.85	55079.21
242.91	55104.22
242.96	55090.78
243.01	55083.53
243.06	55052.22
243.11	55018.85
243.16	54995.93
243.21	54999.43
243.26	54999.28
243.31	55012.60
243.36	55030.46
243.41	55046.04
243.46	55042.17
243.51	55015.56
243.56	54953.42
243.61	54893.45
243.66	54850.85
243.71	54819.96
243.76	54816.48
243.81	54838.36
243.86	54843.28
243.91	54849.73
243.96	54851.33
244.01	54832.43
244.06	54809.35
244.12	54805.52
244.17	54783.78
244.22	54776.08
244.27	54801.00
244.32	54830.89
244.37	54838.39
244.42	54845.62
244.47	54842.61
244.52	54819.68
244.57	54785.29
244.62	54774.26
244.67	54761.08
244.72	54740.70
244.77	54731.69
244.82	54743.94
244.87	54771.52
244.92	54797.25
244.97	54824.29
245.02	54824.09
245.07	54800.25
245.12	54778.20
245.17	54752.30
245.22	54737.92
245.27	54735.80
245.32	54704.90
245.37	54659.44
245.42	54618.94
245.47	54576.75
245.52	54530.80
245.57	54529.28
245.62	54514.95
245.67	54509.20
245.72	54495.52
245.77	54473.12
245.82	54450.05
245.87	54452.47
245.92	54454.51
245.98	54449.43
246.03	54462.31
246.08	54464.97
246.13	54460.21
246.18	54458.62
246.23	54452.89
246.28	54433.21
246.33	54422.50
246.38	54391.98
246.43	54362.24
246.48	54347.27
246.53	54355.30
246.58	54361.73
246.63	54372.45
246.68	54356.67
246.73	54342.35
246.78	54312.41
246.83	54255.77
246.88	54196.01
246.93	54154.28
246.98	54105.64
247.03	54073.95
247.08	54066.19
247.13	54063.80
247.18	54064.02
247.23	54092.87
247.28	54101.54
247.33	54087.73
247.38	54067.66
247.43	54050.79
247.48	54022.44
247.53	53984.36
247.58	53943.23
247.63	53917.66
247.68	53875.21
247.73	53823.02
247.78	53782.40
247.83	53763.47
247.88	53738.70
247.93	53734.84
247.98	53729.34
248.03	53736.68
248.08	53747.37
248.13	53749.78
248.18	53738.23
248.23	53731.45
248.28	53703.23
248.33	53663.64
248.38	53630.16
248.43	53607.85
248.48	53585.04
248.53	53571.71
248.58	53562.21
248.63	53553.84
248.68	53532.46
248.73	53503.71
248.78	53471.73
248.83	53417.99
248.88	53351.88
248.93	53285.01
248.98	53220.57
249.03	53178.18
249.08	53153.55
249.13	53153.50
249.18	53153.74
249.23	53163.96
249.28	53151.65
249.33	53155.47
249.38	53139.64
249.43	53119.58
249.48	53093.68
249.53	53086.17
249.58	53052.88
249.63	53032.65
249.68	53021.72
249.73	53007.23
249.78	52977.97
249.83	52985.05
249.88	52961.50
249.93	52944.76
249.98	52933.32
250.03	52930.67
250.08	52891.26
250.13	52878.73
250.18	52853.62
250.23	52811.48
250.28	52762.30
250.33	52718.43
250.37	52672.09
250.42	52637.99
250.47	52607.86
250.52	52589.64
250.57	52568.21
250.62	52534.34
250.67	52490.32
250.72	52475.20
250.77	52433.12
250.82	52418.03
250.87	52420.70
250.92	52420.90
250.97	52394.04
251.02	52393.11
251.07	52388.01
251.12	52366.48
251.17	52335.03
251.22	52306.46
251.27	52258.14
251.32	52208.55
251.37	52157.90
251.42	52104.41
251.47	52065.51
251.52	52051.60
251.57	52033.71
251.62	52022.72
251.67	52021.18
251.72	52004.95
251.77	51972.14
251.82	51927.54
251.87	51877.61
251.92	51832.67
251.97	51776.42
252.02	51733.33
252.07	51707.37
252.12	51692.75
252.16	51675.35
252.21	51674.29
252.26	51679.21
252.31	51673.50
252.36	51661.66
252.41	51648.74
252.46	51629.67
252.51	51597.60
252.56	51562.60
252.61	51541.24
252.66	51514.44
252.71	51490.48
252.76	51458.92
252.81	51414.30
252.86	51354.15
252.91	51299.27
252.96	51236.17
253.01	51167.98
253.06	51117.67
253.11	51075.76
253.16	51038.57
253.21	50993.09
253.26	50965.15
253.31	50941.53
253.36	50914.28
253.40	50888.76
253.45	50881.60
253.50	50849.54
253.55	50807.57
253.60	50765.89
253.65	50723.47
253.70	50686.47
253.75	50659.87
253.80	50639.63
253.85	50635.74
253.90	50637.69
253.95	50629.17
254.00	50635.16
254.05	50623.23
254.10	50585.17
254.15	50545.64
254.20	50512.29
254.25	50468.15
254.30	50440.72
254.35	50410.32
254.39	50347.95
254.44	50271.36
254.49	50195.31
254.54	50150.05
254.59	50119.80
254.64	50112.79
254.69	50111.10
254.74	50119.44
254.79	50098.85
254.84	50064.60
254.89	50036.31
254.94	50020.11
254.99	49997.86
255.04	49980.09
255.09	49969.69
255.14	49950.38
255.19	49934.59
255.23	49933.40
255.28	49923.13
255.33	49908.96
255.38	49895.45
255.43	49874.46
255.48	49838.63
255.53	49796.90
255.58	49767.39
255.63	49729.10
255.68	49689.75
255.73	49644.44
255.78	49616.64
255.83	49591.61
255.88	49573.29
255.93	49545.91
255.97	49525.85
256.02	49491.17
256.07	49444.37
256.12	49378.20
256.17	49328.18
256.22	49280.04
256.27	49232.60
256.32	49181.76
256.37	49170.52
256.42	49152.04
256.47	49121.98
256.52	49099.41
256.57	49086.35
256.62	49067.34
256.66	49049.47
256.71	49026.53
256.76	48979.62
256.81	48927.39
256.86	48872.79
256.91	48821.77
256.96	48775.10
257.01	48755.36
257.06	48735.33
257.11	48697.77
257.16	48652.35
257.21	48612.78
257.26	48576.28
257.30	48541.68
257.35	48507.94
257.40	48475.84
257.45	48459.70
257.50	48425.42
257.55	48383.46
257.60	48361.71
257.65	48344.90
257.70	48309.04
257.75	48281.70
257.80	48252.00
257.85	48221.42
257.89	48171.90
257.94	48112.42
257.99	48045.30
258.04	47994.40
258.09	47948.06
258.14	47923.94
258.19	47909.09
258.24	47892.49
258.29	47858.48
258.34	47813.97
258.39	47773.68
258.44	47721.64
258.48	47663.56
258.53	47626.06
258.58	47585.48
258.63	47536.68
258.68	47490.76
258.73	47462.03
258.78	47431.59
258.83	47399.17
258.88	47359.79
258.93	47329.27
258.97	47298.81
259.02	47263.40
259.07	47233.39
259.12	47218.33
259.17	47195.99
259.22	47177.05
259.27	47155.73
259.32	47131.00
259.37	47079.86
259.42	47044.44
259.47	47000.76
259.51	46944.66
259.56	46884.89
259.61	46822.24
259.66	46742.65
259.71	46670.98
259.76	46611.76
259.81	46557.30
259.86	46521.51
259.91	46492.37
259.95	46471.91
260.00	46446.71
260.05	46428.84
260.10	46405.30
260.15	46387.80
260.20	46366.29
260.25	46363.95
260.30	46348.85
260.35	46319.53
260.40	46294.76
260.44	46271.99
260.49	46242.24
260.54	46209.68
260.59	46191.87
260.64	46181.43
260.69	46167.74
260.74	46133.20
260.79	46091.85
260.84	46053.81
260.88	45991.99
260.93	45919.32
260.98	45878.93
261.03	45844.09
261.08	45808.20
261.13	45772.29
261.18	45734.72
261.23	45681.12
261.28	45644.22
261.32	45596.99
261.37	45560.17
261.42	45525.29
261.47	45501.20
261.52	45457.41
261.57	45413.64
261.62	45372.95
261.67	45327.86
261.71	45263.72
261.76	45213.44
261.81	45166.10
261.86	45106.97
261.91	45057.07
261.96	45014.31
262.01	44975.20
262.06	44955.87
262.10	44942.30
262.15	44933.11
262.20	44924.00
262.25	44898.69
262.30	44874.95
262.35	44852.58
262.40	44818.15
262.45	44782.37
262.49	44761.11
262.54	44726.06
262.59	44690.83
262.64	44666.55
262.69	44629.50
262.74	44581.35
262.79	44521.46
262.84	44472.48
262.88	44422.98
262.93	44374.50
262.98	44341.19
263.03	44314.23
263.08	44263.84
263.13	44199.40
263.18	44143.79
263.23	44081.12
263.27	44026.77
263.32	43991.18
263.37	43963.37
263.42	43940.65
263.47	43913.61
263.52	43894.16
263.57	43862.87
263.61	43824.82
263.66	43789.59
263.71	43755.36
263.76	43720.18
263.81	43676.37
263.86	43641.54
263.91	43597.25
263.95	43536.08
264.00	43466.89
264.05	43423.30
264.10	43367.12
264.15	43308.05
264.20	43268.95
264.25	43230.54
264.29	43185.98
264.34	43129.46
264.39	43085.04
264.44	43032.14
264.49	42981.91
264.54	42933.58
264.59	42904.44
264.63	42864.65
264.68	42815.50
264.73	42763.71
264.78	42714.19
264.83	42652.24
264.88	42610.43
264.93	42587.59
264.97	42567.90
265.02	42544.74
265.07	42538.58
265.12	42498.28
265.17	42450.89
265.22	42412.06
265.27	42351.51
265.31	42281.59
265.36	42227.11
265.41	42173.48
265.46	42111.86
265.51	42049.23
265.56	41990.63
265.60	41934.40
265.65	41880.55
265.70	41817.39
265.75	41763.76
265.80	41712.52
265.85	41651.22
265.90	41587.60
265.94	41533.80
265.99	41475.73
266.04	41427.73
266.09	41390.51
266.14	41358.94
266.19	41324.35
266.23	41291.23
266.28	41254.76
266.33	41220.05
266.38	41189.40
266.43	41162.12
266.48	41143.19
266.52	41113.36
266.57	41078.69
266.62	41039.25
266.67	40991.10
266.72	40946.43
266.77	40911.90
266.81	40887.79
266.86	40857.02
266.91	40829.92
266.96	40789.03
267.01	40747.28
267.06	40690.43
267.10	40641.49
267.15	40587.33
267.20	40553.88
267.25	40510.09
267.30	40479.82
267.35	40441.12
267.39	40402.37
267.44	40363.48
267.49	40316.15
267.54	40264.36
267.59	40221.50
267.64	40178.44
267.68	40117.47
267.73	40073.56
267.78	40037.27
267.83	40003.21
267.88	39983.11
267.93	39978.71
267.97	39960.30
268.02	39921.84
268.07	39876.39
268.12	39820.10
268.17	39756.95
268.21	39714.57
268.26	39669.05
268.31	39633.34
268.36	39583.33
268.41	39533.76
268.46	39482.27
268.50	39439.80
268.55	39384.00
268.60	39337.46
268.65	39280.81
268.70	39204.84
268.74	39145.50
268.79	39075.72
268.84	39015.03
268.89	38972.24
268.94	38943.95
268.99	38902.59
269.03	38865.59
269.08	38821.40
269.13	38744.73
269.18	38665.79
269.23	38568.07
269.27	38460.22
269.32	38330.20
269.37	38208.60
269.42	38069.59
269.47	37937.07
269.51	37794.12
269.56	37663.03
269.61	37527.37
269.66	37382.30
269.71	37221.20
269.76	37082.14
269.80	36927.68
269.85	36773.54
269.90	36628.40
269.95	36486.77
270.00	36323.90
270.04	36171.59
270.09	36029.24
270.14	35890.43
270.19	35748.12
270.24	35616.92
270.28	35467.95
270.33	35302.35
270.38	35122.09
270.43	34949.01
270.48	34772.98
270.52	34625.98
270.57	34469.93
270.62	34312.75
270.67	34164.00
270.72	34013.69
270.76	33831.43
270.81	33664.68
270.86	33499.93
270.91	33323.19
270.96	33149.02
271.00	32994.75
271.05	32842.64
271.10	32698.42
271.15	32568.25
271.20	32444.05
271.24	32301.73
271.29	32160.21
271.34	32016.21
271.39	31865.77
271.44	31713.49
271.48	31580.51
271.53	31441.49
271.58	31298.30
271.63	31151.22
271.67	31005.64
271.72	30859.99
271.77	30721.74
271.82	30586.48
271.87	30453.68
271.91	30297.14
271.96	30153.86
272.01	30009.73
272.06	29875.05
272.11	29751.57
272.15	29650.41
272.20	29543.70
272.25	29440.96
272.30	29345.20
272.35	29239.78
272.39	29136.90
272.44	29010.21
272.49	28877.15
272.54	28732.38
272.58	28584.39
272.63	28430.81
272.68	28288.76
272.73	28136.77
272.78	27962.77
272.82	27767.78
272.87	27547.85
272.92	27258.25
272.97	26732.48
273.01	23791.60
273.06	18862.75
273.11	13431.39
273.16	8105.13
273.21	3051.25
273.25	460.06
273.30	-88.97
273.35	-89.89
