165.32	3383.92
165.38	-248.33
165.44	596.77
165.50	-76.98
165.55	-18.12
165.61	4.47
165.67	32.54
165.72	41.63
165.78	46.73
165.84	45.24
165.89	42.22
165.95	40.36
166.01	39.91
166.06	41.72
166.12	44.01
166.18	42.15
166.23	44.06
166.29	43.18
166.35	39.77
166.40	39.00
166.46	45.26
166.52	48.27
166.57	49.44
166.63	49.95
166.69	52.41
166.74	46.67
166.80	46.58
166.86	48.36
166.91	49.41
166.97	43.54
167.03	46.30
167.08	40.66
167.14	39.77
167.20	37.55
167.25	50.19
167.31	50.68
167.37	56.56
167.42	58.47
167.48	64.58
167.54	58.99
167.59	57.91
167.65	53.29
167.71	52.93
167.76	51.86
167.82	47.70
167.88	47.74
167.93	54.99
167.99	53.87
168.05	55.71
168.10	63.47
168.16	62.60
168.21	61.47
168.27	65.87
168.33	68.20
168.38	61.01
168.44	66.04
168.50	64.05
168.55	62.27
168.61	62.23
168.67	64.12
168.72	61.45
168.78	61.86
168.84	58.11
168.89	57.14
168.95	58.02
169.01	56.87
169.06	56.60
169.12	55.61
169.18	53.59
169.23	53.63
169.29	58.24
169.34	62.60
169.40	65.48
169.46	69.76
169.51	71.89
169.57	67.24
169.63	62.95
169.68	68.42
169.74	64.74
169.80	70.22
169.85	71.83
169.91	75.82
169.97	71.46
170.02	71.44
170.08	70.25
170.13	70.32
170.19	70.17
170.25	71.71
170.30	76.37
170.36	68.09
170.42	70.32
170.47	71.24
170.53	72.58
170.59	69.10
170.64	72.91
170.70	71.31
170.76	68.97
170.81	70.71
170.87	70.14
170.92	70.93
170.98	73.97
171.04	76.00
171.09	71.79
171.15	79.31
171.21	80.44
171.26	76.93
171.32	74.42
171.37	78.00
171.43	72.15
171.49	76.61
171.54	80.01
171.60	81.42
171.66	83.93
171.71	84.64
171.77	82.30
171.83	88.33
171.88	87.88
171.94	86.32
171.99	90.99
172.05	89.92
172.11	91.10
172.16	99.32
172.22	100.26
172.28	100.38
172.33	98.39
172.39	94.99
172.44	92.47
172.50	97.79
172.56	97.27
172.61	105.74
172.67	105.53
172.72	105.07
172.78	100.10
172.84	95.17
172.89	88.35
172.95	87.40
173.01	88.35
173.06	86.97
173.12	92.30
173.17	93.66
173.23	93.05
173.29	93.82
173.34	95.15
173.40	89.81
173.46	90.04
173.51	93.20
173.57	92.19
173.62	87.04
173.68	93.73
173.74	92.46
173.79	93.89
173.85	91.14
173.90	93.40
173.96	89.92
174.02	87.75
174.07	79.56
174.13	78.81
174.18	81.54
174.24	74.81
174.30	74.77
174.35	80.29
174.41	77.50
174.47	71.32
174.52	72.42
174.58	71.27
174.63	66.55
174.69	65.60
174.75	67.22
174.80	78.46
174.86	76.30
174.91	77.47
174.97	77.08
175.03	74.52
175.08	62.22
175.14	68.82
175.19	64.33
175.25	65.19
175.31	69.83
175.36	71.32
175.42	68.14
175.47	73.02
175.53	73.49
175.59	70.31
175.64	71.78
175.70	69.98
175.75	65.42
175.81	63.58
175.87	64.34
175.92	60.82
175.98	62.76
176.03	62.51
176.09	63.38
176.15	63.23
176.20	64.00
176.26	63.77
176.31	67.47
176.37	64.73
176.42	66.15
176.48	69.95
176.54	67.25
176.59	63.83
176.65	66.68
176.70	67.93
176.76	67.47
176.82	65.58
176.87	62.89
176.93	62.30
176.98	60.91
177.04	55.63
177.10	60.22
177.15	62.27
177.21	63.13
177.26	62.19
177.32	66.10
177.37	67.94
177.43	71.19
177.49	68.03
177.54	65.44
177.60	65.80
177.65	66.49
177.71	60.88
177.77	64.28
177.82	65.76
177.88	69.21
177.93	64.52
177.99	71.27
178.04	66.66
178.10	67.34
178.16	61.12
178.21	61.98
178.27	58.94
178.32	62.74
178.38	61.83
178.43	63.40
178.49	63.43
178.55	62.92
178.60	61.87
178.66	61.12
178.71	62.68
178.77	60.33
178.82	61.26
178.88	61.23
178.94	61.79
178.99	62.82
179.05	67.59
179.10	63.50
179.16	66.56
179.21	68.42
179.27	67.07
179.33	62.90
179.38	66.76
179.44	64.64
179.49	65.02
179.55	63.07
179.60	62.93
179.66	62.02
179.72	64.27
179.77	61.56
179.83	60.77
179.88	62.07
179.94	63.38
179.99	59.56
180.05	60.63
180.11	61.26
180.16	64.44
180.22	66.81
180.27	71.15
180.33	71.56
180.38	76.15
180.44	70.94
180.49	70.24
180.55	68.63
180.61	72.78
180.66	67.48
180.72	66.19
180.77	64.56
180.83	64.28
180.88	60.97
180.94	60.32
180.99	63.91
181.05	63.70
181.11	64.55
181.16	65.16
181.22	66.92
181.27	69.39
181.33	68.08
181.38	65.16
181.44	66.07
181.49	70.47
181.55	70.91
181.61	77.54
181.66	80.11
181.72	77.77
181.77	74.66
181.83	72.03
181.88	76.85
181.94	78.37
181.99	83.82
182.05	84.34
182.11	85.53
182.16	76.69
182.22	74.93
182.27	70.30
182.33	72.65
182.38	71.82
182.44	75.86
182.49	77.86
182.55	79.54
182.60	79.35
182.66	82.77
182.72	85.23
182.77	87.69
182.83	91.40
182.88	94.18
182.94	95.55
182.99	93.25
183.05	91.65
183.10	93.06
183.16	92.28
183.21	93.74
183.27	100.64
183.32	104.32
183.38	107.52
183.44	113.82
183.49	117.92
183.55	118.61
183.60	124.70
183.66	130.81
183.71	139.57
183.77	145.94
183.82	154.33
183.88	164.74
183.93	175.13
183.99	187.85
184.04	204.37
184.10	216.47
184.15	227.20
184.21	239.78
184.27	241.42
184.32	242.75
184.38	241.46
184.43	238.32
184.49	223.63
184.54	208.85
184.60	201.00
184.65	188.33
184.71	180.61
184.76	182.26
184.82	198.56
184.87	213.80
184.93	238.24
184.98	263.65
185.04	292.62
185.09	316.09
185.15	341.10
185.20	371.91
185.26	405.85
185.31	434.57
185.37	462.00
185.43	482.10
185.48	500.45
185.54	522.60
185.59	547.66
185.65	573.09
185.70	613.79
185.76	658.15
185.81	692.34
185.87	729.32
185.92	771.96
185.98	805.14
186.03	823.22
186.09	824.77
186.14	801.66
186.20	750.44
186.25	667.98
186.31	584.48
186.36	521.15
186.42	492.32
186.47	502.36
186.53	550.37
186.58	618.73
186.64	692.78
186.69	765.59
186.75	825.77
186.80	883.11
186.86	941.39
186.91	1001.02
186.97	1056.74
187.02	1127.84
187.08	1197.69
187.13	1257.17
187.19	1321.40
187.24	1387.62
187.30	1438.46
187.35	1489.82
187.41	1555.64
187.47	1619.33
187.52	1674.23
187.58	1733.86
187.63	1803.57
187.69	1872.49
187.74	1930.25
187.80	1983.28
187.85	2028.26
187.91	2050.06
187.96	2036.73
188.02	1974.37
188.07	1867.30
188.13	1712.38
188.18	1545.90
188.24	1421.35
188.29	1363.07
188.35	1371.07
188.40	1450.76
188.46	1575.49
188.51	1700.45
188.57	1828.25
188.62	1951.38
188.67	2066.82
188.73	2176.43
188.78	2282.17
188.84	2384.26
188.89	2488.39
188.95	2591.69
189.00	2682.46
189.06	2779.49
189.11	2871.18
189.17	2950.99
189.22	3022.42
189.28	3108.46
189.33	3183.03
189.39	3249.12
189.44	3316.88
189.50	3393.09
189.55	3462.20
189.61	3517.39
189.66	3575.21
189.72	3632.85
189.77	3683.99
189.83	3712.62
189.88	3723.26
189.94	3694.24
189.99	3616.72
190.05	3465.61
190.10	3248.58
190.16	2998.11
190.21	2779.18
190.27	2636.55
190.32	2599.07
190.38	2667.73
190.43	2820.74
190.49	3002.73
190.54	3165.33
190.60	3311.80
190.65	3445.16
190.71	3564.04
190.76	3675.03
190.81	3788.77
190.87	3897.73
190.92	4018.65
190.98	4135.75
191.03	4254.56
191.09	4377.14
191.14	4490.02
191.20	4582.46
191.25	4681.37
191.31	4778.80
191.36	4871.86
191.42	4964.46
191.47	5066.40
191.53	5166.92
191.58	5249.13
191.64	5315.90
191.69	5381.65
191.75	5424.43
191.80	5455.60
191.85	5477.56
191.91	5497.48
191.96	5515.13
192.02	5543.32
192.07	5554.96
192.13	5549.28
192.18	5506.12
192.24	5391.80
192.29	5199.18
192.35	4979.12
192.40	4797.98
192.46	4686.99
192.51	4681.96
192.57	4776.14
192.62	4950.06
192.67	5133.81
192.73	5313.79
192.78	5475.27
192.84	5626.57
192.89	5761.68
192.95	5888.98
193.00	6004.24
193.06	6114.87
193.11	6221.84
193.17	6313.02
193.22	6398.06
193.28	6488.42
193.33	6562.77
193.38	6628.75
193.44	6702.94
193.49	6776.31
193.55	6829.46
193.60	6887.42
193.66	6943.38
193.71	6982.71
193.77	7008.76
193.82	7031.39
193.88	7051.49
193.93	7074.75
193.98	7105.24
194.04	7144.67
194.09	7189.05
194.15	7240.51
194.20	7283.64
194.26	7323.53
194.31	7367.78
194.37	7395.36
194.42	7402.81
194.47	7396.94
194.53	7356.27
194.58	7265.75
194.64	7161.26
194.69	7065.52
194.75	6995.29
194.80	6977.93
194.86	7020.22
194.91	7109.19
194.97	7214.83
195.02	7325.99
195.07	7433.21
195.13	7536.61
195.18	7647.96
195.24	7756.40
195.29	7862.05
195.35	7958.57
195.40	8057.74
195.46	8135.27
195.51	8220.13
195.56	8299.09
195.62	8378.26
195.67	8445.41
195.73	8516.28
195.78	8566.40
195.84	8611.42
195.89	8646.57
195.94	8681.75
196.00	8714.70
196.05	8751.07
196.11	8798.82
196.16	8848.45
196.22	8904.32
196.27	8960.34
196.32	9016.77
196.38	9064.60
196.43	9113.36
196.49	9150.56
196.54	9186.32
196.60	9229.40
196.65	9271.19
196.71	9313.97
196.76	9362.59
196.81	9400.05
196.87	9429.72
196.92	9458.07
196.98	9472.70
197.03	9480.62
197.09	9482.13
197.14	9478.43
197.19	9478.94
197.25	9494.85
197.30	9520.28
197.36	9572.78
197.41	9634.68
197.47	9698.02
197.52	9760.99
197.57	9827.41
197.63	9879.62
197.68	9932.74
197.74	9984.39
197.79	10029.67
197.84	10076.30
197.90	10126.82
197.95	10169.91
198.01	10212.32
198.06	10258.38
198.12	10300.87
198.17	10337.29
198.22	10375.88
198.28	10410.00
198.33	10449.69
198.39	10483.02
198.44	10527.68
198.49	10577.04
198.55	10624.90
198.60	10670.59
198.66	10718.83
198.71	10773.74
198.77	10820.57
198.82	10873.97
198.87	10923.50
198.93	10970.94
198.98	11007.00
199.04	11051.51
199.09	11088.04
199.14	11127.99
199.20	11169.79
199.25	11210.56
199.31	11255.12
199.36	11301.48
199.42	11346.08
199.47	11391.76
199.52	11431.27
199.58	11465.62
199.63	11496.03
199.69	11526.46
199.74	11555.17
199.79	11584.60
199.85	11615.14
199.90	11653.31
199.96	11690.63
200.01	11736.80
200.06	11787.77
200.12	11836.94
200.17	11893.48
200.23	11947.18
200.28	11987.42
200.33	12036.15
200.39	12081.63
200.44	12117.99
200.50	12161.84
200.55	12203.81
200.60	12240.83
200.66	12278.26
200.71	12313.13
200.77	12350.13
200.82	12390.87
200.87	12430.54
200.93	12465.13
200.98	12507.93
201.04	12549.35
201.09	12592.38
201.14	12642.39
201.20	12693.60
201.25	12751.42
201.31	12804.99
201.36	12866.90
201.41	12922.97
201.47	12983.68
201.52	13030.94
201.58	13087.77
201.63	13132.57
201.68	13175.13
201.74	13222.33
201.79	13275.39
201.84	13328.21
201.90	13376.31
201.95	13432.23
202.01	13487.38
202.06	13539.76
202.11	13579.33
202.17	13629.96
202.22	13670.24
202.28	13708.43
202.33	13741.89
202.38	13778.85
202.44	13822.42
202.49	13870.71
202.54	13917.73
202.60	13967.91
202.65	14019.91
202.71	14063.85
202.76	14103.43
202.81	14146.68
202.87	14193.63
202.92	14238.89
202.98	14291.88
203.03	14346.08
203.08	14400.79
203.14	14455.75
203.19	14515.99
203.24	14570.33
203.30	14621.40
203.35	14674.09
203.41	14717.24
203.46	14755.90
203.51	14797.44
203.57	14841.12
203.62	14884.21
203.67	14942.51
203.73	14988.20
203.78	15036.73
203.84	15086.92
203.89	15131.63
203.94	15169.27
204.00	15219.92
204.05	15265.85
204.10	15301.13
204.16	15337.21
204.21	15379.24
204.27	15411.86
204.32	15439.68
204.37	15478.17
204.43	15506.63
204.48	15525.97
204.53	15549.75
204.59	15586.52
204.64	15642.76
204.69	15719.57
204.75	15800.48
204.80	15891.61
204.86	15966.52
204.91	16030.77
204.96	16084.20
205.02	16132.36
205.07	16185.06
205.12	16246.56
205.18	16308.10
205.23	16373.88
205.28	16455.70
205.34	16522.67
205.39	16593.06
205.45	16663.02
205.50	16726.44
205.55	16781.67
205.61	16842.55
205.66	16897.23
205.71	16963.61
205.77	17026.05
205.82	17082.91
205.87	17136.43
205.93	17190.29
205.98	17227.40
206.03	17270.91
206.09	17319.06
206.14	17372.40
206.20	17428.24
206.25	17482.62
206.30	17546.65
206.36	17605.26
206.41	17664.98
206.46	17714.64
206.52	17763.43
206.57	17806.45
206.62	17844.70
206.68	17884.01
206.73	17934.45
206.78	17989.03
206.84	18048.77
206.89	18114.99
206.94	18182.17
207.00	18248.35
207.05	18314.99
207.11	18376.88
207.16	18435.61
207.21	18501.20
207.27	18555.99
207.32	18613.69
207.37	18669.92
207.43	18724.76
207.48	18772.32
207.53	18829.97
207.59	18883.94
207.64	18940.82
207.69	19010.16
207.75	19078.82
207.80	19137.73
207.85	19193.28
207.91	19245.42
207.96	19293.43
208.01	19340.98
208.07	19399.26
208.12	19465.32
208.17	19521.47
208.23	19572.72
208.28	19625.62
208.33	19679.52
208.39	19736.71
208.44	19805.26
208.49	19869.85
208.55	19933.04
208.60	19987.59
208.65	20033.71
208.71	20080.04
208.76	20134.21
208.81	20188.12
208.87	20252.78
208.92	20311.97
208.97	20375.46
209.03	20437.79
209.08	20501.37
209.13	20561.36
209.19	20626.16
209.24	20685.15
209.29	20745.52
209.35	20793.46
209.40	20850.39
209.45	20909.11
209.51	20971.32
209.56	21029.78
209.61	21106.22
209.67	21168.87
209.72	21231.95
209.77	21293.22
209.83	21355.05
209.88	21415.08
209.93	21485.58
209.99	21548.16
210.04	21611.77
210.09	21678.89
210.15	21734.12
210.20	21788.59
210.25	21854.92
210.31	21920.19
210.36	21969.80
210.41	22027.29
210.46	22091.10
210.52	22142.89
210.57	22190.07
210.62	22252.82
210.68	22319.22
210.73	22367.50
210.78	22430.13
210.84	22494.95
210.89	22559.73
210.94	22614.70
211.00	22677.56
211.05	22727.35
211.10	22789.92
211.16	22840.83
211.21	22908.57
211.26	22978.78
211.32	23051.21
211.37	23113.16
211.42	23186.62
211.47	23250.68
211.53	23309.53
211.58	23372.62
211.63	23430.69
211.69	23486.15
211.74	23539.32
211.79	23589.14
211.85	23643.45
211.90	23706.91
211.95	23772.03
212.01	23840.77
212.06	23919.78
212.11	23994.77
212.16	24070.88
212.22	24150.07
212.27	24211.73
212.32	24274.78
212.38	24343.15
212.43	24405.43
212.48	24460.46
212.54	24531.87
212.59	24601.33
212.64	24668.03
212.69	24721.11
212.75	24791.84
212.80	24859.66
212.85	24922.79
212.91	24974.12
212.96	25045.29
213.01	25106.60
213.07	25166.35
213.12	25232.46
213.17	25300.39
213.22	25356.72
213.28	25418.29
213.33	25467.69
213.38	25516.92
213.44	25574.64
213.49	25649.52
213.54	25721.40
213.60	25806.26
213.65	25892.33
213.70	25974.62
213.75	26045.87
213.81	26106.39
213.86	26165.14
213.91	26214.98
213.97	26263.67
214.02	26305.21
214.07	26350.39
214.12	26394.78
214.18	26449.56
214.23	26506.77
214.28	26563.43
214.34	26621.12
214.39	26679.11
214.44	26718.10
214.49	26738.88
214.55	26754.39
214.60	26757.41
214.65	26761.29
214.71	26757.25
214.76	26797.60
214.81	26872.69
214.86	26986.65
214.92	27101.35
214.97	27238.15
215.02	27354.38
215.08	27443.48
215.13	27508.46
215.18	27566.74
215.23	27622.82
215.29	27681.59
215.34	27756.95
215.39	27845.90
215.45	27951.35
215.50	28058.91
215.55	28164.73
215.60	28253.62
215.66	28323.71
215.71	28391.01
215.76	28455.96
215.81	28511.74
215.87	28573.65
215.92	28633.69
215.97	28684.37
216.03	28744.08
216.08	28799.20
216.13	28852.56
216.18	28916.76
216.24	28985.49
216.29	29042.94
216.34	29096.23
216.39	29157.84
216.45	29216.09
216.50	29273.17
216.55	29327.37
216.61	29398.42
216.66	29460.00
216.71	29520.39
216.76	29579.15
216.82	29654.09
216.87	29723.11
216.92	29797.64
216.97	29862.17
217.03	29936.13
217.08	30006.88
217.13	30078.22
217.18	30152.12
217.24	30226.70
217.29	30292.65
217.34	30344.74
217.39	30391.26
217.45	30432.39
217.50	30482.84
217.55	30541.02
217.61	30607.35
217.66	30686.07
217.71	30750.83
217.76	30829.95
217.82	30904.59
217.87	30978.06
217.92	31052.37
217.97	31130.70
218.03	31187.61
218.08	31239.63
218.13	31287.94
218.18	31324.49
218.24	31389.51
218.29	31451.73
218.34	31513.14
218.39	31579.56
218.45	31651.31
218.50	31701.41
218.55	31762.61
218.60	31824.76
218.66	31878.19
218.71	31940.41
218.76	32009.16
218.81	32075.97
218.87	32144.14
218.92	32210.70
218.97	32278.16
219.02	32342.72
219.08	32402.45
219.13	32474.83
219.18	32544.07
219.23	32607.46
219.29	32671.79
219.34	32737.89
219.39	32792.98
219.44	32863.46
219.50	32932.78
219.55	32994.00
219.60	33058.32
219.65	33127.29
219.71	33188.48
219.76	33235.67
219.81	33292.54
219.86	33347.93
219.92	33403.30
219.97	33454.45
220.02	33511.00
220.07	33571.88
220.13	33636.49
220.18	33693.67
220.23	33759.21
220.28	33845.46
220.33	33919.30
220.39	33981.89
220.44	34043.24
220.49	34103.46
220.54	34150.93
220.60	34198.31
220.65	34253.29
220.70	34318.54
220.75	34388.28
220.81	34466.61
220.86	34543.22
220.91	34615.88
220.96	34689.27
221.02	34758.89
221.07	34822.34
221.12	34882.79
221.17	34945.47
221.22	35002.37
221.28	35062.95
221.33	35117.09
221.38	35176.77
221.43	35253.81
221.49	35311.19
221.54	35375.02
221.59	35441.79
221.64	35522.35
221.69	35604.46
221.75	35701.64
221.80	35790.90
221.85	35867.10
221.90	35933.24
221.96	35988.16
222.01	36025.50
222.06	36058.27
222.11	36103.32
222.17	36152.11
222.22	36179.79
222.27	36235.22
222.32	36290.83
222.37	36349.02
222.43	36405.35
222.48	36467.10
222.53	36531.47
222.58	36611.19
222.63	36684.06
222.69	36748.55
222.74	36827.23
222.79	36895.13
222.84	36936.86
222.90	36984.98
222.95	37041.37
223.00	37082.95
223.05	37130.03
223.10	37195.43
223.16	37254.52
223.21	37304.01
223.26	37350.96
223.31	37386.40
223.36	37419.15
223.42	37456.87
223.47	37488.28
223.52	37539.86
223.57	37591.04
223.63	37644.58
223.68	37692.24
223.73	37773.48
223.78	37843.49
223.83	37916.39
223.89	37978.31
223.94	38057.12
223.99	38116.05
224.04	38192.20
224.09	38269.94
224.15	38358.98
224.20	38433.53
224.25	38523.35
224.30	38602.52
224.35	38687.80
224.41	38786.81
224.46	38882.24
224.51	38960.32
224.56	39047.54
224.61	39130.04
224.67	39199.68
224.72	39275.86
224.77	39373.85
224.82	39463.19
224.87	39553.85
224.93	39631.63
224.98	39722.78
225.03	39801.16
225.08	39884.27
225.13	39956.90
225.19	40051.30
225.24	40132.89
225.29	40208.98
225.34	40290.66
225.39	40378.44
225.45	40459.41
225.50	40537.74
225.55	40624.07
225.60	40701.51
225.65	40793.86
225.71	40872.22
225.76	40950.06
225.81	41021.50
225.86	41097.27
225.91	41158.53
225.97	41225.46
226.02	41281.13
226.07	41315.18
226.12	41355.18
226.17	41399.58
226.22	41472.33
226.28	41578.14
226.33	41713.49
226.38	41832.58
226.43	41950.09
226.48	42036.88
226.54	42106.87
226.59	42170.08
226.64	42237.37
226.69	42287.23
226.74	42345.57
226.80	42408.12
226.85	42471.52
226.90	42534.39
226.95	42628.13
227.00	42715.66
227.05	42813.46
227.11	42911.55
227.16	43009.45
227.21	43090.95
227.26	43183.26
227.31	43256.76
227.37	43310.51
227.42	43381.94
227.47	43471.11
227.52	43535.54
227.57	43592.58
227.62	43689.09
227.68	43761.35
227.73	43826.27
227.78	43908.61
227.83	43999.06
227.88	44064.29
227.93	44141.90
227.99	44216.05
228.04	44287.04
228.09	44366.11
228.14	44438.20
228.19	44511.49
228.24	44575.70
228.30	44647.91
228.35	44706.67
228.40	44775.69
228.45	44830.62
228.50	44908.96
228.56	44972.07
228.61	45035.32
228.66	45093.84
228.71	45156.71
228.76	45198.37
228.81	45246.07
228.87	45299.35
228.92	45362.61
228.97	45421.05
229.02	45508.86
229.07	45582.74
229.12	45665.80
229.17	45734.46
229.23	45810.38
229.28	45885.91
229.33	45960.22
229.38	46033.73
229.43	46108.92
229.48	46191.00
229.54	46250.76
229.59	46320.97
229.64	46392.52
229.69	46473.67
229.74	46553.71
229.79	46624.22
229.85	46706.48
229.90	46773.27
229.95	46834.77
230.00	46898.33
230.05	46976.51
230.10	47034.74
230.16	47099.36
230.21	47162.83
230.26	47216.58
230.31	47257.49
230.36	47322.59
230.41	47390.06
230.46	47473.67
230.52	47562.56
230.57	47647.14
230.62	47733.16
230.67	47795.07
230.72	47843.48
230.77	47881.21
230.82	47932.44
230.88	47958.05
230.93	48006.95
230.98	48051.62
231.03	48116.68
231.08	48170.67
231.13	48231.97
231.19	48301.51
231.24	48375.61
231.29	48449.34
231.34	48526.57
231.39	48604.40
231.44	48676.21
231.49	48727.05
231.55	48769.13
231.60	48807.58
231.65	48857.26
231.70	48897.17
231.75	48951.84
231.80	49008.52
231.85	49066.45
231.91	49111.40
231.96	49159.24
232.01	49219.44
232.06	49278.27
232.11	49342.24
232.16	49422.27
232.21	49510.13
232.26	49596.91
232.32	49678.18
232.37	49756.22
232.42	49817.80
232.47	49866.16
232.52	49906.32
232.57	49957.08
232.62	50009.09
232.68	50067.37
232.73	50141.71
232.78	50224.33
232.83	50290.92
232.88	50364.72
232.93	50440.54
232.98	50504.66
233.03	50557.49
233.09	50624.61
233.14	50693.52
233.19	50748.86
233.24	50794.00
233.29	50844.65
233.34	50871.57
233.39	50887.67
233.45	50918.26
233.50	50965.25
233.55	51015.91
233.60	51089.15
233.65	51156.63
233.70	51216.69
233.75	51267.64
233.80	51318.54
233.86	51362.47
233.91	51407.26
233.96	51456.97
234.01	51510.28
234.06	51565.23
234.11	51622.35
234.16	51686.93
234.21	51747.53
234.26	51796.78
234.32	51833.85
234.37	51875.64
234.42	51903.92
234.47	51924.24
234.52	51952.52
234.57	51994.74
234.62	52028.43
234.67	52081.54
234.73	52136.42
234.78	52192.51
234.83	52239.89
234.88	52295.27
234.93	52333.67
234.98	52381.18
235.03	52424.85
235.08	52482.07
235.13	52536.86
235.19	52605.06
235.24	52666.62
235.29	52733.49
235.34	52777.82
235.39	52809.17
235.44	52832.30
235.49	52864.34
235.54	52894.42
235.59	52912.20
235.65	52949.10
235.70	52986.37
235.75	53029.95
235.80	53082.88
235.85	53140.61
235.90	53186.54
235.95	53219.51
236.00	53244.64
236.05	53262.33
236.11	53287.17
236.16	53316.37
236.21	53360.75
236.26	53397.22
236.31	53424.15
236.36	53452.26
236.41	53470.09
236.46	53485.25
236.51	53501.18
236.56	53525.14
236.62	53551.73
236.67	53592.48
236.72	53633.95
236.77	53665.79
236.82	53703.16
236.87	53728.68
236.92	53743.40
236.97	53774.80
237.02	53815.79
237.07	53875.06
237.13	53938.35
237.18	53996.88
237.23	54037.73
237.28	54080.22
237.33	54108.43
237.38	54130.39
237.43	54154.35
237.48	54162.43
237.53	54185.44
237.58	54213.07
237.63	54254.12
237.69	54287.19
237.74	54344.89
237.79	54378.68
237.84	54383.72
237.89	54389.25
237.94	54405.18
237.99	54424.04
238.04	54437.32
238.09	54471.97
238.14	54500.59
238.19	54529.22
238.25	54544.32
238.30	54549.13
238.35	54549.86
238.40	54550.69
238.45	54547.87
238.50	54545.98
238.55	54554.52
238.60	54580.74
238.65	54596.40
238.70	54620.52
238.75	54631.23
238.80	54667.65
238.86	54673.35
238.91	54696.67
238.96	54718.68
239.01	54760.34
239.06	54785.22
239.11	54817.56
239.16	54844.38
239.21	54847.88
239.26	54842.54
239.31	54856.75
239.36	54868.85
239.41	54884.99
239.46	54909.20
239.52	54932.86
239.57	54952.37
239.62	54961.75
239.67	54983.44
239.72	55018.36
239.77	55047.24
239.82	55057.57
239.87	55078.69
239.92	55081.34
239.97	55073.77
240.02	55055.40
240.07	55038.60
240.12	55038.52
240.17	55045.79
240.23	55051.65
240.28	55058.69
240.33	55078.25
240.38	55067.22
240.43	55055.85
240.48	55068.35
240.53	55093.35
240.58	55104.92
240.63	55145.35
240.68	55163.45
240.73	55155.23
240.78	55143.06
240.83	55140.14
240.88	55116.62
240.93	55107.55
240.98	55104.77
241.04	55130.21
241.09	55156.54
241.14	55180.02
241.19	55217.28
241.24	55252.37
241.29	55266.71
241.34	55268.82
241.39	55290.09
241.44	55290.10
241.49	55291.31
241.54	55283.12
241.59	55287.77
241.64	55281.19
241.69	55271.76
241.74	55256.76
241.79	55251.60
241.84	55237.91
241.90	55210.25
241.95	55190.86
242.00	55169.58
242.05	55142.41
242.10	55135.70
242.15	55122.78
242.20	55119.87
242.25	55113.32
242.30	55114.92
242.35	55094.01
242.40	55098.17
242.45	55090.43
242.50	55083.52
242.55	55074.35
242.60	55077.59
242.65	55071.68
242.70	55082.99
242.75	55113.22
242.80	55150.02
242.85	55185.35
242.91	55201.99
242.96	55193.82
243.01	55175.58
243.06	55156.75
243.11	55118.94
243.16	55095.77
243.21	55096.86
243.26	55108.89
243.31	55111.44
243.36	55128.92
243.41	55148.08
243.46	55151.06
243.51	55121.76
243.56	55070.96
243.61	55015.25
243.66	54980.22
243.71	54937.83
243.76	54926.11
243.81	54941.12
243.86	54944.25
243.91	54936.57
243.96	54939.75
244.01	54918.05
244.06	54893.20
244.12	54885.97
244.17	54875.96
244.22	54874.41
244.27	54902.59
244.32	54931.13
244.37	54950.07
244.42	54957.43
244.47	54950.50
244.52	54924.78
244.57	54886.95
244.62	54855.15
244.67	54830.73
244.72	54809.77
244.77	54808.72
244.82	54828.67
244.87	54866.34
244.92	54893.31
244.97	54905.73
245.02	54904.77
245.07	54886.11
245.12	54854.40
245.17	54840.70
245.22	54844.94
245.27	54838.30
245.32	54805.18
245.37	54766.65
245.42	54716.24
245.47	54661.36
245.52	54612.11
245.57	54603.21
245.62	54589.43
245.67	54578.79
245.72	54581.07
245.77	54566.21
245.82	54542.53
245.87	54534.95
245.92	54543.59
245.98	54530.75
246.03	54533.12
246.08	54546.32
246.13	54545.96
246.18	54546.32
246.23	54544.30
246.28	54529.52
246.33	54509.25
246.38	54487.58
246.43	54453.09
246.48	54440.89
246.53	54446.98
246.58	54454.82
246.63	54461.24
246.68	54455.70
246.73	54435.96
246.78	54401.45
246.83	54348.11
246.88	54291.96
246.93	54240.66
246.98	54187.74
247.03	54154.97
247.08	54140.37
247.13	54134.74
247.18	54133.56
247.23	54158.76
247.28	54167.00
247.33	54161.44
247.38	54139.24
247.43	54131.40
247.48	54107.03
247.53	54082.80
247.58	54044.69
247.63	54022.09
247.68	53972.58
247.73	53911.77
247.78	53864.20
247.83	53835.00
247.88	53804.16
247.93	53797.40
247.98	53806.46
248.03	53811.71
248.08	53828.15
248.13	53831.14
248.18	53824.13
248.23	53810.04
248.28	53773.52
248.33	53733.84
248.38	53698.12
248.43	53670.55
248.48	53649.04
248.53	53651.98
248.58	53634.97
248.63	53639.46
248.68	53622.29
248.73	53590.48
248.78	53548.29
248.83	53500.39
248.88	53423.54
248.93	53351.08
248.98	53282.04
249.03	53242.03
249.08	53222.27
249.13	53219.56
249.18	53216.72
249.23	53228.39
249.28	53211.82
249.33	53205.78
249.38	53194.96
249.43	53184.62
249.48	53162.31
249.53	53160.52
249.58	53140.70
249.63	53119.14
249.68	53105.34
249.73	53084.87
249.78	53058.99
249.83	53048.53
249.88	53018.29
249.93	52994.12
249.98	52984.33
250.03	52980.81
250.08	52955.06
250.13	52952.93
250.18	52932.40
250.23	52893.47
250.28	52834.20
250.33	52786.36
250.37	52736.34
250.42	52696.71
250.47	52671.88
250.52	52665.20
250.57	52646.44
250.62	52617.40
250.67	52586.24
250.72	52569.64
250.77	52523.42
250.82	52500.38
250.87	52501.94
250.92	52499.59
250.97	52471.72
251.02	52466.21
251.07	52456.39
251.12	52429.12
251.17	52396.89
251.22	52368.30
251.27	52327.70
251.32	52279.31
251.37	52221.75
251.42	52173.94
251.47	52135.01
251.52	52113.89
251.57	52103.28
251.62	52095.89
251.67	52086.35
251.72	52068.12
251.77	52037.91
251.82	51991.36
251.87	51950.06
251.92	51893.72
251.97	51832.65
252.02	51787.70
252.07	51757.58
252.12	51747.27
252.16	51745.91
252.21	51754.17
252.26	51755.25
252.31	51755.61
252.36	51742.47
252.41	51724.43
252.46	51701.43
252.51	51675.27
252.56	51647.98
252.61	51614.77
252.66	51585.21
252.71	51563.22
252.76	51528.92
252.81	51485.27
252.86	51425.58
252.91	51380.94
252.96	51316.59
253.01	51253.55
253.06	51193.03
253.11	51157.51
253.16	51107.35
253.21	51056.03
253.26	51020.69
253.31	50990.04
253.36	50967.59
253.40	50944.41
253.45	50941.62
253.50	50902.72
253.55	50865.74
253.60	50811.74
253.65	50774.22
253.70	50732.23
253.75	50719.52
253.80	50703.87
253.85	50696.58
253.90	50692.37
253.95	50686.38
254.00	50681.69
254.05	50671.67
254.10	50641.66
254.15	50605.15
254.20	50573.89
254.25	50538.32
254.30	50501.58
254.35	50468.05
254.39	50406.62
254.44	50328.11
254.49	50250.98
254.54	50221.29
254.59	50188.33
254.64	50175.57
254.69	50180.19
254.74	50185.13
254.79	50146.02
254.84	50110.65
254.89	50090.90
254.94	50069.15
254.99	50050.64
255.04	50036.42
255.09	50032.55
255.14	50010.46
255.19	49998.50
255.23	49990.39
255.28	49976.77
255.33	49961.64
255.38	49953.63
255.43	49930.67
255.48	49898.40
255.53	49861.25
255.58	49827.38
255.63	49788.21
255.68	49745.27
255.73	49703.28
255.78	49672.51
255.83	49646.63
255.88	49633.87
255.93	49610.18
255.97	49587.28
256.02	49552.43
256.07	49507.18
256.12	49430.67
256.17	49378.91
256.22	49321.76
256.27	49272.42
256.32	49237.37
256.37	49216.46
256.42	49193.95
256.47	49176.88
256.52	49154.47
256.57	49124.70
256.62	49110.15
256.66	49102.57
256.71	49069.46
256.76	49033.61
256.81	48984.46
256.86	48933.55
256.91	48875.06
256.96	48831.51
257.01	48799.22
257.06	48780.91
257.11	48741.86
257.16	48689.37
257.21	48655.02
257.26	48620.73
257.30	48581.49
257.35	48543.89
257.40	48520.87
257.45	48513.96
257.50	48478.28
257.55	48448.81
257.60	48437.58
257.65	48415.38
257.70	48361.49
257.75	48330.09
257.80	48297.48
257.85	48247.09
257.89	48199.36
257.94	48143.30
257.99	48084.24
258.04	48027.06
258.09	47989.91
258.14	47962.25
258.19	47949.24
258.24	47930.19
258.29	47893.59
258.34	47859.49
258.39	47821.37
258.44	47764.45
258.48	47708.46
258.53	47676.37
258.58	47625.73
258.63	47576.39
258.68	47528.12
258.73	47500.40
258.78	47455.55
258.83	47425.75
258.88	47389.46
258.93	47361.00
258.97	47332.16
259.02	47306.92
259.07	47281.68
259.12	47262.64
259.17	47244.59
259.22	47229.08
259.27	47205.27
259.32	47184.69
259.37	47135.41
259.42	47099.67
259.47	47051.30
259.51	47007.94
259.56	46936.38
259.61	46871.02
259.66	46795.63
259.71	46721.13
259.76	46652.98
259.81	46599.12
259.86	46572.10
259.91	46530.01
259.95	46504.65
260.00	46481.29
260.05	46460.92
260.10	46433.82
260.15	46429.47
260.20	46415.14
260.25	46399.32
260.30	46391.87
260.35	46366.07
260.40	46329.25
260.44	46303.65
260.49	46281.76
260.54	46247.16
260.59	46227.88
260.64	46227.67
260.69	46218.10
260.74	46185.90
260.79	46142.21
260.84	46092.42
260.88	46032.60
260.93	45954.07
260.98	45909.58
261.03	45871.60
261.08	45845.07
261.13	45805.06
261.18	45772.75
261.23	45720.62
261.28	45678.76
261.32	45632.90
261.37	45589.55
261.42	45560.43
261.47	45541.36
261.52	45498.09
261.57	45452.20
261.62	45409.08
261.67	45353.77
261.71	45287.47
261.76	45248.54
261.81	45193.79
261.86	45140.53
261.91	45094.42
261.96	45055.14
262.01	45007.92
262.06	44991.78
262.10	44986.01
262.15	44974.77
262.20	44963.44
262.25	44950.48
262.30	44930.12
262.35	44900.86
262.40	44867.93
262.45	44831.07
262.49	44793.17
262.54	44757.52
262.59	44728.73
262.64	44701.67
262.69	44665.81
262.74	44629.31
262.79	44570.72
262.84	44515.67
262.88	44467.43
262.93	44416.57
262.98	44376.94
263.03	44341.65
263.08	44287.01
263.13	44216.19
263.18	44155.76
263.23	44091.62
263.27	44045.47
263.32	44016.54
263.37	44000.55
263.42	43984.70
263.47	43960.88
263.52	43939.65
263.57	43904.63
263.61	43862.03
263.66	43814.36
263.71	43776.54
263.76	43736.58
263.81	43694.83
263.86	43666.38
263.91	43631.01
263.95	43575.82
264.00	43514.93
264.05	43459.60
264.10	43394.68
264.15	43329.42
264.20	43285.61
264.25	43239.14
264.29	43200.22
264.34	43145.83
264.39	43117.94
264.44	43073.97
264.49	43024.08
264.54	42978.70
264.59	42946.53
264.63	42900.79
264.68	42853.51
264.73	42815.54
264.78	42772.57
264.83	42719.25
264.88	42666.63
264.93	42637.55
264.97	42607.06
265.02	42580.33
265.07	42558.36
265.12	42523.16
265.17	42474.66
265.22	42434.34
265.27	42381.03
265.31	42324.76
265.36	42271.53
265.41	42218.75
265.46	42156.22
265.51	42078.87
265.56	42019.17
265.60	41964.97
265.65	41904.29
265.70	41844.15
265.75	41799.03
265.80	41739.31
265.85	41678.24
265.90	41622.98
265.94	41567.30
265.99	41503.27
266.04	41462.55
266.09	41420.03
266.14	41390.63
266.19	41359.66
266.23	41332.37
266.28	41283.40
266.33	41242.97
266.38	41209.98
266.43	41180.16
266.48	41162.74
266.52	41142.80
266.57	41109.51
266.62	41066.33
266.67	41017.10
266.72	40963.60
266.77	40933.53
266.81	40912.82
266.86	40887.00
266.91	40853.15
266.96	40815.02
267.01	40769.24
267.06	40719.75
267.10	40664.25
267.15	40618.69
267.20	40587.31
267.25	40546.07
267.30	40518.53
267.35	40485.75
267.39	40453.90
267.44	40408.18
267.49	40362.50
267.54	40299.46
267.59	40249.85
267.64	40192.43
267.68	40133.32
267.73	40079.62
267.78	40036.69
267.83	40010.04
267.88	40000.03
267.93	39994.78
267.97	39984.76
268.02	39957.12
268.07	39902.59
268.12	39841.13
268.17	39779.80
268.21	39736.59
268.26	39690.98
268.31	39649.29
268.36	39606.21
268.41	39564.94
268.46	39515.13
268.50	39477.57
268.55	39434.71
268.60	39377.91
268.65	39317.12
268.70	39235.09
268.74	39167.73
268.79	39095.82
268.84	39043.23
268.89	38996.10
268.94	38970.13
268.99	38930.07
269.03	38896.08
269.08	38847.41
269.13	38781.42
269.18	38694.05
269.23	38596.10
269.27	38480.24
269.32	38353.65
269.37	38229.23
269.42	38098.74
269.47	37964.50
269.51	37828.84
269.56	37697.30
269.61	37555.66
269.66	37410.49
269.71	37253.33
269.76	37109.16
269.80	36955.26
269.85	36801.29
269.90	36654.78
269.95	36511.97
270.00	36350.10
270.04	36202.23
270.09	36061.73
270.14	35921.55
270.19	35783.22
270.24	35655.44
270.28	35505.12
270.33	35342.12
270.38	35168.77
270.43	34994.83
270.48	34820.47
270.52	34658.23
270.57	34498.90
270.62	34338.36
270.67	34188.31
270.72	34027.61
270.76	33852.86
270.81	33687.41
270.86	33521.02
270.91	33344.85
270.96	33179.21
271.00	33024.74
271.05	32866.55
271.10	32719.74
271.15	32585.63
271.20	32461.46
271.24	32323.22
271.29	32187.21
271.34	32045.83
271.39	31899.82
271.44	31749.30
271.48	31616.72
271.53	31476.35
271.58	31334.45
271.63	31189.08
271.67	31037.08
271.72	30888.19
271.77	30745.36
271.82	30604.29
271.87	30462.97
271.91	30309.34
271.96	30163.28
272.01	30018.30
272.06	29885.65
272.11	29765.12
272.15	29660.39
272.20	29559.57
272.25	29465.93
272.30	29364.84
272.35	29258.27
272.39	29153.63
272.44	29033.18
272.49	28898.96
272.54	28766.52
272.58	28618.88
272.63	28466.32
272.68	28312.69
272.73	28154.88
272.78	27980.44
272.82	27785.61
272.87	27569.76
272.92	27288.89
272.97	26768.08
273.01	23816.49
273.06	18885.30
273.11	13448.19
273.16	8110.90
273.21	3050.55
273.25	460.11
273.30	-88.83
273.35	-89.33
