165.32	3383.27
165.38	-247.42
165.44	597.03
165.50	-76.82
165.55	-18.36
165.61	4.25
165.67	32.59
165.72	41.06
165.78	46.56
165.84	45.03
165.89	41.96
165.95	40.35
166.01	40.04
166.06	41.62
166.12	44.11
166.18	42.22
166.23	43.81
166.29	43.45
166.35	40.15
166.40	39.59
166.46	45.88
166.52	48.56
166.57	48.88
166.63	49.45
166.69	51.88
166.74	45.86
166.80	46.41
166.86	48.76
166.91	49.50
166.97	43.78
167.03	46.46
167.08	40.62
167.14	39.80
167.20	37.72
167.25	49.91
167.31	49.81
167.37	54.94
167.42	56.34
167.48	62.30
167.54	57.12
167.59	56.78
167.65	52.60
167.71	52.67
167.76	51.53
167.82	47.07
167.88	47.06
167.93	55.15
167.99	54.17
168.05	56.40
168.10	64.04
168.16	63.38
168.21	61.24
168.27	65.59
168.33	67.45
168.38	60.54
168.44	65.07
168.50	63.72
168.55	62.01
168.61	62.61
168.67	64.35
168.72	61.43
168.78	61.53
168.84	57.22
168.89	55.78
168.95	56.69
169.01	56.81
169.06	56.69
169.12	56.35
169.18	54.49
169.23	54.52
169.29	58.64
169.34	62.96
169.40	65.70
169.46	69.80
169.51	71.32
169.57	66.94
169.63	62.44
169.68	67.43
169.74	64.02
169.80	69.95
169.85	70.55
169.91	74.98
169.97	71.32
170.02	71.46
170.08	70.59
170.13	71.42
170.19	70.99
170.25	72.20
170.30	76.27
170.36	67.74
170.42	69.51
170.47	70.44
170.53	71.61
170.59	68.64
170.64	72.46
170.70	70.83
170.76	68.25
170.81	70.03
170.87	69.36
170.92	70.10
170.98	73.57
171.04	76.31
171.09	72.08
171.15	79.67
171.21	80.62
171.26	77.21
171.32	74.34
171.37	78.17
171.43	72.49
171.49	77.14
171.54	80.46
171.60	82.17
171.66	83.85
171.71	84.13
171.77	81.90
171.83	87.77
171.88	86.65
171.94	86.02
171.99	90.66
172.05	89.73
172.11	90.78
172.16	99.26
172.22	99.78
172.28	99.74
172.33	97.62
172.39	94.39
172.44	91.34
172.50	96.59
172.56	96.02
172.61	104.19
172.67	103.90
172.72	104.13
172.78	99.49
172.84	94.82
172.89	87.80
172.95	86.96
173.01	87.64
173.06	86.01
173.12	91.58
173.17	93.82
173.23	93.44
173.29	93.43
173.34	95.47
173.40	90.28
173.46	90.34
173.51	93.44
173.57	93.37
173.62	87.92
173.68	94.16
173.74	93.05
173.79	94.15
173.85	91.48
173.90	93.82
173.96	90.35
174.02	87.72
174.07	79.74
174.13	79.02
174.18	81.60
174.24	75.37
174.30	75.50
174.35	80.19
174.41	77.11
174.47	70.62
174.52	70.95
174.58	70.14
174.63	65.59
174.69	64.67
174.75	66.84
174.80	78.64
174.86	75.96
174.91	77.51
174.97	77.41
175.03	74.60
175.08	62.62
175.14	69.06
175.19	64.97
175.25	65.71
175.31	70.03
175.36	70.91
175.42	68.36
175.47	73.32
175.53	73.55
175.59	70.19
175.64	72.60
175.70	70.44
175.75	65.79
175.81	64.33
175.87	65.62
175.92	60.99
175.98	62.70
176.03	62.65
176.09	62.92
176.15	62.59
176.20	63.56
176.26	63.48
176.31	66.99
176.37	65.10
176.42	66.54
176.48	70.41
176.54	67.32
176.59	64.17
176.65	66.41
176.70	67.49
176.76	66.58
176.82	64.72
176.87	62.09
176.93	62.09
176.98	60.67
177.04	55.81
177.10	60.94
177.15	62.30
177.21	62.43
177.26	61.34
177.32	65.28
177.37	67.01
177.43	70.47
177.49	67.47
177.54	65.55
177.60	65.94
177.65	66.57
177.71	61.46
177.77	65.07
177.82	66.27
177.88	70.18
177.93	65.47
177.99	71.83
178.04	66.73
178.10	67.64
178.16	60.84
178.21	61.90
178.27	58.62
178.32	63.34
178.38	62.09
178.43	63.56
178.49	63.16
178.55	62.47
178.60	61.01
178.66	60.34
178.71	61.81
178.77	60.01
178.82	61.04
178.88	60.63
178.94	61.12
178.99	62.44
179.05	67.00
179.10	63.46
179.16	66.45
179.21	68.70
179.27	67.18
179.33	62.78
179.38	66.52
179.44	64.30
179.49	64.64
179.55	63.12
179.60	63.41
179.66	62.01
179.72	64.60
179.77	61.88
179.83	60.76
179.88	61.94
179.94	63.68
179.99	60.03
180.05	60.15
180.11	60.87
180.16	63.26
180.22	65.48
180.27	69.89
180.33	70.89
180.38	75.29
180.44	70.89
180.49	70.49
180.55	68.46
180.61	72.37
180.66	67.23
180.72	65.84
180.77	63.80
180.83	63.75
180.88	60.63
180.94	60.19
180.99	63.91
181.05	64.11
181.11	65.40
181.16	65.79
181.22	67.71
181.27	69.95
181.33	68.30
181.38	65.55
181.44	66.64
181.49	70.28
181.55	70.68
181.61	77.08
181.66	79.29
181.72	77.42
181.77	74.95
181.83	72.69
181.88	78.22
181.94	79.58
181.99	84.30
182.05	84.82
182.11	85.16
182.16	75.77
182.22	73.62
182.27	69.39
182.33	71.53
182.38	71.36
182.44	75.73
182.49	78.00
182.55	79.75
182.60	79.67
182.66	83.49
182.72	85.83
182.77	88.27
182.83	91.77
182.88	94.19
182.94	95.06
182.99	92.41
183.05	91.00
183.10	93.22
183.16	93.10
183.21	94.70
183.27	101.89
183.32	105.29
183.38	107.77
183.44	113.90
183.49	117.82
183.55	118.69
183.60	124.81
183.66	130.45
183.71	139.08
183.77	146.65
183.82	155.00
183.88	164.97
183.93	175.47
183.99	187.86
184.04	203.28
184.10	215.07
184.15	226.59
184.21	239.57
184.27	241.58
184.32	242.39
184.38	240.83
184.43	237.69
184.49	222.74
184.54	207.77
184.60	199.95
184.65	187.72
184.71	178.97
184.76	180.60
184.82	197.00
184.87	212.78
184.93	236.96
184.98	263.42
185.04	293.51
185.09	316.85
185.15	341.62
185.20	372.56
185.26	405.98
185.31	433.75
185.37	461.62
185.43	481.77
185.48	500.33
185.54	522.18
185.59	547.20
185.65	571.11
185.70	610.94
185.76	655.17
185.81	688.67
185.87	725.52
185.92	770.17
185.98	805.73
186.03	822.88
186.09	826.38
186.14	803.66
186.20	751.61
186.25	667.69
186.31	585.40
186.36	521.71
186.42	493.14
186.47	503.44
186.53	551.52
186.58	619.11
186.64	692.04
186.69	763.92
186.75	823.68
186.80	881.81
186.86	939.80
186.91	998.92
186.97	1053.09
187.02	1123.08
187.08	1191.09
187.13	1250.09
187.19	1314.58
187.24	1381.65
187.30	1432.62
187.35	1484.37
187.41	1551.64
187.47	1615.16
187.52	1669.08
187.58	1727.77
187.63	1797.29
187.69	1865.41
187.74	1923.46
187.80	1975.19
187.85	2021.07
187.91	2041.81
187.96	2029.07
188.02	1965.50
188.07	1860.28
188.13	1704.94
188.18	1540.17
188.24	1415.54
188.29	1356.79
188.35	1366.69
188.40	1447.62
188.46	1572.03
188.51	1696.54
188.57	1826.00
188.62	1948.49
188.67	2063.59
188.73	2173.28
188.78	2277.56
188.84	2380.20
188.89	2483.99
188.95	2588.01
189.00	2678.99
189.06	2776.50
189.11	2866.70
189.17	2946.94
189.22	3018.11
189.28	3105.29
189.33	3183.10
189.39	3250.34
189.44	3318.57
189.50	3394.95
189.55	3462.43
189.61	3514.43
189.66	3572.71
189.72	3630.60
189.77	3681.97
189.83	3712.63
189.88	3722.74
189.94	3692.14
189.99	3612.69
190.05	3459.53
190.10	3241.14
190.16	2992.66
190.21	2776.06
190.27	2633.32
190.32	2595.66
190.38	2663.46
190.43	2813.76
190.49	2993.24
190.54	3156.11
190.60	3302.28
190.65	3432.61
190.71	3554.76
190.76	3668.70
190.81	3783.55
190.87	3895.32
190.92	4016.78
190.98	4132.77
191.03	4248.48
191.09	4369.70
191.14	4479.80
191.20	4570.55
191.25	4667.99
191.31	4764.11
191.36	4857.14
191.42	4949.95
191.47	5051.76
191.53	5151.03
191.58	5234.84
191.64	5301.09
191.69	5362.30
191.75	5409.41
191.80	5441.77
191.85	5463.02
191.91	5483.21
191.96	5507.45
192.02	5532.95
192.07	5546.40
192.13	5542.66
192.18	5498.31
192.24	5381.71
192.29	5188.74
192.35	4965.52
192.40	4782.15
192.46	4671.97
192.51	4669.33
192.57	4765.21
192.62	4940.35
192.67	5124.08
192.73	5304.85
192.78	5465.39
192.84	5617.89
192.89	5752.64
192.95	5885.03
193.00	5995.18
193.06	6103.15
193.11	6207.74
193.17	6299.29
193.22	6379.69
193.28	6472.49
193.33	6549.50
193.38	6615.67
193.44	6686.34
193.49	6757.98
193.55	6814.68
193.60	6872.09
193.66	6926.26
193.71	6966.65
193.77	6992.76
193.82	7015.17
193.88	7033.57
193.93	7062.94
193.98	7093.59
194.04	7135.97
194.09	7180.19
194.15	7232.88
194.20	7277.32
194.26	7318.39
194.31	7358.45
194.37	7386.29
194.42	7394.02
194.47	7382.84
194.53	7342.16
194.58	7254.03
194.64	7146.24
194.69	7048.78
194.75	6982.46
194.80	6965.76
194.86	7009.34
194.91	7099.85
194.97	7207.06
195.02	7315.19
195.07	7422.02
195.13	7526.90
195.18	7636.29
195.24	7741.63
195.29	7847.79
195.35	7943.79
195.40	8042.81
195.46	8124.48
195.51	8212.60
195.56	8291.50
195.62	8368.75
195.67	8433.03
195.73	8502.14
195.78	8554.88
195.84	8598.53
195.89	8633.79
195.94	8668.32
196.00	8698.14
196.05	8731.90
196.11	8777.40
196.16	8828.86
196.22	8882.38
196.27	8943.06
196.32	8996.34
196.38	9044.31
196.43	9091.46
196.49	9131.28
196.54	9167.06
196.60	9211.08
196.65	9256.44
196.71	9300.18
196.76	9348.05
196.81	9386.00
196.87	9416.69
196.92	9443.08
196.98	9459.61
197.03	9466.20
197.09	9460.72
197.14	9456.07
197.19	9457.57
197.25	9471.93
197.30	9500.17
197.36	9554.96
197.41	9619.36
197.47	9684.06
197.52	9749.67
197.57	9816.29
197.63	9868.06
197.68	9920.19
197.74	9969.07
197.79	10011.13
197.84	10055.64
197.90	10104.59
197.95	10146.05
198.01	10192.66
198.06	10240.94
198.12	10285.52
198.17	10325.53
198.22	10369.46
198.28	10406.18
198.33	10448.39
198.39	10486.87
198.44	10533.34
198.49	10576.23
198.55	10623.64
198.60	10667.57
198.66	10709.72
198.71	10760.94
198.77	10807.68
198.82	10857.48
198.87	10905.23
198.93	10956.64
198.98	10998.87
199.04	11048.39
199.09	11086.32
199.14	11130.37
199.20	11173.36
199.25	11211.30
199.31	11252.34
199.36	11296.46
199.42	11336.06
199.47	11375.03
199.52	11415.76
199.58	11454.52
199.63	11484.97
199.69	11517.24
199.74	11552.55
199.79	11575.82
199.85	11600.53
199.90	11642.76
199.96	11684.40
200.01	11725.88
200.06	11779.09
200.12	11833.93
200.17	11886.10
200.23	11936.66
200.28	11982.49
200.33	12037.27
200.39	12080.46
200.44	12116.02
200.50	12157.48
200.55	12193.53
200.60	12225.36
200.66	12260.55
200.71	12295.97
200.77	12332.76
200.82	12375.74
200.87	12414.44
200.93	12451.30
200.98	12495.65
201.04	12535.69
201.09	12577.25
201.14	12633.24
201.20	12688.08
201.25	12743.78
201.31	12800.28
201.36	12862.13
201.41	12912.62
201.47	12972.15
201.52	13023.82
201.58	13081.52
201.63	13128.67
201.68	13178.13
201.74	13223.16
201.79	13271.61
201.84	13320.45
201.90	13372.39
201.95	13421.36
202.01	13472.75
202.06	13523.67
202.11	13566.42
202.17	13609.59
202.22	13656.49
202.28	13697.58
202.33	13739.99
202.38	13778.62
202.44	13820.56
202.49	13866.66
202.54	13916.76
202.60	13964.37
202.65	14012.89
202.71	14061.14
202.76	14101.84
202.81	14146.66
202.87	14192.80
202.92	14243.54
202.98	14297.59
203.03	14352.51
203.08	14405.26
203.14	14455.83
203.19	14508.43
203.24	14560.21
203.30	14606.68
203.35	14648.55
203.41	14696.49
203.46	14741.03
203.51	14779.95
203.57	14823.06
203.62	14875.84
203.67	14926.57
203.73	14970.44
203.78	15017.91
203.84	15072.20
203.89	15108.95
203.94	15153.65
204.00	15205.08
204.05	15255.06
204.10	15293.50
204.16	15333.53
204.21	15366.35
204.27	15399.59
204.32	15430.23
204.37	15458.85
204.43	15487.46
204.48	15514.53
204.53	15537.66
204.59	15571.78
204.64	15636.41
204.69	15714.14
204.75	15798.56
204.80	15889.58
204.86	15966.74
204.91	16024.28
204.96	16080.72
205.02	16122.40
205.07	16169.83
205.12	16231.67
205.18	16297.48
205.23	16364.40
205.28	16445.71
205.34	16520.33
205.39	16590.53
205.45	16653.76
205.50	16715.63
205.55	16768.68
205.61	16824.83
205.66	16879.58
205.71	16943.29
205.77	17004.27
205.82	17067.06
205.87	17124.23
205.93	17176.59
205.98	17224.17
206.03	17263.52
206.09	17308.53
206.14	17360.61
206.20	17416.90
206.25	17469.02
206.30	17527.63
206.36	17588.90
206.41	17651.83
206.46	17704.67
206.52	17756.07
206.57	17808.96
206.62	17848.69
206.68	17886.72
206.73	17936.80
206.78	17991.97
206.84	18047.43
206.89	18108.62
206.94	18170.15
207.00	18235.02
207.05	18300.68
207.11	18366.50
207.16	18425.57
207.21	18486.84
207.27	18540.70
207.32	18597.55
207.37	18652.98
207.43	18711.99
207.48	18767.25
207.53	18821.48
207.59	18875.89
207.64	18929.65
207.69	18999.57
207.75	19063.39
207.80	19122.32
207.85	19174.86
207.91	19230.87
207.96	19280.02
208.01	19335.66
208.07	19396.99
208.12	19458.58
208.17	19512.68
208.23	19561.20
208.28	19610.59
208.33	19662.50
208.39	19724.22
208.44	19791.06
208.49	19853.53
208.55	19913.27
208.60	19971.88
208.65	20014.29
208.71	20065.44
208.76	20121.51
208.81	20181.40
208.87	20242.67
208.92	20308.52
208.97	20369.35
209.03	20428.43
209.08	20487.24
209.13	20543.65
209.19	20601.66
209.24	20657.28
209.29	20718.17
209.35	20772.86
209.40	20838.73
209.45	20903.84
209.51	20972.49
209.56	21035.96
209.61	21101.20
209.67	21159.73
209.72	21225.16
209.77	21283.90
209.83	21344.71
209.88	21414.62
209.93	21477.75
209.99	21538.05
210.04	21604.27
210.09	21673.52
210.15	21727.29
210.20	21790.73
210.25	21851.98
210.31	21914.57
210.36	21962.45
210.41	22019.91
210.46	22074.96
210.52	22130.47
210.57	22181.29
210.62	22242.44
210.68	22303.28
210.73	22358.89
210.78	22419.60
210.84	22478.52
210.89	22540.22
210.94	22599.01
211.00	22662.77
211.05	22713.98
211.10	22775.87
211.16	22831.94
211.21	22899.11
211.26	22961.05
211.32	23037.13
211.37	23106.64
211.42	23179.23
211.47	23245.49
211.53	23311.39
211.58	23370.25
211.63	23424.53
211.69	23474.03
211.74	23520.51
211.79	23567.39
211.85	23626.42
211.90	23690.69
211.95	23763.31
212.01	23837.55
212.06	23921.58
212.11	23992.57
212.16	24063.55
212.22	24135.63
212.27	24201.76
212.32	24261.85
212.38	24327.25
212.43	24391.46
212.48	24453.49
212.54	24522.24
212.59	24593.49
212.64	24661.43
212.69	24725.25
212.75	24794.47
212.80	24856.47
212.85	24919.17
212.91	24973.16
212.96	25033.24
213.01	25088.25
213.07	25146.76
213.12	25205.79
213.17	25274.07
213.22	25336.01
213.28	25392.86
213.33	25446.32
213.38	25500.43
213.44	25550.09
213.49	25618.98
213.54	25693.07
213.60	25776.65
213.65	25858.09
213.70	25948.52
213.75	26014.82
213.81	26076.67
213.86	26131.75
213.91	26186.75
213.97	26225.96
214.02	26273.67
214.07	26316.15
214.12	26361.58
214.18	26406.44
214.23	26469.00
214.28	26527.48
214.34	26592.33
214.39	26652.56
214.44	26693.43
214.49	26715.72
214.55	26732.65
214.60	26738.32
214.65	26733.33
214.71	26737.20
214.76	26775.92
214.81	26846.86
214.86	26960.94
214.92	27089.31
214.97	27225.54
215.02	27343.05
215.08	27438.26
215.13	27508.01
215.18	27564.80
215.23	27618.63
215.29	27676.19
215.34	27750.50
215.39	27831.44
215.45	27936.64
215.50	28043.26
215.55	28144.71
215.60	28224.97
215.66	28293.45
215.71	28357.25
215.76	28430.97
215.81	28488.74
215.87	28550.85
215.92	28614.11
215.97	28671.27
216.03	28722.97
216.08	28788.33
216.13	28846.88
216.18	28905.44
216.24	28967.86
216.29	29019.53
216.34	29071.14
216.39	29139.47
216.45	29203.89
216.50	29260.82
216.55	29321.05
216.61	29388.92
216.66	29442.53
216.71	29500.63
216.76	29558.43
216.82	29637.04
216.87	29705.80
216.92	29780.44
216.97	29843.41
217.03	29921.48
217.08	29989.77
217.13	30069.09
217.18	30141.23
217.24	30219.25
217.29	30288.93
217.34	30342.89
217.39	30382.85
217.45	30431.96
217.50	30481.22
217.55	30536.47
217.61	30612.15
217.66	30681.65
217.71	30747.50
217.76	30826.86
217.82	30908.45
217.87	30974.60
217.92	31050.49
217.97	31120.94
218.03	31179.23
218.08	31221.33
218.13	31263.19
218.18	31308.77
218.24	31375.13
218.29	31435.54
218.34	31494.35
218.39	31565.08
218.45	31631.70
218.50	31686.27
218.55	31749.10
218.60	31821.17
218.66	31872.38
218.71	31937.12
218.76	31998.84
218.81	32054.70
218.87	32112.46
218.92	32182.54
218.97	32252.20
219.02	32323.27
219.08	32398.34
219.13	32471.24
219.18	32538.79
219.23	32595.93
219.29	32656.26
219.34	32717.33
219.39	32773.44
219.44	32839.17
219.50	32909.19
219.55	32976.80
219.60	33044.60
219.65	33110.39
219.71	33172.42
219.76	33223.85
219.81	33273.63
219.86	33325.62
219.92	33381.97
219.97	33432.62
220.02	33486.14
220.07	33545.51
220.13	33605.57
220.18	33671.53
220.23	33741.92
220.28	33826.30
220.33	33905.16
220.39	33972.71
220.44	34029.60
220.49	34085.37
220.54	34126.15
220.60	34176.60
220.65	34238.49
220.70	34304.74
220.75	34379.82
220.81	34467.05
220.86	34543.63
220.91	34608.11
220.96	34679.28
221.02	34746.73
221.07	34809.78
221.12	34862.16
221.17	34922.92
221.22	34978.37
221.28	35031.33
221.33	35087.35
221.38	35148.39
221.43	35219.97
221.49	35278.47
221.54	35347.64
221.59	35413.32
221.64	35497.91
221.69	35586.42
221.75	35691.05
221.80	35797.09
221.85	35874.02
221.90	35945.54
221.96	36006.82
222.01	36041.32
222.06	36068.98
222.11	36123.01
222.17	36158.14
222.22	36179.59
222.27	36226.95
222.32	36271.96
222.37	36315.42
222.43	36377.62
222.48	36446.92
222.53	36520.79
222.58	36602.16
222.63	36680.09
222.69	36746.24
222.74	36826.50
222.79	36888.33
222.84	36932.78
222.90	36982.15
222.95	37033.06
223.00	37074.12
223.05	37131.83
223.10	37193.28
223.16	37250.74
223.21	37299.69
223.26	37339.27
223.31	37375.76
223.36	37412.60
223.42	37456.06
223.47	37495.11
223.52	37542.67
223.57	37591.28
223.63	37652.17
223.68	37696.70
223.73	37769.88
223.78	37845.47
223.83	37914.04
223.89	37967.52
223.94	38038.52
223.99	38100.26
224.04	38177.09
224.09	38257.19
224.15	38349.16
224.20	38429.50
224.25	38517.16
224.30	38592.76
224.35	38676.14
224.41	38769.18
224.46	38868.24
224.51	38951.27
224.56	39030.68
224.61	39104.44
224.67	39172.64
224.72	39243.83
224.77	39337.39
224.82	39434.48
224.87	39525.39
224.93	39604.20
224.98	39688.05
225.03	39769.89
225.08	39848.68
225.13	39933.79
225.19	40026.19
225.24	40119.76
225.29	40201.67
225.34	40287.33
225.39	40370.16
225.45	40447.88
225.50	40522.59
225.55	40600.98
225.60	40668.81
225.65	40752.85
225.71	40840.59
225.76	40921.39
225.81	40999.84
225.86	41084.77
225.91	41159.72
225.97	41226.51
226.02	41282.00
226.07	41323.28
226.12	41360.16
226.17	41404.22
226.22	41473.91
226.28	41574.10
226.33	41697.69
226.38	41828.84
226.43	41939.94
226.48	42023.27
226.54	42090.72
226.59	42156.43
226.64	42214.48
226.69	42266.08
226.74	42329.29
226.80	42400.12
226.85	42463.62
226.90	42526.54
226.95	42624.44
227.00	42718.14
227.05	42807.91
227.11	42905.59
227.16	43009.84
227.21	43086.12
227.26	43172.52
227.31	43251.77
227.37	43303.09
227.42	43369.77
227.47	43447.35
227.52	43507.36
227.57	43570.23
227.62	43666.29
227.68	43739.98
227.73	43816.17
227.78	43904.60
227.83	43989.85
227.88	44053.95
227.93	44129.77
227.99	44203.61
228.04	44283.49
228.09	44355.84
228.14	44431.15
228.19	44503.76
228.24	44569.68
228.30	44630.55
228.35	44693.63
228.40	44763.99
228.45	44814.20
228.50	44881.78
228.56	44938.76
228.61	44996.64
228.66	45049.50
228.71	45121.39
228.76	45173.22
228.81	45226.00
228.87	45275.61
228.92	45337.09
228.97	45394.65
229.02	45477.44
229.07	45548.24
229.12	45643.79
229.17	45719.53
229.23	45799.29
229.28	45871.40
229.33	45954.70
229.38	46023.10
229.43	46099.07
229.48	46173.49
229.54	46244.25
229.59	46319.32
229.64	46395.19
229.69	46471.80
229.74	46565.53
229.79	46633.22
229.85	46711.09
229.90	46779.58
229.95	46845.35
230.00	46895.97
230.05	46981.71
230.10	47041.55
230.16	47108.04
230.21	47171.40
230.26	47228.07
230.31	47262.32
230.36	47324.21
230.41	47378.54
230.46	47458.23
230.52	47547.34
230.57	47640.37
230.62	47731.10
230.67	47804.85
230.72	47858.53
230.77	47904.18
230.82	47948.09
230.88	47972.63
230.93	48018.95
230.98	48058.89
231.03	48111.76
231.08	48162.82
231.13	48213.99
231.19	48279.36
231.24	48358.18
231.29	48433.60
231.34	48508.24
231.39	48590.04
231.44	48660.83
231.49	48712.07
231.55	48752.63
231.60	48787.39
231.65	48831.46
231.70	48873.32
231.75	48923.41
231.80	48976.59
231.85	49041.68
231.91	49085.07
231.96	49136.77
232.01	49196.21
232.06	49258.74
232.11	49324.50
232.16	49406.14
232.21	49493.93
232.26	49584.73
232.32	49666.62
232.37	49733.52
232.42	49797.05
232.47	49834.40
232.52	49872.96
232.57	49923.60
232.62	49990.08
232.68	50053.37
232.73	50134.45
232.78	50215.95
232.83	50288.43
232.88	50353.98
232.93	50422.54
232.98	50489.77
233.03	50546.56
233.09	50613.56
233.14	50690.79
233.19	50752.88
233.24	50801.88
233.29	50844.49
233.34	50868.49
233.39	50877.79
233.45	50902.96
233.50	50943.74
233.55	50994.54
233.60	51060.10
233.65	51123.77
233.70	51186.54
233.75	51241.23
233.80	51293.85
233.86	51350.21
233.91	51402.89
233.96	51451.82
234.01	51503.28
234.06	51562.37
234.11	51617.74
234.16	51672.35
234.21	51732.28
234.26	51774.15
234.32	51804.79
234.37	51843.57
234.42	51881.98
234.47	51902.35
234.52	51934.03
234.57	51974.19
234.62	52006.09
234.67	52046.53
234.73	52106.84
234.78	52178.10
234.83	52229.19
234.88	52280.58
234.93	52319.98
234.98	52361.01
235.03	52396.51
235.08	52456.85
235.13	52510.45
235.19	52577.83
235.24	52638.58
235.29	52704.36
235.34	52747.06
235.39	52780.84
235.44	52815.21
235.49	52853.29
235.54	52878.79
235.59	52899.13
235.65	52932.05
235.70	52968.18
235.75	53001.65
235.80	53059.29
235.85	53116.47
235.90	53160.37
235.95	53192.84
236.00	53223.21
236.05	53232.03
236.11	53260.69
236.16	53297.14
236.21	53340.97
236.26	53384.13
236.31	53420.59
236.36	53445.46
236.41	53459.59
236.46	53468.29
236.51	53477.41
236.56	53494.93
236.62	53521.27
236.67	53558.64
236.72	53601.13
236.77	53635.49
236.82	53686.58
236.87	53706.80
236.92	53727.29
236.97	53766.46
237.02	53808.76
237.07	53858.29
237.13	53927.74
237.18	53996.45
237.23	54042.68
237.28	54090.61
237.33	54119.87
237.38	54135.42
237.43	54157.24
237.48	54157.99
237.53	54177.44
237.58	54199.85
237.63	54253.04
237.69	54294.54
237.74	54349.77
237.79	54382.58
237.84	54396.15
237.89	54399.53
237.94	54405.40
237.99	54420.04
238.04	54441.22
238.09	54471.24
238.14	54495.49
238.19	54515.11
238.25	54534.06
238.30	54531.49
238.35	54531.56
238.40	54531.14
238.45	54534.61
238.50	54538.89
238.55	54548.55
238.60	54573.36
238.65	54593.56
238.70	54613.96
238.75	54627.99
238.80	54657.72
238.86	54665.54
238.91	54676.94
238.96	54709.01
239.01	54742.51
239.06	54772.91
239.11	54796.57
239.16	54829.77
239.21	54829.95
239.26	54824.63
239.31	54828.18
239.36	54848.89
239.41	54862.21
239.46	54891.44
239.52	54922.37
239.57	54948.31
239.62	54964.90
239.67	54988.26
239.72	55012.42
239.77	55031.20
239.82	55044.59
239.87	55059.09
239.92	55064.87
239.97	55056.04
240.02	55039.72
240.07	55030.07
240.12	55020.93
240.17	55021.50
240.23	55027.47
240.28	55044.45
240.33	55055.96
240.38	55054.40
240.43	55062.04
240.48	55080.23
240.53	55096.41
240.58	55112.22
240.63	55146.28
240.68	55145.04
240.73	55131.75
240.78	55127.31
240.83	55133.78
240.88	55109.84
240.93	55104.97
240.98	55106.52
241.04	55121.51
241.09	55135.83
241.14	55169.55
241.19	55217.89
241.24	55249.82
241.29	55266.32
241.34	55278.43
241.39	55289.73
241.44	55292.80
241.49	55292.52
241.54	55286.13
241.59	55278.68
241.64	55281.42
241.69	55261.05
241.74	55253.02
241.79	55254.10
241.84	55247.68
241.90	55222.47
241.95	55205.69
242.00	55180.88
242.05	55140.14
242.10	55118.27
242.15	55105.16
242.20	55099.75
242.25	55095.76
242.30	55102.10
242.35	55097.31
242.40	55093.54
242.45	55082.32
242.50	55074.38
242.55	55072.01
242.60	55066.23
242.65	55068.78
242.70	55079.56
242.75	55107.72
242.80	55148.94
242.85	55181.51
242.91	55191.13
242.96	55186.10
243.01	55172.01
243.06	55135.05
243.11	55106.55
243.16	55090.92
243.21	55097.94
243.26	55099.07
243.31	55113.43
243.36	55122.52
243.41	55138.18
243.46	55128.14
243.51	55094.26
243.56	55041.89
243.61	54983.96
243.66	54936.22
243.71	54902.61
243.76	54910.30
243.81	54930.78
243.86	54942.63
243.91	54948.07
243.96	54947.06
244.01	54915.35
244.06	54884.76
244.12	54867.80
244.17	54860.10
244.22	54864.33
244.27	54891.47
244.32	54922.59
244.37	54952.92
244.42	54955.05
244.47	54946.88
244.52	54928.42
244.57	54893.39
244.62	54853.13
244.67	54827.55
244.72	54803.33
244.77	54800.62
244.82	54823.76
244.87	54859.45
244.92	54884.67
244.97	54899.52
245.02	54894.89
245.07	54870.04
245.12	54846.15
245.17	54824.88
245.22	54829.11
245.27	54822.41
245.32	54787.45
245.37	54751.13
245.42	54707.04
245.47	54648.23
245.52	54600.04
245.57	54586.25
245.62	54565.88
245.67	54560.33
245.72	54556.42
245.77	54544.24
245.82	54525.82
245.87	54525.60
245.92	54534.60
245.98	54526.44
246.03	54526.19
246.08	54539.58
246.13	54532.27
246.18	54529.42
246.23	54534.55
246.28	54525.08
246.33	54507.64
246.38	54486.97
246.43	54449.92
246.48	54427.84
246.53	54425.76
246.58	54426.69
246.63	54426.71
246.68	54415.70
246.73	54397.45
246.78	54368.39
246.83	54316.30
246.88	54265.34
246.93	54221.74
246.98	54176.29
247.03	54144.84
247.08	54136.33
247.13	54136.42
247.18	54141.59
247.23	54162.65
247.28	54173.80
247.33	54160.75
247.38	54135.01
247.43	54117.25
247.48	54089.88
247.53	54049.70
247.58	54021.59
247.63	54000.79
247.68	53954.65
247.73	53899.72
247.78	53866.59
247.83	53833.55
247.88	53804.27
247.93	53809.42
247.98	53812.38
248.03	53812.58
248.08	53824.53
248.13	53825.83
248.18	53805.04
248.23	53800.72
248.28	53775.88
248.33	53731.95
248.38	53695.36
248.43	53677.32
248.48	53658.79
248.53	53644.50
248.58	53632.15
248.63	53631.44
248.68	53608.59
248.73	53575.07
248.78	53538.13
248.83	53488.20
248.88	53415.76
248.93	53347.76
248.98	53269.94
249.03	53229.54
249.08	53214.29
249.13	53217.21
249.18	53209.41
249.23	53226.68
249.28	53221.69
249.33	53211.97
249.38	53194.83
249.43	53183.53
249.48	53161.21
249.53	53148.24
249.58	53124.24
249.63	53099.38
249.68	53086.05
249.73	53064.26
249.78	53036.07
249.83	53030.16
249.88	53008.09
249.93	52991.44
249.98	52986.21
250.03	52989.84
250.08	52969.69
250.13	52963.20
250.18	52936.10
250.23	52896.19
250.28	52830.83
250.33	52774.63
250.37	52722.01
250.42	52680.11
250.47	52646.01
250.52	52642.35
250.57	52628.74
250.62	52602.88
250.67	52570.70
250.72	52553.09
250.77	52501.15
250.82	52479.95
250.87	52476.04
250.92	52469.06
250.97	52443.23
251.02	52440.70
251.07	52435.01
251.12	52414.03
251.17	52380.83
251.22	52353.77
251.27	52321.74
251.32	52272.59
251.37	52221.96
251.42	52181.81
251.47	52138.49
251.52	52107.88
251.57	52088.12
251.62	52074.64
251.67	52058.58
251.72	52042.12
251.77	52006.96
251.82	51960.40
251.87	51916.36
251.92	51880.71
251.97	51829.31
252.02	51784.95
252.07	51758.32
252.12	51745.69
252.16	51733.52
252.21	51727.09
252.26	51734.47
252.31	51738.11
252.36	51721.43
252.41	51704.49
252.46	51688.64
252.51	51662.72
252.56	51620.90
252.61	51593.16
252.66	51566.21
252.71	51540.76
252.76	51511.39
252.81	51478.23
252.86	51425.91
252.91	51379.58
252.96	51314.94
253.01	51248.55
253.06	51189.41
253.11	51144.07
253.16	51095.08
253.21	51053.35
253.26	51016.91
253.31	50986.51
253.36	50958.43
253.40	50937.23
253.45	50930.66
253.50	50896.17
253.55	50860.98
253.60	50821.09
253.65	50772.45
253.70	50728.65
253.75	50716.57
253.80	50697.56
253.85	50691.54
253.90	50695.62
253.95	50693.56
254.00	50684.92
254.05	50669.12
254.10	50635.09
254.15	50599.02
254.20	50569.39
254.25	50534.58
254.30	50501.96
254.35	50465.75
254.39	50399.62
254.44	50311.20
254.49	50233.30
254.54	50206.01
254.59	50166.58
254.64	50165.69
254.69	50173.14
254.74	50174.74
254.79	50139.12
254.84	50108.39
254.89	50078.90
254.94	50060.59
254.99	50041.77
255.04	50019.49
255.09	50014.78
255.14	49988.15
255.19	49976.23
255.23	49965.82
255.28	49962.38
255.33	49946.97
255.38	49942.26
255.43	49925.22
255.48	49900.16
255.53	49861.38
255.58	49834.30
255.63	49801.17
255.68	49746.93
255.73	49700.14
255.78	49666.30
255.83	49643.21
255.88	49624.19
255.93	49602.39
255.97	49584.28
256.02	49555.48
256.07	49511.78
256.12	49432.48
256.17	49381.00
256.22	49333.57
256.27	49287.18
256.32	49234.99
256.37	49214.28
256.42	49192.58
256.47	49159.99
256.52	49129.58
256.57	49108.58
256.62	49092.12
256.66	49080.58
256.71	49052.69
256.76	49012.89
256.81	48960.49
256.86	48912.75
256.91	48866.56
256.96	48820.46
257.01	48790.70
257.06	48773.49
257.11	48739.96
257.16	48686.24
257.21	48647.32
257.26	48603.12
257.30	48561.38
257.35	48524.33
257.40	48499.81
257.45	48487.31
257.50	48462.05
257.55	48429.76
257.60	48402.46
257.65	48377.33
257.70	48333.40
257.75	48299.45
257.80	48269.13
257.85	48245.11
257.89	48194.96
257.94	48142.51
257.99	48086.44
258.04	48030.34
258.09	47977.95
258.14	47952.89
258.19	47938.73
258.24	47919.68
258.29	47890.25
258.34	47849.54
258.39	47813.13
258.44	47756.81
258.48	47700.90
258.53	47661.46
258.58	47624.64
258.63	47567.62
258.68	47521.72
258.73	47490.01
258.78	47453.32
258.83	47408.14
258.88	47373.95
258.93	47336.84
258.97	47306.63
259.02	47270.48
259.07	47246.61
259.12	47230.76
259.17	47229.92
259.22	47215.23
259.27	47202.35
259.32	47181.18
259.37	47136.71
259.42	47089.79
259.47	47047.54
259.51	47002.78
259.56	46941.85
259.61	46867.08
259.66	46787.45
259.71	46710.18
259.76	46642.55
259.81	46581.78
259.86	46549.41
259.91	46509.02
259.95	46472.33
260.00	46446.16
260.05	46435.39
260.10	46417.06
260.15	46417.07
260.20	46413.76
260.25	46409.18
260.30	46394.33
260.35	46367.60
260.40	46332.61
260.44	46304.06
260.49	46273.60
260.54	46235.19
260.59	46209.24
260.64	46205.02
260.69	46200.00
260.74	46160.99
260.79	46126.86
260.84	46091.47
260.88	46024.89
260.93	45951.78
260.98	45918.58
261.03	45875.94
261.08	45847.10
261.13	45814.52
261.18	45773.25
261.23	45713.28
261.28	45677.04
261.32	45629.22
261.37	45579.09
261.42	45545.29
261.47	45526.44
261.52	45476.02
261.57	45429.69
261.62	45393.85
261.67	45343.74
261.71	45271.62
261.76	45232.00
261.81	45185.05
261.86	45130.27
261.91	45085.46
261.96	45048.61
262.01	45008.65
262.06	44981.19
262.10	44971.65
262.15	44951.40
262.20	44936.85
262.25	44917.75
262.30	44901.28
262.35	44874.80
262.40	44847.97
262.45	44821.89
262.49	44790.97
262.54	44751.51
262.59	44719.47
262.64	44696.03
262.69	44656.73
262.74	44609.30
262.79	44559.24
262.84	44509.19
262.88	44456.32
262.93	44407.84
262.98	44372.32
263.03	44335.16
263.08	44286.64
263.13	44217.84
263.18	44154.14
263.23	44089.15
263.27	44042.85
263.32	44009.77
263.37	43999.58
263.42	43983.41
263.47	43966.69
263.52	43938.06
263.57	43899.96
263.61	43854.21
263.66	43812.68
263.71	43771.05
263.76	43734.38
263.81	43686.42
263.86	43653.29
263.91	43618.25
263.95	43562.68
264.00	43501.46
264.05	43459.93
264.10	43389.85
264.15	43323.47
264.20	43283.90
264.25	43241.00
264.29	43193.57
264.34	43148.77
264.39	43115.12
264.44	43058.96
264.49	43012.39
264.54	42970.93
264.59	42943.27
264.63	42897.28
264.68	42848.74
264.73	42796.97
264.78	42746.42
264.83	42685.16
264.88	42647.75
264.93	42625.02
264.97	42603.26
265.02	42583.21
265.07	42563.56
265.12	42517.71
265.17	42473.92
265.22	42437.61
265.27	42377.62
265.31	42315.95
265.36	42253.21
265.41	42192.33
265.46	42117.09
265.51	42047.09
265.56	41988.47
265.60	41945.90
265.65	41889.02
265.70	41836.38
265.75	41784.32
265.80	41731.74
265.85	41665.32
265.90	41615.04
265.94	41564.82
265.99	41507.59
266.04	41458.71
266.09	41423.79
266.14	41389.24
266.19	41347.21
266.23	41317.56
266.28	41275.44
266.33	41236.84
266.38	41203.24
266.43	41179.06
266.48	41160.90
266.52	41143.51
266.57	41106.91
266.62	41062.05
266.67	41014.87
266.72	40960.21
266.77	40925.08
266.81	40897.78
266.86	40869.65
266.91	40842.86
266.96	40805.79
267.01	40766.38
267.06	40719.17
267.10	40671.55
267.15	40623.98
267.20	40597.64
267.25	40554.02
267.30	40519.21
267.35	40483.04
267.39	40445.30
267.44	40401.09
267.49	40347.06
267.54	40297.37
267.59	40247.76
267.64	40189.75
267.68	40125.81
267.73	40081.20
267.78	40036.67
267.83	40009.93
267.88	39999.94
267.93	39994.46
267.97	39986.78
268.02	39958.77
268.07	39910.42
268.12	39847.17
268.17	39785.37
268.21	39732.32
268.26	39682.08
268.31	39641.10
268.36	39601.03
268.41	39555.66
268.46	39503.45
268.50	39464.95
268.55	39417.36
268.60	39358.15
268.65	39302.58
268.70	39228.94
268.74	39161.51
268.79	39091.14
268.84	39041.11
268.89	38994.18
268.94	38963.73
268.99	38922.25
269.03	38883.14
269.08	38828.99
269.13	38750.87
269.18	38668.45
269.23	38575.54
269.27	38467.48
269.32	38343.20
269.37	38229.93
269.42	38096.94
269.47	37961.96
269.51	37828.06
269.56	37697.79
269.61	37555.58
269.66	37407.34
269.71	37252.57
269.76	37102.31
269.80	36948.88
269.85	36802.04
269.90	36664.50
269.95	36520.19
270.00	36363.37
270.04	36210.74
270.09	36065.37
270.14	35915.60
270.19	35775.32
270.24	35644.65
270.28	35500.22
270.33	35327.71
270.38	35154.75
270.43	34985.52
270.48	34800.93
270.52	34645.59
270.57	34493.36
270.62	34332.49
270.67	34175.38
270.72	34028.58
270.76	33847.78
270.81	33676.22
270.86	33511.91
270.91	33338.28
270.96	33170.25
271.00	33012.25
271.05	32864.52
271.10	32724.98
271.15	32588.41
271.20	32460.76
271.24	32326.38
271.29	32185.42
271.34	32037.19
271.39	31891.39
271.44	31737.67
271.48	31599.94
271.53	31459.80
271.58	31316.26
271.63	31169.39
271.67	31020.26
271.72	30876.14
271.77	30735.01
271.82	30600.42
271.87	30467.81
271.91	30317.28
271.96	30177.11
272.01	30038.26
272.06	29904.09
272.11	29778.59
272.15	29673.88
272.20	29562.55
272.25	29461.13
272.30	29363.69
272.35	29260.20
272.39	29156.61
272.44	29043.21
272.49	28906.15
272.54	28768.04
272.58	28619.38
272.63	28465.55
272.68	28310.69
272.73	28156.20
272.78	27981.74
272.82	27783.32
272.87	27563.29
272.92	27273.74
272.97	26755.46
273.01	23806.09
273.06	18878.02
273.11	13443.65
273.16	8113.87
273.21	3052.55
273.25	461.14
273.30	-88.97
273.35	-89.97
