165.32	3383.69
165.38	-248.17
165.44	596.69
165.50	-77.29
165.55	-18.60
165.61	3.64
165.67	31.41
165.72	40.90
165.78	46.38
165.84	44.81
165.89	42.02
165.95	40.77
166.01	39.47
166.06	41.24
166.12	43.97
166.18	41.92
166.23	43.28
166.29	42.75
166.35	38.93
166.40	37.96
166.46	44.64
166.52	47.73
166.57	49.01
166.63	50.10
166.69	52.64
166.74	46.75
166.80	47.00
166.86	48.77
166.91	49.33
166.97	43.25
167.03	45.81
167.08	39.99
167.14	38.89
167.20	36.88
167.25	49.68
167.31	50.27
167.37	56.17
167.42	58.10
167.48	64.25
167.54	58.88
167.59	58.14
167.65	53.62
167.71	53.54
167.76	51.95
167.82	47.45
167.88	46.74
167.93	54.06
167.99	52.79
168.05	55.61
168.10	62.97
168.16	63.05
168.21	61.17
168.27	65.66
168.33	67.40
168.38	60.42
168.44	64.59
168.50	63.30
168.55	61.79
168.61	62.17
168.67	64.28
168.72	61.65
168.78	61.61
168.84	57.50
168.89	55.99
168.95	56.80
169.01	56.05
169.06	55.57
169.12	54.92
169.18	52.63
169.23	52.51
169.29	56.71
169.34	61.77
169.40	64.30
169.46	68.78
169.51	70.45
169.57	66.08
169.63	61.28
169.68	66.17
169.74	62.69
169.80	68.87
169.85	70.15
169.91	74.54
169.97	70.41
170.02	70.73
170.08	69.47
170.13	70.12
170.19	69.60
170.25	71.46
170.30	75.26
170.36	67.26
170.42	69.10
170.47	69.90
170.53	71.40
170.59	68.44
170.64	71.77
170.70	70.33
170.76	68.25
170.81	70.02
170.87	69.46
170.92	70.59
170.98	72.96
171.04	75.24
171.09	71.09
171.15	78.68
171.21	79.45
171.26	76.71
171.32	73.87
171.37	77.40
171.43	71.91
171.49	76.02
171.54	79.64
171.60	81.07
171.66	82.83
171.71	82.75
171.77	80.87
171.83	86.59
171.88	86.15
171.94	85.67
171.99	90.85
172.05	89.41
172.11	89.91
172.16	98.53
172.22	98.77
172.28	98.70
172.33	97.22
172.39	94.78
172.44	91.50
172.50	97.11
172.56	96.59
172.61	105.20
172.67	104.58
172.72	104.01
172.78	99.35
172.84	94.55
172.89	87.37
172.95	86.63
173.01	88.25
173.06	86.74
173.12	92.69
173.17	94.07
173.23	93.98
173.29	93.78
173.34	95.40
173.40	89.90
173.46	90.71
173.51	93.13
173.57	93.56
173.62	87.56
173.68	94.06
173.74	92.99
173.79	94.55
173.85	91.21
173.90	93.89
173.96	90.40
174.02	87.25
174.07	79.22
174.13	79.03
174.18	81.52
174.24	74.74
174.30	75.02
174.35	79.90
174.41	76.73
174.47	70.83
174.52	71.75
174.58	70.89
174.63	66.44
174.69	65.30
174.75	67.14
174.80	78.28
174.86	76.03
174.91	77.52
174.97	77.20
175.03	74.67
175.08	62.24
175.14	68.49
175.19	64.52
175.25	65.24
175.31	70.02
175.36	71.65
175.42	68.39
175.47	72.51
175.53	73.11
175.59	69.16
175.64	70.83
175.70	69.35
175.75	65.03
175.81	63.04
175.87	64.45
175.92	60.62
175.98	62.13
176.03	61.98
176.09	62.75
176.15	62.52
176.20	63.70
176.26	63.72
176.31	67.50
176.37	64.90
176.42	65.85
176.48	69.18
176.54	66.66
176.59	63.46
176.65	66.20
176.70	67.69
176.76	67.35
176.82	65.51
176.87	62.37
176.93	62.49
176.98	60.73
177.04	55.78
177.10	60.16
177.15	62.11
177.21	63.04
177.26	61.78
177.32	65.03
177.37	66.97
177.43	70.24
177.49	66.82
177.54	64.76
177.60	65.60
177.65	66.00
177.71	60.49
177.77	62.91
177.82	64.31
177.88	67.78
177.93	62.99
177.99	69.89
178.04	65.99
178.10	67.21
178.16	60.53
178.21	61.80
178.27	58.67
178.32	62.60
178.38	61.35
178.43	63.04
178.49	63.10
178.55	62.50
178.60	61.18
178.66	60.51
178.71	62.11
178.77	59.65
178.82	60.44
178.88	60.20
178.94	60.67
178.99	61.95
179.05	66.87
179.10	63.10
179.16	66.28
179.21	68.57
179.27	67.24
179.33	62.30
179.38	65.88
179.44	63.51
179.49	63.52
179.55	61.35
179.60	61.76
179.66	60.68
179.72	63.25
179.77	60.73
179.83	60.11
179.88	61.64
179.94	62.84
179.99	59.45
180.05	59.73
180.11	60.30
180.16	62.67
180.22	65.20
180.27	69.46
180.33	70.31
180.38	74.48
180.44	70.43
180.49	70.41
180.55	68.40
180.61	72.45
180.66	67.11
180.72	65.38
180.77	63.12
180.83	63.03
180.88	60.21
180.94	60.33
180.99	63.95
181.05	64.45
181.11	65.65
181.16	65.90
181.22	67.02
181.27	69.44
181.33	67.59
181.38	63.96
181.44	65.03
181.49	69.33
181.55	69.37
181.61	75.88
181.66	78.72
181.72	76.10
181.77	73.78
181.83	71.55
181.88	76.26
181.94	78.20
181.99	83.55
182.05	83.72
182.11	84.77
182.16	75.70
182.22	73.35
182.27	68.59
182.33	71.32
182.38	70.94
182.44	75.87
182.49	78.44
182.55	80.55
182.60	80.06
182.66	82.96
182.72	85.23
182.77	86.95
182.83	90.57
182.88	93.46
182.94	94.78
182.99	92.02
183.05	90.88
183.10	93.03
183.16	92.00
183.21	93.63
183.27	100.44
183.32	104.30
183.38	106.94
183.44	113.38
183.49	117.53
183.55	118.66
183.60	124.23
183.66	129.42
183.71	137.88
183.77	144.77
183.82	153.17
183.88	163.14
183.93	174.42
183.99	186.43
184.04	201.81
184.10	213.17
184.15	224.46
184.21	236.17
184.27	238.18
184.32	239.18
184.38	237.29
184.43	233.97
184.49	218.89
184.54	203.93
184.60	196.65
184.65	185.08
184.71	176.75
184.76	179.26
184.82	195.75
184.87	210.34
184.93	234.14
184.98	260.15
185.04	289.19
185.09	312.46
185.15	337.28
185.20	368.05
185.26	400.45
185.31	428.41
185.37	455.08
185.43	474.28
185.48	491.69
185.54	514.55
185.59	538.00
185.65	561.71
185.70	601.48
185.76	646.22
185.81	679.38
185.87	716.19
185.92	760.05
185.98	794.32
186.03	809.53
186.09	811.60
186.14	788.81
186.20	738.17
186.25	656.68
186.31	575.99
186.36	513.12
186.42	485.76
186.47	496.56
186.53	543.27
186.58	610.22
186.64	682.61
186.69	751.16
186.75	809.38
186.80	867.54
186.86	925.95
186.91	984.59
186.97	1040.90
187.02	1110.25
187.08	1175.20
187.13	1232.01
187.19	1295.41
187.24	1362.05
187.30	1411.84
187.35	1464.96
187.41	1531.51
187.47	1594.91
187.52	1648.44
187.58	1706.57
187.63	1773.73
187.69	1841.73
187.74	1898.28
187.80	1949.30
187.85	1996.31
187.91	2019.89
187.96	2006.16
188.02	1944.67
188.07	1840.51
188.13	1686.35
188.18	1522.11
188.24	1400.52
188.29	1342.60
188.35	1352.91
188.40	1431.45
188.46	1554.60
188.51	1676.35
188.57	1802.51
188.62	1921.97
188.67	2035.26
188.73	2143.23
188.78	2248.19
188.84	2349.98
188.89	2453.18
188.95	2557.30
189.00	2647.94
189.06	2744.33
189.11	2835.58
189.17	2915.58
189.22	2986.70
189.28	3071.43
189.33	3144.99
189.39	3209.41
189.44	3275.50
189.50	3350.02
189.55	3418.97
189.61	3475.00
189.66	3533.06
189.72	3588.91
189.77	3640.80
189.83	3668.33
189.88	3676.90
189.94	3649.53
189.99	3574.61
190.05	3424.45
190.10	3211.81
190.16	2965.59
190.21	2747.45
190.27	2606.66
190.32	2570.09
190.38	2638.70
190.43	2789.78
190.49	2970.87
190.54	3131.50
190.60	3274.74
190.65	3403.42
190.71	3521.26
190.76	3631.50
190.81	3743.63
190.87	3855.07
190.92	3977.25
190.98	4094.13
191.03	4210.52
191.09	4333.03
191.14	4441.60
191.20	4529.77
191.25	4626.93
191.31	4726.32
191.36	4818.08
191.42	4913.05
191.47	5015.03
191.53	5115.93
191.58	5199.65
191.64	5268.05
191.69	5331.35
191.75	5376.07
191.80	5402.42
191.85	5419.74
191.91	5441.03
191.96	5459.74
192.02	5487.61
192.07	5504.51
192.13	5502.54
192.18	5455.77
192.24	5343.42
192.29	5151.65
192.35	4931.25
192.40	4750.50
192.46	4643.28
192.51	4636.46
192.57	4733.42
192.62	4907.70
192.67	5090.37
192.73	5270.03
192.78	5433.47
192.84	5584.53
192.89	5720.33
192.95	5847.58
193.00	5961.22
193.06	6068.80
193.11	6172.47
193.17	6261.23
193.22	6344.07
193.28	6431.93
193.33	6508.56
193.38	6575.56
193.44	6647.60
193.49	6722.82
193.55	6781.35
193.60	6838.56
193.66	6894.13
193.71	6937.29
193.77	6963.20
193.82	6982.45
193.88	7004.33
193.93	7028.42
193.98	7053.14
194.04	7091.48
194.09	7140.53
194.15	7189.91
194.20	7232.51
194.26	7275.31
194.31	7319.37
194.37	7344.14
194.42	7353.77
194.47	7344.85
194.53	7308.68
194.58	7220.23
194.64	7114.61
194.69	7019.04
194.75	6952.95
194.80	6934.63
194.86	6975.50
194.91	7063.99
194.97	7168.45
195.02	7281.80
195.07	7391.61
195.13	7498.09
195.18	7611.24
195.24	7721.08
195.29	7826.67
195.35	7923.53
195.40	8020.37
195.46	8097.87
195.51	8177.17
195.56	8254.01
195.62	8330.20
195.67	8397.90
195.73	8469.95
195.78	8529.05
195.84	8573.57
195.89	8609.45
195.94	8646.00
196.00	8678.09
196.05	8710.03
196.11	8758.54
196.16	8807.10
196.22	8857.99
196.27	8912.95
196.32	8966.87
196.38	9014.03
196.43	9063.79
196.49	9103.20
196.54	9144.04
196.60	9186.78
196.65	9229.46
196.71	9272.04
196.76	9320.57
196.81	9355.10
196.87	9389.80
196.92	9419.04
196.98	9437.44
197.03	9448.80
197.09	9447.61
197.14	9443.39
197.19	9444.21
197.25	9459.63
197.30	9485.34
197.36	9536.96
197.41	9596.58
197.47	9660.09
197.52	9720.14
197.57	9784.31
197.63	9840.83
197.68	9892.93
197.74	9944.24
197.79	9990.67
197.84	10036.22
197.90	10082.05
197.95	10126.91
198.01	10169.64
198.06	10214.90
198.12	10259.82
198.17	10293.44
198.22	10336.00
198.28	10372.98
198.33	10415.29
198.39	10455.69
198.44	10509.27
198.49	10556.54
198.55	10602.67
198.60	10646.36
198.66	10686.60
198.71	10737.76
198.77	10783.36
198.82	10832.43
198.87	10881.52
198.93	10930.31
198.98	10970.62
199.04	11013.70
199.09	11054.08
199.14	11094.27
199.20	11134.39
199.25	11179.86
199.31	11221.90
199.36	11265.47
199.42	11310.12
199.47	11355.95
199.52	11393.59
199.58	11435.69
199.63	11468.22
199.69	11500.19
199.74	11533.24
199.79	11553.87
199.85	11582.87
199.90	11622.57
199.96	11662.74
200.01	11703.93
200.06	11757.54
200.12	11803.01
200.17	11855.57
200.23	11903.73
200.28	11947.11
200.33	11998.78
200.39	12047.24
200.44	12087.56
200.50	12134.13
200.55	12177.31
200.60	12210.97
200.66	12249.95
200.71	12286.10
200.77	12322.90
200.82	12361.15
200.87	12398.16
200.93	12433.24
200.98	12474.70
201.04	12513.57
201.09	12558.10
201.14	12612.10
201.20	12662.73
201.25	12719.57
201.31	12777.16
201.36	12839.46
201.41	12896.95
201.47	12958.11
201.52	13009.24
201.58	13064.39
201.63	13109.63
201.68	13150.09
201.74	13195.52
201.79	13245.43
201.84	13298.26
201.90	13346.70
201.95	13404.48
202.01	13461.30
202.06	13515.13
202.11	13555.10
202.17	13605.23
202.22	13651.72
202.28	13688.04
202.33	13730.45
202.38	13770.14
202.44	13813.58
202.49	13855.53
202.54	13903.64
202.60	13943.34
202.65	13994.72
202.71	14042.59
202.76	14082.47
202.81	14125.89
202.87	14178.13
202.92	14224.55
202.98	14271.73
203.03	14325.46
203.08	14377.67
203.14	14421.23
203.19	14476.05
203.24	14530.27
203.30	14583.34
203.35	14636.09
203.41	14684.33
203.46	14729.51
203.51	14769.61
203.57	14812.18
203.62	14858.57
203.67	14916.77
203.73	14962.93
203.78	15016.22
203.84	15069.80
203.89	15112.63
203.94	15154.07
204.00	15203.30
204.05	15246.31
204.10	15279.12
204.16	15316.36
204.21	15351.17
204.27	15379.44
204.32	15407.52
204.37	15447.92
204.43	15477.07
204.48	15499.32
204.53	15525.41
204.59	15560.11
204.64	15609.97
204.69	15683.44
204.75	15769.58
204.80	15862.41
204.86	15945.33
204.91	16008.60
204.96	16065.41
205.02	16109.96
205.07	16155.63
205.12	16217.73
205.18	16286.03
205.23	16355.85
205.28	16438.02
205.34	16509.95
205.39	16576.69
205.45	16645.82
205.50	16703.40
205.55	16756.78
205.61	16818.64
205.66	16874.80
205.71	16937.73
205.77	17000.30
205.82	17061.43
205.87	17118.11
205.93	17163.94
205.98	17205.37
206.03	17248.62
206.09	17296.97
206.14	17344.83
206.20	17404.04
206.25	17459.56
206.30	17520.02
206.36	17576.50
206.41	17636.43
206.46	17691.00
206.52	17737.36
206.57	17789.22
206.62	17835.31
206.68	17878.81
206.73	17927.76
206.78	17984.58
206.84	18035.34
206.89	18091.58
206.94	18154.25
207.00	18216.57
207.05	18283.44
207.11	18351.14
207.16	18411.68
207.21	18472.94
207.27	18530.23
207.32	18588.09
207.37	18645.35
207.43	18702.04
207.48	18750.96
207.53	18808.20
207.59	18856.83
207.64	18907.45
207.69	18976.59
207.75	19049.10
207.80	19104.31
207.85	19167.00
207.91	19224.27
207.96	19272.26
208.01	19324.71
208.07	19383.95
208.12	19445.42
208.17	19500.62
208.23	19559.03
208.28	19608.06
208.33	19666.65
208.39	19721.54
208.44	19787.32
208.49	19844.15
208.55	19904.39
208.60	19956.02
208.65	20007.94
208.71	20058.03
208.76	20113.74
208.81	20174.37
208.87	20239.39
208.92	20296.94
208.97	20359.07
209.03	20418.49
209.08	20479.43
209.13	20537.86
209.19	20600.72
209.24	20659.90
209.29	20719.53
209.35	20770.41
209.40	20828.31
209.45	20891.45
209.51	20953.29
209.56	21022.21
209.61	21088.19
209.67	21155.90
209.72	21211.40
209.77	21271.67
209.83	21328.73
209.88	21398.69
209.93	21459.10
209.99	21522.30
210.04	21589.39
210.09	21656.91
210.15	21716.82
210.20	21779.60
210.25	21846.04
210.31	21905.70
210.36	21953.27
210.41	22002.49
210.46	22063.27
210.52	22120.36
210.57	22172.50
210.62	22235.85
210.68	22300.61
210.73	22346.74
210.78	22402.03
210.84	22462.87
210.89	22521.46
210.94	22579.83
211.00	22644.62
211.05	22701.23
211.10	22762.52
211.16	22823.30
211.21	22888.37
211.26	22951.59
211.32	23021.70
211.37	23084.07
211.42	23148.06
211.47	23214.75
211.53	23279.59
211.58	23340.17
211.63	23398.46
211.69	23460.35
211.74	23511.12
211.79	23563.76
211.85	23622.05
211.90	23685.66
211.95	23750.78
212.01	23819.60
212.06	23896.37
212.11	23969.55
212.16	24043.01
212.22	24117.29
212.27	24181.53
212.32	24242.84
212.38	24310.36
212.43	24380.77
212.48	24439.73
212.54	24515.28
212.59	24595.41
212.64	24661.69
212.69	24722.60
212.75	24784.38
212.80	24841.71
212.85	24897.69
212.91	24951.43
212.96	25010.15
213.01	25076.02
213.07	25139.79
213.12	25201.65
213.17	25265.83
213.22	25328.60
213.28	25390.34
213.33	25437.61
213.38	25495.32
213.44	25555.82
213.49	25624.05
213.54	25689.96
213.60	25779.61
213.65	25854.47
213.70	25937.46
213.75	26007.02
213.81	26070.90
213.86	26130.58
213.91	26187.44
213.97	26236.28
214.02	26284.10
214.07	26334.85
214.12	26372.98
214.18	26421.43
214.23	26471.00
214.28	26524.99
214.34	26576.26
214.39	26629.83
214.44	26674.94
214.49	26697.31
214.55	26715.90
214.60	26723.78
214.65	26728.18
214.71	26725.35
214.76	26770.77
214.81	26843.34
214.86	26960.26
214.92	27083.70
214.97	27223.19
215.02	27336.48
215.08	27425.23
215.13	27494.16
215.18	27552.61
215.23	27602.55
215.29	27657.85
215.34	27731.56
215.39	27819.84
215.45	27926.40
215.50	28041.61
215.55	28150.77
215.60	28235.54
215.66	28294.24
215.71	28353.38
215.76	28415.31
215.81	28473.32
215.87	28538.32
215.92	28606.10
215.97	28664.55
216.03	28717.99
216.08	28776.37
216.13	28836.00
216.18	28892.11
216.24	28955.75
216.29	29010.25
216.34	29064.06
216.39	29129.33
216.45	29189.57
216.50	29242.76
216.55	29308.65
216.61	29378.74
216.66	29432.59
216.71	29492.26
216.76	29551.99
216.82	29630.10
216.87	29690.93
216.92	29768.49
216.97	29836.33
217.03	29916.52
217.08	29980.47
217.13	30066.99
217.18	30138.55
217.24	30212.93
217.29	30280.99
217.34	30328.18
217.39	30364.34
217.45	30407.38
217.50	30458.34
217.55	30516.42
217.61	30589.53
217.66	30662.65
217.71	30738.24
217.76	30820.16
217.82	30896.60
217.87	30974.31
217.92	31051.53
217.97	31110.80
218.03	31165.45
218.08	31211.74
218.13	31250.00
218.18	31291.92
218.24	31361.70
218.29	31419.82
218.34	31479.60
218.39	31546.46
218.45	31610.74
218.50	31663.24
218.55	31727.51
218.60	31793.32
218.66	31850.67
218.71	31918.68
218.76	31986.88
218.81	32049.49
218.87	32111.60
218.92	32176.51
218.97	32247.83
219.02	32311.90
219.08	32383.40
219.13	32458.83
219.18	32527.82
219.23	32579.37
219.29	32637.40
219.34	32693.60
219.39	32755.19
219.44	32822.03
219.50	32899.92
219.55	32969.76
219.60	33035.53
219.65	33098.39
219.71	33164.75
219.76	33214.45
219.81	33266.13
219.86	33324.46
219.92	33371.32
219.97	33418.82
220.02	33470.64
220.07	33531.74
220.13	33594.00
220.18	33658.95
220.23	33735.37
220.28	33817.14
220.33	33895.34
220.39	33952.06
220.44	34009.95
220.49	34055.98
220.54	34104.09
220.60	34152.09
220.65	34216.95
220.70	34292.83
220.75	34370.75
220.81	34449.77
220.86	34530.46
220.91	34603.47
220.96	34667.14
221.02	34732.67
221.07	34799.55
221.12	34851.70
221.17	34908.34
221.22	34966.67
221.28	35024.18
221.33	35077.75
221.38	35142.65
221.43	35216.49
221.49	35283.36
221.54	35347.57
221.59	35415.70
221.64	35494.85
221.69	35580.86
221.75	35679.22
221.80	35772.05
221.85	35847.85
221.90	35908.41
221.96	35959.34
222.01	35999.09
222.06	36038.81
222.11	36092.01
222.17	36139.84
222.22	36175.52
222.27	36216.07
222.32	36265.31
222.37	36323.39
222.43	36388.19
222.48	36451.65
222.53	36521.26
222.58	36599.13
222.63	36663.28
222.69	36726.46
222.74	36811.15
222.79	36877.26
222.84	36921.91
222.90	36971.37
222.95	37019.05
223.00	37048.98
223.05	37096.18
223.10	37161.32
223.16	37219.66
223.21	37271.09
223.26	37323.93
223.31	37370.36
223.36	37402.82
223.42	37444.85
223.47	37482.69
223.52	37526.60
223.57	37573.84
223.63	37632.10
223.68	37682.16
223.73	37761.70
223.78	37836.26
223.83	37898.92
223.89	37954.65
223.94	38022.55
223.99	38085.64
224.04	38161.98
224.09	38243.26
224.15	38338.67
224.20	38419.76
224.25	38495.73
224.30	38568.93
224.35	38657.26
224.41	38752.50
224.46	38846.90
224.51	38930.89
224.56	39012.66
224.61	39092.79
224.67	39159.04
224.72	39232.62
224.77	39331.36
224.82	39426.88
224.87	39507.21
224.93	39585.76
224.98	39671.13
225.03	39757.65
225.08	39841.19
225.13	39925.76
225.19	40019.16
225.24	40107.95
225.29	40178.29
225.34	40258.78
225.39	40351.62
225.45	40440.69
225.50	40525.17
225.55	40605.79
225.60	40686.91
225.65	40766.06
225.71	40838.85
225.76	40908.05
225.81	40983.42
225.86	41061.10
225.91	41129.00
225.97	41190.55
226.02	41252.64
226.07	41299.95
226.12	41341.39
226.17	41386.92
226.22	41466.25
226.28	41572.37
226.33	41693.48
226.38	41808.50
226.43	41921.53
226.48	42004.30
226.54	42065.55
226.59	42133.67
226.64	42201.33
226.69	42258.15
226.74	42317.65
226.80	42383.72
226.85	42442.82
226.90	42503.44
226.95	42590.94
227.00	42679.33
227.05	42774.93
227.11	42871.02
227.16	42978.00
227.21	43068.40
227.26	43158.73
227.31	43230.38
227.37	43289.77
227.42	43356.30
227.47	43426.99
227.52	43495.29
227.57	43562.16
227.62	43651.60
227.68	43724.44
227.73	43796.14
227.78	43875.15
227.83	43965.39
227.88	44041.27
227.93	44119.39
227.99	44201.07
228.04	44273.30
228.09	44347.85
228.14	44416.07
228.19	44480.20
228.24	44540.32
228.30	44612.43
228.35	44675.05
228.40	44746.24
228.45	44804.97
228.50	44880.76
228.56	44936.32
228.61	44994.19
228.66	45047.44
228.71	45112.09
228.76	45154.51
228.81	45205.79
228.87	45256.19
228.92	45313.98
228.97	45376.19
229.02	45465.28
229.07	45541.76
229.12	45625.85
229.17	45693.89
229.23	45768.24
229.28	45845.22
229.33	45933.21
229.38	46011.80
229.43	46096.21
229.48	46176.39
229.54	46234.47
229.59	46293.09
229.64	46365.55
229.69	46439.94
229.74	46526.61
229.79	46600.72
229.85	46679.56
229.90	46745.59
229.95	46808.13
230.00	46860.57
230.05	46933.83
230.10	47000.75
230.16	47069.15
230.21	47129.73
230.26	47183.75
230.31	47230.38
230.36	47284.41
230.41	47342.26
230.46	47433.07
230.52	47532.57
230.57	47620.29
230.62	47710.83
230.67	47779.09
230.72	47829.62
230.77	47864.48
230.82	47909.50
230.88	47930.65
230.93	47976.14
230.98	48028.78
231.03	48088.68
231.08	48150.16
231.13	48211.95
231.19	48277.17
231.24	48338.39
231.29	48414.08
231.34	48476.88
231.39	48561.55
231.44	48635.99
231.49	48698.26
231.55	48738.52
231.60	48790.65
231.65	48833.13
231.70	48871.37
231.75	48913.53
231.80	48961.26
231.85	49015.96
231.91	49059.39
231.96	49106.41
232.01	49173.10
232.06	49243.08
232.11	49301.96
232.16	49384.14
232.21	49471.70
232.26	49555.93
232.32	49639.17
232.37	49711.74
232.42	49778.97
232.47	49833.89
232.52	49875.95
232.57	49929.10
232.62	49987.45
232.68	50046.65
232.73	50121.95
232.78	50201.89
232.83	50271.95
232.88	50345.39
232.93	50414.44
232.98	50472.60
233.03	50520.48
233.09	50578.89
233.14	50642.06
233.19	50699.65
233.24	50754.16
233.29	50803.61
233.34	50837.30
233.39	50862.38
233.45	50888.84
233.50	50930.57
233.55	50984.79
233.60	51045.05
233.65	51106.72
233.70	51170.75
233.75	51216.99
233.80	51268.57
233.86	51325.15
233.91	51374.92
233.96	51421.86
234.01	51477.62
234.06	51530.68
234.11	51588.45
234.16	51649.94
234.21	51711.21
234.26	51762.96
234.32	51798.36
234.37	51831.00
234.42	51866.89
234.47	51893.50
234.52	51921.52
234.57	51962.36
234.62	52006.40
234.67	52050.68
234.73	52108.05
234.78	52173.10
234.83	52223.79
234.88	52265.61
234.93	52305.57
234.98	52344.59
235.03	52380.05
235.08	52441.71
235.13	52501.00
235.19	52572.75
235.24	52634.00
235.29	52695.66
235.34	52738.33
235.39	52771.89
235.44	52799.23
235.49	52833.24
235.54	52865.08
235.59	52889.85
235.65	52917.93
235.70	52952.67
235.75	52996.25
235.80	53047.67
235.85	53103.31
235.90	53153.94
235.95	53182.30
236.00	53204.93
236.05	53223.12
236.11	53246.25
236.16	53277.85
236.21	53321.00
236.26	53356.98
236.31	53386.59
236.36	53407.91
236.41	53420.29
236.46	53432.21
236.51	53450.41
236.56	53478.38
236.62	53507.29
236.67	53553.18
236.72	53605.95
236.77	53637.60
236.82	53677.81
236.87	53703.22
236.92	53716.56
236.97	53737.41
237.02	53781.91
237.07	53836.47
237.13	53895.32
237.18	53954.74
237.23	54005.78
237.28	54046.92
237.33	54074.85
237.38	54099.02
237.43	54124.55
237.48	54128.76
237.53	54153.45
237.58	54184.37
237.63	54227.35
237.69	54272.77
237.74	54331.37
237.79	54373.77
237.84	54376.67
237.89	54377.76
237.94	54386.51
237.99	54399.34
238.04	54406.71
238.09	54427.60
238.14	54463.09
238.19	54481.49
238.25	54498.60
238.30	54502.20
238.35	54512.53
238.40	54507.85
238.45	54514.62
238.50	54519.43
238.55	54527.83
238.60	54552.80
238.65	54590.83
238.70	54609.70
238.75	54622.51
238.80	54649.41
238.86	54646.48
238.91	54648.51
238.96	54671.20
239.01	54711.12
239.06	54742.72
239.11	54783.95
239.16	54807.99
239.21	54810.01
239.26	54796.87
239.31	54804.85
239.36	54815.22
239.41	54842.37
239.46	54872.99
239.52	54908.92
239.57	54931.89
239.62	54951.43
239.67	54971.16
239.72	54995.64
239.77	55008.83
239.82	55024.81
239.87	55039.72
239.92	55043.98
239.97	55039.21
240.02	55029.67
240.07	55014.93
240.12	55008.58
240.17	55003.95
240.23	54997.52
240.28	55002.79
240.33	55020.29
240.38	55016.36
240.43	55020.65
240.48	55046.62
240.53	55073.73
240.58	55092.10
240.63	55127.44
240.68	55138.79
240.73	55130.36
240.78	55119.52
240.83	55111.51
240.88	55096.43
240.93	55080.42
240.98	55078.02
241.04	55091.80
241.09	55114.62
241.14	55127.15
241.19	55175.48
241.24	55216.12
241.29	55238.41
241.34	55242.67
241.39	55263.23
241.44	55269.44
241.49	55263.98
241.54	55256.51
241.59	55252.26
241.64	55255.72
241.69	55234.90
241.74	55219.56
241.79	55211.52
241.84	55203.55
241.90	55179.26
241.95	55160.29
242.00	55143.63
242.05	55120.95
242.10	55119.24
242.15	55102.12
242.20	55093.80
242.25	55090.18
242.30	55079.89
242.35	55053.84
242.40	55053.07
242.45	55047.32
242.50	55044.09
242.55	55045.77
242.60	55045.10
242.65	55047.89
242.70	55057.50
242.75	55078.90
242.80	55126.10
242.85	55163.90
242.91	55172.72
242.96	55167.89
243.01	55153.33
243.06	55124.43
243.11	55093.44
243.16	55077.52
243.21	55078.11
243.26	55079.73
243.31	55087.97
243.36	55095.97
243.41	55107.92
243.46	55111.11
243.51	55081.23
243.56	55028.28
243.61	54973.98
243.66	54931.40
243.71	54894.86
243.76	54900.28
243.81	54917.07
243.86	54921.91
243.91	54925.39
243.96	54926.13
244.01	54898.63
244.06	54867.21
244.12	54863.87
244.17	54848.88
244.22	54841.05
244.27	54865.94
244.32	54896.89
244.37	54910.03
244.42	54922.48
244.47	54920.88
244.52	54894.74
244.57	54860.14
244.62	54833.56
244.67	54816.24
244.72	54795.19
244.77	54789.79
244.82	54803.23
244.87	54832.80
244.92	54855.12
244.97	54866.96
245.02	54871.02
245.07	54848.48
245.12	54828.77
245.17	54801.87
245.22	54810.51
245.27	54803.14
245.32	54780.04
245.37	54740.30
245.42	54699.51
245.47	54645.08
245.52	54600.05
245.57	54576.23
245.62	54562.50
245.67	54548.73
245.72	54543.12
245.77	54518.28
245.82	54508.62
245.87	54502.89
245.92	54511.16
245.98	54496.67
246.03	54503.01
246.08	54510.19
246.13	54508.26
246.18	54512.56
246.23	54511.95
246.28	54502.08
246.33	54485.48
246.38	54456.98
246.43	54420.50
246.48	54399.33
246.53	54403.57
246.58	54409.25
246.63	54421.29
246.68	54411.92
246.73	54400.75
246.78	54367.09
246.83	54314.75
246.88	54250.43
246.93	54203.06
246.98	54149.36
247.03	54120.46
247.08	54101.66
247.13	54103.27
247.18	54099.26
247.23	54128.00
247.28	54136.38
247.33	54128.28
247.38	54107.10
247.43	54101.26
247.48	54085.58
247.53	54047.01
247.58	54014.05
247.63	53990.41
247.68	53944.79
247.73	53878.34
247.78	53843.83
247.83	53823.31
247.88	53789.01
247.93	53781.04
247.98	53783.52
248.03	53784.95
248.08	53794.53
248.13	53802.25
248.18	53793.89
248.23	53785.40
248.28	53762.85
248.33	53714.04
248.38	53673.06
248.43	53644.41
248.48	53625.33
248.53	53598.95
248.58	53588.39
248.63	53591.34
248.68	53574.75
248.73	53548.42
248.78	53523.66
248.83	53479.47
248.88	53403.02
248.93	53333.90
248.98	53254.31
249.03	53207.67
249.08	53186.11
249.13	53191.08
249.18	53189.30
249.23	53208.95
249.28	53204.88
249.33	53188.86
249.38	53171.40
249.43	53156.14
249.48	53131.20
249.53	53113.90
249.58	53091.08
249.63	53068.43
249.68	53055.97
249.73	53042.89
249.78	53026.17
249.83	53023.92
249.88	52997.93
249.93	52980.22
249.98	52968.04
250.03	52959.41
250.08	52935.41
250.13	52931.92
250.18	52899.43
250.23	52858.10
250.28	52808.39
250.33	52753.41
250.37	52706.81
250.42	52673.30
250.47	52637.05
250.52	52622.39
250.57	52608.19
250.62	52574.75
250.67	52542.85
250.72	52520.47
250.77	52479.35
250.82	52466.54
250.87	52462.31
250.92	52449.71
250.97	52438.90
251.02	52434.37
251.07	52425.05
251.12	52403.56
251.17	52377.46
251.22	52336.70
251.27	52296.02
251.32	52244.96
251.37	52190.27
251.42	52140.66
251.47	52109.48
251.52	52081.78
251.57	52062.46
251.62	52055.13
251.67	52051.74
251.72	52028.48
251.77	51998.26
251.82	51955.22
251.87	51904.12
251.92	51854.53
251.97	51805.44
252.02	51760.54
252.07	51738.38
252.12	51727.38
252.16	51718.00
252.21	51720.47
252.26	51725.25
252.31	51720.06
252.36	51718.87
252.41	51699.02
252.46	51668.93
252.51	51637.04
252.56	51606.58
252.61	51568.43
252.66	51542.02
252.71	51522.15
252.76	51495.11
252.81	51448.90
252.86	51395.38
252.91	51354.34
252.96	51291.18
253.01	51229.32
253.06	51169.55
253.11	51128.72
253.16	51083.31
253.21	51039.28
253.26	50995.46
253.31	50968.84
253.36	50942.29
253.40	50911.35
253.45	50900.90
253.50	50864.32
253.55	50818.58
253.60	50766.35
253.65	50722.66
253.70	50686.99
253.75	50674.03
253.80	50661.86
253.85	50660.50
253.90	50662.85
253.95	50652.03
254.00	50648.40
254.05	50636.95
254.10	50599.90
254.15	50566.72
254.20	50539.07
254.25	50503.66
254.30	50465.63
254.35	50431.05
254.39	50365.64
254.44	50286.24
254.49	50210.40
254.54	50179.05
254.59	50149.75
254.64	50145.80
254.69	50143.66
254.74	50144.37
254.79	50115.01
254.84	50085.03
254.89	50064.44
254.94	50053.65
254.99	50048.61
255.04	50038.32
255.09	50029.56
255.14	50004.12
255.19	49980.50
255.23	49964.48
255.28	49948.48
255.33	49938.86
255.38	49923.38
255.43	49907.11
255.48	49876.61
255.53	49840.96
255.58	49805.00
255.63	49772.74
255.68	49722.28
255.73	49674.93
255.78	49639.49
255.83	49608.58
255.88	49580.07
255.93	49558.18
255.97	49541.15
256.02	49514.21
256.07	49469.00
256.12	49402.99
256.17	49349.96
256.22	49295.59
256.27	49239.29
256.32	49200.80
256.37	49185.62
256.42	49179.15
256.47	49149.94
256.52	49138.55
256.57	49114.25
256.62	49094.33
256.66	49071.04
256.71	49051.02
256.76	49003.02
256.81	48957.80
256.86	48904.78
256.91	48851.79
256.96	48804.02
257.01	48773.13
257.06	48747.75
257.11	48711.63
257.16	48653.15
257.21	48610.66
257.26	48572.85
257.30	48539.13
257.35	48503.12
257.40	48488.82
257.45	48474.97
257.50	48445.60
257.55	48412.81
257.60	48394.07
257.65	48370.56
257.70	48332.72
257.75	48302.37
257.80	48276.01
257.85	48242.29
257.89	48197.47
257.94	48141.32
257.99	48079.86
258.04	48016.88
258.09	47973.93
258.14	47945.17
258.19	47928.27
258.24	47914.79
258.29	47871.89
258.34	47822.87
258.39	47784.19
258.44	47730.96
258.48	47674.78
258.53	47650.70
258.58	47615.87
258.63	47563.45
258.68	47519.17
258.73	47484.39
258.78	47432.98
258.83	47389.07
258.88	47351.45
258.93	47323.36
258.97	47294.74
259.02	47278.17
259.07	47260.31
259.12	47234.14
259.17	47214.70
259.22	47193.40
259.27	47166.40
259.32	47147.36
259.37	47106.83
259.42	47061.81
259.47	47019.81
259.51	46972.78
259.56	46900.64
259.61	46844.45
259.66	46768.10
259.71	46694.12
259.76	46624.95
259.81	46569.67
259.86	46524.18
259.91	46493.46
259.95	46470.97
260.00	46451.15
260.05	46434.82
260.10	46416.48
260.15	46405.34
260.20	46385.04
260.25	46378.50
260.30	46359.51
260.35	46331.96
260.40	46295.62
260.44	46273.74
260.49	46248.57
260.54	46219.68
260.59	46197.35
260.64	46184.78
260.69	46176.40
260.74	46139.46
260.79	46097.69
260.84	46052.06
260.88	46000.35
260.93	45920.09
260.98	45879.57
261.03	45845.92
261.08	45816.65
261.13	45782.49
261.18	45744.84
261.23	45690.87
261.28	45649.19
261.32	45603.32
261.37	45555.20
261.42	45527.14
261.47	45503.25
261.52	45457.09
261.57	45416.97
261.62	45377.80
261.67	45321.13
261.71	45261.06
261.76	45224.67
261.81	45176.31
261.86	45126.60
261.91	45088.85
261.96	45044.23
262.01	44994.40
262.06	44965.07
262.10	44945.65
262.15	44925.30
262.20	44912.30
262.25	44895.22
262.30	44879.77
262.35	44857.53
262.40	44830.30
262.45	44792.14
262.49	44763.43
262.54	44724.41
262.59	44687.76
262.64	44661.65
262.69	44630.10
262.74	44590.65
262.79	44533.91
262.84	44490.56
262.88	44443.00
262.93	44397.13
262.98	44361.86
263.03	44330.56
263.08	44276.56
263.13	44202.57
263.18	44137.17
263.23	44073.69
263.27	44023.77
263.32	43996.57
263.37	43984.33
263.42	43965.86
263.47	43932.10
263.52	43905.70
263.57	43869.46
263.61	43826.70
263.66	43793.17
263.71	43758.46
263.76	43725.95
263.81	43678.33
263.86	43643.36
263.91	43603.25
263.95	43552.32
264.00	43482.30
264.05	43435.35
264.10	43379.66
264.15	43308.76
264.20	43265.00
264.25	43228.36
264.29	43178.23
264.34	43125.37
264.39	43097.94
264.44	43050.28
264.49	43009.15
264.54	42966.26
264.59	42930.26
264.63	42878.10
264.68	42825.86
264.73	42769.69
264.78	42726.85
264.83	42670.93
264.88	42628.45
264.93	42605.03
264.97	42575.35
265.02	42547.63
265.07	42528.40
265.12	42492.47
265.17	42449.55
265.22	42413.77
265.27	42357.43
265.31	42295.85
265.36	42234.66
265.41	42169.96
265.46	42104.69
265.51	42035.63
265.56	41981.29
265.60	41929.15
265.65	41872.81
265.70	41822.31
265.75	41771.83
265.80	41716.84
265.85	41655.27
265.90	41599.23
265.94	41542.34
265.99	41484.26
266.04	41433.37
266.09	41390.69
266.14	41356.60
266.19	41325.87
266.23	41294.03
266.28	41247.60
266.33	41219.90
266.38	41189.83
266.43	41162.76
266.48	41147.20
266.52	41126.06
266.57	41087.91
266.62	41048.47
266.67	40994.70
266.72	40943.18
266.77	40912.27
266.81	40884.15
266.86	40857.59
266.91	40827.30
266.96	40781.43
267.01	40746.68
267.06	40697.56
267.10	40643.03
267.15	40592.50
267.20	40571.18
267.25	40527.95
267.30	40491.50
267.35	40458.82
267.39	40418.72
267.44	40372.99
267.49	40325.60
267.54	40277.27
267.59	40224.12
267.64	40177.42
267.68	40119.05
267.73	40063.67
267.78	40030.37
267.83	40009.43
267.88	39996.72
267.93	39988.61
267.97	39976.16
268.02	39936.35
268.07	39884.81
268.12	39826.68
268.17	39762.25
268.21	39717.55
268.26	39673.50
268.31	39627.15
268.36	39581.00
268.41	39537.71
268.46	39484.36
268.50	39441.45
268.55	39394.05
268.60	39336.10
268.65	39279.16
268.70	39199.13
268.74	39136.61
268.79	39065.57
268.84	39016.05
268.89	38973.12
268.94	38945.75
268.99	38902.15
269.03	38860.71
269.08	38812.85
269.13	38740.78
269.18	38660.05
269.23	38568.67
269.27	38465.20
269.32	38332.95
269.37	38208.65
269.42	38070.88
269.47	37928.93
269.51	37792.48
269.56	37663.58
269.61	37525.96
269.66	37382.10
269.71	37222.09
269.76	37078.49
269.80	36921.58
269.85	36774.35
269.90	36637.00
269.95	36504.01
270.00	36346.96
270.04	36202.72
270.09	36053.04
270.14	35906.49
270.19	35769.73
270.24	35639.76
270.28	35484.49
270.33	35318.01
270.38	35136.05
270.43	34957.85
270.48	34775.86
270.52	34621.25
270.57	34465.04
270.62	34313.10
270.67	34157.51
270.72	34000.27
270.76	33819.83
270.81	33649.83
270.86	33480.97
270.91	33309.19
270.96	33146.70
271.00	32991.15
271.05	32841.89
271.10	32701.35
271.15	32567.49
271.20	32436.72
271.24	32302.15
271.29	32165.61
271.34	32020.57
271.39	31874.97
271.44	31728.63
271.48	31591.28
271.53	31445.58
271.58	31299.16
271.63	31150.26
271.67	31000.33
271.72	30859.54
271.77	30713.59
271.82	30585.32
271.87	30451.19
271.91	30297.75
271.96	30155.32
272.01	30018.09
272.06	29882.24
272.11	29761.88
272.15	29656.62
272.20	29546.90
272.25	29449.33
272.30	29353.11
272.35	29241.30
272.39	29137.21
272.44	29020.24
272.49	28887.35
272.54	28743.90
272.58	28599.62
272.63	28449.49
272.68	28297.51
272.73	28138.61
272.78	27965.14
272.82	27764.70
272.87	27541.39
272.92	27257.89
272.97	26738.72
273.01	23793.56
273.06	18870.36
273.11	13439.91
273.16	8107.32
273.21	3051.03
273.25	459.98
273.30	-89.47
273.35	-90.14
