165.32	3383.28
165.38	-248.11
165.44	596.63
165.50	-77.38
165.55	-18.79
165.61	3.64
165.67	32.14
165.72	41.12
165.78	47.03
165.84	45.45
165.89	42.87
165.95	40.69
166.01	40.08
166.06	41.18
166.12	43.78
166.18	41.55
166.23	43.17
166.29	42.28
166.35	39.10
166.40	38.25
166.46	44.66
166.52	47.83
166.57	48.98
166.63	49.32
166.69	51.95
166.74	46.09
166.80	46.54
166.86	48.25
166.91	49.15
166.97	43.36
167.03	45.89
167.08	39.62
167.14	38.80
167.20	37.29
167.25	49.70
167.31	50.17
167.37	55.73
167.42	57.67
167.48	63.43
167.54	58.20
167.59	57.16
167.65	53.09
167.71	52.78
167.76	51.43
167.82	46.68
167.88	46.71
167.93	54.14
167.99	53.25
168.05	55.53
168.10	63.68
168.16	63.18
168.21	61.46
168.27	65.66
168.33	67.03
168.38	59.26
168.44	64.19
168.50	63.15
168.55	61.62
168.61	62.61
168.67	64.75
168.72	62.16
168.78	61.92
168.84	57.76
168.89	56.51
168.95	57.26
169.01	56.26
169.06	55.81
169.12	55.10
169.18	52.86
169.23	52.76
169.29	57.27
169.34	61.35
169.40	64.37
169.46	69.08
169.51	71.53
169.57	67.13
169.63	63.41
169.68	68.29
169.74	64.28
169.80	69.99
169.85	71.30
169.91	75.53
169.97	71.41
170.02	71.83
170.08	70.47
170.13	71.13
170.19	70.81
170.25	72.57
170.30	76.63
170.36	68.58
170.42	69.97
170.47	70.36
170.53	71.48
170.59	68.76
170.64	71.99
170.70	70.30
170.76	68.12
170.81	69.68
170.87	68.70
170.92	70.11
170.98	73.52
171.04	75.92
171.09	71.98
171.15	79.31
171.21	80.15
171.26	76.95
171.32	74.17
171.37	77.89
171.43	72.14
171.49	76.66
171.54	79.80
171.60	81.34
171.66	83.02
171.71	83.79
171.77	81.14
171.83	86.91
171.88	86.36
171.94	85.97
171.99	90.20
172.05	89.63
172.11	91.01
172.16	99.43
172.22	100.26
172.28	100.61
172.33	98.21
172.39	94.99
172.44	91.66
172.50	96.17
172.56	95.66
172.61	104.41
172.67	104.10
172.72	104.06
172.78	99.87
172.84	95.38
172.89	88.20
172.95	87.16
173.01	88.47
173.06	86.82
173.12	92.22
173.17	93.91
173.23	93.61
173.29	93.16
173.34	94.57
173.40	89.04
173.46	89.16
173.51	91.73
173.57	92.00
173.62	86.46
173.68	93.11
173.74	92.49
173.79	93.69
173.85	91.05
173.90	93.86
173.96	90.17
174.02	87.21
174.07	79.50
174.13	78.31
174.18	80.76
174.24	74.31
174.30	74.74
174.35	80.01
174.41	77.90
174.47	71.69
174.52	73.16
174.58	71.86
174.63	67.47
174.69	65.87
174.75	67.71
174.80	78.68
174.86	76.50
174.91	77.73
174.97	77.80
175.03	75.49
175.08	62.62
175.14	69.21
175.19	65.05
175.25	65.59
175.31	70.01
175.36	71.74
175.42	68.71
175.47	73.06
175.53	73.11
175.59	69.41
175.64	71.37
175.70	69.47
175.75	64.97
175.81	63.83
175.87	64.95
175.92	60.99
175.98	62.29
176.03	62.42
176.09	62.91
176.15	63.05
176.20	64.01
176.26	63.84
176.31	67.30
176.37	64.68
176.42	65.67
176.48	69.32
176.54	67.26
176.59	63.78
176.65	66.55
176.70	67.75
176.76	66.73
176.82	64.75
176.87	62.23
176.93	62.41
176.98	60.92
177.04	56.18
177.10	60.56
177.15	61.98
177.21	62.51
177.26	61.46
177.32	64.90
177.37	66.91
177.43	70.96
177.49	67.61
177.54	65.54
177.60	66.51
177.65	66.89
177.71	61.11
177.77	63.94
177.82	65.34
177.88	68.85
177.93	64.24
177.99	70.46
178.04	66.03
178.10	66.55
178.16	60.21
178.21	61.58
178.27	58.67
178.32	63.36
178.38	62.21
178.43	63.59
178.49	63.49
178.55	62.55
178.60	60.50
178.66	60.17
178.71	61.36
178.77	59.08
178.82	60.21
178.88	60.01
178.94	60.27
178.99	61.57
179.05	65.75
179.10	62.32
179.16	65.78
179.21	67.97
179.27	66.59
179.33	62.01
179.38	65.59
179.44	63.12
179.49	63.25
179.55	61.32
179.60	62.01
179.66	60.83
179.72	63.62
179.77	61.20
179.83	60.70
179.88	61.79
179.94	63.62
179.99	59.85
180.05	59.84
180.11	60.70
180.16	63.38
180.22	65.51
180.27	70.09
180.33	70.91
180.38	75.20
180.44	71.16
180.49	70.41
180.55	68.40
180.61	72.89
180.66	67.17
180.72	65.50
180.77	64.07
180.83	63.87
180.88	60.80
180.94	60.65
180.99	64.20
181.05	64.43
181.11	65.53
181.16	65.48
181.22	66.76
181.27	69.07
181.33	67.04
181.38	63.51
181.44	64.76
181.49	69.27
181.55	70.06
181.61	76.29
181.66	79.40
181.72	77.43
181.77	74.58
181.83	72.11
181.88	78.07
181.94	79.51
181.99	85.03
182.05	85.76
182.11	86.30
182.16	76.54
182.22	74.30
182.27	69.34
182.33	71.69
182.38	71.35
182.44	76.08
182.49	78.25
182.55	80.18
182.60	79.47
182.66	82.37
182.72	84.97
182.77	87.25
182.83	90.47
182.88	93.73
182.94	95.39
182.99	92.21
183.05	90.48
183.10	92.61
183.16	91.90
183.21	92.62
183.27	99.20
183.32	102.76
183.38	105.73
183.44	111.89
183.49	116.40
183.55	117.37
183.60	123.51
183.66	128.27
183.71	136.33
183.77	142.78
183.82	151.24
183.88	161.22
183.93	172.15
183.99	184.51
184.04	200.49
184.10	212.52
184.15	224.19
184.21	236.27
184.27	238.07
184.32	238.72
184.38	236.27
184.43	232.90
184.49	218.30
184.54	203.94
184.60	197.20
184.65	185.77
184.71	177.14
184.76	178.89
184.82	194.87
184.87	209.22
184.93	232.80
184.98	258.90
185.04	289.25
185.09	312.45
185.15	337.27
185.20	367.36
185.26	400.37
185.31	426.50
185.37	452.96
185.43	472.96
185.48	491.83
185.54	513.81
185.59	539.75
185.65	564.19
185.70	602.33
185.76	647.06
185.81	679.38
185.87	713.52
185.92	757.71
185.98	793.58
186.03	810.43
186.09	814.21
186.14	793.21
186.20	742.08
186.25	660.30
186.31	577.91
186.36	514.57
186.42	487.21
186.47	496.86
186.53	543.36
186.58	610.95
186.64	684.41
186.69	755.04
186.75	814.44
186.80	871.83
186.86	929.34
186.91	988.04
186.97	1042.22
187.02	1113.47
187.08	1180.61
187.13	1239.82
187.19	1303.43
187.24	1368.85
187.30	1416.59
187.35	1468.48
187.41	1533.77
187.47	1598.02
187.52	1653.33
187.58	1712.85
187.63	1781.30
187.69	1849.32
187.74	1903.43
187.80	1955.38
187.85	2002.87
187.91	2025.20
187.96	2011.71
188.02	1951.10
188.07	1846.29
188.13	1689.57
188.18	1525.50
188.24	1402.62
188.29	1345.61
188.35	1353.97
188.40	1434.70
188.46	1557.86
188.51	1681.87
188.57	1809.11
188.62	1930.97
188.67	2043.46
188.73	2153.44
188.78	2257.29
188.84	2357.95
188.89	2460.79
188.95	2565.56
189.00	2656.30
189.06	2753.82
189.11	2846.52
189.17	2927.10
189.22	2998.42
189.28	3083.70
189.33	3160.30
189.39	3224.14
189.44	3289.98
189.50	3364.35
189.55	3429.99
189.61	3481.63
189.66	3537.71
189.72	3595.18
189.77	3649.14
189.83	3681.70
189.88	3691.63
189.94	3664.91
189.99	3586.99
190.05	3435.87
190.10	3221.01
190.16	2973.33
190.21	2754.81
190.27	2614.83
190.32	2577.74
190.38	2645.07
190.43	2797.47
190.49	2979.60
190.54	3141.83
190.60	3285.83
190.65	3415.26
190.71	3532.92
190.76	3646.30
190.81	3757.47
190.87	3870.93
190.92	3992.79
190.98	4110.57
191.03	4226.05
191.09	4347.58
191.14	4456.45
191.20	4544.65
191.25	4644.42
191.31	4742.50
191.36	4836.63
191.42	4928.91
191.47	5031.03
191.53	5128.10
191.58	5210.96
191.64	5279.46
191.69	5343.01
191.75	5389.35
191.80	5422.50
191.85	5443.67
191.91	5464.60
191.96	5486.06
192.02	5516.30
192.07	5528.99
192.13	5527.17
192.18	5481.85
192.24	5366.39
192.29	5172.77
192.35	4951.71
192.40	4766.24
192.46	4657.63
192.51	4654.77
192.57	4751.66
192.62	4925.48
192.67	5110.92
192.73	5289.67
192.78	5452.09
192.84	5602.20
192.89	5738.01
192.95	5864.84
193.00	5977.31
193.06	6082.73
193.11	6184.35
193.17	6274.18
193.22	6358.47
193.28	6450.23
193.33	6527.38
193.38	6597.54
193.44	6669.14
193.49	6742.14
193.55	6797.12
193.60	6854.47
193.66	6909.13
193.71	6953.41
193.77	6979.00
193.82	7003.35
193.88	7022.71
193.93	7052.39
193.98	7079.05
194.04	7118.83
194.09	7161.97
194.15	7214.51
194.20	7253.78
194.26	7296.95
194.31	7341.01
194.37	7369.60
194.42	7375.80
194.47	7369.05
194.53	7323.96
194.58	7234.26
194.64	7127.21
194.69	7031.60
194.75	6963.39
194.80	6951.57
194.86	6992.93
194.91	7084.38
194.97	7193.56
195.02	7302.19
195.07	7408.60
195.13	7514.29
195.18	7624.52
195.24	7726.67
195.29	7830.83
195.35	7925.20
195.40	8025.02
195.46	8104.91
195.51	8192.45
195.56	8274.85
195.62	8353.46
195.67	8418.64
195.73	8490.62
195.78	8545.98
195.84	8589.36
195.89	8624.95
195.94	8658.07
196.00	8690.21
196.05	8725.58
196.11	8773.80
196.16	8828.71
196.22	8888.60
196.27	8948.08
196.32	9003.26
196.38	9048.53
196.43	9093.39
196.49	9129.17
196.54	9161.24
196.60	9202.97
196.65	9244.85
196.71	9288.36
196.76	9335.64
196.81	9375.08
196.87	9409.66
196.92	9437.26
196.98	9454.31
197.03	9465.06
197.09	9461.29
197.14	9453.35
197.19	9460.23
197.25	9477.29
197.30	9501.39
197.36	9554.21
197.41	9616.37
197.47	9674.02
197.52	9732.62
197.57	9798.11
197.63	9848.80
197.68	9901.33
197.74	9957.66
197.79	10006.93
197.84	10050.71
197.90	10102.01
197.95	10145.86
198.01	10184.73
198.06	10229.36
198.12	10275.58
198.17	10311.53
198.22	10353.27
198.28	10393.23
198.33	10431.73
198.39	10467.32
198.44	10516.23
198.49	10565.38
198.55	10612.81
198.60	10660.68
198.66	10706.62
198.71	10756.07
198.77	10797.57
198.82	10847.73
198.87	10895.46
198.93	10944.84
198.98	10987.61
199.04	11034.98
199.09	11070.26
199.14	11114.26
199.20	11153.51
199.25	11193.34
199.31	11233.98
199.36	11284.91
199.42	11327.08
199.47	11376.05
199.52	11416.46
199.58	11457.75
199.63	11483.81
199.69	11512.68
199.74	11537.64
199.79	11561.26
199.85	11589.76
199.90	11630.13
199.96	11673.49
200.01	11721.29
200.06	11777.06
200.12	11824.21
200.17	11879.68
200.23	11929.36
200.28	11972.12
200.33	12021.26
200.39	12067.54
200.44	12107.90
200.50	12151.43
200.55	12189.95
200.60	12227.24
200.66	12268.34
200.71	12302.53
200.77	12340.21
200.82	12385.77
200.87	12420.56
200.93	12455.13
200.98	12496.46
201.04	12536.18
201.09	12577.71
201.14	12632.32
201.20	12685.25
201.25	12739.34
201.31	12788.99
201.36	12852.25
201.41	12908.46
201.47	12965.61
201.52	13021.54
201.58	13086.21
201.63	13131.24
201.68	13177.81
201.74	13222.31
201.79	13268.31
201.84	13319.47
201.90	13363.62
201.95	13413.58
202.01	13469.60
202.06	13524.68
202.11	13562.06
202.17	13610.02
202.22	13655.53
202.28	13693.32
202.33	13728.41
202.38	13769.28
202.44	13820.83
202.49	13864.07
202.54	13920.17
202.60	13969.54
202.65	14015.84
202.71	14060.33
202.76	14102.21
202.81	14135.84
202.87	14185.42
202.92	14236.41
202.98	14284.18
203.03	14339.92
203.08	14396.75
203.14	14446.08
203.19	14502.42
203.24	14558.15
203.30	14611.73
203.35	14656.52
203.41	14704.53
203.46	14745.69
203.51	14786.97
203.57	14826.04
203.62	14878.75
203.67	14933.38
203.73	14982.24
203.78	15030.28
203.84	15086.76
203.89	15132.96
203.94	15171.17
204.00	15219.10
204.05	15264.16
204.10	15296.99
204.16	15330.64
204.21	15369.99
204.27	15401.07
204.32	15428.16
204.37	15462.61
204.43	15488.36
204.48	15511.03
204.53	15534.63
204.59	15578.03
204.64	15636.89
204.69	15717.85
204.75	15799.83
204.80	15893.63
204.86	15969.00
204.91	16031.02
204.96	16084.45
205.02	16130.94
205.07	16173.64
205.12	16236.12
205.18	16302.92
205.23	16374.31
205.28	16455.78
205.34	16530.26
205.39	16599.46
205.45	16664.60
205.50	16721.93
205.55	16780.46
205.61	16845.24
205.66	16901.03
205.71	16960.26
205.77	17017.51
205.82	17074.57
205.87	17131.70
205.93	17186.39
205.98	17234.63
206.03	17278.05
206.09	17323.57
206.14	17371.25
206.20	17423.21
206.25	17473.52
206.30	17540.60
206.36	17601.63
206.41	17665.27
206.46	17717.21
206.52	17767.98
206.57	17814.16
206.62	17852.24
206.68	17890.86
206.73	17939.70
206.78	18000.17
206.84	18053.36
206.89	18119.60
206.94	18181.41
207.00	18252.05
207.05	18315.87
207.11	18383.68
207.16	18438.06
207.21	18499.24
207.27	18549.43
207.32	18599.71
207.37	18658.03
207.43	18715.86
207.48	18765.31
207.53	18821.30
207.59	18880.76
207.64	18934.87
207.69	19004.49
207.75	19069.72
207.80	19130.94
207.85	19186.95
207.91	19244.32
207.96	19294.73
208.01	19351.60
208.07	19407.36
208.12	19468.65
208.17	19519.46
208.23	19568.86
208.28	19619.15
208.33	19674.57
208.39	19733.15
208.44	19801.55
208.49	19860.17
208.55	19916.68
208.60	19971.59
208.65	20017.86
208.71	20066.51
208.76	20126.95
208.81	20189.21
208.87	20255.29
208.92	20319.14
208.97	20381.61
209.03	20442.56
209.08	20505.97
209.13	20565.46
209.19	20623.83
209.24	20679.45
209.29	20740.39
209.35	20791.05
209.40	20848.93
209.45	20911.16
209.51	20979.72
209.56	21043.32
209.61	21113.54
209.67	21178.09
209.72	21244.50
209.77	21303.51
209.83	21361.43
209.88	21432.63
209.93	21495.48
209.99	21553.00
210.04	21619.80
210.09	21690.11
210.15	21745.09
210.20	21804.28
210.25	21872.34
210.31	21927.36
210.36	21979.76
210.41	22033.90
210.46	22091.00
210.52	22137.25
210.57	22190.17
210.62	22247.25
210.68	22313.55
210.73	22368.01
210.78	22438.87
210.84	22503.55
210.89	22565.44
210.94	22613.55
211.00	22674.57
211.05	22722.31
211.10	22781.75
211.16	22841.68
211.21	22911.20
211.26	22976.86
211.32	23051.63
211.37	23116.90
211.42	23182.34
211.47	23245.01
211.53	23307.37
211.58	23366.73
211.63	23427.32
211.69	23483.12
211.74	23541.20
211.79	23592.71
211.85	23650.94
211.90	23710.60
211.95	23782.45
212.01	23846.91
212.06	23926.92
212.11	24001.30
212.16	24080.27
212.22	24151.06
212.27	24219.68
212.32	24282.97
212.38	24343.52
212.43	24404.56
212.48	24467.20
212.54	24536.22
212.59	24606.92
212.64	24677.33
212.69	24739.59
212.75	24803.76
212.80	24865.34
212.85	24927.40
212.91	24979.02
212.96	25035.08
213.01	25095.98
213.07	25159.30
213.12	25229.55
213.17	25300.19
213.22	25369.14
213.28	25428.94
213.33	25480.35
213.38	25527.89
213.44	25582.51
213.49	25649.73
213.54	25722.76
213.60	25802.35
213.65	25881.80
213.70	25968.46
213.75	26034.66
213.81	26091.59
213.86	26149.67
213.91	26200.60
213.97	26241.04
214.02	26285.99
214.07	26335.90
214.12	26390.95
214.18	26439.33
214.23	26500.12
214.28	26560.67
214.34	26611.45
214.39	26658.57
214.44	26703.31
214.49	26725.49
214.55	26740.84
214.60	26753.23
214.65	26758.09
214.71	26759.02
214.76	26796.86
214.81	26872.78
214.86	26990.33
214.92	27111.75
214.97	27249.98
215.02	27367.40
215.08	27456.66
215.13	27522.62
215.18	27579.04
215.23	27630.60
215.29	27688.57
215.34	27760.49
215.39	27842.05
215.45	27951.82
215.50	28067.73
215.55	28171.49
215.60	28264.75
215.66	28332.95
215.71	28393.66
215.76	28452.51
215.81	28513.34
215.87	28570.95
215.92	28633.48
215.97	28683.61
216.03	28743.70
216.08	28796.36
216.13	28850.29
216.18	28913.94
216.24	28978.26
216.29	29031.09
216.34	29085.80
216.39	29152.73
216.45	29209.47
216.50	29266.87
216.55	29320.63
216.61	29396.28
216.66	29454.76
216.71	29515.32
216.76	29577.68
216.82	29656.03
216.87	29723.14
216.92	29794.86
216.97	29864.93
217.03	29943.72
217.08	30011.08
217.13	30093.24
217.18	30165.79
217.24	30237.48
217.29	30299.17
217.34	30352.95
217.39	30386.26
217.45	30430.85
217.50	30482.16
217.55	30546.90
217.61	30617.47
217.66	30689.04
217.71	30758.49
217.76	30835.62
217.82	30907.32
217.87	30977.33
217.92	31054.78
217.97	31126.17
218.03	31188.06
218.08	31237.06
218.13	31290.59
218.18	31334.25
218.24	31403.63
218.29	31457.17
218.34	31520.17
218.39	31581.61
218.45	31642.89
218.50	31683.13
218.55	31744.04
218.60	31807.94
218.66	31866.80
218.71	31939.44
218.76	32017.98
218.81	32084.60
218.87	32150.40
218.92	32209.32
218.97	32275.37
219.02	32340.04
219.08	32409.19
219.13	32475.96
219.18	32555.42
219.23	32615.69
219.29	32681.43
219.34	32743.56
219.39	32811.26
219.44	32876.43
219.50	32947.40
219.55	33003.42
219.60	33069.18
219.65	33136.75
219.71	33197.22
219.76	33246.57
219.81	33305.48
219.86	33360.74
219.92	33398.67
219.97	33447.04
220.02	33503.50
220.07	33557.45
220.13	33619.50
220.18	33691.45
220.23	33763.12
220.28	33841.16
220.33	33923.28
220.39	33981.56
220.44	34040.26
220.49	34098.46
220.54	34140.50
220.60	34187.53
220.65	34254.77
220.70	34321.51
220.75	34389.90
220.81	34482.09
220.86	34565.44
220.91	34641.82
220.96	34711.62
221.02	34783.64
221.07	34846.71
221.12	34899.55
221.17	34949.07
221.22	35003.70
221.28	35056.37
221.33	35114.04
221.38	35175.02
221.43	35246.52
221.49	35314.78
221.54	35377.18
221.59	35443.76
221.64	35522.82
221.69	35608.20
221.75	35708.56
221.80	35809.72
221.85	35882.56
221.90	35947.96
221.96	36012.70
222.01	36045.95
222.06	36080.60
222.11	36130.51
222.17	36179.34
222.22	36203.01
222.27	36255.13
222.32	36307.31
222.37	36361.81
222.43	36427.79
222.48	36496.74
222.53	36560.35
222.58	36634.59
222.63	36704.16
222.69	36761.95
222.74	36835.26
222.79	36906.99
222.84	36953.01
222.90	37003.68
222.95	37052.84
223.00	37086.06
223.05	37131.33
223.10	37193.36
223.16	37246.36
223.21	37296.93
223.26	37354.86
223.31	37398.76
223.36	37434.82
223.42	37468.62
223.47	37502.36
223.52	37547.28
223.57	37595.03
223.63	37654.04
223.68	37714.06
223.73	37788.32
223.78	37860.31
223.83	37923.45
223.89	37982.92
223.94	38052.87
223.99	38118.67
224.04	38189.30
224.09	38266.87
224.15	38353.16
224.20	38434.27
224.25	38521.91
224.30	38610.35
224.35	38695.63
224.41	38789.74
224.46	38890.09
224.51	38966.29
224.56	39039.08
224.61	39117.16
224.67	39184.42
224.72	39245.23
224.77	39340.02
224.82	39441.16
224.87	39531.52
224.93	39613.90
224.98	39714.71
225.03	39802.70
225.08	39877.70
225.13	39963.75
225.19	40057.23
225.24	40139.30
225.29	40216.83
225.34	40299.35
225.39	40378.71
225.45	40458.86
225.50	40535.95
225.55	40612.69
225.60	40699.46
225.65	40786.81
225.71	40864.71
225.76	40947.37
225.81	41020.49
225.86	41091.11
225.91	41159.29
225.97	41228.19
226.02	41284.37
226.07	41326.03
226.12	41370.09
226.17	41420.41
226.22	41491.17
226.28	41591.81
226.33	41729.06
226.38	41848.12
226.43	41956.29
226.48	42040.31
226.54	42099.42
226.59	42161.51
226.64	42224.03
226.69	42283.74
226.74	42348.27
226.80	42416.92
226.85	42476.99
226.90	42543.38
226.95	42627.96
227.00	42716.23
227.05	42816.36
227.11	42918.48
227.16	43013.73
227.21	43102.46
227.26	43193.72
227.31	43266.29
227.37	43316.87
227.42	43392.81
227.47	43465.37
227.52	43529.26
227.57	43592.77
227.62	43684.62
227.68	43759.63
227.73	43837.39
227.78	43918.16
227.83	44010.99
227.88	44075.25
227.93	44148.10
227.99	44226.33
228.04	44298.26
228.09	44367.52
228.14	44448.66
228.19	44512.53
228.24	44575.75
228.30	44648.95
228.35	44714.41
228.40	44784.94
228.45	44849.70
228.50	44914.43
228.56	44973.77
228.61	45034.99
228.66	45086.98
228.71	45148.26
228.76	45196.79
228.81	45251.65
228.87	45294.37
228.92	45353.00
228.97	45414.20
229.02	45502.79
229.07	45577.62
229.12	45670.79
229.17	45746.57
229.23	45824.76
229.28	45895.81
229.33	45971.32
229.38	46040.69
229.43	46111.40
229.48	46195.61
229.54	46259.42
229.59	46330.06
229.64	46406.82
229.69	46491.46
229.74	46569.86
229.79	46646.86
229.85	46717.89
229.90	46786.50
229.95	46850.72
230.00	46908.68
230.05	46985.91
230.10	47051.12
230.16	47126.98
230.21	47184.51
230.26	47238.60
230.31	47273.11
230.36	47332.73
230.41	47386.58
230.46	47481.41
230.52	47574.40
230.57	47670.06
230.62	47754.71
230.67	47823.27
230.72	47868.57
230.77	47909.43
230.82	47952.30
230.88	47982.17
230.93	48022.50
230.98	48067.90
231.03	48121.52
231.08	48178.61
231.13	48236.15
231.19	48304.65
231.24	48380.40
231.29	48452.66
231.34	48525.33
231.39	48606.81
231.44	48676.62
231.49	48724.14
231.55	48775.45
231.60	48816.07
231.65	48869.94
231.70	48919.80
231.75	48974.34
231.80	49024.03
231.85	49084.41
231.91	49115.34
231.96	49154.15
232.01	49213.51
232.06	49270.50
232.11	49336.81
232.16	49422.49
232.21	49516.34
232.26	49601.26
232.32	49686.11
232.37	49756.38
232.42	49822.41
232.47	49867.05
232.52	49906.82
232.57	49960.36
232.62	50014.79
232.68	50079.71
232.73	50152.56
232.78	50237.51
232.83	50308.75
232.88	50377.70
232.93	50444.86
232.98	50511.37
233.03	50564.63
233.09	50622.40
233.14	50697.24
233.19	50752.97
233.24	50800.13
233.29	50845.36
233.34	50885.47
233.39	50910.87
233.45	50945.35
233.50	50986.68
233.55	51038.50
233.60	51099.81
233.65	51154.85
233.70	51210.25
233.75	51262.07
233.80	51312.60
233.86	51368.20
233.91	51416.77
233.96	51461.99
234.01	51522.96
234.06	51577.37
234.11	51631.81
234.16	51692.51
234.21	51762.92
234.26	51806.96
234.32	51835.76
234.37	51870.13
234.42	51902.86
234.47	51917.98
234.52	51947.43
234.57	51990.46
234.62	52029.96
234.67	52081.52
234.73	52145.80
234.78	52208.54
234.83	52259.44
234.88	52311.31
234.93	52349.45
234.98	52383.27
235.03	52422.25
235.08	52489.99
235.13	52544.06
235.19	52614.45
235.24	52683.04
235.29	52748.87
235.34	52790.00
235.39	52822.64
235.44	52850.36
235.49	52883.35
235.54	52904.99
235.59	52929.11
235.65	52961.88
235.70	52998.05
235.75	53035.52
235.80	53094.14
235.85	53145.71
235.90	53193.89
235.95	53217.93
236.00	53247.42
236.05	53263.77
236.11	53295.91
236.16	53330.54
236.21	53379.01
236.26	53413.79
236.31	53447.45
236.36	53466.48
236.41	53477.70
236.46	53482.36
236.51	53503.66
236.56	53531.50
236.62	53553.17
236.67	53587.85
236.72	53634.86
236.77	53658.13
236.82	53695.37
236.87	53725.92
236.92	53744.83
236.97	53783.93
237.02	53829.31
237.07	53882.81
237.13	53955.02
237.18	54016.99
237.23	54054.52
237.28	54100.88
237.33	54127.09
237.38	54138.95
237.43	54160.91
237.48	54167.43
237.53	54188.61
237.58	54213.20
237.63	54259.48
237.69	54309.59
237.74	54364.23
237.79	54394.97
237.84	54405.60
237.89	54408.57
237.94	54415.26
237.99	54433.81
238.04	54461.68
238.09	54493.65
238.14	54526.40
238.19	54549.52
238.25	54568.86
238.30	54560.94
238.35	54563.67
238.40	54555.48
238.45	54553.23
238.50	54552.72
238.55	54563.72
238.60	54592.53
238.65	54621.37
238.70	54637.36
238.75	54656.60
238.80	54689.99
238.86	54692.19
238.91	54700.84
238.96	54727.78
239.01	54763.17
239.06	54787.36
239.11	54816.86
239.16	54845.55
239.21	54855.27
239.26	54844.99
239.31	54854.24
239.36	54861.36
239.41	54881.58
239.46	54916.07
239.52	54950.86
239.57	54978.63
239.62	55003.22
239.67	55019.98
239.72	55033.48
239.77	55051.03
239.82	55063.78
239.87	55072.12
239.92	55071.08
239.97	55062.85
240.02	55052.77
240.07	55038.69
240.12	55039.06
240.17	55046.43
240.23	55053.02
240.28	55061.61
240.33	55078.05
240.38	55072.18
240.43	55078.57
240.48	55089.93
240.53	55104.79
240.58	55117.54
240.63	55151.25
240.68	55156.21
240.73	55155.51
240.78	55155.13
240.83	55149.04
240.88	55132.81
240.93	55124.01
240.98	55119.71
241.04	55137.14
241.09	55161.37
241.14	55176.47
241.19	55222.13
241.24	55255.99
241.29	55271.49
241.34	55274.01
241.39	55298.92
241.44	55303.66
241.49	55307.68
241.54	55304.06
241.59	55305.77
241.64	55301.16
241.69	55291.75
241.74	55272.91
241.79	55257.18
241.84	55243.23
241.90	55220.22
241.95	55189.85
242.00	55175.52
242.05	55154.18
242.10	55146.26
242.15	55132.39
242.20	55131.66
242.25	55137.80
242.30	55133.38
242.35	55121.95
242.40	55124.40
242.45	55113.74
242.50	55098.17
242.55	55097.05
242.60	55093.48
242.65	55092.48
242.70	55111.45
242.75	55132.37
242.80	55172.62
242.85	55208.87
242.91	55222.68
242.96	55205.74
243.01	55195.79
243.06	55165.45
243.11	55125.22
243.16	55098.40
243.21	55105.64
243.26	55111.22
243.31	55122.28
243.36	55140.69
243.41	55165.92
243.46	55155.87
243.51	55126.59
243.56	55078.79
243.61	55022.10
243.66	54973.04
243.71	54947.14
243.76	54935.09
243.81	54949.32
243.86	54952.00
243.91	54960.39
243.96	54955.37
244.01	54941.56
244.06	54919.34
244.12	54916.87
244.17	54896.71
244.22	54891.51
244.27	54913.62
244.32	54932.90
244.37	54950.53
244.42	54960.09
244.47	54966.46
244.52	54954.50
244.57	54928.11
244.62	54898.11
244.67	54877.95
244.72	54844.51
244.77	54824.32
244.82	54836.82
244.87	54867.82
244.92	54891.71
244.97	54912.08
245.02	54912.82
245.07	54892.61
245.12	54866.76
245.17	54849.46
245.22	54846.00
245.27	54840.65
245.32	54814.11
245.37	54778.41
245.42	54732.13
245.47	54684.70
245.52	54644.25
245.57	54622.57
245.62	54604.70
245.67	54591.68
245.72	54584.18
245.77	54554.82
245.82	54536.87
245.87	54534.49
245.92	54547.17
245.98	54541.01
246.03	54550.81
246.08	54562.40
246.13	54562.60
246.18	54560.49
246.23	54562.67
246.28	54552.89
246.33	54525.11
246.38	54489.99
246.43	54454.99
246.48	54425.71
246.53	54428.10
246.58	54447.48
246.63	54466.83
246.68	54463.25
246.73	54453.81
246.78	54421.58
246.83	54364.78
246.88	54305.62
246.93	54252.74
246.98	54200.71
247.03	54165.44
247.08	54153.75
247.13	54151.52
247.18	54152.49
247.23	54178.68
247.28	54193.18
247.33	54177.79
247.38	54149.50
247.43	54132.86
247.48	54107.53
247.53	54071.08
247.58	54043.74
247.63	54021.63
247.68	53978.85
247.73	53919.44
247.78	53885.17
247.83	53855.53
247.88	53827.11
247.93	53830.21
247.98	53833.03
248.03	53834.43
248.08	53849.80
248.13	53851.54
248.18	53832.29
248.23	53831.91
248.28	53801.42
248.33	53757.91
248.38	53720.85
248.43	53700.15
248.48	53678.85
248.53	53665.86
248.58	53651.25
248.63	53648.40
248.68	53624.30
248.73	53595.79
248.78	53560.88
248.83	53511.61
248.88	53441.01
248.93	53371.55
248.98	53286.17
249.03	53239.88
249.08	53215.31
249.13	53211.08
249.18	53208.80
249.23	53220.84
249.28	53213.63
249.33	53211.10
249.38	53200.99
249.43	53189.01
249.48	53178.04
249.53	53164.62
249.58	53132.02
249.63	53112.25
249.68	53094.74
249.73	53073.66
249.78	53054.82
249.83	53063.40
249.88	53037.39
249.93	53025.95
249.98	53009.88
250.03	53003.39
250.08	52973.85
250.13	52965.72
250.18	52932.96
250.23	52895.29
250.28	52840.62
250.33	52782.46
250.37	52733.81
250.42	52691.63
250.47	52659.60
250.52	52645.19
250.57	52629.45
250.62	52599.69
250.67	52577.78
250.72	52561.89
250.77	52524.70
250.82	52503.78
250.87	52502.89
250.92	52495.97
250.97	52466.69
251.02	52455.44
251.07	52453.01
251.12	52422.54
251.17	52393.15
251.22	52376.19
251.27	52340.79
251.32	52290.16
251.37	52240.96
251.42	52186.66
251.47	52138.12
251.52	52113.05
251.57	52096.63
251.62	52090.81
251.67	52089.01
251.72	52071.11
251.77	52036.52
251.82	51994.89
251.87	51951.49
251.92	51899.92
251.97	51855.52
252.02	51812.73
252.07	51780.12
252.12	51763.20
252.16	51761.57
252.21	51762.49
252.26	51768.31
252.31	51777.15
252.36	51766.88
252.41	51743.55
252.46	51714.23
252.51	51682.57
252.56	51648.90
252.61	51617.06
252.66	51585.96
252.71	51565.98
252.76	51538.29
252.81	51489.05
252.86	51435.52
252.91	51389.26
252.96	51324.12
253.01	51253.82
253.06	51192.72
253.11	51147.97
253.16	51104.63
253.21	51062.66
253.26	51025.90
253.31	51004.88
253.36	50976.43
253.40	50946.51
253.45	50931.66
253.50	50899.76
253.55	50859.01
253.60	50817.84
253.65	50777.20
253.70	50738.97
253.75	50726.75
253.80	50707.38
253.85	50706.00
253.90	50712.94
253.95	50701.81
254.00	50699.87
254.05	50686.15
254.10	50648.79
254.15	50606.62
254.20	50587.78
254.25	50547.52
254.30	50514.86
254.35	50474.50
254.39	50407.71
254.44	50320.84
254.49	50247.98
254.54	50211.40
254.59	50179.34
254.64	50177.30
254.69	50170.68
254.74	50175.15
254.79	50147.75
254.84	50115.73
254.89	50094.42
254.94	50085.62
254.99	50064.77
255.04	50051.68
255.09	50050.79
255.14	50029.25
255.19	50016.50
255.23	50011.17
255.28	49999.14
255.33	49986.23
255.38	49969.19
255.43	49945.39
255.48	49907.73
255.53	49869.86
255.58	49837.86
255.63	49808.37
255.68	49764.00
255.73	49719.18
255.78	49684.02
255.83	49660.16
255.88	49633.56
255.93	49610.81
255.97	49597.86
256.02	49569.42
256.07	49522.04
256.12	49451.54
256.17	49395.28
256.22	49334.47
256.27	49275.46
256.32	49229.46
256.37	49213.80
256.42	49197.17
256.47	49171.16
256.52	49151.08
256.57	49125.08
256.62	49107.30
256.66	49097.99
256.71	49072.44
256.76	49035.32
256.81	48990.40
256.86	48934.75
256.91	48879.03
256.96	48838.55
257.01	48809.81
257.06	48786.76
257.11	48753.03
257.16	48704.06
257.21	48667.78
257.26	48629.35
257.30	48589.18
257.35	48561.36
257.40	48535.16
257.45	48521.69
257.50	48500.88
257.55	48479.70
257.60	48451.53
257.65	48425.87
257.70	48386.91
257.75	48349.01
257.80	48307.63
257.85	48272.31
257.89	48228.23
257.94	48168.69
257.99	48105.91
258.04	48049.72
258.09	48004.84
258.14	47975.98
258.19	47961.93
258.24	47940.62
258.29	47907.23
258.34	47866.12
258.39	47825.45
258.44	47757.97
258.48	47716.37
258.53	47688.71
258.58	47653.70
258.63	47606.45
258.68	47571.09
258.73	47525.30
258.78	47476.95
258.83	47430.68
258.88	47392.46
258.93	47354.06
258.97	47328.05
259.02	47297.77
259.07	47276.22
259.12	47250.42
259.17	47240.66
259.22	47221.84
259.27	47207.67
259.32	47192.39
259.37	47153.32
259.42	47109.72
259.47	47064.25
259.51	47011.66
259.56	46938.91
259.61	46875.91
259.66	46800.95
259.71	46727.27
259.76	46664.65
259.81	46609.13
259.86	46569.11
259.91	46534.21
259.95	46513.26
260.00	46487.22
260.05	46469.34
260.10	46455.88
260.15	46445.84
260.20	46426.00
260.25	46417.08
260.30	46404.36
260.35	46379.07
260.40	46348.65
260.44	46324.46
260.49	46299.96
260.54	46264.52
260.59	46235.34
260.64	46224.94
260.69	46213.91
260.74	46176.28
260.79	46140.22
260.84	46095.91
260.88	46034.36
260.93	45963.88
260.98	45927.65
261.03	45887.48
261.08	45859.15
261.13	45824.56
261.18	45784.54
261.23	45721.16
261.28	45683.92
261.32	45641.78
261.37	45597.90
261.42	45568.57
261.47	45554.88
261.52	45512.70
261.57	45469.19
261.62	45426.69
261.67	45366.56
261.71	45300.01
261.76	45252.38
261.81	45197.84
261.86	45150.94
261.91	45108.59
261.96	45069.60
262.01	45028.29
262.06	45005.52
262.10	44992.01
262.15	44978.15
262.20	44957.67
262.25	44937.60
262.30	44918.57
262.35	44889.03
262.40	44856.66
262.45	44825.02
262.49	44796.22
262.54	44758.06
262.59	44727.06
262.64	44697.59
262.69	44662.62
262.74	44610.44
262.79	44550.01
262.84	44498.70
262.88	44459.43
262.93	44413.38
262.98	44388.72
263.03	44353.80
263.08	44299.89
263.13	44226.34
263.18	44160.07
263.23	44089.45
263.27	44039.31
263.32	44009.17
263.37	43996.16
263.42	43984.63
263.47	43953.89
263.52	43938.12
263.57	43907.35
263.61	43857.73
263.66	43813.52
263.71	43786.56
263.76	43743.89
263.81	43693.75
263.86	43668.03
263.91	43633.51
263.95	43571.62
264.00	43513.96
264.05	43469.48
264.10	43402.75
264.15	43331.45
264.20	43296.81
264.25	43252.56
264.29	43206.62
264.34	43152.86
264.39	43117.86
264.44	43065.34
264.49	43023.72
264.54	42985.29
264.59	42959.92
264.63	42916.85
264.68	42875.07
264.73	42828.45
264.78	42778.35
264.83	42718.95
264.88	42677.57
264.93	42642.96
264.97	42609.98
265.02	42578.50
265.07	42561.02
265.12	42516.25
265.17	42472.77
265.22	42434.94
265.27	42382.75
265.31	42323.67
265.36	42271.21
265.41	42214.46
265.46	42148.23
265.51	42077.17
265.56	42017.11
265.60	41964.18
265.65	41905.65
265.70	41843.79
265.75	41790.92
265.80	41742.65
265.85	41680.86
265.90	41619.86
265.94	41569.09
265.99	41516.92
266.04	41462.73
266.09	41426.49
266.14	41392.62
266.19	41355.91
266.23	41323.10
266.28	41276.13
266.33	41238.35
266.38	41211.10
266.43	41190.81
266.48	41167.55
266.52	41145.27
266.57	41110.20
266.62	41071.82
266.67	41025.57
266.72	40981.50
266.77	40955.12
266.81	40927.27
266.86	40892.99
266.91	40858.26
266.96	40813.10
267.01	40769.46
267.06	40717.41
267.10	40671.87
267.15	40623.39
267.20	40589.05
267.25	40549.35
267.30	40514.92
267.35	40477.86
267.39	40437.66
267.44	40402.15
267.49	40345.95
267.54	40303.12
267.59	40255.14
267.64	40199.99
267.68	40137.38
267.73	40095.99
267.78	40050.53
267.83	40022.75
267.88	40011.62
267.93	40003.40
267.97	39988.56
268.02	39958.72
268.07	39910.46
268.12	39852.94
268.17	39794.83
268.21	39743.02
268.26	39699.33
268.31	39656.42
268.36	39614.10
268.41	39574.65
268.46	39526.96
268.50	39480.33
268.55	39432.17
268.60	39376.28
268.65	39310.80
268.70	39236.75
268.74	39161.81
268.79	39093.01
268.84	39039.74
268.89	38994.33
268.94	38965.65
268.99	38934.13
269.03	38893.93
269.08	38848.22
269.13	38777.37
269.18	38694.24
269.23	38597.20
269.27	38489.58
269.32	38360.66
269.37	38240.90
269.42	38107.49
269.47	37970.36
269.51	37833.76
269.56	37697.90
269.61	37561.28
269.66	37408.65
269.71	37261.58
269.76	37116.65
269.80	36965.63
269.85	36817.44
269.90	36683.79
269.95	36537.50
270.00	36377.19
270.04	36228.39
270.09	36075.92
270.14	35923.51
270.19	35778.73
270.24	35649.59
270.28	35497.73
270.33	35334.85
270.38	35164.88
270.43	34993.07
270.48	34812.46
270.52	34653.46
270.57	34490.35
270.62	34333.41
270.67	34185.74
270.72	34034.03
270.76	33859.82
270.81	33699.65
270.86	33524.03
270.91	33343.70
270.96	33170.41
271.00	33010.95
271.05	32854.96
271.10	32714.93
271.15	32585.02
271.20	32461.86
271.24	32327.14
271.29	32188.97
271.34	32052.65
271.39	31901.94
271.44	31750.80
271.48	31612.34
271.53	31464.90
271.58	31317.91
271.63	31169.85
271.67	31023.27
271.72	30879.58
271.77	30743.22
271.82	30606.05
271.87	30476.86
271.91	30328.59
271.96	30185.54
272.01	30047.79
272.06	29919.45
272.11	29798.98
272.15	29686.95
272.20	29579.10
272.25	29473.43
272.30	29368.71
272.35	29262.96
272.39	29153.83
272.44	29036.21
272.49	28907.24
272.54	28764.57
272.58	28612.07
272.63	28462.90
272.68	28311.97
272.73	28151.66
272.78	27984.07
272.82	27792.26
272.87	27571.49
272.92	27285.85
272.97	26767.86
273.01	23816.68
273.06	18881.14
273.11	13448.26
273.16	8113.83
273.21	3052.21
273.25	461.01
273.30	-89.08
273.35	-89.48
