165.32	3383.11
165.38	-248.26
165.44	596.69
165.50	-76.88
165.55	-18.20
165.61	4.15
165.67	32.11
165.72	40.98
165.78	46.14
165.84	44.75
165.89	41.50
165.95	40.26
166.01	39.53
166.06	40.95
166.12	43.32
166.18	42.03
166.23	43.38
166.29	42.79
166.35	39.21
166.40	38.34
166.46	44.86
166.52	47.64
166.57	48.66
166.63	49.74
166.69	52.53
166.74	46.01
166.80	46.61
166.86	48.45
166.91	49.25
166.97	43.45
167.03	46.05
167.08	40.19
167.14	39.60
167.20	37.45
167.25	49.53
167.31	50.06
167.37	55.68
167.42	57.19
167.48	63.06
167.54	58.09
167.59	57.60
167.65	52.95
167.71	52.96
167.76	52.22
167.82	47.76
167.88	47.00
167.93	55.05
167.99	53.72
168.05	55.47
168.10	62.87
168.16	62.55
168.21	60.37
168.27	64.87
168.33	67.10
168.38	60.04
168.44	65.16
168.50	63.94
168.55	62.35
168.61	62.91
168.67	64.64
168.72	61.63
168.78	61.73
168.84	57.86
168.89	56.49
168.95	57.36
169.01	56.65
169.06	56.20
169.12	55.43
169.18	53.55
169.23	53.48
169.29	57.92
169.34	62.31
169.40	64.89
169.46	69.09
169.51	71.20
169.57	66.94
169.63	62.48
169.68	67.64
169.74	64.08
169.80	69.94
169.85	70.99
169.91	75.24
169.97	70.91
170.02	70.55
170.08	69.43
170.13	69.35
170.19	69.43
170.25	70.64
170.30	74.97
170.36	66.96
170.42	69.67
170.47	70.60
170.53	72.83
170.59	69.34
170.64	72.60
170.70	70.58
170.76	67.73
170.81	68.84
170.87	68.72
170.92	69.77
170.98	72.99
171.04	75.72
171.09	71.71
171.15	79.19
171.21	80.01
171.26	76.84
171.32	73.98
171.37	77.66
171.43	72.35
171.49	76.86
171.54	80.19
171.60	81.92
171.66	83.98
171.71	83.91
171.77	81.94
171.83	87.73
171.88	86.99
171.94	86.22
171.99	91.11
172.05	89.31
172.11	90.22
172.16	98.30
172.22	98.90
172.28	99.00
172.33	97.11
172.39	93.92
172.44	91.02
172.50	96.00
172.56	95.60
172.61	104.29
172.67	103.90
172.72	103.79
172.78	99.06
172.84	94.13
172.89	87.11
172.95	86.40
173.01	87.15
173.06	85.68
173.12	91.54
173.17	93.22
173.23	92.80
173.29	93.48
173.34	94.90
173.40	89.34
173.46	89.97
173.51	93.15
173.57	93.18
173.62	87.95
173.68	94.65
173.74	93.70
173.79	94.59
173.85	91.34
173.90	94.13
173.96	90.15
174.02	87.20
174.07	79.20
174.13	78.47
174.18	80.49
174.24	74.31
174.30	74.49
174.35	79.84
174.41	77.14
174.47	71.38
174.52	72.10
174.58	70.81
174.63	66.25
174.69	65.22
174.75	66.61
174.80	77.59
174.86	75.41
174.91	76.41
174.97	76.26
175.03	73.75
175.08	62.00
175.14	68.65
175.19	64.80
175.25	65.17
175.31	69.68
175.36	70.65
175.42	67.85
175.47	72.68
175.53	72.89
175.59	69.67
175.64	71.66
175.70	69.73
175.75	64.59
175.81	62.93
175.87	64.23
175.92	60.32
175.98	61.82
176.03	61.85
176.09	62.72
176.15	62.65
176.20	63.71
176.26	63.53
176.31	66.90
176.37	64.16
176.42	64.92
176.48	68.58
176.54	66.07
176.59	63.70
176.65	66.65
176.70	67.83
176.76	66.86
176.82	64.91
176.87	61.28
176.93	60.90
176.98	59.78
177.04	55.27
177.10	60.25
177.15	62.45
177.21	63.67
177.26	62.75
177.32	66.06
177.37	67.72
177.43	71.11
177.49	67.47
177.54	64.92
177.60	65.32
177.65	65.79
177.71	60.37
177.77	63.68
177.82	65.15
177.88	69.12
177.93	64.31
177.99	70.69
178.04	66.26
178.10	67.52
178.16	60.83
178.21	62.10
178.27	59.15
178.32	62.94
178.38	61.14
178.43	62.86
178.49	62.51
178.55	61.86
178.60	60.88
178.66	60.41
178.71	61.81
178.77	60.42
178.82	61.50
178.88	61.09
178.94	61.40
178.99	62.45
179.05	66.37
179.10	62.81
179.16	65.75
179.21	68.10
179.27	66.86
179.33	62.57
179.38	65.84
179.44	63.83
179.49	63.95
179.55	62.03
179.60	61.98
179.66	61.02
179.72	63.57
179.77	61.09
179.83	60.12
179.88	62.22
179.94	63.66
179.99	59.49
180.05	59.90
180.11	60.80
180.16	62.69
180.22	64.53
180.27	69.44
180.33	70.26
180.38	74.62
180.44	70.50
180.49	70.45
180.55	68.64
180.61	72.76
180.66	67.14
180.72	65.49
180.77	63.40
180.83	62.75
180.88	59.61
180.94	59.36
180.99	62.95
181.05	63.43
181.11	65.08
181.16	65.44
181.22	67.17
181.27	69.17
181.33	67.82
181.38	64.28
181.44	65.28
181.49	69.54
181.55	70.52
181.61	76.96
181.66	79.96
181.72	77.69
181.77	74.93
181.83	72.35
181.88	77.07
181.94	78.47
181.99	83.98
182.05	84.29
182.11	85.48
182.16	76.25
182.22	74.34
182.27	69.54
182.33	71.90
182.38	71.26
182.44	75.87
182.49	77.93
182.55	79.83
182.60	79.64
182.66	83.09
182.72	85.19
182.77	87.33
182.83	91.03
182.88	93.83
182.94	94.91
182.99	92.50
183.05	90.65
183.10	92.43
183.16	91.74
183.21	92.31
183.27	99.58
183.32	103.71
183.38	106.31
183.44	112.23
183.49	116.66
183.55	117.23
183.60	123.10
183.66	129.11
183.71	137.57
183.77	144.06
183.82	152.03
183.88	162.20
183.93	172.09
183.99	184.87
184.04	200.71
184.10	212.55
184.15	222.75
184.21	235.09
184.27	236.78
184.32	238.28
184.38	236.44
184.43	234.10
184.49	219.47
184.54	204.32
184.60	196.31
184.65	184.27
184.71	175.82
184.76	177.14
184.82	193.78
184.87	209.88
184.93	233.75
184.98	259.38
185.04	290.07
185.09	313.65
185.15	337.77
185.20	368.45
185.26	402.13
185.31	428.67
185.37	454.95
185.43	474.38
185.48	493.14
185.54	515.46
185.59	541.05
185.65	566.00
185.70	605.46
185.76	649.44
185.81	682.75
185.87	718.46
185.92	761.64
185.98	796.40
186.03	813.07
186.09	815.94
186.14	793.08
186.20	742.10
186.25	660.39
186.31	579.01
186.36	515.15
186.42	488.08
186.47	498.08
186.53	545.25
186.58	612.93
186.64	686.13
186.69	757.40
186.75	817.08
186.80	874.73
186.86	931.72
186.91	989.89
186.97	1044.29
187.02	1115.00
187.08	1182.44
187.13	1241.63
187.19	1308.24
187.24	1374.51
187.30	1423.19
187.35	1475.09
187.41	1541.86
187.47	1603.75
187.52	1658.13
187.58	1718.10
187.63	1787.10
187.69	1854.59
187.74	1909.70
187.80	1961.80
187.85	2008.20
187.91	2031.01
187.96	2016.50
188.02	1955.74
188.07	1851.05
188.13	1695.42
188.18	1531.10
188.24	1409.43
188.29	1351.86
188.35	1360.33
188.40	1439.19
188.46	1562.93
188.51	1685.89
188.57	1813.43
188.62	1934.98
188.67	2049.96
188.73	2158.45
188.78	2261.91
188.84	2362.72
188.89	2467.26
188.95	2572.19
189.00	2662.34
189.06	2760.71
189.11	2853.74
189.17	2933.14
189.22	3005.01
189.28	3091.87
189.33	3168.34
189.39	3233.19
189.44	3298.41
189.50	3372.11
189.55	3438.05
189.61	3491.30
189.66	3550.24
189.72	3610.74
189.77	3660.84
189.83	3691.08
189.88	3702.54
189.94	3673.89
189.99	3595.67
190.05	3445.51
190.10	3229.74
190.16	2980.69
190.21	2762.22
190.27	2619.90
190.32	2583.11
190.38	2651.68
190.43	2803.65
190.49	2984.39
190.54	3148.03
190.60	3295.78
190.65	3426.50
190.71	3544.24
190.76	3656.41
190.81	3768.38
190.87	3876.03
190.92	3997.52
190.98	4116.15
191.03	4235.26
191.09	4355.76
191.14	4468.05
191.20	4558.86
191.25	4655.86
191.31	4750.67
191.36	4844.74
191.42	4936.73
191.47	5037.32
191.53	5135.88
191.58	5218.75
191.64	5288.73
191.69	5353.24
191.75	5399.91
191.80	5431.80
191.85	5450.89
191.91	5468.17
191.96	5487.20
192.02	5514.82
192.07	5527.85
192.13	5526.45
192.18	5482.42
192.24	5370.62
192.29	5177.44
192.35	4958.00
192.40	4772.80
192.46	4665.59
192.51	4660.04
192.57	4755.14
192.62	4929.04
192.67	5116.76
192.73	5293.80
192.78	5457.70
192.84	5608.58
192.89	5742.77
192.95	5871.07
193.00	5986.05
193.06	6093.18
193.11	6200.85
193.17	6293.59
193.22	6377.29
193.28	6466.88
193.33	6543.50
193.38	6612.49
193.44	6681.09
193.49	6755.18
193.55	6813.85
193.60	6872.91
193.66	6924.18
193.71	6968.34
193.77	6991.67
193.82	7008.77
193.88	7022.54
193.93	7047.72
193.98	7077.91
194.04	7119.58
194.09	7168.21
194.15	7225.26
194.20	7271.17
194.26	7312.62
194.31	7353.03
194.37	7378.82
194.42	7382.65
194.47	7374.98
194.53	7332.52
194.58	7245.33
194.64	7139.16
194.69	7046.98
194.75	6978.86
194.80	6961.68
194.86	7001.61
194.91	7094.24
194.97	7198.72
195.02	7305.80
195.07	7412.95
195.13	7518.78
195.18	7627.39
195.24	7733.95
195.29	7842.97
195.35	7942.69
195.40	8043.75
195.46	8122.14
195.51	8205.37
195.56	8283.99
195.62	8361.79
195.67	8426.99
195.73	8498.63
195.78	8554.60
195.84	8597.69
195.89	8631.76
195.94	8664.50
196.00	8695.06
196.05	8729.18
196.11	8776.19
196.16	8823.88
196.22	8881.40
196.27	8937.46
196.32	8989.04
196.38	9034.05
196.43	9085.75
196.49	9121.23
196.54	9163.08
196.60	9210.08
196.65	9259.31
196.71	9302.32
196.76	9352.00
196.81	9387.76
196.87	9420.80
196.92	9445.56
196.98	9462.84
197.03	9472.73
197.09	9470.08
197.14	9462.88
197.19	9462.11
197.25	9475.58
197.30	9500.34
197.36	9554.33
197.41	9618.80
197.47	9683.55
197.52	9747.60
197.57	9816.97
197.63	9864.78
197.68	9918.84
197.74	9970.64
197.79	10014.55
197.84	10052.34
197.90	10104.01
197.95	10142.05
198.01	10185.01
198.06	10230.53
198.12	10279.33
198.17	10317.22
198.22	10361.55
198.28	10399.38
198.33	10440.49
198.39	10479.31
198.44	10527.67
198.49	10572.95
198.55	10618.26
198.60	10664.44
198.66	10706.14
198.71	10756.12
198.77	10804.77
198.82	10857.66
198.87	10904.10
198.93	10952.43
198.98	10993.45
199.04	11035.99
199.09	11069.81
199.14	11114.05
199.20	11159.09
199.25	11203.69
199.31	11245.11
199.36	11294.61
199.42	11339.09
199.47	11382.18
199.52	11417.81
199.58	11459.45
199.63	11487.70
199.69	11517.88
199.74	11549.44
199.79	11577.22
199.85	11604.19
199.90	11644.32
199.96	11682.29
200.01	11727.24
200.06	11776.36
200.12	11826.81
200.17	11878.67
200.23	11930.14
200.28	11970.36
200.33	12024.73
200.39	12067.47
200.44	12106.73
200.50	12151.21
200.55	12190.89
200.60	12223.15
200.66	12264.99
200.71	12303.34
200.77	12341.07
200.82	12380.53
200.87	12423.85
200.93	12458.02
200.98	12498.63
201.04	12535.67
201.09	12585.40
201.14	12636.60
201.20	12690.95
201.25	12745.34
201.31	12802.06
201.36	12859.15
201.41	12915.02
201.47	12973.66
201.52	13026.56
201.58	13085.13
201.63	13128.62
201.68	13172.49
201.74	13220.08
201.79	13272.32
201.84	13323.80
201.90	13376.54
201.95	13427.31
202.01	13480.78
202.06	13534.31
202.11	13574.54
202.17	13625.04
202.22	13671.75
202.28	13711.46
202.33	13753.13
202.38	13789.94
202.44	13832.54
202.49	13878.30
202.54	13926.34
202.60	13968.72
202.65	14023.24
202.71	14071.90
202.76	14113.00
202.81	14153.82
202.87	14201.03
202.92	14245.34
202.98	14294.30
203.03	14346.40
203.08	14400.56
203.14	14449.75
203.19	14509.24
203.24	14561.08
203.30	14614.91
203.35	14665.13
203.41	14713.89
203.46	14753.01
203.51	14792.26
203.57	14835.46
203.62	14883.26
203.67	14938.62
203.73	14986.49
203.78	15035.96
203.84	15086.55
203.89	15129.27
203.94	15167.42
204.00	15214.24
204.05	15259.20
204.10	15291.60
204.16	15328.95
204.21	15367.66
204.27	15402.64
204.32	15432.98
204.37	15470.25
204.43	15499.08
204.48	15527.65
204.53	15551.40
204.59	15591.42
204.64	15649.41
204.69	15722.61
204.75	15799.80
204.80	15891.34
204.86	15968.31
204.91	16028.75
204.96	16086.70
205.02	16129.79
205.07	16175.72
205.12	16234.35
205.18	16302.93
205.23	16371.23
205.28	16454.62
205.34	16530.15
205.39	16600.52
205.45	16663.34
205.50	16722.25
205.55	16775.63
205.61	16831.03
205.66	16889.15
205.71	16956.28
205.77	17020.03
205.82	17083.60
205.87	17140.81
205.93	17190.32
205.98	17232.75
206.03	17268.35
206.09	17312.85
206.14	17364.15
206.20	17418.86
206.25	17471.33
206.30	17539.08
206.36	17598.10
206.41	17659.38
206.46	17711.56
206.52	17764.63
206.57	17813.46
206.62	17860.04
206.68	17898.60
206.73	17949.34
206.78	18004.85
206.84	18056.53
206.89	18108.61
206.94	18174.22
207.00	18242.79
207.05	18307.95
207.11	18380.91
207.16	18445.11
207.21	18510.76
207.27	18565.96
207.32	18620.59
207.37	18673.48
207.43	18733.26
207.48	18780.35
207.53	18829.47
207.59	18877.55
207.64	18927.15
207.69	18999.12
207.75	19065.57
207.80	19126.62
207.85	19188.44
207.91	19246.73
207.96	19291.29
208.01	19350.19
208.07	19412.62
208.12	19475.34
208.17	19530.20
208.23	19577.70
208.28	19626.36
208.33	19678.47
208.39	19739.17
208.44	19806.18
208.49	19875.64
208.55	19930.70
208.60	19986.05
208.65	20033.63
208.71	20081.70
208.76	20131.66
208.81	20196.40
208.87	20262.04
208.92	20318.74
208.97	20377.42
209.03	20437.50
209.08	20497.21
209.13	20557.25
209.19	20622.44
209.24	20683.69
209.29	20749.89
209.35	20803.34
209.40	20861.40
209.45	20925.55
209.51	20989.90
209.56	21050.85
209.61	21114.55
209.67	21176.89
209.72	21235.20
209.77	21297.09
209.83	21356.26
209.88	21428.58
209.93	21491.72
209.99	21556.82
210.04	21627.20
210.09	21692.22
210.15	21745.49
210.20	21809.46
210.25	21874.19
210.31	21929.28
210.36	21984.77
210.41	22041.30
210.46	22094.24
210.52	22143.15
210.57	22196.34
210.62	22258.49
210.68	22321.20
210.73	22373.60
210.78	22432.09
210.84	22494.79
210.89	22552.72
210.94	22606.10
211.00	22666.68
211.05	22720.70
211.10	22783.00
211.16	22841.92
211.21	22915.12
211.26	22984.36
211.32	23060.32
211.37	23125.21
211.42	23193.25
211.47	23255.96
211.53	23321.83
211.58	23381.45
211.63	23433.53
211.69	23489.01
211.74	23536.87
211.79	23588.04
211.85	23645.36
211.90	23714.18
211.95	23781.64
212.01	23855.40
212.06	23935.29
212.11	24007.54
212.16	24081.17
212.22	24154.09
212.27	24218.00
212.32	24277.49
212.38	24341.26
212.43	24406.32
212.48	24466.99
212.54	24537.50
212.59	24611.36
212.64	24682.13
212.69	24739.16
212.75	24808.33
212.80	24873.04
212.85	24926.90
212.91	24979.11
212.96	25041.34
213.01	25097.16
213.07	25153.71
213.12	25224.01
213.17	25292.16
213.22	25358.72
213.28	25422.92
213.33	25476.26
213.38	25530.37
213.44	25583.77
213.49	25648.90
213.54	25722.65
213.60	25807.00
213.65	25882.41
213.70	25973.91
213.75	26042.71
213.81	26099.26
213.86	26160.19
213.91	26216.79
213.97	26258.80
214.02	26303.12
214.07	26349.97
214.12	26392.17
214.18	26438.15
214.23	26496.50
214.28	26555.94
214.34	26613.49
214.39	26667.97
214.44	26711.36
214.49	26734.95
214.55	26749.38
214.60	26754.22
214.65	26752.25
214.71	26759.54
214.76	26797.80
214.81	26870.25
214.86	26985.68
214.92	27114.04
214.97	27246.70
215.02	27363.13
215.08	27461.49
215.13	27533.66
215.18	27586.75
215.23	27640.32
215.29	27699.50
215.34	27770.71
215.39	27850.97
215.45	27960.52
215.50	28072.43
215.55	28179.33
215.60	28267.64
215.66	28337.60
215.71	28401.86
215.76	28472.80
215.81	28527.77
215.87	28589.94
215.92	28649.70
215.97	28706.42
216.03	28754.96
216.08	28812.71
216.13	28866.95
216.18	28926.54
216.24	28977.05
216.29	29033.22
216.34	29085.94
216.39	29148.35
216.45	29210.70
216.50	29272.26
216.55	29323.51
216.61	29393.95
216.66	29450.93
216.71	29511.34
216.76	29580.11
216.82	29660.40
216.87	29727.88
216.92	29807.04
216.97	29878.92
217.03	29949.70
217.08	30025.45
217.13	30106.72
217.18	30177.71
217.24	30251.80
217.29	30321.37
217.34	30371.98
217.39	30409.10
217.45	30457.12
217.50	30495.37
217.55	30557.72
217.61	30617.82
217.66	30688.66
217.71	30749.92
217.76	30834.23
217.82	30907.01
217.87	30983.51
217.92	31056.66
217.97	31127.26
218.03	31190.70
218.08	31233.08
218.13	31276.74
218.18	31322.85
218.24	31395.64
218.29	31451.34
218.34	31521.96
218.39	31590.60
218.45	31662.14
218.50	31708.06
218.55	31773.05
218.60	31830.21
218.66	31888.60
218.71	31952.39
218.76	32023.88
218.81	32087.14
218.87	32156.10
218.92	32217.82
218.97	32287.53
219.02	32348.74
219.08	32416.96
219.13	32488.16
219.18	32565.15
219.23	32624.97
219.29	32683.84
219.34	32745.27
219.39	32803.90
219.44	32865.33
219.50	32929.62
219.55	33002.85
219.60	33070.19
219.65	33133.53
219.71	33194.70
219.76	33248.35
219.81	33301.20
219.86	33350.73
219.92	33403.78
219.97	33455.53
220.02	33507.53
220.07	33564.77
220.13	33626.75
220.18	33697.63
220.23	33771.94
220.28	33856.48
220.33	33935.48
220.39	33995.10
220.44	34045.22
220.49	34102.19
220.54	34144.80
220.60	34187.11
220.65	34254.79
220.70	34326.07
220.75	34400.60
220.81	34486.88
220.86	34567.53
220.91	34633.91
220.96	34699.38
221.02	34756.73
221.07	34815.07
221.12	34871.08
221.17	34931.57
221.22	34986.22
221.28	35050.08
221.33	35113.64
221.38	35176.56
221.43	35250.25
221.49	35317.24
221.54	35381.85
221.59	35445.41
221.64	35530.60
221.69	35616.57
221.75	35720.05
221.80	35813.15
221.85	35893.36
221.90	35953.30
221.96	36006.92
222.01	36033.53
222.06	36065.01
222.11	36115.11
222.17	36157.26
222.22	36182.26
222.27	36235.10
222.32	36285.95
222.37	36331.82
222.43	36399.41
222.48	36473.00
222.53	36547.38
222.58	36631.11
222.63	36710.96
222.69	36776.85
222.74	36856.56
222.79	36922.23
222.84	36968.52
222.90	37014.15
222.95	37064.78
223.00	37102.20
223.05	37148.40
223.10	37205.22
223.16	37268.76
223.21	37315.98
223.26	37367.09
223.31	37410.72
223.36	37451.70
223.42	37483.76
223.47	37521.25
223.52	37566.18
223.57	37618.00
223.63	37674.42
223.68	37730.24
223.73	37801.15
223.78	37873.71
223.83	37942.57
223.89	37998.59
223.94	38069.79
223.99	38136.28
224.04	38204.15
224.09	38275.72
224.15	38363.23
224.20	38435.84
224.25	38521.76
224.30	38608.88
224.35	38695.09
224.41	38790.22
224.46	38893.21
224.51	38980.46
224.56	39057.74
224.61	39136.22
224.67	39213.47
224.72	39277.65
224.77	39368.82
224.82	39459.75
224.87	39546.02
224.93	39620.36
224.98	39713.50
225.03	39798.36
225.08	39888.74
225.13	39978.09
225.19	40067.89
225.24	40154.76
225.29	40227.47
225.34	40310.26
225.39	40388.33
225.45	40471.17
225.50	40546.25
225.55	40626.94
225.60	40693.60
225.65	40783.64
225.71	40869.03
225.76	40944.42
225.81	41023.73
225.86	41104.44
225.91	41169.25
225.97	41230.67
226.02	41292.48
226.07	41326.78
226.12	41368.12
226.17	41412.16
226.22	41484.81
226.28	41587.35
226.33	41722.13
226.38	41844.69
226.43	41959.46
226.48	42043.97
226.54	42102.74
226.59	42170.08
226.64	42229.14
226.69	42290.35
226.74	42353.54
226.80	42420.70
226.85	42478.24
226.90	42547.30
226.95	42635.83
227.00	42725.82
227.05	42831.43
227.11	42930.87
227.16	43028.14
227.21	43107.28
227.26	43191.80
227.31	43259.80
227.37	43317.90
227.42	43386.47
227.47	43467.71
227.52	43540.76
227.57	43609.50
227.62	43692.02
227.68	43768.55
227.73	43845.33
227.78	43925.59
227.83	44009.24
227.88	44072.72
227.93	44151.86
227.99	44224.86
228.04	44298.50
228.09	44381.20
228.14	44457.15
228.19	44524.38
228.24	44588.91
228.30	44654.70
228.35	44711.05
228.40	44782.73
228.45	44842.78
228.50	44915.60
228.56	44973.53
228.61	45034.49
228.66	45095.06
228.71	45157.40
228.76	45192.45
228.81	45251.67
228.87	45297.47
228.92	45361.31
228.97	45419.25
229.02	45519.10
229.07	45591.69
229.12	45687.09
229.17	45757.85
229.23	45843.24
229.28	45916.50
229.33	45996.39
229.38	46066.59
229.43	46140.29
229.48	46209.66
229.54	46267.88
229.59	46329.91
229.64	46398.23
229.69	46476.98
229.74	46565.06
229.79	46634.00
229.85	46711.35
229.90	46788.36
229.95	46851.83
230.00	46905.21
230.05	46983.55
230.10	47054.57
230.16	47122.31
230.21	47186.94
230.26	47244.57
230.31	47292.09
230.36	47346.45
230.41	47399.84
230.46	47478.09
230.52	47566.36
230.57	47650.81
230.62	47738.16
230.67	47813.97
230.72	47874.86
230.77	47922.19
230.82	47966.98
230.88	47992.51
230.93	48034.55
230.98	48071.88
231.03	48137.70
231.08	48195.25
231.13	48248.50
231.19	48312.45
231.24	48383.53
231.29	48445.39
231.34	48515.08
231.39	48597.81
231.44	48663.21
231.49	48721.14
231.55	48771.64
231.60	48826.59
231.65	48879.43
231.70	48932.31
231.75	48976.72
231.80	49022.28
231.85	49071.09
231.91	49113.67
231.96	49162.65
232.01	49226.49
232.06	49289.85
232.11	49355.91
232.16	49432.84
232.21	49518.30
232.26	49608.24
232.32	49688.26
232.37	49759.60
232.42	49831.12
232.47	49874.78
232.52	49921.50
232.57	49976.76
232.62	50030.99
232.68	50089.10
232.73	50165.29
232.78	50238.11
232.83	50311.82
232.88	50382.58
232.93	50453.64
232.98	50516.00
233.03	50563.72
233.09	50625.87
233.14	50695.26
233.19	50752.30
233.24	50809.94
233.29	50867.60
233.34	50896.85
233.39	50911.11
233.45	50948.05
233.50	50983.87
233.55	51026.78
233.60	51095.68
233.65	51167.42
233.70	51224.07
233.75	51272.67
233.80	51321.40
233.86	51370.38
233.91	51418.87
233.96	51465.62
234.01	51523.29
234.06	51585.84
234.11	51641.94
234.16	51700.09
234.21	51761.85
234.26	51817.89
234.32	51855.53
234.37	51888.08
234.42	51921.71
234.47	51936.96
234.52	51956.18
234.57	52002.42
234.62	52044.39
234.67	52092.37
234.73	52149.05
234.78	52205.40
234.83	52243.42
234.88	52287.14
234.93	52326.47
234.98	52372.96
235.03	52427.92
235.08	52489.15
235.13	52549.75
235.19	52620.54
235.24	52681.13
235.29	52741.50
235.34	52795.57
235.39	52828.57
235.44	52854.90
235.49	52889.59
235.54	52907.61
235.59	52920.84
235.65	52948.07
235.70	52976.13
235.75	53022.70
235.80	53076.41
235.85	53135.11
235.90	53187.05
235.95	53226.53
236.00	53248.53
236.05	53274.30
236.11	53300.77
236.16	53333.82
236.21	53384.45
236.26	53422.53
236.31	53451.06
236.36	53470.98
236.41	53485.99
236.46	53485.20
236.51	53503.15
236.56	53528.15
236.62	53558.80
236.67	53606.56
236.72	53655.34
236.77	53677.03
236.82	53719.22
236.87	53740.30
236.92	53747.13
236.97	53778.52
237.02	53830.67
237.07	53873.08
237.13	53936.31
237.18	53999.73
237.23	54044.72
237.28	54080.87
237.33	54124.57
237.38	54153.91
237.43	54184.02
237.48	54195.97
237.53	54224.24
237.58	54245.90
237.63	54285.76
237.69	54324.95
237.74	54375.33
237.79	54409.40
237.84	54413.99
237.89	54412.66
237.94	54416.77
237.99	54431.22
238.04	54451.13
238.09	54480.66
238.14	54512.45
238.19	54532.65
238.25	54552.70
238.30	54551.97
238.35	54551.53
238.40	54551.33
238.45	54551.69
238.50	54554.52
238.55	54564.03
238.60	54593.29
238.65	54612.36
238.70	54636.74
238.75	54652.89
238.80	54685.80
238.86	54695.51
238.91	54714.09
238.96	54741.48
239.01	54779.51
239.06	54806.94
239.11	54836.09
239.16	54871.69
239.21	54881.42
239.26	54869.33
239.31	54878.74
239.36	54891.47
239.41	54901.18
239.46	54924.20
239.52	54955.74
239.57	54971.35
239.62	54990.74
239.67	55011.86
239.72	55038.01
239.77	55057.50
239.82	55070.17
239.87	55086.70
239.92	55090.49
239.97	55084.07
240.02	55070.52
240.07	55059.28
240.12	55049.60
240.17	55049.08
240.23	55041.85
240.28	55046.54
240.33	55063.32
240.38	55057.45
240.43	55061.03
240.48	55085.62
240.53	55103.89
240.58	55114.94
240.63	55164.08
240.68	55181.72
240.73	55173.70
240.78	55167.33
240.83	55176.90
240.88	55146.95
240.93	55132.04
240.98	55131.15
241.04	55155.01
241.09	55167.36
241.14	55188.36
241.19	55229.31
241.24	55261.90
241.29	55273.50
241.34	55285.98
241.39	55300.61
241.44	55306.89
241.49	55314.76
241.54	55319.86
241.59	55313.58
241.64	55316.35
241.69	55303.49
241.74	55292.68
241.79	55279.19
241.84	55271.10
241.90	55251.25
241.95	55228.49
242.00	55200.59
242.05	55177.08
242.10	55160.59
242.15	55146.23
242.20	55140.32
242.25	55135.46
242.30	55127.80
242.35	55119.19
242.40	55116.63
242.45	55103.78
242.50	55096.63
242.55	55102.54
242.60	55094.40
242.65	55091.17
242.70	55110.94
242.75	55132.04
242.80	55166.60
242.85	55203.89
242.91	55219.54
242.96	55207.67
243.01	55190.48
243.06	55156.98
243.11	55123.31
243.16	55102.61
243.21	55101.55
243.26	55110.52
243.31	55127.77
243.36	55131.20
243.41	55150.45
243.46	55149.30
243.51	55123.55
243.56	55072.32
243.61	55026.76
243.66	54978.31
243.71	54947.78
243.76	54945.76
243.81	54954.60
243.86	54958.33
243.91	54963.20
243.96	54961.42
244.01	54936.32
244.06	54912.47
244.12	54907.63
244.17	54892.25
244.22	54885.61
244.27	54919.46
244.32	54945.07
244.37	54965.70
244.42	54969.36
244.47	54971.85
244.52	54944.36
244.57	54916.30
244.62	54888.09
244.67	54874.03
244.72	54851.87
244.77	54835.64
244.82	54852.31
244.87	54880.22
244.92	54902.63
244.97	54916.82
245.02	54922.80
245.07	54901.26
245.12	54871.90
245.17	54845.98
245.22	54843.19
245.27	54842.23
245.32	54809.85
245.37	54776.06
245.42	54733.52
245.47	54692.42
245.52	54642.49
245.57	54636.65
245.62	54622.28
245.67	54615.69
245.72	54599.44
245.77	54581.71
245.82	54557.87
245.87	54557.15
245.92	54560.95
245.98	54550.49
246.03	54553.03
246.08	54558.95
246.13	54552.61
246.18	54551.42
246.23	54554.96
246.28	54546.89
246.33	54531.06
246.38	54505.82
246.43	54472.72
246.48	54449.00
246.53	54440.19
246.58	54451.29
246.63	54458.41
246.68	54450.01
246.73	54435.82
246.78	54414.90
246.83	54357.98
246.88	54305.42
246.93	54260.95
246.98	54215.93
247.03	54174.78
247.08	54158.26
247.13	54152.75
247.18	54155.36
247.23	54170.76
247.28	54184.58
247.33	54169.77
247.38	54148.45
247.43	54130.60
247.48	54116.82
247.53	54079.61
247.58	54055.87
247.63	54026.72
247.68	53990.27
247.73	53925.40
247.78	53894.99
247.83	53864.89
247.88	53840.37
247.93	53830.47
247.98	53831.09
248.03	53830.96
248.08	53843.60
248.13	53835.68
248.18	53822.64
248.23	53813.66
248.28	53784.65
248.33	53745.95
248.38	53721.08
248.43	53698.76
248.48	53678.12
248.53	53662.09
248.58	53637.96
248.63	53631.54
248.68	53611.88
248.73	53586.80
248.78	53556.40
248.83	53506.39
248.88	53443.92
248.93	53370.22
248.98	53296.08
249.03	53255.37
249.08	53241.07
249.13	53232.32
249.18	53233.39
249.23	53240.17
249.28	53227.57
249.33	53226.01
249.38	53207.02
249.43	53189.72
249.48	53167.71
249.53	53152.95
249.58	53125.40
249.63	53113.65
249.68	53106.75
249.73	53101.61
249.78	53083.77
249.83	53086.10
249.88	53058.87
249.93	53036.29
249.98	53019.11
250.03	53014.96
250.08	52979.53
250.13	52963.83
250.18	52938.43
250.23	52902.42
250.28	52848.29
250.33	52799.33
250.37	52758.32
250.42	52715.95
250.47	52686.14
250.52	52681.26
250.57	52660.91
250.62	52634.13
250.67	52607.74
250.72	52586.04
250.77	52535.96
250.82	52515.30
250.87	52505.73
250.92	52491.68
250.97	52464.16
251.02	52457.94
251.07	52461.35
251.12	52440.61
251.17	52414.35
251.22	52383.44
251.27	52343.85
251.32	52291.03
251.37	52240.74
251.42	52192.53
251.47	52160.44
251.52	52134.79
251.57	52111.59
251.62	52089.18
251.67	52080.88
251.72	52060.49
251.77	52029.33
251.82	51990.95
251.87	51954.50
251.92	51903.19
251.97	51841.11
252.02	51793.72
252.07	51757.04
252.12	51741.80
252.16	51738.74
252.21	51746.71
252.26	51749.05
252.31	51755.45
252.36	51743.38
252.41	51722.87
252.46	51705.11
252.51	51678.21
252.56	51643.32
252.61	51615.06
252.66	51590.76
252.71	51566.69
252.76	51545.15
252.81	51499.46
252.86	51448.40
252.91	51397.55
252.96	51329.08
253.01	51256.40
253.06	51204.57
253.11	51159.99
253.16	51122.74
253.21	51078.53
253.26	51041.76
253.31	51010.91
253.36	50986.58
253.40	50951.25
253.45	50942.56
253.50	50907.98
253.55	50869.72
253.60	50821.60
253.65	50785.00
253.70	50748.94
253.75	50740.57
253.80	50715.45
253.85	50715.32
253.90	50717.36
253.95	50708.37
254.00	50702.44
254.05	50697.63
254.10	50653.98
254.15	50612.68
254.20	50579.61
254.25	50539.03
254.30	50506.28
254.35	50467.57
254.39	50407.08
254.44	50327.47
254.49	50250.00
254.54	50212.43
254.59	50187.57
254.64	50179.18
254.69	50181.51
254.74	50181.15
254.79	50152.24
254.84	50113.76
254.89	50094.13
254.94	50078.73
254.99	50067.78
255.04	50054.06
255.09	50058.45
255.14	50027.79
255.19	50012.60
255.23	50000.10
255.28	49984.30
255.33	49967.54
255.38	49967.69
255.43	49946.88
255.48	49916.38
255.53	49883.98
255.58	49852.66
255.63	49810.81
255.68	49765.68
255.73	49727.29
255.78	49686.26
255.83	49653.40
255.88	49626.73
255.93	49600.90
255.97	49578.62
256.02	49556.76
256.07	49515.45
256.12	49451.08
256.17	49401.20
256.22	49341.94
256.27	49285.30
256.32	49240.20
256.37	49214.99
256.42	49194.24
256.47	49173.52
256.52	49151.30
256.57	49131.92
256.62	49116.71
256.66	49100.65
256.71	49071.04
256.76	49026.62
256.81	48978.53
256.86	48931.09
256.91	48885.96
256.96	48839.87
257.01	48817.90
257.06	48797.64
257.11	48760.89
257.16	48700.76
257.21	48663.78
257.26	48620.93
257.30	48573.36
257.35	48544.92
257.40	48527.65
257.45	48515.82
257.50	48486.58
257.55	48456.70
257.60	48422.55
257.65	48393.77
257.70	48345.28
257.75	48313.12
257.80	48288.59
257.85	48255.34
257.89	48216.71
257.94	48168.78
257.99	48111.31
258.04	48048.28
258.09	48005.29
258.14	47962.25
258.19	47944.03
258.24	47929.17
258.29	47898.19
258.34	47862.90
258.39	47836.42
258.44	47783.68
258.48	47734.17
258.53	47698.52
258.58	47655.14
258.63	47608.71
258.68	47560.84
258.73	47518.98
258.78	47477.77
258.83	47428.60
258.88	47385.25
258.93	47350.06
258.97	47324.56
259.02	47296.33
259.07	47279.75
259.12	47261.68
259.17	47249.02
259.22	47220.77
259.27	47200.90
259.32	47178.69
259.37	47137.29
259.42	47100.74
259.47	47062.57
259.51	47016.31
259.56	46952.97
259.61	46886.87
259.66	46804.04
259.71	46729.78
259.76	46673.02
259.81	46617.78
259.86	46575.80
259.91	46542.95
259.95	46515.96
260.00	46481.08
260.05	46454.14
260.10	46434.13
260.15	46424.72
260.20	46405.87
260.25	46398.55
260.30	46400.14
260.35	46373.90
260.40	46340.86
260.44	46322.95
260.49	46290.23
260.54	46250.80
260.59	46227.23
260.64	46220.88
260.69	46210.58
260.74	46180.63
260.79	46144.64
260.84	46108.31
260.88	46047.52
260.93	45973.02
260.98	45929.35
261.03	45892.47
261.08	45857.48
261.13	45824.20
261.18	45782.53
261.23	45729.46
261.28	45684.29
261.32	45643.11
261.37	45596.46
261.42	45560.90
261.47	45546.41
261.52	45496.14
261.57	45446.22
261.62	45406.73
261.67	45361.39
261.71	45282.47
261.76	45242.36
261.81	45192.14
261.86	45137.93
261.91	45096.40
261.96	45059.12
262.01	45023.82
262.06	45002.17
262.10	44989.22
262.15	44971.40
262.20	44961.02
262.25	44940.24
262.30	44920.24
262.35	44891.45
262.40	44858.20
262.45	44831.69
262.49	44806.10
262.54	44770.36
262.59	44738.32
262.64	44713.51
262.69	44675.05
262.74	44627.39
262.79	44575.00
262.84	44529.61
262.88	44482.51
262.93	44432.20
262.98	44391.79
263.03	44355.15
263.08	44307.70
263.13	44233.10
263.18	44170.08
263.23	44104.51
263.27	44054.43
263.32	44019.19
263.37	44008.25
263.42	43999.22
263.47	43979.49
263.52	43957.34
263.57	43923.21
263.61	43884.83
263.66	43838.90
263.71	43798.42
263.76	43754.03
263.81	43706.65
263.86	43670.13
263.91	43626.19
263.95	43567.25
264.00	43504.03
264.05	43450.29
264.10	43389.48
264.15	43324.43
264.20	43283.22
264.25	43248.27
264.29	43213.12
264.34	43152.79
264.39	43121.42
264.44	43072.97
264.49	43029.23
264.54	42982.04
264.59	42950.77
264.63	42904.95
264.68	42859.31
264.73	42804.60
264.78	42750.16
264.83	42695.52
264.88	42649.60
264.93	42631.93
264.97	42608.05
265.02	42588.38
265.07	42572.98
265.12	42538.47
265.17	42480.84
265.22	42443.70
265.27	42387.53
265.31	42326.65
265.36	42270.15
265.41	42218.25
265.46	42148.83
265.51	42080.93
265.56	42017.87
265.60	41964.40
265.65	41905.19
265.70	41843.73
265.75	41793.56
265.80	41751.33
265.85	41695.16
265.90	41635.38
265.94	41586.50
265.99	41526.19
266.04	41473.44
266.09	41429.67
266.14	41399.40
266.19	41363.54
266.23	41340.78
266.28	41297.76
266.33	41260.18
266.38	41228.30
266.43	41202.36
266.48	41180.78
266.52	41158.62
266.57	41121.09
266.62	41081.19
266.67	41031.77
266.72	40973.50
266.77	40936.31
266.81	40916.48
266.86	40892.07
266.91	40864.20
266.96	40825.89
267.01	40786.07
267.06	40731.81
267.10	40676.49
267.15	40624.57
267.20	40597.87
267.25	40559.50
267.30	40528.21
267.35	40497.83
267.39	40462.55
267.44	40417.03
267.49	40366.01
267.54	40315.03
267.59	40255.54
267.64	40202.26
267.68	40146.96
267.73	40095.09
267.78	40053.04
267.83	40033.64
267.88	40027.96
267.93	40020.16
267.97	40008.55
268.02	39971.86
268.07	39920.21
268.12	39857.57
268.17	39793.15
268.21	39746.03
268.26	39700.61
268.31	39658.75
268.36	39612.63
268.41	39565.73
268.46	39514.31
268.50	39477.90
268.55	39427.04
268.60	39366.05
268.65	39310.77
268.70	39227.37
268.74	39157.37
268.79	39088.33
268.84	39038.43
268.89	38990.69
268.94	38968.76
268.99	38930.61
269.03	38894.76
269.08	38845.33
269.13	38766.78
269.18	38682.38
269.23	38585.39
269.27	38471.83
269.32	38342.07
269.37	38226.74
269.42	38088.76
269.47	37950.17
269.51	37809.27
269.56	37678.97
269.61	37544.64
269.66	37406.10
269.71	37259.95
269.76	37117.07
269.80	36966.03
269.85	36810.33
269.90	36670.80
269.95	36517.95
270.00	36362.78
270.04	36216.60
270.09	36072.61
270.14	35922.95
270.19	35791.94
270.24	35658.81
270.28	35505.31
270.33	35340.38
270.38	35166.77
270.43	34989.69
270.48	34819.86
270.52	34664.15
270.57	34502.26
270.62	34348.08
270.67	34190.60
270.72	34028.61
270.76	33850.35
270.81	33688.86
270.86	33517.04
270.91	33351.15
270.96	33182.85
271.00	33023.48
271.05	32865.02
271.10	32728.86
271.15	32597.17
271.20	32472.17
271.24	32342.10
271.29	32203.33
271.34	32054.84
271.39	31899.59
271.44	31753.19
271.48	31615.97
271.53	31474.42
271.58	31330.25
271.63	31188.04
271.67	31038.95
271.72	30889.95
271.77	30747.29
271.82	30603.20
271.87	30462.94
271.91	30303.96
271.96	30162.12
272.01	30019.50
272.06	29892.48
272.11	29770.80
272.15	29670.83
272.20	29566.15
272.25	29477.40
272.30	29376.79
272.35	29271.71
272.39	29166.60
272.44	29042.56
272.49	28906.09
272.54	28767.87
272.58	28623.01
272.63	28469.36
272.68	28317.58
272.73	28159.45
272.78	27986.52
272.82	27782.36
272.87	27559.21
272.92	27276.43
272.97	26751.04
273.01	23802.23
273.06	18875.96
273.11	13443.08
273.16	8108.40
273.21	3052.50
273.25	460.93
273.30	-89.06
273.35	-89.46
