165.32	3375.28
165.38	-246.66
165.44	594.64
165.50	-78.59
165.55	-21.68
165.61	-0.38
165.67	26.12
165.72	34.36
165.78	39.37
165.84	37.75
165.89	34.42
165.95	32.94
166.01	32.19
166.06	33.65
166.12	36.33
166.18	34.50
166.23	36.04
166.29	35.03
166.35	31.83
166.40	30.70
166.46	37.21
166.52	40.06
166.57	41.61
166.63	42.02
166.69	44.55
166.74	38.82
166.80	39.31
166.86	41.08
166.91	42.24
166.97	37.06
167.03	39.56
167.08	33.35
167.14	32.85
167.20	30.69
167.25	42.82
167.31	43.09
167.37	48.59
167.42	50.06
167.48	55.54
167.54	50.40
167.59	50.07
167.65	45.66
167.71	45.56
167.76	44.58
167.82	39.70
167.88	39.21
167.93	47.21
167.99	46.01
168.05	48.43
168.10	56.24
168.16	55.64
168.21	53.56
168.27	58.03
168.33	59.91
168.38	52.66
168.44	57.51
168.50	55.93
168.55	54.24
168.61	55.11
168.67	56.85
168.72	53.85
168.78	54.03
168.84	50.07
168.89	48.37
168.95	49.68
169.01	49.01
169.06	48.75
169.12	48.10
169.18	46.41
169.23	46.34
169.29	50.91
169.34	55.54
169.40	58.21
169.46	62.75
169.51	64.51
169.57	59.60
169.63	55.46
169.68	60.14
169.74	56.38
169.80	62.03
169.85	63.87
169.91	67.75
169.97	63.92
170.02	63.84
170.08	62.80
170.13	62.87
170.19	62.54
170.25	64.20
170.30	68.42
170.36	60.50
170.42	62.99
170.47	64.12
170.53	65.43
170.59	62.27
170.64	65.64
170.70	63.72
170.76	60.89
170.81	62.25
170.87	61.68
170.92	62.54
170.98	65.46
171.04	68.19
171.09	64.26
171.15	71.49
171.21	72.16
171.26	68.98
171.32	66.44
171.37	70.23
171.43	64.74
171.49	69.50
171.54	73.02
171.60	75.04
171.66	77.09
171.71	77.71
171.77	75.46
171.83	81.13
171.88	80.13
171.94	79.37
171.99	83.89
172.05	82.48
172.11	83.25
172.16	91.37
172.22	92.02
172.28	91.93
172.33	90.27
172.39	87.64
172.44	84.46
172.50	89.46
172.56	89.07
172.61	97.57
172.67	96.64
172.72	96.07
172.78	91.07
172.84	85.86
172.89	78.93
172.95	78.41
173.01	79.58
173.06	78.01
173.12	83.74
173.17	85.53
173.23	84.98
173.29	85.00
173.34	86.64
173.40	81.15
173.46	81.35
173.51	83.99
173.57	84.31
173.62	79.14
173.68	86.03
173.74	85.07
173.79	86.64
173.85	83.51
173.90	85.95
173.96	82.22
174.02	79.19
174.07	71.08
174.13	70.79
174.18	73.60
174.24	67.44
174.30	67.51
174.35	72.67
174.41	69.52
174.47	62.81
174.52	63.18
174.58	62.49
174.63	58.30
174.69	57.36
174.75	59.74
174.80	71.40
174.86	68.54
174.91	69.39
174.97	69.27
175.03	66.42
175.08	53.67
175.14	60.66
175.19	56.57
175.25	56.73
175.31	61.41
175.36	63.31
175.42	59.86
175.47	64.84
175.53	65.27
175.59	61.95
175.64	63.14
175.70	61.56
175.75	56.62
175.81	55.49
175.87	56.27
175.92	52.66
175.98	54.38
176.03	54.45
176.09	54.77
176.15	54.52
176.20	55.30
176.26	55.16
176.31	58.70
176.37	55.98
176.42	57.43
176.48	60.99
176.54	57.94
176.59	54.82
176.65	57.96
176.70	59.16
176.76	58.85
176.82	57.45
176.87	54.17
176.93	53.96
176.98	52.38
177.04	47.00
177.10	51.96
177.15	53.74
177.21	54.12
177.26	52.73
177.32	57.14
177.37	58.74
177.43	62.32
177.49	59.16
177.54	57.11
177.60	56.81
177.65	56.76
177.71	51.65
177.77	54.56
177.82	55.88
177.88	60.37
177.93	56.15
177.99	62.51
178.04	58.30
178.10	59.64
178.16	52.18
178.21	53.47
178.27	50.34
178.32	54.56
178.38	53.14
178.43	55.43
178.49	55.03
178.55	54.51
178.60	52.97
178.66	52.32
178.71	53.58
178.77	51.99
178.82	53.00
178.88	52.73
178.94	53.24
178.99	54.52
179.05	58.50
179.10	54.48
179.16	57.63
179.21	60.12
179.27	58.35
179.33	53.83
179.38	57.57
179.44	55.47
179.49	55.33
179.55	53.82
179.60	54.18
179.66	53.20
179.72	55.68
179.77	52.79
179.83	51.85
179.88	53.57
179.94	54.89
179.99	51.41
180.05	52.53
180.11	53.43
180.16	55.80
180.22	58.59
180.27	62.79
180.33	63.66
180.38	67.63
180.44	62.92
180.49	62.33
180.55	60.37
180.61	63.70
180.66	58.47
180.72	56.80
180.77	54.97
180.83	54.46
180.88	51.85
180.94	51.77
180.99	55.91
181.05	56.22
181.11	57.85
181.16	57.82
181.22	59.37
181.27	61.65
181.33	59.86
181.38	56.73
181.44	57.85
181.49	61.95
181.55	62.16
181.61	68.51
181.66	71.10
181.72	69.22
181.77	66.95
181.83	65.08
181.88	70.17
181.94	71.83
181.99	77.31
182.05	77.54
182.11	77.99
182.16	68.90
182.22	67.09
182.27	62.33
182.33	65.39
182.38	65.58
182.44	70.92
182.49	72.86
182.55	75.26
182.60	74.79
182.66	77.75
182.72	79.82
182.77	82.21
182.83	85.78
182.88	88.61
182.94	89.77
182.99	86.84
183.05	85.46
183.10	86.78
183.16	86.14
183.21	88.12
183.27	96.13
183.32	101.36
183.38	105.81
183.44	113.21
183.49	119.02
183.55	121.73
183.60	129.35
183.66	136.34
183.71	146.79
183.77	155.14
183.82	164.83
183.88	176.56
183.93	189.45
183.99	203.80
184.04	221.00
184.10	234.35
184.15	246.90
184.21	260.32
184.27	263.08
184.32	264.33
184.38	261.30
184.43	256.06
184.49	237.51
184.54	218.08
184.60	206.84
184.65	191.94
184.71	181.26
184.76	182.94
184.82	200.80
184.87	217.96
184.93	245.00
184.98	274.68
185.04	308.32
185.09	334.43
185.15	362.11
185.20	395.32
185.26	431.24
185.31	460.96
185.37	490.54
185.43	511.56
185.48	531.63
185.54	554.36
185.59	579.16
185.65	604.65
185.70	647.09
185.76	692.91
185.81	728.85
185.87	767.47
185.92	813.33
185.98	848.16
186.03	864.63
186.09	865.78
186.14	840.00
186.20	783.50
186.25	694.43
186.31	606.29
186.36	537.06
186.42	506.19
186.47	514.79
186.53	563.67
186.58	633.92
186.64	710.19
186.69	784.79
186.75	845.35
186.80	904.05
186.86	961.79
186.91	1019.99
186.97	1071.41
187.02	1139.57
187.08	1201.52
187.13	1250.42
187.19	1300.85
187.24	1350.25
187.30	1379.00
187.35	1404.79
187.41	1446.03
187.47	1484.46
187.52	1523.21
187.58	1579.24
187.63	1658.55
187.69	1743.82
187.74	1820.90
187.80	1887.41
187.85	1938.71
187.91	1960.86
187.96	1946.21
188.02	1893.26
188.07	1801.86
188.13	1664.16
188.18	1519.12
188.24	1415.58
188.29	1367.54
188.35	1382.50
188.40	1466.87
188.46	1595.59
188.51	1722.29
188.57	1852.71
188.62	1978.54
188.67	2096.81
188.73	2208.10
188.78	2313.73
188.84	2417.29
188.89	2522.73
188.95	2630.03
189.00	2721.74
189.06	2821.18
189.11	2915.34
189.17	2996.52
189.22	3069.56
189.28	3157.66
189.33	3231.77
189.39	3296.73
189.44	3365.80
189.50	3439.42
189.55	3507.08
189.61	3561.83
189.66	3619.70
189.72	3673.13
189.77	3723.15
189.83	3748.71
189.88	3755.60
189.94	3721.48
189.99	3639.21
190.05	3479.35
190.10	3255.49
190.16	2997.91
190.21	2767.99
190.27	2615.72
190.32	2565.99
190.38	2616.22
190.43	2746.03
190.49	2901.89
190.54	3029.76
190.60	3135.56
190.65	3218.93
190.71	3287.47
190.76	3349.26
190.81	3417.45
190.87	3500.82
190.92	3622.26
190.98	3765.14
191.03	3921.35
191.09	4085.61
191.14	4224.96
191.20	4328.07
191.25	4428.95
191.31	4532.46
191.36	4648.10
191.42	4782.18
191.47	4941.16
191.53	5094.31
191.58	5221.25
191.64	5319.27
191.69	5403.32
191.75	5454.31
191.80	5489.21
191.85	5513.68
191.91	5536.39
191.96	5558.10
192.02	5588.67
192.07	5601.67
192.13	5600.39
192.18	5553.41
192.24	5435.49
192.29	5237.67
192.35	5010.64
192.40	4823.29
192.46	4715.03
192.51	4711.73
192.57	4809.39
192.62	4989.81
192.67	5176.39
192.73	5357.69
192.78	5522.97
192.84	5674.35
192.89	5811.05
192.95	5940.65
193.00	6055.20
193.06	6164.29
193.11	6275.75
193.17	6369.28
193.22	6456.60
193.28	6548.14
193.33	6622.13
193.38	6688.02
193.44	6758.42
193.49	6829.93
193.55	6887.10
193.60	6949.71
193.66	7004.93
193.71	7050.64
193.77	7077.61
193.82	7097.64
193.88	7116.02
193.93	7142.08
193.98	7170.01
194.04	7210.62
194.09	7259.09
194.15	7311.01
194.20	7352.96
194.26	7391.15
194.31	7433.56
194.37	7455.21
194.42	7456.23
194.47	7443.32
194.53	7398.45
194.58	7304.25
194.64	7196.41
194.69	7098.05
194.75	7027.99
194.80	7011.78
194.86	7053.04
194.91	7144.26
194.97	7249.68
195.02	7356.73
195.07	7458.54
195.13	7553.31
195.18	7651.95
195.24	7743.91
195.29	7835.93
195.35	7913.76
195.40	7993.49
195.46	8055.39
195.51	8137.99
195.56	8224.76
195.62	8321.39
195.67	8410.19
195.73	8504.72
195.78	8567.70
195.84	8613.69
195.89	8645.76
195.94	8681.33
196.00	8717.40
196.05	8766.19
196.11	8830.35
196.16	8898.50
196.22	8966.37
196.27	9032.29
196.32	9094.47
196.38	9146.10
196.43	9196.82
196.49	9241.65
196.54	9282.78
196.60	9325.69
196.65	9370.51
196.71	9414.53
196.76	9460.57
196.81	9499.45
196.87	9534.47
196.92	9563.04
196.98	9581.43
197.03	9587.79
197.09	9577.63
197.14	9570.99
197.19	9571.94
197.25	9588.74
197.30	9618.15
197.36	9677.24
197.41	9744.27
197.47	9807.93
197.52	9866.87
197.57	9932.03
197.63	9985.78
197.68	10038.64
197.74	10089.47
197.79	10135.21
197.84	10181.36
197.90	10227.85
197.95	10264.02
198.01	10302.67
198.06	10347.56
198.12	10389.15
198.17	10427.02
198.22	10466.76
198.28	10503.32
198.33	10543.74
198.39	10581.47
198.44	10630.23
198.49	10680.98
198.55	10730.47
198.60	10777.50
198.66	10822.98
198.71	10868.42
198.77	10915.16
198.82	10965.61
198.87	11014.51
198.93	11066.87
198.98	11115.00
199.04	11161.27
199.09	11196.98
199.14	11241.15
199.20	11281.05
199.25	11322.10
199.31	11368.51
199.36	11421.94
199.42	11462.47
199.47	11504.62
199.52	11544.76
199.58	11579.26
199.63	11607.75
199.69	11643.24
199.74	11679.06
199.79	11703.50
199.85	11734.72
199.90	11777.65
199.96	11815.59
200.01	11859.71
200.06	11915.40
200.12	11966.22
200.17	12016.37
200.23	12071.45
200.28	12117.28
200.33	12168.04
200.39	12212.25
200.44	12254.19
200.50	12297.87
200.55	12336.74
200.60	12375.47
200.66	12415.99
200.71	12451.96
200.77	12492.05
200.82	12534.66
200.87	12572.41
200.93	12611.26
200.98	12657.56
201.04	12696.24
201.09	12743.38
201.14	12798.22
201.20	12846.57
201.25	12899.38
201.31	12952.56
201.36	13010.02
201.41	13065.95
201.47	13127.09
201.52	13180.15
201.58	13238.66
201.63	13283.20
201.68	13326.93
201.74	13371.77
201.79	13421.73
201.84	13473.30
201.90	13522.52
201.95	13575.47
202.01	13635.59
202.06	13686.48
202.11	13727.83
202.17	13777.70
202.22	13822.27
202.28	13862.46
202.33	13897.90
202.38	13936.44
202.44	13984.82
202.49	14033.89
202.54	14082.17
202.60	14137.12
202.65	14188.86
202.71	14232.42
202.76	14266.38
202.81	14302.64
202.87	14348.13
202.92	14398.75
202.98	14445.80
203.03	14501.51
203.08	14558.93
203.14	14608.76
203.19	14661.71
203.24	14720.59
203.30	14777.04
203.35	14824.01
203.41	14876.65
203.46	14920.19
203.51	14959.53
203.57	14996.52
203.62	15046.73
203.67	15088.60
203.73	15129.82
203.78	15173.34
203.84	15222.23
203.89	15256.79
203.94	15294.67
204.00	15334.04
204.05	15367.38
204.10	15385.44
204.16	15398.23
204.21	15410.04
204.27	15402.77
204.32	15378.99
204.37	15350.44
204.43	15299.88
204.48	15232.02
204.53	15172.31
204.59	15159.29
204.64	15213.13
204.69	15334.27
204.75	15503.54
204.80	15697.51
204.86	15855.92
204.91	15956.07
204.96	16013.92
205.02	16029.69
205.07	16048.92
205.12	16108.17
205.18	16200.82
205.23	16318.91
205.28	16469.77
205.34	16607.01
205.39	16721.83
205.45	16816.67
205.50	16895.57
205.55	16959.41
205.61	17018.51
205.66	17075.15
205.71	17142.27
205.77	17202.77
205.82	17262.23
205.87	17323.42
205.93	17380.87
205.98	17422.62
206.03	17465.18
206.09	17510.53
206.14	17557.13
206.20	17603.40
206.25	17656.17
206.30	17722.65
206.36	17782.66
206.41	17850.19
206.46	17911.01
206.52	17967.77
206.57	18015.76
206.62	18057.03
206.68	18098.37
206.73	18149.50
206.78	18204.29
206.84	18259.57
206.89	18321.67
206.94	18383.13
207.00	18450.67
207.05	18516.89
207.11	18581.88
207.16	18643.42
207.21	18706.31
207.27	18759.95
207.32	18812.45
207.37	18870.19
207.43	18928.67
207.48	18981.23
207.53	19037.95
207.59	19093.49
207.64	19145.59
207.69	19216.61
207.75	19283.98
207.80	19339.09
207.85	19398.02
207.91	19457.53
207.96	19503.63
208.01	19560.36
208.07	19625.47
208.12	19690.95
208.17	19746.94
208.23	19801.70
208.28	19850.32
208.33	19906.42
208.39	19967.57
208.44	20034.30
208.49	20093.51
208.55	20157.45
208.60	20210.48
208.65	20252.16
208.71	20304.18
208.76	20365.86
208.81	20420.62
208.87	20485.26
208.92	20545.72
208.97	20601.94
209.03	20659.68
209.08	20720.96
209.13	20776.16
209.19	20845.06
209.24	20912.51
209.29	20974.26
209.35	21029.13
209.40	21091.91
209.45	21150.48
209.51	21209.18
209.56	21269.51
209.61	21338.51
209.67	21404.84
209.72	21465.02
209.77	21525.13
209.83	21585.94
209.88	21654.14
209.93	21721.07
209.99	21784.66
210.04	21856.15
210.09	21926.84
210.15	21987.59
210.20	22048.09
210.25	22114.80
210.31	22178.66
210.36	22229.94
210.41	22282.58
210.46	22338.00
210.52	22392.65
210.57	22440.39
210.62	22499.94
210.68	22567.64
210.73	22619.43
210.78	22678.22
210.84	22742.52
210.89	22809.15
210.94	22864.75
211.00	22924.89
211.05	22978.24
211.10	23039.95
211.16	23095.93
211.21	23157.94
211.26	23231.55
211.32	23309.79
211.37	23371.54
211.42	23436.32
211.47	23507.80
211.53	23570.37
211.58	23628.44
211.63	23686.43
211.69	23747.94
211.74	23799.08
211.79	23849.28
211.85	23908.44
211.90	23972.41
211.95	24038.49
212.01	24110.72
212.06	24188.92
212.11	24264.65
212.16	24338.47
212.22	24407.68
212.27	24469.60
212.32	24533.72
212.38	24594.97
212.43	24656.53
212.48	24720.71
212.54	24789.96
212.59	24860.33
212.64	24929.31
212.69	24995.64
212.75	25062.03
212.80	25129.25
212.85	25192.14
212.91	25242.23
212.96	25298.88
213.01	25364.90
213.07	25419.50
213.12	25486.75
213.17	25553.53
213.22	25617.60
213.28	25676.71
213.33	25731.45
213.38	25774.12
213.44	25835.32
213.49	25906.08
213.54	25972.34
213.60	26052.62
213.65	26135.15
213.70	26209.97
213.75	26272.35
213.81	26327.50
213.86	26377.56
213.91	26424.91
213.97	26462.90
214.02	26494.20
214.07	26525.69
214.12	26550.32
214.18	26573.18
214.23	26597.77
214.28	26606.76
214.34	26603.52
214.39	26592.24
214.44	26544.79
214.49	26459.18
214.55	26344.67
214.60	26195.90
214.65	26003.63
214.71	25841.22
214.76	25794.78
214.81	25893.50
214.86	26124.04
214.92	26457.25
214.97	26814.80
215.02	27100.29
215.08	27275.97
215.13	27361.29
215.18	27367.21
215.23	27339.64
215.29	27336.19
215.34	27404.14
215.39	27537.10
215.45	27745.99
215.50	27994.31
215.55	28235.08
215.60	28426.36
215.66	28557.37
215.71	28651.10
215.76	28731.39
215.81	28799.30
215.87	28864.41
215.92	28925.21
215.97	28981.53
216.03	29041.34
216.08	29094.64
216.13	29148.93
216.18	29216.91
216.24	29283.63
216.29	29338.61
216.34	29392.30
216.39	29458.54
216.45	29518.97
216.50	29579.13
216.55	29645.02
216.61	29718.69
216.66	29773.51
216.71	29836.16
216.76	29897.33
216.82	29971.70
216.87	30040.45
216.92	30119.21
216.97	30185.88
217.03	30259.73
217.08	30329.12
217.13	30406.85
217.18	30478.19
217.24	30555.30
217.29	30624.92
217.34	30672.64
217.39	30715.77
217.45	30763.05
217.50	30807.94
217.55	30868.56
217.61	30944.45
217.66	31009.67
217.71	31075.51
217.76	31155.35
217.82	31231.84
217.87	31303.77
217.92	31385.31
217.97	31455.61
218.03	31520.90
218.08	31567.14
218.13	31613.87
218.18	31657.09
218.24	31727.49
218.29	31775.54
218.34	31842.37
218.39	31903.17
218.45	31970.72
218.50	32021.17
218.55	32082.26
218.60	32145.57
218.66	32204.47
218.71	32273.27
218.76	32338.43
218.81	32412.92
218.87	32473.53
218.92	32539.92
218.97	32601.85
219.02	32667.24
219.08	32733.82
219.13	32806.64
219.18	32877.26
219.23	32945.52
219.29	33013.30
219.34	33073.86
219.39	33139.12
219.44	33200.46
219.50	33271.65
219.55	33336.36
219.60	33403.16
219.65	33466.00
219.71	33531.95
219.76	33579.57
219.81	33635.87
219.86	33690.77
219.92	33742.13
219.97	33798.17
220.02	33857.02
220.07	33909.36
220.13	33973.64
220.18	34045.59
220.23	34111.13
220.28	34191.33
220.33	34271.09
220.39	34337.92
220.44	34388.52
220.49	34444.85
220.54	34490.77
220.60	34543.22
220.65	34601.77
220.70	34673.19
220.75	34747.12
220.81	34832.55
220.86	34910.82
220.91	34979.88
220.96	35050.27
221.02	35121.93
221.07	35186.55
221.12	35243.92
221.17	35307.19
221.22	35366.67
221.28	35422.88
221.33	35479.52
221.38	35539.10
221.43	35609.61
221.49	35676.04
221.54	35737.44
221.59	35800.67
221.64	35888.17
221.69	35975.47
221.75	36073.99
221.80	36181.14
221.85	36261.20
221.90	36327.11
221.96	36385.96
222.01	36420.47
222.06	36450.04
222.11	36504.25
222.17	36543.02
222.22	36568.04
222.27	36615.32
222.32	36665.68
222.37	36713.19
222.43	36779.64
222.48	36847.22
222.53	36917.29
222.58	36993.08
222.63	37066.75
222.69	37135.00
222.74	37216.21
222.79	37287.21
222.84	37340.35
222.90	37387.28
222.95	37434.45
223.00	37468.60
223.05	37509.69
223.10	37567.73
223.16	37624.42
223.21	37674.93
223.26	37732.25
223.31	37777.53
223.36	37816.22
223.42	37853.87
223.47	37887.12
223.52	37924.32
223.57	37974.83
223.63	38027.84
223.68	38081.69
223.73	38165.21
223.78	38246.79
223.83	38315.45
223.89	38368.55
223.94	38442.29
223.99	38490.92
224.04	38557.82
224.09	38634.10
224.15	38728.24
224.20	38806.63
224.25	38903.56
224.30	38988.34
224.35	39073.01
224.41	39166.72
224.46	39268.94
224.51	39347.64
224.56	39422.93
224.61	39502.45
224.67	39583.23
224.72	39644.07
224.77	39743.08
224.82	39842.66
224.87	39928.93
224.93	40001.14
224.98	40098.85
225.03	40181.43
225.08	40254.47
225.13	40337.66
225.19	40421.45
225.24	40495.90
225.29	40558.64
225.34	40633.49
225.39	40697.48
225.45	40768.19
225.50	40828.90
225.55	40888.45
225.60	40933.88
225.65	40988.00
225.71	41022.98
225.76	41047.66
225.81	41052.49
225.86	41052.81
225.91	41029.97
225.97	40978.42
226.02	40907.07
226.07	40801.97
226.12	40731.21
226.17	40747.13
226.22	40871.17
226.28	41097.26
226.33	41426.09
226.38	41725.63
226.43	41959.08
226.48	42109.93
226.54	42187.11
226.59	42223.06
226.64	42246.41
226.69	42238.82
226.74	42257.07
226.80	42325.09
226.85	42420.97
226.90	42557.62
226.95	42760.82
227.00	42963.41
227.05	43137.99
227.11	43284.90
227.16	43414.36
227.21	43506.79
227.26	43600.47
227.31	43676.46
227.37	43740.98
227.42	43808.37
227.47	43890.92
227.52	43957.93
227.57	44017.56
227.62	44103.47
227.68	44185.15
227.73	44252.23
227.78	44337.59
227.83	44434.29
227.88	44499.60
227.93	44578.92
227.99	44662.97
228.04	44737.86
228.09	44819.71
228.14	44900.31
228.19	44978.02
228.24	45049.94
228.30	45118.85
228.35	45177.02
228.40	45248.26
228.45	45302.57
228.50	45375.48
228.56	45431.94
228.61	45492.12
228.66	45544.27
228.71	45598.40
228.76	45634.42
228.81	45683.27
228.87	45731.42
228.92	45797.33
228.97	45854.18
229.02	45948.08
229.07	46023.61
229.12	46115.38
229.17	46186.53
229.23	46274.16
229.28	46344.31
229.33	46427.93
229.38	46497.15
229.43	46574.88
229.48	46656.42
229.54	46719.43
229.59	46784.27
229.64	46855.49
229.69	46935.90
229.74	47022.91
229.79	47098.74
229.85	47175.80
229.90	47243.49
229.95	47306.20
230.00	47358.46
230.05	47433.79
230.10	47504.19
230.16	47581.01
230.21	47641.70
230.26	47694.07
230.31	47739.13
230.36	47794.08
230.41	47851.80
230.46	47942.62
230.52	48037.59
230.57	48118.07
230.62	48203.86
230.67	48267.42
230.72	48319.92
230.77	48365.70
230.82	48423.94
230.88	48464.39
230.93	48515.75
230.98	48554.14
231.03	48610.50
231.08	48660.73
231.13	48709.35
231.19	48775.28
231.24	48849.67
231.29	48927.53
231.34	49001.01
231.39	49080.52
231.44	49149.67
231.49	49208.77
231.55	49251.87
231.60	49295.29
231.65	49349.46
231.70	49394.81
231.75	49433.93
231.80	49479.05
231.85	49535.40
231.91	49573.71
231.96	49625.80
232.01	49696.82
232.06	49765.12
232.11	49833.16
232.16	49919.34
232.21	50005.02
232.26	50089.08
232.32	50173.75
232.37	50249.17
232.42	50317.22
232.47	50368.22
232.52	50412.56
232.57	50458.20
232.62	50514.55
232.68	50572.32
232.73	50640.62
232.78	50714.93
232.83	50789.07
232.88	50858.23
232.93	50924.58
232.98	50991.11
233.03	51043.10
233.09	51100.98
233.14	51177.87
233.19	51238.49
233.24	51296.99
233.29	51360.54
233.34	51393.12
233.39	51398.22
233.45	51437.17
233.50	51473.97
233.55	51514.02
233.60	51581.76
233.65	51652.82
233.70	51706.35
233.75	51759.14
233.80	51813.33
233.86	51865.75
233.91	51918.47
233.96	51963.83
234.01	52009.68
234.06	52059.82
234.11	52122.70
234.16	52177.83
234.21	52242.44
234.26	52295.68
234.32	52338.14
234.37	52366.01
234.42	52406.10
234.47	52424.77
234.52	52458.33
234.57	52499.26
234.62	52537.75
234.67	52585.64
234.73	52652.32
234.78	52702.83
234.83	52742.55
234.88	52793.97
234.93	52829.28
234.98	52860.59
235.03	52901.02
235.08	52969.37
235.13	53028.37
235.19	53097.57
235.24	53160.14
235.29	53233.92
235.34	53280.00
235.39	53308.28
235.44	53333.82
235.49	53373.70
235.54	53404.10
235.59	53425.99
235.65	53469.00
235.70	53501.52
235.75	53531.58
235.80	53573.60
235.85	53623.48
235.90	53663.30
235.95	53699.21
236.00	53730.05
236.05	53753.97
236.11	53786.60
236.16	53818.62
236.21	53861.72
236.26	53905.60
236.31	53937.70
236.36	53955.62
236.41	53978.12
236.46	53990.40
236.51	54009.77
236.56	54035.45
236.62	54062.57
236.67	54094.15
236.72	54139.68
236.77	54162.61
236.82	54210.05
236.87	54235.96
236.92	54255.41
236.97	54281.91
237.02	54328.15
237.07	54374.55
237.13	54443.00
237.18	54509.83
237.23	54562.22
237.28	54603.92
237.33	54633.48
237.38	54648.83
237.43	54672.47
237.48	54677.00
237.53	54703.35
237.58	54727.50
237.63	54777.23
237.69	54816.90
237.74	54865.20
237.79	54895.40
237.84	54907.91
237.89	54907.61
237.94	54905.93
237.99	54931.16
238.04	54953.03
238.09	54975.68
238.14	55007.01
238.19	55033.70
238.25	55047.93
238.30	55047.22
238.35	55049.75
238.40	55045.35
238.45	55052.92
238.50	55054.24
238.55	55070.05
238.60	55098.74
238.65	55127.68
238.70	55145.65
238.75	55164.15
238.80	55189.03
238.86	55196.33
238.91	55205.24
238.96	55233.79
239.01	55268.92
239.06	55294.84
239.11	55325.94
239.16	55352.02
239.21	55354.85
239.26	55345.48
239.31	55361.90
239.36	55376.24
239.41	55403.26
239.46	55429.30
239.52	55464.75
239.57	55477.88
239.62	55494.23
239.67	55510.52
239.72	55532.57
239.77	55541.76
239.82	55563.28
239.87	55572.59
239.92	55576.87
239.97	55572.79
240.02	55560.49
240.07	55540.82
240.12	55541.80
240.17	55545.57
240.23	55547.49
240.28	55561.52
240.33	55574.78
240.38	55563.73
240.43	55555.31
240.48	55564.13
240.53	55575.84
240.58	55592.17
240.63	55632.96
240.68	55645.82
240.73	55644.59
240.78	55645.18
240.83	55642.65
240.88	55617.19
240.93	55612.05
240.98	55611.95
241.04	55631.12
241.09	55652.84
241.14	55681.68
241.19	55717.69
241.24	55745.37
241.29	55759.35
241.34	55766.50
241.39	55784.49
241.44	55794.75
241.49	55809.11
241.54	55803.79
241.59	55798.92
241.64	55788.86
241.69	55772.06
241.74	55755.12
241.79	55742.49
241.84	55736.82
241.90	55718.46
241.95	55691.57
242.00	55665.79
242.05	55650.20
242.10	55632.21
242.15	55617.04
242.20	55622.28
242.25	55628.68
242.30	55618.02
242.35	55610.77
242.40	55614.26
242.45	55604.18
242.50	55588.84
242.55	55590.69
242.60	55589.82
242.65	55583.73
242.70	55590.78
242.75	55608.23
242.80	55648.58
242.85	55674.54
242.91	55687.02
242.96	55680.25
243.01	55673.92
243.06	55641.63
243.11	55604.63
243.16	55588.81
243.21	55595.04
243.26	55601.93
243.31	55609.96
243.36	55628.82
243.41	55645.62
243.46	55635.09
243.51	55600.89
243.56	55547.35
243.61	55492.00
243.66	55438.97
243.71	55408.48
243.76	55405.00
243.81	55425.38
243.86	55431.17
243.91	55445.60
243.96	55437.97
244.01	55411.96
244.06	55378.33
244.12	55370.24
244.17	55338.93
244.22	55340.69
244.27	55369.94
244.32	55408.71
244.37	55430.90
244.42	55449.26
244.47	55448.27
244.52	55428.81
244.57	55387.74
244.62	55354.05
244.67	55328.65
244.72	55300.92
244.77	55290.05
244.82	55309.41
244.87	55338.70
244.92	55365.04
244.97	55387.26
245.02	55385.01
245.07	55361.42
245.12	55335.08
245.17	55314.28
245.22	55314.30
245.27	55308.57
245.32	55279.32
245.37	55250.96
245.42	55208.00
245.47	55152.80
245.52	55107.03
245.57	55083.92
245.62	55055.57
245.67	55045.69
245.72	55038.84
245.77	55016.11
245.82	55001.92
245.87	55009.40
245.92	55022.67
245.98	55012.80
246.03	55024.72
246.08	55034.83
246.13	55024.12
246.18	55023.41
246.23	55023.76
246.28	55008.55
246.33	54990.38
246.38	54965.31
246.43	54930.29
246.48	54909.92
246.53	54912.92
246.58	54931.07
246.63	54936.92
246.68	54918.58
246.73	54896.16
246.78	54862.89
246.83	54799.84
246.88	54743.10
246.93	54702.68
246.98	54663.37
247.03	54632.35
247.08	54626.05
247.13	54617.17
247.18	54609.43
247.23	54629.92
247.28	54632.80
247.33	54607.09
247.38	54591.80
247.43	54580.69
247.48	54558.13
247.53	54523.23
247.58	54496.16
247.63	54469.68
247.68	54423.22
247.73	54357.62
247.78	54319.89
247.83	54287.08
247.88	54253.85
247.93	54252.31
247.98	54253.47
248.03	54262.97
248.08	54281.20
248.13	54285.95
248.18	54276.41
248.23	54272.16
248.28	54239.25
248.33	54197.54
248.38	54158.13
248.43	54127.94
248.48	54104.39
248.53	54083.90
248.58	54071.02
248.63	54073.79
248.68	54059.05
248.73	54032.30
248.78	54003.84
248.83	53956.69
248.88	53885.39
248.93	53814.39
248.98	53735.57
249.03	53694.25
249.08	53666.92
249.13	53652.04
249.18	53643.69
249.23	53659.69
249.28	53646.87
249.33	53633.72
249.38	53628.88
249.43	53616.42
249.48	53586.55
249.53	53572.83
249.58	53556.82
249.63	53536.42
249.68	53517.46
249.73	53509.08
249.78	53484.17
249.83	53475.31
249.88	53449.55
249.93	53442.47
249.98	53431.87
250.03	53431.92
250.08	53405.47
250.13	53399.09
250.18	53366.40
250.23	53316.78
250.28	53262.23
250.33	53210.43
250.37	53164.00
250.42	53124.57
250.47	53102.15
250.52	53083.31
250.57	53069.12
250.62	53039.35
250.67	53002.96
250.72	52977.43
250.77	52942.59
250.82	52918.22
250.87	52914.80
250.92	52906.27
250.97	52885.94
251.02	52875.74
251.07	52876.34
251.12	52853.23
251.17	52824.62
251.22	52798.85
251.27	52760.09
251.32	52700.59
251.37	52644.52
251.42	52601.81
251.47	52563.69
251.52	52537.34
251.57	52527.76
251.62	52511.83
251.67	52498.65
251.72	52476.06
251.77	52443.97
251.82	52395.57
251.87	52359.33
251.92	52310.31
251.97	52255.68
252.02	52211.82
252.07	52183.02
252.12	52163.57
252.16	52157.19
252.21	52161.24
252.26	52167.67
252.31	52167.56
252.36	52155.54
252.41	52138.12
252.46	52116.73
252.51	52086.17
252.56	52052.46
252.61	52024.98
252.66	52003.56
252.71	51969.45
252.76	51947.33
252.81	51908.38
252.86	51849.83
252.91	51797.16
252.96	51742.87
253.01	51669.27
253.06	51608.38
253.11	51566.15
253.16	51518.27
253.21	51470.41
253.26	51436.94
253.31	51405.05
253.36	51380.97
253.40	51352.67
253.45	51345.77
253.50	51301.80
253.55	51270.13
253.60	51227.64
253.65	51183.69
253.70	51137.55
253.75	51130.48
253.80	51106.84
253.85	51099.12
253.90	51102.94
253.95	51096.52
254.00	51088.74
254.05	51077.71
254.10	51041.57
254.15	51005.12
254.20	50978.64
254.25	50940.16
254.30	50905.90
254.35	50859.21
254.39	50798.12
254.44	50716.64
254.49	50637.67
254.54	50598.30
254.59	50578.03
254.64	50569.66
254.69	50571.37
254.74	50571.63
254.79	50540.44
254.84	50503.73
254.89	50482.44
254.94	50461.79
254.99	50449.13
255.04	50439.90
255.09	50432.61
255.14	50403.62
255.19	50385.42
255.23	50372.79
255.28	50359.57
255.33	50343.29
255.38	50333.81
255.43	50321.76
255.48	50291.31
255.53	50250.02
255.58	50229.46
255.63	50195.10
255.68	50141.24
255.73	50097.77
255.78	50068.02
255.83	50031.06
255.88	50009.71
255.93	49987.50
255.97	49969.07
256.02	49941.56
256.07	49898.72
256.12	49826.20
256.17	49776.46
256.22	49720.74
256.27	49664.98
256.32	49621.12
256.37	49606.06
256.42	49590.34
256.47	49563.12
256.52	49539.37
256.57	49513.92
256.62	49489.63
256.66	49470.66
256.71	49446.43
256.76	49403.62
256.81	49351.96
256.86	49300.94
256.91	49246.13
256.96	49204.75
257.01	49178.02
257.06	49163.79
257.11	49130.36
257.16	49083.05
257.21	49035.84
257.26	48991.68
257.30	48949.37
257.35	48910.17
257.40	48891.40
257.45	48878.74
257.50	48853.92
257.55	48824.52
257.60	48801.55
257.65	48769.66
257.70	48731.90
257.75	48700.40
257.80	48666.00
257.85	48629.37
257.89	48578.18
257.94	48515.21
257.99	48456.39
258.04	48402.47
258.09	48365.13
258.14	48337.64
258.19	48334.32
258.24	48318.41
258.29	48282.52
258.34	48241.58
258.39	48200.50
258.44	48132.67
258.48	48075.27
258.53	48036.45
258.58	47992.66
258.63	47947.42
258.68	47909.21
258.73	47865.98
258.78	47822.44
258.83	47778.05
258.88	47735.92
258.93	47698.28
258.97	47678.56
259.02	47647.97
259.07	47626.42
259.12	47610.64
259.17	47594.73
259.22	47569.62
259.27	47554.48
259.32	47527.49
259.37	47488.28
259.42	47448.64
259.47	47408.88
259.51	47359.92
259.56	47303.28
259.61	47237.31
259.66	47161.61
259.71	47081.38
259.76	47009.54
259.81	46947.62
259.86	46906.25
259.91	46869.34
259.95	46847.47
260.00	46826.48
260.05	46808.58
260.10	46789.66
260.15	46771.07
260.20	46756.10
260.25	46754.25
260.30	46739.45
260.35	46707.09
260.40	46677.70
260.44	46653.53
260.49	46620.67
260.54	46585.63
260.59	46571.77
260.64	46569.77
260.69	46563.42
260.74	46531.23
260.79	46499.08
260.84	46446.36
260.88	46390.76
260.93	46311.60
260.98	46273.77
261.03	46230.12
261.08	46203.55
261.13	46169.04
261.18	46126.51
261.23	46059.70
261.28	46022.77
261.32	45973.69
261.37	45915.59
261.42	45885.28
261.47	45865.50
261.52	45822.57
261.57	45786.33
261.62	45754.34
261.67	45697.69
261.71	45630.93
261.76	45578.28
261.81	45516.35
261.86	45459.66
261.91	45418.65
261.96	45388.00
262.01	45347.36
262.06	45328.58
262.10	45317.50
262.15	45298.44
262.20	45278.92
262.25	45270.02
262.30	45251.72
262.35	45226.19
262.40	45197.66
262.45	45166.92
262.49	45133.96
262.54	45096.30
262.59	45061.47
262.64	45030.18
262.69	44988.90
262.74	44940.33
262.79	44884.59
262.84	44838.75
262.88	44787.55
262.93	44737.59
262.98	44703.73
263.03	44665.44
263.08	44615.05
263.13	44546.94
263.18	44494.67
263.23	44435.60
263.27	44385.77
263.32	44347.68
263.37	44335.76
263.42	44311.04
263.47	44275.62
263.52	44243.89
263.57	44205.33
263.61	44166.92
263.66	44125.72
263.71	44089.67
263.76	44061.23
263.81	44019.85
263.86	43982.13
263.91	43942.53
263.95	43888.53
264.00	43824.32
264.05	43773.37
264.10	43712.56
264.15	43650.07
264.20	43603.25
264.25	43561.80
264.29	43518.25
264.34	43467.39
264.39	43432.22
264.44	43385.97
264.49	43347.79
264.54	43304.41
264.59	43275.92
264.63	43232.28
264.68	43187.25
264.73	43130.17
264.78	43081.09
264.83	43020.30
264.88	42970.22
264.93	42944.91
264.97	42915.32
265.02	42891.09
265.07	42871.10
265.12	42831.66
265.17	42779.84
265.22	42741.44
265.27	42681.77
265.31	42623.47
265.36	42571.95
265.41	42513.27
265.46	42443.48
265.51	42373.69
265.56	42308.35
265.60	42250.87
265.65	42200.60
265.70	42155.29
265.75	42105.91
265.80	42054.00
265.85	41991.14
265.90	41926.16
265.94	41859.71
265.99	41800.45
266.04	41755.29
266.09	41718.27
266.14	41678.04
266.19	41647.45
266.23	41620.38
266.28	41574.38
266.33	41536.99
266.38	41512.77
266.43	41491.40
266.48	41467.28
266.52	41441.74
266.57	41411.57
266.62	41377.28
266.67	41318.06
266.72	41265.03
266.77	41235.09
266.81	41209.61
266.86	41175.51
266.91	41153.38
266.96	41119.93
267.01	41080.60
267.06	41027.10
267.10	40980.04
267.15	40926.05
267.20	40891.61
267.25	40849.16
267.30	40814.15
267.35	40771.48
267.39	40734.37
267.44	40690.68
267.49	40639.83
267.54	40591.36
267.59	40542.35
267.64	40495.05
267.68	40437.03
267.73	40388.69
267.78	40346.25
267.83	40322.53
267.88	40308.80
267.93	40301.41
267.97	40288.16
268.02	40245.27
268.07	40198.18
268.12	40134.18
268.17	40073.72
268.21	40022.05
268.26	39986.02
268.31	39940.43
268.36	39901.15
268.41	39855.21
268.46	39813.79
268.50	39777.77
268.55	39725.31
268.60	39664.29
268.65	39605.52
268.70	39522.12
268.74	39446.81
268.79	39376.80
268.84	39324.81
268.89	39284.22
268.94	39261.95
268.99	39220.60
269.03	39188.48
269.08	39138.42
269.13	39059.06
269.18	38971.97
269.23	38880.62
269.27	38770.38
269.32	38644.21
269.37	38519.11
269.42	38382.26
269.47	38239.95
269.51	38096.11
269.56	37959.16
269.61	37827.69
269.66	37673.05
269.71	37519.25
269.76	37370.96
269.80	37219.86
269.85	37068.25
269.90	36928.46
269.95	36787.86
270.00	36626.64
270.04	36472.57
270.09	36320.14
270.14	36169.79
270.19	36026.47
270.24	35895.26
270.28	35750.34
270.33	35579.48
270.38	35407.26
270.43	35233.03
270.48	35056.97
270.52	34893.72
270.57	34741.77
270.62	34586.01
270.67	34429.90
270.72	34274.35
270.76	34093.83
270.81	33922.80
270.86	33753.91
270.91	33581.52
270.96	33406.55
271.00	33246.58
271.05	33093.56
271.10	32949.93
271.15	32813.69
271.20	32691.58
271.24	32563.61
271.29	32424.12
271.34	32275.06
271.39	32123.21
271.44	31973.84
271.48	31834.58
271.53	31693.11
271.58	31557.32
271.63	31413.28
271.67	31263.21
271.72	31120.72
271.77	30972.82
271.82	30832.14
271.87	30692.22
271.91	30533.74
271.96	30380.08
272.01	30241.30
272.06	30105.14
272.11	29983.48
272.15	29883.03
272.20	29783.13
272.25	29684.08
272.30	29579.55
272.35	29466.20
272.39	29352.99
272.44	29227.85
272.49	29095.32
272.54	28961.31
272.58	28815.83
272.63	28666.09
272.68	28517.55
272.73	28356.68
272.78	28178.18
272.82	27981.17
272.87	27761.18
272.92	27472.38
272.97	26945.45
273.01	23979.62
273.06	19014.97
273.11	13541.82
273.16	8167.90
273.21	3074.16
273.25	463.47
273.30	-88.37
273.35	-89.08
