165.32	3376.06
165.38	-246.15
165.44	595.38
165.50	-77.75
165.55	-20.48
165.61	0.36
165.67	26.39
165.72	34.53
165.78	39.44
165.84	37.60
165.89	34.54
165.95	33.29
166.01	32.60
166.06	34.01
166.12	36.31
166.18	34.57
166.23	36.07
166.29	35.76
166.35	32.02
166.40	31.29
166.46	37.70
166.52	40.61
166.57	41.27
166.63	42.29
166.69	44.74
166.74	38.73
166.80	39.30
166.86	40.99
166.91	42.03
166.97	36.45
167.03	39.33
167.08	33.44
167.14	32.40
167.20	30.16
167.25	42.40
167.31	42.43
167.37	47.77
167.42	49.97
167.48	55.90
167.54	50.82
167.59	50.26
167.65	45.98
167.71	45.70
167.76	44.45
167.82	39.61
167.88	39.36
167.93	47.51
167.99	46.44
168.05	48.64
168.10	56.98
168.16	56.62
168.21	54.10
168.27	58.75
168.33	60.65
168.38	52.87
168.44	57.62
168.50	56.35
168.55	54.17
168.61	54.96
168.67	57.24
168.72	54.37
168.78	54.45
168.84	50.77
168.89	49.32
168.95	49.55
169.01	48.77
169.06	48.41
169.12	47.73
169.18	45.88
169.23	46.16
169.29	50.69
169.34	55.22
169.40	57.74
169.46	62.05
169.51	64.06
169.57	59.35
169.63	55.07
169.68	60.38
169.74	57.02
169.80	62.87
169.85	64.04
169.91	68.43
169.97	64.53
170.02	64.08
170.08	63.02
170.13	63.58
170.19	62.81
170.25	64.17
170.30	68.08
170.36	60.06
170.42	62.48
170.47	63.71
170.53	65.29
170.59	62.67
170.64	65.90
170.70	63.75
170.76	61.44
170.81	62.84
170.87	61.98
170.92	62.64
170.98	65.86
171.04	68.06
171.09	64.10
171.15	71.39
171.21	72.65
171.26	69.18
171.32	66.71
171.37	70.29
171.43	65.23
171.49	69.84
171.54	73.38
171.60	75.12
171.66	76.98
171.71	76.92
171.77	74.78
171.83	80.81
171.88	79.57
171.94	78.81
171.99	83.97
172.05	82.37
172.11	83.27
172.16	92.03
172.22	92.51
172.28	92.33
172.33	90.35
172.39	86.93
172.44	83.62
172.50	88.81
172.56	88.15
172.61	96.47
172.67	96.07
172.72	95.48
172.78	90.62
172.84	85.84
172.89	79.15
172.95	78.56
173.01	79.97
173.06	78.33
173.12	83.68
173.17	85.11
173.23	84.57
173.29	84.46
173.34	86.13
173.40	81.28
173.46	81.96
173.51	84.34
173.57	84.36
173.62	78.90
173.68	85.63
173.74	84.52
173.79	86.22
173.85	83.40
173.90	86.39
173.96	82.44
174.02	80.05
174.07	72.18
174.13	71.28
174.18	73.56
174.24	67.38
174.30	67.13
174.35	72.63
174.41	69.79
174.47	63.67
174.52	64.17
174.58	63.31
174.63	58.51
174.69	58.00
174.75	59.75
174.80	70.63
174.86	68.11
174.91	69.17
174.97	68.78
175.03	66.13
175.08	54.01
175.14	60.86
175.19	56.86
175.25	57.17
175.31	61.66
175.36	63.04
175.42	59.37
175.47	63.88
175.53	64.68
175.59	60.92
175.64	62.60
175.70	60.89
175.75	56.47
175.81	54.04
175.87	55.57
175.92	51.68
175.98	53.38
176.03	53.17
176.09	54.51
176.15	54.54
176.20	56.20
176.26	56.17
176.31	60.03
176.37	57.12
176.42	58.35
176.48	61.35
176.54	59.08
176.59	55.48
176.65	58.58
176.70	59.81
176.76	59.39
176.82	57.34
176.87	54.97
176.93	54.63
176.98	53.07
177.04	47.77
177.10	52.52
177.15	53.97
177.21	54.59
177.26	53.36
177.32	57.42
177.37	59.16
177.43	62.53
177.49	59.71
177.54	57.27
177.60	57.32
177.65	57.62
177.71	52.42
177.77	54.97
177.82	56.57
177.88	60.83
177.93	56.39
177.99	63.22
178.04	59.02
178.10	59.72
178.16	52.87
178.21	54.07
178.27	50.53
178.32	54.65
178.38	53.66
178.43	55.42
178.49	54.90
178.55	54.20
178.60	52.59
178.66	51.83
178.71	53.48
178.77	51.53
178.82	52.97
178.88	52.97
178.94	53.77
178.99	54.52
179.05	58.98
179.10	54.52
179.16	57.78
179.21	60.16
179.27	59.42
179.33	54.83
179.38	58.67
179.44	56.67
179.49	56.24
179.55	53.89
179.60	54.20
179.66	53.20
179.72	55.32
179.77	52.84
179.83	51.70
179.88	53.27
179.94	54.83
179.99	51.07
180.05	51.60
180.11	52.49
180.16	55.00
180.22	57.47
180.27	62.05
180.33	62.96
180.38	67.10
180.44	62.25
180.49	61.61
180.55	59.62
180.61	63.43
180.66	58.49
180.72	57.17
180.77	55.68
180.83	55.69
180.88	52.77
180.94	52.49
180.99	56.24
181.05	56.17
181.11	57.34
181.16	57.77
181.22	59.35
181.27	62.12
181.33	61.15
181.38	57.37
181.44	58.71
181.49	63.11
181.55	63.44
181.61	69.20
181.66	72.47
181.72	70.17
181.77	67.29
181.83	64.59
181.88	69.70
181.94	71.36
181.99	76.78
182.05	77.57
182.11	78.16
182.16	68.92
182.22	66.89
182.27	62.66
182.33	65.56
182.38	66.12
182.44	71.33
182.49	73.42
182.55	74.84
182.60	73.91
182.66	76.83
182.72	79.44
182.77	81.77
182.83	85.38
182.88	88.68
182.94	89.85
182.99	86.64
183.05	85.34
183.10	87.68
183.16	86.75
183.21	88.74
183.27	97.02
183.32	102.07
183.38	106.01
183.44	114.12
183.49	120.19
183.55	122.42
183.60	129.86
183.66	136.97
183.71	147.27
183.77	156.33
183.82	166.53
183.88	179.30
183.93	192.11
183.99	207.04
184.04	224.74
184.10	237.91
184.15	250.24
184.21	264.47
184.27	266.37
184.32	266.59
184.38	264.05
184.43	259.03
184.49	239.46
184.54	219.93
184.60	207.76
184.65	192.69
184.71	181.39
184.76	183.40
184.82	201.21
184.87	219.43
184.93	245.52
184.98	275.34
185.04	308.58
185.09	336.35
185.15	363.94
185.20	398.14
185.26	434.59
185.31	464.84
185.37	493.71
185.43	514.91
185.48	535.54
185.54	559.12
185.59	585.53
185.65	610.32
185.70	651.78
185.76	697.07
185.81	731.14
185.87	768.58
185.92	815.41
185.98	852.97
186.03	869.88
186.09	871.44
186.14	845.84
186.20	788.03
186.25	697.71
186.31	608.16
186.36	539.57
186.42	507.94
186.47	516.47
186.53	564.91
186.58	636.67
186.64	712.93
186.69	787.30
186.75	849.05
186.80	908.81
186.86	966.36
186.91	1023.37
186.97	1075.27
187.02	1141.60
187.08	1201.58
187.13	1251.19
187.19	1301.69
187.24	1351.85
187.30	1381.10
187.35	1408.76
187.41	1447.84
187.47	1489.46
187.52	1528.14
187.58	1585.57
187.63	1666.09
187.69	1753.36
187.74	1828.09
187.80	1894.60
187.85	1945.47
187.91	1965.15
187.96	1950.14
188.02	1894.71
188.07	1801.98
188.13	1664.64
188.18	1517.84
188.24	1412.76
188.29	1366.47
188.35	1382.77
188.40	1468.20
188.46	1600.06
188.51	1726.70
188.57	1857.50
188.62	1984.01
188.67	2101.05
188.73	2211.00
188.78	2318.14
188.84	2422.12
188.89	2528.57
188.95	2635.49
189.00	2727.62
189.06	2826.97
189.11	2921.41
189.17	2998.72
189.22	3069.11
189.28	3155.93
189.33	3230.09
189.39	3294.33
189.44	3361.98
189.50	3437.34
189.55	3506.35
189.61	3562.30
189.66	3619.62
189.72	3674.21
189.77	3724.58
189.83	3748.97
189.88	3755.02
189.94	3720.53
189.99	3638.33
190.05	3478.34
190.10	3253.78
190.16	2995.02
190.21	2765.41
190.27	2612.18
190.32	2560.66
190.38	2608.77
190.43	2737.34
190.49	2892.96
190.54	3021.43
190.60	3127.76
190.65	3213.52
190.71	3281.76
190.76	3342.94
190.81	3412.37
190.87	3498.33
190.92	3616.66
190.98	3758.00
191.03	3915.63
191.09	4076.82
191.14	4213.47
191.20	4319.88
191.25	4421.93
191.31	4525.42
191.36	4642.49
191.42	4778.18
191.47	4935.44
191.53	5088.93
191.58	5216.91
191.64	5316.83
191.69	5397.23
191.75	5450.77
191.80	5487.36
191.85	5511.25
191.91	5533.61
191.96	5556.62
192.02	5585.79
192.07	5598.02
192.13	5589.87
192.18	5539.38
192.24	5419.44
192.29	5220.33
192.35	4994.58
192.40	4811.19
192.46	4707.54
192.51	4706.07
192.57	4805.12
192.62	4983.47
192.67	5170.50
192.73	5347.07
192.78	5513.59
192.84	5666.86
192.89	5802.72
192.95	5934.00
193.00	6052.14
193.06	6163.17
193.11	6270.39
193.17	6362.35
193.22	6448.14
193.28	6537.43
193.33	6612.13
193.38	6681.73
193.44	6756.01
193.49	6831.77
193.55	6889.96
193.60	6949.24
193.66	7000.75
193.71	7043.26
193.77	7067.68
193.82	7091.00
193.88	7112.62
193.93	7139.36
193.98	7168.29
194.04	7208.01
194.09	7253.14
194.15	7300.26
194.20	7343.85
194.26	7381.21
194.31	7420.86
194.37	7445.31
194.42	7446.70
194.47	7430.73
194.53	7384.75
194.58	7291.72
194.64	7181.96
194.69	7087.29
194.75	7018.54
194.80	7004.21
194.86	7044.22
194.91	7136.21
194.97	7241.82
195.02	7351.03
195.07	7455.40
195.13	7555.43
195.18	7650.62
195.24	7741.85
195.29	7830.86
195.35	7905.99
195.40	7983.17
195.46	8045.82
195.51	8125.05
195.56	8213.67
195.62	8308.62
195.67	8401.07
195.73	8494.27
195.78	8558.68
195.84	8603.25
195.89	8637.42
195.94	8667.44
196.00	8706.58
196.05	8757.57
196.11	8823.42
196.16	8893.81
196.22	8967.09
196.27	9033.15
196.32	9092.46
196.38	9141.03
196.43	9188.17
196.49	9227.55
196.54	9268.53
196.60	9313.13
196.65	9358.71
196.71	9401.15
196.76	9448.51
196.81	9482.62
196.87	9518.27
196.92	9544.52
196.98	9562.83
197.03	9569.95
197.09	9566.26
197.14	9558.53
197.19	9561.67
197.25	9577.33
197.30	9604.11
197.36	9660.84
197.41	9723.60
197.47	9787.30
197.52	9851.21
197.57	9917.31
197.63	9972.69
197.68	10027.52
197.74	10077.09
197.79	10119.83
197.84	10164.67
197.90	10213.48
197.95	10257.37
198.01	10299.52
198.06	10344.24
198.12	10390.70
198.17	10423.42
198.22	10459.44
198.28	10496.32
198.33	10536.55
198.39	10572.63
198.44	10623.77
198.49	10671.73
198.55	10721.96
198.60	10772.27
198.66	10816.64
198.71	10865.42
198.77	10910.45
198.82	10962.25
198.87	11008.03
198.93	11057.57
198.98	11099.84
199.04	11147.03
199.09	11186.66
199.14	11231.90
199.20	11275.12
199.25	11314.28
199.31	11362.04
199.36	11408.75
199.42	11452.34
199.47	11499.93
199.52	11544.19
199.58	11577.63
199.63	11605.46
199.69	11637.78
199.74	11667.62
199.79	11692.67
199.85	11724.62
199.90	11766.68
199.96	11807.19
200.01	11850.51
200.06	11905.24
200.12	11956.19
200.17	12008.45
200.23	12060.11
200.28	12101.38
200.33	12150.00
200.39	12193.77
200.44	12231.96
200.50	12272.49
200.55	12318.41
200.60	12356.18
200.66	12397.34
200.71	12435.02
200.77	12478.92
200.82	12517.84
200.87	12560.30
200.93	12600.23
200.98	12647.60
201.04	12683.32
201.09	12727.20
201.14	12773.70
201.20	12820.28
201.25	12875.53
201.31	12927.68
201.36	12989.66
201.41	13044.79
201.47	13103.58
201.52	13148.98
201.58	13211.92
201.63	13255.99
201.68	13306.87
201.74	13360.26
201.79	13414.50
201.84	13464.94
201.90	13513.85
201.95	13561.90
202.01	13611.24
202.06	13662.73
202.11	13700.58
202.17	13753.38
202.22	13803.61
202.28	13841.97
202.33	13882.75
202.38	13922.05
202.44	13963.35
202.49	14006.17
202.54	14057.31
202.60	14104.08
202.65	14160.77
202.71	14211.90
202.76	14253.91
202.81	14293.71
202.87	14341.98
202.92	14386.67
202.98	14432.22
203.03	14485.97
203.08	14540.69
203.14	14590.67
203.19	14647.99
203.24	14704.77
203.30	14758.93
203.35	14811.51
203.41	14861.58
203.46	14904.44
203.51	14945.34
203.57	14981.32
203.62	15024.60
203.67	15070.79
203.73	15112.27
203.78	15152.56
203.84	15201.38
203.89	15240.05
203.94	15275.44
204.00	15311.78
204.05	15345.33
204.10	15361.21
204.16	15377.58
204.21	15387.29
204.27	15380.81
204.32	15360.60
204.37	15333.67
204.43	15278.85
204.48	15209.09
204.53	15154.17
204.59	15143.83
204.64	15201.37
204.69	15328.98
204.75	15500.56
204.80	15689.14
204.86	15842.93
204.91	15941.92
204.96	15994.06
205.02	16014.02
205.07	16036.72
205.12	16091.32
205.18	16181.82
205.23	16300.66
205.28	16446.75
205.34	16586.85
205.39	16707.37
205.45	16806.22
205.50	16885.65
205.55	16950.80
205.61	17009.13
205.66	17066.41
205.71	17126.82
205.77	17190.67
205.82	17254.00
205.87	17315.44
205.93	17371.08
205.98	17416.32
206.03	17453.79
206.09	17494.36
206.14	17540.55
206.20	17590.78
206.25	17645.32
206.30	17707.51
206.36	17767.09
206.41	17830.78
206.46	17884.28
206.52	17930.99
206.57	17978.27
206.62	18022.15
206.68	18064.51
206.73	18110.07
206.78	18169.89
206.84	18226.58
206.89	18289.52
206.94	18349.82
207.00	18426.73
207.05	18493.79
207.11	18560.36
207.16	18620.33
207.21	18685.61
207.27	18739.74
207.32	18798.25
207.37	18854.44
207.43	18911.49
207.48	18960.08
207.53	19011.96
207.59	19066.78
207.64	19124.21
207.69	19191.33
207.75	19260.07
207.80	19320.55
207.85	19380.26
207.91	19433.57
207.96	19478.13
208.01	19531.09
208.07	19591.19
208.12	19649.82
208.17	19704.66
208.23	19763.79
208.28	19817.42
208.33	19875.01
208.39	19936.28
208.44	20008.42
208.49	20070.80
208.55	20129.89
208.60	20179.80
208.65	20228.43
208.71	20279.77
208.76	20333.44
208.81	20396.20
208.87	20461.84
208.92	20519.79
208.97	20580.58
209.03	20643.87
209.08	20705.68
209.13	20763.90
209.19	20825.92
209.24	20881.48
209.29	20946.82
209.35	20999.55
209.40	21063.31
209.45	21130.06
209.51	21195.92
209.56	21252.05
209.61	21317.99
209.67	21383.37
209.72	21444.00
209.77	21503.28
209.83	21566.44
209.88	21636.41
209.93	21699.27
209.99	21764.73
210.04	21839.16
210.09	21906.84
210.15	21965.46
210.20	22027.92
210.25	22088.40
210.31	22144.03
210.36	22201.10
210.41	22254.86
210.46	22312.14
210.52	22373.11
210.57	22422.57
210.62	22480.37
210.68	22547.97
210.73	22598.17
210.78	22645.69
210.84	22710.69
210.89	22773.20
210.94	22825.69
211.00	22891.08
211.05	22944.57
211.10	23007.25
211.16	23061.76
211.21	23128.89
211.26	23196.25
211.32	23273.50
211.37	23337.01
211.42	23405.77
211.47	23472.38
211.53	23533.95
211.58	23596.55
211.63	23654.75
211.69	23717.48
211.74	23769.93
211.79	23825.93
211.85	23882.68
211.90	23948.87
211.95	24012.05
212.01	24078.53
212.06	24152.82
212.11	24228.79
212.16	24299.39
212.22	24374.79
212.27	24446.12
212.32	24512.79
212.38	24579.52
212.43	24642.62
212.48	24703.67
212.54	24770.45
212.59	24842.43
212.64	24910.16
212.69	24977.41
212.75	25042.69
212.80	25108.41
212.85	25172.50
212.91	25221.98
212.96	25281.62
213.01	25347.27
213.07	25406.17
213.12	25465.16
213.17	25534.43
213.22	25597.78
213.28	25652.74
213.33	25704.73
213.38	25757.46
213.44	25811.16
213.49	25876.77
213.54	25946.47
213.60	26024.87
213.65	26101.75
213.70	26185.71
213.75	26250.61
213.81	26309.04
213.86	26362.02
213.91	26407.42
213.97	26441.36
214.02	26472.26
214.07	26500.83
214.12	26524.73
214.18	26544.59
214.23	26568.56
214.28	26580.01
214.34	26575.41
214.39	26558.06
214.44	26513.51
214.49	26428.71
214.55	26310.67
214.60	26155.53
214.65	25970.73
214.71	25806.43
214.76	25761.72
214.81	25857.52
214.86	26097.48
214.92	26431.74
214.97	26787.93
215.02	27067.34
215.08	27246.37
215.13	27333.22
215.18	27343.42
215.23	27315.94
215.29	27315.28
215.34	27386.18
215.39	27517.51
215.45	27721.90
215.50	27981.04
215.55	28220.66
215.60	28410.98
215.66	28539.54
215.71	28634.01
215.76	28711.32
215.81	28775.55
215.87	28833.05
215.92	28897.68
215.97	28959.20
216.03	29016.18
216.08	29080.32
216.13	29136.44
216.18	29197.32
216.24	29256.59
216.29	29308.13
216.34	29362.23
216.39	29431.68
216.45	29493.42
216.50	29549.52
216.55	29615.03
216.61	29687.63
216.66	29744.94
216.71	29805.96
216.76	29869.90
216.82	29945.32
216.87	30012.07
216.92	30081.96
216.97	30148.37
217.03	30230.74
217.08	30299.77
217.13	30380.52
217.18	30456.39
217.24	30531.86
217.29	30593.12
217.34	30644.73
217.39	30683.21
217.45	30731.55
217.50	30786.63
217.55	30846.42
217.61	30918.54
217.66	30987.98
217.71	31055.27
217.76	31130.06
217.82	31205.61
217.87	31276.38
217.92	31353.64
217.97	31428.01
218.03	31485.72
218.08	31530.25
218.13	31571.68
218.18	31614.10
218.24	31680.09
218.29	31744.07
218.34	31814.56
218.39	31889.31
218.45	31957.97
218.50	32006.89
218.55	32063.52
218.60	32122.09
218.66	32173.78
218.71	32233.67
218.76	32300.38
218.81	32365.82
218.87	32427.28
218.92	32494.35
218.97	32564.84
219.02	32635.28
219.08	32705.86
219.13	32783.02
219.18	32850.02
219.23	32911.83
219.29	32973.43
219.34	33042.37
219.39	33104.41
219.44	33171.72
219.50	33239.05
219.55	33308.34
219.60	33366.68
219.65	33428.72
219.71	33495.62
219.76	33549.66
219.81	33600.17
219.86	33657.30
219.92	33712.27
219.97	33763.10
220.02	33823.24
220.07	33877.47
220.13	33934.62
220.18	34000.84
220.23	34076.10
220.28	34153.10
220.33	34229.18
220.39	34294.29
220.44	34358.18
220.49	34406.45
220.54	34452.41
220.60	34509.42
220.65	34580.24
220.70	34647.06
220.75	34724.62
220.81	34809.96
220.86	34886.71
220.91	34951.03
220.96	35016.99
221.02	35080.22
221.07	35144.85
221.12	35203.31
221.17	35261.28
221.22	35321.27
221.28	35380.71
221.33	35436.54
221.38	35495.65
221.43	35569.27
221.49	35634.30
221.54	35701.01
221.59	35774.21
221.64	35856.32
221.69	35942.82
221.75	36042.63
221.80	36143.45
221.85	36214.17
221.90	36281.08
221.96	36341.55
222.01	36375.33
222.06	36408.12
222.11	36459.51
222.17	36504.05
222.22	36530.46
222.27	36578.57
222.32	36630.70
222.37	36682.37
222.43	36746.97
222.48	36815.32
222.53	36883.81
222.58	36961.69
222.63	37038.16
222.69	37104.33
222.74	37181.60
222.79	37256.70
222.84	37308.69
222.90	37359.50
222.95	37406.41
223.00	37442.24
223.05	37484.87
223.10	37545.56
223.16	37605.52
223.21	37657.15
223.26	37715.55
223.31	37756.04
223.36	37788.01
223.42	37826.18
223.47	37866.71
223.52	37907.43
223.57	37956.18
223.63	38010.98
223.68	38061.35
223.73	38134.11
223.78	38208.08
223.83	38281.97
223.89	38337.79
223.94	38407.28
223.99	38467.80
224.04	38540.85
224.09	38614.25
224.15	38707.12
224.20	38787.16
224.25	38883.32
224.30	38968.24
224.35	39057.94
224.41	39149.72
224.46	39245.16
224.51	39318.15
224.56	39391.00
224.61	39472.67
224.67	39547.31
224.72	39623.38
224.77	39717.36
224.82	39810.77
224.87	39883.23
224.93	39962.22
224.98	40042.97
225.03	40120.53
225.08	40199.89
225.13	40289.15
225.19	40375.28
225.24	40456.82
225.29	40527.50
225.34	40605.79
225.39	40669.39
225.45	40739.58
225.50	40797.13
225.55	40857.04
225.60	40902.28
225.65	40956.32
225.71	40986.48
225.76	41017.69
225.81	41022.75
225.86	41015.48
225.91	40986.49
225.97	40938.68
226.02	40857.75
226.07	40753.50
226.12	40698.10
226.17	40722.57
226.22	40843.45
226.28	41070.22
226.33	41399.86
226.38	41696.30
226.43	41932.83
226.48	42093.04
226.54	42176.74
226.59	42204.72
226.64	42219.51
226.69	42210.18
226.74	42228.00
226.80	42292.05
226.85	42396.39
226.90	42531.39
226.95	42729.76
227.00	42924.76
227.05	43109.36
227.11	43262.05
227.16	43392.51
227.21	43487.26
227.26	43581.35
227.31	43648.37
227.37	43699.83
227.42	43774.36
227.47	43854.46
227.52	43921.99
227.57	43991.34
227.62	44085.10
227.68	44161.27
227.73	44234.79
227.78	44316.43
227.83	44400.63
227.88	44466.93
227.93	44542.46
227.99	44627.42
228.04	44703.14
228.09	44784.65
228.14	44863.95
228.19	44933.54
228.24	44996.62
228.30	45068.30
228.35	45129.74
228.40	45198.29
228.45	45259.82
228.50	45332.14
228.56	45395.47
228.61	45455.58
228.66	45511.08
228.71	45565.17
228.76	45609.47
228.81	45653.31
228.87	45697.56
228.92	45758.19
228.97	45822.37
229.02	45910.93
229.07	45991.53
229.12	46086.59
229.17	46158.09
229.23	46240.23
229.28	46312.09
229.33	46390.76
229.38	46460.61
229.43	46536.71
229.48	46614.46
229.54	46685.12
229.59	46754.16
229.64	46832.92
229.69	46911.86
229.74	46996.22
229.79	47061.71
229.85	47129.96
229.90	47192.47
229.95	47259.72
230.00	47320.19
230.05	47403.22
230.10	47476.47
230.16	47546.43
230.21	47604.93
230.26	47664.12
230.31	47701.24
230.36	47756.40
230.41	47819.20
230.46	47902.68
230.52	47989.63
230.57	48077.54
230.62	48166.44
230.67	48235.06
230.72	48293.54
230.77	48337.43
230.82	48383.09
230.88	48412.66
230.93	48459.78
230.98	48502.29
231.03	48560.25
231.08	48618.72
231.13	48675.13
231.19	48743.31
231.24	48816.68
231.29	48895.46
231.34	48969.02
231.39	49045.94
231.44	49113.67
231.49	49161.10
231.55	49205.43
231.60	49250.85
231.65	49311.33
231.70	49359.28
231.75	49419.01
231.80	49472.23
231.85	49523.99
231.91	49558.26
231.96	49607.85
232.01	49669.74
232.06	49725.22
232.11	49790.17
232.16	49876.80
232.21	49959.32
232.26	50042.18
232.32	50120.05
232.37	50185.31
232.42	50243.25
232.47	50289.64
232.52	50337.00
232.57	50393.81
232.62	50464.41
232.68	50534.04
232.73	50608.29
232.78	50680.12
232.83	50756.12
232.88	50824.73
232.93	50897.26
232.98	50967.74
233.03	51026.86
233.09	51085.43
233.14	51160.48
233.19	51215.68
233.24	51269.28
233.29	51321.47
233.34	51355.73
233.39	51367.48
233.45	51389.06
233.50	51421.27
233.55	51464.19
233.60	51532.04
233.65	51605.29
233.70	51678.59
233.75	51734.78
233.80	51786.53
233.86	51835.18
233.91	51877.12
233.96	51918.63
234.01	51972.75
234.06	52035.90
234.11	52099.07
234.16	52160.37
234.21	52222.13
234.26	52274.13
234.32	52310.91
234.37	52329.31
234.42	52375.22
234.47	52397.21
234.52	52424.34
234.57	52467.99
234.62	52513.86
234.67	52553.76
234.73	52611.16
234.78	52668.52
234.83	52708.40
234.88	52761.61
234.93	52789.87
234.98	52834.87
235.03	52873.34
235.08	52936.82
235.13	52998.48
235.19	53073.39
235.24	53134.28
235.29	53204.52
235.34	53259.01
235.39	53283.32
235.44	53314.23
235.49	53350.58
235.54	53379.44
235.59	53394.67
235.65	53431.68
235.70	53464.50
235.75	53503.04
235.80	53553.36
235.85	53607.94
235.90	53650.46
235.95	53671.92
236.00	53689.49
236.05	53705.52
236.11	53731.39
236.16	53771.94
236.21	53824.89
236.26	53867.66
236.31	53898.33
236.36	53916.46
236.41	53928.12
236.46	53934.63
236.51	53953.30
236.56	53979.74
236.62	54011.63
236.67	54052.84
236.72	54106.40
236.77	54144.92
236.82	54192.43
236.87	54214.79
236.92	54236.98
236.97	54266.79
237.02	54305.38
237.07	54352.61
237.13	54416.73
237.18	54473.22
237.23	54523.78
237.28	54564.22
237.33	54592.07
237.38	54611.95
237.43	54637.47
237.48	54637.67
237.53	54657.17
237.58	54681.20
237.63	54720.56
237.69	54754.21
237.74	54814.57
237.79	54848.76
237.84	54860.79
237.89	54875.06
237.94	54886.43
237.99	54900.14
238.04	54916.38
238.09	54945.58
238.14	54975.85
238.19	54999.17
238.25	55016.10
238.30	55020.25
238.35	55021.69
238.40	55023.08
238.45	55025.96
238.50	55029.49
238.55	55039.03
238.60	55068.07
238.65	55084.06
238.70	55103.33
238.75	55115.80
238.80	55146.50
238.86	55155.32
238.91	55169.78
238.96	55197.24
239.01	55233.46
239.06	55263.36
239.11	55296.10
239.16	55320.53
239.21	55325.89
239.26	55311.85
239.31	55319.61
239.36	55334.82
239.41	55359.48
239.46	55386.85
239.52	55424.94
239.57	55436.62
239.62	55439.73
239.67	55456.60
239.72	55475.77
239.77	55491.74
239.82	55521.29
239.87	55540.55
239.92	55547.31
239.97	55544.82
240.02	55535.41
240.07	55517.48
240.12	55517.21
240.17	55516.42
240.23	55521.65
240.28	55522.52
240.33	55531.91
240.38	55514.58
240.43	55515.52
240.48	55534.47
240.53	55553.25
240.58	55572.66
240.63	55615.14
240.68	55624.68
240.73	55607.52
240.78	55605.34
240.83	55603.67
240.88	55587.83
240.93	55574.93
240.98	55571.66
241.04	55589.82
241.09	55616.50
241.14	55638.19
241.19	55685.01
241.24	55728.69
241.29	55744.78
241.34	55743.73
241.39	55756.01
241.44	55757.13
241.49	55751.81
241.54	55744.44
241.59	55732.49
241.64	55734.45
241.69	55729.96
241.74	55724.37
241.79	55721.57
241.84	55721.99
241.90	55697.29
241.95	55661.69
242.00	55637.68
242.05	55613.67
242.10	55597.26
242.15	55588.02
242.20	55588.14
242.25	55585.12
242.30	55583.87
242.35	55581.06
242.40	55576.42
242.45	55562.50
242.50	55546.95
242.55	55542.16
242.60	55537.78
242.65	55541.09
242.70	55557.02
242.75	55583.99
242.80	55614.91
242.85	55641.98
242.91	55650.29
242.96	55637.16
243.01	55621.03
243.06	55597.50
243.11	55559.11
243.16	55533.68
243.21	55539.86
243.26	55554.80
243.31	55561.55
243.36	55573.21
243.41	55587.42
243.46	55577.23
243.51	55538.29
243.56	55484.82
243.61	55439.72
243.66	55402.10
243.71	55373.06
243.76	55368.93
243.81	55389.95
243.86	55390.16
243.91	55400.46
243.96	55403.99
244.01	55379.51
244.06	55347.76
244.12	55342.44
244.17	55320.24
244.22	55314.72
244.27	55351.30
244.32	55382.17
244.37	55405.79
244.42	55421.24
244.47	55417.42
244.52	55388.65
244.57	55351.99
244.62	55316.37
244.67	55287.62
244.72	55260.72
244.77	55251.96
244.82	55274.70
244.87	55305.12
244.92	55334.09
244.97	55358.96
245.02	55360.77
245.07	55328.71
245.12	55310.94
245.17	55284.70
245.22	55273.69
245.27	55262.27
245.32	55240.34
245.37	55194.91
245.42	55155.11
245.47	55115.42
245.52	55060.67
245.57	55036.87
245.62	55024.70
245.67	55011.40
245.72	54999.30
245.77	54994.89
245.82	54985.27
245.87	54983.38
245.92	54990.14
245.98	54987.91
246.03	54994.32
246.08	55009.76
246.13	54992.12
246.18	54991.27
246.23	54988.07
246.28	54975.76
246.33	54952.14
246.38	54942.75
246.43	54905.82
246.48	54877.78
246.53	54878.36
246.58	54883.71
246.63	54881.03
246.68	54879.39
246.73	54870.41
246.78	54838.41
246.83	54785.29
246.88	54730.95
246.93	54682.55
246.98	54635.80
247.03	54599.48
247.08	54579.73
247.13	54576.87
247.18	54568.42
247.23	54587.56
247.28	54600.91
247.33	54587.89
247.38	54562.76
247.43	54552.72
247.48	54525.19
247.53	54488.13
247.58	54463.58
247.63	54435.13
247.68	54389.00
247.73	54333.42
247.78	54301.81
247.83	54268.88
247.88	54246.42
247.93	54238.89
247.98	54242.46
248.03	54237.77
248.08	54254.63
248.13	54257.08
248.18	54244.54
248.23	54228.58
248.28	54203.27
248.33	54166.62
248.38	54129.98
248.43	54109.93
248.48	54091.39
248.53	54077.97
248.58	54054.57
248.63	54052.12
248.68	54029.60
248.73	54005.69
248.78	53972.00
248.83	53926.52
248.88	53853.63
248.93	53784.23
248.98	53705.13
249.03	53657.37
249.08	53633.45
249.13	53629.03
249.18	53626.15
249.23	53643.24
249.28	53632.87
249.33	53629.55
249.38	53619.78
249.43	53604.56
249.48	53573.10
249.53	53560.55
249.58	53534.52
249.63	53507.82
249.68	53489.14
249.73	53475.21
249.78	53449.87
249.83	53444.15
249.88	53425.93
249.93	53410.39
249.98	53403.78
250.03	53401.48
250.08	53369.81
250.13	53362.19
250.18	53337.59
250.23	53293.65
250.28	53241.73
250.33	53193.61
250.37	53139.67
250.42	53108.25
250.47	53076.87
250.52	53063.78
250.57	53044.92
250.62	53013.42
250.67	52976.71
250.72	52958.07
250.77	52909.73
250.82	52889.97
250.87	52894.11
250.92	52890.88
250.97	52864.42
251.02	52867.14
251.07	52860.81
251.12	52834.43
251.17	52795.17
251.22	52765.61
251.27	52716.45
251.32	52663.09
251.37	52606.37
251.42	52555.66
251.47	52515.99
251.52	52500.33
251.57	52481.66
251.62	52473.40
251.67	52473.31
251.72	52458.12
251.77	52420.07
251.82	52382.08
251.87	52340.43
251.92	52289.19
251.97	52238.11
252.02	52190.30
252.07	52158.62
252.12	52138.67
252.16	52126.55
252.21	52123.25
252.26	52131.42
252.31	52132.74
252.36	52123.02
252.41	52103.75
252.46	52079.05
252.51	52051.27
252.56	52014.68
252.61	51981.52
252.66	51961.65
252.71	51941.38
252.76	51907.40
252.81	51873.05
252.86	51818.07
252.91	51767.76
252.96	51701.22
253.01	51637.34
253.06	51575.20
253.11	51532.29
253.16	51484.13
253.21	51436.73
253.26	51399.19
253.31	51367.53
253.36	51342.71
253.40	51315.06
253.45	51313.72
253.50	51277.76
253.55	51245.10
253.60	51204.50
253.65	51162.07
253.70	51119.79
253.75	51108.34
253.80	51089.65
253.85	51082.52
253.90	51086.18
253.95	51079.37
254.00	51071.57
254.05	51059.20
254.10	51012.63
254.15	50972.40
254.20	50939.86
254.25	50903.12
254.30	50865.05
254.35	50830.74
254.39	50766.75
254.44	50683.01
254.49	50599.53
254.54	50568.97
254.59	50537.65
254.64	50535.01
254.69	50535.77
254.74	50540.20
254.79	50509.35
254.84	50484.22
254.89	50455.07
254.94	50441.21
254.99	50426.43
255.04	50407.60
255.09	50399.17
255.14	50374.67
255.19	50365.12
255.23	50357.60
255.28	50338.51
255.33	50324.83
255.38	50312.12
255.43	50285.71
255.48	50255.13
255.53	50218.27
255.58	50189.14
255.63	50158.20
255.68	50115.70
255.73	50069.14
255.78	50039.62
255.83	50005.96
255.88	49981.91
255.93	49948.82
255.97	49929.98
256.02	49898.11
256.07	49847.15
256.12	49779.13
256.17	49730.06
256.22	49669.07
256.27	49618.67
256.32	49578.64
256.37	49555.82
256.42	49535.28
256.47	49511.98
256.52	49484.09
256.57	49469.58
256.62	49457.11
256.66	49451.98
256.71	49430.09
256.76	49392.74
256.81	49335.05
256.86	49279.77
256.91	49219.22
256.96	49173.95
257.01	49143.32
257.06	49131.07
257.11	49104.58
257.16	49052.33
257.21	49010.42
257.26	48979.45
257.30	48937.34
257.35	48893.07
257.40	48869.62
257.45	48856.69
257.50	48821.53
257.55	48787.31
257.60	48768.48
257.65	48743.66
257.70	48704.99
257.75	48669.63
257.80	48638.68
257.85	48601.10
257.89	48556.41
257.94	48497.00
257.99	48440.38
258.04	48381.67
258.09	48338.16
258.14	48308.06
258.19	48294.20
258.24	48276.98
258.29	48245.17
258.34	48202.66
258.39	48167.68
258.44	48105.69
258.48	48060.87
258.53	48028.37
258.58	47977.81
258.63	47925.22
258.68	47885.52
258.73	47842.53
258.78	47795.24
258.83	47763.94
258.88	47716.57
258.93	47684.61
258.97	47650.54
259.02	47621.69
259.07	47595.90
259.12	47583.34
259.17	47567.78
259.22	47552.34
259.27	47531.85
259.32	47512.99
259.37	47468.09
259.42	47425.22
259.47	47376.65
259.51	47322.87
259.56	47256.02
259.61	47191.47
259.66	47112.41
259.71	47039.86
259.76	46982.44
259.81	46925.30
259.86	46881.92
259.91	46848.64
259.95	46821.80
260.00	46793.18
260.05	46773.60
260.10	46760.91
260.15	46750.54
260.20	46736.93
260.25	46722.85
260.30	46713.91
260.35	46686.41
260.40	46654.27
260.44	46630.64
260.49	46609.63
260.54	46572.88
260.59	46547.52
260.64	46539.57
260.69	46530.70
260.74	46493.90
260.79	46453.36
260.84	46406.19
260.88	46339.49
260.93	46257.88
260.98	46224.14
261.03	46188.99
261.08	46160.22
261.13	46127.17
261.18	46090.60
261.23	46030.43
261.28	45990.98
261.32	45955.78
261.37	45913.78
261.42	45884.61
261.47	45856.87
261.52	45808.13
261.57	45752.96
261.62	45713.57
261.67	45666.23
261.71	45603.94
261.76	45554.85
261.81	45505.18
261.86	45451.79
261.91	45399.47
261.96	45361.31
262.01	45322.65
262.06	45302.89
262.10	45288.48
262.15	45271.47
262.20	45260.27
262.25	45251.83
262.30	45224.42
262.35	45197.66
262.40	45165.30
262.45	45129.24
262.49	45094.11
262.54	45059.87
262.59	45029.95
262.64	45008.91
262.69	44968.62
262.74	44921.25
262.79	44873.43
262.84	44821.89
262.88	44770.34
262.93	44730.52
262.98	44694.67
263.03	44650.24
263.08	44598.10
263.13	44525.45
263.18	44459.58
263.23	44398.69
263.27	44352.16
263.32	44321.58
263.37	44309.49
263.42	44294.11
263.47	44263.97
263.52	44240.01
263.57	44202.51
263.61	44156.45
263.66	44112.41
263.71	44076.17
263.76	44036.10
263.81	43991.21
263.86	43964.95
263.91	43927.83
263.95	43868.92
264.00	43811.04
264.05	43761.95
264.10	43685.59
264.15	43618.10
264.20	43581.92
264.25	43535.61
264.29	43497.71
264.34	43457.64
264.39	43425.78
264.44	43372.91
264.49	43331.34
264.54	43273.49
264.59	43238.32
264.63	43186.51
264.68	43131.10
264.73	43075.44
264.78	43035.72
264.83	42980.29
264.88	42943.72
264.93	42925.18
264.97	42906.38
265.02	42879.85
265.07	42867.73
265.12	42827.19
265.17	42781.17
265.22	42736.46
265.27	42674.22
265.31	42609.32
265.36	42548.42
265.41	42494.39
265.46	42434.44
265.51	42364.33
265.56	42301.32
265.60	42247.59
265.65	42186.94
265.70	42128.02
265.75	42089.02
265.80	42036.57
265.85	41971.94
265.90	41914.05
265.94	41857.92
265.99	41788.03
266.04	41738.71
266.09	41701.16
266.14	41661.46
266.19	41626.22
266.23	41601.91
266.28	41564.48
266.33	41533.12
266.38	41510.40
266.43	41485.16
266.48	41469.62
266.52	41436.62
266.57	41397.74
266.62	41354.44
266.67	41299.12
266.72	41236.39
266.77	41208.75
266.81	41181.73
266.86	41153.17
266.91	41124.06
266.96	41088.46
267.01	41043.57
267.06	40990.66
267.10	40938.05
267.15	40889.91
267.20	40859.82
267.25	40816.87
267.30	40787.72
267.35	40746.35
267.39	40705.35
267.44	40665.28
267.49	40620.41
267.54	40567.17
267.59	40520.65
267.64	40467.76
267.68	40407.50
267.73	40351.83
267.78	40316.61
267.83	40288.63
267.88	40280.57
267.93	40272.81
267.97	40267.09
268.02	40229.66
268.07	40189.06
268.12	40130.36
268.17	40065.72
268.21	40015.45
268.26	39966.32
268.31	39918.58
268.36	39875.66
268.41	39835.66
268.46	39785.61
268.50	39750.06
268.55	39695.24
268.60	39633.94
268.65	39570.95
268.70	39492.69
268.74	39417.23
268.79	39356.09
268.84	39299.31
268.89	39256.68
268.94	39222.89
268.99	39186.30
269.03	39147.55
269.08	39099.63
269.13	39024.87
269.18	38937.67
269.23	38842.33
269.27	38735.19
269.32	38611.73
269.37	38491.65
269.42	38372.14
269.47	38233.45
269.51	38088.77
269.56	37952.05
269.61	37812.14
269.66	37658.17
269.71	37505.66
269.76	37357.17
269.80	37210.42
269.85	37059.92
269.90	36919.76
269.95	36774.51
270.00	36622.75
270.04	36470.37
270.09	36320.78
270.14	36175.17
270.19	36037.05
270.24	35894.77
270.28	35741.73
270.33	35568.17
270.38	35386.73
270.43	35208.44
270.48	35038.04
270.52	34882.70
270.57	34729.16
270.62	34572.90
270.67	34417.98
270.72	34261.60
270.76	34083.59
270.81	33915.52
270.86	33744.03
270.91	33569.41
270.96	33395.22
271.00	33236.49
271.05	33079.05
271.10	32938.35
271.15	32807.26
271.20	32685.28
271.24	32545.87
271.29	32414.07
271.34	32266.74
271.39	32113.82
271.44	31956.23
271.48	31823.77
271.53	31671.66
271.58	31535.87
271.63	31391.16
271.67	31248.03
271.72	31100.58
271.77	30959.58
271.82	30819.43
271.87	30681.19
271.91	30523.72
271.96	30377.31
272.01	30237.99
272.06	30098.68
272.11	29977.02
272.15	29873.66
272.20	29761.30
272.25	29665.89
272.30	29565.56
272.35	29455.37
272.39	29346.09
272.44	29225.26
272.49	29089.69
272.54	28950.03
272.58	28801.32
272.63	28649.52
272.68	28497.26
272.73	28339.38
272.78	28162.22
272.82	27963.95
272.87	27742.96
272.92	27462.72
272.97	26939.75
273.01	23977.73
273.06	19017.29
273.11	13544.96
273.16	8172.83
273.21	3076.50
273.25	465.38
273.30	-87.77
273.35	-88.85
