165.32	3375.47
165.38	-246.24
165.44	595.11
165.50	-77.91
165.55	-21.09
165.61	-0.29
165.67	25.73
165.72	34.45
165.78	39.34
165.84	37.87
165.89	34.77
165.95	33.63
166.01	32.66
166.06	34.15
166.12	36.75
166.18	35.22
166.23	37.06
166.29	36.63
166.35	32.94
166.40	32.20
166.46	38.51
166.52	41.21
166.57	41.86
166.63	42.53
166.69	44.64
166.74	38.70
166.80	38.93
166.86	40.99
166.91	42.31
166.97	37.31
167.03	39.63
167.08	34.04
167.14	32.70
167.20	30.49
167.25	42.81
167.31	43.79
167.37	49.40
167.42	51.25
167.48	57.23
167.54	51.13
167.59	50.07
167.65	45.45
167.71	45.48
167.76	44.54
167.82	40.70
167.88	40.76
167.93	48.50
167.99	47.44
168.05	49.80
168.10	57.42
168.16	56.42
168.21	54.67
168.27	59.05
168.33	60.24
168.38	52.50
168.44	57.23
168.50	55.77
168.55	54.17
168.61	54.85
168.67	56.98
168.72	54.27
168.78	53.95
168.84	49.92
168.89	48.70
168.95	49.79
169.01	49.37
169.06	49.30
169.12	48.83
169.18	47.06
169.23	47.20
169.29	51.40
169.34	55.71
169.40	58.36
169.46	62.72
169.51	64.46
169.57	59.92
169.63	55.54
169.68	60.66
169.74	57.13
169.80	62.84
169.85	64.37
169.91	68.75
169.97	64.36
170.02	64.12
170.08	62.93
170.13	62.91
170.19	62.62
170.25	64.25
170.30	68.07
170.36	60.33
170.42	62.61
170.47	63.72
170.53	65.39
170.59	62.56
170.64	65.99
170.70	64.48
170.76	61.79
170.81	63.30
170.87	62.43
170.92	62.75
170.98	65.79
171.04	67.99
171.09	63.54
171.15	71.32
171.21	72.88
171.26	69.31
171.32	66.78
171.37	70.79
171.43	65.41
171.49	69.55
171.54	72.62
171.60	74.34
171.66	76.14
171.71	76.67
171.77	74.58
171.83	80.86
171.88	79.95
171.94	79.37
171.99	83.66
172.05	82.60
172.11	83.79
172.16	92.51
172.22	92.96
172.28	93.14
172.33	90.88
172.39	87.53
172.44	84.21
172.50	89.00
172.56	88.35
172.61	96.68
172.67	96.44
172.72	96.33
172.78	91.57
172.84	86.78
172.89	80.17
172.95	79.53
173.01	80.56
173.06	79.45
173.12	85.66
173.17	86.83
173.23	85.76
173.29	85.89
173.34	87.18
173.40	81.24
173.46	81.61
173.51	84.89
173.57	84.82
173.62	80.01
173.68	86.53
173.74	85.37
173.79	86.96
173.85	83.75
173.90	85.95
173.96	82.22
174.02	80.06
174.07	71.64
174.13	71.26
174.18	73.74
174.24	67.67
174.30	67.48
174.35	73.20
174.41	70.58
174.47	64.54
174.52	65.11
174.58	64.29
174.63	59.37
174.69	57.88
174.75	59.60
174.80	70.66
174.86	68.22
174.91	69.24
174.97	68.96
175.03	66.70
175.08	54.70
175.14	61.27
175.19	56.97
175.25	57.13
175.31	61.31
175.36	62.46
175.42	59.20
175.47	63.60
175.53	64.30
175.59	60.75
175.64	62.50
175.70	60.65
175.75	56.46
175.81	55.11
175.87	56.17
175.92	52.27
175.98	53.92
176.03	53.99
176.09	54.53
176.15	54.34
176.20	55.54
176.26	55.20
176.31	58.91
176.37	56.40
176.42	57.65
176.48	61.23
176.54	58.93
176.59	55.57
176.65	58.35
176.70	59.47
176.76	58.68
176.82	56.99
176.87	54.09
176.93	54.10
176.98	52.95
177.04	48.13
177.10	52.87
177.15	54.78
177.21	55.31
177.26	54.38
177.32	58.25
177.37	59.99
177.43	63.29
177.49	60.08
177.54	57.52
177.60	57.72
177.65	58.41
177.71	53.00
177.77	56.12
177.82	57.50
177.88	61.81
177.93	56.89
177.99	63.50
178.04	59.14
178.10	60.00
178.16	52.75
178.21	53.95
178.27	50.69
178.32	54.47
178.38	53.40
178.43	55.57
178.49	55.28
178.55	54.60
178.60	53.43
178.66	52.63
178.71	53.53
178.77	51.49
178.82	52.52
178.88	52.39
178.94	52.73
178.99	54.08
179.05	58.43
179.10	54.18
179.16	57.04
179.21	59.86
179.27	58.57
179.33	54.33
179.38	58.21
179.44	56.09
179.49	55.62
179.55	53.65
179.60	53.88
179.66	53.19
179.72	55.73
179.77	53.19
179.83	52.05
179.88	53.92
179.94	55.16
179.99	51.50
180.05	51.90
180.11	52.86
180.16	55.16
180.22	57.52
180.27	62.17
180.33	63.46
180.38	67.89
180.44	63.36
180.49	63.31
180.55	61.36
180.61	65.20
180.66	59.67
180.72	58.24
180.77	56.03
180.83	56.12
180.88	52.92
180.94	52.57
180.99	56.18
181.05	56.38
181.11	57.27
181.16	57.67
181.22	59.00
181.27	61.33
181.33	60.13
181.38	56.89
181.44	58.09
181.49	63.17
181.55	63.13
181.61	69.45
181.66	72.07
181.72	69.93
181.77	67.21
181.83	65.72
181.88	70.57
181.94	72.14
181.99	77.38
182.05	77.92
182.11	78.90
182.16	69.63
182.22	68.24
182.27	63.84
182.33	66.83
182.38	66.51
182.44	71.95
182.49	73.85
182.55	76.03
182.60	75.29
182.66	78.37
182.72	80.91
182.77	83.69
182.83	87.29
182.88	90.50
182.94	91.64
182.99	88.62
183.05	86.92
183.10	89.03
183.16	88.31
183.21	90.15
183.27	98.03
183.32	103.17
183.38	107.06
183.44	115.02
183.49	121.01
183.55	124.11
183.60	131.21
183.66	138.90
183.71	148.80
183.77	157.88
183.82	168.32
183.88	181.23
183.93	194.28
183.99	209.73
184.04	227.81
184.10	241.21
184.15	253.98
184.21	267.90
184.27	270.11
184.32	269.84
184.38	266.45
184.43	260.87
184.49	241.79
184.54	222.34
184.60	210.85
184.65	195.68
184.71	184.67
184.76	186.40
184.82	204.59
184.87	222.90
184.93	250.15
184.98	280.69
185.04	314.46
185.09	341.43
185.15	370.49
185.20	405.56
185.26	442.60
185.31	473.56
185.37	503.53
185.43	525.08
185.48	545.00
185.54	569.05
185.59	595.76
185.65	621.85
185.70	664.05
185.76	711.10
185.81	746.71
185.87	785.70
185.92	832.84
185.98	870.07
186.03	886.31
186.09	887.97
186.14	860.20
186.20	801.14
186.25	709.34
186.31	618.82
186.36	546.82
186.42	515.37
186.47	524.71
186.53	574.68
186.58	647.14
186.64	725.25
186.69	799.73
186.75	861.61
186.80	921.22
186.86	978.57
186.91	1036.83
186.97	1089.59
187.02	1156.61
187.08	1219.64
187.13	1270.71
187.19	1322.97
187.24	1373.69
187.30	1403.37
187.35	1428.55
187.41	1469.43
187.47	1508.30
187.52	1547.41
187.58	1605.38
187.63	1686.57
187.69	1775.03
187.74	1854.00
187.80	1921.25
187.85	1974.14
187.91	1994.60
187.96	1979.72
188.02	1924.53
188.07	1831.36
188.13	1691.49
188.18	1544.26
188.24	1435.25
188.29	1385.54
188.35	1400.53
188.40	1485.26
188.46	1616.84
188.51	1745.94
188.57	1878.41
188.62	2007.42
188.67	2126.50
188.73	2237.59
188.78	2343.60
188.84	2450.20
188.89	2556.51
188.95	2662.99
189.00	2756.38
189.06	2857.01
189.11	2951.52
189.17	3032.24
189.22	3104.32
189.28	3191.54
189.33	3266.65
189.39	3329.93
189.44	3396.89
189.50	3474.15
189.55	3544.69
189.61	3600.01
189.66	3658.05
189.72	3715.70
189.77	3765.45
189.83	3789.67
189.88	3795.90
189.94	3762.76
189.99	3675.76
190.05	3514.32
190.10	3285.65
190.16	3025.52
190.21	2792.91
190.27	2637.57
190.32	2586.25
190.38	2637.36
190.43	2767.71
190.49	2921.41
190.54	3051.80
190.60	3156.68
190.65	3238.94
190.71	3306.15
190.76	3368.90
190.81	3438.65
190.87	3525.58
190.92	3650.06
190.98	3791.69
191.03	3949.86
191.09	4112.76
191.14	4251.79
191.20	4358.08
191.25	4460.31
191.31	4564.30
191.36	4681.30
191.42	4818.48
191.47	4973.06
191.53	5129.20
191.58	5259.64
191.64	5358.24
191.69	5437.75
191.75	5489.49
191.80	5526.08
191.85	5547.50
191.91	5570.52
191.96	5592.56
192.02	5625.68
192.07	5640.25
192.13	5636.63
192.18	5588.35
192.24	5471.21
192.29	5273.66
192.35	5045.20
192.40	4860.02
192.46	4751.96
192.51	4748.65
192.57	4842.97
192.62	5022.23
192.67	5207.57
192.73	5389.63
192.78	5553.11
192.84	5704.96
192.89	5840.30
192.95	5972.36
193.00	6088.45
193.06	6202.16
193.11	6312.18
193.17	6404.11
193.22	6491.20
193.28	6584.65
193.33	6656.11
193.38	6725.69
193.44	6798.90
193.49	6869.78
193.55	6925.25
193.60	6984.60
193.66	7037.16
193.71	7081.35
193.77	7106.60
193.82	7125.32
193.88	7144.73
193.93	7168.34
193.98	7194.16
194.04	7233.52
194.09	7280.85
194.15	7333.85
194.20	7380.53
194.26	7424.45
194.31	7467.61
194.37	7492.25
194.42	7497.48
194.47	7481.80
194.53	7432.40
194.58	7339.21
194.64	7227.88
194.69	7126.23
194.75	7056.38
194.80	7036.52
194.86	7074.83
194.91	7163.39
194.97	7268.10
195.02	7376.50
195.07	7481.72
195.13	7580.96
195.18	7680.92
195.24	7775.55
195.29	7863.51
195.35	7940.10
195.40	8018.46
195.46	8085.73
195.51	8166.18
195.56	8256.35
195.62	8355.23
195.67	8442.70
195.73	8532.04
195.78	8596.76
195.84	8645.80
195.89	8677.53
195.94	8713.76
196.00	8751.25
196.05	8798.15
196.11	8856.96
196.16	8921.55
196.22	8992.30
196.27	9056.31
196.32	9114.75
196.38	9163.17
196.43	9216.03
196.49	9251.70
196.54	9290.27
196.60	9334.49
196.65	9378.66
196.71	9421.28
196.76	9471.83
196.81	9512.05
196.87	9543.66
196.92	9576.50
196.98	9595.32
197.03	9603.27
197.09	9599.73
197.14	9597.35
197.19	9595.51
197.25	9611.62
197.30	9636.81
197.36	9687.20
197.41	9751.27
197.47	9815.54
197.52	9873.67
197.57	9939.74
197.63	9996.67
197.68	10050.06
197.74	10100.58
197.79	10147.20
197.84	10190.65
197.90	10237.60
197.95	10276.55
198.01	10317.97
198.06	10365.17
198.12	10413.45
198.17	10448.20
198.22	10483.71
198.28	10521.50
198.33	10559.28
198.39	10594.74
198.44	10644.49
198.49	10698.13
198.55	10745.02
198.60	10792.79
198.66	10838.16
198.71	10891.45
198.77	10938.06
198.82	10993.81
198.87	11042.45
198.93	11093.44
198.98	11132.90
199.04	11182.23
199.09	11220.65
199.14	11262.48
199.20	11304.10
199.25	11344.75
199.31	11384.88
199.36	11427.33
199.42	11472.95
199.47	11516.76
199.52	11557.95
199.58	11600.13
199.63	11632.20
199.69	11663.62
199.74	11695.08
199.79	11720.77
199.85	11746.85
199.90	11788.50
199.96	11827.22
200.01	11869.79
200.06	11924.42
200.12	11972.37
200.17	12021.66
200.23	12074.43
200.28	12121.59
200.33	12174.73
200.39	12222.45
200.44	12264.19
200.50	12305.50
200.55	12343.63
200.60	12376.19
200.66	12415.91
200.71	12452.91
200.77	12494.42
200.82	12534.77
200.87	12574.12
200.93	12609.95
200.98	12651.97
201.04	12692.00
201.09	12737.99
201.14	12795.41
201.20	12848.95
201.25	12906.00
201.31	12959.61
201.36	13020.64
201.41	13073.02
201.47	13134.63
201.52	13186.54
201.58	13246.73
201.63	13296.04
201.68	13341.85
201.74	13381.62
201.79	13430.81
201.84	13481.93
201.90	13527.50
201.95	13581.02
202.01	13635.85
202.06	13684.44
202.11	13723.10
202.17	13773.09
202.22	13816.10
202.28	13858.55
202.33	13899.30
202.38	13938.16
202.44	13978.84
202.49	14022.75
202.54	14069.16
202.60	14117.65
202.65	14170.80
202.71	14217.88
202.76	14254.38
202.81	14296.25
202.87	14346.46
202.92	14391.78
202.98	14444.06
203.03	14504.12
203.08	14559.21
203.14	14611.26
203.19	14672.00
203.24	14727.07
203.30	14779.56
203.35	14830.33
203.41	14875.89
203.46	14918.50
203.51	14960.28
203.57	14999.64
203.62	15042.74
203.67	15095.31
203.73	15135.30
203.78	15178.18
203.84	15226.63
203.89	15268.17
203.94	15300.75
204.00	15337.32
204.05	15367.86
204.10	15384.88
204.16	15394.69
204.21	15398.79
204.27	15392.43
204.32	15369.01
204.37	15338.59
204.43	15284.42
204.48	15219.74
204.53	15161.97
204.59	15151.90
204.64	15210.99
204.69	15343.94
204.75	15513.49
204.80	15702.71
204.86	15856.26
204.91	15957.68
204.96	16009.67
205.02	16030.93
205.07	16051.47
205.12	16109.50
205.18	16197.43
205.23	16315.64
205.28	16463.21
205.34	16602.20
205.39	16719.86
205.45	16813.68
205.50	16890.17
205.55	16950.33
205.61	17009.25
205.66	17062.89
205.71	17127.55
205.77	17188.80
205.82	17253.36
205.87	17314.40
205.93	17376.46
205.98	17426.71
206.03	17471.47
206.09	17517.09
206.14	17565.88
206.20	17614.41
206.25	17662.23
206.30	17723.04
206.36	17780.59
206.41	17843.84
206.46	17898.18
206.52	17951.92
206.57	18004.83
206.62	18047.97
206.68	18093.12
206.73	18146.30
206.78	18205.48
206.84	18259.39
206.89	18317.76
206.94	18373.51
207.00	18442.25
207.05	18503.78
207.11	18567.29
207.16	18632.44
207.21	18698.40
207.27	18753.40
207.32	18808.65
207.37	18867.25
207.43	18917.73
207.48	18971.67
207.53	19026.07
207.59	19087.68
207.64	19142.75
207.69	19217.28
207.75	19279.75
207.80	19332.21
207.85	19382.39
207.91	19440.92
207.96	19491.76
208.01	19547.68
208.07	19611.00
208.12	19677.85
208.17	19731.00
208.23	19784.15
208.28	19834.26
208.33	19892.10
208.39	19950.86
208.44	20016.72
208.49	20077.99
208.55	20143.69
208.60	20199.94
208.65	20250.45
208.71	20304.34
208.76	20364.03
208.81	20423.37
208.87	20485.84
208.92	20544.21
208.97	20604.60
209.03	20660.55
209.08	20724.65
209.13	20785.44
209.19	20850.39
209.24	20906.55
209.29	20967.23
209.35	21015.17
209.40	21077.20
209.45	21136.84
209.51	21200.35
209.56	21266.58
209.61	21335.95
209.67	21397.12
209.72	21462.49
209.77	21520.94
209.83	21578.73
209.88	21647.53
209.93	21713.34
209.99	21774.57
210.04	21847.32
210.09	21918.20
210.15	21981.39
210.20	22038.64
210.25	22107.11
210.31	22170.48
210.36	22220.53
210.41	22272.48
210.46	22333.18
210.52	22381.32
210.57	22422.80
210.62	22482.95
210.68	22546.65
210.73	22604.75
210.78	22664.29
210.84	22736.34
210.89	22803.19
210.94	22858.11
211.00	22920.24
211.05	22977.66
211.10	23038.85
211.16	23097.20
211.21	23165.73
211.26	23228.59
211.32	23301.45
211.37	23362.07
211.42	23426.00
211.47	23492.27
211.53	23553.55
211.58	23612.89
211.63	23673.94
211.69	23729.51
211.74	23775.82
211.79	23831.57
211.85	23886.37
211.90	23947.35
211.95	24016.10
212.01	24087.00
212.06	24162.04
212.11	24239.28
212.16	24314.67
212.22	24390.28
212.27	24461.45
212.32	24527.90
212.38	24594.18
212.43	24657.26
212.48	24714.15
212.54	24776.37
212.59	24846.40
212.64	24910.32
212.69	24976.35
212.75	25049.63
212.80	25116.57
212.85	25181.03
212.91	25238.86
212.96	25298.47
213.01	25358.04
213.07	25420.36
213.12	25478.38
213.17	25545.91
213.22	25609.40
213.28	25669.21
213.33	25720.41
213.38	25773.32
213.44	25829.73
213.49	25898.68
213.54	25966.10
213.60	26049.02
213.65	26133.01
213.70	26214.45
213.75	26275.95
213.81	26333.12
213.86	26385.27
213.91	26426.95
213.97	26460.77
214.02	26490.61
214.07	26514.12
214.12	26534.69
214.18	26550.98
214.23	26572.39
214.28	26588.45
214.34	26590.91
214.39	26572.48
214.44	26529.81
214.49	26442.41
214.55	26327.01
214.60	26177.11
214.65	25996.32
214.71	25840.25
214.76	25794.92
214.81	25882.31
214.86	26110.80
214.92	26437.52
214.97	26790.30
215.02	27073.54
215.08	27255.09
215.13	27345.95
215.18	27354.37
215.23	27326.71
215.29	27324.73
215.34	27391.81
215.39	27518.18
215.45	27725.29
215.50	27977.64
215.55	28218.76
215.60	28409.52
215.66	28543.30
215.71	28640.69
215.76	28721.04
215.81	28786.86
215.87	28846.83
215.92	28912.24
215.97	28967.10
216.03	29020.29
216.08	29078.45
216.13	29137.63
216.18	29194.81
216.24	29260.65
216.29	29314.89
216.34	29369.35
216.39	29437.66
216.45	29505.79
216.50	29561.83
216.55	29626.49
216.61	29707.77
216.66	29761.51
216.71	29820.10
216.76	29888.43
216.82	29966.72
216.87	30024.68
216.92	30103.18
216.97	30171.81
217.03	30243.56
217.08	30312.35
217.13	30394.99
217.18	30471.85
217.24	30550.52
217.29	30620.18
217.34	30672.10
217.39	30712.65
217.45	30749.30
217.50	30798.30
217.55	30855.77
217.61	30929.41
217.66	30994.59
217.71	31067.92
217.76	31138.92
217.82	31212.25
217.87	31279.75
217.92	31354.07
217.97	31423.22
218.03	31484.88
218.08	31534.27
218.13	31581.34
218.18	31626.51
218.24	31697.69
218.29	31758.80
218.34	31828.37
218.39	31898.58
218.45	31970.05
218.50	32014.91
218.55	32076.64
218.60	32137.55
218.66	32187.27
218.71	32254.10
218.76	32324.94
218.81	32387.43
218.87	32449.49
218.92	32524.10
218.97	32591.26
219.02	32663.46
219.08	32730.44
219.13	32809.24
219.18	32874.90
219.23	32932.25
219.29	32990.78
219.34	33055.62
219.39	33115.22
219.44	33182.61
219.50	33256.41
219.55	33316.83
219.60	33381.65
219.65	33443.24
219.71	33510.69
219.76	33571.40
219.81	33632.34
219.86	33690.40
219.92	33744.30
219.97	33797.00
220.02	33846.88
220.07	33904.51
220.13	33967.85
220.18	34037.10
220.23	34105.58
220.28	34184.99
220.33	34257.79
220.39	34317.34
220.44	34370.81
220.49	34425.65
220.54	34471.17
220.60	34524.01
220.65	34588.42
220.70	34661.20
220.75	34736.59
220.81	34818.44
220.86	34901.03
220.91	34966.14
220.96	35032.38
221.02	35093.83
221.07	35161.98
221.12	35214.54
221.17	35278.71
221.22	35333.25
221.28	35393.95
221.33	35453.26
221.38	35520.56
221.43	35596.26
221.49	35667.87
221.54	35727.83
221.59	35798.79
221.64	35875.13
221.69	35958.08
221.75	36057.33
221.80	36161.93
221.85	36229.48
221.90	36296.22
221.96	36355.62
222.01	36387.84
222.06	36413.52
222.11	36466.57
222.17	36515.23
222.22	36543.28
222.27	36593.22
222.32	36645.47
222.37	36693.56
222.43	36753.42
222.48	36818.71
222.53	36886.22
222.58	36970.85
222.63	37051.18
222.69	37120.30
222.74	37199.63
222.79	37265.68
222.84	37306.10
222.90	37353.01
222.95	37403.58
223.00	37443.63
223.05	37503.32
223.10	37570.94
223.16	37628.17
223.21	37673.17
223.26	37722.32
223.31	37760.57
223.36	37797.47
223.42	37835.61
223.47	37873.73
223.52	37922.63
223.57	37969.17
223.63	38025.47
223.68	38078.62
223.73	38161.15
223.78	38235.94
223.83	38303.04
223.89	38354.95
223.94	38427.61
223.99	38477.79
224.04	38547.51
224.09	38626.63
224.15	38724.85
224.20	38806.66
224.25	38898.09
224.30	38976.67
224.35	39058.89
224.41	39151.22
224.46	39246.37
224.51	39330.99
224.56	39406.95
224.61	39489.08
224.67	39561.82
224.72	39630.63
224.77	39726.92
224.82	39829.30
224.87	39914.31
224.93	39993.94
224.98	40083.63
225.03	40166.94
225.08	40241.42
225.13	40318.43
225.19	40403.66
225.24	40488.72
225.29	40543.73
225.34	40614.98
225.39	40687.44
225.45	40751.71
225.50	40802.40
225.55	40866.01
225.60	40917.78
225.65	40964.96
225.71	40998.07
225.76	41030.39
225.81	41045.99
225.86	41043.42
225.91	41018.52
225.97	40978.57
226.02	40893.91
226.07	40785.45
226.12	40721.64
226.17	40743.29
226.22	40860.74
226.28	41089.82
226.33	41412.52
226.38	41716.01
226.43	41952.38
226.48	42105.64
226.54	42189.92
226.59	42220.17
226.64	42226.60
226.69	42218.78
226.74	42229.68
226.80	42288.24
226.85	42385.66
226.90	42518.86
226.95	42715.30
227.00	42913.97
227.05	43097.01
227.11	43243.82
227.16	43390.20
227.21	43490.30
227.26	43594.61
227.31	43673.68
227.37	43745.63
227.42	43811.58
227.47	43901.18
227.52	43967.11
227.57	44026.04
227.62	44107.31
227.68	44178.52
227.73	44247.84
227.78	44329.00
227.83	44421.61
227.88	44489.73
227.93	44568.96
227.99	44645.34
228.04	44720.78
228.09	44802.76
228.14	44881.44
228.19	44955.84
228.24	45016.70
228.30	45083.10
228.35	45140.25
228.40	45209.74
228.45	45271.49
228.50	45341.21
228.56	45407.03
228.61	45467.67
228.66	45523.32
228.71	45578.60
228.76	45619.12
228.81	45662.18
228.87	45704.92
228.92	45770.16
228.97	45832.75
229.02	45932.52
229.07	46017.78
229.12	46111.45
229.17	46178.03
229.23	46256.44
229.28	46323.18
229.33	46400.34
229.38	46467.71
229.43	46549.18
229.48	46627.29
229.54	46696.44
229.59	46756.23
229.64	46834.71
229.69	46916.00
229.74	47006.74
229.79	47074.43
229.85	47155.39
229.90	47227.40
229.95	47290.23
230.00	47338.34
230.05	47414.53
230.10	47484.31
230.16	47550.56
230.21	47610.66
230.26	47678.92
230.31	47725.45
230.36	47783.87
230.41	47845.37
230.46	47937.15
230.52	48023.37
230.57	48104.17
230.62	48189.60
230.67	48256.49
230.72	48298.51
230.77	48338.72
230.82	48394.45
230.88	48422.45
230.93	48465.24
230.98	48514.13
231.03	48574.92
231.08	48632.91
231.13	48690.19
231.19	48764.57
231.24	48840.18
231.29	48914.65
231.34	48982.60
231.39	49065.06
231.44	49130.35
231.49	49176.63
231.55	49215.91
231.60	49259.19
231.65	49311.59
231.70	49361.62
231.75	49414.92
231.80	49472.18
231.85	49533.14
231.91	49573.09
231.96	49620.77
232.01	49683.47
232.06	49744.53
232.11	49812.11
232.16	49894.10
232.21	49977.92
232.26	50064.81
232.32	50142.84
232.37	50215.15
232.42	50279.85
232.47	50328.16
232.52	50372.55
232.57	50431.01
232.62	50479.63
232.68	50536.98
232.73	50612.80
232.78	50685.63
232.83	50761.38
232.88	50839.38
232.93	50922.50
232.98	50990.05
233.03	51043.72
233.09	51095.80
233.14	51159.00
233.19	51207.05
233.24	51257.18
233.29	51317.02
233.34	51357.75
233.39	51381.43
233.45	51415.60
233.50	51452.85
233.55	51502.79
233.60	51570.47
233.65	51640.04
233.70	51705.24
233.75	51757.59
233.80	51804.18
233.86	51845.32
233.91	51887.47
233.96	51927.29
234.01	51982.73
234.06	52035.82
234.11	52098.03
234.16	52156.83
234.21	52214.86
234.26	52267.63
234.32	52309.69
234.37	52344.79
234.42	52379.80
234.47	52406.44
234.52	52433.49
234.57	52480.82
234.62	52517.51
234.67	52563.60
234.73	52622.08
234.78	52680.42
234.83	52711.32
234.88	52766.48
234.93	52801.12
234.98	52838.99
235.03	52883.47
235.08	52953.92
235.13	53003.87
235.19	53077.46
235.24	53147.53
235.29	53212.89
235.34	53268.72
235.39	53312.75
235.44	53353.14
235.49	53388.60
235.54	53414.30
235.59	53419.34
235.65	53444.11
235.70	53472.24
235.75	53502.15
235.80	53552.47
235.85	53614.00
235.90	53660.35
235.95	53695.46
236.00	53728.82
236.05	53751.06
236.11	53779.52
236.16	53810.60
236.21	53848.32
236.26	53885.25
236.31	53911.00
236.36	53937.63
236.41	53958.23
236.46	53963.91
236.51	53979.90
236.56	54012.10
236.62	54031.73
236.67	54064.29
236.72	54116.16
236.77	54146.24
236.82	54184.67
236.87	54214.04
236.92	54237.89
236.97	54269.57
237.02	54315.50
237.07	54366.06
237.13	54431.92
237.18	54499.99
237.23	54547.85
237.28	54597.06
237.33	54628.61
237.38	54646.95
237.43	54661.82
237.48	54665.72
237.53	54673.79
237.58	54705.31
237.63	54752.70
237.69	54797.13
237.74	54850.82
237.79	54889.35
237.84	54889.86
237.89	54886.30
237.94	54886.35
237.99	54904.57
238.04	54924.86
238.09	54951.82
238.14	54984.34
238.19	55014.20
238.25	55030.74
238.30	55030.49
238.35	55041.33
238.40	55041.34
238.45	55034.10
238.50	55040.57
238.55	55051.89
238.60	55075.15
238.65	55098.23
238.70	55117.26
238.75	55126.90
238.80	55162.65
238.86	55172.21
238.91	55187.42
238.96	55225.54
239.01	55260.63
239.06	55282.27
239.11	55305.85
239.16	55327.52
239.21	55330.17
239.26	55323.57
239.31	55333.35
239.36	55347.77
239.41	55366.68
239.46	55394.34
239.52	55431.87
239.57	55456.84
239.62	55475.18
239.67	55499.16
239.72	55519.16
239.77	55532.94
239.82	55545.05
239.87	55557.40
239.92	55554.83
239.97	55546.25
240.02	55525.48
240.07	55514.47
240.12	55510.58
240.17	55517.53
240.23	55523.53
240.28	55538.82
240.33	55551.16
240.38	55542.74
240.43	55540.15
240.48	55557.10
240.53	55577.50
240.58	55593.04
240.63	55635.14
240.68	55644.97
240.73	55635.21
240.78	55630.73
240.83	55626.35
240.88	55598.87
240.93	55591.92
240.98	55588.24
241.04	55603.38
241.09	55615.46
241.14	55641.46
241.19	55678.50
241.24	55715.46
241.29	55735.18
241.34	55749.80
241.39	55764.41
241.44	55769.56
241.49	55777.47
241.54	55768.44
241.59	55763.86
241.64	55768.70
241.69	55759.87
241.74	55747.00
241.79	55744.01
241.84	55731.20
241.90	55710.66
241.95	55682.65
242.00	55659.77
242.05	55628.97
242.10	55615.89
242.15	55593.25
242.20	55588.33
242.25	55584.52
242.30	55582.96
242.35	55580.57
242.40	55583.54
242.45	55580.99
242.50	55570.97
242.55	55563.26
242.60	55554.04
242.65	55554.05
242.70	55564.18
242.75	55589.27
242.80	55641.21
242.85	55679.39
242.91	55692.62
242.96	55682.68
243.01	55662.07
243.06	55627.06
243.11	55586.15
243.16	55565.94
243.21	55575.14
243.26	55586.35
243.31	55592.05
243.36	55612.16
243.41	55621.14
243.46	55610.76
243.51	55575.32
243.56	55519.62
243.61	55458.79
243.66	55423.50
243.71	55391.03
243.76	55388.29
243.81	55413.80
243.86	55420.28
243.91	55418.59
243.96	55419.55
244.01	55399.23
244.06	55365.63
244.12	55357.50
244.17	55334.37
244.22	55327.14
244.27	55354.83
244.32	55384.53
244.37	55405.73
244.42	55422.20
244.47	55418.86
244.52	55383.57
244.57	55349.30
244.62	55316.97
244.67	55294.37
244.72	55273.82
244.77	55267.25
244.82	55281.15
244.87	55310.24
244.92	55335.68
244.97	55350.08
245.02	55357.73
245.07	55332.83
245.12	55306.72
245.17	55285.07
245.22	55290.62
245.27	55278.25
245.32	55249.45
245.37	55214.00
245.42	55167.29
245.47	55109.28
245.52	55068.43
245.57	55058.04
245.62	55036.91
245.67	55030.64
245.72	55026.64
245.77	55007.28
245.82	54991.56
245.87	54999.45
245.92	55001.06
245.98	54988.34
246.03	54995.60
246.08	55002.37
246.13	54996.11
246.18	54996.34
246.23	54995.80
246.28	54983.11
246.33	54971.40
246.38	54944.30
246.43	54916.31
246.48	54903.17
246.53	54906.70
246.58	54915.50
246.63	54919.72
246.68	54909.26
246.73	54885.52
246.78	54846.77
246.83	54784.31
246.88	54724.65
246.93	54678.34
246.98	54637.34
247.03	54609.22
247.08	54591.23
247.13	54589.89
247.18	54586.74
247.23	54602.11
247.28	54608.81
247.33	54596.19
247.38	54578.05
247.43	54559.98
247.48	54538.81
247.53	54508.83
247.58	54476.33
247.63	54445.71
247.68	54400.78
247.73	54344.32
247.78	54303.98
247.83	54277.55
247.88	54251.90
247.93	54247.17
247.98	54249.99
248.03	54252.72
248.08	54271.49
248.13	54268.67
248.18	54257.17
248.23	54241.90
248.28	54216.46
248.33	54171.74
248.38	54138.55
248.43	54112.85
248.48	54094.34
248.53	54076.50
248.58	54056.55
248.63	54052.23
248.68	54032.98
248.73	54003.67
248.78	53970.30
248.83	53926.16
248.88	53859.81
248.93	53793.04
248.98	53713.00
249.03	53667.36
249.08	53639.39
249.13	53629.53
249.18	53624.00
249.23	53642.69
249.28	53637.40
249.33	53635.27
249.38	53625.08
249.43	53610.96
249.48	53591.53
249.53	53573.54
249.58	53551.75
249.63	53529.54
249.68	53514.50
249.73	53486.51
249.78	53459.45
249.83	53449.88
249.88	53425.84
249.93	53406.80
249.98	53396.00
250.03	53390.67
250.08	53365.29
250.13	53356.98
250.18	53330.60
250.23	53291.74
250.28	53240.28
250.33	53191.58
250.37	53144.24
250.42	53102.85
250.47	53078.63
250.52	53066.37
250.57	53043.06
250.62	53009.65
250.67	52988.33
250.72	52968.98
250.77	52927.34
250.82	52906.38
250.87	52904.99
250.92	52895.22
250.97	52867.82
251.02	52865.28
251.07	52867.20
251.12	52848.34
251.17	52818.52
251.22	52783.99
251.27	52740.25
251.32	52681.85
251.37	52628.62
251.42	52567.89
251.47	52538.79
251.52	52517.99
251.57	52511.71
251.62	52499.86
251.67	52493.53
251.72	52468.80
251.77	52428.53
251.82	52379.50
251.87	52335.81
251.92	52298.88
251.97	52249.80
252.02	52209.49
252.07	52181.40
252.12	52161.07
252.16	52148.41
252.21	52143.55
252.26	52152.33
252.31	52152.21
252.36	52146.47
252.41	52125.12
252.46	52097.74
252.51	52065.31
252.56	52030.50
252.61	51987.85
252.66	51959.43
252.71	51943.62
252.76	51914.40
252.81	51868.41
252.86	51815.42
252.91	51766.80
252.96	51701.07
253.01	51628.76
253.06	51571.08
253.11	51528.49
253.16	51492.61
253.21	51443.02
253.26	51414.29
253.31	51379.16
253.36	51356.61
253.40	51319.12
253.45	51311.82
253.50	51266.04
253.55	51236.20
253.60	51187.49
253.65	51150.25
253.70	51120.85
253.75	51112.39
253.80	51100.01
253.85	51101.88
253.90	51094.55
253.95	51081.86
254.00	51073.57
254.05	51057.69
254.10	51017.20
254.15	50985.79
254.20	50951.08
254.25	50915.06
254.30	50874.81
254.35	50836.87
254.39	50768.83
254.44	50689.40
254.49	50617.68
254.54	50600.19
254.59	50570.18
254.64	50568.16
254.69	50573.29
254.74	50566.92
254.79	50520.44
254.84	50487.17
254.89	50464.83
254.94	50442.08
254.99	50431.89
255.04	50415.25
255.09	50410.25
255.14	50379.96
255.19	50365.75
255.23	50353.02
255.28	50340.34
255.33	50327.09
255.38	50323.17
255.43	50307.19
255.48	50271.46
255.53	50232.51
255.58	50202.46
255.63	50167.66
255.68	50114.08
255.73	50074.20
255.78	50040.52
255.83	50008.24
255.88	49983.91
255.93	49958.77
255.97	49937.17
256.02	49909.97
256.07	49871.12
256.12	49795.02
256.17	49746.37
256.22	49694.22
256.27	49636.34
256.32	49587.19
256.37	49572.94
256.42	49555.40
256.47	49529.71
256.52	49511.06
256.57	49487.07
256.62	49469.33
256.66	49447.53
256.71	49421.26
256.76	49378.78
256.81	49335.21
256.86	49280.32
256.91	49232.24
256.96	49191.54
257.01	49164.94
257.06	49140.34
257.11	49106.87
257.16	49062.66
257.21	49019.61
257.26	48986.45
257.30	48945.15
257.35	48905.36
257.40	48881.99
257.45	48867.11
257.50	48832.29
257.55	48797.47
257.60	48773.54
257.65	48743.30
257.70	48701.93
257.75	48669.79
257.80	48650.72
257.85	48621.06
257.89	48576.60
257.94	48519.21
257.99	48453.93
258.04	48388.17
258.09	48348.00
258.14	48311.89
258.19	48299.09
258.24	48279.06
258.29	48244.81
258.34	48201.05
258.39	48159.63
258.44	48097.85
258.48	48046.55
258.53	48013.78
258.58	47971.72
258.63	47917.55
258.68	47877.18
258.73	47849.74
258.78	47807.04
258.83	47765.87
258.88	47729.58
258.93	47699.18
258.97	47667.17
259.02	47630.50
259.07	47602.86
259.12	47590.65
259.17	47574.04
259.22	47552.34
259.27	47532.28
259.32	47510.79
259.37	47464.51
259.42	47420.71
259.47	47379.53
259.51	47332.29
259.56	47277.54
259.61	47219.87
259.66	47142.14
259.71	47060.53
259.76	46997.31
259.81	46934.16
259.86	46895.13
259.91	46857.96
259.95	46838.10
260.00	46813.01
260.05	46798.76
260.10	46777.71
260.15	46771.64
260.20	46754.68
260.25	46746.37
260.30	46727.08
260.35	46696.15
260.40	46655.54
260.44	46629.03
260.49	46608.69
260.54	46573.82
260.59	46555.15
260.64	46551.37
260.69	46537.81
260.74	46496.46
260.79	46458.88
260.84	46408.76
260.88	46353.23
260.93	46281.27
260.98	46240.20
261.03	46198.92
261.08	46166.55
261.13	46133.15
261.18	46101.12
261.23	46045.59
261.28	46008.56
261.32	45967.95
261.37	45917.85
261.42	45881.25
261.47	45861.61
261.52	45814.17
261.57	45769.61
261.62	45727.45
261.67	45670.32
261.71	45595.11
261.76	45550.27
261.81	45500.41
261.86	45448.44
261.91	45408.92
261.96	45376.35
262.01	45341.59
262.06	45314.40
262.10	45299.55
262.15	45276.08
262.20	45262.09
262.25	45232.07
262.30	45215.17
262.35	45186.91
262.40	45161.50
262.45	45127.52
262.49	45103.91
262.54	45070.25
262.59	45040.28
262.64	45012.88
262.69	44980.00
262.74	44935.77
262.79	44878.98
262.84	44833.88
262.88	44786.35
262.93	44739.55
262.98	44697.71
263.03	44655.81
263.08	44606.30
263.13	44533.11
263.18	44463.61
263.23	44403.13
263.27	44354.05
263.32	44317.81
263.37	44301.07
263.42	44291.91
263.47	44266.71
263.52	44248.43
263.57	44205.83
263.61	44174.55
263.66	44127.12
263.71	44092.35
263.76	44056.37
263.81	44019.37
263.86	43984.58
263.91	43950.25
263.95	43885.69
264.00	43818.00
264.05	43766.93
264.10	43698.38
264.15	43620.85
264.20	43588.82
264.25	43546.80
264.29	43503.96
264.34	43457.54
264.39	43430.37
264.44	43377.95
264.49	43329.30
264.54	43281.57
264.59	43242.13
264.63	43197.69
264.68	43149.52
264.73	43105.13
264.78	43051.56
264.83	42998.59
264.88	42956.05
264.93	42930.55
264.97	42906.18
265.02	42883.67
265.07	42869.31
265.12	42828.97
265.17	42781.85
265.22	42736.47
265.27	42687.30
265.31	42621.52
265.36	42558.85
265.41	42498.72
265.46	42433.47
265.51	42356.81
265.56	42289.24
265.60	42245.44
265.65	42182.61
265.70	42126.95
265.75	42084.76
265.80	42030.81
265.85	41969.94
265.90	41922.10
265.94	41868.15
265.99	41808.03
266.04	41763.28
266.09	41723.16
266.14	41686.90
266.19	41650.60
266.23	41616.94
266.28	41573.07
266.33	41535.80
266.38	41503.59
266.43	41477.61
266.48	41458.68
266.52	41436.20
266.57	41401.75
266.62	41361.87
266.67	41308.09
266.72	41251.77
266.77	41221.93
266.81	41189.04
266.86	41158.97
266.91	41135.32
266.96	41102.60
267.01	41061.93
267.06	41010.61
267.10	40955.45
267.15	40909.90
267.20	40873.78
267.25	40834.48
267.30	40804.75
267.35	40773.68
267.39	40728.52
267.44	40687.96
267.49	40637.31
267.54	40586.43
267.59	40533.60
267.64	40481.92
267.68	40423.01
267.73	40371.13
267.78	40328.11
267.83	40307.90
267.88	40295.23
267.93	40288.87
267.97	40278.18
268.02	40246.24
268.07	40195.11
268.12	40129.91
268.17	40065.55
268.21	40013.36
268.26	39964.76
268.31	39919.45
268.36	39884.77
268.41	39837.74
268.46	39784.68
268.50	39746.71
268.55	39699.60
268.60	39638.08
268.65	39572.58
268.70	39501.71
268.74	39429.67
268.79	39357.38
268.84	39303.58
268.89	39267.85
268.94	39237.11
268.99	39199.67
269.03	39159.18
269.08	39109.15
269.13	39033.44
269.18	38950.40
269.23	38853.46
269.27	38747.82
269.32	38619.45
269.37	38501.68
269.42	38367.60
269.47	38230.90
269.51	38088.02
269.56	37955.75
269.61	37810.79
269.66	37660.28
269.71	37501.52
269.76	37355.94
269.80	37199.84
269.85	37052.13
269.90	36909.95
269.95	36769.80
270.00	36610.82
270.04	36468.87
270.09	36321.20
270.14	36177.15
270.19	36042.13
270.24	35911.01
270.28	35752.79
270.33	35587.29
270.38	35411.19
270.43	35231.57
270.48	35050.39
270.52	34888.42
270.57	34725.57
270.62	34564.92
270.67	34404.94
270.72	34246.80
270.76	34074.05
270.81	33904.97
270.86	33733.09
270.91	33561.46
270.96	33394.39
271.00	33234.84
271.05	33084.39
271.10	32949.19
271.15	32820.29
271.20	32698.88
271.24	32566.96
271.29	32429.33
271.34	32280.22
271.39	32124.91
271.44	31968.36
271.48	31832.02
271.53	31683.86
271.58	31539.55
271.63	31391.90
271.67	31246.82
271.72	31096.46
271.77	30947.57
271.82	30812.08
271.87	30672.51
271.91	30519.75
271.96	30374.94
272.01	30242.26
272.06	30100.95
272.11	29984.10
272.15	29879.03
272.20	29774.08
272.25	29677.67
272.30	29577.48
272.35	29466.51
272.39	29356.52
272.44	29233.56
272.49	29100.22
272.54	28963.20
272.58	28813.81
272.63	28662.66
272.68	28510.79
272.73	28343.81
272.78	28170.69
272.82	27972.78
272.87	27747.95
272.92	27461.05
272.97	26935.87
273.01	23969.33
273.06	19008.17
273.11	13536.83
273.16	8165.82
273.21	3075.81
273.25	464.71
273.30	-88.66
273.35	-89.58
