165.32	3375.00
165.38	-245.60
165.44	595.02
165.50	-77.77
165.55	-20.92
165.61	0.04
165.67	26.08
165.72	34.21
165.78	38.72
165.84	36.96
165.89	33.88
165.95	32.76
166.01	32.36
166.06	34.11
166.12	36.98
166.18	35.27
166.23	37.24
166.29	36.67
166.35	33.07
166.40	31.83
166.46	38.52
166.52	40.84
166.57	41.36
166.63	42.21
166.69	44.98
166.74	38.68
166.80	39.10
166.86	41.55
166.91	42.11
166.97	36.24
167.03	38.98
167.08	33.12
167.14	31.92
167.20	29.83
167.25	42.27
167.31	42.64
167.37	48.27
167.42	49.82
167.48	56.14
167.54	50.86
167.59	49.87
167.65	45.43
167.71	45.51
167.76	44.10
167.82	39.57
167.88	39.56
167.93	47.15
167.99	45.80
168.05	48.30
168.10	56.05
168.16	55.42
168.21	53.55
168.27	58.25
168.33	59.93
168.38	52.54
168.44	57.10
168.50	55.36
168.55	53.59
168.61	54.18
168.67	56.53
168.72	53.84
168.78	54.08
168.84	49.88
168.89	48.59
168.95	49.05
169.01	49.11
169.06	49.01
169.12	48.97
169.18	46.92
169.23	47.09
169.29	50.94
169.34	54.88
169.40	57.55
169.46	61.82
169.51	63.77
169.57	59.30
169.63	55.59
169.68	60.16
169.74	56.92
169.80	63.00
169.85	64.74
169.91	68.76
169.97	64.72
170.02	64.36
170.08	62.76
170.13	62.97
170.19	62.72
170.25	64.22
170.30	68.19
170.36	60.33
170.42	62.33
170.47	63.42
170.53	65.64
170.59	62.98
170.64	66.56
170.70	64.59
170.76	61.88
170.81	62.73
170.87	62.03
170.92	63.25
170.98	66.22
171.04	68.60
171.09	64.42
171.15	71.67
171.21	72.09
171.26	69.54
171.32	67.21
171.37	71.21
171.43	65.91
171.49	70.49
171.54	73.15
171.60	74.72
171.66	76.62
171.71	76.84
171.77	74.47
171.83	80.15
171.88	79.47
171.94	78.35
171.99	83.01
172.05	81.82
172.11	83.07
172.16	91.05
172.22	92.04
172.28	92.37
172.33	90.44
172.39	87.45
172.44	84.40
172.50	89.19
172.56	88.35
172.61	96.64
172.67	96.18
172.72	95.87
172.78	91.21
172.84	86.21
172.89	79.95
172.95	79.28
173.01	80.84
173.06	79.58
173.12	85.95
173.17	87.04
173.23	86.79
173.29	86.60
173.34	87.88
173.40	82.00
173.46	82.30
173.51	84.87
173.57	85.13
173.62	80.20
173.68	86.87
173.74	85.85
173.79	87.19
173.85	83.80
173.90	86.19
173.96	82.77
174.02	80.18
174.07	71.85
174.13	71.45
174.18	73.51
174.24	66.63
174.30	66.72
174.35	72.15
174.41	69.05
174.47	62.95
174.52	64.11
174.58	63.24
174.63	58.56
174.69	57.78
174.75	59.93
174.80	71.11
174.86	68.61
174.91	69.77
174.97	69.53
175.03	66.56
175.08	54.08
175.14	60.66
175.19	56.74
175.25	57.47
175.31	62.44
175.36	64.07
175.42	60.85
175.47	65.64
175.53	65.62
175.59	61.97
175.64	63.61
175.70	62.03
175.75	56.65
175.81	55.54
175.87	56.44
175.92	52.48
175.98	54.09
176.03	54.96
176.09	54.93
176.15	55.01
176.20	56.18
176.26	55.47
176.31	58.24
176.37	56.10
176.42	57.36
176.48	60.66
176.54	58.54
176.59	55.83
176.65	58.48
176.70	59.95
176.76	59.40
176.82	57.81
176.87	54.60
176.93	54.28
176.98	52.56
177.04	47.49
177.10	52.22
177.15	54.26
177.21	55.07
177.26	53.93
177.32	57.81
177.37	59.03
177.43	62.42
177.49	59.16
177.54	56.68
177.60	57.08
177.65	57.53
177.71	52.35
177.77	55.75
177.82	57.62
177.88	61.07
177.93	56.43
177.99	62.48
178.04	57.58
178.10	58.17
178.16	52.08
178.21	53.00
178.27	50.52
178.32	54.73
178.38	53.81
178.43	55.08
178.49	55.00
178.55	54.13
178.60	52.86
178.66	52.11
178.71	53.93
178.77	52.38
178.82	53.09
178.88	52.93
178.94	53.21
178.99	54.16
179.05	58.31
179.10	54.50
179.16	57.30
179.21	59.83
179.27	58.58
179.33	53.89
179.38	57.73
179.44	55.69
179.49	55.61
179.55	53.66
179.60	54.17
179.66	53.47
179.72	56.02
179.77	53.27
179.83	52.01
179.88	53.72
179.94	54.62
179.99	51.08
180.05	51.66
180.11	52.71
180.16	55.21
180.22	57.92
180.27	62.62
180.33	63.63
180.38	68.06
180.44	63.91
180.49	63.36
180.55	60.76
180.61	64.68
180.66	59.08
180.72	56.77
180.77	54.66
180.83	54.93
180.88	51.62
180.94	51.17
180.99	55.33
181.05	55.74
181.11	56.27
181.16	57.17
181.22	58.94
181.27	60.75
181.33	59.51
181.38	56.83
181.44	57.54
181.49	62.33
181.55	63.43
181.61	69.70
181.66	72.58
181.72	70.80
181.77	67.93
181.83	65.84
181.88	71.00
181.94	72.46
181.99	77.43
182.05	77.96
182.11	78.78
182.16	69.77
182.22	68.07
182.27	63.97
182.33	66.95
182.38	66.95
182.44	72.04
182.49	74.15
182.55	76.00
182.60	75.71
182.66	78.39
182.72	80.56
182.77	83.36
182.83	86.94
182.88	90.18
182.94	91.74
182.99	89.29
183.05	87.51
183.10	89.39
183.16	88.67
183.21	90.58
183.27	98.42
183.32	103.67
183.38	107.63
183.44	115.72
183.49	121.62
183.55	124.56
183.60	132.77
183.66	141.25
183.71	151.75
183.77	161.81
183.82	172.80
183.88	184.79
183.93	197.76
183.99	213.27
184.04	230.98
184.10	244.42
184.15	257.89
184.21	271.94
184.27	274.27
184.32	274.57
184.38	271.47
184.43	265.50
184.49	246.33
184.54	225.39
184.60	213.09
184.65	197.00
184.71	186.17
184.76	187.85
184.82	206.53
184.87	225.25
184.93	253.16
184.98	283.72
185.04	318.03
185.09	346.44
185.15	375.23
185.20	410.09
185.26	447.13
185.31	477.53
185.37	507.10
185.43	528.75
185.48	549.12
185.54	573.07
185.59	600.76
185.65	627.09
185.70	670.30
185.76	717.57
185.81	753.50
185.87	790.96
185.92	837.63
185.98	874.14
186.03	892.61
186.09	893.89
186.14	868.51
186.20	809.57
186.25	717.13
186.31	624.04
186.36	551.69
186.42	518.62
186.47	528.78
186.53	578.87
186.58	651.49
186.64	730.81
186.69	806.23
186.75	868.05
186.80	928.55
186.86	988.61
186.91	1047.76
186.97	1101.49
187.02	1169.73
187.08	1232.43
187.13	1281.15
187.19	1333.43
187.24	1385.67
187.30	1414.33
187.35	1442.96
187.41	1485.25
187.47	1524.73
187.52	1562.86
187.58	1621.22
187.63	1700.51
187.69	1786.75
187.74	1864.20
187.80	1930.52
187.85	1981.64
187.91	2002.72
187.96	1989.32
188.02	1933.24
188.07	1840.27
188.13	1702.20
188.18	1553.45
188.24	1444.04
188.29	1395.56
188.35	1411.31
188.40	1493.86
188.46	1624.75
188.51	1755.04
188.57	1887.89
188.62	2015.07
188.67	2135.16
188.73	2248.25
188.78	2356.19
188.84	2460.51
188.89	2567.14
188.95	2675.33
189.00	2767.67
189.06	2866.51
189.11	2961.03
189.17	3040.98
189.22	3114.64
189.28	3203.06
189.33	3282.91
189.39	3347.93
189.44	3417.54
189.50	3492.13
189.55	3562.71
189.61	3612.84
189.66	3673.88
189.72	3731.97
189.77	3782.60
189.83	3808.79
189.88	3816.12
189.94	3779.78
189.99	3693.21
190.05	3531.11
190.10	3300.76
190.16	3037.55
190.21	2804.81
190.27	2648.09
190.32	2596.08
190.38	2645.75
190.43	2775.31
190.49	2931.55
190.54	3061.91
190.60	3167.83
190.65	3250.44
190.71	3320.44
190.76	3382.89
190.81	3452.73
190.87	3539.25
190.92	3662.68
190.98	3806.94
191.03	3964.03
191.09	4127.78
191.14	4268.14
191.20	4373.35
191.25	4475.67
191.31	4580.24
191.36	4696.80
191.42	4832.64
191.47	4989.76
191.53	5142.22
191.58	5272.61
191.64	5374.05
191.69	5454.20
191.75	5506.29
191.80	5542.62
191.85	5564.22
191.91	5585.64
191.96	5607.74
192.02	5637.02
192.07	5649.99
192.13	5644.62
192.18	5592.93
192.24	5473.60
192.29	5275.66
192.35	5047.95
192.40	4858.38
192.46	4751.62
192.51	4750.42
192.57	4850.69
192.62	5031.09
192.67	5220.44
192.73	5399.83
192.78	5563.57
192.84	5714.30
192.89	5849.34
192.95	5978.82
193.00	6093.50
193.06	6200.91
193.11	6309.61
193.17	6403.06
193.22	6492.21
193.28	6584.71
193.33	6664.87
193.38	6731.93
193.44	6801.63
193.49	6873.49
193.55	6934.30
193.60	6990.76
193.66	7046.82
193.71	7091.57
193.77	7117.26
193.82	7135.74
193.88	7154.69
193.93	7177.33
193.98	7203.65
194.04	7242.47
194.09	7288.63
194.15	7339.98
194.20	7386.02
194.26	7427.59
194.31	7466.83
194.37	7490.31
194.42	7491.39
194.47	7475.66
194.53	7429.69
194.58	7336.22
194.64	7223.71
194.69	7125.70
194.75	7055.25
194.80	7036.00
194.86	7077.55
194.91	7170.29
194.97	7275.46
195.02	7380.85
195.07	7483.78
195.13	7584.30
195.18	7683.50
195.24	7778.23
195.29	7870.55
195.35	7947.13
195.40	8026.26
195.46	8088.55
195.51	8167.87
195.56	8255.51
195.62	8354.35
195.67	8441.77
195.73	8534.04
195.78	8600.91
195.84	8650.03
195.89	8679.49
195.94	8713.00
196.00	8746.53
196.05	8790.60
196.11	8848.81
196.16	8917.53
196.22	8986.92
196.27	9055.74
196.32	9119.31
196.38	9172.88
196.43	9227.60
196.49	9268.80
196.54	9310.25
196.60	9349.01
196.65	9393.55
196.71	9431.15
196.76	9474.68
196.81	9512.37
196.87	9547.62
196.92	9573.29
196.98	9591.57
197.03	9601.89
197.09	9591.76
197.14	9587.92
197.19	9590.23
197.25	9606.44
197.30	9632.76
197.36	9693.17
197.41	9753.19
197.47	9813.76
197.52	9874.07
197.57	9941.72
197.63	9993.73
197.68	10047.22
197.74	10100.44
197.79	10148.22
197.84	10190.72
197.90	10240.05
197.95	10284.26
198.01	10325.86
198.06	10369.81
198.12	10411.10
198.17	10443.61
198.22	10477.23
198.28	10512.09
198.33	10549.37
198.39	10588.47
198.44	10637.56
198.49	10688.75
198.55	10733.52
198.60	10778.05
198.66	10825.82
198.71	10880.53
198.77	10930.08
198.82	10986.70
198.87	11039.25
198.93	11090.10
198.98	11126.97
199.04	11170.88
199.09	11212.17
199.14	11256.57
199.20	11292.90
199.25	11331.44
199.31	11374.25
199.36	11416.88
199.42	11463.23
199.47	11511.94
199.52	11558.30
199.58	11599.87
199.63	11631.91
199.69	11661.86
199.74	11692.66
199.79	11716.85
199.85	11746.02
199.90	11786.22
199.96	11824.48
200.01	11868.00
200.06	11919.03
200.12	11966.64
200.17	12016.53
200.23	12068.37
200.28	12114.69
200.33	12166.89
200.39	12210.41
200.44	12250.77
200.50	12295.14
200.55	12332.41
200.60	12368.29
200.66	12406.43
200.71	12444.93
200.77	12486.02
200.82	12527.99
200.87	12566.79
200.93	12610.22
200.98	12650.76
201.04	12683.71
201.09	12731.78
201.14	12785.70
201.20	12835.98
201.25	12892.28
201.31	12948.23
201.36	13004.16
201.41	13057.14
201.47	13115.87
201.52	13168.17
201.58	13227.36
201.63	13274.92
201.68	13318.02
201.74	13363.34
201.79	13413.74
201.84	13467.96
201.90	13513.23
201.95	13569.21
202.01	13620.34
202.06	13671.26
202.11	13709.99
202.17	13761.48
202.22	13806.38
202.28	13849.14
202.33	13885.61
202.38	13923.46
202.44	13965.04
202.49	14005.76
202.54	14052.44
202.60	14101.17
202.65	14151.03
202.71	14200.57
202.76	14244.99
202.81	14284.79
202.87	14335.49
202.92	14387.34
202.98	14435.80
203.03	14489.95
203.08	14549.85
203.14	14600.85
203.19	14654.48
203.24	14712.72
203.30	14769.34
203.35	14818.42
203.41	14859.61
203.46	14902.43
203.51	14944.25
203.57	14984.61
203.62	15031.23
203.67	15087.82
203.73	15126.97
203.78	15170.20
203.84	15216.18
203.89	15249.52
203.94	15279.05
204.00	15322.13
204.05	15353.26
204.10	15371.47
204.16	15383.48
204.21	15392.13
204.27	15383.62
204.32	15361.24
204.37	15326.47
204.43	15278.91
204.48	15213.74
204.53	15149.17
204.59	15134.51
204.64	15193.83
204.69	15318.37
204.75	15489.66
204.80	15687.25
204.86	15843.14
204.91	15942.75
204.96	15993.12
205.02	16008.55
205.07	16025.99
205.12	16082.76
205.18	16175.37
205.23	16296.27
205.28	16445.48
205.34	16586.55
205.39	16704.83
205.45	16796.66
205.50	16872.29
205.55	16937.52
205.61	17000.37
205.66	17056.16
205.71	17122.10
205.77	17180.35
205.82	17240.29
205.87	17296.49
205.93	17349.20
205.98	17399.84
206.03	17446.45
206.09	17490.04
206.14	17538.91
206.20	17589.04
206.25	17635.51
206.30	17700.59
206.36	17760.58
206.41	17820.30
206.46	17884.39
206.52	17934.82
206.57	17984.46
206.62	18031.06
206.68	18073.46
206.73	18117.75
206.78	18173.62
206.84	18224.53
206.89	18277.92
206.94	18343.94
207.00	18415.61
207.05	18482.36
207.11	18552.63
207.16	18620.08
207.21	18679.49
207.27	18729.76
207.32	18784.66
207.37	18839.05
207.43	18892.82
207.48	18944.88
207.53	19001.87
207.59	19060.23
207.64	19114.21
207.69	19185.49
207.75	19254.42
207.80	19313.03
207.85	19370.25
207.91	19430.51
207.96	19483.86
208.01	19539.51
208.07	19600.19
208.12	19664.89
208.17	19715.81
208.23	19760.27
208.28	19813.29
208.33	19869.38
208.39	19924.71
208.44	19997.90
208.49	20067.24
208.55	20128.11
208.60	20182.86
208.65	20236.16
208.71	20283.28
208.76	20334.60
208.81	20391.92
208.87	20451.65
208.92	20509.80
208.97	20572.20
209.03	20635.67
209.08	20696.34
209.13	20765.42
209.19	20830.51
209.24	20884.31
209.29	20944.51
209.35	20998.71
209.40	21057.07
209.45	21119.47
209.51	21188.23
209.56	21250.16
209.61	21319.89
209.67	21383.30
209.72	21445.28
209.77	21501.93
209.83	21563.49
209.88	21628.54
209.93	21690.71
209.99	21749.80
210.04	21821.83
210.09	21885.84
210.15	21943.40
210.20	22006.09
210.25	22070.03
210.31	22130.83
210.36	22185.53
210.41	22239.37
210.46	22295.35
210.52	22353.97
210.57	22405.35
210.62	22468.32
210.68	22534.39
210.73	22583.93
210.78	22643.21
210.84	22703.49
210.89	22765.91
210.94	22822.84
211.00	22886.12
211.05	22935.09
211.10	22997.58
211.16	23050.73
211.21	23114.69
211.26	23185.63
211.32	23265.49
211.37	23331.49
211.42	23402.66
211.47	23468.77
211.53	23527.88
211.58	23580.40
211.63	23634.54
211.69	23690.94
211.74	23743.21
211.79	23796.76
211.85	23857.38
211.90	23921.52
211.95	23990.04
212.01	24061.22
212.06	24135.95
212.11	24208.62
212.16	24283.60
212.22	24358.83
212.27	24422.04
212.32	24491.44
212.38	24562.64
212.43	24625.95
212.48	24683.45
212.54	24755.83
212.59	24826.16
212.64	24889.97
212.69	24957.79
212.75	25026.86
212.80	25085.64
212.85	25146.14
212.91	25196.44
212.96	25252.00
213.01	25314.80
213.07	25380.67
213.12	25445.57
213.17	25517.25
213.22	25582.92
213.28	25641.62
213.33	25692.43
213.38	25741.77
213.44	25800.60
213.49	25867.18
213.54	25937.84
213.60	26017.23
213.65	26096.55
213.70	26174.49
213.75	26235.14
213.81	26290.61
213.86	26345.75
213.91	26386.28
213.97	26422.78
214.02	26455.90
214.07	26479.79
214.12	26499.30
214.18	26523.39
214.23	26542.04
214.28	26556.23
214.34	26557.96
214.39	26544.87
214.44	26498.09
214.49	26415.13
214.55	26300.92
214.60	26145.38
214.65	25963.66
214.71	25808.03
214.76	25763.47
214.81	25855.87
214.86	26090.62
214.92	26418.20
214.97	26775.44
215.02	27057.94
215.08	27239.27
215.13	27325.43
215.18	27335.16
215.23	27308.73
215.29	27301.29
215.34	27367.66
215.39	27500.97
215.45	27701.80
215.50	27949.77
215.55	28196.62
215.60	28386.38
215.66	28516.42
215.71	28613.90
215.76	28689.87
215.81	28750.12
215.87	28807.58
215.92	28873.71
215.97	28933.57
216.03	28993.59
216.08	29056.66
216.13	29120.98
216.18	29178.68
216.24	29240.73
216.29	29290.52
216.34	29341.74
216.39	29404.63
216.45	29472.07
216.50	29533.08
216.55	29604.24
216.61	29672.24
216.66	29722.30
216.71	29782.04
216.76	29844.60
216.82	29916.73
216.87	29987.88
216.92	30069.43
216.97	30130.94
217.03	30205.07
217.08	30275.41
217.13	30356.97
217.18	30429.86
217.24	30505.05
217.29	30570.46
217.34	30616.72
217.39	30656.70
217.45	30703.93
217.50	30759.21
217.55	30822.78
217.61	30898.34
217.66	30965.83
217.71	31027.96
217.76	31105.15
217.82	31182.72
217.87	31251.96
217.92	31328.65
217.97	31400.81
218.03	31457.07
218.08	31493.71
218.13	31544.26
218.18	31589.75
218.24	31657.78
218.29	31723.76
218.34	31792.75
218.39	31854.13
218.45	31921.92
218.50	31972.11
218.55	32030.96
218.60	32098.37
218.66	32157.71
218.71	32223.50
218.76	32291.04
218.81	32355.37
218.87	32421.82
218.92	32484.65
218.97	32552.95
219.02	32624.02
219.08	32694.35
219.13	32761.66
219.18	32836.56
219.23	32897.53
219.29	32958.69
219.34	33019.90
219.39	33086.98
219.44	33152.87
219.50	33221.92
219.55	33285.95
219.60	33352.81
219.65	33412.86
219.71	33479.57
219.76	33535.29
219.81	33586.96
219.86	33643.71
219.92	33699.31
219.97	33750.11
220.02	33804.12
220.07	33873.19
220.13	33934.54
220.18	33998.11
220.23	34065.21
220.28	34149.00
220.33	34220.95
220.39	34280.42
220.44	34335.28
220.49	34391.78
220.54	34436.37
220.60	34485.98
220.65	34551.17
220.70	34630.02
220.75	34708.42
220.81	34796.61
220.86	34878.52
220.91	34945.47
220.96	35012.88
221.02	35079.23
221.07	35139.46
221.12	35192.37
221.17	35251.92
221.22	35308.18
221.28	35365.75
221.33	35421.61
221.38	35482.86
221.43	35556.45
221.49	35618.45
221.54	35679.37
221.59	35745.60
221.64	35832.60
221.69	35917.18
221.75	36013.45
221.80	36119.38
221.85	36204.54
221.90	36265.50
221.96	36322.07
222.01	36360.65
222.06	36385.43
222.11	36428.75
222.17	36472.57
222.22	36506.95
222.27	36555.91
222.32	36610.21
222.37	36662.71
222.43	36726.46
222.48	36792.65
222.53	36862.66
222.58	36939.72
222.63	37010.95
222.69	37081.90
222.74	37157.55
222.79	37223.62
222.84	37274.92
222.90	37325.68
222.95	37371.93
223.00	37411.82
223.05	37462.29
223.10	37518.41
223.16	37582.87
223.21	37638.15
223.26	37690.52
223.31	37730.92
223.36	37773.55
223.42	37806.04
223.47	37837.37
223.52	37891.77
223.57	37942.14
223.63	37990.22
223.68	38042.53
223.73	38120.70
223.78	38188.63
223.83	38253.24
223.89	38318.72
223.94	38389.07
223.99	38445.47
224.04	38508.53
224.09	38585.78
224.15	38669.20
224.20	38752.66
224.25	38848.42
224.30	38936.12
224.35	39026.07
224.41	39123.82
224.46	39217.43
224.51	39296.88
224.56	39379.67
224.61	39460.60
224.67	39540.81
224.72	39614.11
224.77	39711.82
224.82	39807.86
224.87	39894.76
224.93	39965.28
224.98	40046.85
225.03	40123.45
225.08	40198.15
225.13	40275.77
225.19	40363.93
225.24	40449.51
225.29	40519.79
225.34	40592.00
225.39	40655.15
225.45	40722.26
225.50	40780.79
225.55	40835.26
225.60	40887.97
225.65	40943.27
225.71	40979.08
225.76	41005.96
225.81	41012.55
225.86	41007.74
225.91	40984.07
225.97	40940.48
226.02	40855.62
226.07	40749.27
226.12	40688.81
226.17	40711.64
226.22	40826.66
226.28	41064.06
226.33	41385.56
226.38	41681.98
226.43	41919.29
226.48	42072.68
226.54	42149.99
226.59	42186.44
226.64	42197.11
226.69	42181.89
226.74	42205.07
226.80	42275.67
226.85	42377.20
226.90	42510.48
226.95	42708.23
227.00	42895.99
227.05	43059.27
227.11	43214.45
227.16	43353.07
227.21	43450.05
227.26	43548.45
227.31	43630.94
227.37	43680.67
227.42	43748.79
227.47	43835.76
227.52	43903.87
227.57	43967.95
227.62	44062.42
227.68	44136.24
227.73	44208.07
227.78	44290.40
227.83	44383.65
227.88	44445.10
227.93	44525.30
227.99	44604.71
228.04	44681.47
228.09	44761.66
228.14	44846.84
228.19	44924.72
228.24	44987.42
228.30	45055.37
228.35	45117.70
228.40	45185.94
228.45	45232.82
228.50	45306.15
228.56	45372.20
228.61	45420.03
228.66	45478.15
228.71	45539.84
228.76	45588.02
228.81	45631.12
228.87	45685.12
228.92	45746.65
228.97	45811.21
229.02	45890.17
229.07	45961.71
229.12	46052.06
229.17	46123.06
229.23	46205.35
229.28	46277.66
229.33	46366.07
229.38	46438.17
229.43	46513.83
229.48	46586.29
229.54	46660.35
229.59	46722.78
229.64	46798.12
229.69	46874.69
229.74	46962.35
229.79	47028.44
229.85	47103.83
229.90	47171.83
229.95	47239.28
230.00	47295.62
230.05	47372.64
230.10	47434.26
230.16	47509.10
230.21	47566.91
230.26	47627.30
230.31	47671.68
230.36	47743.15
230.41	47797.01
230.46	47890.54
230.52	47985.80
230.57	48072.57
230.62	48157.47
230.67	48230.15
230.72	48280.22
230.77	48310.12
230.82	48356.55
230.88	48379.50
230.93	48428.10
230.98	48468.11
231.03	48530.16
231.08	48585.60
231.13	48644.03
231.19	48705.51
231.24	48779.22
231.29	48856.41
231.34	48931.63
231.39	49014.60
231.44	49083.79
231.49	49138.75
231.55	49186.44
231.60	49226.92
231.65	49276.64
231.70	49323.74
231.75	49373.28
231.80	49422.96
231.85	49479.53
231.91	49524.42
231.96	49571.83
232.01	49633.05
232.06	49694.09
232.11	49758.92
232.16	49845.78
232.21	49942.99
232.26	50039.39
232.32	50118.52
232.37	50195.14
232.42	50255.59
232.47	50297.16
232.52	50331.95
232.57	50388.43
232.62	50450.18
232.68	50512.20
232.73	50582.25
232.78	50666.11
232.83	50745.46
232.88	50815.08
232.93	50888.36
232.98	50953.60
233.03	50997.07
233.09	51046.14
233.14	51114.90
233.19	51173.87
233.24	51232.79
233.29	51288.61
233.34	51326.85
233.39	51341.72
233.45	51368.39
233.50	51405.62
233.55	51451.56
233.60	51514.98
233.65	51580.72
233.70	51645.32
233.75	51697.96
233.80	51758.69
233.86	51818.32
233.91	51868.48
233.96	51913.12
234.01	51961.60
234.06	52009.27
234.11	52061.62
234.16	52117.84
234.21	52173.04
234.26	52230.25
234.32	52275.99
234.37	52307.28
234.42	52345.26
234.47	52366.85
234.52	52389.02
234.57	52422.87
234.62	52460.40
234.67	52505.06
234.73	52571.49
234.78	52637.25
234.83	52688.76
234.88	52739.59
234.93	52773.87
234.98	52805.64
235.03	52847.87
235.08	52912.40
235.13	52970.80
235.19	53049.58
235.24	53115.19
235.29	53174.55
235.34	53216.73
235.39	53248.57
235.44	53274.96
235.49	53311.19
235.54	53339.06
235.59	53356.96
235.65	53396.04
235.70	53427.98
235.75	53468.70
235.80	53527.50
235.85	53587.73
235.90	53629.09
235.95	53658.44
236.00	53692.97
236.05	53706.86
236.11	53730.23
236.16	53759.46
236.21	53807.81
236.26	53839.78
236.31	53869.13
236.36	53895.41
236.41	53915.44
236.46	53925.85
236.51	53940.19
236.56	53968.97
236.62	53996.75
236.67	54034.52
236.72	54078.99
236.77	54110.82
236.82	54155.92
236.87	54175.88
236.92	54200.75
236.97	54236.72
237.02	54284.07
237.07	54323.57
237.13	54387.97
237.18	54445.05
237.23	54490.59
237.28	54528.77
237.33	54564.62
237.38	54585.62
237.43	54612.08
237.48	54614.89
237.53	54638.93
237.58	54662.64
237.63	54706.66
237.69	54749.06
237.74	54805.78
237.79	54839.17
237.84	54853.58
237.89	54856.27
237.94	54858.98
237.99	54870.45
238.04	54888.41
238.09	54914.02
238.14	54941.40
238.19	54963.79
238.25	54987.27
238.30	54985.71
238.35	54992.97
238.40	54994.20
238.45	54999.00
238.50	54999.26
238.55	55017.31
238.60	55038.88
238.65	55059.63
238.70	55073.50
238.75	55080.53
238.80	55109.16
238.86	55125.27
238.91	55141.94
238.96	55171.69
239.01	55216.42
239.06	55237.33
239.11	55256.88
239.16	55284.82
239.21	55288.46
239.26	55274.43
239.31	55282.35
239.36	55298.35
239.41	55313.42
239.46	55343.42
239.52	55379.80
239.57	55404.89
239.62	55420.62
239.67	55442.92
239.72	55463.93
239.77	55477.46
239.82	55490.34
239.87	55508.55
239.92	55511.09
239.97	55502.15
240.02	55501.81
240.07	55491.61
240.12	55479.92
240.17	55487.29
240.23	55495.43
240.28	55491.84
240.33	55508.00
240.38	55496.78
240.43	55490.03
240.48	55501.35
240.53	55522.42
240.58	55536.71
240.63	55575.08
240.68	55588.42
240.73	55586.30
240.78	55580.50
240.83	55575.92
240.88	55562.27
240.93	55553.99
240.98	55549.74
241.04	55563.64
241.09	55583.37
241.14	55604.76
241.19	55642.08
241.24	55671.98
241.29	55693.26
241.34	55703.56
241.39	55716.32
241.44	55730.62
241.49	55743.45
241.54	55740.62
241.59	55731.97
241.64	55738.32
241.69	55721.28
241.74	55708.88
241.79	55699.58
241.84	55689.33
241.90	55660.82
241.95	55631.52
242.00	55595.32
242.05	55570.78
242.10	55560.83
242.15	55546.92
242.20	55541.32
242.25	55549.50
242.30	55547.43
242.35	55537.73
242.40	55540.42
242.45	55530.10
242.50	55519.82
242.55	55513.06
242.60	55513.02
242.65	55511.53
242.70	55535.38
242.75	55558.41
242.80	55603.11
242.85	55629.91
242.91	55639.16
242.96	55625.64
243.01	55612.35
243.06	55579.74
243.11	55550.46
243.16	55534.42
243.21	55537.31
243.26	55541.08
243.31	55543.26
243.36	55552.02
243.41	55564.48
243.46	55558.96
243.51	55532.25
243.56	55489.03
243.61	55430.87
243.66	55389.99
243.71	55360.20
243.76	55355.51
243.81	55367.85
243.86	55378.36
243.91	55384.92
243.96	55384.75
244.01	55358.40
244.06	55331.68
244.12	55321.35
244.17	55293.93
244.22	55293.53
244.27	55322.92
244.32	55355.82
244.37	55377.15
244.42	55388.98
244.47	55378.87
244.52	55353.12
244.57	55312.63
244.62	55284.42
244.67	55272.02
244.72	55245.69
244.77	55240.08
244.82	55259.80
244.87	55287.39
244.92	55305.42
244.97	55323.83
245.02	55317.57
245.07	55295.77
245.12	55265.11
245.17	55247.17
245.22	55249.24
245.27	55243.23
245.32	55215.24
245.37	55179.68
245.42	55131.67
245.47	55077.41
245.52	55032.85
245.57	55011.37
245.62	55000.31
245.67	54997.90
245.72	54990.50
245.77	54975.18
245.82	54959.81
245.87	54958.32
245.92	54952.78
245.98	54948.10
246.03	54949.87
246.08	54962.25
246.13	54948.66
246.18	54953.05
246.23	54943.30
246.28	54930.38
246.33	54912.56
246.38	54890.93
246.43	54858.15
246.48	54844.19
246.53	54844.69
246.58	54855.02
246.63	54861.47
246.68	54849.98
246.73	54834.07
246.78	54804.84
246.83	54746.06
246.88	54691.24
246.93	54644.66
246.98	54600.16
247.03	54572.26
247.08	54563.38
247.13	54561.29
247.18	54565.02
247.23	54586.52
247.28	54587.99
247.33	54569.35
247.38	54548.99
247.43	54532.88
247.48	54507.44
247.53	54475.69
247.58	54442.16
247.63	54407.29
247.68	54358.51
247.73	54299.71
247.78	54263.16
247.83	54231.92
247.88	54206.72
247.93	54200.21
247.98	54196.85
248.03	54204.87
248.08	54226.11
248.13	54222.21
248.18	54213.85
248.23	54207.80
248.28	54173.04
248.33	54126.37
248.38	54100.95
248.43	54075.97
248.48	54055.91
248.53	54043.33
248.58	54031.77
248.63	54032.48
248.68	54009.47
248.73	53980.39
248.78	53950.83
248.83	53902.27
248.88	53821.14
248.93	53758.76
248.98	53686.81
249.03	53638.08
249.08	53609.00
249.13	53605.44
249.18	53598.32
249.23	53604.18
249.28	53591.58
249.33	53594.91
249.38	53587.75
249.43	53572.66
249.48	53552.63
249.53	53542.50
249.58	53515.10
249.63	53490.16
249.68	53468.16
249.73	53448.57
249.78	53429.27
249.83	53424.02
249.88	53397.32
249.93	53387.50
249.98	53381.20
250.03	53367.24
250.08	53337.50
250.13	53331.27
250.18	53304.59
250.23	53262.20
250.28	53207.60
250.33	53152.11
250.37	53105.14
250.42	53060.76
250.47	53033.16
250.52	53025.03
250.57	53001.73
250.62	52971.46
250.67	52946.45
250.72	52921.78
250.77	52871.09
250.82	52860.78
250.87	52856.34
250.92	52852.72
250.97	52829.77
251.02	52834.11
251.07	52822.62
251.12	52800.41
251.17	52766.05
251.22	52729.67
251.27	52684.68
251.32	52637.95
251.37	52582.96
251.42	52534.72
251.47	52504.36
251.52	52484.51
251.57	52470.22
251.62	52459.69
251.67	52447.90
251.72	52422.80
251.77	52389.13
251.82	52343.69
251.87	52302.36
251.92	52254.24
251.97	52205.41
252.02	52163.42
252.07	52141.14
252.12	52122.31
252.16	52115.19
252.21	52114.42
252.26	52112.54
252.31	52105.21
252.36	52094.05
252.41	52080.28
252.46	52058.27
252.51	52031.17
252.56	52001.54
252.61	51974.49
252.66	51941.04
252.71	51914.75
252.76	51894.25
252.81	51854.12
252.86	51795.53
252.91	51746.83
252.96	51687.69
253.01	51607.49
253.06	51546.52
253.11	51505.63
253.16	51464.14
253.21	51417.41
253.26	51384.97
253.31	51349.72
253.36	51319.00
253.40	51283.43
253.45	51279.63
253.50	51233.28
253.55	51195.39
253.60	51146.13
253.65	51112.69
253.70	51072.47
253.75	51068.26
253.80	51053.04
253.85	51058.41
253.90	51055.61
253.95	51046.19
254.00	51037.08
254.05	51019.90
254.10	50986.59
254.15	50952.42
254.20	50916.08
254.25	50885.31
254.30	50860.74
254.35	50820.20
254.39	50752.82
254.44	50670.84
254.49	50589.15
254.54	50556.16
254.59	50525.17
254.64	50523.57
254.69	50526.54
254.74	50528.49
254.79	50489.27
254.84	50448.00
254.89	50421.66
254.94	50404.46
254.99	50389.74
255.04	50377.88
255.09	50377.49
255.14	50347.50
255.19	50331.18
255.23	50320.17
255.28	50310.47
255.33	50299.40
255.38	50298.72
255.43	50283.40
255.48	50254.16
255.53	50205.76
255.58	50170.42
255.63	50131.15
255.68	50079.07
255.73	50025.69
255.78	49998.34
255.83	49968.01
255.88	49939.30
255.93	49919.56
255.97	49906.95
256.02	49871.16
256.07	49833.59
256.12	49763.30
256.17	49706.89
256.22	49650.13
256.27	49599.97
256.32	49553.48
256.37	49540.39
256.42	49524.28
256.47	49497.59
256.52	49476.36
256.57	49451.15
256.62	49430.57
256.66	49413.25
256.71	49386.76
256.76	49345.08
256.81	49300.94
256.86	49250.43
256.91	49203.13
256.96	49160.55
257.01	49142.39
257.06	49114.21
257.11	49083.49
257.16	49026.91
257.21	48983.66
257.26	48941.67
257.30	48901.22
257.35	48856.89
257.40	48837.30
257.45	48828.95
257.50	48792.45
257.55	48766.20
257.60	48741.36
257.65	48721.63
257.70	48683.09
257.75	48651.78
257.80	48617.17
257.85	48588.25
257.89	48532.96
257.94	48476.82
257.99	48415.68
258.04	48363.37
258.09	48325.72
258.14	48297.66
258.19	48281.44
258.24	48262.60
258.29	48226.46
258.34	48177.35
258.39	48139.88
258.44	48080.18
258.48	48028.65
258.53	47993.28
258.58	47954.77
258.63	47898.87
258.68	47855.48
258.73	47818.49
258.78	47773.96
258.83	47729.86
258.88	47697.74
258.93	47659.07
258.97	47626.10
259.02	47596.96
259.07	47575.96
259.12	47556.64
259.17	47539.47
259.22	47520.14
259.27	47491.94
259.32	47470.92
259.37	47422.46
259.42	47388.97
259.47	47347.46
259.51	47303.03
259.56	47234.81
259.61	47175.19
259.66	47098.87
259.71	47021.92
259.76	46963.97
259.81	46907.82
259.86	46861.63
259.91	46823.68
259.95	46796.20
260.00	46769.85
260.05	46749.62
260.10	46736.39
260.15	46725.90
260.20	46717.51
260.25	46704.34
260.30	46692.25
260.35	46660.02
260.40	46631.18
260.44	46598.56
260.49	46578.14
260.54	46541.75
260.59	46518.79
260.64	46506.44
260.69	46506.17
260.74	46465.69
260.79	46435.71
260.84	46391.67
260.88	46334.01
260.93	46254.93
260.98	46219.81
261.03	46173.25
261.08	46151.56
261.13	46113.55
261.18	46072.32
261.23	46012.71
261.28	45974.22
261.32	45922.97
261.37	45881.20
261.42	45847.83
261.47	45826.20
261.52	45785.14
261.57	45741.88
261.62	45707.02
261.67	45659.33
261.71	45589.75
261.76	45541.10
261.81	45487.12
261.86	45428.83
261.91	45384.53
261.96	45346.17
262.01	45308.22
262.06	45292.28
262.10	45278.45
262.15	45260.35
262.20	45246.67
262.25	45226.50
262.30	45197.74
262.35	45168.02
262.40	45144.32
262.45	45115.13
262.49	45085.90
262.54	45053.23
262.59	45024.67
262.64	44990.27
262.69	44951.85
262.74	44900.93
262.79	44844.61
262.84	44793.67
262.88	44752.00
262.93	44703.84
262.98	44667.37
263.03	44635.53
263.08	44575.18
263.13	44497.44
263.18	44432.09
263.23	44377.32
263.27	44325.32
263.32	44303.34
263.37	44290.94
263.42	44280.75
263.47	44249.44
263.52	44223.57
263.57	44188.57
263.61	44147.12
263.66	44100.67
263.71	44066.70
263.76	44028.34
263.81	43983.02
263.86	43947.27
263.91	43908.70
263.95	43843.97
264.00	43789.08
264.05	43731.48
264.10	43667.77
264.15	43602.09
264.20	43566.50
264.25	43517.57
264.29	43473.87
264.34	43420.91
264.39	43383.03
264.44	43336.09
264.49	43289.80
264.54	43249.33
264.59	43215.42
264.63	43168.66
264.68	43116.70
264.73	43068.14
264.78	43014.47
264.83	42964.90
264.88	42922.30
264.93	42892.36
264.97	42868.33
265.02	42845.95
265.07	42821.70
265.12	42787.35
265.17	42743.68
265.22	42703.76
265.27	42650.03
265.31	42593.37
265.36	42532.35
265.41	42473.89
265.46	42400.41
265.51	42334.13
265.56	42275.99
265.60	42228.98
265.65	42167.98
265.70	42119.29
265.75	42068.75
265.80	42012.63
265.85	41943.93
265.90	41887.38
265.94	41824.26
265.99	41759.67
266.04	41710.52
266.09	41673.35
266.14	41639.46
266.19	41615.22
266.23	41588.90
266.28	41545.79
266.33	41512.12
266.38	41485.20
266.43	41455.73
266.48	41430.68
266.52	41405.32
266.57	41366.02
266.62	41323.89
266.67	41263.32
266.72	41214.63
266.77	41184.32
266.81	41157.60
266.86	41130.02
266.91	41113.34
266.96	41074.35
267.01	41023.44
267.06	40974.67
267.10	40921.54
267.15	40868.41
267.20	40834.18
267.25	40804.18
267.30	40774.25
267.35	40738.94
267.39	40703.00
267.44	40665.16
267.49	40622.43
267.54	40565.24
267.59	40516.02
267.64	40456.85
267.68	40393.92
267.73	40329.48
267.78	40286.72
267.83	40260.88
267.88	40253.04
267.93	40243.89
267.97	40234.41
268.02	40207.54
268.07	40159.27
268.12	40097.89
268.17	40038.68
268.21	39998.53
268.26	39949.06
268.31	39901.91
268.36	39862.15
268.41	39821.44
268.46	39764.28
268.50	39726.88
268.55	39679.04
268.60	39615.82
268.65	39550.50
268.70	39474.75
268.74	39406.97
268.79	39333.38
268.84	39284.15
268.89	39240.73
268.94	39207.04
268.99	39164.23
269.03	39128.95
269.08	39079.88
269.13	39006.77
269.18	38925.97
269.23	38824.04
269.27	38721.05
269.32	38585.81
269.37	38461.64
269.42	38324.12
269.47	38195.10
269.51	38049.10
269.56	37918.63
269.61	37785.07
269.66	37639.78
269.71	37482.22
269.76	37343.92
269.80	37194.96
269.85	37038.03
269.90	36899.49
269.95	36761.33
270.00	36592.23
270.04	36440.23
270.09	36296.67
270.14	36150.37
270.19	36006.35
270.24	35877.92
270.28	35721.72
270.33	35554.29
270.38	35375.87
270.43	35197.07
270.48	35019.05
270.52	34869.52
270.57	34709.14
270.62	34551.49
270.67	34397.39
270.72	34244.89
270.76	34062.76
270.81	33896.77
270.86	33727.08
270.91	33553.01
270.96	33381.32
271.00	33219.77
271.05	33063.02
271.10	32924.56
271.15	32794.39
271.20	32663.67
271.24	32532.51
271.29	32396.85
271.34	32250.14
271.39	32099.80
271.44	31952.88
271.48	31813.69
271.53	31666.57
271.58	31518.67
271.63	31368.62
271.67	31217.99
271.72	31077.95
271.77	30934.84
271.82	30794.35
271.87	30657.72
271.91	30502.70
271.96	30350.66
272.01	30212.60
272.06	30076.67
272.11	29955.09
272.15	29852.53
272.20	29743.18
272.25	29647.08
272.30	29548.40
272.35	29435.57
272.39	29330.93
272.44	29214.27
272.49	29076.92
272.54	28938.72
272.58	28796.12
272.63	28640.66
272.68	28488.95
272.73	28331.10
272.78	28163.71
272.82	27961.95
272.87	27736.21
272.92	27448.40
272.97	26919.56
273.01	23949.37
273.06	18991.46
273.11	13526.50
273.16	8160.34
273.21	3073.18
273.25	465.02
273.30	-87.82
273.35	-89.35
