165.32	3377.38
165.38	-246.50
165.44	595.43
165.50	-77.96
165.55	-21.08
165.61	0.16
165.67	26.52
165.72	34.47
165.78	39.03
165.84	37.45
165.89	34.08
165.95	32.29
166.01	31.93
166.06	33.46
166.12	36.18
166.18	34.59
166.23	36.69
166.29	36.16
166.35	33.01
166.40	32.01
166.46	38.31
166.52	41.29
166.57	41.83
166.63	42.24
166.69	44.73
166.74	38.63
166.80	38.54
166.86	40.43
166.91	41.21
166.97	35.45
167.03	37.80
167.08	32.39
167.14	31.61
167.20	29.86
167.25	42.43
167.31	43.08
167.37	48.19
167.42	49.96
167.48	55.95
167.54	50.41
167.59	49.71
167.65	45.61
167.71	45.61
167.76	44.32
167.82	39.83
167.88	39.61
167.93	47.29
167.99	46.56
168.05	48.75
168.10	56.73
168.16	55.86
168.21	53.96
168.27	57.90
168.33	59.94
168.38	52.75
168.44	57.63
168.50	55.76
168.55	54.21
168.61	54.34
168.67	56.16
168.72	53.40
168.78	53.92
168.84	49.61
168.89	48.57
168.95	49.25
169.01	49.02
169.06	48.79
169.12	48.62
169.18	46.63
169.23	46.35
169.29	50.40
169.34	54.90
169.40	57.22
169.46	61.61
169.51	64.07
169.57	59.69
169.63	55.18
169.68	59.93
169.74	56.12
169.80	61.81
169.85	63.31
169.91	67.05
169.97	63.03
170.02	63.16
170.08	62.25
170.13	62.27
170.19	62.48
170.25	64.34
170.30	68.68
170.36	59.93
170.42	61.76
170.47	62.87
170.53	64.33
170.59	60.95
170.64	64.98
170.70	63.48
170.76	60.76
170.81	61.92
170.87	61.23
170.92	61.82
170.98	65.09
171.04	67.63
171.09	63.84
171.15	71.32
171.21	72.13
171.26	68.44
171.32	65.84
171.37	69.11
171.43	63.75
171.49	68.50
171.54	72.19
171.60	73.66
171.66	76.11
171.71	76.60
171.77	74.16
171.83	79.84
171.88	79.25
171.94	78.73
171.99	83.24
172.05	82.44
172.11	83.60
172.16	92.09
172.22	92.41
172.28	92.45
172.33	90.08
172.39	86.83
172.44	83.51
172.50	88.68
172.56	88.44
172.61	96.77
172.67	96.25
172.72	95.76
172.78	91.14
172.84	85.84
172.89	79.01
172.95	78.34
173.01	79.40
173.06	77.14
173.12	82.96
173.17	84.56
173.23	84.50
173.29	84.68
173.34	87.10
173.40	82.07
173.46	82.53
173.51	84.70
173.57	84.51
173.62	78.77
173.68	84.95
173.74	84.11
173.79	85.67
173.85	83.09
173.90	85.74
173.96	82.42
174.02	79.61
174.07	71.56
174.13	70.92
174.18	72.92
174.24	66.01
174.30	66.15
174.35	71.41
174.41	68.56
174.47	62.91
174.52	63.61
174.58	62.51
174.63	58.07
174.69	56.68
174.75	58.31
174.80	69.94
174.86	67.61
174.91	68.76
174.97	68.71
175.03	66.33
175.08	53.85
175.14	60.58
175.19	56.55
175.25	57.05
175.31	61.74
175.36	63.28
175.42	60.40
175.47	65.01
175.53	65.09
175.59	61.24
175.64	63.10
175.70	60.77
175.75	56.01
175.81	54.96
175.87	56.36
175.92	52.11
175.98	53.55
176.03	53.89
176.09	54.19
176.15	53.81
176.20	55.09
176.26	55.30
176.31	58.42
176.37	56.13
176.42	56.98
176.48	60.65
176.54	58.27
176.59	55.32
176.65	57.53
176.70	59.02
176.76	58.19
176.82	56.23
176.87	53.44
176.93	53.82
176.98	52.54
177.04	48.02
177.10	52.38
177.15	54.22
177.21	54.68
177.26	53.70
177.32	57.17
177.37	59.67
177.43	62.73
177.49	59.36
177.54	56.87
177.60	57.08
177.65	57.09
177.71	52.17
177.77	55.44
177.82	56.72
177.88	60.20
177.93	55.41
177.99	61.04
178.04	56.86
178.10	57.75
178.16	51.46
178.21	52.86
178.27	50.74
178.32	54.46
178.38	53.41
178.43	55.15
178.49	54.99
178.55	53.96
178.60	52.72
178.66	52.26
178.71	54.16
178.77	51.92
178.82	52.50
178.88	51.81
178.94	52.16
178.99	52.65
179.05	57.02
179.10	53.28
179.16	56.95
179.21	59.19
179.27	58.22
179.33	53.71
179.38	57.87
179.44	55.63
179.49	55.53
179.55	53.45
179.60	53.38
179.66	52.11
179.72	54.47
179.77	51.72
179.83	50.46
179.88	52.12
179.94	53.31
179.99	49.47
180.05	50.21
180.11	51.44
180.16	53.86
180.22	56.68
180.27	61.33
180.33	61.74
180.38	65.96
180.44	61.75
180.49	61.11
180.55	59.01
180.61	63.70
180.66	58.52
180.72	57.13
180.77	55.58
180.83	55.95
180.88	52.95
180.94	52.48
180.99	55.87
181.05	55.80
181.11	56.39
181.16	56.54
181.22	57.93
181.27	60.55
181.33	59.17
181.38	56.01
181.44	57.17
181.49	61.75
181.55	62.41
181.61	68.65
181.66	71.38
181.72	69.23
181.77	66.63
181.83	63.82
181.88	68.80
181.94	70.86
181.99	75.89
182.05	76.06
182.11	77.41
182.16	68.69
182.22	66.53
182.27	62.38
182.33	65.11
182.38	64.45
182.44	69.28
182.49	71.30
182.55	73.34
182.60	72.78
182.66	76.79
182.72	78.51
182.77	81.04
182.83	84.24
182.88	87.65
182.94	88.38
182.99	85.73
183.05	84.16
183.10	86.13
183.16	85.05
183.21	86.16
183.27	93.76
183.32	98.22
183.38	101.92
183.44	109.33
183.49	114.87
183.55	116.73
183.60	123.40
183.66	129.55
183.71	139.30
183.77	146.87
183.82	156.28
183.88	168.01
183.93	179.91
183.99	193.61
184.04	210.23
184.10	222.46
184.15	234.44
184.21	247.82
184.27	249.45
184.32	249.89
184.38	247.71
184.43	242.72
184.49	225.38
184.54	208.41
184.60	199.01
184.65	185.26
184.71	175.81
184.76	177.93
184.82	195.21
184.87	212.76
184.93	238.79
184.98	267.12
185.04	298.96
185.09	324.11
185.15	350.16
185.20	382.43
185.26	416.46
185.31	444.80
185.37	471.75
185.43	492.22
185.48	512.01
185.54	536.32
185.59	562.34
185.65	587.82
185.70	628.07
185.76	673.20
185.81	706.67
185.87	743.84
185.92	789.70
185.98	825.59
186.03	841.53
186.09	843.79
186.14	818.21
186.20	763.09
186.25	677.08
186.31	592.11
186.36	525.49
186.42	496.97
186.47	507.59
186.53	555.34
186.58	624.71
186.64	700.79
186.69	774.42
186.75	834.23
186.80	892.91
186.86	950.63
186.91	1007.64
186.97	1060.12
187.02	1128.75
187.08	1192.87
187.13	1247.26
187.19	1305.93
187.24	1365.52
187.30	1406.35
187.35	1447.55
187.41	1501.96
187.47	1553.44
187.52	1599.51
187.58	1656.49
187.63	1731.80
187.69	1808.91
187.74	1876.01
187.80	1934.55
187.85	1983.42
187.91	2004.15
187.96	1989.25
188.02	1931.43
188.07	1833.62
188.13	1687.99
188.18	1532.68
188.24	1418.48
188.29	1364.62
188.35	1375.45
188.40	1456.99
188.46	1582.99
188.51	1706.57
188.57	1835.06
188.62	1959.83
188.67	2075.73
188.73	2184.45
188.78	2291.02
188.84	2394.15
188.89	2498.08
188.95	2604.08
189.00	2695.94
189.06	2794.64
189.11	2888.67
189.17	2969.93
189.22	3040.96
189.28	3129.52
189.33	3207.16
189.39	3271.37
189.44	3340.74
189.50	3415.89
189.55	3482.92
189.61	3533.25
189.66	3591.01
189.72	3646.27
189.77	3697.33
189.83	3725.51
189.88	3735.88
189.94	3705.38
189.99	3624.37
190.05	3468.44
190.10	3247.21
190.16	2993.00
190.21	2769.26
190.27	2624.36
190.32	2581.38
190.38	2642.89
190.43	2787.42
190.49	2957.04
190.54	3100.36
190.60	3227.01
190.65	3332.11
190.71	3425.07
190.76	3512.30
190.81	3602.75
190.87	3698.56
190.92	3819.81
190.98	3948.49
191.03	4083.67
191.09	4227.40
191.14	4353.91
191.20	4453.26
191.25	4553.16
191.31	4653.40
191.36	4757.59
191.42	4873.31
191.47	5002.76
191.53	5127.81
191.58	5234.02
191.64	5318.12
191.69	5387.14
191.75	5433.12
191.80	5466.37
191.85	5484.61
191.91	5507.42
191.96	5530.16
192.02	5561.02
192.07	5575.96
192.13	5575.75
192.18	5528.23
192.24	5412.22
192.29	5218.42
192.35	4993.65
192.40	4810.77
192.46	4702.41
192.51	4697.77
192.57	4791.92
192.62	4970.32
192.67	5156.22
192.73	5333.55
192.78	5498.80
192.84	5650.48
192.89	5784.82
192.95	5913.75
193.00	6030.10
193.06	6139.94
193.11	6247.88
193.17	6341.32
193.22	6427.32
193.28	6519.52
193.33	6595.71
193.38	6666.27
193.44	6735.02
193.49	6809.01
193.55	6866.50
193.60	6923.38
193.66	6976.06
193.71	7022.97
193.77	7047.13
193.82	7068.01
193.88	7087.95
193.93	7111.31
193.98	7136.77
194.04	7177.56
194.09	7221.82
194.15	7274.45
194.20	7320.54
194.26	7363.04
194.31	7401.59
194.37	7428.04
194.42	7431.96
194.47	7423.60
194.53	7380.61
194.58	7293.87
194.64	7184.51
194.69	7087.73
194.75	7013.54
194.80	6996.08
194.86	7034.82
194.91	7127.10
194.97	7232.72
195.02	7344.42
195.07	7450.40
195.13	7553.53
195.18	7659.71
195.24	7759.41
195.29	7858.57
195.35	7946.98
195.40	8038.79
195.46	8109.62
195.51	8195.84
195.56	8279.98
195.62	8370.45
195.67	8445.83
195.73	8528.22
195.78	8588.34
195.84	8632.61
195.89	8663.41
195.94	8694.86
196.00	8725.24
196.05	8762.36
196.11	8816.20
196.16	8875.45
196.22	8942.01
196.27	9005.51
196.32	9066.51
196.38	9117.88
196.43	9169.11
196.49	9206.30
196.54	9246.73
196.60	9290.20
196.65	9335.35
196.71	9377.62
196.76	9425.79
196.81	9464.75
196.87	9498.31
196.92	9527.53
196.98	9545.53
197.03	9554.78
197.09	9551.06
197.14	9542.75
197.19	9537.80
197.25	9547.89
197.30	9571.64
197.36	9622.91
197.41	9685.69
197.47	9751.66
197.52	9817.74
197.57	9889.67
197.63	9947.02
197.68	10004.06
197.74	10056.25
197.79	10101.58
197.84	10142.21
197.90	10190.96
197.95	10227.52
198.01	10272.51
198.06	10313.46
198.12	10354.95
198.17	10390.33
198.22	10434.38
198.28	10469.07
198.33	10512.01
198.39	10557.58
198.44	10602.92
198.49	10652.51
198.55	10698.47
198.60	10744.72
198.66	10786.65
198.71	10839.28
198.77	10887.19
198.82	10942.87
198.87	10994.02
198.93	11043.65
198.98	11084.91
199.04	11127.34
199.09	11165.48
199.14	11205.81
199.20	11243.64
199.25	11287.58
199.31	11330.51
199.36	11375.97
199.42	11421.44
199.47	11467.50
199.52	11507.72
199.58	11545.12
199.63	11572.77
199.69	11604.72
199.74	11637.42
199.79	11659.53
199.85	11689.90
199.90	11728.58
199.96	11770.52
200.01	11815.38
200.06	11870.08
200.12	11918.13
200.17	11975.78
200.23	12025.70
200.28	12066.89
200.33	12119.24
200.39	12164.75
200.44	12202.88
200.50	12244.15
200.55	12289.50
200.60	12326.97
200.66	12370.82
200.71	12408.67
200.77	12452.51
200.82	12493.75
200.87	12529.36
200.93	12564.94
200.98	12608.54
201.04	12646.72
201.09	12691.18
201.14	12747.30
201.20	12800.38
201.25	12858.15
201.31	12911.06
201.36	12968.18
201.41	13022.56
201.47	13082.01
201.52	13129.91
201.58	13186.42
201.63	13231.50
201.68	13277.88
201.74	13324.27
201.79	13376.52
201.84	13433.04
201.90	13485.49
201.95	13538.00
202.01	13594.02
202.06	13636.44
202.11	13673.08
202.17	13724.92
202.22	13772.54
202.28	13811.54
202.33	13860.09
202.38	13900.46
202.44	13939.35
202.49	13982.05
202.54	14028.30
202.60	14072.71
202.65	14124.84
202.71	14173.94
202.76	14212.63
202.81	14255.70
202.87	14306.24
202.92	14353.63
202.98	14406.30
203.03	14459.06
203.08	14510.48
203.14	14558.38
203.19	14614.36
203.24	14666.89
203.30	14727.04
203.35	14776.49
203.41	14826.94
203.46	14872.22
203.51	14915.21
203.57	14948.96
203.62	14997.67
203.67	15050.30
203.73	15094.09
203.78	15138.34
203.84	15191.31
203.89	15230.59
203.94	15262.40
204.00	15303.49
204.05	15340.78
204.10	15369.67
204.16	15394.91
204.21	15422.35
204.27	15437.66
204.32	15442.14
204.37	15447.63
204.43	15444.85
204.48	15424.80
204.53	15408.02
204.59	15425.81
204.64	15483.13
204.69	15579.67
204.75	15706.21
204.80	15846.27
204.86	15960.50
204.91	16036.13
204.96	16091.48
205.02	16124.77
205.07	16158.23
205.12	16215.83
205.18	16295.01
205.23	16391.46
205.28	16505.43
205.34	16609.76
205.39	16703.06
205.45	16783.66
205.50	16849.46
205.55	16909.08
205.61	16968.01
205.66	17019.08
205.71	17080.16
205.77	17139.69
205.82	17202.64
205.87	17261.20
205.93	17319.32
205.98	17367.46
206.03	17411.09
206.09	17455.51
206.14	17505.67
206.20	17561.97
206.25	17613.82
206.30	17673.06
206.36	17726.96
206.41	17790.02
206.46	17840.67
206.52	17891.35
206.57	17939.12
206.62	17985.45
206.68	18027.66
206.73	18078.00
206.78	18135.92
206.84	18196.61
206.89	18255.91
206.94	18319.98
207.00	18389.23
207.05	18456.79
207.11	18519.00
207.16	18583.28
207.21	18645.74
207.27	18700.89
207.32	18754.77
207.37	18811.22
207.43	18864.96
207.48	18912.63
207.53	18966.70
207.59	19022.94
207.64	19080.12
207.69	19154.56
207.75	19224.16
207.80	19281.72
207.85	19340.47
207.91	19396.68
207.96	19440.22
208.01	19494.23
208.07	19554.01
208.12	19614.77
208.17	19669.86
208.23	19722.61
208.28	19771.92
208.33	19830.57
208.39	19885.67
208.44	19953.28
208.49	20014.41
208.55	20078.84
208.60	20132.83
208.65	20186.18
208.71	20234.57
208.76	20294.86
208.81	20353.07
208.87	20418.34
208.92	20477.61
208.97	20539.64
209.03	20597.73
209.08	20658.91
209.13	20719.25
209.19	20778.39
209.24	20835.43
209.29	20898.39
209.35	20948.55
209.40	21007.77
209.45	21079.01
209.51	21145.43
209.56	21205.45
209.61	21274.54
209.67	21337.19
209.72	21390.88
209.77	21451.46
209.83	21513.81
209.88	21580.43
209.93	21644.65
209.99	21709.91
210.04	21773.51
210.09	21839.85
210.15	21900.99
210.20	21957.94
210.25	22020.16
210.31	22084.93
210.36	22140.92
210.41	22192.33
210.46	22260.49
210.52	22315.17
210.57	22361.80
210.62	22423.69
210.68	22499.31
210.73	22544.79
210.78	22607.50
210.84	22673.14
210.89	22734.73
210.94	22786.13
211.00	22850.64
211.05	22903.56
211.10	22962.31
211.16	23014.14
211.21	23073.96
211.26	23140.70
211.32	23216.47
211.37	23290.26
211.42	23361.55
211.47	23428.93
211.53	23495.77
211.58	23549.62
211.63	23603.86
211.69	23661.64
211.74	23718.08
211.79	23765.76
211.85	23826.16
211.90	23890.66
211.95	23956.00
212.01	24022.03
212.06	24096.41
212.11	24169.51
212.16	24239.21
212.22	24317.92
212.27	24385.55
212.32	24448.24
212.38	24519.36
212.43	24583.42
212.48	24638.40
212.54	24708.36
212.59	24786.19
212.64	24851.76
212.69	24914.79
212.75	24982.30
212.80	25050.92
212.85	25115.86
212.91	25165.52
212.96	25224.58
213.01	25290.18
213.07	25349.71
213.12	25408.01
213.17	25479.82
213.22	25549.64
213.28	25603.25
213.33	25649.61
213.38	25699.49
213.44	25749.51
213.49	25815.44
213.54	25891.19
213.60	25980.58
213.65	26059.09
213.70	26149.76
213.75	26216.10
213.81	26272.18
213.86	26324.98
213.91	26378.98
213.97	26414.08
214.02	26453.80
214.07	26490.22
214.12	26523.06
214.18	26558.42
214.23	26601.24
214.28	26637.67
214.34	26672.20
214.39	26689.24
214.44	26687.86
214.49	26659.88
214.55	26617.44
214.60	26549.67
214.65	26463.54
214.71	26382.94
214.76	26381.41
214.81	26456.62
214.86	26624.99
214.92	26851.84
214.97	27103.89
215.02	27304.14
215.08	27442.56
215.13	27522.57
215.18	27554.18
215.23	27568.54
215.29	27595.69
215.34	27665.30
215.39	27767.53
215.45	27924.22
215.50	28097.24
215.55	28265.26
215.60	28404.27
215.66	28503.27
215.71	28579.65
215.76	28655.43
215.81	28717.93
215.87	28776.51
215.92	28840.45
215.97	28895.50
216.03	28954.28
216.08	29008.12
216.13	29067.69
216.18	29130.18
216.24	29189.98
216.29	29237.58
216.34	29297.81
216.39	29362.26
216.45	29426.85
216.50	29485.57
216.55	29549.37
216.61	29620.21
216.66	29675.70
216.71	29733.40
216.76	29801.96
216.82	29877.85
216.87	29941.98
216.92	30017.85
216.97	30086.01
217.03	30162.17
217.08	30232.22
217.13	30314.76
217.18	30383.63
217.24	30454.55
217.29	30512.87
217.34	30566.43
217.39	30607.94
217.45	30657.13
217.50	30704.59
217.55	30771.05
217.61	30838.89
217.66	30904.46
217.71	30974.40
217.76	31057.61
217.82	31132.66
217.87	31209.70
217.92	31288.23
217.97	31357.14
218.03	31416.47
218.08	31464.06
218.13	31509.63
218.18	31553.46
218.24	31619.80
218.29	31681.16
218.34	31744.98
218.39	31804.60
218.45	31874.66
218.50	31925.51
218.55	31983.50
218.60	32051.36
218.66	32110.59
218.71	32176.91
218.76	32251.47
218.81	32317.01
218.87	32378.82
218.92	32447.01
218.97	32514.85
219.02	32574.29
219.08	32640.13
219.13	32715.74
219.18	32791.46
219.23	32849.55
219.29	32916.40
219.34	32980.08
219.39	33034.71
219.44	33091.16
219.50	33166.37
219.55	33223.67
219.60	33293.06
219.65	33360.82
219.71	33427.59
219.76	33469.23
219.81	33530.19
219.86	33589.14
219.92	33640.11
219.97	33689.31
220.02	33745.59
220.07	33804.89
220.13	33859.91
220.18	33928.13
220.23	34003.09
220.28	34093.49
220.33	34168.82
220.39	34234.17
220.44	34294.63
220.49	34350.80
220.54	34388.71
220.60	34431.34
220.65	34493.40
220.70	34558.74
220.75	34629.42
220.81	34717.66
220.86	34805.85
220.91	34878.75
220.96	34947.67
221.02	35017.60
221.07	35082.83
221.12	35138.12
221.17	35190.81
221.22	35245.91
221.28	35302.67
221.33	35356.34
221.38	35415.72
221.43	35493.40
221.49	35560.39
221.54	35629.10
221.59	35699.54
221.64	35782.54
221.69	35868.43
221.75	35965.47
221.80	36061.24
221.85	36136.87
221.90	36203.95
221.96	36262.21
222.01	36299.70
222.06	36332.11
222.11	36381.37
222.17	36424.16
222.22	36447.94
222.27	36500.64
222.32	36549.95
222.37	36601.09
222.43	36664.29
222.48	36731.37
222.53	36799.61
222.58	36881.76
222.63	36956.51
222.69	37023.53
222.74	37105.81
222.79	37179.68
222.84	37222.38
222.90	37274.56
222.95	37321.98
223.00	37361.57
223.05	37397.72
223.10	37458.87
223.16	37519.50
223.21	37571.44
223.26	37618.31
223.31	37661.94
223.36	37702.04
223.42	37732.45
223.47	37769.15
223.52	37814.89
223.57	37864.78
223.63	37918.76
223.68	37969.42
223.73	38041.88
223.78	38121.94
223.83	38191.72
223.89	38248.31
223.94	38322.96
223.99	38387.69
224.04	38448.61
224.09	38521.98
224.15	38610.79
224.20	38683.79
224.25	38773.21
224.30	38863.37
224.35	38955.10
224.41	39054.53
224.46	39161.89
224.51	39242.81
224.56	39320.69
224.61	39403.27
224.67	39479.76
224.72	39545.10
224.77	39641.35
224.82	39742.96
224.87	39822.91
224.93	39895.73
224.98	39983.68
225.03	40059.66
225.08	40127.91
225.13	40204.93
225.19	40299.71
225.24	40385.57
225.29	40460.48
225.34	40544.91
225.39	40626.01
225.45	40692.90
225.50	40765.05
225.55	40844.51
225.60	40912.56
225.65	40982.12
225.71	41045.83
225.76	41100.42
225.81	41132.85
225.86	41166.12
225.91	41191.71
225.97	41197.87
226.02	41193.93
226.07	41170.01
226.12	41152.41
226.17	41183.88
226.22	41286.32
226.28	41445.72
226.33	41667.81
226.38	41884.01
226.43	42060.44
226.48	42175.93
226.54	42242.51
226.59	42291.02
226.64	42331.00
226.69	42348.09
226.74	42384.47
226.80	42458.89
226.85	42545.36
226.90	42643.43
226.95	42793.93
227.00	42937.43
227.05	43068.13
227.11	43192.13
227.16	43310.56
227.21	43396.93
227.26	43482.44
227.31	43564.52
227.37	43626.04
227.42	43700.87
227.47	43780.42
227.52	43859.33
227.57	43924.25
227.62	44006.17
227.68	44075.55
227.73	44151.34
227.78	44235.52
227.83	44321.84
227.88	44387.99
227.93	44467.63
227.99	44544.84
228.04	44611.68
228.09	44684.46
228.14	44759.79
228.19	44835.31
228.24	44904.26
228.30	44974.30
228.35	45040.57
228.40	45111.33
228.45	45160.86
228.50	45232.53
228.56	45298.81
228.61	45356.61
228.66	45403.36
228.71	45469.81
228.76	45509.79
228.81	45554.41
228.87	45603.57
228.92	45673.74
228.97	45732.71
229.02	45820.82
229.07	45890.66
229.12	45970.71
229.17	46044.71
229.23	46124.98
229.28	46193.92
229.33	46281.76
229.38	46360.43
229.43	46430.02
229.48	46506.38
229.54	46575.52
229.59	46641.54
229.64	46716.70
229.69	46801.73
229.74	46887.61
229.79	46959.71
229.85	47034.57
229.90	47097.53
229.95	47162.11
230.00	47214.52
230.05	47291.11
230.10	47356.43
230.16	47430.66
230.21	47489.43
230.26	47547.56
230.31	47590.44
230.36	47650.40
230.41	47713.60
230.46	47797.38
230.52	47896.67
230.57	47981.88
230.62	48069.67
230.67	48136.53
230.72	48186.11
230.77	48226.07
230.82	48279.53
230.88	48308.65
230.93	48351.93
230.98	48396.91
231.03	48451.94
231.08	48509.76
231.13	48565.40
231.19	48634.69
231.24	48712.48
231.29	48788.45
231.34	48849.92
231.39	48930.65
231.44	48993.70
231.49	49042.28
231.55	49087.39
231.60	49130.52
231.65	49183.67
231.70	49231.80
231.75	49284.72
231.80	49333.73
231.85	49400.56
231.91	49437.93
231.96	49487.18
232.01	49554.54
232.06	49616.88
232.11	49686.20
232.16	49773.19
232.21	49864.68
232.26	49951.97
232.32	50029.02
232.37	50095.11
232.42	50153.59
232.47	50192.24
232.52	50235.32
232.57	50291.53
232.62	50345.64
232.68	50411.80
232.73	50489.67
232.78	50562.35
232.83	50634.68
232.88	50707.44
232.93	50784.10
232.98	50850.60
233.03	50903.41
233.09	50969.36
233.14	51046.47
233.19	51096.56
233.24	51156.25
233.29	51210.77
233.34	51241.21
233.39	51258.02
233.45	51285.53
233.50	51316.94
233.55	51363.62
233.60	51430.19
233.65	51498.03
233.70	51568.83
233.75	51623.16
233.80	51680.74
233.86	51732.20
233.91	51773.72
233.96	51815.83
234.01	51872.12
234.06	51922.22
234.11	51975.13
234.16	52036.61
234.21	52095.34
234.26	52143.37
234.32	52180.05
234.37	52216.90
234.42	52259.11
234.47	52283.86
234.52	52313.49
234.57	52357.82
234.62	52392.12
234.67	52430.26
234.73	52490.37
234.78	52547.06
234.83	52596.25
234.88	52648.51
234.93	52687.49
234.98	52725.67
235.03	52779.03
235.08	52843.63
235.13	52909.56
235.19	52979.83
235.24	53045.54
235.29	53099.61
235.34	53136.56
235.39	53164.20
235.44	53191.61
235.49	53223.59
235.54	53251.07
235.59	53279.04
235.65	53308.91
235.70	53344.31
235.75	53380.83
235.80	53434.44
235.85	53488.91
235.90	53535.94
235.95	53563.79
236.00	53596.21
236.05	53610.90
236.11	53636.69
236.16	53668.46
236.21	53712.71
236.26	53745.20
236.31	53779.81
236.36	53802.72
236.41	53822.40
236.46	53836.86
236.51	53853.71
236.56	53876.55
236.62	53907.36
236.67	53942.99
236.72	53986.18
236.77	54019.92
236.82	54061.46
236.87	54084.15
236.92	54102.18
236.97	54129.37
237.02	54177.82
237.07	54224.49
237.13	54292.37
237.18	54353.11
237.23	54408.32
237.28	54447.56
237.33	54485.79
237.38	54505.52
237.43	54532.91
237.48	54536.24
237.53	54554.61
237.58	54578.61
237.63	54616.31
237.69	54655.93
237.74	54711.30
237.79	54754.74
237.84	54766.93
237.89	54777.25
237.94	54785.90
237.99	54801.95
238.04	54818.73
238.09	54844.46
238.14	54862.46
238.19	54889.48
238.25	54908.32
238.30	54903.47
238.35	54904.70
238.40	54911.14
238.45	54912.82
238.50	54913.06
238.55	54923.75
238.60	54952.06
238.65	54970.27
238.70	54984.11
238.75	54996.66
238.80	55024.51
238.86	55037.52
238.91	55050.85
238.96	55079.03
239.01	55124.78
239.06	55157.36
239.11	55187.57
239.16	55225.20
239.21	55229.95
239.26	55214.16
239.31	55221.80
239.36	55229.46
239.41	55239.68
239.46	55270.65
239.52	55302.73
239.57	55323.31
239.62	55339.36
239.67	55354.05
239.72	55374.94
239.77	55390.44
239.82	55399.76
239.87	55413.15
239.92	55422.66
239.97	55408.42
240.02	55401.48
240.07	55390.15
240.12	55398.54
240.17	55406.87
240.23	55419.36
240.28	55424.42
240.33	55434.49
240.38	55416.34
240.43	55401.45
240.48	55409.40
240.53	55428.87
240.58	55459.26
240.63	55493.37
240.68	55513.99
240.73	55510.81
240.78	55500.12
240.83	55500.16
240.88	55484.49
240.93	55475.31
240.98	55469.76
241.04	55484.81
241.09	55496.63
241.14	55518.61
241.19	55552.80
241.24	55589.24
241.29	55611.87
241.34	55619.16
241.39	55637.86
241.44	55644.19
241.49	55643.86
241.54	55643.95
241.59	55637.33
241.64	55636.27
241.69	55631.84
241.74	55621.05
241.79	55614.10
241.84	55604.04
241.90	55577.91
241.95	55543.28
242.00	55517.73
242.05	55487.71
242.10	55485.03
242.15	55468.84
242.20	55467.17
242.25	55471.85
242.30	55472.19
242.35	55460.39
242.40	55456.64
242.45	55458.62
242.50	55447.94
242.55	55443.40
242.60	55438.70
242.65	55440.27
242.70	55443.48
242.75	55463.17
242.80	55503.24
242.85	55534.04
242.91	55552.38
242.96	55554.66
243.01	55545.03
243.06	55521.33
243.11	55487.34
243.16	55469.43
243.21	55458.81
243.26	55458.20
243.31	55459.76
243.36	55463.25
243.41	55473.84
243.46	55476.32
243.51	55454.12
243.56	55400.09
243.61	55351.16
243.66	55304.56
243.71	55267.89
243.76	55261.05
243.81	55279.84
243.86	55285.21
243.91	55291.77
243.96	55293.29
244.01	55266.51
244.06	55236.24
244.12	55227.00
244.17	55205.36
244.22	55205.81
244.27	55235.67
244.32	55267.08
244.37	55287.61
244.42	55292.77
244.47	55279.17
244.52	55251.72
244.57	55216.32
244.62	55186.88
244.67	55179.39
244.72	55162.69
244.77	55162.77
244.82	55175.75
244.87	55210.46
244.92	55231.79
244.97	55252.75
245.02	55241.05
245.07	55212.15
245.12	55178.73
245.17	55158.53
245.22	55159.59
245.27	55165.17
245.32	55143.47
245.37	55106.82
245.42	55059.48
245.47	55004.28
245.52	54954.27
245.57	54938.13
245.62	54925.71
245.67	54912.28
245.72	54896.63
245.77	54882.99
245.82	54872.40
245.87	54870.43
245.92	54881.24
245.98	54876.31
246.03	54882.96
246.08	54885.11
246.13	54875.45
246.18	54876.33
246.23	54877.26
246.28	54855.81
246.33	54847.98
246.38	54817.81
246.43	54776.33
246.48	54750.82
246.53	54761.06
246.58	54762.27
246.63	54782.91
246.68	54778.30
246.73	54768.27
246.78	54731.99
246.83	54676.77
246.88	54614.02
246.93	54572.30
246.98	54523.81
247.03	54493.33
247.08	54480.29
247.13	54470.94
247.18	54466.22
247.23	54488.18
247.28	54492.93
247.33	54477.31
247.38	54458.68
247.43	54443.57
247.48	54420.93
247.53	54389.84
247.58	54349.91
247.63	54324.62
247.68	54277.67
247.73	54214.35
247.78	54178.52
247.83	54164.89
247.88	54139.96
247.93	54140.55
247.98	54148.49
248.03	54147.74
248.08	54158.30
248.13	54159.81
248.18	54145.86
248.23	54128.15
248.28	54101.20
248.33	54066.92
248.38	54032.50
248.43	54009.89
248.48	53996.47
248.53	53983.16
248.58	53959.24
248.63	53951.58
248.68	53925.48
248.73	53900.21
248.78	53861.75
248.83	53816.29
248.88	53755.46
248.93	53687.13
248.98	53604.89
249.03	53558.32
249.08	53526.72
249.13	53515.14
249.18	53507.30
249.23	53527.85
249.28	53523.15
249.33	53516.09
249.38	53505.46
249.43	53493.01
249.48	53462.84
249.53	53450.57
249.58	53430.11
249.63	53406.80
249.68	53393.01
249.73	53373.24
249.78	53343.14
249.83	53332.93
249.88	53305.50
249.93	53296.62
249.98	53288.68
250.03	53291.53
250.08	53274.55
250.13	53270.58
250.18	53243.37
250.23	53195.89
250.28	53138.13
250.33	53083.15
250.37	53040.99
250.42	52995.42
250.47	52972.69
250.52	52962.90
250.57	52946.61
250.62	52904.66
250.67	52872.93
250.72	52855.77
250.77	52806.52
250.82	52783.67
250.87	52784.08
250.92	52776.12
250.97	52757.01
251.02	52758.71
251.07	52755.51
251.12	52731.73
251.17	52704.08
251.22	52667.90
251.27	52630.07
251.32	52581.54
251.37	52528.58
251.42	52477.54
251.47	52431.93
251.52	52407.89
251.57	52381.78
251.62	52377.35
251.67	52373.01
251.72	52357.72
251.77	52319.75
251.82	52284.50
251.87	52231.71
251.92	52178.41
251.97	52118.90
252.02	52074.45
252.07	52044.46
252.12	52030.03
252.16	52021.13
252.21	52032.80
252.26	52042.59
252.31	52042.38
252.36	52036.15
252.41	52014.91
252.46	51992.00
252.51	51959.56
252.56	51930.29
252.61	51897.76
252.66	51880.07
252.71	51855.37
252.76	51823.44
252.81	51776.90
252.86	51718.27
252.91	51667.82
252.96	51600.40
253.01	51532.43
253.06	51475.40
253.11	51433.71
253.16	51385.61
253.21	51343.22
253.26	51311.99
253.31	51280.04
253.36	51258.18
253.40	51230.86
253.45	51217.01
253.50	51176.67
253.55	51137.92
253.60	51079.71
253.65	51045.59
253.70	51005.93
253.75	50994.62
253.80	50974.46
253.85	50975.76
253.90	50966.42
253.95	50960.72
254.00	50950.31
254.05	50942.55
254.10	50910.50
254.15	50876.26
254.20	50845.01
254.25	50811.45
254.30	50779.02
254.35	50743.03
254.39	50678.07
254.44	50604.59
254.49	50520.52
254.54	50490.45
254.59	50455.92
254.64	50448.81
254.69	50451.13
254.74	50457.63
254.79	50417.71
254.84	50380.78
254.89	50357.20
254.94	50339.05
254.99	50329.63
255.04	50313.28
255.09	50307.19
255.14	50288.17
255.19	50264.43
255.23	50249.51
255.28	50241.07
255.33	50239.75
255.38	50226.93
255.43	50211.95
255.48	50187.11
255.53	50145.87
255.58	50107.39
255.63	50075.16
255.68	50031.91
255.73	49984.18
255.78	49951.26
255.83	49925.40
255.88	49899.22
255.93	49874.61
255.97	49854.74
256.02	49829.66
256.07	49789.84
256.12	49720.61
256.17	49662.59
256.22	49609.55
256.27	49549.94
256.32	49498.44
256.37	49477.21
256.42	49456.05
256.47	49426.80
256.52	49408.49
256.57	49390.06
256.62	49372.19
256.66	49363.66
256.71	49334.16
256.76	49292.72
256.81	49230.11
256.86	49175.67
256.91	49123.51
256.96	49085.48
257.01	49052.11
257.06	49044.61
257.11	49011.46
257.16	48961.44
257.21	48923.91
257.26	48889.91
257.30	48848.58
257.35	48811.98
257.40	48784.05
257.45	48767.06
257.50	48734.42
257.55	48703.80
257.60	48685.32
257.65	48661.56
257.70	48616.76
257.75	48586.44
257.80	48552.90
257.85	48516.96
257.89	48468.84
257.94	48411.35
257.99	48344.44
258.04	48282.11
258.09	48232.18
258.14	48204.01
258.19	48190.61
258.24	48181.02
258.29	48150.34
258.34	48115.54
258.39	48075.14
258.44	48016.43
258.48	47963.39
258.53	47932.59
258.58	47892.38
258.63	47838.77
258.68	47799.41
258.73	47758.45
258.78	47712.34
258.83	47669.51
258.88	47640.10
258.93	47604.13
258.97	47573.93
259.02	47537.15
259.07	47511.12
259.12	47491.41
259.17	47475.38
259.22	47459.41
259.27	47440.77
259.32	47418.37
259.37	47370.39
259.42	47324.65
259.47	47279.64
259.51	47241.06
259.56	47180.76
259.61	47117.52
259.66	47048.87
259.71	46967.96
259.76	46894.13
259.81	46836.58
259.86	46799.90
259.91	46765.51
259.95	46742.88
260.00	46728.59
260.05	46712.86
260.10	46686.37
260.15	46669.87
260.20	46661.43
260.25	46643.61
260.30	46628.56
260.35	46608.83
260.40	46576.84
260.44	46548.91
260.49	46527.42
260.54	46488.90
260.59	46462.94
260.64	46459.07
260.69	46447.14
260.74	46411.20
260.79	46376.64
260.84	46331.46
260.88	46265.26
260.93	46192.96
260.98	46153.86
261.03	46111.49
261.08	46082.46
261.13	46045.43
261.18	46001.99
261.23	45944.64
261.28	45903.48
261.32	45861.69
261.37	45822.79
261.42	45791.70
261.47	45768.36
261.52	45726.76
261.57	45676.47
261.62	45634.11
261.67	45586.50
261.71	45520.69
261.76	45476.49
261.81	45427.10
261.86	45371.76
261.91	45323.82
261.96	45280.88
262.01	45244.14
262.06	45224.39
262.10	45216.46
262.15	45205.28
262.20	45193.09
262.25	45171.58
262.30	45147.12
262.35	45117.68
262.40	45089.67
262.45	45055.98
262.49	45024.88
262.54	44992.11
262.59	44965.92
262.64	44933.87
262.69	44904.69
262.74	44860.38
262.79	44803.25
262.84	44747.96
262.88	44697.96
262.93	44643.46
262.98	44607.54
263.03	44572.15
263.08	44520.38
263.13	44454.16
263.18	44395.57
263.23	44326.18
263.27	44271.95
263.32	44246.91
263.37	44223.09
263.42	44202.37
263.47	44176.68
263.52	44157.45
263.57	44111.71
263.61	44077.26
263.66	44043.61
263.71	44012.15
263.76	43974.66
263.81	43927.96
263.86	43900.31
263.91	43856.71
263.95	43797.96
264.00	43733.05
264.05	43690.03
264.10	43619.91
264.15	43551.08
264.20	43511.13
264.25	43466.38
264.29	43417.29
264.34	43371.74
264.39	43337.88
264.44	43286.83
264.49	43246.55
264.54	43198.92
264.59	43161.90
264.63	43119.64
264.68	43072.74
264.73	43023.40
264.78	42981.99
264.83	42929.77
264.88	42884.18
264.93	42855.31
264.97	42828.78
265.02	42803.32
265.07	42781.98
265.12	42745.61
265.17	42700.65
265.22	42660.65
265.27	42600.91
265.31	42537.63
265.36	42475.65
265.41	42418.09
265.46	42345.70
265.51	42279.04
265.56	42216.77
265.60	42163.13
265.65	42104.63
265.70	42054.77
265.75	42006.01
265.80	41953.00
265.85	41890.78
265.90	41830.64
265.94	41771.17
265.99	41707.94
266.04	41655.51
266.09	41615.78
266.14	41580.75
266.19	41554.26
266.23	41530.59
266.28	41490.95
266.33	41456.86
266.38	41433.15
266.43	41403.21
266.48	41377.72
266.52	41354.43
266.57	41316.74
266.62	41273.72
266.67	41225.40
266.72	41181.57
266.77	41152.26
266.81	41128.70
266.86	41096.15
266.91	41059.99
266.96	41018.77
267.01	40973.34
267.06	40919.74
267.10	40872.66
267.15	40824.23
267.20	40788.00
267.25	40750.42
267.30	40715.66
267.35	40677.58
267.39	40637.38
267.44	40601.09
267.49	40547.19
267.54	40499.26
267.59	40451.34
267.64	40402.88
267.68	40341.03
267.73	40295.00
267.78	40257.65
267.83	40231.58
267.88	40218.62
267.93	40209.77
267.97	40196.71
268.02	40163.32
268.07	40113.61
268.12	40060.70
268.17	39995.02
268.21	39947.07
268.26	39896.59
268.31	39856.13
268.36	39806.38
268.41	39763.98
268.46	39713.62
268.50	39675.64
268.55	39624.68
268.60	39566.56
268.65	39505.67
268.70	39428.49
268.74	39357.51
268.79	39288.61
268.84	39237.85
268.89	39200.86
268.94	39170.99
268.99	39135.16
269.03	39093.74
269.08	39043.09
269.13	38967.28
269.18	38893.20
269.23	38794.81
269.27	38686.99
269.32	38556.12
269.37	38432.56
269.42	38290.15
269.47	38158.19
269.51	38017.18
269.56	37885.82
269.61	37747.24
269.66	37596.20
269.71	37441.37
269.76	37302.34
269.80	37144.01
269.85	36990.36
269.90	36853.81
269.95	36704.34
270.00	36538.00
270.04	36394.97
270.09	36250.74
270.14	36106.37
270.19	35972.62
270.24	35840.43
270.28	35690.95
270.33	35519.59
270.38	35337.53
270.43	35161.46
270.48	34985.00
270.52	34823.64
270.57	34670.95
270.62	34520.57
270.67	34364.23
270.72	34211.33
270.76	34031.36
270.81	33860.46
270.86	33688.20
270.91	33506.33
270.96	33331.32
271.00	33178.98
271.05	33022.96
271.10	32881.97
271.15	32746.60
271.20	32620.36
271.24	32481.80
271.29	32346.28
271.34	32193.82
271.39	32056.52
271.44	31905.00
271.48	31771.87
271.53	31631.72
271.58	31490.80
271.63	31334.98
271.67	31190.98
271.72	31039.43
271.77	30891.06
271.82	30753.37
271.87	30622.53
271.91	30464.00
271.96	30318.22
272.01	30175.68
272.06	30044.86
272.11	29925.26
272.15	29822.53
272.20	29717.94
272.25	29616.20
272.30	29514.18
272.35	29398.26
272.39	29287.59
272.44	29173.33
272.49	29045.72
272.54	28907.30
272.58	28764.23
272.63	28617.86
272.68	28461.22
272.73	28306.57
272.78	28127.76
272.82	27931.26
272.87	27701.12
272.92	27413.44
272.97	26884.55
273.01	23925.07
273.06	18968.76
273.11	13514.59
273.16	8154.29
273.21	3070.65
273.25	465.39
273.30	-88.33
273.35	-88.45
