165.32	3379.62
165.38	-246.92
165.44	596.15
165.50	-77.47
165.55	-19.84
165.61	1.58
165.67	28.76
165.72	37.18
165.78	42.14
165.84	40.87
165.89	38.03
165.95	36.42
166.01	35.72
166.06	37.12
166.12	39.08
166.18	36.89
166.23	38.26
166.29	37.64
166.35	34.64
166.40	33.75
166.46	40.26
166.52	43.30
166.57	44.08
166.63	44.27
166.69	47.08
166.74	41.10
166.80	41.08
166.86	42.73
166.91	43.40
166.97	37.14
167.03	39.75
167.08	34.07
167.14	33.25
167.20	31.76
167.25	44.76
167.31	45.00
167.37	50.62
167.42	52.52
167.48	58.67
167.54	53.22
167.59	52.49
167.65	48.68
167.71	48.26
167.76	47.02
167.82	42.12
167.88	41.77
167.93	48.88
167.99	47.92
168.05	49.81
168.10	58.10
168.16	57.64
168.21	55.79
168.27	60.25
168.33	62.38
168.38	54.90
168.44	59.90
168.50	58.57
168.55	57.02
168.61	57.50
168.67	59.76
168.72	57.13
168.78	57.26
168.84	53.37
168.89	51.91
168.95	52.24
169.01	51.58
169.06	50.55
169.12	49.95
169.18	48.02
169.23	48.21
169.29	52.61
169.34	57.58
169.40	59.97
169.46	64.23
169.51	66.08
169.57	61.17
169.63	56.34
169.68	61.52
169.74	58.29
169.80	64.31
169.85	65.91
169.91	70.81
169.97	66.63
170.02	66.05
170.08	64.67
170.13	65.15
170.19	64.33
170.25	66.22
170.30	70.67
170.36	62.91
170.42	64.90
170.47	66.46
170.53	67.95
170.59	64.95
170.64	68.45
170.70	66.88
170.76	64.16
170.81	65.36
170.87	64.58
170.92	65.47
170.98	68.11
171.04	70.40
171.09	66.48
171.15	74.21
171.21	74.62
171.26	71.63
171.32	69.07
171.37	72.41
171.43	66.57
171.49	71.09
171.54	74.37
171.60	76.22
171.66	78.13
171.71	78.81
171.77	76.55
171.83	82.24
171.88	81.09
171.94	81.01
171.99	85.42
172.05	84.48
172.11	85.62
172.16	93.78
172.22	93.68
172.28	93.82
172.33	92.03
172.39	88.69
172.44	85.95
172.50	91.54
172.56	91.19
172.61	99.33
172.67	99.32
172.72	99.31
172.78	94.17
172.84	88.97
172.89	82.37
172.95	81.51
173.01	82.30
173.06	80.39
173.12	86.08
173.17	87.44
173.23	87.14
173.29	87.39
173.34	89.87
173.40	84.41
173.46	84.95
173.51	87.73
173.57	87.52
173.62	81.97
173.68	88.50
173.74	87.37
173.79	88.59
173.85	85.91
173.90	88.62
173.96	84.97
174.02	82.05
174.07	74.13
174.13	73.46
174.18	75.84
174.24	69.23
174.30	69.48
174.35	74.50
174.41	71.01
174.47	64.56
174.52	65.59
174.58	64.76
174.63	60.19
174.69	59.59
174.75	61.32
174.80	72.62
174.86	70.14
174.91	71.32
174.97	71.07
175.03	68.52
175.08	56.34
175.14	62.99
175.19	58.80
175.25	59.58
175.31	63.89
175.36	65.39
175.42	62.05
175.47	66.75
175.53	67.08
175.59	63.20
175.64	64.77
175.70	63.01
175.75	58.23
175.81	56.75
175.87	58.45
175.92	54.59
175.98	55.96
176.03	56.06
176.09	56.27
176.15	56.13
176.20	57.51
176.26	57.93
176.31	61.55
176.37	59.21
176.42	60.66
176.48	63.87
176.54	61.12
176.59	57.69
176.65	60.71
176.70	61.91
176.76	61.17
176.82	58.97
176.87	56.04
176.93	55.53
176.98	54.09
177.04	48.98
177.10	54.32
177.15	56.46
177.21	57.20
177.26	56.43
177.32	60.16
177.37	61.83
177.43	65.12
177.49	61.76
177.54	58.86
177.60	59.26
177.65	59.17
177.71	53.90
177.77	56.82
177.82	58.79
177.88	63.15
177.93	58.62
177.99	65.11
178.04	61.01
178.10	61.59
178.16	54.53
178.21	55.99
178.27	53.11
178.32	57.05
178.38	55.62
178.43	57.57
178.49	57.15
178.55	56.40
178.60	54.89
178.66	54.26
178.71	55.69
178.77	53.75
178.82	54.89
178.88	55.07
178.94	55.73
178.99	56.49
179.05	60.73
179.10	56.55
179.16	59.37
179.21	61.96
179.27	61.19
179.33	56.94
179.38	60.85
179.44	58.85
179.49	58.53
179.55	56.43
179.60	56.27
179.66	55.37
179.72	58.06
179.77	55.47
179.83	53.81
179.88	56.22
179.94	57.55
179.99	53.26
180.05	53.93
180.11	55.47
180.16	57.35
180.22	60.02
180.27	64.97
180.33	65.47
180.38	69.85
180.44	65.20
180.49	64.11
180.55	62.01
180.61	66.06
180.66	60.57
180.72	59.37
180.77	58.15
180.83	57.49
180.88	54.71
180.94	54.39
180.99	58.19
181.05	57.90
181.11	59.46
181.16	59.95
181.22	61.51
181.27	63.91
181.33	62.72
181.38	59.49
181.44	60.64
181.49	64.92
181.55	65.35
181.61	71.28
181.66	74.07
181.72	71.72
181.77	68.94
181.83	66.54
181.88	71.47
181.94	73.46
181.99	78.47
182.05	79.02
182.11	79.99
182.16	71.11
182.22	69.00
182.27	64.30
182.33	66.60
182.38	65.88
182.44	70.78
182.49	72.74
182.55	75.10
182.60	75.04
182.66	78.66
182.72	81.09
182.77	83.67
182.83	87.04
182.88	90.54
182.94	91.52
182.99	88.50
183.05	87.10
183.10	89.57
183.16	88.32
183.21	89.82
183.27	97.42
183.32	101.37
183.38	104.41
183.44	111.68
183.49	116.75
183.55	118.03
183.60	124.98
183.66	131.41
183.71	140.92
183.77	148.97
183.82	158.77
183.88	170.12
183.93	181.50
183.99	195.18
184.04	212.41
184.10	225.67
184.15	237.44
184.21	251.28
184.27	253.25
184.32	253.32
184.38	250.80
184.43	246.31
184.49	229.26
184.54	211.36
184.60	202.00
184.65	187.68
184.71	178.28
184.76	179.95
184.82	197.51
184.87	214.53
184.93	240.79
184.98	268.21
185.04	299.72
185.09	325.13
185.15	350.67
185.20	382.92
185.26	418.17
185.31	447.60
185.37	475.63
185.43	497.27
185.48	516.52
185.54	539.31
185.59	564.52
185.65	590.77
185.70	632.60
185.76	678.47
185.81	713.88
185.87	751.17
185.92	794.18
185.98	828.81
186.03	845.30
186.09	847.76
186.14	823.36
186.20	769.74
186.25	682.65
186.31	595.81
186.36	528.65
186.42	499.53
186.47	510.43
186.53	559.31
186.58	628.96
186.64	704.18
186.69	776.12
186.75	835.68
186.80	893.06
186.86	952.54
186.91	1011.78
186.97	1067.76
187.02	1137.29
187.08	1203.07
187.13	1257.09
187.19	1314.99
187.24	1374.21
187.30	1414.43
187.35	1454.93
187.41	1509.22
187.47	1560.52
187.52	1607.44
187.58	1665.15
187.63	1739.42
187.69	1814.73
187.74	1881.95
187.80	1939.33
187.85	1988.31
187.91	2010.04
187.96	1997.56
188.02	1937.58
188.07	1838.09
188.13	1689.69
188.18	1532.90
188.24	1417.91
188.29	1364.95
188.35	1375.20
188.40	1457.21
188.46	1584.91
188.51	1710.60
188.57	1839.17
188.62	1964.65
188.67	2080.88
188.73	2192.22
188.78	2297.63
188.84	2400.95
188.89	2505.69
188.95	2611.38
189.00	2700.07
189.06	2797.52
189.11	2892.74
189.17	2974.41
189.22	3048.77
189.28	3138.82
189.33	3215.11
189.39	3279.66
189.44	3345.73
189.50	3417.75
189.55	3486.85
189.61	3543.57
189.66	3601.12
189.72	3659.61
189.77	3712.62
189.83	3738.06
189.88	3744.69
189.94	3713.36
189.99	3631.52
190.05	3476.32
190.10	3255.64
190.16	3000.74
190.21	2775.97
190.27	2628.58
190.32	2583.94
190.38	2643.21
190.43	2785.32
190.49	2956.03
190.54	3101.03
190.60	3229.26
190.65	3337.30
190.71	3432.70
190.76	3519.98
190.81	3613.08
190.87	3710.03
190.92	3829.75
190.98	3957.92
191.03	4093.27
191.09	4236.99
191.14	4361.33
191.20	4461.75
191.25	4564.32
191.31	4666.08
191.36	4768.76
191.42	4880.86
191.47	5006.67
191.53	5127.53
191.58	5232.19
191.64	5318.12
191.69	5391.76
191.75	5441.37
191.80	5474.76
191.85	5493.81
191.91	5511.93
191.96	5535.21
192.02	5567.26
192.07	5584.10
192.13	5581.17
192.18	5535.63
192.24	5418.02
192.29	5222.20
192.35	4996.77
192.40	4812.71
192.46	4703.97
192.51	4697.00
192.57	4792.07
192.62	4969.36
192.67	5156.12
192.73	5332.48
192.78	5498.13
192.84	5647.68
192.89	5784.17
192.95	5914.22
193.00	6031.71
193.06	6141.91
193.11	6248.50
193.17	6334.65
193.22	6420.83
193.28	6510.92
193.33	6585.62
193.38	6654.43
193.44	6729.40
193.49	6800.47
193.55	6856.00
193.60	6915.32
193.66	6970.94
193.71	7015.94
193.77	7041.67
193.82	7067.40
193.88	7085.07
193.93	7111.68
193.98	7140.23
194.04	7183.48
194.09	7229.06
194.15	7282.68
194.20	7328.41
194.26	7368.47
194.31	7407.36
194.37	7430.91
194.42	7438.30
194.47	7424.63
194.53	7381.40
194.58	7291.92
194.64	7184.59
194.69	7083.84
194.75	7014.61
194.80	6997.50
194.86	7038.37
194.91	7130.36
194.97	7238.52
195.02	7347.05
195.07	7450.08
195.13	7552.98
195.18	7659.23
195.24	7758.97
195.29	7860.08
195.35	7948.97
195.40	8038.55
195.46	8107.28
195.51	8191.02
195.56	8270.64
195.62	8358.10
195.67	8436.71
195.73	8521.49
195.78	8582.99
195.84	8630.94
195.89	8666.99
195.94	8697.38
196.00	8727.22
196.05	8765.40
196.11	8820.43
196.16	8877.01
196.22	8938.93
196.27	9002.76
196.32	9061.41
196.38	9108.87
196.43	9160.36
196.49	9200.77
196.54	9240.46
196.60	9284.87
196.65	9329.45
196.71	9372.79
196.76	9420.54
196.81	9455.25
196.87	9485.95
196.92	9517.28
196.98	9534.96
197.03	9542.87
197.09	9540.32
197.14	9535.73
197.19	9534.96
197.25	9549.10
197.30	9574.98
197.36	9629.86
197.41	9693.74
197.47	9756.91
197.52	9820.52
197.57	9890.46
197.63	9944.59
197.68	9993.61
197.74	10044.79
197.79	10092.07
197.84	10133.93
197.90	10182.99
197.95	10226.98
198.01	10262.56
198.06	10302.37
198.12	10344.78
198.17	10381.49
198.22	10420.78
198.28	10460.38
198.33	10503.99
198.39	10542.20
198.44	10587.11
198.49	10636.48
198.55	10683.69
198.60	10727.38
198.66	10772.20
198.71	10824.37
198.77	10870.52
198.82	10926.37
198.87	10978.82
198.93	11029.82
198.98	11072.53
199.04	11118.99
199.09	11160.83
199.14	11200.79
199.20	11243.43
199.25	11282.77
199.31	11327.75
199.36	11367.92
199.42	11414.91
199.47	11456.85
199.52	11497.27
199.58	11535.52
199.63	11565.44
199.69	11595.25
199.74	11632.86
199.79	11661.62
199.85	11690.61
199.90	11731.81
199.96	11770.79
200.01	11810.01
200.06	11858.50
200.12	11905.42
200.17	11958.98
200.23	12014.12
200.28	12058.65
200.33	12110.26
200.39	12157.08
200.44	12198.72
200.50	12238.92
200.55	12280.65
200.60	12317.36
200.66	12356.42
200.71	12393.83
200.77	12432.21
200.82	12471.11
200.87	12516.25
200.93	12554.54
200.98	12597.65
201.04	12637.82
201.09	12683.02
201.14	12731.12
201.20	12778.53
201.25	12830.59
201.31	12883.52
201.36	12941.92
201.41	12997.07
201.47	13058.73
201.52	13108.66
201.58	13168.06
201.63	13215.87
201.68	13258.84
201.74	13305.77
201.79	13353.37
201.84	13407.32
201.90	13458.76
201.95	13512.80
202.01	13568.47
202.06	13626.78
202.11	13667.94
202.17	13713.23
202.22	13758.16
202.28	13798.56
202.33	13837.13
202.38	13873.19
202.44	13918.97
202.49	13965.83
202.54	14013.77
202.60	14058.32
202.65	14110.30
202.71	14157.02
202.76	14195.72
202.81	14232.12
202.87	14281.12
202.92	14327.02
202.98	14377.31
203.03	14433.32
203.08	14488.76
203.14	14542.66
203.19	14600.74
203.24	14656.84
203.30	14707.02
203.35	14759.07
203.41	14806.23
203.46	14848.67
203.51	14889.25
203.57	14930.71
203.62	14980.01
203.67	15030.57
203.73	15076.92
203.78	15123.87
203.84	15179.97
203.89	15221.23
203.94	15255.62
204.00	15296.06
204.05	15338.63
204.10	15360.24
204.16	15382.74
204.21	15411.99
204.27	15425.38
204.32	15425.79
204.37	15433.87
204.43	15423.07
204.48	15399.33
204.53	15389.39
204.59	15405.20
204.64	15459.00
204.69	15562.06
204.75	15687.24
204.80	15823.62
204.86	15938.12
204.91	16016.25
204.96	16071.85
205.02	16105.20
205.07	16141.34
205.12	16198.11
205.18	16280.75
205.23	16372.23
205.28	16485.23
205.34	16583.98
205.39	16677.79
205.45	16755.71
205.50	16819.11
205.55	16881.82
205.61	16945.29
205.66	17000.62
205.71	17061.07
205.77	17126.93
205.82	17186.90
205.87	17243.81
205.93	17299.95
205.98	17351.43
206.03	17391.54
206.09	17439.41
206.14	17488.76
206.20	17541.34
206.25	17592.80
206.30	17656.46
206.36	17708.07
206.41	17771.83
206.46	17822.85
206.52	17870.97
206.57	17922.78
206.62	17969.28
206.68	18012.37
206.73	18061.90
206.78	18118.51
206.84	18172.39
206.89	18234.57
206.94	18292.65
207.00	18361.63
207.05	18429.70
207.11	18492.99
207.16	18548.07
207.21	18613.01
207.27	18667.92
207.32	18724.25
207.37	18786.62
207.43	18847.36
207.48	18897.23
207.53	18951.07
207.59	19004.68
207.64	19053.35
207.69	19121.46
207.75	19189.09
207.80	19247.94
207.85	19305.89
207.91	19367.02
207.96	19420.86
208.01	19476.79
208.07	19536.79
208.12	19599.05
208.17	19652.10
208.23	19701.89
208.28	19749.53
208.33	19807.34
208.39	19866.74
208.44	19927.49
208.49	19989.85
208.55	20054.88
208.60	20106.40
208.65	20151.76
208.71	20205.96
208.76	20258.03
208.81	20310.92
208.87	20375.92
208.92	20441.47
208.97	20504.68
209.03	20564.96
209.08	20630.32
209.13	20686.99
209.19	20744.53
209.24	20797.17
209.29	20859.17
209.35	20913.18
209.40	20980.61
209.45	21046.38
209.51	21113.92
209.56	21176.74
209.61	21244.59
209.67	21309.34
209.72	21369.51
209.77	21425.63
209.83	21486.95
209.88	21553.88
209.93	21616.90
209.99	21678.80
210.04	21753.56
210.09	21820.80
210.15	21879.02
210.20	21938.87
210.25	22004.37
210.31	22067.51
210.36	22128.56
210.41	22185.37
210.46	22241.77
210.52	22294.02
210.57	22340.64
210.62	22395.22
210.68	22461.05
210.73	22510.33
210.78	22574.67
210.84	22641.17
210.89	22699.83
210.94	22753.89
211.00	22821.85
211.05	22872.27
211.10	22928.64
211.16	22987.57
211.21	23049.65
211.26	23113.32
211.32	23186.98
211.37	23258.69
211.42	23328.06
211.47	23395.95
211.53	23462.26
211.58	23522.35
211.63	23580.20
211.69	23639.43
211.74	23694.79
211.79	23740.06
211.85	23799.04
211.90	23858.48
211.95	23924.37
212.01	23988.31
212.06	24069.62
212.11	24142.31
212.16	24216.90
212.22	24295.11
212.27	24367.93
212.32	24432.23
212.38	24502.17
212.43	24561.67
212.48	24618.06
212.54	24685.16
212.59	24759.30
212.64	24822.11
212.69	24889.88
212.75	24953.73
212.80	25016.50
212.85	25074.41
212.91	25124.68
212.96	25180.86
213.01	25246.27
213.07	25308.05
213.12	25372.87
213.17	25441.81
213.22	25503.69
213.28	25563.82
213.33	25618.68
213.38	25674.00
213.44	25732.71
213.49	25804.99
213.54	25875.04
213.60	25956.40
213.65	26034.15
213.70	26118.33
213.75	26185.47
213.81	26235.90
213.86	26285.84
213.91	26335.48
213.97	26375.28
214.02	26416.44
214.07	26461.54
214.12	26495.02
214.18	26531.92
214.23	26571.96
214.28	26605.65
214.34	26630.58
214.39	26656.65
214.44	26659.55
214.49	26631.13
214.55	26587.86
214.60	26525.66
214.65	26437.64
214.71	26356.42
214.76	26359.22
214.81	26437.52
214.86	26606.35
214.92	26824.84
214.97	27069.56
215.02	27264.01
215.08	27397.50
215.13	27475.24
215.18	27513.36
215.23	27530.38
215.29	27553.85
215.34	27628.33
215.39	27733.64
215.45	27879.89
215.50	28056.90
215.55	28231.33
215.60	28369.31
215.66	28470.01
215.71	28558.13
215.76	28623.45
215.81	28687.02
215.87	28747.24
215.92	28804.50
215.97	28855.60
216.03	28917.60
216.08	28969.33
216.13	29021.18
216.18	29082.03
216.24	29154.83
216.29	29203.52
216.34	29259.62
216.39	29324.49
216.45	29390.00
216.50	29438.62
216.55	29500.05
216.61	29571.01
216.66	29626.03
216.71	29688.18
216.76	29749.06
216.82	29817.94
216.87	29880.19
216.92	29959.27
216.97	30026.91
217.03	30102.82
217.08	30179.82
217.13	30265.71
217.18	30334.67
217.24	30410.77
217.29	30478.67
217.34	30535.32
217.39	30576.88
217.45	30625.56
217.50	30667.88
217.55	30722.32
217.61	30785.42
217.66	30850.07
217.71	30915.96
217.76	31002.02
217.82	31084.56
217.87	31158.94
217.92	31239.59
217.97	31311.98
218.03	31369.89
218.08	31414.85
218.13	31459.98
218.18	31506.21
218.24	31576.08
218.29	31638.77
218.34	31701.68
218.39	31775.76
218.45	31839.80
218.50	31887.02
218.55	31942.89
218.60	32012.09
218.66	32063.13
218.71	32130.18
218.76	32201.00
218.81	32264.45
218.87	32328.45
218.92	32397.28
218.97	32468.77
219.02	32538.11
219.08	32605.41
219.13	32676.19
219.18	32745.43
219.23	32800.00
219.29	32861.72
219.34	32926.72
219.39	32987.94
219.44	33055.15
219.50	33122.47
219.55	33183.01
219.60	33243.44
219.65	33307.20
219.71	33365.51
219.76	33419.08
219.81	33474.07
219.86	33535.81
219.92	33587.83
219.97	33640.12
220.02	33698.24
220.07	33756.88
220.13	33815.35
220.18	33883.57
220.23	33964.57
220.28	34040.84
220.33	34122.08
220.39	34182.61
220.44	34236.83
220.49	34288.70
220.54	34343.26
220.60	34388.37
220.65	34450.20
220.70	34520.26
220.75	34586.81
220.81	34669.67
220.86	34753.32
220.91	34828.42
220.96	34899.05
221.02	34971.29
221.07	35036.96
221.12	35093.12
221.17	35152.02
221.22	35210.18
221.28	35260.22
221.33	35316.09
221.38	35375.26
221.43	35443.84
221.49	35503.30
221.54	35566.33
221.59	35627.05
221.64	35709.13
221.69	35801.04
221.75	35898.67
221.80	36006.30
221.85	36093.01
221.90	36157.36
221.96	36214.62
222.01	36253.59
222.06	36281.77
222.11	36325.94
222.17	36370.65
222.22	36394.07
222.27	36445.35
222.32	36501.84
222.37	36551.72
222.43	36617.80
222.48	36694.21
222.53	36763.82
222.58	36837.23
222.63	36911.10
222.69	36972.91
222.74	37045.56
222.79	37113.20
222.84	37160.06
222.90	37207.41
222.95	37260.90
223.00	37300.11
223.05	37346.44
223.10	37402.77
223.16	37467.55
223.21	37517.55
223.26	37565.91
223.31	37605.48
223.36	37649.00
223.42	37679.99
223.47	37708.10
223.52	37756.98
223.57	37808.88
223.63	37868.31
223.68	37922.27
223.73	38004.88
223.78	38073.67
223.83	38146.10
223.89	38200.81
223.94	38274.05
223.99	38339.88
224.04	38411.58
224.09	38487.14
224.15	38577.09
224.20	38654.88
224.25	38744.68
224.30	38832.39
224.35	38913.91
224.41	39011.07
224.46	39108.26
224.51	39184.97
224.56	39261.15
224.61	39341.33
224.67	39413.27
224.72	39486.96
224.77	39589.65
224.82	39690.18
224.87	39780.65
224.93	39856.70
224.98	39946.95
225.03	40019.74
225.08	40089.17
225.13	40164.39
225.19	40244.41
225.24	40329.63
225.29	40396.99
225.34	40479.92
225.39	40561.97
225.45	40644.79
225.50	40708.90
225.55	40783.50
225.60	40843.51
225.65	40908.84
225.71	40972.57
225.76	41026.17
225.81	41074.62
225.86	41116.51
225.91	41143.70
225.97	41148.10
226.02	41141.24
226.07	41104.07
226.12	41094.43
226.17	41134.40
226.22	41235.49
226.28	41399.48
226.33	41624.60
226.38	41830.13
226.43	41995.95
226.48	42113.34
226.54	42183.13
226.59	42239.01
226.64	42279.47
226.69	42302.67
226.74	42340.33
226.80	42408.85
226.85	42481.82
226.90	42581.82
226.95	42726.46
227.00	42877.05
227.05	43006.82
227.11	43131.77
227.16	43249.17
227.21	43336.81
227.26	43418.25
227.31	43498.22
227.37	43557.32
227.42	43628.94
227.47	43707.37
227.52	43772.35
227.57	43833.41
227.62	43915.16
227.68	43988.12
227.73	44062.22
227.78	44153.36
227.83	44243.99
227.88	44320.51
227.93	44402.28
227.99	44483.57
228.04	44554.26
228.09	44628.31
228.14	44700.39
228.19	44764.64
228.24	44822.36
228.30	44893.36
228.35	44958.63
228.40	45027.25
228.45	45085.46
228.50	45153.23
228.56	45212.52
228.61	45275.29
228.66	45336.05
228.71	45396.06
228.76	45444.31
228.81	45486.37
228.87	45530.78
228.92	45597.04
228.97	45659.75
229.02	45751.17
229.07	45831.16
229.12	45919.54
229.17	45987.03
229.23	46068.56
229.28	46143.54
229.33	46233.12
229.38	46306.07
229.43	46380.34
229.48	46460.91
229.54	46526.10
229.59	46584.29
229.64	46663.57
229.69	46742.59
229.74	46824.59
229.79	46889.46
229.85	46962.78
229.90	47022.90
229.95	47084.16
230.00	47143.03
230.05	47223.49
230.10	47288.31
230.16	47356.88
230.21	47422.00
230.26	47473.15
230.31	47512.17
230.36	47577.43
230.41	47636.50
230.46	47720.91
230.52	47815.59
230.57	47908.00
230.62	47990.44
230.67	48065.68
230.72	48122.60
230.77	48162.79
230.82	48211.59
230.88	48245.61
230.93	48286.40
230.98	48324.04
231.03	48380.11
231.08	48432.60
231.13	48485.68
231.19	48555.66
231.24	48627.10
231.29	48707.26
231.34	48783.65
231.39	48874.22
231.44	48948.44
231.49	48999.58
231.55	49040.45
231.60	49083.92
231.65	49126.34
231.70	49167.94
231.75	49222.35
231.80	49272.36
231.85	49327.61
231.91	49365.28
231.96	49413.49
232.01	49480.07
232.06	49543.62
232.11	49607.60
232.16	49690.00
232.21	49780.47
232.26	49862.10
232.32	49938.04
232.37	50011.13
232.42	50076.97
232.47	50120.03
232.52	50168.68
232.57	50222.62
232.62	50280.36
232.68	50340.74
232.73	50406.74
232.78	50483.86
232.83	50563.85
232.88	50636.77
232.93	50710.20
232.98	50782.87
233.03	50834.36
233.09	50894.77
233.14	50964.36
233.19	51026.52
233.24	51081.80
233.29	51129.66
233.34	51158.31
233.39	51169.15
233.45	51201.08
233.50	51240.96
233.55	51291.15
233.60	51367.09
233.65	51442.62
233.70	51505.44
233.75	51556.11
233.80	51607.80
233.86	51648.89
233.91	51690.74
233.96	51727.86
234.01	51781.20
234.06	51832.30
234.11	51891.34
234.16	51957.90
234.21	52020.91
234.26	52065.82
234.32	52104.52
234.37	52138.49
234.42	52166.10
234.47	52187.14
234.52	52221.22
234.57	52270.81
234.62	52303.95
234.67	52352.28
234.73	52408.63
234.78	52466.52
234.83	52506.05
234.88	52564.13
234.93	52597.72
234.98	52645.82
235.03	52687.68
235.08	52749.30
235.13	52804.05
235.19	52879.50
235.24	52938.42
235.29	53006.68
235.34	53051.34
235.39	53082.96
235.44	53106.33
235.49	53138.39
235.54	53158.52
235.59	53181.35
235.65	53215.23
235.70	53253.39
235.75	53293.86
235.80	53347.43
235.85	53408.12
235.90	53456.73
235.95	53488.86
236.00	53517.04
236.05	53541.97
236.11	53557.96
236.16	53587.02
236.21	53630.29
236.26	53676.41
236.31	53710.17
236.36	53743.85
236.41	53765.28
236.46	53781.62
236.51	53786.80
236.56	53802.20
236.62	53822.14
236.67	53855.30
236.72	53897.24
236.77	53927.96
236.82	53974.03
236.87	54002.71
236.92	54025.89
236.97	54065.07
237.02	54111.19
237.07	54157.79
237.13	54226.43
237.18	54289.06
237.23	54319.76
237.28	54368.56
237.33	54403.96
237.38	54414.40
237.43	54430.08
237.48	54446.71
237.53	54461.50
237.58	54491.24
237.63	54543.93
237.69	54584.07
237.74	54635.35
237.79	54680.10
237.84	54687.65
237.89	54686.36
237.94	54693.67
237.99	54707.25
238.04	54716.39
238.09	54732.33
238.14	54758.94
238.19	54792.66
238.25	54810.39
238.30	54814.78
238.35	54822.87
238.40	54835.07
238.45	54840.54
238.50	54852.26
238.55	54860.04
238.60	54898.06
238.65	54907.45
238.70	54917.99
238.75	54927.96
238.80	54957.86
238.86	54958.49
238.91	54978.31
238.96	55006.46
239.01	55044.34
239.06	55078.84
239.11	55109.22
239.16	55131.42
239.21	55132.52
239.26	55115.02
239.31	55117.96
239.36	55118.43
239.41	55133.29
239.46	55161.25
239.52	55193.09
239.57	55213.81
239.62	55242.54
239.67	55268.81
239.72	55289.76
239.77	55314.85
239.82	55332.31
239.87	55346.80
239.92	55351.97
239.97	55351.54
240.02	55339.75
240.07	55322.73
240.12	55321.34
240.17	55328.36
240.23	55326.71
240.28	55337.08
240.33	55359.42
240.38	55349.28
240.43	55345.02
240.48	55370.91
240.53	55386.10
240.58	55402.39
240.63	55438.62
240.68	55442.75
240.73	55426.16
240.78	55423.29
240.83	55415.53
240.88	55392.00
240.93	55393.24
240.98	55398.81
241.04	55421.54
241.09	55434.94
241.14	55464.02
241.19	55497.10
241.24	55519.79
241.29	55525.80
241.34	55544.54
241.39	55556.69
241.44	55557.39
241.49	55568.92
241.54	55562.84
241.59	55551.34
241.64	55547.77
241.69	55540.85
241.74	55526.98
241.79	55526.60
241.84	55518.87
241.90	55501.08
241.95	55477.89
242.00	55445.06
242.05	55423.23
242.10	55406.86
242.15	55391.19
242.20	55387.28
242.25	55396.05
242.30	55384.49
242.35	55382.78
242.40	55383.70
242.45	55374.45
242.50	55361.41
242.55	55356.07
242.60	55344.76
242.65	55339.50
242.70	55353.12
242.75	55380.45
242.80	55421.76
242.85	55454.62
242.91	55469.32
242.96	55463.46
243.01	55451.15
243.06	55428.64
243.11	55399.75
243.16	55388.07
243.21	55387.65
243.26	55387.59
243.31	55390.33
243.36	55397.36
243.41	55404.66
243.46	55405.31
243.51	55376.28
243.56	55323.80
243.61	55274.11
243.66	55236.70
243.71	55202.08
243.76	55201.57
243.81	55216.19
243.86	55220.82
243.91	55217.46
243.96	55210.76
244.01	55189.93
244.06	55165.10
244.12	55156.51
244.17	55135.76
244.22	55132.85
244.27	55154.35
244.32	55186.35
244.37	55212.17
244.42	55222.01
244.47	55216.69
244.52	55190.54
244.57	55153.00
244.62	55120.17
244.67	55105.73
244.72	55087.47
244.77	55085.41
244.82	55103.20
244.87	55133.18
244.92	55157.62
244.97	55175.08
245.02	55168.53
245.07	55141.99
245.12	55111.21
245.17	55092.17
245.22	55087.25
245.27	55084.60
245.32	55061.90
245.37	55030.86
245.42	54978.80
245.47	54931.51
245.52	54882.11
245.57	54865.00
245.62	54839.58
245.67	54832.56
245.72	54820.50
245.77	54806.96
245.82	54792.03
245.87	54790.81
245.92	54799.27
245.98	54798.75
246.03	54805.31
246.08	54808.98
246.13	54806.91
246.18	54808.69
246.23	54797.56
246.28	54776.55
246.33	54761.48
246.38	54742.49
246.43	54710.31
246.48	54693.49
246.53	54700.85
246.58	54715.16
246.63	54715.43
246.68	54704.32
246.73	54686.49
246.78	54656.31
246.83	54597.78
246.88	54535.14
246.93	54483.91
246.98	54438.63
247.03	54410.09
247.08	54394.68
247.13	54395.50
247.18	54400.39
247.23	54419.32
247.28	54424.37
247.33	54417.43
247.38	54393.92
247.43	54377.17
247.48	54356.67
247.53	54324.89
247.58	54285.98
247.63	54263.81
247.68	54218.93
247.73	54158.66
247.78	54113.70
247.83	54088.89
247.88	54064.98
247.93	54058.17
247.98	54060.92
248.03	54061.13
248.08	54075.07
248.13	54077.97
248.18	54067.36
248.23	54063.77
248.28	54040.11
248.33	53987.19
248.38	53946.86
248.43	53919.15
248.48	53890.25
248.53	53878.73
248.58	53868.25
248.63	53864.17
248.68	53847.02
248.73	53830.41
248.78	53793.97
248.83	53749.80
248.88	53683.79
248.93	53616.33
248.98	53534.61
249.03	53491.49
249.08	53468.43
249.13	53462.27
249.18	53459.11
249.23	53465.10
249.28	53452.98
249.33	53449.84
249.38	53432.38
249.43	53412.84
249.48	53397.36
249.53	53391.48
249.58	53358.73
249.63	53340.59
249.68	53326.06
249.73	53306.14
249.78	53282.20
249.83	53281.28
249.88	53258.36
249.93	53243.60
249.98	53231.24
250.03	53220.09
250.08	53189.84
250.13	53181.42
250.18	53152.94
250.23	53113.52
250.28	53066.18
250.33	53016.19
250.37	52969.34
250.42	52930.08
250.47	52910.23
250.52	52901.05
250.57	52888.74
250.62	52861.23
250.67	52831.88
250.72	52806.21
250.77	52747.91
250.82	52724.44
250.87	52717.78
250.92	52713.84
250.97	52692.82
251.02	52697.26
251.07	52691.83
251.12	52670.32
251.17	52641.57
251.22	52607.47
251.27	52571.01
251.32	52517.29
251.37	52464.83
251.42	52405.10
251.47	52360.17
251.52	52326.66
251.57	52312.53
251.62	52299.95
251.67	52295.81
251.72	52290.64
251.77	52263.83
251.82	52223.22
251.87	52174.93
251.92	52129.51
251.97	52070.95
252.02	52023.63
252.07	51991.77
252.12	51972.81
252.16	51959.08
252.21	51958.59
252.26	51970.19
252.31	51971.00
252.36	51968.38
252.41	51955.08
252.46	51927.17
252.51	51893.23
252.56	51856.39
252.61	51826.02
252.66	51795.01
252.71	51772.23
252.76	51747.58
252.81	51703.23
252.86	51641.14
252.91	51598.91
252.96	51534.72
253.01	51462.05
253.06	51401.91
253.11	51360.07
253.16	51308.92
253.21	51267.88
253.26	51230.04
253.31	51206.85
253.36	51184.83
253.40	51162.31
253.45	51150.98
253.50	51118.17
253.55	51084.17
253.60	51032.05
253.65	50985.72
253.70	50950.42
253.75	50936.32
253.80	50916.04
253.85	50916.98
253.90	50922.70
253.95	50912.68
254.00	50906.78
254.05	50899.57
254.10	50862.70
254.15	50824.43
254.20	50790.14
254.25	50752.64
254.30	50713.73
254.35	50680.28
254.39	50614.48
254.44	50532.19
254.49	50458.47
254.54	50407.90
254.59	50365.00
254.64	50357.72
254.69	50358.65
254.74	50358.40
254.79	50344.27
254.84	50315.23
254.89	50295.96
254.94	50282.19
254.99	50270.07
255.04	50247.82
255.09	50244.87
255.14	50219.37
255.19	50202.50
255.23	50185.15
255.28	50181.97
255.33	50170.60
255.38	50162.20
255.43	50147.92
255.48	50120.23
255.53	50072.91
255.58	50034.74
255.63	49994.52
255.68	49945.19
255.73	49898.02
255.78	49869.07
255.83	49852.64
255.88	49829.75
255.93	49804.27
255.97	49790.59
256.02	49760.77
256.07	49717.88
256.12	49651.17
256.17	49598.36
256.22	49538.89
256.27	49486.08
256.32	49438.47
256.37	49420.00
256.42	49408.56
256.47	49383.31
256.52	49358.91
256.57	49330.82
256.62	49319.70
256.66	49299.01
256.71	49270.57
256.76	49235.83
256.81	49191.25
256.86	49134.59
256.91	49084.38
256.96	49043.82
257.01	49006.94
257.06	48979.68
257.11	48949.37
257.16	48898.02
257.21	48857.81
257.26	48822.68
257.30	48791.59
257.35	48744.62
257.40	48725.97
257.45	48703.47
257.50	48673.51
257.55	48634.01
257.60	48615.79
257.65	48581.31
257.70	48549.61
257.75	48514.64
257.80	48490.80
257.85	48454.07
257.89	48411.02
257.94	48352.78
257.99	48289.48
258.04	48232.90
258.09	48193.89
258.14	48161.17
258.19	48146.76
258.24	48134.10
258.29	48092.67
258.34	48044.14
258.39	48009.00
258.44	47944.17
258.48	47894.61
258.53	47862.79
258.58	47825.72
258.63	47777.40
258.68	47741.27
258.73	47702.01
258.78	47662.43
258.83	47617.13
258.88	47573.08
258.93	47541.33
258.97	47512.03
259.02	47476.86
259.07	47459.84
259.12	47448.48
259.17	47432.29
259.22	47411.37
259.27	47391.82
259.32	47371.99
259.37	47322.95
259.42	47285.72
259.47	47246.22
259.51	47193.39
259.56	47128.82
259.61	47064.44
259.66	46984.37
259.71	46910.48
259.76	46855.66
259.81	46795.90
259.86	46764.32
259.91	46731.58
259.95	46707.96
260.00	46673.92
260.05	46651.95
260.10	46632.31
260.15	46619.18
260.20	46600.07
260.25	46596.38
260.30	46589.24
260.35	46559.29
260.40	46527.86
260.44	46501.86
260.49	46477.17
260.54	46440.81
260.59	46413.67
260.64	46406.93
260.69	46396.88
260.74	46358.29
260.79	46323.48
260.84	46281.72
260.88	46213.31
260.93	46133.98
260.98	46096.15
261.03	46050.60
261.08	46022.06
261.13	45992.61
261.18	45966.27
261.23	45906.38
261.28	45863.69
261.32	45816.98
261.37	45771.27
261.42	45732.16
261.47	45715.66
261.52	45667.62
261.57	45622.61
261.62	45579.27
261.67	45526.32
261.71	45457.72
261.76	45427.32
261.81	45383.97
261.86	45333.98
261.91	45291.00
261.96	45254.86
262.01	45206.55
262.06	45176.50
262.10	45156.14
262.15	45135.04
262.20	45116.58
262.25	45095.81
262.30	45074.68
262.35	45049.83
262.40	45027.06
262.45	44991.75
262.49	44963.55
262.54	44923.32
262.59	44892.07
262.64	44862.92
262.69	44824.36
262.74	44778.59
262.79	44725.21
262.84	44686.95
262.88	44635.69
262.93	44589.95
262.98	44550.10
263.03	44511.51
263.08	44459.61
263.13	44390.26
263.18	44333.80
263.23	44272.40
263.27	44227.88
263.32	44191.04
263.37	44176.57
263.42	44153.67
263.47	44121.85
263.52	44104.12
263.57	44068.48
263.61	44029.99
263.66	43992.62
263.71	43972.83
263.76	43932.53
263.81	43888.96
263.86	43859.36
263.91	43816.30
263.95	43742.90
264.00	43675.34
264.05	43624.58
264.10	43556.87
264.15	43489.39
264.20	43459.29
264.25	43418.59
264.29	43374.69
264.34	43321.68
264.39	43291.08
264.44	43234.50
264.49	43186.47
264.54	43140.18
264.59	43108.12
264.63	43069.67
264.68	43023.48
264.73	42973.84
264.78	42918.91
264.83	42858.08
264.88	42812.51
264.93	42786.24
264.97	42760.97
265.02	42737.09
265.07	42723.56
265.12	42675.83
265.17	42627.86
265.22	42586.61
265.27	42534.51
265.31	42474.23
265.36	42420.42
265.41	42366.63
265.46	42305.77
265.51	42236.69
265.56	42177.12
265.60	42127.41
265.65	42065.96
265.70	42007.58
265.75	41959.99
265.80	41907.10
265.85	41843.62
265.90	41794.68
265.94	41739.30
265.99	41672.14
266.04	41618.98
266.09	41581.93
266.14	41539.24
266.19	41500.27
266.23	41470.74
266.28	41428.06
266.33	41388.53
266.38	41360.47
266.43	41342.52
266.48	41329.40
266.52	41307.66
266.57	41270.81
266.62	41226.97
266.67	41173.53
266.72	41120.83
266.77	41086.25
266.81	41060.76
266.86	41031.74
266.91	41001.02
266.96	40961.86
267.01	40915.97
267.06	40867.73
267.10	40820.80
267.15	40770.29
267.20	40740.39
267.25	40707.48
267.30	40673.65
267.35	40634.32
267.39	40601.14
267.44	40560.86
267.49	40506.67
267.54	40458.62
267.59	40414.29
267.64	40358.56
267.68	40290.69
267.73	40240.85
267.78	40202.48
267.83	40177.19
267.88	40166.38
267.93	40169.13
267.97	40159.80
268.02	40116.76
268.07	40067.08
268.12	40006.85
268.17	39934.09
268.21	39886.44
268.26	39841.37
268.31	39795.63
268.36	39752.09
268.41	39711.55
268.46	39661.52
268.50	39625.72
268.55	39577.54
268.60	39520.03
268.65	39462.73
268.70	39384.10
268.74	39313.20
268.79	39240.87
268.84	39189.30
268.89	39144.69
268.94	39112.84
268.99	39077.19
269.03	39040.43
269.08	38986.46
269.13	38913.43
269.18	38833.11
269.23	38729.91
269.27	38623.09
269.32	38502.30
269.37	38381.66
269.42	38247.37
269.47	38111.32
269.51	37968.47
269.56	37833.47
269.61	37694.07
269.66	37544.67
269.71	37395.94
269.76	37252.12
269.80	37096.24
269.85	36942.62
269.90	36804.96
269.95	36657.06
270.00	36497.84
270.04	36350.92
270.09	36200.59
270.14	36059.66
270.19	35925.26
270.24	35792.40
270.28	35636.40
270.33	35478.70
270.38	35297.60
270.43	35117.69
270.48	34944.42
270.52	34790.52
270.57	34628.42
270.62	34470.75
270.67	34315.02
270.72	34161.35
270.76	33986.33
270.81	33817.52
270.86	33646.17
270.91	33471.94
270.96	33300.49
271.00	33140.77
271.05	32984.97
271.10	32844.22
271.15	32713.03
271.20	32582.06
271.24	32444.33
271.29	32310.16
271.34	32166.76
271.39	32020.14
271.44	31868.31
271.48	31729.16
271.53	31581.20
271.58	31436.48
271.63	31285.81
271.67	31144.89
271.72	31007.34
271.77	30863.75
271.82	30725.52
271.87	30589.57
271.91	30428.86
271.96	30277.08
272.01	30141.88
272.06	30005.47
272.11	29884.86
272.15	29780.77
272.20	29672.87
272.25	29572.76
272.30	29472.23
272.35	29367.98
272.39	29264.57
272.44	29145.33
272.49	29010.21
272.54	28872.81
272.58	28723.90
272.63	28572.77
272.68	28419.08
272.73	28265.16
272.78	28093.12
272.82	27887.36
272.87	27657.04
272.92	27374.83
272.97	26848.08
273.01	23885.14
273.06	18943.94
273.11	13494.49
273.16	8140.77
273.21	3063.06
273.25	463.85
273.30	-88.74
273.35	-89.40
