165.32	3379.23
165.38	-247.29
165.44	595.68
165.50	-78.12
165.55	-20.68
165.61	0.33
165.67	27.17
165.72	35.62
165.78	40.65
165.84	38.87
165.89	35.83
165.95	34.16
166.01	33.08
166.06	34.48
166.12	37.51
166.18	35.78
166.23	37.57
166.29	37.13
166.35	33.84
166.40	32.49
166.46	38.99
166.52	41.82
166.57	42.77
166.63	43.47
166.69	45.93
166.74	40.20
166.80	40.76
166.86	42.86
166.91	43.82
166.97	38.48
167.03	40.99
167.08	35.07
167.14	34.02
167.20	31.84
167.25	44.07
167.31	44.24
167.37	49.52
167.42	51.06
167.48	57.57
167.54	51.94
167.59	51.23
167.65	46.86
167.71	47.06
167.76	45.49
167.82	40.84
167.88	40.90
167.93	48.47
167.99	47.02
168.05	48.99
168.10	56.72
168.16	55.97
168.21	54.31
168.27	58.86
168.33	60.88
168.38	54.31
168.44	59.01
168.50	57.77
168.55	56.45
168.61	57.04
168.67	58.93
168.72	56.35
168.78	56.37
168.84	52.06
168.89	50.40
168.95	50.85
169.01	49.72
169.06	48.92
169.12	48.28
169.18	46.58
169.23	46.37
169.29	51.04
169.34	56.24
169.40	58.82
169.46	63.47
169.51	66.02
169.57	61.50
169.63	56.76
169.68	61.86
169.74	57.78
169.80	63.50
169.85	64.76
169.91	69.55
169.97	65.71
170.02	65.80
170.08	64.34
170.13	64.63
170.19	63.82
170.25	65.13
170.30	69.61
170.36	61.39
170.42	63.90
170.47	64.94
170.53	66.79
170.59	63.35
170.64	67.06
170.70	65.03
170.76	62.39
170.81	63.78
170.87	63.26
170.92	64.21
170.98	67.47
171.04	69.87
171.09	65.29
171.15	72.45
171.21	73.70
171.26	70.12
171.32	66.91
171.37	71.08
171.43	66.09
171.49	70.42
171.54	74.11
171.60	76.10
171.66	77.79
171.71	77.71
171.77	75.14
171.83	80.70
171.88	80.23
171.94	79.92
171.99	84.86
172.05	84.37
172.11	85.65
172.16	93.77
172.22	94.24
172.28	94.51
172.33	91.88
172.39	88.74
172.44	85.96
172.50	91.38
172.56	90.95
172.61	99.59
172.67	98.92
172.72	98.50
172.78	92.78
172.84	87.73
172.89	80.91
172.95	79.97
173.01	81.14
173.06	80.19
173.12	85.72
173.17	86.82
173.23	86.53
173.29	86.55
173.34	88.16
173.40	82.59
173.46	83.22
173.51	85.96
173.57	86.27
173.62	80.65
173.68	87.33
173.74	86.26
173.79	88.03
173.85	84.64
173.90	87.27
173.96	83.65
174.02	81.18
174.07	72.68
174.13	72.15
174.18	74.77
174.24	68.52
174.30	68.73
174.35	73.83
174.41	70.68
174.47	64.49
174.52	64.91
174.58	63.58
174.63	59.02
174.69	57.95
174.75	59.74
174.80	70.89
174.86	68.52
174.91	70.20
174.97	70.44
175.03	68.07
175.08	56.01
175.14	62.84
175.19	58.33
175.25	58.60
175.31	62.90
175.36	64.44
175.42	61.66
175.47	66.72
175.53	66.93
175.59	62.87
175.64	64.83
175.70	62.88
175.75	58.30
175.81	57.16
175.87	58.61
175.92	54.23
175.98	55.73
176.03	55.65
176.09	55.75
176.15	55.81
176.20	57.03
176.26	56.57
176.31	60.10
176.37	58.03
176.42	58.76
176.48	62.39
176.54	60.12
176.59	56.74
176.65	59.37
176.70	61.18
176.76	60.49
176.82	58.42
176.87	55.56
176.93	55.26
176.98	53.81
177.04	48.53
177.10	53.27
177.15	55.06
177.21	55.79
177.26	54.98
177.32	59.19
177.37	60.83
177.43	64.25
177.49	60.86
177.54	57.84
177.60	58.14
177.65	58.82
177.71	53.44
177.77	56.79
177.82	58.97
177.88	62.61
177.93	58.04
177.99	64.77
178.04	59.80
178.10	60.20
178.16	53.63
178.21	54.33
178.27	51.19
178.32	55.69
178.38	54.57
178.43	56.69
178.49	56.60
178.55	55.73
178.60	54.58
178.66	53.87
178.71	54.88
178.77	53.24
178.82	54.45
178.88	54.07
178.94	55.04
178.99	56.24
179.05	60.27
179.10	56.11
179.16	58.70
179.21	60.37
179.27	58.89
179.33	54.49
179.38	58.67
179.44	57.54
179.49	57.94
179.55	56.05
179.60	56.16
179.66	54.70
179.72	56.53
179.77	53.49
179.83	52.42
179.88	54.28
179.94	55.73
179.99	51.82
180.05	52.22
180.11	53.07
180.16	55.08
180.22	57.61
180.27	62.60
180.33	63.57
180.38	67.99
180.44	63.90
180.49	63.50
180.55	61.04
180.61	65.26
180.66	60.04
180.72	58.39
180.77	56.47
180.83	56.26
180.88	53.13
180.94	52.85
180.99	56.83
181.05	57.07
181.11	58.72
181.16	59.39
181.22	60.99
181.27	63.06
181.33	61.74
181.38	58.47
181.44	59.41
181.49	63.79
181.55	64.57
181.61	70.91
181.66	73.53
181.72	71.66
181.77	68.96
181.83	66.57
181.88	71.37
181.94	73.02
181.99	77.97
182.05	78.61
182.11	79.41
182.16	70.41
182.22	68.31
182.27	63.85
182.33	66.20
182.38	65.81
182.44	70.72
182.49	73.55
182.55	76.02
182.60	75.70
182.66	79.11
182.72	81.39
182.77	83.21
182.83	85.89
182.88	89.00
182.94	90.11
182.99	87.30
183.05	85.64
183.10	87.48
183.16	86.68
183.21	88.17
183.27	95.59
183.32	100.11
183.38	104.25
183.44	111.43
183.49	116.31
183.55	117.47
183.60	124.28
183.66	130.37
183.71	139.91
183.77	148.13
183.82	158.17
183.88	169.50
183.93	180.76
183.99	194.16
184.04	210.74
184.10	223.22
184.15	235.12
184.21	248.99
184.27	250.78
184.32	252.00
184.38	249.86
184.43	245.19
184.49	228.07
184.54	211.26
184.60	201.32
184.65	187.77
184.71	178.84
184.76	181.03
184.82	197.89
184.87	215.24
184.93	240.32
184.98	268.23
185.04	299.48
185.09	325.04
185.15	350.22
185.20	382.54
185.26	417.20
185.31	446.09
185.37	473.97
185.43	495.81
185.48	515.96
185.54	538.21
185.59	564.27
185.65	590.52
185.70	631.00
185.76	676.10
185.81	711.72
185.87	748.21
185.92	791.01
185.98	825.65
186.03	842.16
186.09	844.26
186.14	819.47
186.20	766.11
186.25	679.49
186.31	593.27
186.36	526.07
186.42	497.39
186.47	507.04
186.53	556.45
186.58	626.67
186.64	702.40
186.69	775.30
186.75	837.72
186.80	895.97
186.86	955.26
186.91	1013.17
186.97	1068.22
187.02	1135.42
187.08	1200.66
187.13	1253.82
187.19	1313.41
187.24	1371.17
187.30	1412.15
187.35	1451.84
187.41	1505.50
187.47	1555.50
187.52	1602.41
187.58	1659.83
187.63	1734.96
187.69	1812.84
187.74	1879.38
187.80	1936.75
187.85	1985.54
187.91	2007.01
187.96	1992.42
188.02	1935.13
188.07	1837.44
188.13	1689.84
188.18	1532.38
188.24	1416.96
188.29	1363.18
188.35	1373.05
188.40	1455.73
188.46	1584.08
188.51	1709.52
188.57	1839.21
188.62	1966.28
188.67	2083.56
188.73	2192.41
188.78	2298.64
188.84	2401.34
188.89	2505.42
188.95	2610.42
189.00	2702.32
189.06	2800.21
189.11	2894.88
189.17	2977.97
189.22	3050.22
189.28	3139.71
189.33	3216.06
189.39	3279.97
189.44	3346.31
189.50	3419.48
189.55	3486.21
189.61	3539.96
189.66	3598.57
189.72	3657.07
189.77	3708.31
189.83	3734.49
189.88	3742.84
189.94	3711.57
189.99	3629.05
190.05	3474.97
190.10	3255.72
190.16	3003.32
190.21	2776.85
190.27	2629.19
190.32	2584.50
190.38	2645.25
190.43	2787.72
190.49	2958.95
190.54	3103.69
190.60	3230.95
190.65	3336.42
190.71	3427.36
190.76	3515.18
190.81	3608.78
190.87	3707.54
190.92	3829.21
190.98	3960.30
191.03	4095.71
191.09	4237.90
191.14	4361.56
191.20	4462.12
191.25	4565.23
191.31	4669.54
191.36	4772.70
191.42	4887.41
191.47	5015.22
191.53	5138.17
191.58	5241.72
191.64	5326.20
191.69	5398.71
191.75	5446.55
191.80	5478.24
191.85	5497.96
191.91	5518.82
191.96	5539.21
192.02	5568.20
192.07	5584.47
192.13	5579.77
192.18	5532.35
192.24	5416.40
192.29	5222.00
192.35	4998.63
192.40	4817.08
192.46	4709.78
192.51	4706.81
192.57	4801.76
192.62	4975.70
192.67	5159.89
192.73	5337.12
192.78	5498.47
192.84	5648.58
192.89	5786.67
192.95	5917.16
193.00	6032.53
193.06	6145.38
193.11	6256.82
193.17	6348.14
193.22	6434.15
193.28	6525.87
193.33	6601.50
193.38	6667.93
193.44	6740.29
193.49	6813.93
193.55	6874.41
193.60	6931.02
193.66	6985.28
193.71	7028.81
193.77	7054.28
193.82	7071.54
193.88	7089.49
193.93	7114.31
193.98	7139.85
194.04	7176.70
194.09	7224.63
194.15	7279.12
194.20	7322.65
194.26	7366.22
194.31	7409.78
194.37	7435.28
194.42	7440.30
194.47	7428.97
194.53	7385.44
194.58	7296.43
194.64	7187.48
194.69	7089.92
194.75	7020.86
194.80	7003.38
194.86	7042.53
194.91	7131.89
194.97	7237.38
195.02	7346.73
195.07	7452.38
195.13	7552.40
195.18	7658.99
195.24	7758.07
195.29	7860.30
195.35	7949.98
195.40	8042.34
195.46	8114.69
195.51	8200.60
195.56	8283.67
195.62	8371.18
195.67	8449.08
195.73	8530.62
195.78	8587.88
195.84	8629.68
195.89	8659.12
195.94	8690.50
196.00	8726.69
196.05	8770.40
196.11	8827.11
196.16	8887.66
196.22	8953.39
196.27	9010.42
196.32	9065.85
196.38	9113.51
196.43	9164.31
196.49	9201.21
196.54	9243.10
196.60	9291.16
196.65	9336.13
196.71	9376.86
196.76	9424.35
196.81	9464.37
196.87	9497.95
196.92	9527.85
196.98	9548.76
197.03	9559.72
197.09	9552.74
197.14	9541.11
197.19	9542.35
197.25	9558.40
197.30	9584.52
197.36	9639.02
197.41	9705.60
197.47	9768.08
197.52	9828.79
197.57	9896.03
197.63	9949.70
197.68	10006.02
197.74	10059.06
197.79	10104.33
197.84	10146.35
197.90	10195.55
197.95	10235.50
198.01	10277.20
198.06	10321.73
198.12	10365.34
198.17	10401.98
198.22	10439.09
198.28	10473.72
198.33	10516.77
198.39	10558.97
198.44	10606.00
198.49	10654.60
198.55	10705.42
198.60	10752.01
198.66	10793.08
198.71	10844.73
198.77	10890.01
198.82	10940.27
198.87	10983.29
198.93	11038.35
198.98	11080.78
199.04	11126.56
199.09	11165.31
199.14	11206.98
199.20	11247.73
199.25	11289.02
199.31	11335.37
199.36	11382.80
199.42	11432.37
199.47	11470.58
199.52	11514.41
199.58	11551.62
199.63	11578.22
199.69	11608.99
199.74	11642.42
199.79	11665.98
199.85	11695.40
199.90	11739.92
199.96	11776.53
200.01	11819.14
200.06	11872.58
200.12	11924.13
200.17	11972.98
200.23	12027.05
200.28	12074.33
200.33	12124.21
200.39	12169.52
200.44	12212.37
200.50	12254.50
200.55	12291.43
200.60	12327.04
200.66	12365.78
200.71	12400.93
200.77	12440.58
200.82	12483.91
200.87	12522.68
200.93	12558.16
200.98	12603.01
201.04	12643.72
201.09	12687.32
201.14	12742.22
201.20	12793.74
201.25	12848.58
201.31	12904.52
201.36	12968.52
201.41	13020.84
201.47	13081.12
201.52	13126.15
201.58	13183.82
201.63	13229.91
201.68	13278.32
201.74	13324.75
201.79	13378.96
201.84	13434.41
201.90	13484.01
201.95	13532.72
202.01	13584.45
202.06	13633.71
202.11	13667.79
202.17	13712.17
202.22	13760.12
202.28	13803.07
202.33	13841.94
202.38	13882.85
202.44	13932.26
202.49	13976.95
202.54	14029.08
202.60	14082.10
202.65	14132.62
202.71	14178.78
202.76	14219.70
202.81	14254.89
202.87	14302.10
202.92	14350.32
202.98	14399.23
203.03	14453.58
203.08	14512.31
203.14	14563.41
203.19	14619.98
203.24	14674.04
203.30	14724.75
203.35	14774.02
203.41	14823.59
203.46	14867.35
203.51	14909.89
203.57	14948.69
203.62	14996.22
203.67	15046.78
203.73	15091.67
203.78	15137.73
203.84	15190.21
203.89	15227.05
203.94	15263.48
204.00	15308.83
204.05	15345.87
204.10	15375.05
204.16	15405.23
204.21	15428.40
204.27	15443.98
204.32	15447.13
204.37	15452.01
204.43	15442.10
204.48	15428.24
204.53	15410.37
204.59	15432.63
204.64	15491.12
204.69	15590.26
204.75	15708.92
204.80	15844.00
204.86	15952.52
204.91	16032.53
204.96	16089.95
205.02	16126.94
205.07	16164.96
205.12	16224.50
205.18	16301.35
205.23	16388.82
205.28	16499.18
205.34	16602.89
205.39	16696.56
205.45	16775.64
205.50	16847.18
205.55	16908.25
205.61	16971.37
205.66	17025.06
205.71	17086.99
205.77	17146.07
205.82	17206.04
205.87	17258.74
205.93	17313.94
205.98	17356.44
206.03	17401.54
206.09	17449.81
206.14	17497.49
206.20	17554.46
206.25	17611.52
206.30	17670.85
206.36	17724.29
206.41	17787.86
206.46	17843.03
206.52	17891.43
206.57	17938.47
206.62	17980.08
206.68	18024.08
206.73	18069.14
206.78	18130.95
206.84	18191.37
206.89	18257.05
206.94	18316.54
207.00	18386.47
207.05	18452.06
207.11	18515.28
207.16	18571.48
207.21	18635.85
207.27	18691.72
207.32	18750.05
207.37	18811.25
207.43	18873.72
207.48	18925.25
207.53	18975.95
207.59	19027.98
207.64	19079.77
207.69	19146.53
207.75	19216.86
207.80	19276.04
207.85	19332.26
207.91	19390.66
207.96	19442.25
208.01	19495.52
208.07	19561.81
208.12	19621.44
208.17	19671.16
208.23	19722.31
208.28	19772.45
208.33	19826.71
208.39	19887.73
208.44	19960.74
208.49	20023.09
208.55	20083.10
208.60	20133.34
208.65	20183.66
208.71	20225.77
208.76	20281.13
208.81	20340.05
208.87	20407.79
208.92	20468.50
208.97	20534.56
209.03	20598.87
209.08	20659.84
209.13	20715.32
209.19	20777.00
209.24	20833.71
209.29	20893.89
209.35	20949.68
209.40	21018.71
209.45	21078.78
209.51	21148.20
209.56	21204.96
209.61	21271.82
209.67	21330.00
209.72	21390.18
209.77	21446.60
209.83	21512.55
209.88	21580.00
209.93	21642.89
209.99	21710.46
210.04	21776.97
210.09	21843.52
210.15	21903.69
210.20	21965.25
210.25	22034.62
210.31	22098.68
210.36	22152.70
210.41	22205.23
210.46	22261.41
210.52	22305.41
210.57	22349.95
210.62	22409.39
210.68	22472.52
210.73	22522.61
210.78	22591.40
210.84	22663.86
210.89	22727.73
210.94	22783.54
211.00	22850.58
211.05	22895.26
211.10	22953.91
211.16	23006.55
211.21	23078.27
211.26	23143.67
211.32	23218.90
211.37	23281.55
211.42	23353.32
211.47	23418.81
211.53	23487.23
211.58	23546.70
211.63	23603.75
211.69	23658.21
211.74	23707.71
211.79	23757.54
211.85	23816.32
211.90	23880.83
211.95	23951.22
212.01	24020.80
212.06	24100.79
212.11	24175.27
212.16	24250.71
212.22	24322.43
212.27	24387.42
212.32	24448.89
212.38	24516.13
212.43	24577.88
212.48	24636.26
212.54	24710.41
212.59	24782.02
212.64	24851.87
212.69	24921.24
212.75	24992.07
212.80	25054.62
212.85	25115.52
212.91	25167.34
212.96	25219.74
213.01	25284.09
213.07	25342.75
213.12	25404.12
213.17	25466.57
213.22	25536.58
213.28	25591.71
213.33	25647.56
213.38	25704.19
213.44	25768.17
213.49	25832.97
213.54	25901.47
213.60	25975.76
213.65	26054.38
213.70	26135.62
213.75	26198.07
213.81	26255.86
213.86	26317.38
213.91	26365.84
213.97	26406.11
214.02	26445.93
214.07	26491.61
214.12	26522.95
214.18	26557.39
214.23	26595.40
214.28	26633.61
214.34	26658.17
214.39	26679.75
214.44	26678.06
214.49	26652.21
214.55	26608.02
214.60	26541.62
214.65	26451.75
214.71	26377.50
214.76	26376.34
214.81	26462.98
214.86	26634.11
214.92	26859.05
214.97	27105.62
215.02	27300.96
215.08	27431.37
215.13	27508.42
215.18	27545.10
215.23	27557.86
215.29	27585.50
215.34	27659.76
215.39	27765.71
215.45	27917.52
215.50	28096.82
215.55	28269.14
215.60	28401.82
215.66	28501.93
215.71	28578.42
215.76	28643.03
215.81	28701.00
215.87	28754.72
215.92	28815.16
215.97	28872.43
216.03	28939.76
216.08	28997.24
216.13	29063.79
216.18	29124.68
216.24	29189.40
216.29	29237.58
216.34	29295.94
216.39	29359.64
216.45	29424.46
216.50	29481.44
216.55	29540.00
216.61	29609.10
216.66	29662.80
216.71	29718.63
216.76	29774.75
216.82	29851.90
216.87	29917.39
216.92	29993.44
216.97	30066.63
217.03	30146.85
217.08	30215.56
217.13	30295.72
217.18	30366.31
217.24	30435.04
217.29	30506.74
217.34	30560.27
217.39	30605.75
217.45	30656.86
217.50	30708.56
217.55	30759.54
217.61	30821.22
217.66	30887.17
217.71	30950.94
217.76	31029.29
217.82	31109.62
217.87	31191.42
217.92	31268.03
217.97	31339.99
218.03	31403.42
218.08	31448.93
218.13	31492.86
218.18	31537.85
218.24	31602.65
218.29	31656.34
218.34	31718.54
218.39	31783.73
218.45	31841.42
218.50	31896.57
218.55	31964.00
218.60	32035.82
218.66	32094.82
218.71	32166.98
218.76	32230.34
218.81	32292.88
218.87	32357.17
218.92	32428.84
218.97	32500.70
219.02	32575.32
219.08	32644.27
219.13	32716.66
219.18	32773.32
219.23	32836.42
219.29	32892.85
219.34	32955.28
219.39	33021.16
219.44	33097.63
219.50	33161.78
219.55	33221.89
219.60	33290.87
219.65	33346.67
219.71	33412.77
219.76	33466.77
219.81	33529.70
219.86	33583.10
219.92	33634.93
219.97	33685.46
220.02	33744.31
220.07	33800.43
220.13	33859.85
220.18	33930.37
220.23	33993.63
220.28	34072.53
220.33	34144.49
220.39	34205.87
220.44	34258.22
220.49	34318.29
220.54	34363.93
220.60	34419.17
220.65	34481.31
220.70	34552.05
220.75	34619.06
220.81	34701.26
220.86	34778.14
220.91	34844.98
220.96	34914.88
221.02	34984.90
221.07	35050.55
221.12	35108.66
221.17	35170.11
221.22	35227.94
221.28	35295.42
221.33	35352.46
221.38	35412.84
221.43	35488.91
221.49	35552.69
221.54	35605.38
221.59	35667.13
221.64	35751.13
221.69	35833.07
221.75	35935.39
221.80	36038.92
221.85	36118.18
221.90	36192.18
221.96	36248.83
222.01	36278.63
222.06	36311.22
222.11	36363.12
222.17	36402.07
222.22	36429.03
222.27	36478.84
222.32	36529.90
222.37	36582.86
222.43	36641.38
222.48	36716.45
222.53	36786.17
222.58	36865.51
222.63	36940.87
222.69	37009.10
222.74	37081.68
222.79	37152.27
222.84	37192.12
222.90	37239.70
222.95	37290.28
223.00	37329.69
223.05	37375.70
223.10	37443.96
223.16	37499.82
223.21	37547.71
223.26	37599.64
223.31	37642.08
223.36	37679.93
223.42	37721.11
223.47	37753.94
223.52	37797.21
223.57	37842.93
223.63	37889.77
223.68	37937.68
223.73	38017.89
223.78	38092.45
223.83	38155.20
223.89	38218.30
223.94	38283.68
223.99	38342.68
224.04	38415.64
224.09	38502.06
224.15	38595.19
224.20	38686.04
224.25	38778.26
224.30	38858.05
224.35	38940.09
224.41	39033.44
224.46	39125.25
224.51	39202.46
224.56	39286.54
224.61	39374.23
224.67	39448.86
224.72	39522.02
224.77	39615.54
224.82	39711.31
224.87	39793.06
224.93	39870.72
224.98	39960.79
225.03	40044.48
225.08	40117.13
225.13	40195.09
225.19	40280.28
225.24	40362.38
225.29	40428.13
225.34	40505.61
225.39	40584.68
225.45	40660.10
225.50	40726.94
225.55	40798.02
225.60	40868.33
225.65	40936.56
225.71	40999.31
225.76	41057.55
225.81	41106.02
225.86	41143.98
225.91	41171.34
225.97	41180.80
226.02	41174.67
226.07	41147.42
226.12	41140.98
226.17	41177.36
226.22	41280.54
226.28	41444.67
226.33	41668.28
226.38	41875.89
226.43	42042.32
226.48	42153.75
226.54	42226.42
226.59	42275.11
226.64	42309.78
226.69	42330.58
226.74	42369.02
226.80	42426.38
226.85	42509.77
226.90	42613.18
226.95	42766.16
227.00	42914.58
227.05	43050.65
227.11	43173.94
227.16	43277.09
227.21	43360.80
227.26	43445.30
227.31	43523.23
227.37	43584.90
227.42	43663.58
227.47	43740.72
227.52	43815.39
227.57	43882.40
227.62	43968.49
227.68	44045.62
227.73	44125.28
227.78	44204.47
227.83	44289.38
227.88	44352.57
227.93	44422.24
227.99	44497.73
228.04	44563.71
228.09	44639.45
228.14	44713.56
228.19	44789.97
228.24	44859.02
228.30	44933.67
228.35	44993.52
228.40	45062.83
228.45	45118.76
228.50	45187.25
228.56	45252.79
228.61	45316.72
228.66	45374.00
228.71	45437.09
228.76	45478.05
228.81	45515.30
228.87	45571.78
228.92	45632.05
228.97	45698.50
229.02	45786.97
229.07	45871.63
229.12	45950.30
229.17	46017.09
229.23	46093.42
229.28	46170.20
229.33	46245.64
229.38	46324.20
229.43	46410.13
229.48	46480.96
229.54	46544.11
229.59	46614.28
229.64	46676.53
229.69	46759.05
229.74	46848.48
229.79	46914.35
229.85	46993.63
229.90	47069.92
229.95	47132.34
230.00	47190.19
230.05	47276.90
230.10	47337.01
230.16	47407.02
230.21	47466.28
230.26	47519.79
230.31	47558.22
230.36	47621.12
230.41	47676.82
230.46	47761.43
230.52	47855.68
230.57	47952.02
230.62	48029.78
230.67	48105.83
230.72	48156.49
230.77	48196.77
230.82	48240.14
230.88	48283.07
230.93	48329.78
230.98	48376.60
231.03	48432.29
231.08	48483.04
231.13	48537.60
231.19	48600.63
231.24	48671.68
231.29	48750.66
231.34	48815.88
231.39	48892.18
231.44	48959.40
231.49	49009.03
231.55	49048.15
231.60	49093.97
231.65	49145.16
231.70	49195.70
231.75	49251.10
231.80	49303.86
231.85	49363.62
231.91	49404.91
231.96	49449.75
232.01	49508.58
232.06	49575.85
232.11	49639.41
232.16	49713.52
232.21	49799.61
232.26	49889.28
232.32	49970.72
232.37	50048.73
232.42	50116.91
232.47	50163.69
232.52	50205.70
232.57	50251.94
232.62	50299.40
232.68	50366.94
232.73	50439.87
232.78	50514.70
232.83	50591.41
232.88	50668.12
232.93	50743.19
232.98	50817.56
233.03	50880.07
233.09	50942.01
233.14	51014.66
233.19	51065.67
233.24	51111.01
233.29	51153.34
233.34	51183.69
233.39	51209.13
233.45	51241.43
233.50	51278.88
233.55	51332.84
233.60	51400.54
233.65	51457.84
233.70	51517.34
233.75	51573.93
233.80	51623.08
233.86	51675.07
233.91	51723.03
233.96	51767.46
234.01	51821.94
234.06	51870.89
234.11	51930.47
234.16	51991.21
234.21	52056.40
234.26	52102.97
234.32	52146.22
234.37	52172.73
234.42	52209.53
234.47	52228.43
234.52	52262.23
234.57	52304.04
234.62	52343.51
234.67	52395.73
234.73	52456.89
234.78	52506.42
234.83	52553.67
234.88	52606.09
234.93	52633.79
234.98	52676.38
235.03	52724.49
235.08	52793.19
235.13	52852.62
235.19	52924.73
235.24	52987.06
235.29	53048.83
235.34	53078.26
235.39	53110.26
235.44	53134.55
235.49	53163.38
235.54	53198.18
235.59	53225.66
235.65	53262.81
235.70	53297.16
235.75	53336.57
235.80	53383.12
235.85	53436.78
235.90	53486.56
235.95	53525.29
236.00	53557.62
236.05	53572.53
236.11	53604.81
236.16	53633.18
236.21	53681.22
236.26	53723.58
236.31	53761.81
236.36	53778.56
236.41	53791.08
236.46	53793.16
236.51	53802.94
236.56	53816.55
236.62	53847.69
236.67	53888.42
236.72	53934.37
236.77	53963.57
236.82	54015.08
236.87	54045.96
236.92	54062.02
236.97	54096.38
237.02	54140.33
237.07	54184.98
237.13	54241.72
237.18	54304.87
237.23	54351.53
237.28	54394.73
237.33	54434.42
237.38	54455.81
237.43	54476.17
237.48	54480.55
237.53	54506.86
237.58	54527.96
237.63	54571.83
237.69	54618.15
237.74	54672.69
237.79	54706.88
237.84	54713.16
237.89	54721.27
237.94	54722.13
237.99	54732.11
238.04	54752.74
238.09	54784.34
238.14	54817.27
238.19	54845.68
238.25	54863.27
238.30	54857.77
238.35	54855.14
238.40	54846.49
238.45	54845.59
238.50	54853.01
238.55	54870.61
238.60	54900.88
238.65	54924.30
238.70	54950.32
238.75	54966.45
238.80	54988.57
238.86	54997.75
238.91	55010.63
238.96	55034.11
239.01	55072.26
239.06	55104.58
239.11	55129.98
239.16	55156.93
239.21	55152.16
239.26	55150.09
239.31	55152.54
239.36	55168.03
239.41	55187.05
239.46	55217.83
239.52	55241.65
239.57	55256.29
239.62	55263.82
239.67	55285.45
239.72	55308.20
239.77	55324.46
239.82	55347.99
239.87	55372.15
239.92	55379.52
239.97	55381.31
240.02	55371.76
240.07	55358.25
240.12	55358.20
240.17	55357.33
240.23	55345.42
240.28	55348.63
240.33	55358.04
240.38	55349.32
240.43	55351.79
240.48	55374.71
240.53	55401.24
240.58	55417.47
240.63	55456.05
240.68	55462.41
240.73	55461.98
240.78	55450.63
240.83	55453.22
240.88	55433.60
240.93	55428.75
240.98	55423.36
241.04	55440.40
241.09	55464.10
241.14	55484.87
241.19	55520.54
241.24	55554.56
241.29	55573.36
241.34	55579.22
241.39	55587.60
241.44	55591.30
241.49	55601.28
241.54	55596.95
241.59	55599.59
241.64	55601.16
241.69	55582.43
241.74	55568.58
241.79	55551.09
241.84	55533.46
241.90	55502.55
241.95	55484.87
242.00	55458.00
242.05	55439.94
242.10	55428.91
242.15	55423.02
242.20	55421.97
242.25	55419.43
242.30	55419.30
242.35	55417.12
242.40	55413.19
242.45	55401.42
242.50	55396.83
242.55	55397.56
242.60	55387.90
242.65	55388.90
242.70	55405.82
242.75	55429.07
242.80	55460.44
242.85	55488.02
242.91	55509.23
242.96	55506.95
243.01	55487.96
243.06	55465.18
243.11	55432.61
243.16	55409.97
243.21	55409.60
243.26	55408.97
243.31	55418.09
243.36	55429.62
243.41	55441.45
243.46	55427.01
243.51	55399.07
243.56	55341.36
243.61	55288.20
243.66	55243.54
243.71	55212.56
243.76	55216.97
243.81	55240.99
243.86	55245.03
243.91	55253.00
243.96	55250.71
244.01	55223.24
244.06	55196.01
244.12	55185.15
244.17	55169.67
244.22	55169.63
244.27	55197.10
244.32	55222.17
244.37	55246.96
244.42	55251.31
244.47	55252.92
244.52	55223.84
244.57	55188.87
244.62	55158.64
244.67	55136.34
244.72	55105.12
244.77	55097.85
244.82	55113.66
244.87	55139.42
244.92	55170.06
244.97	55194.78
245.02	55198.12
245.07	55164.56
245.12	55148.25
245.17	55119.25
245.22	55111.78
245.27	55101.78
245.32	55079.40
245.37	55035.54
245.42	54993.37
245.47	54938.05
245.52	54897.05
245.57	54886.92
245.62	54871.40
245.67	54855.05
245.72	54849.97
245.77	54827.59
245.82	54798.93
245.87	54794.25
245.92	54802.11
245.98	54799.14
246.03	54805.80
246.08	54822.59
246.13	54811.02
246.18	54817.85
246.23	54806.72
246.28	54798.39
246.33	54783.09
246.38	54763.42
246.43	54731.69
246.48	54722.15
246.53	54721.21
246.58	54723.37
246.63	54735.58
246.68	54720.47
246.73	54707.64
246.78	54673.12
246.83	54629.24
246.88	54572.27
246.93	54523.66
246.98	54471.73
247.03	54442.84
247.08	54425.48
247.13	54421.41
247.18	54422.07
247.23	54441.19
247.28	54444.88
247.33	54432.63
247.38	54413.00
247.43	54402.22
247.48	54380.98
247.53	54349.87
247.58	54314.38
247.63	54287.00
247.68	54243.12
247.73	54182.44
247.78	54147.92
247.83	54118.34
247.88	54088.66
247.93	54080.58
247.98	54084.96
248.03	54087.32
248.08	54107.15
248.13	54105.76
248.18	54097.96
248.23	54086.93
248.28	54063.29
248.33	54014.94
248.38	53985.94
248.43	53957.73
248.48	53942.22
248.53	53922.92
248.58	53913.82
248.63	53906.56
248.68	53885.63
248.73	53853.83
248.78	53819.33
248.83	53773.04
248.88	53703.72
248.93	53631.07
248.98	53553.74
249.03	53509.87
249.08	53479.96
249.13	53478.13
249.18	53478.89
249.23	53492.98
249.28	53479.28
249.33	53468.16
249.38	53451.03
249.43	53438.48
249.48	53416.14
249.53	53407.17
249.58	53383.58
249.63	53362.18
249.68	53346.38
249.73	53332.06
249.78	53307.10
249.83	53307.22
249.88	53280.85
249.93	53267.68
249.98	53256.70
250.03	53252.63
250.08	53226.28
250.13	53218.53
250.18	53188.59
250.23	53142.54
250.28	53091.39
250.33	53034.25
250.37	52988.22
250.42	52951.77
250.47	52923.14
250.52	52910.41
250.57	52904.10
250.62	52879.49
250.67	52850.01
250.72	52832.31
250.77	52779.96
250.82	52751.48
250.87	52740.60
250.92	52733.06
250.97	52702.35
251.02	52702.60
251.07	52698.97
251.12	52683.77
251.17	52645.05
251.22	52619.55
251.27	52589.07
251.32	52539.95
251.37	52479.63
251.42	52435.05
251.47	52397.68
251.52	52360.67
251.57	52346.91
251.62	52340.89
251.67	52334.78
251.72	52315.83
251.77	52285.76
251.82	52240.71
251.87	52195.93
251.92	52143.86
251.97	52089.14
252.02	52046.72
252.07	52018.66
252.12	51998.28
252.16	51996.72
252.21	51999.26
252.26	52005.79
252.31	51999.63
252.36	51999.59
252.41	51978.25
252.46	51952.74
252.51	51920.63
252.56	51890.41
252.61	51852.76
252.66	51825.47
252.71	51804.24
252.76	51773.23
252.81	51727.54
252.86	51674.69
252.91	51628.31
252.96	51561.57
253.01	51497.20
253.06	51440.11
253.11	51388.62
253.16	51345.86
253.21	51302.68
253.26	51269.40
253.31	51233.28
253.36	51219.91
253.40	51186.19
253.45	51175.38
253.50	51130.30
253.55	51101.79
253.60	51047.10
253.65	51006.31
253.70	50969.97
253.75	50965.82
253.80	50943.32
253.85	50938.60
253.90	50940.62
253.95	50928.72
254.00	50919.13
254.05	50916.32
254.10	50880.77
254.15	50845.39
254.20	50819.12
254.25	50781.72
254.30	50742.85
254.35	50705.06
254.39	50641.36
254.44	50559.09
254.49	50478.67
254.54	50443.87
254.59	50417.22
254.64	50402.33
254.69	50395.91
254.74	50399.51
254.79	50370.09
254.84	50333.99
254.89	50311.90
254.94	50299.93
254.99	50289.64
255.04	50270.73
255.09	50265.98
255.14	50239.26
255.19	50221.21
255.23	50204.92
255.28	50194.92
255.33	50180.78
255.38	50176.27
255.43	50160.29
255.48	50130.27
255.53	50091.58
255.58	50054.96
255.63	50022.62
255.68	49978.33
255.73	49933.54
255.78	49898.33
255.83	49875.98
255.88	49850.64
255.93	49823.69
255.97	49807.52
256.02	49782.64
256.07	49737.94
256.12	49670.92
256.17	49621.19
256.22	49560.46
256.27	49500.17
256.32	49452.91
256.37	49427.85
256.42	49407.45
256.47	49387.15
256.52	49365.83
256.57	49339.07
256.62	49327.95
256.66	49309.78
256.71	49285.28
256.76	49244.54
256.81	49196.39
256.86	49138.40
256.91	49096.62
256.96	49054.28
257.01	49028.45
257.06	49006.14
257.11	48976.38
257.16	48920.24
257.21	48877.55
257.26	48842.88
257.30	48813.37
257.35	48773.88
257.40	48748.23
257.45	48728.50
257.50	48694.28
257.55	48656.96
257.60	48632.89
257.65	48608.08
257.70	48570.42
257.75	48535.52
257.80	48505.07
257.85	48473.86
257.89	48432.80
257.94	48377.83
257.99	48317.98
258.04	48268.64
258.09	48227.17
258.14	48192.47
258.19	48177.54
258.24	48163.57
258.29	48121.49
258.34	48077.82
258.39	48039.43
258.44	47978.68
258.48	47918.98
258.53	47886.02
258.58	47842.43
258.63	47791.96
258.68	47751.39
258.73	47723.19
258.78	47679.08
258.83	47634.98
258.88	47592.74
258.93	47555.86
258.97	47518.79
259.02	47492.15
259.07	47473.01
259.12	47458.25
259.17	47451.82
259.22	47437.23
259.27	47415.15
259.32	47388.93
259.37	47342.94
259.42	47298.96
259.47	47256.08
259.51	47201.54
259.56	47141.16
259.61	47077.70
259.66	46998.45
259.71	46915.73
259.76	46860.98
259.81	46799.32
259.86	46762.59
259.91	46728.12
259.95	46704.12
260.00	46675.32
260.05	46662.28
260.10	46640.70
260.15	46631.31
260.20	46622.28
260.25	46610.53
260.30	46598.47
260.35	46574.62
260.40	46542.82
260.44	46512.34
260.49	46489.10
260.54	46453.34
260.59	46428.30
260.64	46417.28
260.69	46417.21
260.74	46379.85
260.79	46339.39
260.84	46293.11
260.88	46228.92
260.93	46152.90
260.98	46113.55
261.03	46069.56
261.08	46044.30
261.13	46015.41
261.18	45971.22
261.23	45913.08
261.28	45873.97
261.32	45829.62
261.37	45781.76
261.42	45744.32
261.47	45722.48
261.52	45682.76
261.57	45638.46
261.62	45597.38
261.67	45554.88
261.71	45492.36
261.76	45444.41
261.81	45396.53
261.86	45345.60
261.91	45298.96
261.96	45254.58
262.01	45223.54
262.06	45195.11
262.10	45175.17
262.15	45152.00
262.20	45141.29
262.25	45115.43
262.30	45096.44
262.35	45072.11
262.40	45051.21
262.45	45013.79
262.49	44987.82
262.54	44943.70
262.59	44910.45
262.64	44878.52
262.69	44851.18
262.74	44804.83
262.79	44759.44
262.84	44719.85
262.88	44670.43
262.93	44614.72
262.98	44579.53
263.03	44544.46
263.08	44490.37
263.13	44422.86
263.18	44367.92
263.23	44298.45
263.27	44244.79
263.32	44206.66
263.37	44188.18
263.42	44167.19
263.47	44143.54
263.52	44119.89
263.57	44080.96
263.61	44038.28
263.66	44003.07
263.71	43972.55
263.76	43934.74
263.81	43889.68
263.86	43857.00
263.91	43809.95
263.95	43744.02
264.00	43683.27
264.05	43638.68
264.10	43575.85
264.15	43511.66
264.20	43480.35
264.25	43433.26
264.29	43392.42
264.34	43340.99
264.39	43304.02
264.44	43248.09
264.49	43202.13
264.54	43154.12
264.59	43127.58
264.63	43087.97
264.68	43035.47
264.73	42985.82
264.78	42937.66
264.83	42878.23
264.88	42834.59
264.93	42811.52
264.97	42784.25
265.02	42755.17
265.07	42737.86
265.12	42698.43
265.17	42656.92
265.22	42620.90
265.27	42569.04
265.31	42508.35
265.36	42454.74
265.41	42396.88
265.46	42331.44
265.51	42262.64
265.56	42195.53
265.60	42135.70
265.65	42077.55
265.70	42017.06
265.75	41966.84
265.80	41919.46
265.85	41859.26
265.90	41802.37
265.94	41754.61
265.99	41688.62
266.04	41643.07
266.09	41603.66
266.14	41566.58
266.19	41527.09
266.23	41499.49
266.28	41447.19
266.33	41410.08
266.38	41376.19
266.43	41353.58
266.48	41342.12
266.52	41323.91
266.57	41290.78
266.62	41252.06
266.67	41197.17
266.72	41143.56
266.77	41110.79
266.81	41083.61
266.86	41050.22
266.91	41022.35
266.96	40981.10
267.01	40932.47
267.06	40879.72
267.10	40833.47
267.15	40778.40
267.20	40748.26
267.25	40714.72
267.30	40684.70
267.35	40653.77
267.39	40622.46
267.44	40577.76
267.49	40533.30
267.54	40478.28
267.59	40423.87
267.64	40367.79
267.68	40304.60
267.73	40247.84
267.78	40211.00
267.83	40188.28
267.88	40177.66
267.93	40173.59
267.97	40163.22
268.02	40121.72
268.07	40067.39
268.12	40013.78
268.17	39950.76
268.21	39904.52
268.26	39861.66
268.31	39818.07
268.36	39767.25
268.41	39724.53
268.46	39672.59
268.50	39640.44
268.55	39601.75
268.60	39551.24
268.65	39488.98
268.70	39412.11
268.74	39337.53
268.79	39260.16
268.84	39200.69
268.89	39161.87
268.94	39131.47
268.99	39090.46
269.03	39052.51
269.08	39008.21
269.13	38930.30
269.18	38850.29
269.23	38754.44
269.27	38638.43
269.32	38506.48
269.37	38388.86
269.42	38250.92
269.47	38117.34
269.51	37988.09
269.56	37853.94
269.61	37711.93
269.66	37562.72
269.71	37406.51
269.76	37255.97
269.80	37108.37
269.85	36960.24
269.90	36827.26
269.95	36680.78
270.00	36520.03
270.04	36368.85
270.09	36217.10
270.14	36061.15
270.19	35926.76
270.24	35799.22
270.28	35643.76
270.33	35479.82
270.38	35301.28
270.43	35118.04
270.48	34934.20
270.52	34778.78
270.57	34623.90
270.62	34475.44
270.67	34326.63
270.72	34175.83
270.76	33996.02
270.81	33827.67
270.86	33654.96
270.91	33481.25
270.96	33312.16
271.00	33158.53
271.05	33002.11
271.10	32861.65
271.15	32726.53
271.20	32599.41
271.24	32462.55
271.29	32327.17
271.34	32182.43
271.39	32037.65
271.44	31886.41
271.48	31751.64
271.53	31605.24
271.58	31462.27
271.63	31312.24
271.67	31169.20
271.72	31018.43
271.77	30869.85
271.82	30727.23
271.87	30592.04
271.91	30430.69
271.96	30288.01
272.01	30149.34
272.06	30020.78
272.11	29896.12
272.15	29790.65
272.20	29680.50
272.25	29588.60
272.30	29486.05
272.35	29381.88
272.39	29278.15
272.44	29161.09
272.49	29024.42
272.54	28890.02
272.58	28737.62
272.63	28586.54
272.68	28429.10
272.73	28271.23
272.78	28095.35
272.82	27900.11
272.87	27678.72
272.92	27400.80
272.97	26877.98
273.01	23916.24
273.06	18964.33
273.11	13506.35
273.16	8147.37
273.21	3066.28
273.25	462.66
273.30	-88.51
273.35	-88.82
