165.32	3379.72
165.38	-246.79
165.44	596.29
165.50	-77.38
165.55	-19.99
165.61	1.37
165.67	28.18
165.72	36.43
165.78	41.10
165.84	39.71
165.89	36.62
165.95	35.14
166.01	34.48
166.06	36.25
166.12	38.46
166.18	36.77
166.23	38.24
166.29	37.66
166.35	34.30
166.40	33.65
166.46	40.10
166.52	43.01
166.57	43.44
166.63	43.98
166.69	46.02
166.74	40.03
166.80	40.19
166.86	42.69
166.91	43.49
166.97	38.16
167.03	40.37
167.08	34.80
167.14	33.92
167.20	32.31
167.25	44.79
167.31	44.91
167.37	50.36
167.42	52.28
167.48	58.13
167.54	52.68
167.59	52.78
167.65	48.55
167.71	48.11
167.76	46.81
167.82	42.33
167.88	41.95
167.93	49.73
167.99	48.51
168.05	50.79
168.10	58.80
168.16	58.42
168.21	56.34
168.27	60.94
168.33	62.32
168.38	54.81
168.44	59.58
168.50	58.37
168.55	56.79
168.61	58.00
168.67	60.28
168.72	57.17
168.78	57.02
168.84	52.54
168.89	50.85
168.95	51.31
169.01	50.78
169.06	50.19
169.12	49.84
169.18	47.54
169.23	47.90
169.29	52.00
169.34	56.53
169.40	59.26
169.46	64.22
169.51	65.66
169.57	61.20
169.63	56.82
169.68	61.65
169.74	57.76
169.80	63.91
169.85	65.26
169.91	69.81
169.97	66.06
170.02	66.01
170.08	64.58
170.13	64.93
170.19	64.62
170.25	65.85
170.30	70.21
170.36	61.92
170.42	64.02
170.47	64.97
170.53	67.00
170.59	63.61
170.64	67.37
170.70	65.67
170.76	63.24
170.81	64.83
170.87	64.30
170.92	65.64
170.98	68.78
171.04	70.99
171.09	66.85
171.15	74.52
171.21	74.89
171.26	71.39
171.32	68.77
171.37	72.04
171.43	66.37
171.49	70.76
171.54	74.80
171.60	76.23
171.66	78.41
171.71	78.70
171.77	76.83
171.83	82.06
171.88	81.66
171.94	80.91
171.99	85.67
172.05	84.27
172.11	85.46
172.16	93.67
172.22	94.24
172.28	94.49
172.33	92.58
172.39	89.62
172.44	86.25
172.50	91.29
172.56	90.99
172.61	99.02
172.67	98.37
172.72	98.42
172.78	93.56
172.84	88.60
172.89	82.14
172.95	81.40
173.01	82.62
173.06	81.44
173.12	87.40
173.17	89.06
173.23	88.49
173.29	88.47
173.34	89.67
173.40	83.94
173.46	84.34
173.51	87.31
173.57	87.08
173.62	82.15
173.68	88.56
173.74	87.31
173.79	88.52
173.85	85.67
173.90	88.13
173.96	84.48
174.02	82.05
174.07	74.46
174.13	73.61
174.18	76.06
174.24	69.20
174.30	69.26
174.35	74.39
174.41	71.52
174.47	65.45
174.52	66.84
174.58	66.24
174.63	61.43
174.69	60.62
174.75	61.85
174.80	72.46
174.86	69.31
174.91	70.42
174.97	70.01
175.03	67.71
175.08	55.85
175.14	62.70
175.19	58.77
175.25	59.36
175.31	63.93
175.36	65.40
175.42	62.38
175.47	67.02
175.53	67.27
175.59	63.65
175.64	65.53
175.70	63.94
175.75	58.96
175.81	57.66
175.87	58.58
175.92	54.90
175.98	56.09
176.03	56.17
176.09	56.81
176.15	56.93
176.20	57.80
176.26	57.65
176.31	61.01
176.37	58.64
176.42	59.96
176.48	63.60
176.54	61.45
176.59	58.68
176.65	60.78
176.70	61.85
176.76	60.58
176.82	58.50
176.87	55.72
176.93	56.08
176.98	54.66
177.04	49.91
177.10	54.83
177.15	56.47
177.21	57.15
177.26	55.96
177.32	59.78
177.37	61.87
177.43	65.21
177.49	61.80
177.54	59.53
177.60	59.78
177.65	59.59
177.71	54.00
177.77	57.30
177.82	58.86
177.88	62.80
177.93	58.29
177.99	65.11
178.04	60.74
178.10	61.46
178.16	54.99
178.21	56.05
178.27	52.86
178.32	56.71
178.38	55.51
178.43	56.92
178.49	56.86
178.55	56.02
178.60	54.66
178.66	54.17
178.71	55.62
178.77	53.81
178.82	54.83
178.88	54.83
178.94	55.48
178.99	56.71
179.05	60.94
179.10	57.23
179.16	60.09
179.21	62.34
179.27	61.02
179.33	56.64
179.38	60.37
179.44	58.20
179.49	58.50
179.55	57.12
179.60	57.18
179.66	56.21
179.72	59.13
179.77	55.92
179.83	54.39
179.88	56.07
179.94	57.22
179.99	53.06
180.05	53.79
180.11	54.73
180.16	56.92
180.22	59.23
180.27	64.37
180.33	64.98
180.38	69.44
180.44	64.91
180.49	64.83
180.55	62.33
180.61	66.69
180.66	60.87
180.72	59.32
180.77	57.25
180.83	56.93
180.88	53.59
180.94	53.61
180.99	57.08
181.05	57.51
181.11	58.92
181.16	59.23
181.22	60.40
181.27	63.39
181.33	61.51
181.38	58.33
181.44	59.96
181.49	64.84
181.55	65.11
181.61	72.13
181.66	74.69
181.72	72.44
181.77	69.71
181.83	66.90
181.88	71.82
181.94	73.71
181.99	78.63
182.05	79.12
182.11	80.46
182.16	70.42
182.22	68.06
182.27	63.61
182.33	66.03
182.38	65.89
182.44	71.46
182.49	73.84
182.55	76.00
182.60	75.55
182.66	78.70
182.72	81.66
182.77	83.86
182.83	86.74
182.88	90.16
182.94	91.72
182.99	88.19
183.05	87.20
183.10	89.73
183.16	88.65
183.21	89.36
183.27	96.70
183.32	101.21
183.38	104.57
183.44	111.95
183.49	117.40
183.55	118.72
183.60	124.96
183.66	131.39
183.71	140.86
183.77	148.33
183.82	158.16
183.88	169.58
183.93	181.02
183.99	194.06
184.04	211.17
184.10	224.11
184.15	236.15
184.21	249.37
184.27	251.44
184.32	252.28
184.38	249.86
184.43	245.02
184.49	228.43
184.54	211.86
184.60	202.41
184.65	188.76
184.71	179.67
184.76	181.19
184.82	197.83
184.87	214.46
184.93	239.33
184.98	266.90
185.04	298.55
185.09	323.31
185.15	348.74
185.20	381.91
185.26	417.01
185.31	445.94
185.37	474.14
185.43	495.20
185.48	513.70
185.54	536.00
185.59	561.27
185.65	586.10
185.70	626.50
185.76	672.39
185.81	706.28
185.87	743.65
185.92	789.89
185.98	826.48
186.03	843.88
186.09	847.59
186.14	823.15
186.20	768.35
186.25	681.28
186.31	595.08
186.36	527.15
186.42	497.37
186.47	506.65
186.53	555.67
186.58	624.73
186.64	699.79
186.69	772.83
186.75	834.00
186.80	891.53
186.86	949.91
186.91	1008.04
186.97	1062.61
187.02	1131.56
187.08	1196.41
187.13	1249.49
187.19	1306.36
187.24	1364.56
187.30	1404.89
187.35	1444.87
187.41	1500.16
187.47	1551.96
187.52	1599.18
187.58	1655.79
187.63	1731.33
187.69	1807.27
187.74	1875.26
187.80	1933.23
187.85	1981.88
187.91	2002.52
187.96	1988.73
188.02	1932.49
188.07	1833.77
188.13	1687.91
188.18	1532.47
188.24	1416.43
188.29	1361.24
188.35	1372.73
188.40	1452.95
188.46	1577.98
188.51	1704.73
188.57	1834.62
188.62	1959.53
188.67	2076.13
188.73	2186.27
188.78	2290.83
188.84	2394.82
188.89	2497.80
188.95	2602.89
189.00	2696.27
189.06	2794.55
189.11	2886.14
189.17	2967.12
189.22	3038.11
189.28	3123.56
189.33	3200.06
189.39	3265.59
189.44	3332.88
189.50	3409.89
189.55	3477.15
189.61	3530.66
189.66	3587.28
189.72	3645.57
189.77	3695.33
189.83	3723.34
189.88	3731.20
189.94	3701.05
189.99	3618.80
190.05	3464.83
190.10	3243.15
190.16	2990.47
190.21	2765.80
190.27	2618.53
190.32	2572.87
190.38	2635.40
190.43	2778.92
190.49	2947.63
190.54	3092.92
190.60	3221.41
190.65	3327.62
190.71	3421.92
190.76	3509.68
190.81	3601.09
190.87	3696.62
190.92	3815.21
190.98	3944.06
191.03	4078.78
191.09	4223.52
191.14	4350.70
191.20	4453.10
191.25	4556.36
191.31	4658.86
191.36	4761.87
191.42	4875.27
191.47	5001.78
191.53	5123.17
191.58	5228.31
191.64	5313.11
191.69	5384.83
191.75	5433.34
191.80	5464.54
191.85	5485.07
191.91	5507.18
191.96	5529.84
192.02	5562.85
192.07	5580.22
192.13	5578.52
192.18	5529.83
192.24	5414.56
192.29	5218.04
192.35	4992.79
192.40	4806.59
192.46	4696.78
192.51	4690.03
192.57	4785.23
192.62	4960.51
192.67	5148.96
192.73	5331.41
192.78	5497.07
192.84	5647.62
192.89	5784.47
192.95	5910.98
193.00	6023.17
193.06	6131.89
193.11	6238.12
193.17	6327.34
193.22	6411.76
193.28	6504.74
193.33	6580.12
193.38	6650.45
193.44	6722.38
193.49	6797.96
193.55	6855.86
193.60	6914.92
193.66	6968.80
193.71	7015.11
193.77	7039.79
193.82	7060.45
193.88	7078.63
193.93	7103.97
193.98	7132.63
194.04	7173.60
194.09	7221.54
194.15	7274.02
194.20	7319.40
194.26	7359.08
194.31	7399.76
194.37	7423.84
194.42	7430.91
194.47	7417.86
194.53	7373.46
194.58	7282.57
194.64	7170.12
194.69	7072.13
194.75	7003.78
194.80	6988.62
194.86	7031.56
194.91	7125.97
194.97	7231.44
195.02	7341.75
195.07	7446.07
195.13	7547.63
195.18	7654.14
195.24	7751.93
195.29	7851.94
195.35	7938.66
195.40	8026.64
195.46	8097.01
195.51	8181.46
195.56	8263.64
195.62	8352.01
195.67	8428.64
195.73	8507.71
195.78	8566.45
195.84	8611.33
195.89	8647.32
195.94	8683.11
196.00	8717.03
196.05	8759.81
196.11	8811.98
196.16	8868.52
196.22	8931.98
196.27	8995.81
196.32	9052.89
196.38	9099.44
196.43	9149.55
196.49	9188.50
196.54	9228.18
196.60	9268.89
196.65	9315.00
196.71	9357.94
196.76	9404.09
196.81	9441.09
196.87	9479.59
196.92	9509.18
196.98	9527.82
197.03	9538.42
197.09	9535.98
197.14	9529.46
197.19	9533.07
197.25	9547.66
197.30	9572.44
197.36	9625.51
197.41	9688.92
197.47	9751.68
197.52	9813.64
197.57	9883.19
197.63	9935.84
197.68	9985.71
197.74	10033.39
197.79	10082.05
197.84	10125.16
197.90	10175.39
197.95	10218.61
198.01	10261.74
198.06	10302.70
198.12	10344.69
198.17	10383.09
198.22	10427.06
198.28	10468.16
198.33	10507.60
198.39	10546.24
198.44	10591.27
198.49	10633.72
198.55	10677.82
198.60	10727.82
198.66	10773.68
198.71	10824.74
198.77	10875.41
198.82	10929.14
198.87	10977.15
198.93	11027.04
198.98	11065.96
199.04	11111.05
199.09	11148.01
199.14	11190.64
199.20	11233.65
199.25	11277.83
199.31	11320.10
199.36	11369.65
199.42	11411.05
199.47	11454.17
199.52	11495.49
199.58	11534.09
199.63	11560.87
199.69	11593.40
199.74	11622.84
199.79	11647.85
199.85	11677.26
199.90	11717.00
199.96	11756.90
200.01	11802.03
200.06	11852.87
200.12	11902.24
200.17	11957.72
200.23	12011.36
200.28	12051.44
200.33	12102.22
200.39	12146.53
200.44	12187.08
200.50	12225.60
200.55	12268.05
200.60	12307.13
200.66	12347.71
200.71	12384.72
200.77	12427.40
200.82	12466.85
200.87	12506.56
200.93	12543.65
200.98	12584.44
201.04	12622.71
201.09	12672.41
201.14	12726.04
201.20	12780.24
201.25	12837.79
201.31	12893.94
201.36	12953.95
201.41	13008.33
201.47	13064.61
201.52	13113.39
201.58	13171.35
201.63	13216.76
201.68	13260.43
201.74	13309.49
201.79	13359.94
201.84	13413.16
201.90	13460.66
201.95	13512.12
202.01	13566.86
202.06	13620.55
202.11	13657.93
202.17	13707.49
202.22	13751.54
202.28	13792.11
202.33	13832.02
202.38	13872.17
202.44	13919.01
202.49	13961.00
202.54	14004.31
202.60	14050.08
202.65	14106.38
202.71	14154.45
202.76	14199.21
202.81	14241.07
202.87	14286.27
202.92	14331.39
202.98	14381.30
203.03	14436.47
203.08	14494.29
203.14	14547.81
203.19	14599.72
203.24	14657.44
203.30	14711.80
203.35	14758.48
203.41	14806.78
203.46	14853.21
203.51	14888.06
203.57	14928.07
203.62	14979.63
203.67	15033.94
203.73	15079.12
203.78	15128.31
203.84	15179.40
203.89	15216.56
203.94	15249.29
204.00	15294.01
204.05	15331.59
204.10	15359.00
204.16	15383.89
204.21	15410.01
204.27	15424.03
204.32	15428.09
204.37	15430.25
204.43	15423.61
204.48	15403.03
204.53	15384.69
204.59	15403.39
204.64	15460.72
204.69	15560.82
204.75	15687.62
204.80	15826.83
204.86	15941.01
204.91	16025.95
204.96	16080.39
205.02	16109.21
205.07	16145.52
205.12	16202.90
205.18	16278.32
205.23	16368.12
205.28	16488.59
205.34	16591.48
205.39	16682.69
205.45	16760.67
205.50	16831.43
205.55	16886.67
205.61	16945.91
205.66	17002.38
205.71	17066.12
205.77	17121.63
205.82	17186.99
205.87	17243.24
205.93	17296.72
205.98	17343.30
206.03	17393.21
206.09	17433.45
206.14	17480.59
206.20	17532.58
206.25	17582.57
206.30	17639.52
206.36	17696.64
206.41	17764.00
206.46	17818.98
206.52	17871.64
206.57	17925.06
206.62	17970.84
206.68	18013.60
206.73	18059.52
206.78	18117.77
206.84	18172.24
206.89	18231.79
206.94	18288.98
207.00	18360.11
207.05	18424.26
207.11	18487.74
207.16	18546.85
207.21	18615.20
207.27	18672.17
207.32	18727.90
207.37	18786.23
207.43	18846.63
207.48	18895.57
207.53	18951.11
207.59	19004.23
207.64	19060.29
207.69	19130.52
207.75	19197.95
207.80	19254.09
207.85	19313.24
207.91	19373.05
207.96	19422.91
208.01	19478.95
208.07	19536.65
208.12	19597.67
208.17	19645.00
208.23	19696.62
208.28	19748.61
208.33	19808.27
208.39	19870.31
208.44	19939.32
208.49	20000.35
208.55	20064.21
208.60	20118.13
208.65	20166.23
208.71	20214.10
208.76	20267.99
208.81	20322.45
208.87	20388.06
208.92	20448.93
208.97	20511.53
209.03	20576.07
209.08	20637.84
209.13	20692.99
209.19	20752.93
209.24	20814.44
209.29	20876.26
209.35	20928.34
209.40	20991.68
209.45	21057.62
209.51	21125.00
209.56	21184.69
209.61	21252.25
209.67	21318.36
209.72	21377.58
209.77	21430.43
209.83	21494.58
209.88	21558.29
209.93	21617.42
209.99	21686.45
210.04	21757.76
210.09	21818.29
210.15	21881.53
210.20	21944.83
210.25	22003.53
210.31	22068.12
210.36	22120.72
210.41	22173.57
210.46	22233.63
210.52	22281.67
210.57	22328.00
210.62	22392.17
210.68	22456.37
210.73	22505.59
210.78	22568.11
210.84	22633.46
210.89	22694.58
210.94	22752.35
211.00	22817.51
211.05	22870.06
211.10	22929.70
211.16	22993.54
211.21	23064.12
211.26	23127.88
211.32	23206.26
211.37	23273.07
211.42	23333.00
211.47	23399.45
211.53	23458.22
211.58	23519.01
211.63	23577.84
211.69	23636.95
211.74	23680.38
211.79	23739.51
211.85	23792.13
211.90	23852.97
211.95	23923.23
212.01	24000.91
212.06	24085.00
212.11	24164.92
212.16	24241.27
212.22	24313.45
212.27	24379.09
212.32	24434.56
212.38	24498.10
212.43	24559.21
212.48	24619.07
212.54	24681.66
212.59	24754.71
212.64	24815.03
212.69	24874.35
212.75	24937.70
212.80	25009.68
212.85	25071.73
212.91	25136.19
212.96	25197.48
213.01	25260.77
213.07	25315.91
213.12	25375.73
213.17	25439.95
213.22	25511.46
213.28	25572.73
213.33	25622.12
213.38	25678.03
213.44	25737.85
213.49	25796.86
213.54	25868.25
213.60	25957.23
213.65	26032.65
213.70	26111.79
213.75	26182.49
213.81	26236.90
213.86	26288.22
213.91	26340.05
213.97	26385.11
214.02	26421.71
214.07	26464.99
214.12	26495.19
214.18	26529.62
214.23	26571.57
214.28	26607.28
214.34	26627.42
214.39	26654.37
214.44	26658.23
214.49	26619.41
214.55	26578.32
214.60	26516.87
214.65	26424.47
214.71	26348.41
214.76	26350.81
214.81	26426.41
214.86	26596.55
214.92	26821.43
214.97	27063.67
215.02	27262.00
215.08	27401.03
215.13	27483.04
215.18	27517.87
215.23	27530.67
215.29	27559.81
215.34	27633.88
215.39	27735.54
215.45	27892.09
215.50	28066.73
215.55	28239.50
215.60	28370.12
215.66	28467.11
215.71	28536.28
215.76	28613.23
215.81	28667.18
215.87	28726.69
215.92	28788.98
215.97	28844.27
216.03	28900.41
216.08	28963.66
216.13	29028.84
216.18	29096.45
216.24	29173.02
216.29	29228.07
216.34	29285.39
216.39	29350.26
216.45	29404.63
216.50	29455.01
216.55	29515.31
216.61	29586.05
216.66	29630.19
216.71	29697.00
216.76	29757.95
216.82	29825.92
216.87	29890.41
216.92	29977.35
216.97	30050.00
217.03	30134.26
217.08	30210.84
217.13	30282.94
217.18	30349.37
217.24	30415.37
217.29	30479.71
217.34	30527.35
217.39	30580.21
217.45	30630.49
217.50	30681.18
217.55	30735.78
217.61	30811.03
217.66	30873.42
217.71	30942.23
217.76	31018.22
217.82	31091.36
217.87	31165.51
217.92	31238.47
217.97	31303.65
218.03	31368.64
218.08	31419.91
218.13	31463.00
218.18	31511.84
218.24	31581.38
218.29	31635.02
218.34	31694.44
218.39	31756.50
218.45	31825.24
218.50	31879.42
218.55	31945.82
218.60	32014.72
218.66	32073.26
218.71	32133.72
218.76	32196.74
218.81	32256.25
218.87	32317.83
218.92	32385.27
218.97	32457.77
219.02	32527.98
219.08	32597.84
219.13	32675.78
219.18	32749.78
219.23	32808.80
219.29	32871.46
219.34	32930.22
219.39	32983.78
219.44	33041.47
219.50	33115.68
219.55	33171.09
219.60	33241.51
219.65	33306.82
219.71	33371.18
219.76	33420.04
219.81	33477.47
219.86	33536.21
219.92	33591.78
219.97	33650.23
220.02	33708.05
220.07	33771.36
220.13	33827.36
220.18	33894.22
220.23	33962.61
220.28	34039.94
220.33	34116.74
220.39	34181.24
220.44	34236.44
220.49	34288.59
220.54	34336.56
220.60	34386.24
220.65	34447.13
220.70	34519.60
220.75	34599.70
220.81	34687.11
220.86	34766.12
220.91	34837.39
220.96	34906.02
221.02	34972.10
221.07	35029.83
221.12	35087.05
221.17	35150.15
221.22	35206.96
221.28	35263.34
221.33	35325.68
221.38	35384.51
221.43	35457.37
221.49	35523.57
221.54	35586.91
221.59	35648.62
221.64	35735.41
221.69	35816.37
221.75	35911.51
221.80	36012.54
221.85	36088.13
221.90	36148.87
221.96	36205.34
222.01	36245.93
222.06	36279.66
222.11	36328.21
222.17	36372.53
222.22	36403.72
222.27	36448.64
222.32	36499.06
222.37	36552.80
222.43	36616.11
222.48	36683.94
222.53	36755.19
222.58	36822.71
222.63	36896.61
222.69	36963.60
222.74	37033.21
222.79	37103.64
222.84	37160.45
222.90	37209.13
222.95	37259.00
223.00	37305.03
223.05	37360.10
223.10	37419.57
223.16	37480.85
223.21	37530.99
223.26	37582.56
223.31	37613.02
223.36	37652.79
223.42	37688.41
223.47	37726.29
223.52	37776.91
223.57	37826.63
223.63	37876.65
223.68	37927.98
223.73	37998.79
223.78	38066.49
223.83	38130.24
223.89	38191.88
223.94	38261.98
223.99	38324.46
224.04	38394.23
224.09	38470.71
224.15	38559.30
224.20	38639.92
224.25	38728.67
224.30	38818.24
224.35	38909.33
224.41	39005.77
224.46	39101.88
224.51	39185.47
224.56	39262.96
224.61	39339.96
224.67	39410.61
224.72	39486.01
224.77	39581.23
224.82	39679.76
224.87	39769.85
224.93	39842.88
224.98	39934.12
225.03	40017.15
225.08	40087.56
225.13	40166.91
225.19	40262.58
225.24	40338.66
225.29	40401.05
225.34	40478.47
225.39	40555.13
225.45	40629.56
225.50	40696.97
225.55	40773.50
225.60	40836.10
225.65	40904.21
225.71	40966.97
225.76	41027.55
225.81	41076.97
225.86	41118.25
225.91	41142.49
225.97	41153.33
226.02	41146.88
226.07	41113.38
226.12	41107.34
226.17	41144.99
226.22	41233.54
226.28	41395.64
226.33	41619.67
226.38	41825.48
226.43	41997.66
226.48	42113.58
226.54	42186.89
226.59	42238.15
226.64	42280.72
226.69	42303.64
226.74	42347.76
226.80	42407.81
226.85	42480.41
226.90	42577.47
226.95	42716.03
227.00	42864.48
227.05	43008.08
227.11	43138.13
227.16	43251.16
227.21	43341.42
227.26	43427.62
227.31	43494.81
227.37	43547.36
227.42	43617.98
227.47	43698.56
227.52	43770.81
227.57	43836.25
227.62	43926.18
227.68	44000.02
227.73	44076.98
227.78	44155.53
227.83	44245.26
227.88	44314.92
227.93	44391.37
227.99	44469.42
228.04	44536.73
228.09	44608.91
228.14	44686.22
228.19	44764.75
228.24	44822.78
228.30	44892.98
228.35	44954.53
228.40	45023.16
228.45	45078.50
228.50	45156.26
228.56	45225.56
228.61	45286.09
228.66	45335.36
228.71	45390.67
228.76	45427.89
228.81	45476.02
228.87	45527.21
228.92	45595.96
228.97	45663.11
229.02	45755.38
229.07	45828.45
229.12	45917.62
229.17	45993.63
229.23	46070.24
229.28	46144.94
229.33	46228.30
229.38	46299.60
229.43	46368.69
229.48	46447.59
229.54	46507.54
229.59	46568.06
229.64	46644.28
229.69	46727.61
229.74	46814.07
229.79	46887.00
229.85	46959.85
229.90	47028.05
229.95	47091.43
230.00	47153.01
230.05	47239.22
230.10	47317.80
230.16	47381.68
230.21	47435.28
230.26	47485.28
230.31	47520.78
230.36	47572.89
230.41	47634.72
230.46	47729.89
230.52	47820.59
230.57	47903.51
230.62	47989.91
230.67	48064.76
230.72	48109.03
230.77	48150.71
230.82	48206.93
230.88	48238.08
230.93	48285.48
230.98	48329.39
231.03	48380.78
231.08	48428.06
231.13	48481.43
231.19	48542.27
231.24	48626.73
231.29	48707.40
231.34	48784.79
231.39	48869.77
231.44	48936.89
231.49	48981.10
231.55	49030.05
231.60	49072.65
231.65	49123.69
231.70	49171.92
231.75	49227.00
231.80	49267.45
231.85	49326.85
231.91	49371.40
231.96	49421.27
232.01	49485.56
232.06	49557.09
232.11	49626.39
232.16	49707.39
232.21	49787.94
232.26	49868.34
232.32	49947.08
232.37	50015.36
232.42	50077.31
232.47	50133.94
232.52	50186.66
232.57	50236.50
232.62	50295.68
232.68	50357.51
232.73	50429.59
232.78	50499.11
232.83	50575.48
232.88	50643.80
232.93	50716.77
232.98	50783.01
233.03	50831.69
233.09	50889.02
233.14	50957.23
233.19	51009.43
233.24	51062.34
233.29	51120.75
233.34	51151.20
233.39	51162.86
233.45	51196.89
233.50	51233.90
233.55	51282.07
233.60	51347.73
233.65	51420.50
233.70	51481.40
233.75	51528.23
233.80	51573.68
233.86	51629.21
233.91	51673.30
233.96	51718.93
234.01	51779.59
234.06	51836.20
234.11	51895.02
234.16	51959.62
234.21	52015.87
234.26	52057.99
234.32	52104.00
234.37	52136.21
234.42	52174.38
234.47	52192.22
234.52	52231.28
234.57	52269.23
234.62	52310.97
234.67	52350.47
234.73	52420.51
234.78	52477.18
234.83	52520.81
234.88	52562.35
234.93	52606.39
234.98	52641.11
235.03	52681.23
235.08	52745.51
235.13	52808.58
235.19	52875.06
235.24	52934.73
235.29	52997.44
235.34	53037.97
235.39	53075.32
235.44	53107.32
235.49	53150.47
235.54	53175.06
235.59	53193.24
235.65	53223.66
235.70	53257.08
235.75	53287.02
235.80	53347.24
235.85	53413.01
235.90	53463.60
235.95	53484.08
236.00	53518.68
236.05	53534.14
236.11	53556.31
236.16	53580.86
236.21	53635.83
236.26	53673.14
236.31	53709.89
236.36	53727.80
236.41	53743.33
236.46	53753.71
236.51	53769.54
236.56	53791.56
236.62	53823.93
236.67	53864.52
236.72	53911.59
236.77	53937.35
236.82	53983.59
236.87	54010.26
236.92	54029.52
236.97	54068.45
237.02	54115.43
237.07	54152.44
237.13	54215.52
237.18	54276.72
237.23	54313.52
237.28	54357.63
237.33	54406.40
237.38	54431.35
237.43	54458.40
237.48	54466.09
237.53	54481.65
237.58	54499.45
237.63	54541.30
237.69	54580.26
237.74	54634.16
237.79	54674.04
237.84	54677.29
237.89	54686.31
237.94	54695.80
237.99	54718.35
238.04	54735.71
238.09	54763.69
238.14	54780.19
238.19	54802.69
238.25	54804.37
238.30	54807.82
238.35	54812.34
238.40	54819.01
238.45	54813.74
238.50	54825.58
238.55	54844.32
238.60	54870.84
238.65	54894.33
238.70	54916.34
238.75	54926.60
238.80	54945.39
238.86	54956.26
238.91	54972.44
238.96	55008.56
239.01	55047.81
239.06	55081.31
239.11	55110.12
239.16	55126.22
239.21	55119.80
239.26	55109.70
239.31	55113.02
239.36	55126.89
239.41	55157.93
239.46	55186.32
239.52	55220.61
239.57	55243.40
239.62	55264.31
239.67	55275.16
239.72	55298.29
239.77	55320.38
239.82	55333.53
239.87	55337.80
239.92	55341.98
239.97	55333.29
240.02	55315.00
240.07	55303.77
240.12	55302.73
240.17	55309.66
240.23	55315.61
240.28	55324.38
240.33	55339.39
240.38	55329.02
240.43	55326.66
240.48	55348.49
240.53	55364.99
240.58	55382.79
240.63	55423.77
240.68	55435.80
240.73	55419.39
240.78	55418.25
240.83	55415.49
240.88	55392.10
240.93	55382.42
240.98	55388.65
241.04	55396.44
241.09	55413.09
241.14	55433.60
241.19	55473.72
241.24	55500.16
241.29	55521.03
241.34	55532.54
241.39	55547.94
241.44	55551.40
241.49	55563.38
241.54	55558.24
241.59	55553.44
241.64	55553.73
241.69	55547.73
241.74	55535.54
241.79	55525.86
241.84	55512.43
241.90	55491.68
241.95	55462.12
242.00	55431.83
242.05	55411.78
242.10	55396.21
242.15	55385.10
242.20	55380.79
242.25	55384.12
242.30	55387.43
242.35	55376.68
242.40	55374.39
242.45	55365.78
242.50	55357.67
242.55	55353.05
242.60	55359.89
242.65	55354.57
242.70	55368.46
242.75	55389.60
242.80	55423.17
242.85	55456.43
242.91	55474.61
242.96	55465.80
243.01	55456.78
243.06	55431.83
243.11	55393.46
243.16	55371.27
243.21	55371.18
243.26	55367.96
243.31	55376.40
243.36	55388.06
243.41	55404.46
243.46	55396.48
243.51	55367.45
243.56	55312.29
243.61	55252.03
243.66	55211.99
243.71	55182.35
243.76	55180.41
243.81	55197.21
243.86	55212.20
243.91	55214.06
243.96	55211.51
244.01	55187.13
244.06	55162.10
244.12	55153.09
244.17	55133.18
244.22	55131.01
244.27	55159.27
244.32	55188.14
244.37	55208.90
244.42	55224.68
244.47	55219.12
244.52	55189.42
244.57	55152.16
244.62	55117.01
244.67	55091.39
244.72	55074.46
244.77	55075.43
244.82	55093.56
244.87	55123.32
244.92	55150.91
244.97	55165.08
245.02	55158.77
245.07	55137.45
245.12	55116.25
245.17	55096.59
245.22	55097.01
245.27	55094.09
245.32	55068.64
245.37	55031.37
245.42	54983.57
245.47	54932.40
245.52	54890.45
245.57	54871.78
245.62	54848.22
245.67	54835.80
245.72	54821.29
245.77	54794.43
245.82	54772.43
245.87	54773.11
245.92	54783.44
245.98	54782.88
246.03	54791.66
246.08	54805.06
246.13	54804.22
246.18	54808.97
246.23	54808.58
246.28	54794.79
246.33	54769.31
246.38	54746.30
246.43	54706.61
246.48	54684.86
246.53	54694.68
246.58	54706.29
246.63	54711.47
246.68	54700.77
246.73	54683.54
246.78	54650.50
246.83	54601.98
246.88	54547.55
246.93	54504.94
246.98	54457.69
247.03	54420.60
247.08	54400.18
247.13	54387.96
247.18	54384.69
247.23	54408.67
247.28	54417.67
247.33	54404.44
247.38	54380.50
247.43	54354.91
247.48	54327.87
247.53	54292.24
247.58	54260.15
247.63	54237.93
247.68	54200.92
247.73	54144.94
247.78	54104.41
247.83	54081.59
247.88	54055.75
247.93	54053.58
247.98	54052.92
248.03	54059.83
248.08	54069.19
248.13	54071.86
248.18	54059.17
248.23	54052.80
248.28	54024.18
248.33	53984.27
248.38	53952.78
248.43	53928.14
248.48	53898.56
248.53	53888.40
248.58	53872.32
248.63	53867.22
248.68	53846.43
248.73	53823.80
248.78	53787.20
248.83	53745.66
248.88	53672.82
248.93	53608.97
248.98	53537.76
249.03	53496.97
249.08	53466.86
249.13	53461.34
249.18	53453.90
249.23	53461.83
249.28	53447.49
249.33	53447.58
249.38	53433.07
249.43	53415.50
249.48	53395.05
249.53	53383.58
249.58	53346.48
249.63	53323.68
249.68	53310.54
249.73	53294.47
249.78	53267.50
249.83	53265.59
249.88	53242.49
249.93	53230.94
249.98	53220.23
250.03	53220.01
250.08	53196.98
250.13	53187.01
250.18	53153.99
250.23	53107.97
250.28	53050.03
250.33	52998.56
250.37	52957.82
250.42	52922.06
250.47	52896.99
250.52	52892.34
250.57	52878.09
250.62	52842.34
250.67	52810.97
250.72	52792.70
250.77	52740.92
250.82	52717.96
250.87	52712.74
250.92	52707.88
250.97	52678.29
251.02	52679.95
251.07	52673.29
251.12	52654.56
251.17	52623.93
251.22	52605.58
251.27	52561.43
251.32	52511.17
251.37	52458.49
251.42	52407.77
251.47	52360.92
251.52	52336.96
251.57	52321.58
251.62	52312.50
251.67	52300.43
251.72	52278.11
251.77	52246.75
251.82	52200.50
251.87	52152.26
251.92	52104.65
251.97	52056.15
252.02	52008.31
252.07	51982.50
252.12	51972.85
252.16	51966.21
252.21	51969.05
252.26	51977.71
252.31	51970.19
252.36	51954.51
252.41	51941.87
252.46	51924.63
252.51	51892.71
252.56	51867.34
252.61	51841.68
252.66	51809.61
252.71	51777.47
252.76	51752.12
252.81	51706.92
252.86	51645.30
252.91	51599.95
252.96	51543.33
253.01	51474.69
253.06	51414.38
253.11	51376.00
253.16	51326.62
253.21	51271.70
253.26	51235.29
253.31	51204.54
253.36	51180.06
253.40	51154.93
253.45	51144.68
253.50	51099.30
253.55	51063.52
253.60	51010.50
253.65	50968.21
253.70	50931.99
253.75	50926.41
253.80	50906.19
253.85	50901.84
253.90	50910.24
253.95	50903.37
254.00	50904.24
254.05	50888.60
254.10	50858.43
254.15	50814.07
254.20	50786.89
254.25	50737.75
254.30	50715.50
254.35	50678.74
254.39	50613.50
254.44	50528.02
254.49	50455.78
254.54	50408.91
254.59	50369.66
254.64	50367.59
254.69	50364.43
254.74	50368.94
254.79	50345.18
254.84	50318.09
254.89	50289.83
254.94	50274.38
254.99	50254.43
255.04	50240.07
255.09	50231.02
255.14	50201.07
255.19	50192.52
255.23	50185.24
255.28	50169.20
255.33	50155.10
255.38	50142.17
255.43	50121.07
255.48	50090.06
255.53	50054.01
255.58	50020.67
255.63	49992.82
255.68	49943.95
255.73	49895.13
255.78	49868.94
255.83	49849.28
255.88	49830.05
255.93	49807.24
255.97	49795.50
256.02	49762.05
256.07	49715.74
256.12	49640.92
256.17	49596.61
256.22	49537.35
256.27	49483.25
256.32	49433.75
256.37	49415.61
256.42	49390.56
256.47	49366.40
256.52	49347.34
256.57	49338.47
256.62	49324.61
256.66	49306.20
256.71	49278.14
256.76	49241.70
256.81	49180.70
256.86	49120.65
256.91	49068.38
256.96	49026.76
257.01	48989.73
257.06	48969.73
257.11	48942.38
257.16	48896.61
257.21	48856.34
257.26	48819.11
257.30	48779.61
257.35	48741.36
257.40	48715.27
257.45	48701.06
257.50	48671.85
257.55	48643.05
257.60	48621.76
257.65	48592.88
257.70	48549.73
257.75	48519.10
257.80	48493.15
257.85	48463.31
257.89	48417.75
257.94	48367.84
257.99	48307.26
258.04	48239.22
258.09	48188.15
258.14	48160.91
258.19	48142.92
258.24	48115.01
258.29	48087.97
258.34	48054.13
258.39	48012.16
258.44	47955.61
258.48	47904.10
258.53	47863.21
258.58	47815.56
258.63	47770.26
258.68	47724.12
258.73	47692.62
258.78	47648.28
258.83	47604.62
258.88	47569.06
258.93	47532.00
258.97	47501.65
259.02	47478.98
259.07	47457.99
259.12	47429.36
259.17	47418.33
259.22	47399.37
259.27	47371.76
259.32	47345.59
259.37	47313.87
259.42	47269.51
259.47	47220.66
259.51	47179.67
259.56	47123.77
259.61	47054.78
259.66	46977.43
259.71	46913.82
259.76	46845.71
259.81	46787.46
259.86	46752.41
259.91	46713.64
259.95	46691.00
260.00	46666.51
260.05	46645.42
260.10	46617.32
260.15	46608.29
260.20	46586.45
260.25	46578.33
260.30	46567.39
260.35	46542.23
260.40	46509.16
260.44	46488.18
260.49	46461.77
260.54	46426.66
260.59	46400.70
260.64	46398.15
260.69	46387.96
260.74	46352.60
260.79	46319.45
260.84	46279.26
260.88	46215.01
260.93	46134.75
260.98	46092.79
261.03	46048.33
261.08	46021.21
261.13	45986.94
261.18	45950.70
261.23	45892.50
261.28	45855.53
261.32	45806.53
261.37	45760.18
261.42	45732.04
261.47	45717.82
261.52	45671.89
261.57	45634.10
261.62	45597.69
261.67	45546.83
261.71	45475.33
261.76	45426.96
261.81	45374.04
261.86	45320.67
261.91	45269.75
261.96	45231.85
262.01	45193.28
262.06	45165.70
262.10	45148.83
262.15	45132.63
262.20	45120.14
262.25	45097.01
262.30	45072.76
262.35	45047.34
262.40	45013.73
262.45	44972.70
262.49	44949.80
262.54	44917.53
262.59	44892.79
262.64	44872.29
262.69	44850.92
262.74	44797.92
262.79	44739.06
262.84	44687.06
262.88	44635.43
262.93	44574.17
262.98	44543.17
263.03	44505.31
263.08	44450.38
263.13	44381.16
263.18	44328.08
263.23	44260.96
263.27	44216.59
263.32	44184.84
263.37	44164.52
263.42	44143.19
263.47	44119.21
263.52	44095.96
263.57	44056.44
263.61	44023.11
263.66	43981.71
263.71	43950.01
263.76	43912.43
263.81	43869.85
263.86	43837.26
263.91	43801.18
263.95	43738.66
264.00	43680.15
264.05	43637.18
264.10	43572.67
264.15	43501.48
264.20	43469.77
264.25	43425.38
264.29	43378.09
264.34	43322.24
264.39	43288.28
264.44	43232.61
264.49	43190.14
264.54	43143.15
264.59	43108.68
264.63	43067.91
264.68	43015.16
264.73	42960.89
264.78	42911.91
264.83	42864.39
264.88	42820.92
264.93	42800.04
264.97	42773.99
265.02	42747.43
265.07	42728.51
265.12	42688.54
265.17	42638.27
265.22	42594.87
265.27	42538.78
265.31	42471.61
265.36	42405.44
265.41	42355.92
265.46	42293.86
265.51	42227.09
265.56	42171.39
265.60	42124.07
265.65	42065.45
265.70	42007.79
265.75	41964.69
265.80	41915.81
265.85	41858.16
265.90	41795.86
265.94	41743.88
265.99	41680.90
266.04	41623.45
266.09	41579.78
266.14	41540.26
266.19	41499.60
266.23	41466.81
266.28	41424.16
266.33	41391.14
266.38	41366.27
266.43	41345.51
266.48	41327.80
266.52	41305.19
266.57	41273.07
266.62	41229.78
266.67	41176.54
266.72	41127.68
266.77	41093.01
266.81	41062.66
266.86	41031.18
266.91	41005.45
266.96	40962.17
267.01	40918.13
267.06	40871.36
267.10	40826.46
267.15	40777.37
267.20	40751.49
267.25	40717.06
267.30	40683.59
267.35	40649.61
267.39	40613.08
267.44	40564.51
267.49	40515.70
267.54	40460.71
267.59	40407.78
267.64	40355.76
267.68	40298.32
267.73	40239.92
267.78	40192.61
267.83	40161.97
267.88	40150.48
267.93	40146.18
267.97	40139.36
268.02	40105.43
268.07	40059.49
268.12	39993.17
268.17	39928.40
268.21	39880.63
268.26	39835.85
268.31	39795.10
268.36	39755.48
268.41	39712.83
268.46	39664.97
268.50	39630.24
268.55	39578.92
268.60	39516.79
268.65	39451.93
268.70	39368.90
268.74	39299.09
268.79	39223.42
268.84	39174.53
268.89	39136.28
268.94	39114.97
268.99	39076.53
269.03	39047.86
269.08	38999.56
269.13	38932.45
269.18	38845.12
269.23	38751.53
269.27	38642.02
269.32	38507.58
269.37	38378.61
269.42	38241.24
269.47	38101.25
269.51	37959.76
269.56	37831.54
269.61	37687.75
269.66	37547.98
269.71	37396.27
269.76	37247.77
269.80	37092.63
269.85	36940.46
269.90	36797.01
269.95	36653.93
270.00	36496.08
270.04	36349.83
270.09	36209.10
270.14	36062.57
270.19	35919.68
270.24	35793.60
270.28	35641.15
270.33	35477.82
270.38	35300.10
270.43	35120.98
270.48	34939.65
270.52	34777.05
270.57	34615.89
270.62	34456.92
270.67	34308.89
270.72	34147.77
270.76	33972.29
270.81	33800.19
270.86	33633.36
270.91	33457.84
270.96	33289.12
271.00	33134.21
271.05	32976.64
271.10	32836.91
271.15	32702.20
271.20	32583.11
271.24	32452.59
271.29	32323.27
271.34	32174.26
271.39	32024.17
271.44	31865.93
271.48	31722.84
271.53	31574.36
271.58	31433.79
271.63	31289.95
271.67	31147.71
271.72	31004.87
271.77	30868.25
271.82	30730.76
271.87	30592.61
271.91	30436.00
271.96	30289.41
272.01	30146.21
272.06	30010.13
272.11	29884.44
272.15	29778.54
272.20	29672.84
272.25	29573.81
272.30	29475.75
272.35	29374.72
272.39	29269.19
272.44	29151.39
272.49	29019.38
272.54	28879.41
272.58	28729.50
272.63	28579.97
272.68	28417.10
272.73	28253.45
272.78	28077.60
272.82	27876.79
272.87	27650.84
272.92	27372.17
272.97	26847.58
273.01	23885.96
273.06	18941.50
273.11	13490.07
273.16	8136.10
273.21	3061.66
273.25	463.90
273.30	-88.47
273.35	-89.50
