165.32	3379.77
165.38	-247.57
165.44	595.55
165.50	-78.17
165.55	-20.49
165.61	0.82
165.67	28.06
165.72	36.63
165.78	41.82
165.84	40.27
165.89	37.61
165.95	35.85
166.01	35.54
166.06	36.87
166.12	39.21
166.18	37.01
166.23	38.74
166.29	37.66
166.35	34.75
166.40	33.90
166.46	40.37
166.52	42.79
166.57	44.08
166.63	44.69
166.69	47.27
166.74	41.25
166.80	41.74
166.86	43.33
166.91	43.40
166.97	37.92
167.03	40.65
167.08	34.88
167.14	34.05
167.20	32.65
167.25	45.38
167.31	45.77
167.37	51.44
167.42	53.06
167.48	59.18
167.54	53.10
167.59	52.50
167.65	48.31
167.71	48.25
167.76	46.77
167.82	42.62
167.88	42.09
167.93	49.71
167.99	48.59
168.05	50.65
168.10	58.14
168.16	57.49
168.21	55.43
168.27	60.06
168.33	62.14
168.38	55.00
168.44	60.44
168.50	58.83
168.55	57.39
168.61	58.04
168.67	60.18
168.72	56.98
168.78	57.23
168.84	52.84
168.89	51.09
168.95	51.58
169.01	51.05
169.06	50.77
169.12	50.35
169.18	48.48
169.23	48.22
169.29	52.19
169.34	56.62
169.40	59.20
169.46	63.66
169.51	66.05
169.57	62.25
169.63	57.88
169.68	63.00
169.74	59.09
169.80	65.33
169.85	66.73
169.91	71.31
169.97	67.07
170.02	67.26
170.08	65.95
170.13	66.10
170.19	65.19
170.25	66.98
170.30	71.36
170.36	63.20
170.42	65.24
170.47	66.56
170.53	68.04
170.59	64.74
170.64	68.07
170.70	65.65
170.76	63.17
170.81	64.58
170.87	63.93
170.92	64.60
170.98	68.28
171.04	70.62
171.09	66.33
171.15	74.23
171.21	75.11
171.26	71.51
171.32	68.79
171.37	72.27
171.43	66.51
171.49	70.92
171.54	74.37
171.60	76.10
171.66	78.33
171.71	78.93
171.77	76.43
171.83	82.51
171.88	81.48
171.94	80.75
171.99	85.32
172.05	84.66
172.11	85.58
172.16	93.90
172.22	94.21
172.28	94.05
172.33	92.30
172.39	89.25
172.44	86.14
172.50	91.60
172.56	91.25
172.61	99.65
172.67	99.55
172.72	99.46
172.78	94.83
172.84	89.72
172.89	82.55
172.95	81.80
173.01	82.84
173.06	81.12
173.12	87.06
173.17	88.87
173.23	88.16
173.29	88.20
173.34	89.96
173.40	84.45
173.46	84.75
173.51	87.44
173.57	87.71
173.62	82.01
173.68	88.55
173.74	87.46
173.79	88.56
173.85	85.24
173.90	88.33
173.96	84.22
174.02	81.36
174.07	73.64
174.13	73.41
174.18	75.85
174.24	69.30
174.30	69.83
174.35	74.66
174.41	71.39
174.47	64.95
174.52	66.80
174.58	65.64
174.63	61.35
174.69	60.19
174.75	62.05
174.80	72.78
174.86	70.40
174.91	71.27
174.97	71.13
175.03	68.36
175.08	56.30
175.14	63.18
175.19	59.29
175.25	60.14
175.31	65.13
175.36	66.52
175.42	63.11
175.47	67.75
175.53	68.10
175.59	64.38
175.64	65.79
175.70	63.80
175.75	59.42
175.81	57.94
175.87	59.04
175.92	55.16
175.98	56.79
176.03	56.53
176.09	57.14
176.15	56.53
176.20	58.11
176.26	57.75
176.31	61.28
176.37	58.91
176.42	60.30
176.48	63.60
176.54	61.47
176.59	58.27
176.65	60.76
176.70	62.47
176.76	61.51
176.82	59.47
176.87	56.76
176.93	56.94
176.98	55.52
177.04	50.37
177.10	55.53
177.15	57.06
177.21	57.50
177.26	55.96
177.32	59.60
177.37	61.23
177.43	64.98
177.49	61.53
177.54	59.33
177.60	60.33
177.65	60.41
177.71	54.92
177.77	58.10
177.82	59.55
177.88	63.21
177.93	58.83
177.99	65.53
178.04	61.12
178.10	62.00
178.16	55.42
178.21	56.40
178.27	53.12
178.32	57.22
178.38	55.83
178.43	57.58
178.49	57.09
178.55	56.63
178.60	55.22
178.66	54.55
178.71	55.76
178.77	54.14
178.82	55.36
178.88	55.28
178.94	56.12
178.99	57.03
179.05	61.43
179.10	57.22
179.16	60.03
179.21	62.43
179.27	61.19
179.33	56.73
179.38	60.31
179.44	58.27
179.49	58.30
179.55	56.85
179.60	57.20
179.66	56.54
179.72	59.27
179.77	56.61
179.83	55.12
179.88	56.69
179.94	57.76
179.99	54.10
180.05	54.50
180.11	55.59
180.16	57.62
180.22	59.95
180.27	64.53
180.33	65.35
180.38	69.82
180.44	65.81
180.49	65.71
180.55	63.11
180.61	67.18
180.66	61.75
180.72	60.13
180.77	58.68
180.83	58.95
180.88	55.85
180.94	55.73
180.99	59.45
181.05	59.05
181.11	60.10
181.16	60.67
181.22	61.95
181.27	64.04
181.33	62.64
181.38	59.64
181.44	59.84
181.49	64.39
181.55	65.03
181.61	71.55
181.66	74.51
181.72	73.01
181.77	70.29
181.83	67.85
181.88	72.32
181.94	73.47
181.99	78.85
182.05	79.64
182.11	80.95
182.16	72.10
182.22	70.37
182.27	65.50
182.33	67.78
182.38	67.09
182.44	72.32
182.49	74.42
182.55	77.06
182.60	76.42
182.66	80.13
182.72	82.45
182.77	84.70
182.83	88.14
182.88	91.33
182.94	92.50
182.99	89.43
183.05	87.88
183.10	89.58
183.16	89.06
183.21	90.17
183.27	97.82
183.32	102.28
183.38	105.49
183.44	112.44
183.49	118.18
183.55	119.78
183.60	126.93
183.66	134.16
183.71	144.14
183.77	152.44
183.82	162.51
183.88	173.83
183.93	186.17
183.99	200.45
184.04	217.48
184.10	230.66
184.15	243.59
184.21	256.73
184.27	258.42
184.32	259.00
184.38	256.78
184.43	251.81
184.49	234.25
184.54	216.63
184.60	206.18
184.65	191.63
184.71	181.74
184.76	183.20
184.82	200.69
184.87	218.25
184.93	244.49
184.98	272.60
185.04	305.27
185.09	331.27
185.15	358.02
185.20	391.40
185.26	427.65
185.31	457.33
185.37	485.73
185.43	507.36
185.48	525.94
185.54	549.36
185.59	575.61
185.65	601.54
185.70	643.10
185.76	690.85
185.81	726.40
185.87	764.51
185.92	811.31
185.98	849.07
186.03	866.04
186.09	867.84
186.14	842.64
186.20	786.58
186.25	696.58
186.31	607.42
186.36	538.48
186.42	507.35
186.47	516.50
186.53	565.25
186.58	636.54
186.64	713.51
186.69	788.31
186.75	849.99
186.80	910.15
186.86	969.71
186.91	1030.25
186.97	1085.36
187.02	1155.05
187.08	1221.00
187.13	1276.18
187.19	1335.23
187.24	1393.85
187.30	1435.16
187.35	1475.39
187.41	1530.28
187.47	1582.46
187.52	1630.61
187.58	1689.02
187.63	1763.09
187.69	1841.77
187.74	1907.82
187.80	1967.98
187.85	2015.81
187.91	2038.82
187.96	2023.04
188.02	1966.30
188.07	1865.18
188.13	1718.04
188.18	1559.55
188.24	1442.92
188.29	1385.05
188.35	1394.96
188.40	1476.59
188.46	1604.16
188.51	1731.12
188.57	1863.73
188.62	1990.31
188.67	2108.37
188.73	2221.36
188.78	2326.81
188.84	2430.24
188.89	2537.06
188.95	2644.10
189.00	2734.33
189.06	2833.76
189.11	2928.64
189.17	3009.71
189.22	3082.23
189.28	3171.96
189.33	3248.98
189.39	3315.40
189.44	3384.09
189.50	3459.44
189.55	3525.61
189.61	3579.89
189.66	3637.43
189.72	3694.16
189.77	3743.59
189.83	3770.80
189.88	3780.62
189.94	3749.46
189.99	3666.66
190.05	3510.10
190.10	3287.73
190.16	3028.89
190.21	2800.64
190.27	2650.75
190.32	2605.18
190.38	2666.26
190.43	2811.11
190.49	2980.70
190.54	3128.79
190.60	3258.01
190.65	3365.64
190.71	3460.05
190.76	3547.85
190.81	3639.30
190.87	3739.29
190.92	3860.99
190.98	3990.67
191.03	4129.69
191.09	4272.79
191.14	4394.64
191.20	4494.36
191.25	4594.17
191.31	4695.81
191.36	4800.63
191.42	4917.99
191.47	5046.32
191.53	5172.50
191.58	5277.05
191.64	5360.45
191.69	5431.55
191.75	5480.18
191.80	5511.69
191.85	5531.80
191.91	5551.89
191.96	5572.76
192.02	5603.28
192.07	5618.70
192.13	5614.03
192.18	5567.80
192.24	5449.55
192.29	5250.43
192.35	5023.47
192.40	4836.80
192.46	4727.93
192.51	4723.86
192.57	4820.84
192.62	4998.44
192.67	5185.95
192.73	5368.16
192.78	5530.79
192.84	5684.51
192.89	5822.79
192.95	5951.64
193.00	6063.28
193.06	6175.98
193.11	6281.85
193.17	6370.30
193.22	6456.43
193.28	6548.04
193.33	6621.81
193.38	6688.47
193.44	6760.63
193.49	6836.15
193.55	6897.65
193.60	6958.16
193.66	7011.39
193.71	7056.30
193.77	7080.51
193.82	7098.66
193.88	7118.16
193.93	7145.59
193.98	7175.39
194.04	7214.16
194.09	7259.79
194.15	7309.50
194.20	7354.37
194.26	7393.87
194.31	7433.11
194.37	7455.17
194.42	7458.59
194.47	7447.42
194.53	7403.25
194.58	7314.61
194.64	7207.92
194.69	7112.54
194.75	7040.63
194.80	7025.16
194.86	7064.81
194.91	7154.47
194.97	7258.44
195.02	7368.87
195.07	7472.56
195.13	7572.64
195.18	7679.57
195.24	7781.13
195.29	7879.31
195.35	7968.40
195.40	8059.72
195.46	8131.55
195.51	8215.92
195.56	8298.97
195.62	8385.05
195.67	8463.36
195.73	8541.72
195.78	8601.40
195.84	8648.38
195.89	8681.62
195.94	8716.83
196.00	8752.91
196.05	8789.84
196.11	8841.92
196.16	8899.53
196.22	8960.68
196.27	9023.82
196.32	9084.06
196.38	9137.36
196.43	9185.74
196.49	9222.54
196.54	9261.01
196.60	9302.24
196.65	9340.16
196.71	9382.93
196.76	9431.52
196.81	9468.63
196.87	9506.26
196.92	9538.25
196.98	9556.64
197.03	9568.07
197.09	9561.93
197.14	9549.87
197.19	9548.75
197.25	9563.95
197.30	9588.07
197.36	9639.05
197.41	9705.02
197.47	9766.43
197.52	9827.91
197.57	9894.59
197.63	9949.20
197.68	10001.92
197.74	10055.45
197.79	10101.23
197.84	10143.27
197.90	10195.53
197.95	10236.39
198.01	10275.66
198.06	10322.18
198.12	10366.45
198.17	10404.25
198.22	10447.16
198.28	10490.23
198.33	10529.87
198.39	10570.80
198.44	10617.57
198.49	10665.29
198.55	10708.60
198.60	10754.85
198.66	10800.18
198.71	10845.73
198.77	10887.63
198.82	10941.77
198.87	10989.30
198.93	11033.16
198.98	11078.46
199.04	11127.99
199.09	11164.70
199.14	11207.74
199.20	11255.92
199.25	11296.94
199.31	11335.64
199.36	11382.17
199.42	11426.33
199.47	11466.45
199.52	11507.42
199.58	11548.52
199.63	11575.55
199.69	11605.09
199.74	11637.07
199.79	11661.74
199.85	11688.44
199.90	11730.86
199.96	11772.45
200.01	11820.32
200.06	11874.28
200.12	11925.34
200.17	11978.01
200.23	12028.42
200.28	12068.72
200.33	12116.74
200.39	12163.60
200.44	12207.44
200.50	12251.71
200.55	12292.41
200.60	12330.42
200.66	12369.87
200.71	12398.53
200.77	12437.42
200.82	12479.41
200.87	12517.57
200.93	12555.94
200.98	12600.53
201.04	12637.33
201.09	12682.32
201.14	12735.34
201.20	12785.67
201.25	12842.70
201.31	12901.55
201.36	12961.42
201.41	13015.17
201.47	13073.00
201.52	13121.85
201.58	13176.95
201.63	13222.61
201.68	13266.32
201.74	13312.65
201.79	13364.73
201.84	13415.33
201.90	13461.95
201.95	13519.05
202.01	13576.37
202.06	13628.48
202.11	13673.48
202.17	13724.38
202.22	13766.98
202.28	13805.34
202.33	13842.70
202.38	13875.25
202.44	13917.31
202.49	13956.43
202.54	14003.40
202.60	14051.92
202.65	14107.55
202.71	14156.42
202.76	14200.98
202.81	14241.62
202.87	14288.48
202.92	14335.20
202.98	14385.20
203.03	14442.13
203.08	14497.00
203.14	14547.94
203.19	14603.83
203.24	14656.79
203.30	14707.60
203.35	14758.97
203.41	14808.06
203.46	14851.35
203.51	14893.95
203.57	14934.58
203.62	14978.35
203.67	15028.88
203.73	15069.37
203.78	15117.00
203.84	15171.07
203.89	15214.96
203.94	15257.66
204.00	15302.79
204.05	15342.21
204.10	15370.24
204.16	15394.69
204.21	15414.78
204.27	15429.65
204.32	15432.96
204.37	15438.17
204.43	15430.29
204.48	15409.39
204.53	15393.27
204.59	15405.98
204.64	15456.60
204.69	15556.60
204.75	15682.40
204.80	15823.90
204.86	15943.05
204.91	16026.32
204.96	16077.85
205.02	16111.05
205.07	16147.97
205.12	16199.88
205.18	16277.59
205.23	16371.74
205.28	16483.15
205.34	16580.31
205.39	16669.66
205.45	16749.52
205.50	16814.47
205.55	16876.20
205.61	16939.40
205.66	17006.18
205.71	17066.05
205.77	17129.02
205.82	17188.04
205.87	17246.79
205.93	17295.02
205.98	17343.52
206.03	17388.07
206.09	17435.19
206.14	17480.26
206.20	17535.52
206.25	17592.55
206.30	17652.09
206.36	17706.73
206.41	17773.23
206.46	17826.77
206.52	17877.92
206.57	17929.93
206.62	17977.58
206.68	18022.35
206.73	18074.82
206.78	18128.10
206.84	18185.67
206.89	18247.37
206.94	18306.21
207.00	18372.55
207.05	18438.10
207.11	18499.10
207.16	18558.98
207.21	18621.12
207.27	18672.28
207.32	18727.99
207.37	18781.15
207.43	18838.94
207.48	18886.61
207.53	18942.41
207.59	18993.67
207.64	19047.87
207.69	19108.73
207.75	19179.18
207.80	19234.01
207.85	19291.09
207.91	19353.92
207.96	19410.20
208.01	19466.23
208.07	19529.50
208.12	19596.44
208.17	19648.19
208.23	19699.39
208.28	19750.58
208.33	19809.66
208.39	19865.94
208.44	19935.92
208.49	19998.91
208.55	20054.75
208.60	20106.64
208.65	20157.25
208.71	20204.91
208.76	20260.46
208.81	20324.95
208.87	20389.68
208.92	20447.63
208.97	20511.34
209.03	20572.46
209.08	20629.50
209.13	20688.23
209.19	20754.49
209.24	20809.73
209.29	20871.91
209.35	20926.38
209.40	20985.22
209.45	21042.27
209.51	21109.49
209.56	21168.66
209.61	21238.48
209.67	21307.71
209.72	21368.80
209.77	21427.00
209.83	21497.00
209.88	21568.07
209.93	21631.65
209.99	21697.79
210.04	21765.85
210.09	21825.72
210.15	21879.95
210.20	21940.03
210.25	22002.94
210.31	22064.12
210.36	22112.71
210.41	22166.45
210.46	22222.38
210.52	22276.98
210.57	22320.94
210.62	22384.77
210.68	22447.65
210.73	22499.31
210.78	22558.89
210.84	22632.24
210.89	22695.01
210.94	22754.38
211.00	22817.07
211.05	22867.25
211.10	22922.32
211.16	22979.00
211.21	23044.02
211.26	23110.36
211.32	23191.93
211.37	23260.20
211.42	23328.63
211.47	23394.67
211.53	23457.25
211.58	23508.49
211.63	23567.56
211.69	23623.18
211.74	23672.75
211.79	23727.13
211.85	23793.46
211.90	23856.39
211.95	23924.59
212.01	23995.92
212.06	24076.20
212.11	24147.08
212.16	24218.89
212.22	24290.20
212.27	24361.05
212.32	24419.63
212.38	24485.24
212.43	24549.02
212.48	24613.50
212.54	24676.28
212.59	24751.23
212.64	24819.76
212.69	24884.17
212.75	24946.95
212.80	25007.43
212.85	25069.73
212.91	25121.11
212.96	25179.60
213.01	25242.08
213.07	25309.85
213.12	25365.63
213.17	25432.38
213.22	25494.82
213.28	25551.35
213.33	25598.44
213.38	25658.18
213.44	25713.40
213.49	25784.40
213.54	25862.31
213.60	25949.26
213.65	26026.57
213.70	26106.52
213.75	26170.61
213.81	26225.21
213.86	26278.75
213.91	26324.15
213.97	26366.35
214.02	26402.05
214.07	26444.35
214.12	26478.51
214.18	26517.51
214.23	26559.61
214.28	26601.90
214.34	26633.98
214.39	26655.10
214.44	26658.42
214.49	26633.73
214.55	26587.85
214.60	26518.78
214.65	26433.23
214.71	26356.25
214.76	26348.93
214.81	26426.85
214.86	26594.11
214.92	26816.73
214.97	27057.46
215.02	27257.83
215.08	27393.27
215.13	27470.20
215.18	27504.70
215.23	27516.31
215.29	27550.91
215.34	27623.71
215.39	27729.44
215.45	27881.00
215.50	28061.35
215.55	28226.49
215.60	28362.60
215.66	28461.84
215.71	28543.40
215.76	28617.25
215.81	28671.96
215.87	28732.00
215.92	28787.95
215.97	28840.55
216.03	28893.67
216.08	28951.64
216.13	29008.21
216.18	29068.62
216.24	29128.50
216.29	29185.40
216.34	29247.58
216.39	29311.85
216.45	29380.65
216.50	29441.90
216.55	29503.88
216.61	29574.33
216.66	29633.61
216.71	29691.78
216.76	29754.23
216.82	29827.91
216.87	29892.06
216.92	29961.44
216.97	30031.43
217.03	30106.30
217.08	30178.06
217.13	30260.94
217.18	30339.36
217.24	30411.42
217.29	30477.89
217.34	30525.63
217.39	30561.66
217.45	30604.98
217.50	30655.91
217.55	30712.19
217.61	30781.45
217.66	30851.34
217.71	30915.37
217.76	30991.00
217.82	31072.57
217.87	31143.03
217.92	31220.41
217.97	31297.84
218.03	31359.40
218.08	31399.72
218.13	31451.03
218.18	31503.63
218.24	31564.22
218.29	31621.86
218.34	31689.76
218.39	31751.10
218.45	31810.47
218.50	31862.54
218.55	31924.25
218.60	31987.92
218.66	32043.54
218.71	32107.97
218.76	32173.22
218.81	32240.15
218.87	32302.77
218.92	32381.95
218.97	32450.77
219.02	32518.24
219.08	32587.20
219.13	32657.75
219.18	32720.95
219.23	32784.38
219.29	32850.80
219.34	32912.19
219.39	32977.37
219.44	33038.19
219.50	33100.80
219.55	33158.14
219.60	33222.36
219.65	33290.04
219.71	33352.63
219.76	33410.17
219.81	33469.47
219.86	33524.51
219.92	33569.56
219.97	33628.04
220.02	33685.45
220.07	33749.68
220.13	33809.86
220.18	33876.90
220.23	33945.47
220.28	34025.00
220.33	34102.90
220.39	34163.40
220.44	34223.46
220.49	34275.73
220.54	34318.39
220.60	34366.93
220.65	34435.43
220.70	34505.80
220.75	34583.50
220.81	34670.79
220.86	34745.60
220.91	34815.30
220.96	34878.37
221.02	34942.77
221.07	35000.87
221.12	35058.82
221.17	35113.56
221.22	35181.06
221.28	35242.11
221.33	35305.66
221.38	35369.44
221.43	35452.94
221.49	35511.82
221.54	35577.19
221.59	35641.12
221.64	35723.42
221.69	35800.95
221.75	35895.65
221.80	35987.97
221.85	36063.73
221.90	36127.05
221.96	36185.41
222.01	36228.62
222.06	36269.20
222.11	36320.06
222.17	36364.61
222.22	36391.05
222.27	36431.73
222.32	36483.65
222.37	36537.04
222.43	36601.24
222.48	36671.66
222.53	36746.65
222.58	36822.08
222.63	36897.99
222.69	36958.20
222.74	37036.05
222.79	37102.33
222.84	37145.39
222.90	37189.70
222.95	37243.21
223.00	37282.19
223.05	37333.27
223.10	37397.65
223.16	37456.31
223.21	37508.08
223.26	37555.07
223.31	37592.67
223.36	37626.05
223.42	37661.15
223.47	37693.29
223.52	37741.76
223.57	37793.70
223.63	37852.61
223.68	37908.99
223.73	37985.64
223.78	38059.11
223.83	38124.88
223.89	38179.90
223.94	38253.41
223.99	38311.40
224.04	38382.66
224.09	38458.10
224.15	38548.79
224.20	38623.64
224.25	38718.94
224.30	38802.38
224.35	38893.04
224.41	38985.76
224.46	39083.90
224.51	39163.71
224.56	39238.33
224.61	39313.85
224.67	39392.65
224.72	39461.46
224.77	39558.30
224.82	39658.12
224.87	39744.64
224.93	39821.19
224.98	39913.07
225.03	39996.00
225.08	40081.30
225.13	40163.96
225.19	40249.00
225.24	40336.51
225.29	40399.85
225.34	40466.31
225.39	40543.78
225.45	40616.96
225.50	40684.25
225.55	40757.91
225.60	40826.45
225.65	40896.50
225.71	40956.19
225.76	41003.02
225.81	41047.26
225.86	41090.28
225.91	41110.95
225.97	41127.51
226.02	41128.45
226.07	41109.65
226.12	41096.89
226.17	41131.07
226.22	41226.18
226.28	41389.27
226.33	41609.57
226.38	41817.50
226.43	41990.90
226.48	42108.53
226.54	42184.63
226.59	42226.68
226.64	42267.20
226.69	42295.53
226.74	42332.24
226.80	42391.04
226.85	42472.02
226.90	42568.62
226.95	42708.32
227.00	42851.10
227.05	42986.63
227.11	43107.99
227.16	43220.77
227.21	43307.84
227.26	43398.28
227.31	43470.31
227.37	43531.80
227.42	43600.14
227.47	43683.38
227.52	43751.09
227.57	43815.24
227.62	43903.66
227.68	43990.12
227.73	44064.88
227.78	44144.51
227.83	44230.06
227.88	44302.71
227.93	44366.26
227.99	44441.58
228.04	44521.60
228.09	44603.16
228.14	44674.66
228.19	44746.36
228.24	44808.93
228.30	44878.73
228.35	44941.11
228.40	45008.02
228.45	45073.42
228.50	45144.91
228.56	45204.80
228.61	45258.15
228.66	45314.46
228.71	45366.97
228.76	45411.63
228.81	45461.06
228.87	45516.54
228.92	45581.77
228.97	45645.34
229.02	45741.28
229.07	45820.74
229.12	45907.32
229.17	45977.10
229.23	46054.84
229.28	46120.97
229.33	46192.37
229.38	46265.03
229.43	46338.59
229.48	46416.65
229.54	46485.95
229.59	46553.51
229.64	46623.80
229.69	46701.50
229.74	46789.32
229.79	46849.63
229.85	46927.76
229.90	47005.58
229.95	47074.81
230.00	47133.73
230.05	47215.85
230.10	47282.49
230.16	47349.78
230.21	47406.28
230.26	47460.55
230.31	47504.47
230.36	47567.27
230.41	47621.64
230.46	47712.23
230.52	47808.29
230.57	47891.06
230.62	47977.39
230.67	48052.18
230.72	48102.29
230.77	48137.69
230.82	48187.69
230.88	48211.88
230.93	48250.65
230.98	48295.33
231.03	48351.87
231.08	48406.94
231.13	48458.63
231.19	48526.82
231.24	48598.20
231.29	48674.62
231.34	48753.55
231.39	48845.20
231.44	48918.87
231.49	48971.15
231.55	49016.65
231.60	49052.13
231.65	49096.12
231.70	49141.45
231.75	49197.42
231.80	49245.87
231.85	49313.87
231.91	49355.22
231.96	49405.02
232.01	49458.89
232.06	49524.34
232.11	49578.16
232.16	49658.45
232.21	49741.31
232.26	49832.06
232.32	49911.88
232.37	49995.30
232.42	50067.19
232.47	50116.80
232.52	50164.01
232.57	50221.43
232.62	50275.75
232.68	50338.31
232.73	50411.48
232.78	50491.02
232.83	50555.82
232.88	50624.20
232.93	50686.43
232.98	50750.85
233.03	50792.62
233.09	50860.21
233.14	50933.19
233.19	50995.31
233.24	51052.07
233.29	51104.32
233.34	51138.31
233.39	51157.81
233.45	51188.52
233.50	51228.87
233.55	51282.86
233.60	51345.89
233.65	51409.42
233.70	51469.70
233.75	51511.61
233.80	51568.32
233.86	51625.44
233.91	51671.38
233.96	51716.75
234.01	51776.58
234.06	51827.34
234.11	51875.90
234.16	51929.83
234.21	51988.07
234.26	52033.85
234.32	52065.04
234.37	52106.72
234.42	52146.89
234.47	52170.26
234.52	52206.09
234.57	52250.43
234.62	52284.83
234.67	52331.43
234.73	52390.01
234.78	52439.86
234.83	52492.99
234.88	52547.70
234.93	52586.22
234.98	52635.66
235.03	52679.29
235.08	52737.34
235.13	52787.01
235.19	52852.39
235.24	52911.51
235.29	52979.95
235.34	53021.44
235.39	53058.78
235.44	53095.57
235.49	53127.80
235.54	53156.85
235.59	53184.35
235.65	53217.36
235.70	53249.15
235.75	53285.45
235.80	53338.91
235.85	53391.99
235.90	53437.93
235.95	53464.48
236.00	53494.07
236.05	53507.30
236.11	53531.23
236.16	53564.39
236.21	53614.26
236.26	53650.06
236.31	53682.15
236.36	53705.33
236.41	53716.12
236.46	53721.88
236.51	53744.19
236.56	53763.93
236.62	53788.91
236.67	53831.88
236.72	53881.90
236.77	53902.06
236.82	53943.96
236.87	53976.72
236.92	53999.76
236.97	54022.41
237.02	54071.53
237.07	54130.40
237.13	54193.81
237.18	54252.23
237.23	54303.95
237.28	54348.24
237.33	54379.09
237.38	54394.53
237.43	54417.60
237.48	54432.60
237.53	54448.35
237.58	54476.62
237.63	54524.74
237.69	54563.90
237.74	54610.65
237.79	54652.98
237.84	54655.58
237.89	54657.04
237.94	54663.79
237.99	54686.89
238.04	54701.32
238.09	54729.48
238.14	54754.77
238.19	54775.80
238.25	54788.45
238.30	54793.19
238.35	54796.68
238.40	54797.50
238.45	54799.99
238.50	54799.13
238.55	54809.08
238.60	54833.69
238.65	54860.32
238.70	54873.97
238.75	54894.24
238.80	54925.82
238.86	54938.16
238.91	54950.20
238.96	54986.30
239.01	55022.00
239.06	55045.62
239.11	55076.10
239.16	55106.10
239.21	55102.83
239.26	55090.92
239.31	55094.54
239.36	55105.95
239.41	55117.93
239.46	55157.34
239.52	55195.62
239.57	55222.91
239.62	55236.56
239.67	55258.97
239.72	55276.14
239.77	55289.31
239.82	55300.01
239.87	55315.28
239.92	55321.70
239.97	55314.09
240.02	55296.47
240.07	55280.44
240.12	55282.87
240.17	55289.35
240.23	55292.67
240.28	55302.11
240.33	55318.71
240.38	55306.55
240.43	55298.96
240.48	55311.42
240.53	55335.25
240.58	55355.52
240.63	55393.31
240.68	55406.35
240.73	55399.05
240.78	55389.34
240.83	55386.13
240.88	55364.45
240.93	55356.19
240.98	55358.84
241.04	55384.63
241.09	55398.52
241.14	55423.62
241.19	55468.50
241.24	55499.37
241.29	55503.94
241.34	55515.35
241.39	55522.30
241.44	55510.99
241.49	55515.37
241.54	55519.59
241.59	55520.15
241.64	55526.15
241.69	55521.99
241.74	55510.85
241.79	55495.49
241.84	55484.59
241.90	55460.92
241.95	55432.75
242.00	55404.13
242.05	55380.36
242.10	55365.27
242.15	55346.40
242.20	55351.66
242.25	55360.73
242.30	55356.17
242.35	55346.82
242.40	55349.39
242.45	55337.66
242.50	55320.54
242.55	55321.04
242.60	55316.86
242.65	55314.27
242.70	55321.60
242.75	55354.60
242.80	55393.59
242.85	55431.50
242.91	55446.16
242.96	55438.84
243.01	55417.16
243.06	55393.44
243.11	55357.62
243.16	55342.34
243.21	55348.46
243.26	55361.57
243.31	55367.11
243.36	55379.37
243.41	55392.19
243.46	55388.50
243.51	55354.15
243.56	55307.87
243.61	55251.67
243.66	55206.21
243.71	55170.92
243.76	55161.30
243.81	55169.33
243.86	55174.21
243.91	55179.71
243.96	55175.92
244.01	55156.00
244.06	55133.00
244.12	55124.16
244.17	55104.32
244.22	55107.39
244.27	55136.45
244.32	55164.69
244.37	55188.57
244.42	55198.47
244.47	55187.91
244.52	55160.71
244.57	55125.72
244.62	55092.85
244.67	55069.84
244.72	55048.16
244.77	55041.43
244.82	55060.50
244.87	55095.00
244.92	55119.88
244.97	55141.37
245.02	55139.05
245.07	55110.56
245.12	55088.38
245.17	55075.09
245.22	55074.43
245.27	55073.54
245.32	55045.86
245.37	55007.56
245.42	54964.83
245.47	54907.15
245.52	54861.55
245.57	54848.20
245.62	54824.89
245.67	54816.43
245.72	54817.50
245.77	54797.18
245.82	54777.34
245.87	54776.30
245.92	54772.74
245.98	54758.60
246.03	54758.65
246.08	54766.99
246.13	54755.78
246.18	54759.93
246.23	54760.42
246.28	54751.86
246.33	54734.55
246.38	54716.45
246.43	54681.28
246.48	54668.96
246.53	54676.15
246.58	54686.79
246.63	54689.91
246.68	54682.59
246.73	54667.36
246.78	54635.63
246.83	54578.38
246.88	54523.02
246.93	54476.23
246.98	54423.43
247.03	54387.35
247.08	54374.95
247.13	54372.67
247.18	54374.32
247.23	54391.78
247.28	54397.95
247.33	54383.78
247.38	54364.00
247.43	54345.50
247.48	54321.40
247.53	54293.76
247.58	54262.95
247.63	54235.37
247.68	54188.34
247.73	54131.91
247.78	54091.47
247.83	54061.38
247.88	54033.38
247.93	54030.47
247.98	54033.24
248.03	54037.82
248.08	54051.28
248.13	54050.34
248.18	54042.76
248.23	54037.39
248.28	54005.57
248.33	53972.37
248.38	53938.55
248.43	53911.08
248.48	53886.40
248.53	53865.59
248.58	53847.15
248.63	53849.88
248.68	53825.40
248.73	53789.69
248.78	53762.80
248.83	53717.51
248.88	53644.90
248.93	53576.09
248.98	53507.51
249.03	53468.33
249.08	53439.43
249.13	53433.62
249.18	53438.17
249.23	53461.32
249.28	53443.67
249.33	53428.23
249.38	53412.65
249.43	53393.95
249.48	53361.86
249.53	53354.12
249.58	53339.14
249.63	53319.56
249.68	53305.40
249.73	53286.97
249.78	53256.33
249.83	53252.84
249.88	53227.93
249.93	53213.80
249.98	53210.03
250.03	53206.54
250.08	53174.45
250.13	53174.05
250.18	53145.73
250.23	53097.04
250.28	53044.21
250.33	52997.27
250.37	52943.62
250.42	52901.13
250.47	52868.74
250.52	52855.83
250.57	52840.66
250.62	52802.80
250.67	52772.10
250.72	52755.17
250.77	52713.40
250.82	52694.09
250.87	52698.25
250.92	52690.12
250.97	52670.31
251.02	52669.76
251.07	52661.95
251.12	52637.76
251.17	52612.33
251.22	52581.66
251.27	52541.77
251.32	52492.27
251.37	52439.57
251.42	52389.41
251.47	52355.99
251.52	52333.61
251.57	52310.18
251.62	52295.22
251.67	52283.67
251.72	52262.45
251.77	52227.65
251.82	52184.99
251.87	52142.90
251.92	52096.10
251.97	52040.70
252.02	51991.07
252.07	51965.05
252.12	51949.09
252.16	51938.32
252.21	51934.56
252.26	51942.03
252.31	51940.42
252.36	51922.80
252.41	51900.00
252.46	51878.39
252.51	51851.13
252.56	51816.95
252.61	51795.86
252.66	51778.25
252.71	51752.52
252.76	51719.73
252.81	51677.19
252.86	51621.75
252.91	51570.87
252.96	51521.68
253.01	51455.48
253.06	51398.80
253.11	51357.66
253.16	51315.88
253.21	51259.45
253.26	51225.02
253.31	51197.54
253.36	51166.18
253.40	51133.19
253.45	51124.83
253.50	51083.16
253.55	51041.31
253.60	50994.72
253.65	50957.44
253.70	50911.71
253.75	50898.16
253.80	50883.81
253.85	50882.65
253.90	50877.19
253.95	50873.45
254.00	50869.52
254.05	50851.77
254.10	50815.13
254.15	50781.44
254.20	50756.93
254.25	50724.81
254.30	50689.47
254.35	50649.70
254.39	50585.90
254.44	50503.75
254.49	50423.82
254.54	50402.82
254.59	50375.44
254.64	50370.28
254.69	50365.72
254.74	50366.79
254.79	50328.01
254.84	50289.24
254.89	50267.70
254.94	50253.00
254.99	50243.85
255.04	50229.32
255.09	50223.57
255.14	50195.58
255.19	50177.65
255.23	50164.98
255.28	50152.05
255.33	50141.00
255.38	50131.49
255.43	50116.38
255.48	50082.13
255.53	50034.39
255.58	49997.78
255.63	49971.74
255.68	49923.28
255.73	49879.62
255.78	49853.67
255.83	49832.11
255.88	49798.50
255.93	49775.22
255.97	49753.89
256.02	49724.04
256.07	49688.16
256.12	49626.46
256.17	49575.05
256.22	49524.50
256.27	49474.41
256.32	49424.40
256.37	49394.98
256.42	49373.60
256.47	49345.59
256.52	49324.47
256.57	49304.05
256.62	49288.73
256.66	49274.73
256.71	49242.66
256.76	49198.31
256.81	49144.73
256.86	49084.47
256.91	49031.96
256.96	48997.07
257.01	48974.73
257.06	48955.87
257.11	48937.56
257.16	48888.35
257.21	48839.68
257.26	48794.16
257.30	48757.15
257.35	48716.50
257.40	48690.13
257.45	48682.91
257.50	48657.34
257.55	48617.77
257.60	48591.33
257.65	48571.39
257.70	48531.08
257.75	48494.61
257.80	48468.18
257.85	48435.90
257.89	48385.71
257.94	48329.28
257.99	48266.43
258.04	48212.84
258.09	48164.33
258.14	48132.73
258.19	48120.18
258.24	48107.18
258.29	48064.46
258.34	48027.69
258.39	47996.06
258.44	47935.26
258.48	47880.22
258.53	47851.64
258.58	47807.70
258.63	47752.99
258.68	47714.55
258.73	47680.50
258.78	47638.63
258.83	47593.43
258.88	47553.31
258.93	47513.23
258.97	47482.70
259.02	47452.38
259.07	47427.89
259.12	47419.40
259.17	47407.25
259.22	47385.67
259.27	47361.23
259.32	47344.32
259.37	47297.15
259.42	47258.83
259.47	47218.32
259.51	47172.68
259.56	47112.21
259.61	47043.27
259.66	46962.35
259.71	46885.84
259.76	46821.66
259.81	46767.50
259.86	46729.70
259.91	46692.07
259.95	46669.02
260.00	46648.71
260.05	46628.99
260.10	46608.33
260.15	46595.34
260.20	46582.22
260.25	46564.67
260.30	46552.61
260.35	46525.95
260.40	46494.66
260.44	46462.56
260.49	46443.69
260.54	46405.27
260.59	46379.15
260.64	46374.43
260.69	46376.54
260.74	46335.86
260.79	46304.37
260.84	46267.00
260.88	46202.15
260.93	46114.28
260.98	46072.97
261.03	46026.06
261.08	45991.72
261.13	45956.72
261.18	45919.58
261.23	45866.50
261.28	45826.23
261.32	45781.20
261.37	45741.44
261.42	45715.35
261.47	45691.98
261.52	45652.25
261.57	45610.06
261.62	45568.43
261.67	45516.28
261.71	45448.44
261.76	45399.11
261.81	45343.17
261.86	45289.28
261.91	45239.57
261.96	45206.78
262.01	45174.00
262.06	45153.90
262.10	45137.11
262.15	45130.57
262.20	45108.62
262.25	45077.94
262.30	45053.05
262.35	45035.05
262.40	45000.79
262.45	44973.73
262.49	44950.33
262.54	44919.75
262.59	44882.60
262.64	44851.81
262.69	44814.17
262.74	44763.48
262.79	44705.11
262.84	44652.69
262.88	44602.91
262.93	44551.46
262.98	44515.00
263.03	44478.10
263.08	44429.39
263.13	44358.12
263.18	44295.99
263.23	44235.16
263.27	44191.78
263.32	44156.53
263.37	44153.03
263.42	44141.48
263.47	44114.64
263.52	44090.58
263.57	44054.68
263.61	44008.75
263.66	43965.58
263.71	43932.15
263.76	43891.79
263.81	43855.74
263.86	43820.59
263.91	43777.60
263.95	43727.90
264.00	43671.67
264.05	43621.71
264.10	43557.95
264.15	43498.94
264.20	43455.11
264.25	43414.00
264.29	43368.21
264.34	43314.12
264.39	43284.73
264.44	43229.95
264.49	43174.11
264.54	43127.02
264.59	43095.94
264.63	43040.52
264.68	42993.03
264.73	42947.69
264.78	42900.09
264.83	42848.80
264.88	42808.94
264.93	42782.25
264.97	42760.76
265.02	42731.82
265.07	42712.51
265.12	42679.03
265.17	42633.07
265.22	42581.92
265.27	42522.78
265.31	42463.33
265.36	42399.69
265.41	42347.56
265.46	42286.66
265.51	42222.76
265.56	42159.55
265.60	42102.35
265.65	42038.73
265.70	41986.03
265.75	41936.19
265.80	41880.80
265.85	41822.55
265.90	41764.71
265.94	41704.55
265.99	41645.03
266.04	41594.95
266.09	41557.17
266.14	41520.55
266.19	41491.67
266.23	41459.93
266.28	41417.77
266.33	41385.65
266.38	41355.92
266.43	41327.94
266.48	41312.14
266.52	41289.21
266.57	41250.86
266.62	41208.05
266.67	41151.71
266.72	41095.85
266.77	41065.14
266.81	41042.37
266.86	41013.52
266.91	40992.74
266.96	40955.92
267.01	40908.77
267.06	40850.38
267.10	40806.95
267.15	40754.10
267.20	40726.49
267.25	40693.77
267.30	40659.76
267.35	40624.46
267.39	40588.39
267.44	40542.65
267.49	40490.85
267.54	40442.70
267.59	40390.69
267.64	40336.10
267.68	40275.96
267.73	40224.04
267.78	40185.14
267.83	40156.59
267.88	40141.21
267.93	40134.22
267.97	40118.96
268.02	40082.53
268.07	40037.14
268.12	39975.34
268.17	39907.06
268.21	39860.79
268.26	39816.72
268.31	39767.70
268.36	39728.21
268.41	39688.99
268.46	39645.28
268.50	39607.54
268.55	39567.07
268.60	39511.20
268.65	39447.46
268.70	39360.08
268.74	39289.26
268.79	39216.88
268.84	39158.25
268.89	39119.73
268.94	39090.10
268.99	39050.79
269.03	39004.76
269.08	38962.54
269.13	38886.87
269.18	38814.00
269.23	38711.71
269.27	38612.15
269.32	38484.67
269.37	38366.78
269.42	38227.88
269.47	38093.81
269.51	37945.47
269.56	37808.24
269.61	37666.37
269.66	37516.16
269.71	37364.01
269.76	37224.75
269.80	37074.63
269.85	36921.62
269.90	36789.82
269.95	36646.47
270.00	36480.49
270.04	36329.88
270.09	36185.99
270.14	36034.19
270.19	35889.35
270.24	35756.81
270.28	35598.87
270.33	35436.07
270.38	35249.98
270.43	35080.20
270.48	34910.29
270.52	34761.41
270.57	34596.33
270.62	34446.05
270.67	34291.00
270.72	34136.26
270.76	33950.00
270.81	33788.92
270.86	33618.40
270.91	33442.95
270.96	33273.31
271.00	33128.17
271.05	32973.10
271.10	32837.20
271.15	32703.74
271.20	32577.29
271.24	32442.19
271.29	32304.53
271.34	32155.48
271.39	32006.15
271.44	31854.92
271.48	31710.42
271.53	31567.86
271.58	31426.90
271.63	31281.33
271.67	31134.27
271.72	30989.20
271.77	30846.66
271.82	30708.32
271.87	30578.29
271.91	30419.45
271.96	30275.95
272.01	30133.16
272.06	29999.48
272.11	29869.18
272.15	29770.50
272.20	29665.15
272.25	29569.29
272.30	29471.14
272.35	29367.21
272.39	29255.64
272.44	29132.17
272.49	29000.60
272.54	28854.83
272.58	28705.03
272.63	28554.30
272.68	28405.38
272.73	28241.34
272.78	28069.41
272.82	27873.93
272.87	27653.05
272.92	27364.63
272.97	26842.32
273.01	23887.43
273.06	18939.92
273.11	13488.07
273.16	8138.38
273.21	3062.65
273.25	462.40
273.30	-88.48
273.35	-89.07
