165.32	3377.95
165.38	-247.28
165.44	595.16
165.50	-78.44
165.55	-21.51
165.61	-0.63
165.67	25.92
165.72	34.13
165.78	38.98
165.84	37.63
165.89	34.82
165.95	32.77
166.01	32.40
166.06	33.78
166.12	36.51
166.18	34.45
166.23	36.78
166.29	35.84
166.35	32.24
166.40	31.04
166.46	37.62
166.52	40.36
166.57	41.37
166.63	42.32
166.69	44.69
166.74	38.40
166.80	38.67
166.86	40.76
166.91	41.31
166.97	36.37
167.03	39.03
167.08	33.45
167.14	32.35
167.20	30.63
167.25	42.59
167.31	43.06
167.37	48.23
167.42	49.96
167.48	55.90
167.54	50.30
167.59	49.97
167.65	45.73
167.71	45.25
167.76	44.08
167.82	40.16
167.88	39.65
167.93	47.54
167.99	46.35
168.05	48.73
168.10	56.01
168.16	55.45
168.21	53.30
168.27	58.25
168.33	60.13
168.38	52.53
168.44	57.56
168.50	56.00
168.55	54.25
168.61	54.51
168.67	56.77
168.72	53.96
168.78	53.97
168.84	49.83
168.89	48.38
168.95	49.44
169.01	48.64
169.06	48.09
169.12	47.84
169.18	46.08
169.23	45.67
169.29	49.93
169.34	54.63
169.40	57.18
169.46	61.70
169.51	63.91
169.57	59.38
169.63	55.55
169.68	60.42
169.74	56.75
169.80	62.31
169.85	63.78
169.91	67.42
169.97	63.47
170.02	63.38
170.08	62.76
170.13	63.06
170.19	63.06
170.25	64.48
170.30	68.72
170.36	60.05
170.42	61.94
170.47	62.92
170.53	64.79
170.59	61.89
170.64	65.48
170.70	64.10
170.76	61.32
170.81	62.33
170.87	61.37
170.92	62.45
170.98	65.30
171.04	67.99
171.09	64.07
171.15	71.47
171.21	72.33
171.26	69.36
171.32	66.48
171.37	70.11
171.43	64.44
171.49	68.79
171.54	71.74
171.60	73.78
171.66	75.37
171.71	76.40
171.77	74.44
171.83	80.27
171.88	79.16
171.94	78.88
171.99	83.57
172.05	82.13
172.11	82.69
172.16	91.22
172.22	91.26
172.28	90.75
172.33	89.19
172.39	86.79
172.44	83.24
172.50	88.83
172.56	88.68
172.61	96.61
172.67	96.42
172.72	96.34
172.78	91.34
172.84	86.13
172.89	79.66
172.95	78.80
173.01	80.09
173.06	78.80
173.12	84.93
173.17	86.28
173.23	85.63
173.29	85.83
173.34	87.42
173.40	81.74
173.46	81.83
173.51	84.22
173.57	84.29
173.62	78.87
173.68	85.08
173.74	84.39
173.79	86.13
173.85	82.58
173.90	85.19
173.96	82.15
174.02	79.50
174.07	71.49
174.13	71.05
174.18	73.53
174.24	66.12
174.30	66.19
174.35	71.28
174.41	68.27
174.47	62.13
174.52	63.85
174.58	62.50
174.63	58.00
174.69	57.25
174.75	59.06
174.80	70.14
174.86	68.41
174.91	69.50
174.97	69.47
175.03	66.82
175.08	54.18
175.14	60.93
175.19	57.32
175.25	57.63
175.31	62.53
175.36	64.09
175.42	60.29
175.47	64.82
175.53	65.18
175.59	61.29
175.64	62.96
175.70	61.22
175.75	56.58
175.81	55.23
175.87	56.38
175.92	52.59
175.98	54.18
176.03	54.05
176.09	54.64
176.15	54.21
176.20	55.13
176.26	54.96
176.31	58.13
176.37	55.33
176.42	56.85
176.48	60.66
176.54	58.41
176.59	55.15
176.65	57.59
176.70	58.58
176.76	57.39
176.82	55.50
176.87	52.98
176.93	53.38
176.98	52.29
177.04	47.97
177.10	52.71
177.15	54.48
177.21	54.85
177.26	53.79
177.32	57.62
177.37	58.99
177.43	62.44
177.49	59.27
177.54	57.18
177.60	57.27
177.65	58.26
177.71	52.48
177.77	55.32
177.82	56.81
177.88	60.27
177.93	54.94
177.99	61.92
178.04	57.96
178.10	58.12
178.16	52.32
178.21	53.86
178.27	50.55
178.32	53.90
178.38	52.95
178.43	53.82
178.49	54.03
178.55	53.51
178.60	52.39
178.66	51.58
178.71	53.46
178.77	51.07
178.82	51.72
178.88	52.01
178.94	52.68
178.99	53.51
179.05	58.09
179.10	54.18
179.16	56.94
179.21	59.39
179.27	57.98
179.33	53.34
179.38	56.95
179.44	55.12
179.49	54.93
179.55	53.68
179.60	53.78
179.66	53.27
179.72	55.41
179.77	52.84
179.83	51.40
179.88	53.40
179.94	54.76
179.99	51.07
180.05	51.47
180.11	52.45
180.16	54.48
180.22	56.76
180.27	61.98
180.33	63.04
180.38	66.99
180.44	62.65
180.49	62.41
180.55	60.13
180.61	64.15
180.66	59.28
180.72	57.37
180.77	55.73
180.83	55.53
180.88	52.60
180.94	52.42
180.99	56.73
181.05	56.60
181.11	57.69
181.16	57.33
181.22	58.58
181.27	60.87
181.33	59.65
181.38	56.40
181.44	57.95
181.49	62.44
181.55	62.58
181.61	68.50
181.66	71.25
181.72	69.23
181.77	66.44
181.83	64.63
181.88	69.73
181.94	71.33
181.99	76.62
182.05	77.32
182.11	78.28
182.16	69.53
182.22	67.71
182.27	63.05
182.33	65.32
182.38	64.24
182.44	69.37
182.49	71.26
182.55	73.38
182.60	73.31
182.66	77.19
182.72	79.25
182.77	81.64
182.83	84.86
182.88	87.84
182.94	88.97
182.99	85.48
183.05	84.12
183.10	86.45
183.16	85.50
183.21	86.93
183.27	95.04
183.32	99.35
183.38	103.13
183.44	111.06
183.49	116.53
183.55	118.62
183.60	125.63
183.66	132.62
183.71	142.16
183.77	150.51
183.82	160.23
183.88	172.49
183.93	184.10
183.99	198.48
184.04	215.64
184.10	228.24
184.15	239.39
184.21	252.91
184.27	254.37
184.32	254.74
184.38	253.18
184.43	249.33
184.49	232.23
184.54	214.37
184.60	204.40
184.65	189.82
184.71	179.68
184.76	181.75
184.82	200.29
184.87	217.63
184.93	243.93
184.98	272.80
185.04	305.47
185.09	331.07
185.15	357.54
185.20	391.07
185.26	426.51
185.31	455.14
185.37	484.78
185.43	506.33
185.48	525.94
185.54	550.00
185.59	577.21
185.65	601.65
185.70	643.61
185.76	689.72
185.81	726.20
185.87	763.84
185.92	809.58
185.98	846.65
186.03	863.66
186.09	864.46
186.14	838.55
186.20	783.46
186.25	693.53
186.31	605.34
186.36	536.37
186.42	506.09
186.47	515.57
186.53	565.08
186.58	637.16
186.64	713.73
186.69	788.97
186.75	850.68
186.80	910.94
186.86	969.35
186.91	1029.13
186.97	1083.73
187.02	1155.27
187.08	1221.58
187.13	1277.97
187.19	1337.90
187.24	1396.82
187.30	1435.93
187.35	1476.82
187.41	1532.09
187.47	1583.56
187.52	1631.10
187.58	1688.55
187.63	1762.63
187.69	1840.02
187.74	1905.83
187.80	1965.75
187.85	2017.08
187.91	2039.66
187.96	2023.46
188.02	1965.30
188.07	1864.75
188.13	1713.88
188.18	1553.91
188.24	1436.19
188.29	1381.29
188.35	1391.23
188.40	1473.86
188.46	1602.83
188.51	1729.33
188.57	1859.75
188.62	1987.27
188.67	2104.62
188.73	2216.03
188.78	2324.74
188.84	2431.33
188.89	2535.51
188.95	2643.35
189.00	2735.19
189.06	2833.38
189.11	2927.58
189.17	3011.10
189.22	3085.01
189.28	3173.55
189.33	3251.34
189.39	3316.75
189.44	3383.68
189.50	3457.10
189.55	3526.77
189.61	3581.09
189.66	3637.37
189.72	3694.60
189.77	3746.61
189.83	3772.84
189.88	3780.87
189.94	3750.33
189.99	3668.27
190.05	3509.99
190.10	3286.31
190.16	3028.89
190.21	2801.16
190.27	2650.95
190.32	2606.40
190.38	2665.06
190.43	2806.07
190.49	2977.07
190.54	3125.18
190.60	3253.68
190.65	3361.79
190.71	3457.63
190.76	3544.26
190.81	3634.16
190.87	3731.25
190.92	3853.27
190.98	3982.89
191.03	4120.88
191.09	4265.96
191.14	4392.56
191.20	4493.60
191.25	4598.19
191.31	4698.74
191.36	4801.63
191.42	4913.98
191.47	5045.57
191.53	5171.33
191.58	5278.06
191.64	5364.26
191.69	5440.77
191.75	5485.51
191.80	5517.23
191.85	5539.48
191.91	5558.99
191.96	5575.96
192.02	5606.87
192.07	5618.10
192.13	5612.93
192.18	5565.76
192.24	5450.68
192.29	5251.33
192.35	5025.66
192.40	4839.45
192.46	4729.78
192.51	4724.64
192.57	4821.38
192.62	4999.72
192.67	5186.38
192.73	5367.68
192.78	5532.59
192.84	5686.19
192.89	5821.38
192.95	5952.98
193.00	6069.55
193.06	6179.82
193.11	6287.61
193.17	6381.48
193.22	6464.17
193.28	6554.83
193.33	6629.52
193.38	6695.40
193.44	6764.68
193.49	6839.23
193.55	6895.68
193.60	6956.32
193.66	7012.44
193.71	7059.21
193.77	7087.92
193.82	7108.48
193.88	7125.70
193.93	7152.50
193.98	7177.46
194.04	7214.34
194.09	7261.76
194.15	7313.87
194.20	7355.32
194.26	7396.36
194.31	7437.15
194.37	7459.28
194.42	7464.34
194.47	7455.11
194.53	7413.06
194.58	7322.63
194.64	7214.79
194.69	7114.70
194.75	7041.39
194.80	7023.88
194.86	7063.90
194.91	7154.68
194.97	7259.31
195.02	7372.77
195.07	7477.65
195.13	7579.73
195.18	7686.57
195.24	7786.53
195.29	7881.61
195.35	7970.71
195.40	8061.93
195.46	8133.08
195.51	8220.21
195.56	8305.84
195.62	8393.76
195.67	8469.89
195.73	8549.86
195.78	8609.89
195.84	8655.24
195.89	8686.48
195.94	8719.43
196.00	8754.78
196.05	8796.13
196.11	8850.59
196.16	8910.24
196.22	8974.28
196.27	9036.52
196.32	9093.83
196.38	9139.98
196.43	9187.81
196.49	9223.38
196.54	9260.38
196.60	9301.90
196.65	9345.50
196.71	9385.83
196.76	9436.92
196.81	9474.26
196.87	9509.56
196.92	9539.19
196.98	9561.08
197.03	9570.78
197.09	9569.19
197.14	9561.88
197.19	9563.17
197.25	9573.79
197.30	9594.55
197.36	9648.17
197.41	9711.62
197.47	9772.19
197.52	9837.22
197.57	9906.87
197.63	9959.08
197.68	10010.14
197.74	10065.43
197.79	10113.09
197.84	10156.63
197.90	10204.85
197.95	10246.13
198.01	10286.27
198.06	10329.84
198.12	10374.94
198.17	10413.26
198.22	10454.83
198.28	10490.28
198.33	10530.78
198.39	10569.00
198.44	10615.66
198.49	10662.30
198.55	10711.51
198.60	10759.12
198.66	10801.58
198.71	10850.74
198.77	10900.75
198.82	10949.21
198.87	10997.58
198.93	11048.68
198.98	11092.99
199.04	11137.28
199.09	11180.19
199.14	11220.75
199.20	11262.03
199.25	11302.65
199.31	11344.73
199.36	11392.01
199.42	11437.03
199.47	11479.10
199.52	11519.24
199.58	11555.08
199.63	11583.15
199.69	11615.61
199.74	11651.18
199.79	11676.04
199.85	11708.17
199.90	11746.77
199.96	11783.60
200.01	11825.78
200.06	11879.89
200.12	11927.41
200.17	11979.58
200.23	12032.94
200.28	12074.58
200.33	12127.34
200.39	12173.46
200.44	12215.00
200.50	12258.43
200.55	12302.70
200.60	12338.26
200.66	12377.63
200.71	12413.46
200.77	12452.99
200.82	12490.52
200.87	12528.77
200.93	12568.51
200.98	12613.55
201.04	12653.47
201.09	12700.83
201.14	12750.30
201.20	12804.62
201.25	12859.10
201.31	12911.50
201.36	12968.94
201.41	13023.77
201.47	13079.29
201.52	13127.74
201.58	13188.98
201.63	13239.64
201.68	13286.34
201.74	13333.72
201.79	13385.24
201.84	13433.99
201.90	13478.36
201.95	13530.92
202.01	13582.46
202.06	13637.19
202.11	13681.32
202.17	13730.53
202.22	13773.29
202.28	13813.44
202.33	13849.89
202.38	13884.73
202.44	13926.77
202.49	13972.33
202.54	14020.93
202.60	14071.80
202.65	14122.42
202.71	14171.19
202.76	14211.96
202.81	14250.03
202.87	14298.13
202.92	14348.86
202.98	14399.93
203.03	14455.62
203.08	14514.18
203.14	14568.78
203.19	14622.24
203.24	14682.26
203.30	14734.34
203.35	14781.74
203.41	14823.29
203.46	14867.64
203.51	14906.58
203.57	14945.02
203.62	14990.62
203.67	15042.23
203.73	15084.74
203.78	15126.38
203.84	15182.17
203.89	15228.32
203.94	15265.22
204.00	15310.61
204.05	15352.09
204.10	15377.40
204.16	15401.00
204.21	15424.84
204.27	15436.76
204.32	15441.73
204.37	15442.81
204.43	15433.67
204.48	15411.85
204.53	15396.84
204.59	15409.86
204.64	15471.30
204.69	15571.59
204.75	15698.62
204.80	15838.38
204.86	15956.43
204.91	16033.42
204.96	16089.93
205.02	16122.12
205.07	16154.15
205.12	16213.25
205.18	16295.72
205.23	16389.05
205.28	16498.05
205.34	16600.22
205.39	16687.62
205.45	16763.56
205.50	16827.93
205.55	16895.35
205.61	16958.14
205.66	17016.61
205.71	17080.14
205.77	17140.95
205.82	17202.35
205.87	17259.61
205.93	17314.60
205.98	17359.64
206.03	17399.91
206.09	17441.42
206.14	17491.26
206.20	17543.90
206.25	17600.81
206.30	17669.75
206.36	17731.70
206.41	17795.85
206.46	17852.47
206.52	17902.08
206.57	17950.35
206.62	17991.99
206.68	18034.35
206.73	18082.88
206.78	18140.74
206.84	18193.30
206.89	18256.57
206.94	18319.93
207.00	18386.68
207.05	18444.71
207.11	18511.82
207.16	18571.19
207.21	18632.73
207.27	18688.24
207.32	18745.14
207.37	18798.83
207.43	18854.59
207.48	18904.35
207.53	18956.42
207.59	19017.14
207.64	19074.00
207.69	19144.11
207.75	19211.17
207.80	19265.37
207.85	19319.50
207.91	19374.28
207.96	19421.02
208.01	19478.84
208.07	19545.72
208.12	19605.62
208.17	19661.71
208.23	19716.94
208.28	19767.58
208.33	19822.29
208.39	19885.74
208.44	19953.89
208.49	20013.57
208.55	20072.61
208.60	20127.88
208.65	20178.87
208.71	20225.80
208.76	20283.99
208.81	20342.85
208.87	20410.97
208.92	20468.18
208.97	20534.39
209.03	20592.04
209.08	20656.37
209.13	20709.69
209.19	20777.14
209.24	20831.99
209.29	20891.73
209.35	20941.41
209.40	21005.78
209.45	21065.90
209.51	21131.81
209.56	21194.33
209.61	21262.16
209.67	21322.23
209.72	21382.75
209.77	21438.39
209.83	21499.10
209.88	21571.18
209.93	21638.17
209.99	21702.33
210.04	21776.72
210.09	21849.75
210.15	21904.61
210.20	21963.14
210.25	22026.38
210.31	22086.20
210.36	22133.85
210.41	22189.53
210.46	22248.99
210.52	22298.78
210.57	22347.61
210.62	22407.98
210.68	22471.23
210.73	22523.73
210.78	22588.06
210.84	22647.72
210.89	22711.42
210.94	22768.90
211.00	22828.78
211.05	22880.67
211.10	22946.22
211.16	23006.64
211.21	23072.81
211.26	23147.53
211.32	23222.25
211.37	23288.55
211.42	23353.50
211.47	23417.99
211.53	23477.25
211.58	23534.27
211.63	23595.51
211.69	23651.55
211.74	23703.93
211.79	23755.56
211.85	23813.18
211.90	23875.49
211.95	23945.31
212.01	24013.15
212.06	24092.66
212.11	24168.82
212.16	24239.04
212.22	24311.41
212.27	24375.39
212.32	24437.33
212.38	24509.30
212.43	24574.42
212.48	24636.80
212.54	24709.12
212.59	24780.39
212.64	24841.71
212.69	24902.08
212.75	24966.39
212.80	25034.89
212.85	25095.61
212.91	25152.06
212.96	25209.63
213.01	25268.62
213.07	25324.91
213.12	25383.50
213.17	25447.89
213.22	25512.89
213.28	25577.02
213.33	25629.43
213.38	25684.54
213.44	25733.66
213.49	25797.68
213.54	25867.05
213.60	25947.52
213.65	26031.18
213.70	26124.51
213.75	26198.93
213.81	26260.73
213.86	26320.01
213.91	26366.69
213.97	26405.35
214.02	26442.02
214.07	26473.80
214.12	26505.69
214.18	26541.62
214.23	26579.52
214.28	26616.40
214.34	26649.85
214.39	26673.88
214.44	26678.68
214.49	26654.94
214.55	26611.56
214.60	26541.32
214.65	26449.20
214.71	26373.24
214.76	26363.58
214.81	26438.38
214.86	26609.98
214.92	26838.16
214.97	27083.39
215.02	27286.04
215.08	27425.63
215.13	27505.35
215.18	27531.81
215.23	27538.90
215.29	27563.93
215.34	27634.42
215.39	27740.28
215.45	27896.81
215.50	28078.78
215.55	28254.06
215.60	28387.72
215.66	28482.35
215.71	28561.99
215.76	28628.66
215.81	28689.34
215.87	28749.61
215.92	28816.76
215.97	28874.69
216.03	28938.63
216.08	28994.65
216.13	29052.68
216.18	29116.98
216.24	29178.88
216.29	29227.53
216.34	29286.64
216.39	29354.20
216.45	29410.71
216.50	29467.39
216.55	29525.12
216.61	29599.17
216.66	29651.53
216.71	29712.40
216.76	29774.76
216.82	29853.16
216.87	29911.07
216.92	29992.73
216.97	30059.83
217.03	30131.11
217.08	30200.90
217.13	30278.13
217.18	30351.93
217.24	30432.63
217.29	30508.68
217.34	30556.11
217.39	30603.55
217.45	30650.21
217.50	30692.56
217.55	30745.62
217.61	30819.99
217.66	30885.48
217.71	30955.23
217.76	31033.25
217.82	31109.08
217.87	31183.34
217.92	31260.00
217.97	31325.43
218.03	31389.95
218.08	31439.82
218.13	31489.95
218.18	31539.51
218.24	31605.15
218.29	31660.89
218.34	31721.59
218.39	31782.47
218.45	31847.58
218.50	31894.42
218.55	31959.19
218.60	32027.27
218.66	32082.42
218.71	32146.89
218.76	32221.02
218.81	32288.59
218.87	32352.93
218.92	32423.41
218.97	32494.69
219.02	32557.80
219.08	32620.66
219.13	32694.75
219.18	32765.35
219.23	32820.20
219.29	32887.17
219.34	32948.92
219.39	33010.03
219.44	33070.48
219.50	33138.78
219.55	33197.43
219.60	33259.88
219.65	33325.45
219.71	33391.00
219.76	33450.16
219.81	33505.17
219.86	33567.94
219.92	33619.79
219.97	33675.71
220.02	33729.27
220.07	33794.43
220.13	33849.66
220.18	33913.13
220.23	33982.60
220.28	34062.58
220.33	34140.44
220.39	34209.72
220.44	34270.22
220.49	34324.65
220.54	34373.91
220.60	34421.47
220.65	34481.19
220.70	34548.25
220.75	34618.74
220.81	34700.87
220.86	34779.43
220.91	34849.79
220.96	34918.70
221.02	34988.56
221.07	35051.57
221.12	35110.55
221.17	35170.36
221.22	35223.92
221.28	35281.77
221.33	35342.68
221.38	35397.55
221.43	35465.64
221.49	35531.02
221.54	35594.68
221.59	35656.68
221.64	35745.88
221.69	35835.95
221.75	35939.85
221.80	36036.63
221.85	36113.65
221.90	36174.21
221.96	36227.43
222.01	36263.19
222.06	36298.37
222.11	36353.66
222.17	36399.63
222.22	36431.48
222.27	36473.98
222.32	36524.73
222.37	36573.93
222.43	36638.76
222.48	36710.09
222.53	36787.99
222.58	36866.57
222.63	36942.22
222.69	37007.38
222.74	37080.05
222.79	37149.08
222.84	37199.12
222.90	37247.80
222.95	37304.55
223.00	37347.46
223.05	37392.38
223.10	37450.53
223.16	37506.18
223.21	37554.19
223.26	37601.00
223.31	37643.20
223.36	37672.18
223.42	37709.02
223.47	37740.76
223.52	37789.33
223.57	37837.73
223.63	37898.53
223.68	37949.43
223.73	38024.72
223.78	38097.81
223.83	38167.64
223.89	38229.58
223.94	38301.21
223.99	38363.71
224.04	38432.90
224.09	38506.17
224.15	38596.73
224.20	38676.97
224.25	38766.28
224.30	38852.98
224.35	38947.04
224.41	39044.43
224.46	39137.75
224.51	39219.20
224.56	39293.84
224.61	39361.54
224.67	39436.98
224.72	39506.12
224.77	39603.63
224.82	39698.12
224.87	39789.89
224.93	39861.66
224.98	39953.14
225.03	40038.04
225.08	40124.64
225.13	40204.89
225.19	40292.00
225.24	40379.97
225.29	40442.59
225.34	40517.87
225.39	40596.72
225.45	40679.41
225.50	40745.63
225.55	40811.96
225.60	40880.78
225.65	40949.56
225.71	41007.79
225.76	41067.46
225.81	41119.80
225.86	41155.74
225.91	41179.74
225.97	41186.17
226.02	41179.34
226.07	41147.33
226.12	41140.70
226.17	41175.43
226.22	41275.14
226.28	41436.87
226.33	41658.44
226.38	41861.67
226.43	42034.33
226.48	42142.87
226.54	42210.79
226.59	42268.49
226.64	42305.15
226.69	42329.78
226.74	42377.99
226.80	42440.51
226.85	42511.94
226.90	42612.84
226.95	42756.90
227.00	42900.47
227.05	43041.45
227.11	43172.49
227.16	43287.67
227.21	43368.52
227.26	43459.10
227.31	43526.68
227.37	43576.49
227.42	43647.03
227.47	43730.11
227.52	43796.88
227.57	43869.81
227.62	43968.27
227.68	44044.87
227.73	44118.27
227.78	44198.13
227.83	44285.35
227.88	44347.11
227.93	44421.24
227.99	44511.25
228.04	44581.49
228.09	44659.05
228.14	44732.91
228.19	44798.24
228.24	44855.70
228.30	44925.62
228.35	44987.08
228.40	45054.50
228.45	45113.82
228.50	45176.08
228.56	45241.04
228.61	45303.22
228.66	45358.30
228.71	45425.92
228.76	45481.34
228.81	45527.79
228.87	45569.93
228.92	45637.05
228.97	45701.94
229.02	45785.99
229.07	45859.70
229.12	45951.25
229.17	46024.03
229.23	46102.06
229.28	46176.63
229.33	46257.77
229.38	46334.04
229.43	46411.19
229.48	46488.53
229.54	46548.30
229.59	46619.58
229.64	46692.28
229.69	46762.58
229.74	46847.98
229.79	46927.24
229.85	47001.06
229.90	47066.18
229.95	47137.03
230.00	47192.45
230.05	47269.32
230.10	47341.52
230.16	47413.28
230.21	47471.88
230.26	47521.88
230.31	47556.47
230.36	47608.42
230.41	47660.68
230.46	47748.17
230.52	47847.21
230.57	47936.72
230.62	48023.64
230.67	48101.78
230.72	48160.30
230.77	48202.37
230.82	48251.35
230.88	48288.36
230.93	48336.25
230.98	48373.31
231.03	48428.93
231.08	48488.33
231.13	48545.36
231.19	48610.87
231.24	48688.06
231.29	48760.39
231.34	48821.39
231.39	48899.06
231.44	48965.61
231.49	49014.18
231.55	49063.38
231.60	49114.13
231.65	49162.53
231.70	49203.29
231.75	49254.10
231.80	49299.59
231.85	49357.66
231.91	49404.38
231.96	49454.52
232.01	49522.13
232.06	49584.57
232.11	49650.01
232.16	49724.51
232.21	49815.87
232.26	49900.48
232.32	49988.12
232.37	50060.66
232.42	50129.38
232.47	50179.27
232.52	50216.34
232.57	50263.61
232.62	50321.14
232.68	50381.80
232.73	50451.86
232.78	50535.66
232.83	50612.18
232.88	50680.98
232.93	50750.04
232.98	50819.23
233.03	50875.73
233.09	50936.09
233.14	51014.32
233.19	51075.23
233.24	51119.17
233.29	51169.47
233.34	51201.83
233.39	51214.29
233.45	51244.07
233.50	51293.57
233.55	51340.32
233.60	51408.61
233.65	51474.10
233.70	51538.54
233.75	51594.21
233.80	51638.56
233.86	51689.56
233.91	51738.73
233.96	51784.21
234.01	51834.53
234.06	51892.58
234.11	51952.32
234.16	52007.72
234.21	52063.73
234.26	52108.26
234.32	52150.47
234.37	52183.03
234.42	52225.99
234.47	52252.21
234.52	52286.20
234.57	52325.53
234.62	52366.39
234.67	52414.54
234.73	52465.79
234.78	52519.04
234.83	52564.16
234.88	52603.01
234.93	52638.94
234.98	52681.53
235.03	52722.90
235.08	52787.27
235.13	52846.48
235.19	52913.41
235.24	52974.70
235.29	53042.98
235.34	53094.31
235.39	53132.59
235.44	53156.92
235.49	53201.41
235.54	53229.82
235.59	53241.75
235.65	53275.38
235.70	53307.83
235.75	53337.15
235.80	53385.82
235.85	53442.86
235.90	53492.23
235.95	53528.49
236.00	53558.91
236.05	53583.21
236.11	53609.78
236.16	53643.31
236.21	53687.50
236.26	53731.48
236.31	53760.65
236.36	53781.89
236.41	53795.74
236.46	53805.18
236.51	53813.44
236.56	53838.31
236.62	53866.22
236.67	53899.71
236.72	53944.93
236.77	53972.56
236.82	54012.22
236.87	54042.88
236.92	54063.85
236.97	54103.23
237.02	54160.18
237.07	54210.38
237.13	54272.12
237.18	54337.53
237.23	54376.71
237.28	54410.95
237.33	54442.69
237.38	54464.04
237.43	54481.95
237.48	54494.90
237.53	54517.86
237.58	54545.51
237.63	54584.44
237.69	54625.42
237.74	54669.72
237.79	54710.56
237.84	54722.33
237.89	54724.67
237.94	54733.19
237.99	54759.80
238.04	54775.61
238.09	54799.68
238.14	54830.58
238.19	54858.60
238.25	54872.73
238.30	54867.91
238.35	54878.68
238.40	54888.66
238.45	54891.57
238.50	54888.82
238.55	54904.26
238.60	54918.85
238.65	54936.38
238.70	54948.80
238.75	54961.81
238.80	54990.32
238.86	55004.11
238.91	55019.06
238.96	55051.31
239.01	55098.72
239.06	55125.92
239.11	55150.93
239.16	55172.15
239.21	55172.96
239.26	55159.81
239.31	55174.67
239.36	55192.40
239.41	55213.20
239.46	55234.13
239.52	55267.73
239.57	55281.63
239.62	55294.14
239.67	55315.45
239.72	55342.09
239.77	55354.64
239.82	55371.65
239.87	55381.89
239.92	55386.60
239.97	55389.09
240.02	55382.05
240.07	55362.80
240.12	55364.94
240.17	55368.19
240.23	55359.35
240.28	55367.48
240.33	55386.43
240.38	55380.44
240.43	55371.78
240.48	55395.82
240.53	55417.22
240.58	55438.90
240.63	55473.38
240.68	55490.23
240.73	55482.65
240.78	55476.92
240.83	55470.46
240.88	55444.99
240.93	55437.61
240.98	55440.91
241.04	55451.71
241.09	55471.92
241.14	55500.15
241.19	55544.01
241.24	55570.86
241.29	55587.36
241.34	55592.25
241.39	55609.52
241.44	55609.07
241.49	55607.44
241.54	55604.77
241.59	55605.82
241.64	55611.43
241.69	55598.57
241.74	55593.68
241.79	55580.33
241.84	55561.08
241.90	55528.33
241.95	55499.50
242.00	55473.71
242.05	55452.65
242.10	55445.95
242.15	55435.60
242.20	55433.86
242.25	55431.95
242.30	55430.52
242.35	55421.75
242.40	55420.13
242.45	55417.88
242.50	55400.58
242.55	55403.18
242.60	55400.23
242.65	55394.94
242.70	55405.38
242.75	55432.65
242.80	55467.38
242.85	55496.48
242.91	55517.87
242.96	55509.23
243.01	55500.75
243.06	55471.09
243.11	55438.77
243.16	55409.13
243.21	55408.51
243.26	55413.68
243.31	55420.05
243.36	55424.86
243.41	55441.23
243.46	55438.19
243.51	55405.17
243.56	55354.56
243.61	55306.06
243.66	55273.15
243.71	55236.45
243.76	55240.73
243.81	55259.46
243.86	55261.06
243.91	55257.21
243.96	55253.28
244.01	55227.00
244.06	55195.08
244.12	55194.64
244.17	55175.00
244.22	55187.18
244.27	55208.63
244.32	55238.57
244.37	55253.54
244.42	55270.17
244.47	55257.38
244.52	55232.94
244.57	55196.19
244.62	55175.43
244.67	55156.20
244.72	55129.80
244.77	55127.40
244.82	55146.48
244.87	55170.14
244.92	55186.62
244.97	55208.78
245.02	55202.85
245.07	55180.23
245.12	55159.80
245.17	55141.23
245.22	55142.01
245.27	55138.24
245.32	55105.96
245.37	55063.60
245.42	55018.78
245.47	54965.02
245.52	54924.98
245.57	54916.81
245.62	54896.79
245.67	54882.31
245.72	54873.87
245.77	54851.18
245.82	54829.73
245.87	54831.72
245.92	54847.67
245.98	54843.78
246.03	54846.38
246.08	54852.19
246.13	54849.45
246.18	54844.57
246.23	54841.04
246.28	54830.91
246.33	54818.51
246.38	54794.82
246.43	54761.52
246.48	54731.95
246.53	54730.84
246.58	54735.48
246.63	54738.12
246.68	54729.09
246.73	54717.27
246.78	54684.33
246.83	54629.68
246.88	54575.78
246.93	54530.33
246.98	54485.05
247.03	54454.62
247.08	54444.00
247.13	54431.65
247.18	54428.87
247.23	54450.30
247.28	54454.91
247.33	54442.45
247.38	54423.29
247.43	54413.40
247.48	54391.91
247.53	54360.19
247.58	54331.56
247.63	54309.75
247.68	54256.23
247.73	54200.34
247.78	54165.58
247.83	54127.21
247.88	54093.33
247.93	54086.44
247.98	54086.05
248.03	54087.22
248.08	54106.34
248.13	54115.52
248.18	54107.97
248.23	54101.65
248.28	54072.40
248.33	54035.01
248.38	53995.49
248.43	53972.18
248.48	53953.66
248.53	53942.95
248.58	53918.18
248.63	53915.55
248.68	53892.04
248.73	53856.06
248.78	53817.74
248.83	53770.43
248.88	53706.12
248.93	53641.58
248.98	53569.02
249.03	53524.69
249.08	53510.32
249.13	53510.14
249.18	53506.35
249.23	53518.70
249.28	53504.84
249.33	53493.83
249.38	53473.55
249.43	53459.87
249.48	53438.58
249.53	53423.23
249.58	53398.07
249.63	53368.61
249.68	53350.90
249.73	53333.90
249.78	53321.33
249.83	53318.96
249.88	53289.94
249.93	53268.57
249.98	53260.34
250.03	53250.92
250.08	53214.90
250.13	53217.71
250.18	53192.85
250.23	53146.32
250.28	53097.18
250.33	53050.72
250.37	53002.67
250.42	52964.90
250.47	52934.10
250.52	52923.08
250.57	52907.64
250.62	52876.91
250.67	52848.68
250.72	52834.98
250.77	52791.19
250.82	52767.43
250.87	52760.88
250.92	52752.25
250.97	52723.54
251.02	52715.66
251.07	52706.51
251.12	52691.70
251.17	52661.68
251.22	52634.53
251.27	52603.25
251.32	52565.74
251.37	52513.65
251.42	52465.63
251.47	52425.46
251.52	52395.84
251.57	52375.84
251.62	52360.94
251.67	52354.55
251.72	52331.38
251.77	52290.66
251.82	52243.35
251.87	52196.07
251.92	52151.13
251.97	52099.88
252.02	52068.07
252.07	52046.10
252.12	52037.25
252.16	52019.77
252.21	52025.57
252.26	52022.76
252.31	52017.50
252.36	52000.85
252.41	51976.99
252.46	51951.98
252.51	51925.59
252.56	51892.27
252.61	51870.19
252.66	51852.39
252.71	51827.12
252.76	51800.04
252.81	51760.12
252.86	51697.08
252.91	51646.13
252.96	51582.67
253.01	51515.78
253.06	51447.17
253.11	51401.50
253.16	51356.66
253.21	51310.38
253.26	51265.45
253.31	51239.66
253.36	51223.03
253.40	51202.43
253.45	51191.33
253.50	51155.65
253.55	51123.26
253.60	51074.50
253.65	51026.39
253.70	50987.03
253.75	50979.92
253.80	50953.22
253.85	50943.14
253.90	50950.36
253.95	50941.39
254.00	50929.52
254.05	50923.18
254.10	50888.58
254.15	50846.53
254.20	50817.96
254.25	50788.21
254.30	50753.32
254.35	50719.99
254.39	50658.54
254.44	50576.66
254.49	50496.00
254.54	50467.39
254.59	50428.04
254.64	50414.94
254.69	50416.07
254.74	50414.53
254.79	50373.45
254.84	50344.85
254.89	50319.82
254.94	50304.04
254.99	50288.65
255.04	50279.35
255.09	50271.42
255.14	50247.67
255.19	50235.17
255.23	50224.68
255.28	50208.97
255.33	50195.98
255.38	50188.34
255.43	50166.38
255.48	50137.96
255.53	50100.50
255.58	50069.98
255.63	50031.21
255.68	49982.96
255.73	49938.01
255.78	49905.89
255.83	49878.09
255.88	49865.13
255.93	49844.46
255.97	49825.43
256.02	49793.58
256.07	49751.29
256.12	49676.28
256.17	49627.25
256.22	49568.37
256.27	49517.10
256.32	49471.68
256.37	49453.13
256.42	49435.11
256.47	49410.17
256.52	49391.12
256.57	49369.20
256.62	49352.51
256.66	49330.72
256.71	49307.95
256.76	49269.45
256.81	49218.44
256.86	49162.03
256.91	49107.65
256.96	49066.75
257.01	49030.83
257.06	49008.52
257.11	48978.73
257.16	48928.92
257.21	48891.47
257.26	48855.29
257.30	48815.71
257.35	48778.91
257.40	48763.75
257.45	48742.93
257.50	48714.78
257.55	48683.08
257.60	48663.78
257.65	48631.53
257.70	48584.62
257.75	48556.37
257.80	48525.22
257.85	48481.16
257.89	48431.63
257.94	48381.93
257.99	48309.85
258.04	48255.73
258.09	48220.35
258.14	48191.92
258.19	48176.65
258.24	48158.07
258.29	48117.32
258.34	48070.79
258.39	48039.56
258.44	47980.23
258.48	47935.70
258.53	47899.01
258.58	47863.06
258.63	47805.03
258.68	47764.13
258.73	47718.43
258.78	47686.26
258.83	47642.60
258.88	47609.77
258.93	47573.18
258.97	47546.20
259.02	47510.63
259.07	47484.86
259.12	47465.96
259.17	47450.93
259.22	47435.40
259.27	47413.46
259.32	47395.28
259.37	47348.64
259.42	47313.25
259.47	47271.10
259.51	47218.92
259.56	47152.93
259.61	47090.83
259.66	47011.14
259.71	46937.04
259.76	46881.13
259.81	46827.47
259.86	46788.18
259.91	46750.06
259.95	46722.90
260.00	46690.83
260.05	46664.58
260.10	46646.00
260.15	46636.46
260.20	46619.10
260.25	46607.41
260.30	46598.89
260.35	46572.33
260.40	46538.56
260.44	46508.59
260.49	46489.73
260.54	46452.02
260.59	46424.60
260.64	46414.18
260.69	46408.57
260.74	46367.23
260.79	46336.85
260.84	46292.24
260.88	46233.60
260.93	46166.50
260.98	46134.78
261.03	46092.69
261.08	46058.44
261.13	46021.43
261.18	45974.66
261.23	45914.08
261.28	45865.66
261.32	45825.98
261.37	45787.13
261.42	45758.85
261.47	45737.91
261.52	45699.67
261.57	45661.03
261.62	45619.85
261.67	45564.07
261.71	45499.14
261.76	45453.77
261.81	45397.97
261.86	45348.44
261.91	45306.88
261.96	45269.07
262.01	45232.28
262.06	45207.63
262.10	45187.95
262.15	45173.76
262.20	45149.42
262.25	45122.30
262.30	45105.71
262.35	45081.74
262.40	45046.75
262.45	45024.43
262.49	44998.58
262.54	44960.23
262.59	44926.95
262.64	44904.40
262.69	44870.96
262.74	44827.68
262.79	44773.14
262.84	44730.41
262.88	44678.33
262.93	44627.82
262.98	44584.43
263.03	44545.63
263.08	44496.84
263.13	44426.30
263.18	44364.14
263.23	44307.85
263.27	44260.88
263.32	44213.25
263.37	44197.98
263.42	44180.63
263.47	44156.95
263.52	44133.43
263.57	44101.90
263.61	44063.87
263.66	44019.35
263.71	43977.31
263.76	43934.63
263.81	43892.63
263.86	43864.60
263.91	43824.48
263.95	43769.07
264.00	43716.39
264.05	43665.78
264.10	43601.53
264.15	43538.09
264.20	43494.28
264.25	43444.68
264.29	43402.00
264.34	43339.59
264.39	43303.69
264.44	43251.55
264.49	43208.98
264.54	43163.57
264.59	43131.80
264.63	43087.89
264.68	43042.99
264.73	42991.29
264.78	42937.23
264.83	42884.16
264.88	42840.87
264.93	42817.13
264.97	42794.08
265.02	42772.91
265.07	42757.71
265.12	42720.77
265.17	42671.43
265.22	42623.24
265.27	42568.08
265.31	42502.81
265.36	42440.45
265.41	42385.14
265.46	42324.40
265.51	42256.82
265.56	42194.91
265.60	42143.48
265.65	42097.46
265.70	42038.78
265.75	41987.25
265.80	41948.25
265.85	41885.56
265.90	41821.54
265.94	41769.79
265.99	41708.11
266.04	41652.20
266.09	41618.27
266.14	41588.00
266.19	41553.28
266.23	41527.33
266.28	41487.52
266.33	41446.26
266.38	41406.52
266.43	41379.58
266.48	41361.63
266.52	41324.58
266.57	41287.15
266.62	41241.46
266.67	41193.83
266.72	41133.03
266.77	41110.19
266.81	41084.23
266.86	41057.94
266.91	41030.77
266.96	40996.46
267.01	40955.35
267.06	40908.33
267.10	40860.85
267.15	40805.84
267.20	40777.00
267.25	40736.73
267.30	40705.61
267.35	40670.11
267.39	40632.54
267.44	40589.39
267.49	40540.99
267.54	40490.43
267.59	40439.79
267.64	40384.36
267.68	40330.83
267.73	40276.30
267.78	40236.15
267.83	40208.29
267.88	40201.88
267.93	40195.09
267.97	40181.71
268.02	40147.12
268.07	40103.50
268.12	40042.49
268.17	39974.38
268.21	39926.78
268.26	39878.47
268.31	39832.75
268.36	39793.53
268.41	39756.42
268.46	39704.50
268.50	39666.56
268.55	39617.06
268.60	39557.14
268.65	39489.65
268.70	39412.76
268.74	39339.60
268.79	39269.12
268.84	39216.80
268.89	39169.50
268.94	39137.61
268.99	39099.35
269.03	39059.16
269.08	39006.23
269.13	38933.73
269.18	38856.08
269.23	38757.37
269.27	38651.61
269.32	38518.58
269.37	38398.78
269.42	38261.70
269.47	38130.49
269.51	37992.13
269.56	37867.99
269.61	37734.29
269.66	37589.68
269.71	37435.56
269.76	37289.96
269.80	37132.78
269.85	36983.76
269.90	36839.02
269.95	36693.08
270.00	36524.02
270.04	36377.23
270.09	36222.05
270.14	36078.78
270.19	35939.63
270.24	35819.32
270.28	35667.46
270.33	35497.75
270.38	35322.60
270.43	35144.20
270.48	34960.35
270.52	34802.73
270.57	34649.13
270.62	34489.45
270.67	34335.27
270.72	34177.56
270.76	33998.18
270.81	33830.56
270.86	33661.62
270.91	33484.92
270.96	33318.72
271.00	33154.51
271.05	33001.08
271.10	32862.31
271.15	32730.73
271.20	32604.52
271.24	32477.99
271.29	32335.05
271.34	32181.29
271.39	32028.19
271.44	31877.19
271.48	31740.26
271.53	31596.76
271.58	31454.27
271.63	31320.08
271.67	31169.93
271.72	31021.19
271.77	30883.55
271.82	30747.78
271.87	30605.40
271.91	30453.28
271.96	30312.05
272.01	30167.68
272.06	30033.13
272.11	29911.20
272.15	29807.88
272.20	29700.46
272.25	29599.24
272.30	29501.74
272.35	29390.61
272.39	29284.24
272.44	29161.01
272.49	29029.69
272.54	28888.68
272.58	28741.02
272.63	28582.89
272.68	28430.56
272.73	28269.95
272.78	28095.03
272.82	27899.03
272.87	27680.21
272.92	27399.18
272.97	26880.73
273.01	23924.17
273.06	18972.50
273.11	13514.88
273.16	8152.16
273.21	3069.01
273.25	463.82
273.30	-88.92
273.35	-88.86
