165.32	3378.88
165.38	-246.76
165.44	595.77
165.50	-78.02
165.55	-20.78
165.61	0.45
165.67	27.26
165.72	35.52
165.78	40.99
165.84	39.82
165.89	36.90
165.95	35.35
166.01	34.89
166.06	35.90
166.12	38.19
166.18	36.07
166.23	37.69
166.29	37.05
166.35	33.83
166.40	33.13
166.46	39.56
166.52	42.15
166.57	43.08
166.63	43.64
166.69	46.06
166.74	40.54
166.80	40.93
166.86	42.45
166.91	43.36
166.97	37.32
167.03	40.11
167.08	34.45
167.14	33.99
167.20	32.23
167.25	45.35
167.31	45.41
167.37	50.83
167.42	52.35
167.48	58.28
167.54	52.14
167.59	51.58
167.65	47.17
167.71	47.38
167.76	46.17
167.82	42.06
167.88	41.81
167.93	49.55
167.99	48.31
168.05	50.47
168.10	58.51
168.16	57.66
168.21	55.75
168.27	60.07
168.33	61.95
168.38	54.32
168.44	58.90
168.50	57.90
168.55	56.46
168.61	57.29
168.67	59.12
168.72	56.76
168.78	56.51
168.84	52.58
168.89	51.07
168.95	51.75
169.01	51.21
169.06	50.99
169.12	50.19
169.18	47.79
169.23	47.77
169.29	51.66
169.34	56.23
169.40	58.94
169.46	63.31
169.51	66.14
169.57	61.69
169.63	57.09
169.68	61.82
169.74	58.38
169.80	63.92
169.85	65.56
169.91	69.97
169.97	66.43
170.02	66.67
170.08	65.57
170.13	65.74
170.19	65.34
170.25	66.37
170.30	70.38
170.36	62.31
170.42	64.50
170.47	65.59
170.53	67.37
170.59	64.02
170.64	67.07
170.70	65.13
170.76	62.41
170.81	63.91
170.87	63.56
170.92	64.49
170.98	66.98
171.04	69.04
171.09	65.24
171.15	72.58
171.21	73.55
171.26	70.97
171.32	68.78
171.37	72.14
171.43	66.67
171.49	71.23
171.54	74.43
171.60	76.32
171.66	78.06
171.71	78.64
171.77	76.32
171.83	82.22
171.88	80.75
171.94	80.38
171.99	84.91
172.05	83.61
172.11	84.52
172.16	93.58
172.22	93.79
172.28	93.75
172.33	91.88
172.39	88.99
172.44	85.23
172.50	90.66
172.56	90.45
172.61	98.91
172.67	98.92
172.72	99.00
172.78	94.09
172.84	88.70
172.89	82.13
172.95	80.62
173.01	81.72
173.06	80.23
173.12	85.98
173.17	87.11
173.23	86.71
173.29	86.87
173.34	88.76
173.40	83.54
173.46	83.92
173.51	87.19
173.57	87.80
173.62	82.14
173.68	88.80
173.74	87.81
173.79	89.16
173.85	85.37
173.90	87.79
173.96	84.11
174.02	81.60
174.07	73.15
174.13	72.51
174.18	74.99
174.24	68.49
174.30	68.77
174.35	74.00
174.41	71.52
174.47	65.13
174.52	65.96
174.58	64.45
174.63	60.11
174.69	58.82
174.75	60.89
174.80	72.26
174.86	70.24
174.91	71.12
174.97	71.21
175.03	68.88
175.08	56.28
175.14	62.88
175.19	58.92
175.25	59.37
175.31	63.52
175.36	65.04
175.42	62.01
175.47	66.99
175.53	67.10
175.59	63.65
175.64	65.24
175.70	63.11
175.75	58.18
175.81	56.60
175.87	57.64
175.92	53.65
175.98	54.98
176.03	55.27
176.09	55.78
176.15	55.58
176.20	56.82
176.26	56.50
176.31	59.91
176.37	57.45
176.42	58.90
176.48	62.61
176.54	60.44
176.59	57.48
176.65	60.58
176.70	62.09
176.76	61.65
176.82	59.63
176.87	56.53
176.93	56.07
176.98	54.72
177.04	49.35
177.10	54.39
177.15	55.89
177.21	57.00
177.26	55.85
177.32	59.53
177.37	61.26
177.43	65.24
177.49	61.84
177.54	59.10
177.60	59.75
177.65	60.07
177.71	54.16
177.77	56.75
177.82	58.44
177.88	62.26
177.93	57.54
177.99	64.15
178.04	59.92
178.10	60.71
178.16	54.05
178.21	55.62
178.27	53.01
178.32	57.00
178.38	55.87
178.43	57.93
178.49	57.30
178.55	56.06
178.60	54.75
178.66	53.53
178.71	54.56
178.77	52.85
178.82	54.04
178.88	54.32
178.94	55.11
178.99	56.02
179.05	60.34
179.10	56.39
179.16	59.11
179.21	61.58
179.27	60.55
179.33	56.29
179.38	60.16
179.44	58.09
179.49	57.98
179.55	56.16
179.60	55.94
179.66	54.55
179.72	57.11
179.77	54.60
179.83	53.32
179.88	54.68
179.94	56.18
179.99	52.20
180.05	52.92
180.11	53.58
180.16	56.30
180.22	59.01
180.27	64.13
180.33	64.67
180.38	69.42
180.44	65.00
180.49	64.84
180.55	62.59
180.61	66.80
180.66	61.37
180.72	59.91
180.77	57.53
180.83	57.11
180.88	53.94
180.94	53.55
180.99	57.17
181.05	57.63
181.11	58.69
181.16	58.95
181.22	60.23
181.27	62.60
181.33	60.72
181.38	57.34
181.44	58.71
181.49	63.66
181.55	64.09
181.61	70.47
181.66	73.83
181.72	71.63
181.77	68.72
181.83	66.42
181.88	71.65
181.94	72.62
181.99	77.57
182.05	78.01
182.11	78.98
182.16	69.89
182.22	68.22
182.27	63.97
182.33	66.81
182.38	66.43
182.44	71.26
182.49	73.41
182.55	75.81
182.60	74.73
182.66	77.75
182.72	80.48
182.77	82.55
182.83	85.77
182.88	89.18
182.94	90.78
182.99	87.48
183.05	85.98
183.10	87.46
183.16	86.59
183.21	87.98
183.27	95.80
183.32	100.52
183.38	104.21
183.44	111.36
183.49	116.30
183.55	117.54
183.60	124.02
183.66	130.37
183.71	140.12
183.77	147.94
183.82	157.66
183.88	168.74
183.93	180.18
183.99	193.08
184.04	209.88
184.10	221.65
184.15	233.20
184.21	246.81
184.27	248.96
184.32	249.56
184.38	248.35
184.43	244.33
184.49	226.96
184.54	209.76
184.60	200.48
184.65	186.33
184.71	176.92
184.76	179.01
184.82	196.98
184.87	213.35
184.93	238.64
184.98	266.53
185.04	298.42
185.09	323.02
185.15	350.05
185.20	382.23
185.26	417.20
185.31	445.95
185.37	473.61
185.43	493.17
185.48	512.12
185.54	535.24
185.59	560.59
185.65	585.65
185.70	625.90
185.76	671.61
185.81	704.71
185.87	741.43
185.92	787.00
185.98	823.13
186.03	840.91
186.09	843.70
186.14	820.01
186.20	766.37
186.25	680.38
186.31	593.83
186.36	527.61
186.42	497.73
186.47	506.14
186.53	554.13
186.58	623.08
186.64	697.90
186.69	770.03
186.75	830.17
186.80	887.87
186.86	944.97
186.91	1003.14
186.97	1056.62
187.02	1127.30
187.08	1193.02
187.13	1248.05
187.19	1306.01
187.24	1365.40
187.30	1404.44
187.35	1443.97
187.41	1498.80
187.47	1549.83
187.52	1595.94
187.58	1652.22
187.63	1727.28
187.69	1804.48
187.74	1872.31
187.80	1931.88
187.85	1982.47
187.91	2003.71
187.96	1988.12
188.02	1929.39
188.07	1830.15
188.13	1683.23
188.18	1528.30
188.24	1414.64
188.29	1360.78
188.35	1372.88
188.40	1453.45
188.46	1579.09
188.51	1703.66
188.57	1833.67
188.62	1957.30
188.67	2072.49
188.73	2182.50
188.78	2288.34
188.84	2391.40
188.89	2496.13
188.95	2603.25
189.00	2693.99
189.06	2791.27
189.11	2885.05
189.17	2966.98
189.22	3039.26
189.28	3127.79
189.33	3206.27
189.39	3271.48
189.44	3337.17
189.50	3410.49
189.55	3477.62
189.61	3528.46
189.66	3584.45
189.72	3642.70
189.77	3695.41
189.83	3723.03
189.88	3732.91
189.94	3704.57
189.99	3622.30
190.05	3464.86
190.10	3245.02
190.16	2991.72
190.21	2766.84
190.27	2619.93
190.32	2577.96
190.38	2637.01
190.43	2776.91
190.49	2945.54
190.54	3091.02
190.60	3217.66
190.65	3324.71
190.71	3417.83
190.76	3503.04
190.81	3593.45
190.87	3692.69
190.92	3812.48
190.98	3943.12
191.03	4079.88
191.09	4225.53
191.14	4347.71
191.20	4449.98
191.25	4552.10
191.31	4654.90
191.36	4758.64
191.42	4876.40
191.47	5003.06
191.53	5129.97
191.58	5233.47
191.64	5316.93
191.69	5385.96
191.75	5433.33
191.80	5464.01
191.85	5487.08
191.91	5508.13
191.96	5530.17
192.02	5559.90
192.07	5574.90
192.13	5570.71
192.18	5522.58
192.24	5404.28
192.29	5210.33
192.35	4986.64
192.40	4802.83
192.46	4694.43
192.51	4690.73
192.57	4789.79
192.62	4964.68
192.67	5150.12
192.73	5330.67
192.78	5495.30
192.84	5642.94
192.89	5777.63
192.95	5908.05
193.00	6025.08
193.06	6132.73
193.11	6240.54
193.17	6335.16
193.22	6417.81
193.28	6506.96
193.33	6586.58
193.38	6655.57
193.44	6725.23
193.49	6803.47
193.55	6861.28
193.60	6918.66
193.66	6970.46
193.71	7012.88
193.77	7034.85
193.82	7058.32
193.88	7077.95
193.93	7107.37
193.98	7138.95
194.04	7180.87
194.09	7223.40
194.15	7274.75
194.20	7317.27
194.26	7360.76
194.31	7400.24
194.37	7424.36
194.42	7429.68
194.47	7415.74
194.53	7368.90
194.58	7280.02
194.64	7173.76
194.69	7074.65
194.75	7008.42
194.80	6991.98
194.86	7029.72
194.91	7121.27
194.97	7226.79
195.02	7332.46
195.07	7436.80
195.13	7538.50
195.18	7644.59
195.24	7748.35
195.29	7852.49
195.35	7940.48
195.40	8035.16
195.46	8106.53
195.51	8188.52
195.56	8270.33
195.62	8360.34
195.67	8436.07
195.73	8516.46
195.78	8574.15
195.84	8620.44
195.89	8650.05
195.94	8683.09
196.00	8716.42
196.05	8756.67
196.11	8809.82
196.16	8871.62
196.22	8936.53
196.27	8998.88
196.32	9057.27
196.38	9104.52
196.43	9151.36
196.49	9189.56
196.54	9228.18
196.60	9273.33
196.65	9318.48
196.71	9364.95
196.76	9411.16
196.81	9447.48
196.87	9481.22
196.92	9509.09
196.98	9525.78
197.03	9534.07
197.09	9528.43
197.14	9522.25
197.19	9523.52
197.25	9537.65
197.30	9565.31
197.36	9624.65
197.41	9689.50
197.47	9755.47
197.52	9817.37
197.57	9880.34
197.63	9931.04
197.68	9983.02
197.74	10033.89
197.79	10080.30
197.84	10125.30
197.90	10173.18
197.95	10213.07
198.01	10250.62
198.06	10296.05
198.12	10340.42
198.17	10382.90
198.22	10426.09
198.28	10469.45
198.33	10510.65
198.39	10552.02
198.44	10597.39
198.49	10643.06
198.55	10686.12
198.60	10732.83
198.66	10776.33
198.71	10828.21
198.77	10877.40
198.82	10931.69
198.87	10980.67
198.93	11027.08
198.98	11068.38
199.04	11113.89
199.09	11153.45
199.14	11194.73
199.20	11240.69
199.25	11278.30
199.31	11318.52
199.36	11364.21
199.42	11409.14
199.47	11450.03
199.52	11493.29
199.58	11530.71
199.63	11555.90
199.69	11586.44
199.74	11621.25
199.79	11646.68
199.85	11678.23
199.90	11720.88
199.96	11758.19
200.01	11800.31
200.06	11851.17
200.12	11901.59
200.17	11954.79
200.23	12008.14
200.28	12050.47
200.33	12104.00
200.39	12147.03
200.44	12189.16
200.50	12230.45
200.55	12274.14
200.60	12308.18
200.66	12350.77
200.71	12386.34
200.77	12427.38
200.82	12466.05
200.87	12505.17
200.93	12539.93
200.98	12585.08
201.04	12626.96
201.09	12676.51
201.14	12728.18
201.20	12779.07
201.25	12830.89
201.31	12886.70
201.36	12946.94
201.41	13005.17
201.47	13064.24
201.52	13117.09
201.58	13171.66
201.63	13217.86
201.68	13260.69
201.74	13310.29
201.79	13358.52
201.84	13410.92
201.90	13460.23
201.95	13513.90
202.01	13563.68
202.06	13617.38
202.11	13656.07
202.17	13699.93
202.22	13745.53
202.28	13790.30
202.33	13831.06
202.38	13872.55
202.44	13920.55
202.49	13963.35
202.54	14011.68
202.60	14057.75
202.65	14108.88
202.71	14153.42
202.76	14193.36
202.81	14232.78
202.87	14280.58
202.92	14327.19
202.98	14376.52
203.03	14430.68
203.08	14487.80
203.14	14536.34
203.19	14590.38
203.24	14648.08
203.30	14707.45
203.35	14753.31
203.41	14803.86
203.46	14848.30
203.51	14891.51
203.57	14929.28
203.62	14983.27
203.67	15037.79
203.73	15087.87
203.78	15129.60
203.84	15181.61
203.89	15220.14
203.94	15255.50
204.00	15296.18
204.05	15337.50
204.10	15364.86
204.16	15387.51
204.21	15413.04
204.27	15427.33
204.32	15431.57
204.37	15435.96
204.43	15429.17
204.48	15409.81
204.53	15392.97
204.59	15408.84
204.64	15466.67
204.69	15567.76
204.75	15690.63
204.80	15830.09
204.86	15941.77
204.91	16020.11
204.96	16073.31
205.02	16106.37
205.07	16140.84
205.12	16202.17
205.18	16282.26
205.23	16372.11
205.28	16481.12
205.34	16585.70
205.39	16676.79
205.45	16753.06
205.50	16822.99
205.55	16886.68
205.61	16945.55
205.66	16999.30
205.71	17062.31
205.77	17123.27
205.82	17183.96
205.87	17241.30
205.93	17299.01
205.98	17344.49
206.03	17386.99
206.09	17436.31
206.14	17483.01
206.20	17533.22
206.25	17589.01
206.30	17652.22
206.36	17708.14
206.41	17775.99
206.46	17834.00
206.52	17882.76
206.57	17933.09
206.62	17978.47
206.68	18021.35
206.73	18070.27
206.78	18128.69
206.84	18181.97
206.89	18240.70
206.94	18296.11
207.00	18362.20
207.05	18428.06
207.11	18496.61
207.16	18554.20
207.21	18620.18
207.27	18673.83
207.32	18726.75
207.37	18781.50
207.43	18836.95
207.48	18887.79
207.53	18936.84
207.59	18995.47
207.64	19047.84
207.69	19118.74
207.75	19189.69
207.80	19253.31
207.85	19310.32
207.91	19369.04
207.96	19416.31
208.01	19471.83
208.07	19537.12
208.12	19598.38
208.17	19653.06
208.23	19711.39
208.28	19759.60
208.33	19812.47
208.39	19867.15
208.44	19932.52
208.49	19988.25
208.55	20046.12
208.60	20097.84
208.65	20149.53
208.71	20201.58
208.76	20259.30
208.81	20323.12
208.87	20388.03
208.92	20443.43
208.97	20501.14
209.03	20567.34
209.08	20624.04
209.13	20681.30
209.19	20750.47
209.24	20812.00
209.29	20866.96
209.35	20921.02
209.40	20984.90
209.45	21048.67
209.51	21109.54
209.56	21174.19
209.61	21241.44
209.67	21303.79
209.72	21359.86
209.77	21426.22
209.83	21485.17
209.88	21557.73
209.93	21626.45
209.99	21693.33
210.04	21763.36
210.09	21831.33
210.15	21887.15
210.20	21944.84
210.25	22008.54
210.31	22068.63
210.36	22119.23
210.41	22170.88
210.46	22230.92
210.52	22284.49
210.57	22329.72
210.62	22395.03
210.68	22462.13
210.73	22512.60
210.78	22576.16
210.84	22641.88
210.89	22705.52
210.94	22762.30
211.00	22826.07
211.05	22876.77
211.10	22935.22
211.16	22991.98
211.21	23056.81
211.26	23125.77
211.32	23195.28
211.37	23266.76
211.42	23332.04
211.47	23399.12
211.53	23459.48
211.58	23524.00
211.63	23575.50
211.69	23636.16
211.74	23686.06
211.79	23740.02
211.85	23793.20
211.90	23857.45
211.95	23927.91
212.01	23998.64
212.06	24078.62
212.11	24152.17
212.16	24225.47
212.22	24295.16
212.27	24364.34
212.32	24428.03
212.38	24500.43
212.43	24569.81
212.48	24625.81
212.54	24688.65
212.59	24755.72
212.64	24820.87
212.69	24876.23
212.75	24944.81
212.80	25012.05
212.85	25072.57
212.91	25130.01
212.96	25195.62
213.01	25257.45
213.07	25318.68
213.12	25383.43
213.17	25446.99
213.22	25510.25
213.28	25572.99
213.33	25623.74
213.38	25677.98
213.44	25736.04
213.49	25800.08
213.54	25868.43
213.60	25953.14
213.65	26025.93
213.70	26102.88
213.75	26174.47
213.81	26232.70
213.86	26284.86
213.91	26335.14
213.97	26378.29
214.02	26415.87
214.07	26458.19
214.12	26493.90
214.18	26529.60
214.23	26568.27
214.28	26602.49
214.34	26624.41
214.39	26649.83
214.44	26659.69
214.49	26632.04
214.55	26586.05
214.60	26522.33
214.65	26428.55
214.71	26348.06
214.76	26348.33
214.81	26433.31
214.86	26599.67
214.92	26821.29
214.97	27064.00
215.02	27261.88
215.08	27393.34
215.13	27475.95
215.18	27514.44
215.23	27529.54
215.29	27559.06
215.34	27630.48
215.39	27737.58
215.45	27891.47
215.50	28072.40
215.55	28238.51
215.60	28375.43
215.66	28467.10
215.71	28547.33
215.76	28616.91
215.81	28683.03
215.87	28741.88
215.92	28807.17
215.97	28858.22
216.03	28911.03
216.08	28967.85
216.13	29027.77
216.18	29091.06
216.24	29156.16
216.29	29210.56
216.34	29266.35
216.39	29327.68
216.45	29391.23
216.50	29449.89
216.55	29509.09
216.61	29581.53
216.66	29637.62
216.71	29695.05
216.76	29757.15
216.82	29835.19
216.87	29900.07
216.92	29985.85
216.97	30056.75
217.03	30127.03
217.08	30197.57
217.13	30273.93
217.18	30332.81
217.24	30400.56
217.29	30471.75
217.34	30519.31
217.39	30564.02
217.45	30616.91
217.50	30667.55
217.55	30725.58
217.61	30801.89
217.66	30871.70
217.71	30939.62
217.76	31022.44
217.82	31100.91
217.87	31176.55
217.92	31252.22
217.97	31326.92
218.03	31387.08
218.08	31434.26
218.13	31476.27
218.18	31519.31
218.24	31575.92
218.29	31630.75
218.34	31688.66
218.39	31754.81
218.45	31824.88
218.50	31884.55
218.55	31950.23
218.60	32019.55
218.66	32074.75
218.71	32135.26
218.76	32204.78
218.81	32263.97
218.87	32330.03
218.92	32402.68
218.97	32473.45
219.02	32536.22
219.08	32610.40
219.13	32683.63
219.18	32745.76
219.23	32804.63
219.29	32865.18
219.34	32922.48
219.39	32980.34
219.44	33044.26
219.50	33118.05
219.55	33186.44
219.60	33248.35
219.65	33317.73
219.71	33386.85
219.76	33437.93
219.81	33491.47
219.86	33551.52
219.92	33599.30
219.97	33649.08
220.02	33709.46
220.07	33767.98
220.13	33830.46
220.18	33894.30
220.23	33957.24
220.28	34033.84
220.33	34110.51
220.39	34169.38
220.44	34236.12
220.49	34299.23
220.54	34344.43
220.60	34392.93
220.65	34465.18
220.70	34527.20
220.75	34599.39
220.81	34684.32
220.86	34766.68
220.91	34834.75
220.96	34903.72
221.02	34979.44
221.07	35043.14
221.12	35099.93
221.17	35154.27
221.22	35214.56
221.28	35262.56
221.33	35318.96
221.38	35379.50
221.43	35453.77
221.49	35512.18
221.54	35579.71
221.59	35650.58
221.64	35729.61
221.69	35823.86
221.75	35925.96
221.80	36028.10
221.85	36097.02
221.90	36164.64
221.96	36217.62
222.01	36248.90
222.06	36278.35
222.11	36326.90
222.17	36373.90
222.22	36399.10
222.27	36451.54
222.32	36503.22
222.37	36556.63
222.43	36614.68
222.48	36681.90
222.53	36757.48
222.58	36832.88
222.63	36906.06
222.69	36971.48
222.74	37051.53
222.79	37113.47
222.84	37165.30
222.90	37216.28
222.95	37263.93
223.00	37301.64
223.05	37349.56
223.10	37408.16
223.16	37462.10
223.21	37515.43
223.26	37568.25
223.31	37611.33
223.36	37647.68
223.42	37699.62
223.47	37737.01
223.52	37777.76
223.57	37825.23
223.63	37880.19
223.68	37920.72
223.73	37997.44
223.78	38072.72
223.83	38140.64
223.89	38195.79
223.94	38265.50
223.99	38327.77
224.04	38394.05
224.09	38466.60
224.15	38563.59
224.20	38652.35
224.25	38736.95
224.30	38821.77
224.35	38915.42
224.41	39007.14
224.46	39095.78
224.51	39184.86
224.56	39268.03
224.61	39345.48
224.67	39420.60
224.72	39491.77
224.77	39579.70
224.82	39681.38
224.87	39769.25
224.93	39849.78
224.98	39941.94
225.03	40025.87
225.08	40093.22
225.13	40177.43
225.19	40260.80
225.24	40339.43
225.29	40403.83
225.34	40485.84
225.39	40558.09
225.45	40633.46
225.50	40704.53
225.55	40788.01
225.60	40852.66
225.65	40921.05
225.71	40977.52
225.76	41039.68
225.81	41076.98
225.86	41113.28
225.91	41142.23
225.97	41162.17
226.02	41153.86
226.07	41129.80
226.12	41125.00
226.17	41159.36
226.22	41254.99
226.28	41413.75
226.33	41626.59
226.38	41837.35
226.43	42012.13
226.48	42127.27
226.54	42205.49
226.59	42262.72
226.64	42301.22
226.69	42317.25
226.74	42356.02
226.80	42417.11
226.85	42494.51
226.90	42586.38
226.95	42733.09
227.00	42876.83
227.05	43011.90
227.11	43135.58
227.16	43255.77
227.21	43333.72
227.26	43424.44
227.31	43500.00
227.37	43560.18
227.42	43632.39
227.47	43718.88
227.52	43784.78
227.57	43842.32
227.62	43928.01
227.68	44000.84
227.73	44081.55
227.78	44163.36
227.83	44253.46
227.88	44319.82
227.93	44392.44
227.99	44470.41
228.04	44543.84
228.09	44622.83
228.14	44693.72
228.19	44763.58
228.24	44828.77
228.30	44897.59
228.35	44959.15
228.40	45027.58
228.45	45088.67
228.50	45159.01
228.56	45222.77
228.61	45292.56
228.66	45359.17
228.71	45419.17
228.76	45464.36
228.81	45508.03
228.87	45547.40
228.92	45611.46
228.97	45674.34
229.02	45754.72
229.07	45830.77
229.12	45920.68
229.17	45987.06
229.23	46065.96
229.28	46139.03
229.33	46220.61
229.38	46292.94
229.43	46368.00
229.48	46446.08
229.54	46517.35
229.59	46590.73
229.64	46664.49
229.69	46745.05
229.74	46826.16
229.79	46891.96
229.85	46965.08
229.90	47029.74
229.95	47089.10
230.00	47144.73
230.05	47218.48
230.10	47283.88
230.16	47352.31
230.21	47415.47
230.26	47471.61
230.31	47516.63
230.36	47581.33
230.41	47643.83
230.46	47733.80
230.52	47826.21
230.57	47920.03
230.62	48001.63
230.67	48075.08
230.72	48126.83
230.77	48175.73
230.82	48227.74
230.88	48260.93
230.93	48312.70
230.98	48356.89
231.03	48404.35
231.08	48451.40
231.13	48496.85
231.19	48553.53
231.24	48624.02
231.29	48707.55
231.34	48774.28
231.39	48859.23
231.44	48933.35
231.49	48983.49
231.55	49021.95
231.60	49066.09
231.65	49119.87
231.70	49162.39
231.75	49212.00
231.80	49261.26
231.85	49319.17
231.91	49358.48
231.96	49407.94
232.01	49476.22
232.06	49540.47
232.11	49611.01
232.16	49697.83
232.21	49783.64
232.26	49871.24
232.32	49957.36
232.37	50030.09
232.42	50089.97
232.47	50129.06
232.52	50166.41
232.57	50217.61
232.62	50277.01
232.68	50342.70
232.73	50424.96
232.78	50506.22
232.83	50591.11
232.88	50657.99
232.93	50723.71
232.98	50785.44
233.03	50835.22
233.09	50889.61
233.14	50966.89
233.19	51026.03
233.24	51079.33
233.29	51136.28
233.34	51162.74
233.39	51173.16
233.45	51203.45
233.50	51248.35
233.55	51300.53
233.60	51368.11
233.65	51432.92
233.70	51501.30
233.75	51555.75
233.80	51601.18
233.86	51653.94
233.91	51700.36
233.96	51742.46
234.01	51789.55
234.06	51847.48
234.11	51906.95
234.16	51970.78
234.21	52031.86
234.26	52082.07
234.32	52122.02
234.37	52146.37
234.42	52181.97
234.47	52195.11
234.52	52225.78
234.57	52262.47
234.62	52309.51
234.67	52360.67
234.73	52430.09
234.78	52489.38
234.83	52534.30
234.88	52574.40
234.93	52608.65
234.98	52642.28
235.03	52680.70
235.08	52740.96
235.13	52801.13
235.19	52878.90
235.24	52942.91
235.29	53011.66
235.34	53055.63
235.39	53092.33
235.44	53108.73
235.49	53145.67
235.54	53168.13
235.59	53198.39
235.65	53232.15
235.70	53273.80
235.75	53315.01
235.80	53372.28
235.85	53423.50
235.90	53465.09
235.95	53493.22
236.00	53518.18
236.05	53530.93
236.11	53555.01
236.16	53591.61
236.21	53637.91
236.26	53676.08
236.31	53702.61
236.36	53730.48
236.41	53752.67
236.46	53761.02
236.51	53789.61
236.56	53832.06
236.62	53857.96
236.67	53889.20
236.72	53932.59
236.77	53949.22
236.82	53980.65
236.87	54006.28
236.92	54025.99
236.97	54065.43
237.02	54111.65
237.07	54159.19
237.13	54216.40
237.18	54286.93
237.23	54322.98
237.28	54357.13
237.33	54394.41
237.38	54417.65
237.43	54430.39
237.48	54447.50
237.53	54474.62
237.58	54503.25
237.63	54553.82
237.69	54595.72
237.74	54650.88
237.79	54688.16
237.84	54689.52
237.89	54684.88
237.94	54687.45
237.99	54699.03
238.04	54716.65
238.09	54745.23
238.14	54779.94
238.19	54814.32
238.25	54831.65
238.30	54833.97
238.35	54835.86
238.40	54840.59
238.45	54837.33
238.50	54838.38
238.55	54847.43
238.60	54883.64
238.65	54902.34
238.70	54918.72
238.75	54930.41
238.80	54959.05
238.86	54960.63
238.91	54968.36
238.96	55005.98
239.01	55050.41
239.06	55076.55
239.11	55107.89
239.16	55137.91
239.21	55137.72
239.26	55120.46
239.31	55124.82
239.36	55136.13
239.41	55154.55
239.46	55178.10
239.52	55209.84
239.57	55235.84
239.62	55243.45
239.67	55263.91
239.72	55285.34
239.77	55301.63
239.82	55319.18
239.87	55340.87
239.92	55347.88
239.97	55342.56
240.02	55337.54
240.07	55324.61
240.12	55328.98
240.17	55327.48
240.23	55333.67
240.28	55335.97
240.33	55349.28
240.38	55330.84
240.43	55333.24
240.48	55346.13
240.53	55365.03
240.58	55375.64
240.63	55419.90
240.68	55430.74
240.73	55418.49
240.78	55414.76
240.83	55422.18
240.88	55392.43
240.93	55382.17
240.98	55387.09
241.04	55402.68
241.09	55416.87
241.14	55444.17
241.19	55486.51
241.24	55519.36
241.29	55539.04
241.34	55546.01
241.39	55564.49
241.44	55567.06
241.49	55572.69
241.54	55565.46
241.59	55561.96
241.64	55559.73
241.69	55542.18
241.74	55524.71
241.79	55516.02
241.84	55504.14
241.90	55476.39
241.95	55457.40
242.00	55439.29
242.05	55418.40
242.10	55408.57
242.15	55391.10
242.20	55375.91
242.25	55373.05
242.30	55370.68
242.35	55365.59
242.40	55377.32
242.45	55377.48
242.50	55372.00
242.55	55366.27
242.60	55360.33
242.65	55353.37
242.70	55367.99
242.75	55392.46
242.80	55426.38
242.85	55450.64
242.91	55459.48
242.96	55445.43
243.01	55425.73
243.06	55401.44
243.11	55379.67
243.16	55368.18
243.21	55369.85
243.26	55372.38
243.31	55390.09
243.36	55394.11
243.41	55410.18
243.46	55407.23
243.51	55383.76
243.56	55325.55
243.61	55272.72
243.66	55226.13
243.71	55204.20
243.76	55202.68
243.81	55217.72
243.86	55218.69
243.91	55226.96
243.96	55219.43
244.01	55194.23
244.06	55167.98
244.12	55169.31
244.17	55141.70
244.22	55140.21
244.27	55166.30
244.32	55193.46
244.37	55214.00
244.42	55230.24
244.47	55222.46
244.52	55195.73
244.57	55162.14
244.62	55128.98
244.67	55106.28
244.72	55086.79
244.77	55078.33
244.82	55096.04
244.87	55123.83
244.92	55146.36
244.97	55161.86
245.02	55155.98
245.07	55127.90
245.12	55105.69
245.17	55096.59
245.22	55093.32
245.27	55093.68
245.32	55070.78
245.37	55029.53
245.42	54973.39
245.47	54922.09
245.52	54879.46
245.57	54860.68
245.62	54842.69
245.67	54833.02
245.72	54824.61
245.77	54801.93
245.82	54791.99
245.87	54788.73
245.92	54796.15
245.98	54789.78
246.03	54786.46
246.08	54787.48
246.13	54792.17
246.18	54790.37
246.23	54784.65
246.28	54783.10
246.33	54763.09
246.38	54729.28
246.43	54700.89
246.48	54683.46
246.53	54682.06
246.58	54695.41
246.63	54694.87
246.68	54683.14
246.73	54669.85
246.78	54646.84
246.83	54595.28
246.88	54549.90
246.93	54502.69
246.98	54452.33
247.03	54410.34
247.08	54396.88
247.13	54386.34
247.18	54386.09
247.23	54414.93
247.28	54419.49
247.33	54403.39
247.38	54387.91
247.43	54373.60
247.48	54354.31
247.53	54329.36
247.58	54299.79
247.63	54273.31
247.68	54231.36
247.73	54162.94
247.78	54124.68
247.83	54088.64
247.88	54056.58
247.93	54045.71
247.98	54055.22
248.03	54053.84
248.08	54080.14
248.13	54087.80
248.18	54083.20
248.23	54077.53
248.28	54054.19
248.33	54005.12
248.38	53963.71
248.43	53933.81
248.48	53900.87
248.53	53887.77
248.58	53868.34
248.63	53867.15
248.68	53847.22
248.73	53826.60
248.78	53788.17
248.83	53744.03
248.88	53679.10
248.93	53611.97
248.98	53531.65
249.03	53491.79
249.08	53467.18
249.13	53454.87
249.18	53451.62
249.23	53467.83
249.28	53454.80
249.33	53452.09
249.38	53440.67
249.43	53425.59
249.48	53393.68
249.53	53380.47
249.58	53350.66
249.63	53328.82
249.68	53313.02
249.73	53303.91
249.78	53281.10
249.83	53273.13
249.88	53247.63
249.93	53229.74
249.98	53221.45
250.03	53211.55
250.08	53189.31
250.13	53186.53
250.18	53158.23
250.23	53108.49
250.28	53057.04
250.33	53006.62
250.37	52958.54
250.42	52920.43
250.47	52894.44
250.52	52883.84
250.57	52866.63
250.62	52831.21
250.67	52801.15
250.72	52781.33
250.77	52734.30
250.82	52712.01
250.87	52710.50
250.92	52700.22
250.97	52673.46
251.02	52666.80
251.07	52659.98
251.12	52639.69
251.17	52612.58
251.22	52587.48
251.27	52555.59
251.32	52509.34
251.37	52461.34
251.42	52410.85
251.47	52374.78
251.52	52348.00
251.57	52331.62
251.62	52317.74
251.67	52312.51
251.72	52289.92
251.77	52253.83
251.82	52204.58
251.87	52150.32
251.92	52101.34
251.97	52043.73
252.02	52007.56
252.07	51983.02
252.12	51978.53
252.16	51969.97
252.21	51977.25
252.26	51981.34
252.31	51980.74
252.36	51972.78
252.41	51960.44
252.46	51936.64
252.51	51902.39
252.56	51869.73
252.61	51829.35
252.66	51793.34
252.71	51768.92
252.76	51745.82
252.81	51697.24
252.86	51642.81
252.91	51599.58
252.96	51541.17
253.01	51467.53
253.06	51408.83
253.11	51368.05
253.16	51324.64
253.21	51274.33
253.26	51241.52
253.31	51215.05
253.36	51195.93
253.40	51164.69
253.45	51160.67
253.50	51122.08
253.55	51085.40
253.60	51032.83
253.65	50991.84
253.70	50945.91
253.75	50928.92
253.80	50905.47
253.85	50895.19
253.90	50890.43
253.95	50886.13
254.00	50885.14
254.05	50876.27
254.10	50852.66
254.15	50821.72
254.20	50786.57
254.25	50744.98
254.30	50713.03
254.35	50666.70
254.39	50606.14
254.44	50526.13
254.49	50456.93
254.54	50421.58
254.59	50398.22
254.64	50384.81
254.69	50383.98
254.74	50375.66
254.79	50340.64
254.84	50302.90
254.89	50286.17
254.94	50268.78
254.99	50261.44
255.04	50248.06
255.09	50243.48
255.14	50212.77
255.19	50204.18
255.23	50185.85
255.28	50182.32
255.33	50171.80
255.38	50159.28
255.43	50133.41
255.48	50109.87
255.53	50070.26
255.58	50038.80
255.63	50009.48
255.68	49965.67
255.73	49919.64
255.78	49880.85
255.83	49852.23
255.88	49831.35
255.93	49799.29
255.97	49783.09
256.02	49755.55
256.07	49707.93
256.12	49633.29
256.17	49592.93
256.22	49537.92
256.27	49486.44
256.32	49441.52
256.37	49425.53
256.42	49405.99
256.47	49372.85
256.52	49348.20
256.57	49329.73
256.62	49306.34
256.66	49285.47
256.71	49265.80
256.76	49229.37
256.81	49171.84
256.86	49122.92
256.91	49074.91
256.96	49034.41
257.01	49003.98
257.06	48984.87
257.11	48955.94
257.16	48905.73
257.21	48860.56
257.26	48823.78
257.30	48785.46
257.35	48743.70
257.40	48720.08
257.45	48702.79
257.50	48668.98
257.55	48629.07
257.60	48609.79
257.65	48584.27
257.70	48547.83
257.75	48512.20
257.80	48493.89
257.85	48450.22
257.89	48405.44
257.94	48351.26
257.99	48287.39
258.04	48230.07
258.09	48196.74
258.14	48164.70
258.19	48148.92
258.24	48140.52
258.29	48100.15
258.34	48056.45
258.39	48010.90
258.44	47949.29
258.48	47886.43
258.53	47859.62
258.58	47815.13
258.63	47773.16
258.68	47730.80
258.73	47700.61
258.78	47655.71
258.83	47615.58
258.88	47574.63
258.93	47539.48
258.97	47510.21
259.02	47480.65
259.07	47456.58
259.12	47438.69
259.17	47426.60
259.22	47407.62
259.27	47379.50
259.32	47363.02
259.37	47318.29
259.42	47281.63
259.47	47237.71
259.51	47193.10
259.56	47126.24
259.61	47060.59
259.66	46980.73
259.71	46909.93
259.76	46847.95
259.81	46785.78
259.86	46748.80
259.91	46713.45
259.95	46681.22
260.00	46656.85
260.05	46640.53
260.10	46619.88
260.15	46605.62
260.20	46596.78
260.25	46584.98
260.30	46578.69
260.35	46553.55
260.40	46523.60
260.44	46498.38
260.49	46472.29
260.54	46432.71
260.59	46409.91
260.64	46402.93
260.69	46398.99
260.74	46360.72
260.79	46320.74
260.84	46278.62
260.88	46217.46
260.93	46134.03
260.98	46098.21
261.03	46062.27
261.08	46036.04
261.13	45998.66
261.18	45958.14
261.23	45898.00
261.28	45858.84
261.32	45806.28
261.37	45760.36
261.42	45734.05
261.47	45719.36
261.52	45670.04
261.57	45629.42
261.62	45591.15
261.67	45536.17
261.71	45473.33
261.76	45434.00
261.81	45378.10
261.86	45323.09
261.91	45274.81
261.96	45230.04
262.01	45187.18
262.06	45162.68
262.10	45151.55
262.15	45135.03
262.20	45122.27
262.25	45103.86
262.30	45088.28
262.35	45067.80
262.40	45041.29
262.45	45013.01
262.49	44986.83
262.54	44953.15
262.59	44915.19
262.64	44892.60
262.69	44853.90
262.74	44808.43
262.79	44744.60
262.84	44694.92
262.88	44637.45
262.93	44582.65
262.98	44541.36
263.03	44512.06
263.08	44460.73
263.13	44397.25
263.18	44333.05
263.23	44269.80
263.27	44227.30
263.32	44196.98
263.37	44175.64
263.42	44161.72
263.47	44135.84
263.52	44105.25
263.57	44060.64
263.61	44026.08
263.66	43987.74
263.71	43953.08
263.76	43913.84
263.81	43879.29
263.86	43849.48
263.91	43804.86
263.95	43740.46
264.00	43686.92
264.05	43633.23
264.10	43558.29
264.15	43494.03
264.20	43456.30
264.25	43406.57
264.29	43366.00
264.34	43320.04
264.39	43285.92
264.44	43239.66
264.49	43194.24
264.54	43144.26
264.59	43113.39
264.63	43072.52
264.68	43024.01
264.73	42970.26
264.78	42920.37
264.83	42858.48
264.88	42815.81
264.93	42790.51
264.97	42770.05
265.02	42750.85
265.07	42732.50
265.12	42688.08
265.17	42643.02
265.22	42601.62
265.27	42545.14
265.31	42483.56
265.36	42422.91
265.41	42364.01
265.46	42289.63
265.51	42222.88
265.56	42171.82
265.60	42121.41
265.65	42065.13
265.70	42019.23
265.75	41966.11
265.80	41915.16
265.85	41853.51
265.90	41789.10
265.94	41736.28
265.99	41674.28
266.04	41612.97
266.09	41581.74
266.14	41556.39
266.19	41517.89
266.23	41491.46
266.28	41449.60
266.33	41410.57
266.38	41378.36
266.43	41348.36
266.48	41329.79
266.52	41315.98
266.57	41276.55
266.62	41227.64
266.67	41179.53
266.72	41122.73
266.77	41083.04
266.81	41057.51
266.86	41031.71
266.91	41003.55
266.96	40967.61
267.01	40927.33
267.06	40879.05
267.10	40834.66
267.15	40786.23
267.20	40758.84
267.25	40716.96
267.30	40677.14
267.35	40637.66
267.39	40592.49
267.44	40544.89
267.49	40499.27
267.54	40455.79
267.59	40401.89
267.64	40353.65
267.68	40293.71
267.73	40235.67
267.78	40191.99
267.83	40171.67
267.88	40158.62
267.93	40154.59
267.97	40147.67
268.02	40109.44
268.07	40057.55
268.12	40000.05
268.17	39937.10
268.21	39893.61
268.26	39852.22
268.31	39814.68
268.36	39773.03
268.41	39730.31
268.46	39675.03
268.50	39638.79
268.55	39585.87
268.60	39522.37
268.65	39454.28
268.70	39368.72
268.74	39293.94
268.79	39220.02
268.84	39167.88
268.89	39128.98
268.94	39107.33
268.99	39071.77
269.03	39035.48
269.08	38985.78
269.13	38915.11
269.18	38831.33
269.23	38735.32
269.27	38626.34
269.32	38501.41
269.37	38376.57
269.42	38237.85
269.47	38098.96
269.51	37958.88
269.56	37823.30
269.61	37684.24
269.66	37548.20
269.71	37398.81
269.76	37257.99
269.80	37106.08
269.85	36959.10
269.90	36817.52
269.95	36670.40
270.00	36507.79
270.04	36361.78
270.09	36212.78
270.14	36069.97
270.19	35927.57
270.24	35790.83
270.28	35638.04
270.33	35466.33
270.38	35280.68
270.43	35104.25
270.48	34930.58
270.52	34766.93
270.57	34613.83
270.62	34458.62
270.67	34307.94
270.72	34151.50
270.76	33978.93
270.81	33809.78
270.86	33641.89
270.91	33465.60
270.96	33296.92
271.00	33137.15
271.05	32980.23
271.10	32836.85
271.15	32708.41
271.20	32583.55
271.24	32448.04
271.29	32313.52
271.34	32170.39
271.39	32017.18
271.44	31866.08
271.48	31734.29
271.53	31589.60
271.58	31443.63
271.63	31296.35
271.67	31149.32
271.72	30998.83
271.77	30854.17
271.82	30724.13
271.87	30589.88
271.91	30434.12
271.96	30289.63
272.01	30150.39
272.06	30012.56
272.11	29886.08
272.15	29785.09
272.20	29680.31
272.25	29587.78
272.30	29479.59
272.35	29375.62
272.39	29259.58
272.44	29137.37
272.49	28996.62
272.54	28859.66
272.58	28709.49
272.63	28561.10
272.68	28411.84
272.73	28253.36
272.78	28082.82
272.82	27888.41
272.87	27669.48
272.92	27384.63
272.97	26863.59
273.01	23903.59
273.06	18952.65
273.11	13497.51
273.16	8141.61
273.21	3063.57
273.25	462.41
273.30	-88.62
273.35	-89.65
