165.32	3379.27
165.38	-247.04
165.44	595.81
165.50	-77.94
165.55	-20.49
165.61	0.74
165.67	27.60
165.72	36.09
165.78	41.36
165.84	40.07
165.89	37.65
165.95	36.08
166.01	35.56
166.06	37.16
166.12	39.66
166.18	37.28
166.23	38.91
166.29	37.86
166.35	33.88
166.40	32.63
166.46	38.91
166.52	41.70
166.57	42.67
166.63	43.94
166.69	47.13
166.74	41.75
166.80	42.44
166.86	44.36
166.91	44.93
166.97	39.00
167.03	41.55
167.08	35.76
167.14	35.19
167.20	33.52
167.25	45.49
167.31	45.68
167.37	51.25
167.42	52.85
167.48	58.64
167.54	53.51
167.59	53.08
167.65	48.48
167.71	48.31
167.76	47.28
167.82	42.43
167.88	41.70
167.93	49.36
167.99	48.08
168.05	50.33
168.10	58.31
168.16	58.19
168.21	56.58
168.27	61.40
168.33	62.88
168.38	55.48
168.44	60.36
168.50	58.82
168.55	57.28
168.61	58.05
168.67	60.35
168.72	57.21
168.78	57.35
168.84	53.05
168.89	51.50
168.95	52.56
169.01	51.80
169.06	51.58
169.12	50.93
169.18	49.16
169.23	48.53
169.29	53.53
169.34	57.69
169.40	60.46
169.46	64.88
169.51	67.16
169.57	62.34
169.63	58.11
169.68	63.17
169.74	59.77
169.80	65.38
169.85	66.72
169.91	70.86
169.97	66.16
170.02	65.79
170.08	65.09
170.13	65.42
170.19	65.15
170.25	67.38
170.30	71.51
170.36	63.05
170.42	65.07
170.47	66.13
170.53	67.62
170.59	64.41
170.64	67.87
170.70	66.07
170.76	63.48
170.81	64.48
170.87	64.26
170.92	65.64
170.98	68.83
171.04	71.25
171.09	67.36
171.15	74.38
171.21	74.65
171.26	71.15
171.32	68.41
171.37	72.45
171.43	67.12
171.49	72.09
171.54	75.38
171.60	76.77
171.66	78.58
171.71	79.03
171.77	76.66
171.83	82.98
171.88	82.46
171.94	81.53
171.99	86.02
172.05	84.72
172.11	85.33
172.16	93.94
172.22	94.53
172.28	94.73
172.33	92.82
172.39	90.00
172.44	86.54
172.50	92.37
172.56	92.01
172.61	100.40
172.67	99.77
172.72	99.60
172.78	93.85
172.84	88.70
172.89	82.13
172.95	81.90
173.01	83.08
173.06	82.00
173.12	88.00
173.17	89.36
173.23	88.37
173.29	88.76
173.34	90.06
173.40	84.54
173.46	84.57
173.51	87.33
173.57	87.18
173.62	82.23
173.68	88.56
173.74	87.84
173.79	89.50
173.85	86.23
173.90	88.92
173.96	85.65
174.02	82.74
174.07	74.31
174.13	73.86
174.18	75.82
174.24	68.83
174.30	69.12
174.35	74.25
174.41	71.24
174.47	65.28
174.52	66.74
174.58	66.12
174.63	61.89
174.69	60.83
174.75	62.46
174.80	73.59
174.86	70.75
174.91	72.07
174.97	71.68
175.03	69.44
175.08	56.89
175.14	63.59
175.19	59.50
175.25	60.62
175.31	65.16
175.36	66.62
175.42	63.77
175.47	68.11
175.53	67.96
175.59	64.22
175.64	65.91
175.70	63.71
175.75	59.10
175.81	57.72
175.87	58.83
175.92	55.10
175.98	56.73
176.03	56.68
176.09	57.22
176.15	56.90
176.20	57.65
176.26	57.64
176.31	61.48
176.37	59.08
176.42	60.34
176.48	64.25
176.54	62.04
176.59	58.63
176.65	61.41
176.70	62.98
176.76	62.70
176.82	60.54
176.87	57.84
176.93	57.93
176.98	56.42
177.04	50.85
177.10	55.34
177.15	56.98
177.21	57.77
177.26	56.53
177.32	60.58
177.37	62.38
177.43	65.77
177.49	62.07
177.54	59.82
177.60	60.30
177.65	61.02
177.71	55.60
177.77	58.65
177.82	60.04
177.88	63.18
177.93	58.40
177.99	64.67
178.04	60.58
178.10	61.73
178.16	55.81
178.21	56.85
178.27	53.88
178.32	57.77
178.38	56.08
178.43	57.40
178.49	57.27
178.55	56.39
178.60	54.96
178.66	54.53
178.71	56.17
178.77	53.93
178.82	55.05
178.88	54.84
178.94	55.37
178.99	56.28
179.05	60.53
179.10	56.82
179.16	60.01
179.21	62.72
179.27	61.45
179.33	57.43
179.38	61.43
179.44	59.38
179.49	59.08
179.55	57.24
179.60	57.32
179.66	56.09
179.72	58.43
179.77	55.53
179.83	54.61
179.88	55.96
179.94	57.23
179.99	53.52
180.05	54.02
180.11	54.52
180.16	56.97
180.22	59.57
180.27	64.01
180.33	65.19
180.38	69.35
180.44	65.32
180.49	64.99
180.55	62.64
180.61	66.50
180.66	61.51
180.72	60.04
180.77	58.37
180.83	58.90
180.88	56.07
180.94	55.88
180.99	59.40
181.05	59.35
181.11	60.13
181.16	60.27
181.22	61.61
181.27	63.98
181.33	62.48
181.38	59.32
181.44	60.67
181.49	65.15
181.55	65.88
181.61	72.13
181.66	74.87
181.72	72.23
181.77	69.35
181.83	66.48
181.88	71.42
181.94	73.14
181.99	78.67
182.05	79.32
182.11	80.41
182.16	71.93
182.22	69.98
182.27	65.73
182.33	68.54
182.38	68.29
182.44	72.86
182.49	75.02
182.55	77.16
182.60	76.86
182.66	80.25
182.72	82.54
182.77	84.85
182.83	88.17
182.88	90.58
182.94	91.76
182.99	88.71
183.05	87.12
183.10	89.01
183.16	88.75
183.21	89.78
183.27	97.54
183.32	101.92
183.38	105.28
183.44	112.00
183.49	117.77
183.55	119.59
183.60	126.70
183.66	133.33
183.71	143.33
183.77	151.48
183.82	161.68
183.88	173.72
183.93	186.20
183.99	200.39
184.04	217.76
184.10	230.45
184.15	242.46
184.21	255.61
184.27	257.48
184.32	257.91
184.38	255.35
184.43	250.74
184.49	233.20
184.54	215.53
184.60	205.62
184.65	191.16
184.71	181.03
184.76	182.99
184.82	200.43
184.87	218.08
184.93	244.85
184.98	273.89
185.04	306.23
185.09	332.29
185.15	359.06
185.20	391.98
185.26	428.31
185.31	458.46
185.37	487.48
185.43	508.53
185.48	528.36
185.54	550.14
185.59	575.65
185.65	601.92
185.70	643.29
185.76	689.51
185.81	726.43
185.87	764.89
185.92	810.03
185.98	846.72
186.03	863.34
186.09	865.23
186.14	840.00
186.20	785.65
186.25	697.22
186.31	609.68
186.36	540.56
186.42	510.04
186.47	519.02
186.53	568.28
186.58	639.55
186.64	716.96
186.69	791.57
186.75	852.59
186.80	911.71
186.86	970.91
186.91	1030.62
186.97	1085.22
187.02	1155.76
187.08	1221.32
187.13	1276.92
187.19	1336.43
187.24	1397.62
187.30	1437.68
187.35	1478.76
187.41	1533.59
187.47	1585.66
187.52	1631.59
187.58	1691.77
187.63	1767.95
187.69	1845.75
187.74	1913.52
187.80	1973.75
187.85	2022.20
187.91	2043.81
187.96	2027.80
188.02	1966.53
188.07	1865.33
188.13	1715.25
188.18	1555.25
188.24	1437.53
188.29	1382.42
188.35	1393.49
188.40	1476.26
188.46	1605.02
188.51	1734.45
188.57	1866.01
188.62	1992.00
188.67	2110.34
188.73	2222.22
188.78	2328.56
188.84	2433.37
188.89	2540.23
188.95	2647.95
189.00	2739.66
189.06	2838.67
189.11	2933.46
189.17	3014.42
189.22	3086.09
189.28	3174.81
189.33	3252.92
189.39	3319.01
189.44	3387.12
189.50	3463.85
189.55	3532.03
189.61	3583.14
189.66	3637.76
189.72	3693.79
189.77	3742.83
189.83	3769.55
189.88	3780.78
189.94	3753.04
189.99	3672.05
190.05	3514.80
190.10	3291.56
190.16	3031.20
190.21	2801.53
190.27	2651.11
190.32	2607.52
190.38	2668.07
190.43	2813.73
190.49	2984.76
190.54	3133.60
190.60	3260.17
190.65	3367.71
190.71	3461.16
190.76	3549.55
190.81	3638.82
190.87	3736.94
190.92	3856.90
190.98	3987.70
191.03	4125.04
191.09	4269.83
191.14	4398.13
191.20	4502.26
191.25	4603.35
191.31	4705.20
191.36	4810.33
191.42	4923.68
191.47	5049.43
191.53	5174.99
191.58	5279.70
191.64	5360.76
191.69	5432.14
191.75	5481.43
191.80	5514.12
191.85	5535.69
191.91	5557.15
191.96	5578.40
192.02	5607.72
192.07	5623.58
192.13	5618.27
192.18	5572.27
192.24	5455.36
192.29	5257.48
192.35	5029.98
192.40	4843.93
192.46	4734.80
192.51	4728.23
192.57	4825.72
192.62	5001.48
192.67	5188.73
192.73	5367.21
192.78	5534.68
192.84	5685.68
192.89	5821.88
192.95	5950.91
193.00	6066.65
193.06	6174.41
193.11	6280.68
193.17	6372.91
193.22	6461.15
193.28	6553.28
193.33	6628.18
193.38	6697.96
193.44	6766.74
193.49	6839.06
193.55	6897.21
193.60	6958.18
193.66	7012.83
193.71	7061.11
193.77	7086.58
193.82	7108.22
193.88	7124.08
193.93	7149.68
193.98	7174.64
194.04	7213.14
194.09	7257.90
194.15	7308.39
194.20	7353.14
194.26	7395.17
194.31	7436.04
194.37	7461.38
194.42	7468.68
194.47	7457.43
194.53	7413.96
194.58	7323.28
194.64	7212.70
194.69	7113.61
194.75	7043.81
194.80	7026.03
194.86	7065.84
194.91	7156.65
194.97	7264.67
195.02	7371.61
195.07	7477.09
195.13	7577.29
195.18	7683.16
195.24	7778.39
195.29	7878.40
195.35	7965.14
195.40	8056.82
195.46	8127.72
195.51	8215.94
195.56	8301.90
195.62	8390.29
195.67	8466.74
195.73	8548.31
195.78	8606.93
195.84	8652.78
195.89	8687.72
195.94	8722.17
196.00	8754.64
196.05	8797.25
196.11	8847.78
196.16	8904.62
196.22	8967.90
196.27	9032.15
196.32	9083.93
196.38	9131.17
196.43	9179.17
196.49	9217.72
196.54	9254.70
196.60	9298.76
196.65	9341.89
196.71	9385.73
196.76	9432.85
196.81	9473.22
196.87	9508.74
196.92	9537.01
196.98	9554.98
197.03	9564.55
197.09	9558.83
197.14	9554.72
197.19	9555.71
197.25	9571.73
197.30	9595.85
197.36	9647.09
197.41	9708.47
197.47	9773.80
197.52	9831.70
197.57	9900.31
197.63	9953.94
197.68	10007.84
197.74	10057.03
197.79	10103.24
197.84	10146.91
197.90	10198.68
197.95	10239.84
198.01	10284.58
198.06	10334.23
198.12	10377.35
198.17	10414.64
198.22	10451.96
198.28	10488.20
198.33	10523.67
198.39	10558.23
198.44	10603.18
198.49	10653.38
198.55	10698.16
198.60	10751.64
198.66	10799.68
198.71	10848.89
198.77	10893.84
198.82	10945.36
198.87	10986.51
198.93	11038.04
198.98	11081.48
199.04	11129.15
199.09	11166.38
199.14	11211.02
199.20	11251.56
199.25	11291.83
199.31	11332.41
199.36	11380.17
199.42	11423.67
199.47	11465.55
199.52	11507.47
199.58	11547.38
199.63	11575.70
199.69	11609.52
199.74	11642.35
199.79	11669.83
199.85	11700.54
199.90	11745.54
199.96	11782.74
200.01	11827.33
200.06	11875.55
200.12	11919.33
200.17	11966.99
200.23	12021.75
200.28	12062.95
200.33	12117.64
200.39	12167.26
200.44	12214.38
200.50	12253.07
200.55	12294.65
200.60	12327.74
200.66	12364.72
200.71	12400.12
200.77	12444.58
200.82	12483.79
200.87	12523.97
200.93	12564.62
200.98	12607.33
201.04	12643.32
201.09	12692.11
201.14	12745.07
201.20	12793.18
201.25	12843.70
201.31	12897.92
201.36	12959.78
201.41	13014.85
201.47	13072.21
201.52	13125.64
201.58	13184.43
201.63	13224.45
201.68	13267.02
201.74	13314.87
201.79	13365.98
201.84	13415.88
201.90	13470.45
201.95	13523.20
202.01	13579.77
202.06	13628.27
202.11	13669.76
202.17	13712.53
202.22	13758.63
202.28	13803.29
202.33	13842.58
202.38	13879.91
202.44	13924.74
202.49	13970.53
202.54	14015.68
202.60	14063.76
202.65	14114.58
202.71	14164.55
202.76	14204.71
202.81	14241.43
202.87	14289.60
202.92	14338.47
202.98	14387.38
203.03	14438.65
203.08	14495.34
203.14	14550.58
203.19	14607.57
203.24	14661.15
203.30	14714.86
203.35	14764.44
203.41	14806.92
203.46	14847.97
203.51	14889.88
203.57	14928.72
203.62	14979.83
203.67	15034.31
203.73	15084.80
203.78	15130.64
203.84	15190.63
203.89	15228.94
203.94	15267.23
204.00	15303.26
204.05	15341.27
204.10	15362.27
204.16	15384.50
204.21	15404.90
204.27	15421.65
204.32	15427.61
204.37	15433.45
204.43	15427.67
204.48	15409.61
204.53	15393.75
204.59	15410.74
204.64	15469.16
204.69	15570.39
204.75	15695.50
204.80	15835.51
204.86	15945.59
204.91	16022.76
204.96	16073.46
205.02	16105.43
205.07	16136.48
205.12	16197.32
205.18	16273.01
205.23	16365.73
205.28	16478.86
205.34	16589.73
205.39	16677.83
205.45	16761.56
205.50	16829.46
205.55	16888.13
205.61	16940.38
205.66	17002.23
205.71	17061.42
205.77	17127.52
205.82	17185.71
205.87	17245.25
205.93	17295.74
205.98	17343.03
206.03	17381.14
206.09	17432.63
206.14	17482.61
206.20	17541.27
206.25	17595.80
206.30	17660.79
206.36	17716.98
206.41	17777.44
206.46	17826.05
206.52	17876.80
206.57	17924.39
206.62	17967.78
206.68	18014.07
206.73	18065.24
206.78	18120.36
206.84	18174.73
206.89	18238.34
206.94	18297.12
207.00	18368.09
207.05	18435.06
207.11	18497.32
207.16	18553.08
207.21	18616.71
207.27	18676.25
207.32	18730.03
207.37	18791.18
207.43	18848.42
207.48	18895.56
207.53	18942.56
207.59	18994.91
207.64	19045.30
207.69	19117.66
207.75	19193.33
207.80	19251.79
207.85	19309.87
207.91	19366.46
207.96	19416.70
208.01	19465.88
208.07	19525.25
208.12	19588.55
208.17	19647.67
208.23	19694.97
208.28	19751.55
208.33	19808.16
208.39	19865.90
208.44	19929.33
208.49	19994.74
208.55	20052.18
208.60	20104.52
208.65	20158.63
208.71	20207.76
208.76	20258.23
208.81	20317.12
208.87	20382.58
208.92	20441.20
208.97	20501.12
209.03	20562.42
209.08	20619.93
209.13	20680.48
209.19	20742.86
209.24	20803.05
209.29	20869.68
209.35	20923.37
209.40	20984.96
209.45	21049.51
209.51	21117.65
209.56	21174.41
209.61	21246.83
209.67	21305.66
209.72	21362.84
209.77	21420.15
209.83	21483.99
209.88	21553.66
209.93	21619.49
209.99	21679.79
210.04	21748.84
210.09	21816.64
210.15	21871.43
210.20	21929.93
210.25	21997.50
210.31	22061.38
210.36	22112.59
210.41	22160.91
210.46	22222.03
210.52	22276.88
210.57	22322.60
210.62	22379.39
210.68	22449.49
210.73	22498.90
210.78	22553.80
210.84	22619.03
210.89	22686.80
210.94	22740.93
211.00	22807.94
211.05	22864.69
211.10	22928.54
211.16	22983.11
211.21	23048.07
211.26	23115.61
211.32	23187.46
211.37	23247.18
211.42	23313.71
211.47	23386.61
211.53	23446.28
211.58	23509.04
211.63	23569.26
211.69	23634.84
211.74	23681.97
211.79	23732.93
211.85	23788.93
211.90	23848.53
211.95	23909.24
212.01	23978.02
212.06	24059.53
212.11	24143.08
212.16	24222.39
212.22	24293.01
212.27	24354.32
212.32	24412.87
212.38	24473.44
212.43	24533.17
212.48	24598.73
212.54	24669.49
212.59	24746.98
212.64	24810.10
212.69	24874.26
212.75	24939.08
212.80	25006.58
212.85	25063.80
212.91	25120.77
212.96	25181.21
213.01	25246.67
213.07	25305.72
213.12	25370.38
213.17	25437.82
213.22	25507.37
213.28	25567.57
213.33	25622.77
213.38	25673.54
213.44	25733.52
213.49	25791.76
213.54	25863.56
213.60	25948.21
213.65	26029.14
213.70	26106.07
213.75	26174.14
213.81	26225.46
213.86	26275.52
213.91	26325.61
213.97	26362.64
214.02	26403.18
214.07	26440.63
214.12	26474.68
214.18	26512.81
214.23	26554.81
214.28	26591.24
214.34	26624.24
214.39	26649.89
214.44	26648.17
214.49	26621.54
214.55	26580.78
214.60	26514.51
214.65	26420.89
214.71	26344.61
214.76	26341.25
214.81	26414.89
214.86	26581.46
214.92	26806.20
214.97	27048.61
215.02	27243.99
215.08	27382.03
215.13	27459.52
215.18	27497.11
215.23	27513.07
215.29	27545.30
215.34	27613.30
215.39	27720.92
215.45	27871.04
215.50	28042.33
215.55	28207.98
215.60	28348.38
215.66	28447.39
215.71	28524.63
215.76	28599.89
215.81	28665.40
215.87	28725.02
215.92	28787.54
215.97	28844.91
216.03	28896.09
216.08	28952.37
216.13	29005.83
216.18	29071.52
216.24	29141.43
216.29	29201.63
216.34	29259.05
216.39	29329.90
216.45	29388.36
216.50	29440.13
216.55	29503.87
216.61	29574.48
216.66	29628.94
216.71	29682.54
216.76	29743.98
216.82	29813.73
216.87	29877.70
216.92	29955.71
216.97	30024.84
217.03	30105.54
217.08	30181.89
217.13	30263.43
217.18	30332.30
217.24	30407.47
217.29	30466.53
217.34	30515.78
217.39	30559.05
217.45	30610.28
217.50	30663.74
217.55	30726.78
217.61	30798.03
217.66	30865.64
217.71	30928.93
217.76	31002.95
217.82	31076.10
217.87	31148.53
217.92	31222.48
217.97	31293.04
218.03	31358.62
218.08	31407.11
218.13	31453.52
218.18	31495.65
218.24	31565.25
218.29	31620.16
218.34	31680.19
218.39	31745.97
218.45	31818.68
218.50	31863.57
218.55	31924.97
218.60	31993.48
218.66	32049.99
218.71	32115.43
218.76	32184.95
218.81	32249.09
218.87	32308.38
218.92	32379.24
218.97	32447.59
219.02	32518.64
219.08	32587.41
219.13	32667.28
219.18	32727.83
219.23	32789.26
219.29	32852.16
219.34	32917.80
219.39	32976.36
219.44	33044.04
219.50	33111.75
219.55	33169.19
219.60	33232.89
219.65	33295.64
219.71	33365.25
219.76	33417.47
219.81	33472.94
219.86	33526.90
219.92	33581.33
219.97	33626.49
220.02	33689.60
220.07	33755.67
220.13	33818.14
220.18	33882.64
220.23	33953.18
220.28	34027.13
220.33	34098.44
220.39	34163.17
220.44	34224.84
220.49	34282.91
220.54	34331.11
220.60	34378.89
220.65	34444.60
220.70	34510.55
220.75	34583.35
220.81	34662.38
220.86	34749.52
220.91	34816.14
220.96	34878.83
221.02	34945.50
221.07	35009.16
221.12	35064.44
221.17	35119.53
221.22	35183.62
221.28	35241.77
221.33	35296.43
221.38	35349.32
221.43	35419.73
221.49	35482.07
221.54	35545.01
221.59	35612.84
221.64	35700.87
221.69	35795.91
221.75	35897.00
221.80	36001.23
221.85	36084.12
221.90	36144.25
221.96	36193.44
222.01	36225.05
222.06	36257.71
222.11	36308.53
222.17	36357.55
222.22	36387.63
222.27	36438.40
222.32	36487.99
222.37	36533.45
222.43	36595.26
222.48	36660.72
222.53	36736.55
222.58	36820.36
222.63	36890.20
222.69	36960.49
222.74	37044.33
222.79	37101.86
222.84	37138.91
222.90	37190.20
222.95	37232.57
223.00	37270.97
223.05	37325.20
223.10	37388.91
223.16	37452.24
223.21	37497.16
223.26	37544.62
223.31	37585.34
223.36	37622.10
223.42	37660.80
223.47	37706.01
223.52	37761.39
223.57	37811.28
223.63	37867.77
223.68	37916.92
223.73	37990.61
223.78	38059.77
223.83	38128.95
223.89	38185.57
223.94	38254.13
223.99	38312.87
224.04	38379.22
224.09	38451.52
224.15	38539.67
224.20	38616.84
224.25	38713.33
224.30	38792.63
224.35	38882.55
224.41	38978.11
224.46	39082.58
224.51	39164.05
224.56	39248.69
224.61	39327.62
224.67	39400.96
224.72	39474.05
224.77	39567.05
224.82	39664.57
224.87	39746.32
224.93	39824.57
224.98	39907.76
225.03	39989.22
225.08	40067.46
225.13	40159.65
225.19	40248.07
225.24	40334.10
225.29	40406.18
225.34	40479.40
225.39	40546.62
225.45	40627.60
225.50	40697.17
225.55	40765.65
225.60	40830.16
225.65	40903.88
225.71	40959.57
225.76	41012.35
225.81	41057.34
225.86	41094.90
225.91	41116.09
225.97	41126.97
226.02	41118.50
226.07	41088.78
226.12	41089.62
226.17	41128.89
226.22	41225.79
226.28	41389.30
226.33	41615.89
226.38	41809.97
226.43	41977.53
226.48	42093.78
226.54	42169.46
226.59	42211.13
226.64	42254.08
226.69	42273.79
226.74	42309.00
226.80	42374.77
226.85	42456.81
226.90	42559.63
226.95	42705.25
227.00	42860.90
227.05	42998.30
227.11	43126.54
227.16	43237.05
227.21	43327.58
227.26	43412.78
227.31	43482.40
227.37	43533.08
227.42	43611.84
227.47	43696.43
227.52	43761.68
227.57	43823.58
227.62	43915.74
227.68	43984.45
227.73	44056.45
227.78	44137.18
227.83	44223.52
227.88	44294.46
227.93	44368.68
227.99	44441.40
228.04	44514.08
228.09	44597.30
228.14	44669.24
228.19	44745.99
228.24	44818.41
228.30	44889.20
228.35	44950.97
228.40	45026.01
228.45	45084.70
228.50	45148.94
228.56	45212.62
228.61	45269.51
228.66	45320.85
228.71	45384.04
228.76	45434.90
228.81	45477.96
228.87	45526.26
228.92	45586.70
228.97	45633.61
229.02	45714.30
229.07	45795.64
229.12	45887.61
229.17	45957.84
229.23	46044.30
229.28	46118.24
229.33	46188.46
229.38	46256.66
229.43	46334.00
229.48	46413.38
229.54	46480.19
229.59	46552.18
229.64	46623.19
229.69	46707.33
229.74	46798.58
229.79	46871.79
229.85	46952.00
229.90	47019.92
229.95	47077.54
230.00	47129.40
230.05	47203.16
230.10	47269.06
230.16	47344.49
230.21	47410.70
230.26	47466.94
230.31	47507.83
230.36	47568.00
230.41	47622.20
230.46	47706.13
230.52	47807.45
230.57	47898.53
230.62	47987.10
230.67	48062.78
230.72	48118.38
230.77	48152.47
230.82	48199.40
230.88	48223.08
230.93	48266.12
230.98	48309.37
231.03	48361.69
231.08	48421.77
231.13	48474.88
231.19	48539.36
231.24	48607.16
231.29	48682.58
231.34	48751.14
231.39	48829.86
231.44	48897.39
231.49	48952.05
231.55	49001.09
231.60	49047.64
231.65	49102.02
231.70	49153.63
231.75	49199.20
231.80	49243.31
231.85	49296.84
231.91	49337.45
231.96	49382.97
232.01	49454.03
232.06	49523.74
232.11	49583.32
232.16	49671.56
232.21	49764.54
232.26	49847.09
232.32	49924.23
232.37	50002.28
232.42	50060.71
232.47	50104.86
232.52	50154.77
232.57	50208.37
232.62	50266.08
232.68	50328.64
232.73	50404.83
232.78	50480.32
232.83	50549.41
232.88	50620.19
232.93	50696.59
232.98	50758.62
233.03	50814.40
233.09	50882.70
233.14	50947.29
233.19	51004.19
233.24	51054.51
233.29	51102.47
233.34	51128.73
233.39	51152.78
233.45	51180.99
233.50	51224.69
233.55	51272.83
233.60	51344.73
233.65	51415.48
233.70	51470.10
233.75	51519.43
233.80	51568.85
233.86	51615.02
233.91	51658.27
233.96	51707.78
234.01	51766.89
234.06	51830.29
234.11	51886.28
234.16	51943.39
234.21	52002.71
234.26	52050.83
234.32	52080.34
234.37	52114.33
234.42	52148.94
234.47	52174.12
234.52	52196.10
234.57	52241.29
234.62	52281.38
234.67	52328.05
234.73	52386.39
234.78	52443.82
234.83	52489.97
234.88	52538.09
234.93	52574.70
234.98	52616.58
235.03	52663.10
235.08	52723.60
235.13	52782.08
235.19	52862.53
235.24	52925.28
235.29	52991.92
235.34	53030.39
235.39	53070.41
235.44	53095.01
235.49	53131.27
235.54	53154.55
235.59	53183.79
235.65	53211.12
235.70	53237.24
235.75	53272.55
235.80	53328.49
235.85	53374.97
235.90	53419.28
235.95	53458.50
236.00	53488.51
236.05	53504.97
236.11	53532.15
236.16	53564.48
236.21	53610.15
236.26	53648.97
236.31	53684.96
236.36	53704.43
236.41	53723.56
236.46	53728.80
236.51	53747.35
236.56	53768.95
236.62	53799.20
236.67	53832.29
236.72	53872.65
236.77	53896.66
236.82	53944.91
236.87	53980.23
236.92	54006.22
236.97	54046.45
237.02	54089.72
237.07	54130.78
237.13	54189.02
237.18	54248.12
237.23	54296.92
237.28	54342.66
237.33	54370.83
237.38	54393.35
237.43	54414.45
237.48	54416.74
237.53	54438.27
237.58	54475.48
237.63	54511.76
237.69	54556.44
237.74	54613.30
237.79	54656.06
237.84	54655.68
237.89	54663.99
237.94	54662.75
237.99	54679.18
238.04	54691.53
238.09	54722.34
238.14	54755.74
238.19	54788.67
238.25	54807.33
238.30	54805.59
238.35	54808.53
238.40	54809.37
238.45	54808.53
238.50	54807.41
238.55	54817.53
238.60	54852.40
238.65	54875.35
238.70	54893.29
238.75	54902.48
238.80	54936.29
238.86	54939.95
238.91	54950.97
238.96	54983.45
239.01	55024.64
239.06	55047.85
239.11	55075.68
239.16	55094.13
239.21	55089.27
239.26	55078.44
239.31	55087.71
239.36	55097.62
239.41	55117.59
239.46	55150.72
239.52	55183.97
239.57	55208.33
239.62	55224.55
239.67	55245.34
239.72	55267.14
239.77	55282.10
239.82	55293.87
239.87	55308.18
239.92	55311.05
239.97	55299.95
240.02	55295.96
240.07	55284.93
240.12	55276.08
240.17	55284.73
240.23	55289.23
240.28	55292.56
240.33	55299.92
240.38	55299.32
240.43	55294.92
240.48	55317.87
240.53	55338.94
240.58	55359.60
240.63	55398.47
240.68	55410.03
240.73	55402.05
240.78	55393.75
240.83	55391.91
240.88	55363.80
240.93	55355.78
240.98	55352.02
241.04	55372.58
241.09	55393.15
241.14	55423.58
241.19	55467.16
241.24	55499.82
241.29	55511.63
241.34	55523.79
241.39	55532.31
241.44	55532.88
241.49	55537.88
241.54	55534.87
241.59	55519.64
241.64	55523.93
241.69	55507.18
241.74	55501.37
241.79	55494.94
241.84	55488.01
241.90	55466.81
241.95	55451.64
242.00	55420.50
242.05	55397.83
242.10	55386.73
242.15	55371.52
242.20	55367.03
242.25	55368.75
242.30	55357.88
242.35	55352.52
242.40	55352.85
242.45	55344.13
242.50	55332.25
242.55	55327.67
242.60	55317.50
242.65	55314.23
242.70	55325.78
242.75	55350.37
242.80	55397.31
242.85	55432.57
242.91	55451.22
242.96	55451.53
243.01	55437.78
243.06	55410.74
243.11	55377.28
243.16	55348.72
243.21	55336.84
243.26	55337.90
243.31	55345.77
243.36	55351.95
243.41	55371.24
243.46	55371.79
243.51	55339.08
243.56	55281.53
243.61	55231.06
243.66	55185.39
243.71	55149.88
243.76	55157.11
243.81	55176.48
243.86	55183.83
243.91	55192.68
243.96	55198.25
244.01	55170.23
244.06	55145.60
244.12	55138.77
244.17	55122.22
244.22	55117.02
244.27	55146.13
244.32	55168.18
244.37	55181.10
244.42	55184.29
244.47	55180.77
244.52	55156.55
244.57	55127.44
244.62	55110.23
244.67	55096.07
244.72	55069.72
244.77	55053.33
244.82	55068.64
244.87	55095.80
244.92	55114.71
244.97	55138.14
245.02	55147.70
245.07	55127.46
245.12	55108.07
245.17	55085.19
245.22	55078.99
245.27	55068.90
245.32	55031.08
245.37	54986.29
245.42	54947.66
245.47	54890.10
245.52	54845.36
245.57	54836.31
245.62	54821.70
245.67	54812.85
245.72	54814.84
245.77	54794.98
245.82	54776.55
245.87	54773.62
245.92	54773.50
245.98	54761.68
246.03	54762.82
246.08	54769.21
246.13	54765.49
246.18	54760.44
246.23	54761.26
246.28	54752.87
246.33	54741.57
246.38	54707.31
246.43	54677.30
246.48	54654.49
246.53	54658.69
246.58	54663.53
246.63	54675.59
246.68	54674.73
246.73	54649.03
246.78	54611.73
246.83	54559.98
246.88	54497.68
246.93	54445.68
246.98	54415.20
247.03	54391.52
247.08	54374.40
247.13	54369.27
247.18	54373.43
247.23	54389.32
247.28	54393.53
247.33	54381.91
247.38	54364.21
247.43	54350.08
247.48	54317.62
247.53	54283.31
247.58	54243.87
247.63	54222.60
247.68	54175.98
247.73	54125.90
247.78	54089.61
247.83	54069.92
247.88	54035.57
247.93	54029.63
247.98	54034.48
248.03	54037.08
248.08	54048.50
248.13	54056.15
248.18	54041.61
248.23	54033.46
248.28	54001.10
248.33	53960.46
248.38	53921.77
248.43	53894.33
248.48	53875.54
248.53	53863.09
248.58	53849.73
248.63	53852.39
248.68	53830.82
248.73	53797.83
248.78	53771.60
248.83	53728.42
248.88	53651.01
248.93	53584.89
248.98	53506.15
249.03	53456.08
249.08	53422.31
249.13	53425.71
249.18	53422.12
249.23	53444.53
249.28	53439.36
249.33	53438.42
249.38	53419.14
249.43	53409.38
249.48	53378.30
249.53	53364.94
249.58	53333.95
249.63	53315.95
249.68	53295.19
249.73	53283.56
249.78	53257.37
249.83	53258.64
249.88	53232.65
249.93	53220.98
249.98	53201.60
250.03	53192.73
250.08	53153.42
250.13	53139.00
250.18	53106.87
250.23	53070.72
250.28	53017.55
250.33	52974.30
250.37	52933.11
250.42	52898.32
250.47	52866.88
250.52	52858.69
250.57	52846.63
250.62	52811.39
250.67	52783.96
250.72	52768.11
250.77	52718.73
250.82	52694.92
250.87	52692.76
250.92	52681.71
250.97	52651.96
251.02	52651.35
251.07	52652.99
251.12	52629.44
251.17	52604.28
251.22	52581.77
251.27	52544.25
251.32	52488.65
251.37	52438.91
251.42	52384.37
251.47	52344.06
251.52	52312.20
251.57	52293.86
251.62	52286.75
251.67	52275.51
251.72	52262.49
251.77	52229.35
251.82	52189.25
251.87	52141.15
251.92	52097.53
251.97	52032.97
252.02	51992.60
252.07	51963.47
252.12	51944.41
252.16	51933.66
252.21	51935.15
252.26	51941.89
252.31	51943.10
252.36	51939.91
252.41	51920.78
252.46	51900.82
252.51	51871.36
252.56	51836.39
252.61	51805.23
252.66	51780.33
252.71	51760.65
252.76	51734.98
252.81	51692.38
252.86	51638.02
252.91	51595.58
252.96	51529.89
253.01	51460.36
253.06	51399.90
253.11	51357.43
253.16	51311.15
253.21	51266.21
253.26	51228.23
253.31	51195.65
253.36	51167.06
253.40	51137.13
253.45	51130.83
253.50	51091.16
253.55	51058.78
253.60	51011.61
253.65	50966.11
253.70	50917.10
253.75	50904.67
253.80	50887.69
253.85	50886.84
253.90	50891.01
253.95	50878.01
254.00	50877.08
254.05	50859.33
254.10	50819.72
254.15	50781.58
254.20	50758.07
254.25	50719.62
254.30	50688.94
254.35	50649.93
254.39	50586.66
254.44	50513.36
254.49	50434.03
254.54	50404.66
254.59	50364.43
254.64	50356.60
254.69	50352.59
254.74	50354.37
254.79	50320.39
254.84	50292.96
254.89	50270.01
254.94	50251.92
254.99	50236.63
255.04	50212.78
255.09	50211.59
255.14	50182.52
255.19	50172.55
255.23	50160.83
255.28	50150.51
255.33	50135.37
255.38	50133.24
255.43	50113.83
255.48	50085.97
255.53	50048.44
255.58	50024.65
255.63	49982.33
255.68	49926.34
255.73	49875.48
255.78	49846.85
255.83	49815.61
255.88	49793.96
255.93	49777.20
255.97	49763.24
256.02	49735.58
256.07	49697.52
256.12	49631.00
256.17	49578.43
256.22	49522.13
256.27	49464.36
256.32	49414.73
256.37	49394.98
256.42	49374.96
256.47	49351.66
256.52	49329.76
256.57	49303.66
256.62	49282.51
256.66	49265.73
256.71	49234.83
256.76	49191.33
256.81	49138.73
256.86	49083.13
256.91	49032.52
256.96	48989.76
257.01	48966.90
257.06	48949.32
257.11	48917.80
257.16	48871.06
257.21	48836.83
257.26	48796.50
257.30	48754.06
257.35	48717.88
257.40	48693.49
257.45	48678.85
257.50	48650.65
257.55	48618.76
257.60	48600.68
257.65	48575.18
257.70	48532.96
257.75	48500.68
257.80	48475.91
257.85	48439.68
257.89	48389.74
257.94	48331.52
257.99	48262.65
258.04	48210.91
258.09	48165.40
258.14	48131.97
258.19	48113.91
258.24	48097.72
258.29	48054.65
258.34	48019.08
258.39	47986.06
258.44	47930.80
258.48	47878.86
258.53	47845.70
258.58	47797.58
258.63	47741.28
258.68	47696.14
258.73	47665.92
258.78	47627.53
258.83	47590.09
258.88	47560.18
258.93	47533.36
258.97	47501.81
259.02	47465.42
259.07	47438.40
259.12	47415.86
259.17	47394.18
259.22	47373.54
259.27	47354.27
259.32	47339.18
259.37	47299.40
259.42	47262.93
259.47	47219.95
259.51	47176.93
259.56	47115.28
259.61	47047.85
259.66	46969.18
259.71	46891.91
259.76	46826.21
259.81	46761.03
259.86	46718.53
259.91	46682.83
259.95	46659.74
260.00	46629.93
260.05	46621.75
260.10	46610.23
260.15	46596.22
260.20	46578.73
260.25	46577.69
260.30	46556.93
260.35	46523.78
260.40	46491.34
260.44	46464.56
260.49	46439.58
260.54	46400.01
260.59	46373.54
260.64	46367.06
260.69	46356.40
260.74	46317.93
260.79	46283.35
260.84	46242.59
260.88	46183.18
260.93	46116.27
260.98	46073.81
261.03	46035.47
261.08	46012.21
261.13	45978.02
261.18	45938.66
261.23	45882.84
261.28	45847.51
261.32	45799.85
261.37	45751.39
261.42	45715.09
261.47	45690.41
261.52	45647.06
261.57	45600.12
261.62	45562.40
261.67	45514.27
261.71	45448.58
261.76	45398.24
261.81	45346.68
261.86	45297.90
261.91	45253.72
261.96	45218.50
262.01	45178.07
262.06	45153.11
262.10	45137.10
262.15	45123.10
262.20	45107.89
262.25	45089.06
262.30	45067.32
262.35	45033.68
262.40	44997.15
262.45	44967.32
262.49	44942.24
262.54	44909.20
262.59	44887.71
262.64	44866.28
262.69	44820.28
262.74	44775.99
262.79	44720.57
262.84	44669.91
262.88	44617.35
262.93	44567.21
262.98	44526.42
263.03	44487.69
263.08	44440.73
263.13	44366.82
263.18	44310.46
263.23	44245.27
263.27	44201.34
263.32	44158.46
263.37	44151.14
263.42	44134.28
263.47	44106.17
263.52	44083.32
263.57	44051.49
263.61	44003.77
263.66	43968.54
263.71	43942.81
263.76	43901.92
263.81	43855.37
263.86	43826.78
263.91	43785.54
263.95	43719.26
264.00	43658.35
264.05	43609.31
264.10	43544.67
264.15	43472.61
264.20	43440.28
264.25	43400.68
264.29	43357.28
264.34	43305.77
264.39	43271.68
264.44	43214.05
264.49	43168.68
264.54	43123.89
264.59	43089.38
264.63	43047.80
264.68	43000.54
264.73	42947.50
264.78	42895.46
264.83	42839.31
264.88	42794.92
264.93	42765.50
264.97	42740.47
265.02	42723.50
265.07	42706.05
265.12	42668.70
265.17	42623.00
265.22	42590.54
265.27	42529.31
265.31	42472.81
265.36	42411.42
265.41	42356.18
265.46	42283.11
265.51	42213.16
265.56	42147.37
265.60	42099.51
265.65	42044.35
265.70	41986.98
265.75	41942.27
265.80	41892.45
265.85	41829.33
265.90	41766.70
265.94	41715.77
265.99	41656.03
266.04	41600.79
266.09	41564.03
266.14	41534.28
266.19	41500.38
266.23	41465.90
266.28	41424.61
266.33	41385.75
266.38	41358.50
266.43	41326.61
266.48	41309.02
266.52	41282.47
266.57	41239.12
266.62	41194.01
266.67	41147.81
266.72	41098.33
266.77	41065.62
266.81	41053.13
266.86	41022.76
266.91	40986.20
266.96	40945.32
267.01	40914.73
267.06	40855.91
267.10	40804.53
267.15	40756.98
267.20	40724.07
267.25	40683.38
267.30	40650.65
267.35	40621.09
267.39	40589.00
267.44	40552.03
267.49	40498.70
267.54	40450.98
267.59	40394.54
267.64	40335.91
267.68	40269.63
267.73	40218.48
267.78	40177.18
267.83	40152.87
267.88	40145.16
267.93	40146.64
267.97	40135.86
268.02	40101.61
268.07	40052.09
268.12	39995.10
268.17	39926.74
268.21	39879.89
268.26	39834.81
268.31	39789.35
268.36	39743.09
268.41	39700.71
268.46	39648.43
268.50	39608.25
268.55	39565.65
268.60	39504.78
268.65	39438.28
268.70	39356.76
268.74	39284.02
268.79	39210.21
268.84	39155.56
268.89	39116.14
268.94	39091.85
268.99	39059.54
269.03	39023.32
269.08	38974.08
269.13	38899.06
269.18	38820.60
269.23	38716.83
269.27	38610.48
269.32	38477.19
269.37	38358.06
269.42	38222.10
269.47	38084.59
269.51	37946.03
269.56	37816.22
269.61	37675.06
269.66	37519.76
269.71	37371.74
269.76	37221.31
269.80	37074.48
269.85	36929.43
269.90	36793.16
269.95	36649.55
270.00	36488.21
270.04	36332.95
270.09	36186.11
270.14	36039.69
270.19	35897.33
270.24	35764.50
270.28	35614.25
270.33	35444.53
270.38	35267.51
270.43	35089.39
270.48	34920.09
270.52	34766.83
270.57	34608.42
270.62	34451.39
270.67	34300.76
270.72	34144.09
270.76	33968.54
270.81	33799.70
270.86	33631.50
270.91	33454.32
270.96	33281.82
271.00	33122.08
271.05	32966.58
271.10	32829.39
271.15	32698.36
271.20	32573.43
271.24	32436.52
271.29	32301.28
271.34	32155.89
271.39	32001.40
271.44	31852.60
271.48	31716.63
271.53	31573.40
271.58	31428.71
271.63	31291.38
271.67	31140.62
271.72	30994.27
271.77	30849.77
271.82	30711.20
271.87	30568.38
271.91	30412.33
271.96	30271.18
272.01	30131.16
272.06	29994.58
272.11	29875.11
272.15	29770.71
272.20	29660.36
272.25	29565.13
272.30	29468.23
272.35	29362.43
272.39	29260.21
272.44	29136.51
272.49	28998.91
272.54	28854.87
272.58	28701.91
272.63	28549.47
272.68	28400.54
272.73	28242.33
272.78	28073.95
272.82	27880.91
272.87	27657.38
272.92	27377.03
272.97	26854.73
273.01	23891.18
273.06	18944.26
273.11	13490.91
273.16	8135.51
273.21	3060.84
273.25	462.93
273.30	-89.40
273.35	-90.24
