165.32	3378.45
165.38	-246.74
165.44	595.50
165.50	-77.74
165.55	-20.57
165.61	0.69
165.67	27.49
165.72	35.91
165.78	40.53
165.84	39.15
165.89	35.88
165.95	34.42
166.01	33.56
166.06	35.11
166.12	37.59
166.18	35.96
166.23	37.37
166.29	37.03
166.35	33.73
166.40	33.08
166.46	39.65
166.52	42.89
166.57	43.86
166.63	44.49
166.69	46.74
166.74	40.89
166.80	40.88
166.86	42.16
166.91	42.83
166.97	37.32
167.03	39.66
167.08	33.99
167.14	33.58
167.20	31.43
167.25	43.79
167.31	44.25
167.37	49.62
167.42	51.41
167.48	57.75
167.54	52.12
167.59	51.50
167.65	47.24
167.71	47.12
167.76	45.92
167.82	41.33
167.88	41.01
167.93	48.91
167.99	47.35
168.05	50.12
168.10	58.10
168.16	57.12
168.21	55.09
168.27	60.08
168.33	61.37
168.38	54.05
168.44	58.96
168.50	57.73
168.55	56.20
168.61	56.69
168.67	58.57
168.72	55.98
168.78	56.29
168.84	51.78
168.89	50.51
168.95	51.59
169.01	50.87
169.06	50.12
169.12	49.74
169.18	47.66
169.23	47.66
169.29	51.99
169.34	56.38
169.40	59.03
169.46	63.60
169.51	65.58
169.57	61.29
169.63	57.20
169.68	61.85
169.74	58.23
169.80	63.78
169.85	65.14
169.91	68.96
169.97	65.43
170.02	65.23
170.08	63.99
170.13	63.98
170.19	64.02
170.25	65.26
170.30	69.65
170.36	61.67
170.42	64.07
170.47	64.90
170.53	66.71
170.59	63.48
170.64	67.29
170.70	65.58
170.76	63.08
170.81	64.36
170.87	63.89
170.92	64.90
170.98	67.79
171.04	70.02
171.09	66.19
171.15	73.95
171.21	74.92
171.26	71.86
171.32	69.16
171.37	72.49
171.43	66.67
171.49	70.58
171.54	73.92
171.60	75.81
171.66	78.03
171.71	78.40
171.77	76.03
171.83	81.83
171.88	80.80
171.94	79.75
171.99	84.13
172.05	83.39
172.11	84.23
172.16	93.06
172.22	94.16
172.28	94.07
172.33	92.08
172.39	89.04
172.44	85.36
172.50	90.31
172.56	89.98
172.61	98.47
172.67	97.96
172.72	98.07
172.78	93.20
172.84	88.32
172.89	81.49
172.95	80.54
173.01	81.76
173.06	80.72
173.12	86.54
173.17	88.43
173.23	88.04
173.29	87.83
173.34	88.96
173.40	83.80
173.46	83.89
173.51	87.00
173.57	87.24
173.62	81.68
173.68	87.71
173.74	86.62
173.79	88.01
173.85	84.79
173.90	87.49
173.96	84.27
174.02	81.56
174.07	73.09
174.13	72.77
174.18	75.27
174.24	68.73
174.30	68.96
174.35	74.30
174.41	70.98
174.47	64.99
174.52	65.96
174.58	64.68
174.63	60.33
174.69	59.69
174.75	61.25
174.80	72.11
174.86	69.63
174.91	70.92
174.97	70.76
175.03	68.31
175.08	55.92
175.14	62.86
175.19	58.53
175.25	58.90
175.31	63.34
175.36	65.03
175.42	61.72
175.47	66.51
175.53	66.58
175.59	62.82
175.64	64.64
175.70	62.57
175.75	57.68
175.81	56.58
175.87	58.08
175.92	54.21
175.98	56.41
176.03	56.55
176.09	57.03
176.15	56.55
176.20	57.52
176.26	57.10
176.31	60.59
176.37	57.83
176.42	59.42
176.48	62.61
176.54	59.69
176.59	56.45
176.65	59.21
176.70	60.17
176.76	60.14
176.82	58.58
176.87	55.75
176.93	55.83
176.98	54.77
177.04	49.19
177.10	54.13
177.15	56.13
177.21	56.80
177.26	55.62
177.32	59.54
177.37	61.29
177.43	64.78
177.49	61.51
177.54	58.76
177.60	58.83
177.65	58.93
177.71	53.18
177.77	56.13
177.82	58.03
177.88	62.22
177.93	57.60
177.99	63.95
178.04	59.44
178.10	60.24
178.16	53.69
178.21	54.69
178.27	51.95
178.32	56.20
178.38	55.17
178.43	56.64
178.49	56.77
178.55	56.07
178.60	54.88
178.66	53.83
178.71	55.46
178.77	52.97
178.82	53.72
178.88	53.49
178.94	54.12
178.99	55.16
179.05	59.37
179.10	55.65
179.16	58.18
179.21	60.83
179.27	59.54
179.33	55.64
179.38	59.81
179.44	58.07
179.49	57.68
179.55	55.79
179.60	56.07
179.66	54.72
179.72	57.24
179.77	54.79
179.83	53.80
179.88	55.43
179.94	56.63
179.99	52.82
180.05	53.35
180.11	54.44
180.16	57.18
180.22	59.75
180.27	64.43
180.33	64.83
180.38	68.90
180.44	63.91
180.49	64.04
180.55	62.01
180.61	66.43
180.66	61.15
180.72	59.98
180.77	57.37
180.83	57.47
180.88	54.34
180.94	53.75
180.99	57.48
181.05	58.06
181.11	59.03
181.16	59.17
181.22	61.10
181.27	63.13
181.33	62.08
181.38	58.93
181.44	60.10
181.49	64.46
181.55	64.89
181.61	70.71
181.66	73.53
181.72	71.43
181.77	68.46
181.83	66.90
181.88	72.01
181.94	73.55
181.99	78.50
182.05	79.39
182.11	79.48
182.16	70.61
182.22	68.27
182.27	64.15
182.33	66.54
182.38	66.53
182.44	71.06
182.49	73.84
182.55	76.02
182.60	75.83
182.66	79.36
182.72	82.04
182.77	84.49
182.83	88.30
182.88	91.35
182.94	92.44
182.99	89.34
183.05	87.43
183.10	89.17
183.16	88.43
183.21	89.76
183.27	97.18
183.32	101.59
183.38	105.17
183.44	112.58
183.49	117.93
183.55	119.68
183.60	127.21
183.66	134.31
183.71	143.81
183.77	152.09
183.82	162.52
183.88	174.12
183.93	185.78
183.99	200.26
184.04	217.91
184.10	230.72
184.15	242.98
184.21	256.46
184.27	258.46
184.32	259.35
184.38	257.02
184.43	252.30
184.49	235.10
184.54	217.37
184.60	206.31
184.65	192.14
184.71	182.19
184.76	183.72
184.82	201.09
184.87	219.11
184.93	246.05
184.98	275.32
185.04	307.87
185.09	334.51
185.15	361.29
185.20	394.36
185.26	430.46
185.31	461.08
185.37	490.52
185.43	512.52
185.48	532.50
185.54	555.94
185.59	581.77
185.65	607.05
185.70	648.63
185.76	694.80
185.81	729.93
185.87	768.18
185.92	813.78
185.98	850.25
186.03	867.34
186.09	870.52
186.14	846.14
186.20	790.68
186.25	701.90
186.31	613.78
186.36	543.24
186.42	511.88
186.47	520.07
186.53	569.05
186.58	639.43
186.64	718.16
186.69	792.67
186.75	857.54
186.80	918.04
186.86	978.26
186.91	1037.28
186.97	1092.89
187.02	1163.29
187.08	1231.21
187.13	1287.71
187.19	1346.84
187.24	1406.00
187.30	1446.79
187.35	1486.99
187.41	1539.66
187.47	1593.39
187.52	1641.52
187.58	1699.37
187.63	1775.01
187.69	1855.82
187.74	1923.37
187.80	1983.75
187.85	2034.58
187.91	2056.62
187.96	2040.88
188.02	1979.18
188.07	1876.26
188.13	1723.88
188.18	1562.36
188.24	1445.16
188.29	1390.18
188.35	1402.12
188.40	1485.17
188.46	1614.09
188.51	1740.60
188.57	1873.72
188.62	2002.53
188.67	2122.83
188.73	2236.20
188.78	2345.78
188.84	2451.25
188.89	2555.63
188.95	2662.35
189.00	2753.22
189.06	2852.13
189.11	2946.73
189.17	3028.08
189.22	3099.87
189.28	3189.56
189.33	3266.53
189.39	3331.67
189.44	3400.75
189.50	3477.33
189.55	3546.34
189.61	3600.93
189.66	3660.20
189.72	3718.52
189.77	3769.12
189.83	3794.50
189.88	3801.31
189.94	3767.69
189.99	3684.27
190.05	3525.20
190.10	3302.65
190.16	3043.00
190.21	2814.61
190.27	2665.40
190.32	2621.36
190.38	2681.38
190.43	2826.08
190.49	2996.80
190.54	3144.57
190.60	3272.62
190.65	3381.17
190.71	3477.40
190.76	3564.24
190.81	3656.18
190.87	3752.46
190.92	3874.85
190.98	4004.57
191.03	4143.30
191.09	4284.38
191.14	4410.74
191.20	4509.78
191.25	4610.57
191.31	4714.59
191.36	4820.88
191.42	4937.11
191.47	5066.07
191.53	5194.02
191.58	5297.08
191.64	5380.77
191.69	5450.34
191.75	5497.32
191.80	5528.15
191.85	5550.77
191.91	5572.62
191.96	5597.43
192.02	5632.58
192.07	5647.49
192.13	5643.07
192.18	5592.86
192.24	5473.23
192.29	5270.36
192.35	5044.22
192.40	4856.41
192.46	4748.03
192.51	4743.11
192.57	4839.75
192.62	5014.94
192.67	5203.40
192.73	5384.64
192.78	5551.95
192.84	5705.63
192.89	5844.28
192.95	5974.34
193.00	6090.22
193.06	6198.60
193.11	6308.55
193.17	6398.96
193.22	6482.18
193.28	6573.03
193.33	6649.15
193.38	6713.56
193.44	6785.50
193.49	6856.99
193.55	6911.93
193.60	6970.64
193.66	7027.45
193.71	7074.68
193.77	7102.76
193.82	7124.38
193.88	7140.83
193.93	7162.04
193.98	7184.19
194.04	7226.51
194.09	7271.84
194.15	7325.57
194.20	7374.17
194.26	7417.33
194.31	7458.92
194.37	7486.50
194.42	7492.95
194.47	7474.80
194.53	7430.31
194.58	7337.49
194.64	7226.12
194.69	7125.05
194.75	7058.66
194.80	7038.68
194.86	7078.49
194.91	7171.90
194.97	7275.58
195.02	7383.10
195.07	7489.58
195.13	7592.78
195.18	7694.71
195.24	7796.27
195.29	7895.51
195.35	7985.52
195.40	8074.23
195.46	8147.81
195.51	8233.12
195.56	8324.52
195.62	8409.28
195.67	8488.55
195.73	8568.61
195.78	8628.05
195.84	8666.09
195.89	8699.97
195.94	8731.31
196.00	8765.64
196.05	8805.23
196.11	8859.89
196.16	8916.28
196.22	8980.32
196.27	9039.90
196.32	9098.06
196.38	9149.11
196.43	9201.33
196.49	9236.85
196.54	9275.05
196.60	9319.68
196.65	9360.21
196.71	9404.89
196.76	9453.50
196.81	9493.46
196.87	9525.24
196.92	9556.64
196.98	9577.01
197.03	9587.87
197.09	9584.15
197.14	9579.05
197.19	9574.49
197.25	9584.18
197.30	9608.05
197.36	9663.66
197.41	9724.10
197.47	9788.69
197.52	9850.13
197.57	9916.02
197.63	9968.23
197.68	10023.62
197.74	10077.02
197.79	10124.41
197.84	10167.96
197.90	10214.16
197.95	10252.79
198.01	10291.90
198.06	10337.66
198.12	10384.57
198.17	10423.95
198.22	10464.78
198.28	10503.76
198.33	10543.82
198.39	10580.59
198.44	10626.99
198.49	10676.12
198.55	10722.25
198.60	10766.16
198.66	10808.63
198.71	10858.51
198.77	10901.68
198.82	10953.84
198.87	11003.58
198.93	11051.67
198.98	11090.58
199.04	11139.54
199.09	11180.39
199.14	11219.76
199.20	11265.66
199.25	11308.43
199.31	11348.29
199.36	11391.37
199.42	11440.65
199.47	11483.70
199.52	11522.98
199.58	11562.94
199.63	11592.45
199.69	11622.58
199.74	11654.48
199.79	11680.82
199.85	11715.00
199.90	11756.77
199.96	11796.33
200.01	11840.09
200.06	11895.85
200.12	11940.03
200.17	11992.34
200.23	12045.54
200.28	12086.40
200.33	12137.18
200.39	12180.28
200.44	12221.65
200.50	12262.62
200.55	12305.46
200.60	12340.00
200.66	12380.91
200.71	12418.93
200.77	12463.20
200.82	12502.83
200.87	12539.73
200.93	12580.60
200.98	12618.98
201.04	12651.17
201.09	12698.05
201.14	12751.41
201.20	12799.65
201.25	12854.81
201.31	12908.99
201.36	12968.49
201.41	13023.47
201.47	13081.61
201.52	13136.36
201.58	13199.58
201.63	13244.32
201.68	13291.12
201.74	13338.97
201.79	13385.00
201.84	13432.08
201.90	13483.88
201.95	13537.18
202.01	13590.39
202.06	13644.08
202.11	13685.83
202.17	13730.56
202.22	13775.65
202.28	13819.02
202.33	13857.36
202.38	13894.19
202.44	13937.00
202.49	13979.08
202.54	14025.55
202.60	14074.38
202.65	14125.05
202.71	14174.95
202.76	14213.06
202.81	14249.72
202.87	14294.57
202.92	14346.64
202.98	14397.77
203.03	14455.53
203.08	14515.73
203.14	14567.98
203.19	14622.06
203.24	14679.20
203.30	14736.22
203.35	14780.54
203.41	14831.32
203.46	14876.18
203.51	14913.55
203.57	14946.88
203.62	14999.09
203.67	15050.98
203.73	15089.45
203.78	15133.77
203.84	15188.04
203.89	15226.14
203.94	15259.40
204.00	15306.32
204.05	15347.09
204.10	15372.04
204.16	15396.03
204.21	15420.06
204.27	15431.57
204.32	15433.00
204.37	15438.39
204.43	15430.77
204.48	15409.73
204.53	15397.74
204.59	15413.55
204.64	15472.42
204.69	15569.67
204.75	15695.39
204.80	15835.51
204.86	15951.96
204.91	16027.67
204.96	16088.76
205.02	16122.01
205.07	16154.26
205.12	16212.06
205.18	16291.71
205.23	16376.69
205.28	16490.14
205.34	16591.91
205.39	16684.55
205.45	16765.01
205.50	16838.85
205.55	16901.29
205.61	16961.02
205.66	17020.10
205.71	17083.29
205.77	17142.44
205.82	17196.91
205.87	17252.92
205.93	17305.75
205.98	17350.38
206.03	17397.95
206.09	17446.15
206.14	17496.42
206.20	17549.42
206.25	17605.71
206.30	17663.18
206.36	17723.67
206.41	17789.23
206.46	17840.56
206.52	17884.31
206.57	17937.54
206.62	17981.19
206.68	18016.84
206.73	18066.27
206.78	18128.12
206.84	18178.85
206.89	18240.22
206.94	18306.28
207.00	18379.62
207.05	18445.23
207.11	18510.56
207.16	18567.64
207.21	18633.34
207.27	18681.43
207.32	18737.11
207.37	18797.41
207.43	18858.16
207.48	18908.40
207.53	18960.29
207.59	19012.90
207.64	19064.00
207.69	19130.67
207.75	19194.71
207.80	19255.13
207.85	19312.21
207.91	19367.32
207.96	19417.23
208.01	19475.42
208.07	19539.36
208.12	19599.36
208.17	19651.39
208.23	19704.50
208.28	19753.06
208.33	19805.50
208.39	19866.86
208.44	19935.29
208.49	19995.39
208.55	20056.59
208.60	20116.46
208.65	20159.33
208.71	20215.25
208.76	20273.26
208.81	20333.19
208.87	20392.33
208.92	20458.02
208.97	20515.10
209.03	20573.59
209.08	20631.47
209.13	20695.61
209.19	20761.40
209.24	20818.51
209.29	20879.83
209.35	20934.45
209.40	20993.26
209.45	21055.28
209.51	21118.83
209.56	21179.57
209.61	21244.97
209.67	21310.50
209.72	21370.86
209.77	21426.64
209.83	21485.59
209.88	21553.64
209.93	21615.75
209.99	21674.67
210.04	21750.41
210.09	21827.61
210.15	21891.34
210.20	21952.81
210.25	22019.22
210.31	22080.66
210.36	22127.07
210.41	22177.38
210.46	22236.46
210.52	22291.32
210.57	22339.04
210.62	22400.51
210.68	22463.15
210.73	22514.83
210.78	22572.65
210.84	22637.36
210.89	22700.97
210.94	22756.89
211.00	22816.47
211.05	22869.34
211.10	22932.12
211.16	22989.17
211.21	23060.08
211.26	23129.31
211.32	23206.42
211.37	23272.86
211.42	23341.45
211.47	23408.70
211.53	23469.28
211.58	23524.86
211.63	23576.92
211.69	23634.36
211.74	23684.38
211.79	23736.62
211.85	23793.58
211.90	23861.39
211.95	23924.64
212.01	23994.74
212.06	24077.06
212.11	24157.56
212.16	24233.82
212.22	24304.60
212.27	24369.65
212.32	24431.36
212.38	24497.40
212.43	24557.12
212.48	24624.13
212.54	24694.64
212.59	24768.88
212.64	24833.86
212.69	24895.52
212.75	24960.47
212.80	25026.18
212.85	25082.92
212.91	25135.80
212.96	25191.83
213.01	25252.37
213.07	25311.51
213.12	25369.75
213.17	25432.12
213.22	25501.79
213.28	25564.83
213.33	25616.17
213.38	25675.98
213.44	25735.93
213.49	25799.88
213.54	25864.68
213.60	25947.64
213.65	26023.64
213.70	26107.36
213.75	26180.53
213.81	26239.40
213.86	26288.46
213.91	26335.71
213.97	26372.41
214.02	26406.22
214.07	26447.23
214.12	26480.62
214.18	26519.61
214.23	26568.52
214.28	26603.09
214.34	26626.92
214.39	26656.94
214.44	26663.43
214.49	26634.87
214.55	26593.67
214.60	26531.06
214.65	26441.38
214.71	26366.62
214.76	26363.38
214.81	26442.69
214.86	26608.24
214.92	26828.60
214.97	27061.48
215.02	27259.40
215.08	27393.76
215.13	27475.15
215.18	27509.41
215.23	27529.19
215.29	27554.01
215.34	27628.41
215.39	27735.83
215.45	27893.06
215.50	28067.26
215.55	28242.50
215.60	28375.91
215.66	28476.92
215.71	28549.92
215.76	28623.04
215.81	28669.59
215.87	28727.48
215.92	28781.35
215.97	28838.67
216.03	28895.36
216.08	28965.62
216.13	29026.84
216.18	29093.23
216.24	29154.85
216.29	29207.89
216.34	29259.99
216.39	29327.20
216.45	29387.45
216.50	29451.18
216.55	29513.81
216.61	29585.02
216.66	29640.29
216.71	29702.83
216.76	29765.71
216.82	29838.69
216.87	29904.34
216.92	29975.14
216.97	30041.48
217.03	30112.80
217.08	30187.37
217.13	30267.39
217.18	30341.92
217.24	30416.05
217.29	30481.98
217.34	30529.49
217.39	30574.07
217.45	30619.46
217.50	30668.43
217.55	30731.19
217.61	30800.49
217.66	30869.18
217.71	30934.06
217.76	31020.98
217.82	31094.88
217.87	31172.04
217.92	31250.80
217.97	31327.24
218.03	31383.00
218.08	31427.79
218.13	31469.58
218.18	31512.42
218.24	31577.31
218.29	31631.55
218.34	31695.90
218.39	31764.13
218.45	31829.96
218.50	31884.64
218.55	31946.39
218.60	32010.13
218.66	32063.92
218.71	32127.32
218.76	32195.13
218.81	32264.48
218.87	32332.69
218.92	32407.69
218.97	32485.91
219.02	32554.33
219.08	32618.25
219.13	32691.34
219.18	32762.17
219.23	32812.48
219.29	32874.38
219.34	32943.08
219.39	33003.68
219.44	33060.98
219.50	33135.68
219.55	33198.95
219.60	33260.47
219.65	33326.12
219.71	33394.08
219.76	33441.27
219.81	33497.25
219.86	33552.12
219.92	33602.05
219.97	33647.99
220.02	33714.80
220.07	33772.85
220.13	33831.33
220.18	33900.78
220.23	33974.24
220.28	34045.17
220.33	34118.18
220.39	34182.59
220.44	34231.08
220.49	34288.21
220.54	34328.71
220.60	34373.55
220.65	34438.39
220.70	34511.14
220.75	34584.12
220.81	34670.57
220.86	34758.02
220.91	34822.05
220.96	34893.58
221.02	34963.48
221.07	35033.19
221.12	35089.09
221.17	35153.59
221.22	35211.25
221.28	35263.23
221.33	35319.26
221.38	35378.78
221.43	35451.67
221.49	35507.68
221.54	35569.40
221.59	35632.74
221.64	35715.42
221.69	35805.08
221.75	35917.54
221.80	36023.19
221.85	36101.71
221.90	36163.64
221.96	36213.35
222.01	36243.72
222.06	36279.92
222.11	36333.65
222.17	36379.83
222.22	36413.78
222.27	36464.58
222.32	36507.72
222.37	36554.25
222.43	36611.47
222.48	36671.55
222.53	36736.53
222.58	36818.93
222.63	36893.62
222.69	36960.60
222.74	37041.69
222.79	37111.90
222.84	37154.70
222.90	37199.51
222.95	37256.41
223.00	37297.45
223.05	37344.10
223.10	37403.95
223.16	37471.97
223.21	37522.16
223.26	37574.48
223.31	37617.26
223.36	37655.35
223.42	37694.82
223.47	37726.36
223.52	37765.62
223.57	37808.31
223.63	37868.69
223.68	37915.59
223.73	37995.87
223.78	38071.01
223.83	38148.34
223.89	38196.68
223.94	38263.88
223.99	38326.04
224.04	38397.48
224.09	38466.82
224.15	38564.27
224.20	38644.43
224.25	38730.19
224.30	38814.79
224.35	38907.72
224.41	39002.01
224.46	39098.22
224.51	39179.04
224.56	39261.49
224.61	39337.62
224.67	39414.22
224.72	39489.95
224.77	39590.71
224.82	39681.92
224.87	39768.66
224.93	39841.57
224.98	39930.04
225.03	40009.86
225.08	40087.58
225.13	40168.48
225.19	40258.78
225.24	40345.39
225.29	40413.28
225.34	40493.52
225.39	40574.42
225.45	40649.53
225.50	40714.79
225.55	40788.72
225.60	40850.01
225.65	40919.13
225.71	40976.62
225.76	41024.64
225.81	41069.07
225.86	41109.44
225.91	41127.25
225.97	41145.01
226.02	41151.52
226.07	41122.38
226.12	41122.45
226.17	41165.38
226.22	41254.91
226.28	41406.95
226.33	41633.84
226.38	41833.00
226.43	42005.48
226.48	42125.44
226.54	42211.89
226.59	42252.77
226.64	42296.45
226.69	42310.56
226.74	42348.12
226.80	42409.83
226.85	42494.53
226.90	42592.31
226.95	42740.22
227.00	42885.31
227.05	43009.66
227.11	43124.49
227.16	43233.79
227.21	43314.35
227.26	43402.79
227.31	43482.34
227.37	43545.74
227.42	43613.32
227.47	43700.60
227.52	43767.86
227.57	43830.89
227.62	43918.92
227.68	43995.69
227.73	44067.29
227.78	44151.72
227.83	44246.09
227.88	44319.67
227.93	44401.46
227.99	44478.09
228.04	44552.31
228.09	44622.87
228.14	44693.03
228.19	44762.76
228.24	44835.52
228.30	44899.37
228.35	44962.13
228.40	45030.05
228.45	45088.75
228.50	45154.22
228.56	45224.63
228.61	45282.97
228.66	45339.02
228.71	45401.74
228.76	45446.13
228.81	45492.68
228.87	45540.61
228.92	45601.96
228.97	45665.51
229.02	45757.39
229.07	45832.98
229.12	45924.11
229.17	45998.69
229.23	46068.26
229.28	46131.82
229.33	46211.26
229.38	46281.07
229.43	46354.93
229.48	46438.02
229.54	46509.35
229.59	46568.11
229.64	46645.47
229.69	46728.94
229.74	46816.85
229.79	46888.21
229.85	46962.30
229.90	47029.97
229.95	47091.64
230.00	47140.37
230.05	47223.82
230.10	47297.12
230.16	47366.15
230.21	47427.06
230.26	47489.97
230.31	47523.78
230.36	47582.44
230.41	47639.14
230.46	47726.43
230.52	47816.67
230.57	47905.61
230.62	47995.34
230.67	48064.30
230.72	48114.09
230.77	48155.30
230.82	48205.42
230.88	48238.04
230.93	48290.63
230.98	48334.49
231.03	48390.59
231.08	48446.29
231.13	48496.26
231.19	48558.00
231.24	48624.91
231.29	48697.68
231.34	48769.89
231.39	48848.68
231.44	48916.77
231.49	48979.26
231.55	49026.42
231.60	49069.87
231.65	49127.78
231.70	49176.18
231.75	49216.70
231.80	49276.04
231.85	49330.99
231.91	49372.12
231.96	49422.60
232.01	49502.49
232.06	49554.96
232.11	49627.16
232.16	49706.36
232.21	49795.24
232.26	49870.04
232.32	49956.79
232.37	50016.18
232.42	50076.14
232.47	50124.15
232.52	50173.82
232.57	50223.73
232.62	50290.57
232.68	50351.28
232.73	50420.04
232.78	50495.69
232.83	50571.02
232.88	50638.77
232.93	50714.62
232.98	50780.59
233.03	50833.80
233.09	50893.04
233.14	50970.35
233.19	51028.08
233.24	51079.34
233.29	51127.56
233.34	51157.06
233.39	51164.31
233.45	51199.34
233.50	51236.74
233.55	51279.22
233.60	51356.26
233.65	51427.81
233.70	51486.24
233.75	51542.89
233.80	51605.73
233.86	51647.38
233.91	51698.23
233.96	51742.26
234.01	51792.88
234.06	51847.10
234.11	51904.31
234.16	51953.34
234.21	52015.79
234.26	52066.81
234.32	52110.72
234.37	52146.97
234.42	52192.77
234.47	52205.86
234.52	52237.75
234.57	52266.18
234.62	52307.92
234.67	52346.40
234.73	52416.54
234.78	52478.12
234.83	52529.21
234.88	52572.61
234.93	52609.88
234.98	52646.72
235.03	52682.24
235.08	52746.51
235.13	52804.41
235.19	52876.78
235.24	52941.06
235.29	52999.66
235.34	53035.62
235.39	53074.98
235.44	53106.19
235.49	53140.88
235.54	53177.23
235.59	53205.14
235.65	53227.16
235.70	53266.17
235.75	53305.17
235.80	53353.28
235.85	53408.49
235.90	53460.54
235.95	53491.16
236.00	53514.04
236.05	53535.47
236.11	53558.71
236.16	53593.41
236.21	53632.09
236.26	53676.60
236.31	53712.14
236.36	53740.68
236.41	53756.66
236.46	53768.01
236.51	53782.88
236.56	53798.76
236.62	53820.34
236.67	53852.16
236.72	53898.54
236.77	53923.07
236.82	53969.98
236.87	53995.38
236.92	54016.64
236.97	54042.25
237.02	54089.52
237.07	54132.78
237.13	54198.39
237.18	54264.41
237.23	54315.86
237.28	54358.32
237.33	54396.47
237.38	54411.93
237.43	54434.31
237.48	54446.19
237.53	54475.03
237.58	54499.28
237.63	54556.94
237.69	54594.00
237.74	54641.90
237.79	54670.83
237.84	54681.64
237.89	54676.23
237.94	54681.76
237.99	54696.92
238.04	54710.13
238.09	54732.49
238.14	54767.98
238.19	54795.82
238.25	54818.71
238.30	54826.40
238.35	54833.72
238.40	54829.02
238.45	54832.18
238.50	54828.26
238.55	54841.29
238.60	54865.41
238.65	54886.53
238.70	54905.50
238.75	54921.98
238.80	54946.86
238.86	54959.29
238.91	54978.19
238.96	55008.42
239.01	55048.53
239.06	55083.59
239.11	55110.36
239.16	55136.74
239.21	55133.99
239.26	55120.82
239.31	55121.07
239.36	55133.28
239.41	55145.14
239.46	55177.28
239.52	55205.88
239.57	55221.55
239.62	55240.02
239.67	55265.69
239.72	55285.86
239.77	55302.04
239.82	55318.65
239.87	55339.24
239.92	55335.78
239.97	55333.73
240.02	55327.70
240.07	55318.32
240.12	55306.74
240.17	55313.57
240.23	55309.40
240.28	55313.95
240.33	55322.95
240.38	55317.21
240.43	55313.86
240.48	55336.93
240.53	55358.54
240.58	55377.28
240.63	55406.99
240.68	55421.85
240.73	55413.24
240.78	55409.91
240.83	55408.49
240.88	55390.37
240.93	55379.34
240.98	55381.81
241.04	55398.04
241.09	55421.90
241.14	55451.76
241.19	55498.08
241.24	55533.66
241.29	55547.02
241.34	55553.86
241.39	55564.35
241.44	55561.58
241.49	55554.04
241.54	55556.64
241.59	55547.46
241.64	55547.87
241.69	55540.43
241.74	55529.89
241.79	55520.52
241.84	55518.46
241.90	55492.67
241.95	55463.41
242.00	55443.29
242.05	55414.61
242.10	55397.90
242.15	55384.98
242.20	55377.00
242.25	55372.53
242.30	55376.08
242.35	55369.29
242.40	55372.16
242.45	55378.08
242.50	55374.26
242.55	55369.33
242.60	55366.89
242.65	55366.62
242.70	55371.23
242.75	55392.95
242.80	55431.60
242.85	55464.81
242.91	55476.13
242.96	55471.40
243.01	55455.06
243.06	55423.45
243.11	55387.39
243.16	55359.81
243.21	55354.75
243.26	55362.68
243.31	55367.94
243.36	55370.99
243.41	55394.72
243.46	55396.94
243.51	55364.33
243.56	55311.88
243.61	55266.33
243.66	55226.32
243.71	55189.89
243.76	55186.99
243.81	55211.02
243.86	55212.02
243.91	55218.52
243.96	55223.83
244.01	55195.59
244.06	55170.38
244.12	55167.75
244.17	55140.30
244.22	55138.90
244.27	55178.28
244.32	55199.94
244.37	55219.12
244.42	55231.39
244.47	55219.13
244.52	55183.54
244.57	55152.19
244.62	55120.10
244.67	55096.15
244.72	55068.15
244.77	55073.34
244.82	55093.16
244.87	55123.28
244.92	55150.57
244.97	55174.12
245.02	55162.56
245.07	55138.40
245.12	55115.51
245.17	55095.22
245.22	55087.16
245.27	55085.66
245.32	55057.91
245.37	55018.04
245.42	54969.13
245.47	54930.04
245.52	54878.25
245.57	54855.10
245.62	54834.99
245.67	54827.13
245.72	54816.32
245.77	54802.46
245.82	54789.79
245.87	54795.73
245.92	54803.33
245.98	54793.33
246.03	54791.00
246.08	54798.53
246.13	54790.36
246.18	54790.99
246.23	54791.26
246.28	54785.43
246.33	54766.40
246.38	54731.99
246.43	54699.20
246.48	54678.27
246.53	54683.05
246.58	54698.26
246.63	54711.34
246.68	54703.32
246.73	54681.84
246.78	54647.34
246.83	54589.05
246.88	54535.75
246.93	54490.40
246.98	54441.30
247.03	54403.72
247.08	54386.54
247.13	54376.83
247.18	54375.41
247.23	54406.72
247.28	54414.04
247.33	54400.04
247.38	54380.29
247.43	54359.14
247.48	54333.47
247.53	54304.75
247.58	54276.65
247.63	54248.88
247.68	54207.81
247.73	54145.26
247.78	54109.11
247.83	54077.39
247.88	54048.69
247.93	54046.64
247.98	54052.03
248.03	54057.67
248.08	54074.06
248.13	54082.13
248.18	54071.16
248.23	54064.13
248.28	54029.09
248.33	53985.73
248.38	53946.61
248.43	53918.51
248.48	53893.54
248.53	53877.67
248.58	53864.22
248.63	53859.91
248.68	53840.16
248.73	53819.76
248.78	53793.85
248.83	53743.80
248.88	53677.33
248.93	53611.92
248.98	53538.02
249.03	53484.03
249.08	53464.03
249.13	53456.58
249.18	53448.24
249.23	53452.93
249.28	53452.63
249.33	53440.37
249.38	53427.52
249.43	53414.28
249.48	53390.96
249.53	53373.07
249.58	53354.73
249.63	53333.01
249.68	53315.35
249.73	53295.19
249.78	53274.28
249.83	53260.45
249.88	53234.94
249.93	53218.52
249.98	53218.00
250.03	53209.01
250.08	53179.26
250.13	53169.55
250.18	53149.88
250.23	53094.03
250.28	53043.95
250.33	53000.86
250.37	52958.17
250.42	52910.35
250.47	52894.24
250.52	52879.45
250.57	52861.89
250.62	52827.09
250.67	52797.92
250.72	52774.06
250.77	52732.11
250.82	52709.02
250.87	52701.79
250.92	52689.34
250.97	52659.38
251.02	52651.27
251.07	52649.46
251.12	52632.66
251.17	52611.94
251.22	52587.75
251.27	52552.77
251.32	52495.56
251.37	52446.81
251.42	52391.41
251.47	52352.15
251.52	52326.61
251.57	52312.28
251.62	52303.44
251.67	52296.21
251.72	52277.71
251.77	52242.00
251.82	52199.36
251.87	52148.93
251.92	52104.81
251.97	52050.00
252.02	52005.62
252.07	51977.83
252.12	51962.46
252.16	51958.73
252.21	51960.40
252.26	51967.04
252.31	51966.78
252.36	51954.21
252.41	51927.54
252.46	51900.25
252.51	51867.85
252.56	51840.63
252.61	51810.62
252.66	51787.64
252.71	51771.41
252.76	51753.59
252.81	51709.25
252.86	51660.60
252.91	51611.79
252.96	51545.25
253.01	51468.97
253.06	51404.52
253.11	51359.22
253.16	51309.90
253.21	51266.08
253.26	51233.60
253.31	51206.33
253.36	51180.06
253.40	51156.04
253.45	51134.29
253.50	51095.82
253.55	51062.37
253.60	51009.27
253.65	50958.34
253.70	50926.13
253.75	50919.60
253.80	50897.20
253.85	50903.06
253.90	50911.86
253.95	50909.67
254.00	50893.59
254.05	50875.89
254.10	50839.84
254.15	50802.18
254.20	50769.97
254.25	50735.86
254.30	50710.63
254.35	50668.11
254.39	50606.67
254.44	50523.56
254.49	50442.22
254.54	50399.94
254.59	50375.33
254.64	50368.28
254.69	50366.59
254.74	50372.50
254.79	50355.37
254.84	50317.49
254.89	50293.20
254.94	50277.82
254.99	50265.57
255.04	50242.12
255.09	50231.39
255.14	50205.35
255.19	50188.46
255.23	50176.23
255.28	50164.73
255.33	50159.99
255.38	50154.08
255.43	50142.84
255.48	50112.78
255.53	50067.01
255.58	50027.54
255.63	49987.27
255.68	49936.59
255.73	49883.33
255.78	49855.22
255.83	49833.78
255.88	49816.41
255.93	49788.42
255.97	49774.73
256.02	49746.37
256.07	49696.19
256.12	49621.87
256.17	49574.89
256.22	49521.41
256.27	49475.59
256.32	49435.56
256.37	49418.10
256.42	49393.77
256.47	49368.78
256.52	49345.19
256.57	49314.79
256.62	49298.77
256.66	49281.77
256.71	49256.83
256.76	49209.69
256.81	49167.03
256.86	49112.15
256.91	49070.78
256.96	49021.11
257.01	48993.63
257.06	48974.39
257.11	48944.16
257.16	48889.47
257.21	48855.93
257.26	48816.26
257.30	48771.57
257.35	48731.30
257.40	48712.83
257.45	48699.10
257.50	48669.78
257.55	48642.65
257.60	48615.68
257.65	48590.10
257.70	48542.39
257.75	48512.37
257.80	48481.56
257.85	48447.83
257.89	48401.63
257.94	48353.08
257.99	48288.13
258.04	48236.69
258.09	48198.57
258.14	48163.91
258.19	48144.49
258.24	48123.51
258.29	48079.14
258.34	48037.80
258.39	47996.62
258.44	47946.05
258.48	47901.63
258.53	47869.27
258.58	47826.73
258.63	47783.36
258.68	47734.48
258.73	47696.09
258.78	47649.98
258.83	47606.88
258.88	47563.20
258.93	47527.26
258.97	47495.69
259.02	47471.08
259.07	47448.73
259.12	47430.49
259.17	47417.37
259.22	47396.44
259.27	47368.70
259.32	47346.39
259.37	47307.32
259.42	47267.08
259.47	47227.91
259.51	47182.91
259.56	47114.05
259.61	47045.67
259.66	46967.82
259.71	46894.81
259.76	46838.80
259.81	46788.18
259.86	46752.60
259.91	46720.02
259.95	46688.59
260.00	46656.39
260.05	46644.52
260.10	46621.23
260.15	46604.82
260.20	46588.47
260.25	46582.76
260.30	46563.22
260.35	46537.50
260.40	46503.78
260.44	46480.74
260.49	46461.74
260.54	46421.07
260.59	46393.38
260.64	46384.15
260.69	46376.38
260.74	46327.83
260.79	46293.45
260.84	46250.32
260.88	46193.59
260.93	46117.05
260.98	46081.48
261.03	46048.37
261.08	46023.15
261.13	45989.64
261.18	45951.40
261.23	45893.91
261.28	45847.01
261.32	45799.50
261.37	45756.80
261.42	45728.24
261.47	45704.50
261.52	45661.81
261.57	45618.92
261.62	45578.20
261.67	45518.52
261.71	45457.47
261.76	45421.66
261.81	45369.26
261.86	45313.37
261.91	45276.09
261.96	45239.20
262.01	45188.12
262.06	45163.70
262.10	45154.17
262.15	45140.08
262.20	45128.95
262.25	45110.38
262.30	45087.87
262.35	45059.28
262.40	45025.81
262.45	44983.32
262.49	44960.39
262.54	44923.82
262.59	44889.12
262.64	44868.17
262.69	44835.34
262.74	44785.69
262.79	44733.90
262.84	44689.32
262.88	44634.64
262.93	44576.50
262.98	44539.21
263.03	44506.39
263.08	44453.78
263.13	44379.87
263.18	44334.25
263.23	44268.12
263.27	44217.70
263.32	44183.94
263.37	44172.38
263.42	44146.90
263.47	44125.57
263.52	44102.48
263.57	44067.27
263.61	44032.34
263.66	43987.63
263.71	43947.95
263.76	43909.19
263.81	43865.82
263.86	43830.08
263.91	43798.90
263.95	43736.93
264.00	43678.76
264.05	43630.59
264.10	43564.52
264.15	43493.26
264.20	43465.98
264.25	43417.50
264.29	43368.16
264.34	43316.26
264.39	43285.23
264.44	43224.41
264.49	43181.49
264.54	43138.33
264.59	43106.53
264.63	43057.74
264.68	43013.62
264.73	42965.12
264.78	42913.14
264.83	42853.75
264.88	42809.19
264.93	42782.29
264.97	42751.33
265.02	42730.25
265.07	42715.10
265.12	42677.25
265.17	42629.16
265.22	42588.60
265.27	42534.62
265.31	42473.05
265.36	42416.16
265.41	42357.66
265.46	42292.54
265.51	42219.88
265.56	42154.48
265.60	42103.03
265.65	42046.43
265.70	41994.76
265.75	41947.53
265.80	41894.09
265.85	41832.54
265.90	41777.22
265.94	41717.60
265.99	41654.09
266.04	41606.75
266.09	41569.88
266.14	41537.94
266.19	41504.76
266.23	41480.83
266.28	41440.35
266.33	41399.14
266.38	41371.83
266.43	41347.56
266.48	41323.20
266.52	41300.16
266.57	41265.88
266.62	41222.29
266.67	41171.38
266.72	41118.99
266.77	41083.54
266.81	41061.16
266.86	41028.80
266.91	40999.24
266.96	40959.89
267.01	40915.40
267.06	40862.93
267.10	40809.33
267.15	40753.45
267.20	40726.47
267.25	40689.29
267.30	40654.02
267.35	40612.88
267.39	40582.02
267.44	40541.90
267.49	40497.17
267.54	40448.43
267.59	40404.02
267.64	40354.63
267.68	40288.55
267.73	40236.39
267.78	40194.51
267.83	40169.99
267.88	40152.88
267.93	40150.76
267.97	40132.04
268.02	40092.78
268.07	40041.89
268.12	39983.21
268.17	39919.79
268.21	39874.88
268.26	39832.31
268.31	39789.93
268.36	39747.64
268.41	39703.14
268.46	39654.42
268.50	39618.62
268.55	39573.33
268.60	39507.49
268.65	39444.18
268.70	39367.87
268.74	39295.71
268.79	39226.31
268.84	39175.18
268.89	39133.40
268.94	39102.55
268.99	39061.95
269.03	39023.10
269.08	38980.99
269.13	38908.26
269.18	38828.25
269.23	38732.98
269.27	38624.38
269.32	38494.58
269.37	38373.67
269.42	38239.01
269.47	38099.07
269.51	37960.32
269.56	37824.51
269.61	37681.39
269.66	37532.38
269.71	37383.67
269.76	37231.03
269.80	37074.83
269.85	36926.62
269.90	36785.03
269.95	36638.12
270.00	36491.85
270.04	36350.58
270.09	36208.49
270.14	36066.16
270.19	35930.39
270.24	35791.28
270.28	35638.20
270.33	35467.21
270.38	35286.76
270.43	35111.85
270.48	34941.26
270.52	34784.46
270.57	34629.94
270.62	34478.48
270.67	34324.11
270.72	34163.02
270.76	33981.63
270.81	33810.29
270.86	33633.83
270.91	33455.52
270.96	33281.82
271.00	33126.97
271.05	32970.69
271.10	32829.22
271.15	32704.44
271.20	32580.54
271.24	32442.18
271.29	32310.32
271.34	32165.33
271.39	32010.69
271.44	31858.19
271.48	31717.92
271.53	31570.95
271.58	31431.74
271.63	31279.84
271.67	31133.62
271.72	30993.09
271.77	30849.92
271.82	30704.32
271.87	30571.72
271.91	30413.75
271.96	30273.77
272.01	30133.12
272.06	30009.16
272.11	29893.83
272.15	29797.16
272.20	29690.31
272.25	29594.71
272.30	29491.02
272.35	29378.27
272.39	29269.13
272.44	29146.46
272.49	29008.56
272.54	28867.78
272.58	28717.37
272.63	28563.64
272.68	28409.11
272.73	28250.96
272.78	28076.18
272.82	27886.08
272.87	27668.32
272.92	27382.97
272.97	26856.08
273.01	23899.64
273.06	18946.04
273.11	13488.55
273.16	8135.92
273.21	3063.55
273.25	462.63
273.30	-87.82
273.35	-89.33
