165.32	3379.41
165.38	-247.54
165.44	595.55
165.50	-78.25
165.55	-21.04
165.61	0.19
165.67	26.90
165.72	35.35
165.78	40.42
165.84	39.17
165.89	36.48
165.95	34.90
166.01	34.07
166.06	35.57
166.12	37.88
166.18	36.03
166.23	37.74
166.29	37.16
166.35	33.82
166.40	32.75
166.46	39.21
166.52	41.59
166.57	42.34
166.63	42.88
166.69	45.47
166.74	39.32
166.80	39.77
166.86	41.58
166.91	41.93
166.97	36.48
167.03	39.17
167.08	33.51
167.14	32.83
167.20	30.97
167.25	43.37
167.31	43.52
167.37	49.08
167.42	50.83
167.48	56.98
167.54	51.49
167.59	50.80
167.65	46.43
167.71	46.60
167.76	45.80
167.82	41.18
167.88	40.69
167.93	48.51
167.99	46.95
168.05	48.96
168.10	57.15
168.16	56.70
168.21	54.82
168.27	59.70
168.33	61.71
168.38	54.07
168.44	58.98
168.50	57.19
168.55	55.11
168.61	55.41
168.67	57.55
168.72	54.53
168.78	55.17
168.84	51.32
168.89	49.95
168.95	50.74
169.01	50.62
169.06	49.75
169.12	49.37
169.18	47.43
169.23	47.04
169.29	51.23
169.34	55.76
169.40	58.37
169.46	63.10
169.51	65.13
169.57	60.28
169.63	55.82
169.68	60.74
169.74	56.74
169.80	62.57
169.85	64.16
169.91	68.38
169.97	64.16
170.02	64.20
170.08	63.29
170.13	63.81
170.19	63.69
170.25	65.36
170.30	69.75
170.36	61.53
170.42	63.33
170.47	64.71
170.53	66.55
170.59	63.34
170.64	66.91
170.70	65.31
170.76	62.59
170.81	63.68
170.87	63.14
170.92	64.23
170.98	67.68
171.04	70.21
171.09	66.10
171.15	73.66
171.21	74.47
171.26	71.11
171.32	68.20
171.37	71.70
171.43	65.77
171.49	69.59
171.54	72.32
171.60	73.58
171.66	75.81
171.71	75.91
171.77	74.28
171.83	80.30
171.88	79.69
171.94	79.28
171.99	84.45
172.05	83.31
172.11	84.23
172.16	92.99
172.22	93.52
172.28	93.98
172.33	91.72
172.39	88.77
172.44	85.06
172.50	89.97
172.56	88.93
172.61	97.15
172.67	96.77
172.72	96.65
172.78	91.64
172.84	86.91
172.89	80.74
172.95	79.99
173.01	81.43
173.06	80.15
173.12	85.62
173.17	86.75
173.23	86.39
173.29	86.28
173.34	87.87
173.40	82.43
173.46	83.03
173.51	85.46
173.57	85.25
173.62	79.69
173.68	85.91
173.74	85.05
173.79	86.74
173.85	84.29
173.90	86.64
173.96	83.56
174.02	80.57
174.07	72.36
174.13	71.46
174.18	74.19
174.24	67.40
174.30	67.41
174.35	72.69
174.41	69.72
174.47	63.44
174.52	64.68
174.58	64.06
174.63	59.57
174.69	58.70
174.75	60.83
174.80	71.78
174.86	69.06
174.91	70.19
174.97	69.48
175.03	66.88
175.08	54.47
175.14	61.18
175.19	56.87
175.25	58.05
175.31	62.64
175.36	64.57
175.42	61.36
175.47	66.14
175.53	66.59
175.59	62.84
175.64	64.19
175.70	62.40
175.75	57.86
175.81	56.30
175.87	57.49
175.92	53.42
175.98	54.63
176.03	54.57
176.09	54.81
176.15	54.43
176.20	55.84
176.26	56.13
176.31	59.77
176.37	57.22
176.42	58.61
176.48	62.14
176.54	59.74
176.59	56.37
176.65	59.14
176.70	60.34
176.76	59.67
176.82	57.54
176.87	54.69
176.93	54.57
176.98	53.34
177.04	48.09
177.10	53.02
177.15	54.88
177.21	55.33
177.26	54.04
177.32	57.82
177.37	59.64
177.43	62.88
177.49	59.96
177.54	57.72
177.60	58.39
177.65	58.52
177.71	53.42
177.77	56.35
177.82	58.17
177.88	62.16
177.93	57.71
177.99	63.87
178.04	59.42
178.10	59.87
178.16	53.19
178.21	53.99
178.27	51.38
178.32	55.41
178.38	54.26
178.43	55.69
178.49	55.60
178.55	54.87
178.60	53.55
178.66	52.55
178.71	54.42
178.77	52.48
178.82	53.26
178.88	53.12
178.94	53.69
178.99	54.62
179.05	59.10
179.10	55.02
179.16	58.09
179.21	60.94
179.27	59.38
179.33	55.60
179.38	59.47
179.44	57.29
179.49	57.02
179.55	55.04
179.60	55.04
179.66	54.50
179.72	57.30
179.77	54.60
179.83	53.71
179.88	54.71
179.94	55.93
179.99	51.81
180.05	52.35
180.11	53.37
180.16	56.36
180.22	58.59
180.27	63.30
180.33	63.87
180.38	68.20
180.44	63.09
180.49	62.73
180.55	60.57
180.61	64.45
180.66	58.86
180.72	57.97
180.77	56.41
180.83	56.27
180.88	53.47
180.94	53.29
180.99	56.61
181.05	56.45
181.11	57.28
181.16	58.28
181.22	59.60
181.27	61.54
181.33	60.33
181.38	57.65
181.44	58.09
181.49	62.90
181.55	64.10
181.61	70.00
181.66	72.81
181.72	70.87
181.77	67.86
181.83	65.58
181.88	70.63
181.94	71.94
181.99	77.14
182.05	77.83
182.11	78.41
182.16	69.97
182.22	68.34
182.27	64.16
182.33	67.03
182.38	66.75
182.44	71.33
182.49	73.60
182.55	75.52
182.60	74.66
182.66	78.26
182.72	80.62
182.77	82.72
182.83	86.32
182.88	89.47
182.94	90.53
182.99	87.52
183.05	86.06
183.10	88.02
183.16	87.36
183.21	88.81
183.27	96.35
183.32	101.21
183.38	104.44
183.44	111.76
183.49	117.41
183.55	119.08
183.60	125.49
183.66	132.34
183.71	141.89
183.77	150.04
183.82	159.99
183.88	171.92
183.93	183.54
183.99	197.89
184.04	215.18
184.10	228.05
184.15	240.42
184.21	254.64
184.27	256.83
184.32	257.38
184.38	255.39
184.43	250.29
184.49	232.76
184.54	214.97
184.60	203.95
184.65	189.81
184.71	180.28
184.76	182.16
184.82	199.92
184.87	217.99
184.93	243.74
184.98	272.13
185.04	304.40
185.09	329.86
185.15	356.22
185.20	389.35
185.26	425.17
185.31	453.92
185.37	482.26
185.43	503.38
185.48	522.97
185.54	545.77
185.59	572.17
185.65	597.72
185.70	639.46
185.76	687.04
185.81	723.15
185.87	761.30
185.92	807.02
185.98	844.36
186.03	860.99
186.09	862.24
186.14	837.22
186.20	781.97
186.25	693.38
186.31	604.92
186.36	537.08
186.42	506.21
186.47	516.65
186.53	564.12
186.58	634.28
186.64	710.29
186.69	784.38
186.75	846.02
186.80	905.85
186.86	964.64
186.91	1024.12
186.97	1080.13
187.02	1150.00
187.08	1216.78
187.13	1272.55
187.19	1332.39
187.24	1392.93
187.30	1433.25
187.35	1473.27
187.41	1528.13
187.47	1579.82
187.52	1625.64
187.58	1683.84
187.63	1759.54
187.69	1836.99
187.74	1903.55
187.80	1963.89
187.85	2014.00
187.91	2035.25
187.96	2022.31
188.02	1964.27
188.07	1861.34
188.13	1711.92
188.18	1554.19
188.24	1436.44
188.29	1382.47
188.35	1394.59
188.40	1475.09
188.46	1602.38
188.51	1728.49
188.57	1857.93
188.62	1984.20
188.67	2103.33
188.73	2214.49
188.78	2321.83
188.84	2425.08
188.89	2531.09
188.95	2638.19
189.00	2730.24
189.06	2830.46
189.11	2927.05
189.17	3007.95
189.22	3080.26
189.28	3171.52
189.33	3247.04
189.39	3311.03
189.44	3380.72
189.50	3455.32
189.55	3522.37
189.61	3576.88
189.66	3634.49
189.72	3690.65
189.77	3743.09
189.83	3769.58
189.88	3777.40
189.94	3746.63
189.99	3663.12
190.05	3506.25
190.10	3283.24
190.16	3024.62
190.21	2796.60
190.27	2646.81
190.32	2600.67
190.38	2659.59
190.43	2804.30
190.49	2976.55
190.54	3125.18
190.60	3252.42
190.65	3359.58
190.71	3454.18
190.76	3541.30
190.81	3633.47
190.87	3729.96
190.92	3851.64
190.98	3978.42
191.03	4113.90
191.09	4254.75
191.14	4383.26
191.20	4482.95
191.25	4587.87
191.31	4690.40
191.36	4797.23
191.42	4912.48
191.47	5040.96
191.53	5166.77
191.58	5272.90
191.64	5357.14
191.69	5427.84
191.75	5479.14
191.80	5512.53
191.85	5533.06
191.91	5552.53
191.96	5571.84
192.02	5599.08
192.07	5614.41
192.13	5611.63
192.18	5564.05
192.24	5447.98
192.29	5251.78
192.35	5023.24
192.40	4834.63
192.46	4724.95
192.51	4719.93
192.57	4817.84
192.62	4995.73
192.67	5182.26
192.73	5363.61
192.78	5530.47
192.84	5679.87
192.89	5814.59
192.95	5948.39
193.00	6065.13
193.06	6173.08
193.11	6282.53
193.17	6376.79
193.22	6462.68
193.28	6556.01
193.33	6633.04
193.38	6699.05
193.44	6770.23
193.49	6840.10
193.55	6894.65
193.60	6954.63
193.66	7010.40
193.71	7055.36
193.77	7081.59
193.82	7101.94
193.88	7118.41
193.93	7143.79
193.98	7170.90
194.04	7211.00
194.09	7257.89
194.15	7310.63
194.20	7353.76
194.26	7394.33
194.31	7436.01
194.37	7459.65
194.42	7463.41
194.47	7451.49
194.53	7407.15
194.58	7311.24
194.64	7205.76
194.69	7106.70
194.75	7036.67
194.80	7015.38
194.86	7060.18
194.91	7147.90
194.97	7257.82
195.02	7367.06
195.07	7478.41
195.13	7581.79
195.18	7687.94
195.24	7784.72
195.29	7886.95
195.35	7972.35
195.40	8062.90
195.46	8132.66
195.51	8218.71
195.56	8300.46
195.62	8385.98
195.67	8461.53
195.73	8543.19
195.78	8600.96
195.84	8646.68
195.89	8681.22
195.94	8713.98
196.00	8748.55
196.05	8787.88
196.11	8843.24
196.16	8903.17
196.22	8967.00
196.27	9028.52
196.32	9084.96
196.38	9129.29
196.43	9176.59
196.49	9211.39
196.54	9252.97
196.60	9302.03
196.65	9349.67
196.71	9394.13
196.76	9445.89
196.81	9480.54
196.87	9510.92
196.92	9539.54
196.98	9559.01
197.03	9564.90
197.09	9561.31
197.14	9553.63
197.19	9551.65
197.25	9563.73
197.30	9592.43
197.36	9646.14
197.41	9708.93
197.47	9771.65
197.52	9834.98
197.57	9900.84
197.63	9956.39
197.68	10012.45
197.74	10066.86
197.79	10112.90
197.84	10159.31
197.90	10206.99
197.95	10243.53
198.01	10285.71
198.06	10328.49
198.12	10373.39
198.17	10411.39
198.22	10455.11
198.28	10491.14
198.33	10533.23
198.39	10569.82
198.44	10616.67
198.49	10665.73
198.55	10713.05
198.60	10759.72
198.66	10803.37
198.71	10851.92
198.77	10897.01
198.82	10951.10
198.87	10997.80
198.93	11045.92
198.98	11088.02
199.04	11135.24
199.09	11176.18
199.14	11219.86
199.20	11261.48
199.25	11302.92
199.31	11346.49
199.36	11387.83
199.42	11432.00
199.47	11476.30
199.52	11518.86
199.58	11558.70
199.63	11588.68
199.69	11619.40
199.74	11650.33
199.79	11673.37
199.85	11697.80
199.90	11738.96
199.96	11781.09
200.01	11827.05
200.06	11881.04
200.12	11930.45
200.17	11980.88
200.23	12027.18
200.28	12068.31
200.33	12117.69
200.39	12164.10
200.44	12202.94
200.50	12245.72
200.55	12289.30
200.60	12324.51
200.66	12363.15
200.71	12398.85
200.77	12442.23
200.82	12480.74
200.87	12526.85
200.93	12570.93
200.98	12618.03
201.04	12659.55
201.09	12710.50
201.14	12757.62
201.20	12802.11
201.25	12857.06
201.31	12908.61
201.36	12963.40
201.41	13018.23
201.47	13080.94
201.52	13131.19
201.58	13189.64
201.63	13232.90
201.68	13276.23
201.74	13320.46
201.79	13372.77
201.84	13424.02
201.90	13475.41
201.95	13531.07
202.01	13583.75
202.06	13631.35
202.11	13673.49
202.17	13722.29
202.22	13766.98
202.28	13810.92
202.33	13850.61
202.38	13889.09
202.44	13932.39
202.49	13973.46
202.54	14021.27
202.60	14069.34
202.65	14121.44
202.71	14168.56
202.76	14212.54
202.81	14249.31
202.87	14299.27
202.92	14345.38
202.98	14399.82
203.03	14458.05
203.08	14513.61
203.14	14563.68
203.19	14616.34
203.24	14669.52
203.30	14718.02
203.35	14768.50
203.41	14816.18
203.46	14864.98
203.51	14904.96
203.57	14944.45
203.62	14994.21
203.67	15045.68
203.73	15091.79
203.78	15137.53
203.84	15192.79
203.89	15230.97
203.94	15266.61
204.00	15304.30
204.05	15345.53
204.10	15373.07
204.16	15399.00
204.21	15426.50
204.27	15440.62
204.32	15444.29
204.37	15446.79
204.43	15438.22
204.48	15413.82
204.53	15400.34
204.59	15414.64
204.64	15471.08
204.69	15575.05
204.75	15704.39
204.80	15846.83
204.86	15964.54
204.91	16042.54
204.96	16092.65
205.02	16120.32
205.07	16148.50
205.12	16200.39
205.18	16276.17
205.23	16367.40
205.28	16485.14
205.34	16590.18
205.39	16686.16
205.45	16766.13
205.50	16837.14
205.55	16895.73
205.61	16959.70
205.66	17015.40
205.71	17078.87
205.77	17133.74
205.82	17192.69
205.87	17246.92
205.93	17299.98
205.98	17347.17
206.03	17396.01
206.09	17443.44
206.14	17488.62
206.20	17543.46
206.25	17600.04
206.30	17659.57
206.36	17716.47
206.41	17783.66
206.46	17838.94
206.52	17883.99
206.57	17934.32
206.62	17978.88
206.68	18022.75
206.73	18067.66
206.78	18124.89
206.84	18177.33
206.89	18239.39
206.94	18301.74
207.00	18375.57
207.05	18445.13
207.11	18511.61
207.16	18572.10
207.21	18636.48
207.27	18684.82
207.32	18736.04
207.37	18796.50
207.43	18855.72
207.48	18899.65
207.53	18957.72
207.59	19016.84
207.64	19068.11
207.69	19134.94
207.75	19205.50
207.80	19259.33
207.85	19315.03
207.91	19375.18
207.96	19418.26
208.01	19474.54
208.07	19537.56
208.12	19604.27
208.17	19656.11
208.23	19713.03
208.28	19765.69
208.33	19823.50
208.39	19874.84
208.44	19944.32
208.49	20007.84
208.55	20064.51
208.60	20121.69
208.65	20174.50
208.71	20218.68
208.76	20270.32
208.81	20329.10
208.87	20392.79
208.92	20453.86
208.97	20519.66
209.03	20581.36
209.08	20644.88
209.13	20695.08
209.19	20758.85
209.24	20814.82
209.29	20878.56
209.35	20929.21
209.40	20994.78
209.45	21053.22
209.51	21120.10
209.56	21185.12
209.61	21254.14
209.67	21317.62
209.72	21378.00
209.77	21437.22
209.83	21494.01
209.88	21563.89
209.93	21629.60
209.99	21700.83
210.04	21769.46
210.09	21840.64
210.15	21896.77
210.20	21958.84
210.25	22015.54
210.31	22083.04
210.36	22134.12
210.41	22186.98
210.46	22242.30
210.52	22296.53
210.57	22341.80
210.62	22403.18
210.68	22469.09
210.73	22525.04
210.78	22586.08
210.84	22645.12
210.89	22707.75
210.94	22763.43
211.00	22822.10
211.05	22874.60
211.10	22940.25
211.16	22995.54
211.21	23063.73
211.26	23139.87
211.32	23218.46
211.37	23279.74
211.42	23348.09
211.47	23410.97
211.53	23462.53
211.58	23520.53
211.63	23583.28
211.69	23643.18
211.74	23694.64
211.79	23751.00
211.85	23807.52
211.90	23867.50
211.95	23933.53
212.01	24000.48
212.06	24080.39
212.11	24156.38
212.16	24231.04
212.22	24300.95
212.27	24371.28
212.32	24428.67
212.38	24496.24
212.43	24556.51
212.48	24622.76
212.54	24694.53
212.59	24769.24
212.64	24833.84
212.69	24898.75
212.75	24960.69
212.80	25022.80
212.85	25080.66
212.91	25134.81
212.96	25194.14
213.01	25256.99
213.07	25319.14
213.12	25387.91
213.17	25456.23
213.22	25527.16
213.28	25588.98
213.33	25639.82
213.38	25687.65
213.44	25743.42
213.49	25804.70
213.54	25872.87
213.60	25954.86
213.65	26037.86
213.70	26118.11
213.75	26185.59
213.81	26241.40
213.86	26295.60
213.91	26342.44
213.97	26383.70
214.02	26424.62
214.07	26466.44
214.12	26502.40
214.18	26539.86
214.23	26579.01
214.28	26616.09
214.34	26646.91
214.39	26670.98
214.44	26673.95
214.49	26650.12
214.55	26601.86
214.60	26533.26
214.65	26441.52
214.71	26368.28
214.76	26366.83
214.81	26448.80
214.86	26618.53
214.92	26840.22
214.97	27077.35
215.02	27268.01
215.08	27404.02
215.13	27478.86
215.18	27517.60
215.23	27536.81
215.29	27573.53
215.34	27647.24
215.39	27756.52
215.45	27907.24
215.50	28084.43
215.55	28256.55
215.60	28387.38
215.66	28487.11
215.71	28563.52
215.76	28629.74
215.81	28677.82
215.87	28735.21
215.92	28787.98
215.97	28839.91
216.03	28904.99
216.08	28968.94
216.13	29029.28
216.18	29095.66
216.24	29167.08
216.29	29216.16
216.34	29266.88
216.39	29330.74
216.45	29387.40
216.50	29441.73
216.55	29506.82
216.61	29582.26
216.66	29639.81
216.71	29705.59
216.76	29770.41
216.82	29846.79
216.87	29911.22
216.92	29989.85
216.97	30059.27
217.03	30131.47
217.08	30196.60
217.13	30278.49
217.18	30350.66
217.24	30421.96
217.29	30491.86
217.34	30544.47
217.39	30587.50
217.45	30627.82
217.50	30681.65
217.55	30736.39
217.61	30804.13
217.66	30869.03
217.71	30941.21
217.76	31017.71
217.82	31101.43
217.87	31177.51
217.92	31258.83
217.97	31331.09
218.03	31390.54
218.08	31428.69
218.13	31473.04
218.18	31517.74
218.24	31582.24
218.29	31640.87
218.34	31711.84
218.39	31776.78
218.45	31838.59
218.50	31893.92
218.55	31957.09
218.60	32018.89
218.66	32070.41
218.71	32136.29
218.76	32198.36
218.81	32263.27
218.87	32325.27
218.92	32398.18
218.97	32472.72
219.02	32543.07
219.08	32614.38
219.13	32687.79
219.18	32756.90
219.23	32812.74
219.29	32874.61
219.34	32931.72
219.39	32991.57
219.44	33055.39
219.50	33128.69
219.55	33189.84
219.60	33257.01
219.65	33323.83
219.71	33381.66
219.76	33429.83
219.81	33489.66
219.86	33544.19
219.92	33599.29
219.97	33659.10
220.02	33719.35
220.07	33780.38
220.13	33846.34
220.18	33906.20
220.23	33976.37
220.28	34055.49
220.33	34133.21
220.39	34190.85
220.44	34251.17
220.49	34303.93
220.54	34353.79
220.60	34399.59
220.65	34470.41
220.70	34542.00
220.75	34618.72
220.81	34702.84
220.86	34782.26
220.91	34845.56
220.96	34908.41
221.02	34972.70
221.07	35036.70
221.12	35093.10
221.17	35154.15
221.22	35217.00
221.28	35281.50
221.33	35333.85
221.38	35390.95
221.43	35459.34
221.49	35523.94
221.54	35582.00
221.59	35645.16
221.64	35733.10
221.69	35825.47
221.75	35927.59
221.80	36026.46
221.85	36107.75
221.90	36175.26
221.96	36230.26
222.01	36264.16
222.06	36303.36
222.11	36350.30
222.17	36390.99
222.22	36416.22
222.27	36465.43
222.32	36515.89
222.37	36570.14
222.43	36635.82
222.48	36707.00
222.53	36775.30
222.58	36844.09
222.63	36914.72
222.69	36979.90
222.74	37058.94
222.79	37125.10
222.84	37180.65
222.90	37231.79
222.95	37278.56
223.00	37313.53
223.05	37365.01
223.10	37421.50
223.16	37477.85
223.21	37527.95
223.26	37572.55
223.31	37610.85
223.36	37651.27
223.42	37683.06
223.47	37715.60
223.52	37765.59
223.57	37809.90
223.63	37865.15
223.68	37928.19
223.73	38004.34
223.78	38082.56
223.83	38155.94
223.89	38210.82
223.94	38280.73
223.99	38345.42
224.04	38417.26
224.09	38491.72
224.15	38582.54
224.20	38662.02
224.25	38754.83
224.30	38844.77
224.35	38934.38
224.41	39025.75
224.46	39124.67
224.51	39202.37
224.56	39273.89
224.61	39357.67
224.67	39432.92
224.72	39502.46
224.77	39599.71
224.82	39692.50
224.87	39772.99
224.93	39850.49
224.98	39935.69
225.03	40015.35
225.08	40095.89
225.13	40182.97
225.19	40267.68
225.24	40355.51
225.29	40421.94
225.34	40494.00
225.39	40571.87
225.45	40656.30
225.50	40718.23
225.55	40794.58
225.60	40868.86
225.65	40942.08
225.71	40995.86
225.76	41055.77
225.81	41099.62
225.86	41137.87
225.91	41148.14
225.97	41164.17
226.02	41154.64
226.07	41125.31
226.12	41112.13
226.17	41150.01
226.22	41245.42
226.28	41413.26
226.33	41632.58
226.38	41838.61
226.43	42008.49
226.48	42125.83
226.54	42194.22
226.59	42256.41
226.64	42299.96
226.69	42330.54
226.74	42370.29
226.80	42432.36
226.85	42500.55
226.90	42597.24
226.95	42732.84
227.00	42876.01
227.05	43015.25
227.11	43134.06
227.16	43248.84
227.21	43338.67
227.26	43428.37
227.31	43504.69
227.37	43570.16
227.42	43641.94
227.47	43722.77
227.52	43789.58
227.57	43854.61
227.62	43944.19
227.68	44015.01
227.73	44095.28
227.78	44174.76
227.83	44258.84
227.88	44327.93
227.93	44406.74
227.99	44484.37
228.04	44564.21
228.09	44650.24
228.14	44719.87
228.19	44795.12
228.24	44855.34
228.30	44925.73
228.35	44980.38
228.40	45054.10
228.45	45107.62
228.50	45180.45
228.56	45244.06
228.61	45303.71
228.66	45359.12
228.71	45422.69
228.76	45470.23
228.81	45509.17
228.87	45558.28
228.92	45619.17
228.97	45679.69
229.02	45756.58
229.07	45833.02
229.12	45922.29
229.17	45988.90
229.23	46067.19
229.28	46146.49
229.33	46231.92
229.38	46305.84
229.43	46384.89
229.48	46465.65
229.54	46529.19
229.59	46596.75
229.64	46668.39
229.69	46756.31
229.74	46836.82
229.79	46918.25
229.85	46987.71
229.90	47057.99
229.95	47115.42
230.00	47164.82
230.05	47235.04
230.10	47306.12
230.16	47364.88
230.21	47424.06
230.26	47487.82
230.31	47524.37
230.36	47584.29
230.41	47653.54
230.46	47740.96
230.52	47837.65
230.57	47927.56
230.62	48012.97
230.67	48075.61
230.72	48130.12
230.77	48175.85
230.82	48224.96
230.88	48263.04
230.93	48314.80
230.98	48353.64
231.03	48402.67
231.08	48462.04
231.13	48508.28
231.19	48576.29
231.24	48647.23
231.29	48718.43
231.34	48787.51
231.39	48867.26
231.44	48938.85
231.49	48999.32
231.55	49044.20
231.60	49092.09
231.65	49150.30
231.70	49191.14
231.75	49241.58
231.80	49293.99
231.85	49344.45
231.91	49381.25
231.96	49432.31
232.01	49491.91
232.06	49553.85
232.11	49618.95
232.16	49694.77
232.21	49781.39
232.26	49869.20
232.32	49954.29
232.37	50018.47
232.42	50083.93
232.47	50127.18
232.52	50168.75
232.57	50226.79
232.62	50297.77
232.68	50364.61
232.73	50438.97
232.78	50515.99
232.83	50586.89
232.88	50652.53
232.93	50725.82
232.98	50794.29
233.03	50848.59
233.09	50908.30
233.14	50983.80
233.19	51032.58
233.24	51085.30
233.29	51139.72
233.34	51171.51
233.39	51195.47
233.45	51231.30
233.50	51272.68
233.55	51312.73
233.60	51376.53
233.65	51429.36
233.70	51497.50
233.75	51547.46
233.80	51605.15
233.86	51660.49
233.91	51710.78
233.96	51746.97
234.01	51794.31
234.06	51843.88
234.11	51893.14
234.16	51960.04
234.21	52028.23
234.26	52080.86
234.32	52131.41
234.37	52172.76
234.42	52208.59
234.47	52233.34
234.52	52265.80
234.57	52305.30
234.62	52344.00
234.67	52382.56
234.73	52433.69
234.78	52487.35
234.83	52527.17
234.88	52569.60
234.93	52607.43
234.98	52648.54
235.03	52704.11
235.08	52773.62
235.13	52834.10
235.19	52912.54
235.24	52975.67
235.29	53031.21
235.34	53068.91
235.39	53107.29
235.44	53123.34
235.49	53159.28
235.54	53186.53
235.59	53208.05
235.65	53236.75
235.70	53274.66
235.75	53309.97
235.80	53362.49
235.85	53417.69
235.90	53463.40
235.95	53492.99
236.00	53523.80
236.05	53549.73
236.11	53575.53
236.16	53608.50
236.21	53662.21
236.26	53698.69
236.31	53726.30
236.36	53754.39
236.41	53770.39
236.46	53772.94
236.51	53789.72
236.56	53807.77
236.62	53832.81
236.67	53868.11
236.72	53921.61
236.77	53946.54
236.82	53991.43
236.87	54012.66
236.92	54041.01
236.97	54069.51
237.02	54116.84
237.07	54167.69
237.13	54232.56
237.18	54287.03
237.23	54330.72
237.28	54374.74
237.33	54407.53
237.38	54430.82
237.43	54459.87
237.48	54467.01
237.53	54491.66
237.58	54522.71
237.63	54566.85
237.69	54604.89
237.74	54663.01
237.79	54702.31
237.84	54705.39
237.89	54708.35
237.94	54712.20
237.99	54721.71
238.04	54730.57
238.09	54758.93
238.14	54785.19
238.19	54810.82
238.25	54835.55
238.30	54842.79
238.35	54846.18
238.40	54854.54
238.45	54854.92
238.50	54849.13
238.55	54862.63
238.60	54889.75
238.65	54907.78
238.70	54922.87
238.75	54942.72
238.80	54969.62
238.86	54976.52
238.91	54984.56
238.96	55015.87
239.01	55051.96
239.06	55080.52
239.11	55108.18
239.16	55138.41
239.21	55142.82
239.26	55140.14
239.31	55148.89
239.36	55167.81
239.41	55193.01
239.46	55223.87
239.52	55253.73
239.57	55267.68
239.62	55278.34
239.67	55292.79
239.72	55316.32
239.77	55336.74
239.82	55358.31
239.87	55373.49
239.92	55378.86
239.97	55369.25
240.02	55345.50
240.07	55324.57
240.12	55320.41
240.17	55328.47
240.23	55330.32
240.28	55348.90
240.33	55365.64
240.38	55360.82
240.43	55352.50
240.48	55372.93
240.53	55386.25
240.58	55404.61
240.63	55440.25
240.68	55454.07
240.73	55440.97
240.78	55440.82
240.83	55447.07
240.88	55421.10
240.93	55406.69
240.98	55411.88
241.04	55417.03
241.09	55426.02
241.14	55454.84
241.19	55495.10
241.24	55525.44
241.29	55548.08
241.34	55558.77
241.39	55576.22
241.44	55582.26
241.49	55589.92
241.54	55580.54
241.59	55574.36
241.64	55568.28
241.69	55553.51
241.74	55536.79
241.79	55531.89
241.84	55522.31
241.90	55501.27
241.95	55479.10
242.00	55449.59
242.05	55428.59
242.10	55413.71
242.15	55404.69
242.20	55400.28
242.25	55406.51
242.30	55395.31
242.35	55387.92
242.40	55380.69
242.45	55375.65
242.50	55364.32
242.55	55371.72
242.60	55370.89
242.65	55370.45
242.70	55385.88
242.75	55409.65
242.80	55451.97
242.85	55485.06
242.91	55498.15
242.96	55488.94
243.01	55473.10
243.06	55443.04
243.11	55409.62
243.16	55391.39
243.21	55394.74
243.26	55399.51
243.31	55400.61
243.36	55408.73
243.41	55426.20
243.46	55422.29
243.51	55393.01
243.56	55343.59
243.61	55289.93
243.66	55242.24
243.71	55206.84
243.76	55209.32
243.81	55228.74
243.86	55232.58
243.91	55234.14
243.96	55233.66
244.01	55202.47
244.06	55174.92
244.12	55167.75
244.17	55148.43
244.22	55146.74
244.27	55181.91
244.32	55205.39
244.37	55220.81
244.42	55233.86
244.47	55229.28
244.52	55197.84
244.57	55165.24
244.62	55146.37
244.67	55132.41
244.72	55104.62
244.77	55104.42
244.82	55119.69
244.87	55143.83
244.92	55160.20
244.97	55180.48
245.02	55176.85
245.07	55158.72
245.12	55134.22
245.17	55114.40
245.22	55115.22
245.27	55105.32
245.32	55071.09
245.37	55031.57
245.42	54983.89
245.47	54925.79
245.52	54883.54
245.57	54871.17
245.62	54853.30
245.67	54847.33
245.72	54844.58
245.77	54822.51
245.82	54804.31
245.87	54808.42
245.92	54814.74
245.98	54816.49
246.03	54829.64
246.08	54835.33
246.13	54827.09
246.18	54825.50
246.23	54811.49
246.28	54789.40
246.33	54770.04
246.38	54735.53
246.43	54702.42
246.48	54684.43
246.53	54686.73
246.58	54694.62
246.63	54708.11
246.68	54705.72
246.73	54690.28
246.78	54655.75
246.83	54612.07
246.88	54558.13
246.93	54507.79
246.98	54453.03
247.03	54421.30
247.08	54388.94
247.13	54379.44
247.18	54378.19
247.23	54401.37
247.28	54414.30
247.33	54405.24
247.38	54385.85
247.43	54367.19
247.48	54349.79
247.53	54313.69
247.58	54284.41
247.63	54262.27
247.68	54218.49
247.73	54160.95
247.78	54126.74
247.83	54100.49
247.88	54071.70
247.93	54065.00
247.98	54068.53
248.03	54075.71
248.08	54090.02
248.13	54088.48
248.18	54079.54
248.23	54067.26
248.28	54028.00
248.33	53983.36
248.38	53949.94
248.43	53919.55
248.48	53901.97
248.53	53880.06
248.58	53865.54
248.63	53866.17
248.68	53849.65
248.73	53822.39
248.78	53801.13
248.83	53759.67
248.88	53686.91
248.93	53615.06
248.98	53540.52
249.03	53495.54
249.08	53474.23
249.13	53466.22
249.18	53469.18
249.23	53478.09
249.28	53476.84
249.33	53465.99
249.38	53457.96
249.43	53444.93
249.48	53420.97
249.53	53398.37
249.58	53371.83
249.63	53342.42
249.68	53322.43
249.73	53309.15
249.78	53282.89
249.83	53282.97
249.88	53263.30
249.93	53251.79
249.98	53243.05
250.03	53237.50
250.08	53204.25
250.13	53191.55
250.18	53164.31
250.23	53110.72
250.28	53068.48
250.33	53016.52
250.37	52974.16
250.42	52934.13
250.47	52911.26
250.52	52896.06
250.57	52879.20
250.62	52848.43
250.67	52814.84
250.72	52792.05
250.77	52741.69
250.82	52724.14
250.87	52726.26
250.92	52715.97
250.97	52693.85
251.02	52691.11
251.07	52689.92
251.12	52667.63
251.17	52638.45
251.22	52610.24
251.27	52567.83
251.32	52509.52
251.37	52446.09
251.42	52400.71
251.47	52360.62
251.52	52340.52
251.57	52328.03
251.62	52323.94
251.67	52315.67
251.72	52296.38
251.77	52265.64
251.82	52224.98
251.87	52178.69
251.92	52130.29
251.97	52072.67
252.02	52027.39
252.07	51988.85
252.12	51968.69
252.16	51956.64
252.21	51963.49
252.26	51971.82
252.31	51977.76
252.36	51971.81
252.41	51950.44
252.46	51925.89
252.51	51894.43
252.56	51864.84
252.61	51838.24
252.66	51812.29
252.71	51787.68
252.76	51759.07
252.81	51716.03
252.86	51655.77
252.91	51612.89
252.96	51555.84
253.01	51492.93
253.06	51432.03
253.11	51386.48
253.16	51343.59
253.21	51294.01
253.26	51248.80
253.31	51216.16
253.36	51193.74
253.40	51159.54
253.45	51150.54
253.50	51112.44
253.55	51079.60
253.60	51033.06
253.65	50991.79
253.70	50946.91
253.75	50934.39
253.80	50910.89
253.85	50900.70
253.90	50894.69
253.95	50893.05
254.00	50889.10
254.05	50880.12
254.10	50850.25
254.15	50822.49
254.20	50796.11
254.25	50760.36
254.30	50725.52
254.35	50690.65
254.39	50624.46
254.44	50537.07
254.49	50455.02
254.54	50411.64
254.59	50377.49
254.64	50375.01
254.69	50376.78
254.74	50387.34
254.79	50365.33
254.84	50335.29
254.89	50312.03
254.94	50294.54
254.99	50276.24
255.04	50259.37
255.09	50253.53
255.14	50227.76
255.19	50210.90
255.23	50197.44
255.28	50185.50
255.33	50172.05
255.38	50166.66
255.43	50155.33
255.48	50126.09
255.53	50088.62
255.58	50053.47
255.63	50010.64
255.68	49957.05
255.73	49909.99
255.78	49876.44
255.83	49854.39
255.88	49826.06
255.93	49801.96
255.97	49780.61
256.02	49750.55
256.07	49703.14
256.12	49640.37
256.17	49582.44
256.22	49535.30
256.27	49483.79
256.32	49441.08
256.37	49423.34
256.42	49403.83
256.47	49372.55
256.52	49350.61
256.57	49317.56
256.62	49298.64
256.66	49293.27
256.71	49269.07
256.76	49230.57
256.81	49188.47
256.86	49133.73
256.91	49079.21
256.96	49031.07
257.01	49002.80
257.06	48983.89
257.11	48952.95
257.16	48903.81
257.21	48864.54
257.26	48821.85
257.30	48780.19
257.35	48738.28
257.40	48716.97
257.45	48701.63
257.50	48674.66
257.55	48641.55
257.60	48621.61
257.65	48592.31
257.70	48554.47
257.75	48523.44
257.80	48496.21
257.85	48458.95
257.89	48414.89
257.94	48360.48
257.99	48300.61
258.04	48243.13
258.09	48206.05
258.14	48174.63
258.19	48159.13
258.24	48136.72
258.29	48098.95
258.34	48056.77
258.39	48020.74
258.44	47960.99
258.48	47908.33
258.53	47876.28
258.58	47836.11
258.63	47781.18
258.68	47734.84
258.73	47697.86
258.78	47656.36
258.83	47610.39
258.88	47574.64
258.93	47540.31
258.97	47507.45
259.02	47475.86
259.07	47455.73
259.12	47432.29
259.17	47424.26
259.22	47417.69
259.27	47392.87
259.32	47366.09
259.37	47330.10
259.42	47295.24
259.47	47240.71
259.51	47193.24
259.56	47133.13
259.61	47066.02
259.66	46990.54
259.71	46920.50
259.76	46856.54
259.81	46801.15
259.86	46759.32
259.91	46714.53
259.95	46682.97
260.00	46653.86
260.05	46638.75
260.10	46625.34
260.15	46618.89
260.20	46612.15
260.25	46606.75
260.30	46595.07
260.35	46566.70
260.40	46530.32
260.44	46498.16
260.49	46479.75
260.54	46432.94
260.59	46409.86
260.64	46403.67
260.69	46394.09
260.74	46353.79
260.79	46329.33
260.84	46284.47
260.88	46219.19
260.93	46143.18
260.98	46102.23
261.03	46059.43
261.08	46026.48
261.13	45998.60
261.18	45960.35
261.23	45903.80
261.28	45863.74
261.32	45821.17
261.37	45767.27
261.42	45736.77
261.47	45717.69
261.52	45673.29
261.57	45626.71
261.62	45597.92
261.67	45549.55
261.71	45483.54
261.76	45439.71
261.81	45387.00
261.86	45332.35
261.91	45291.03
261.96	45254.95
262.01	45206.84
262.06	45189.65
262.10	45177.04
262.15	45157.09
262.20	45136.52
262.25	45124.59
262.30	45096.34
262.35	45061.23
262.40	45027.66
262.45	44995.37
262.49	44963.05
262.54	44930.18
262.59	44897.22
262.64	44869.69
262.69	44836.26
262.74	44787.24
262.79	44725.69
262.84	44682.13
262.88	44635.65
262.93	44585.60
262.98	44557.88
263.03	44526.08
263.08	44473.77
263.13	44406.67
263.18	44341.87
263.23	44267.73
263.27	44225.35
263.32	44191.80
263.37	44172.95
263.42	44162.04
263.47	44144.15
263.52	44121.08
263.57	44087.87
263.61	44049.33
263.66	44003.56
263.71	43967.64
263.76	43927.62
263.81	43877.06
263.86	43843.46
263.91	43804.39
263.95	43745.20
264.00	43678.84
264.05	43633.79
264.10	43570.82
264.15	43504.24
264.20	43458.27
264.25	43419.42
264.29	43377.06
264.34	43321.69
264.39	43289.32
264.44	43238.80
264.49	43198.88
264.54	43149.68
264.59	43115.79
264.63	43071.45
264.68	43027.02
264.73	42976.09
264.78	42932.24
264.83	42878.11
264.88	42832.60
264.93	42804.92
264.97	42767.43
265.02	42732.40
265.07	42716.88
265.12	42681.19
265.17	42637.74
265.22	42600.23
265.27	42550.54
265.31	42488.16
265.36	42435.91
265.41	42380.11
265.46	42317.70
265.51	42249.52
265.56	42189.33
265.60	42133.17
265.65	42072.28
265.70	42018.42
265.75	41964.98
265.80	41916.54
265.85	41852.70
265.90	41794.84
265.94	41733.39
265.99	41680.86
266.04	41626.02
266.09	41584.31
266.14	41542.47
266.19	41511.92
266.23	41478.84
266.28	41433.63
266.33	41397.29
266.38	41378.16
266.43	41346.47
266.48	41321.37
266.52	41297.12
266.57	41260.41
266.62	41216.03
266.67	41167.08
266.72	41125.92
266.77	41096.72
266.81	41075.23
266.86	41044.89
266.91	41011.99
266.96	40968.26
267.01	40929.70
267.06	40874.63
267.10	40829.81
267.15	40784.54
267.20	40757.31
267.25	40725.97
267.30	40687.79
267.35	40642.67
267.39	40604.72
267.44	40561.51
267.49	40505.42
267.54	40462.83
267.59	40414.29
267.64	40361.95
267.68	40300.23
267.73	40243.84
267.78	40202.89
267.83	40181.54
267.88	40170.56
267.93	40164.55
267.97	40150.13
268.02	40115.84
268.07	40064.37
268.12	40006.27
268.17	39937.46
268.21	39891.99
268.26	39843.26
268.31	39796.26
268.36	39751.78
268.41	39706.82
268.46	39655.85
268.50	39617.28
268.55	39575.37
268.60	39520.48
268.65	39466.95
268.70	39387.73
268.74	39321.76
268.79	39248.56
268.84	39191.80
268.89	39142.06
268.94	39121.55
268.99	39072.85
269.03	39032.37
269.08	38983.19
269.13	38910.17
269.18	38823.80
269.23	38733.83
269.27	38633.68
269.32	38505.06
269.37	38389.92
269.42	38254.49
269.47	38118.24
269.51	37974.44
269.56	37846.17
269.61	37704.25
269.66	37554.12
269.71	37401.85
269.76	37251.66
269.80	37097.83
269.85	36946.23
269.90	36807.94
269.95	36661.06
270.00	36505.57
270.04	36362.00
270.09	36220.17
270.14	36068.96
270.19	35927.14
270.24	35795.53
270.28	35637.51
270.33	35467.80
270.38	35298.79
270.43	35125.47
270.48	34947.65
270.52	34789.60
270.57	34629.23
270.62	34469.83
270.67	34317.03
270.72	34163.94
270.76	33981.57
270.81	33814.94
270.86	33646.15
270.91	33473.69
270.96	33299.84
271.00	33144.94
271.05	32989.86
271.10	32847.31
271.15	32714.46
271.20	32595.83
271.24	32464.75
271.29	32332.48
271.34	32186.67
271.39	32036.36
271.44	31883.27
271.48	31745.40
271.53	31595.89
271.58	31453.32
271.63	31306.54
271.67	31156.49
271.72	31012.71
271.77	30873.42
271.82	30738.74
271.87	30600.34
271.91	30443.06
271.96	30291.02
272.01	30142.95
272.06	30005.99
272.11	29882.91
272.15	29784.32
272.20	29679.06
272.25	29585.54
272.30	29485.23
272.35	29381.16
272.39	29264.70
272.44	29145.67
272.49	29013.06
272.54	28871.56
272.58	28719.29
272.63	28570.26
272.68	28417.44
272.73	28256.85
272.78	28084.07
272.82	27885.14
272.87	27662.61
272.92	27377.09
272.97	26851.78
273.01	23892.61
273.06	18947.45
273.11	13495.24
273.16	8141.40
273.21	3066.09
273.25	464.11
273.30	-88.35
273.35	-88.85
