165.32	3379.88
165.38	-247.18
165.44	595.85
165.50	-77.83
165.55	-20.32
165.61	0.96
165.67	27.41
165.72	35.90
165.78	40.87
165.84	39.38
165.89	36.23
165.95	35.13
166.01	34.23
166.06	35.42
166.12	37.98
166.18	36.40
166.23	37.93
166.29	37.71
166.35	34.71
166.40	33.38
166.46	39.75
166.52	42.58
166.57	43.17
166.63	44.05
166.69	46.79
166.74	40.78
166.80	40.94
166.86	42.95
166.91	43.27
166.97	37.66
167.03	40.27
167.08	34.44
167.14	33.63
167.20	32.05
167.25	44.11
167.31	44.47
167.37	50.54
167.42	52.35
167.48	58.03
167.54	52.87
167.59	52.23
167.65	47.87
167.71	47.77
167.76	46.49
167.82	42.04
167.88	41.94
167.93	49.29
167.99	47.85
168.05	50.59
168.10	58.62
168.16	57.81
168.21	55.81
168.27	60.68
168.33	62.19
168.38	54.70
168.44	59.68
168.50	58.64
168.55	56.86
168.61	57.11
168.67	58.88
168.72	56.04
168.78	56.11
168.84	51.83
168.89	50.68
168.95	51.78
169.01	50.77
169.06	50.30
169.12	49.68
169.18	47.74
169.23	47.41
169.29	51.93
169.34	56.14
169.40	58.95
169.46	63.62
169.51	65.68
169.57	61.14
169.63	56.93
169.68	61.79
169.74	58.06
169.80	63.49
169.85	64.71
169.91	69.24
169.97	65.11
170.02	65.41
170.08	64.56
170.13	65.30
170.19	64.43
170.25	65.94
170.30	69.38
170.36	61.32
170.42	63.38
170.47	64.74
170.53	66.62
170.59	63.55
170.64	67.00
170.70	64.95
170.76	62.63
170.81	64.09
170.87	63.63
170.92	64.95
170.98	67.88
171.04	70.06
171.09	65.73
171.15	73.23
171.21	74.23
171.26	71.18
171.32	68.33
171.37	71.95
171.43	66.68
171.49	70.95
171.54	74.63
171.60	76.08
171.66	78.24
171.71	78.40
171.77	75.81
171.83	81.79
171.88	81.13
171.94	80.30
171.99	85.25
172.05	84.33
172.11	85.02
172.16	93.69
172.22	94.37
172.28	94.19
172.33	92.28
172.39	89.20
172.44	85.73
172.50	91.03
172.56	90.46
172.61	98.71
172.67	98.39
172.72	98.10
172.78	93.25
172.84	88.18
172.89	81.35
172.95	80.54
173.01	81.42
173.06	79.58
173.12	85.54
173.17	87.31
173.23	86.61
173.29	87.38
173.34	89.39
173.40	83.91
173.46	84.23
173.51	87.15
173.57	87.15
173.62	81.74
173.68	87.98
173.74	86.93
173.79	88.64
173.85	85.28
173.90	87.89
173.96	84.57
174.02	81.69
174.07	73.14
174.13	72.72
174.18	74.87
174.24	68.17
174.30	68.73
174.35	73.62
174.41	70.58
174.47	64.80
174.52	65.98
174.58	64.86
174.63	61.09
174.69	60.04
174.75	61.46
174.80	72.35
174.86	69.88
174.91	70.52
174.97	70.48
175.03	68.36
175.08	56.41
175.14	63.32
175.19	59.48
175.25	59.99
175.31	64.07
175.36	65.42
175.42	61.99
175.47	66.71
175.53	66.78
175.59	63.44
175.64	65.00
175.70	63.18
175.75	58.61
175.81	57.38
175.87	58.49
175.92	55.11
175.98	56.50
176.03	56.73
176.09	57.30
176.15	57.17
176.20	57.75
176.26	57.35
176.31	60.53
176.37	58.11
176.42	58.71
176.48	62.46
176.54	60.43
176.59	57.34
176.65	60.02
176.70	61.78
176.76	61.22
176.82	59.12
176.87	55.83
176.93	55.51
176.98	54.00
177.04	48.97
177.10	53.83
177.15	55.72
177.21	56.45
177.26	55.48
177.32	59.08
177.37	60.84
177.43	64.66
177.49	61.40
177.54	58.97
177.60	59.14
177.65	59.79
177.71	54.17
177.77	57.51
177.82	59.63
177.88	63.47
177.93	58.41
177.99	64.81
178.04	60.58
178.10	60.81
178.16	54.36
178.21	55.66
178.27	53.04
178.32	56.97
178.38	56.01
178.43	57.69
178.49	57.60
178.55	56.41
178.60	54.89
178.66	53.90
178.71	55.47
178.77	53.09
178.82	54.17
178.88	53.87
178.94	54.61
178.99	55.69
179.05	60.36
179.10	56.32
179.16	59.25
179.21	61.66
179.27	60.70
179.33	56.28
179.38	60.34
179.44	58.50
179.49	58.12
179.55	56.09
179.60	56.39
179.66	55.58
179.72	58.00
179.77	55.62
179.83	54.43
179.88	55.70
179.94	56.61
179.99	52.82
180.05	53.43
180.11	53.90
180.16	56.79
180.22	59.32
180.27	63.78
180.33	64.40
180.38	68.98
180.44	63.96
180.49	63.80
180.55	61.99
180.61	66.27
180.66	61.07
180.72	59.85
180.77	58.02
180.83	58.12
180.88	54.98
180.94	54.40
180.99	58.45
181.05	58.47
181.11	59.34
181.16	59.12
181.22	60.53
181.27	62.38
181.33	60.89
181.38	57.58
181.44	59.11
181.49	63.76
181.55	64.53
181.61	71.13
181.66	74.00
181.72	71.87
181.77	69.34
181.83	66.99
181.88	71.71
181.94	73.27
181.99	78.45
182.05	79.19
182.11	79.86
182.16	71.05
182.22	69.07
182.27	64.92
182.33	67.04
182.38	66.99
182.44	72.03
182.49	74.24
182.55	75.98
182.60	75.62
182.66	78.96
182.72	81.13
182.77	83.21
182.83	86.77
182.88	89.59
182.94	90.59
182.99	87.72
183.05	86.45
183.10	88.34
183.16	87.42
183.21	88.58
183.27	96.04
183.32	100.24
183.38	103.64
183.44	111.05
183.49	116.56
183.55	117.73
183.60	124.67
183.66	130.76
183.71	139.78
183.77	147.53
183.82	156.42
183.88	167.33
183.93	179.12
183.99	193.05
184.04	209.85
184.10	223.15
184.15	235.11
184.21	247.99
184.27	250.05
184.32	250.65
184.38	248.16
184.43	243.47
184.49	226.95
184.54	209.51
184.60	199.43
184.65	185.81
184.71	176.85
184.76	178.99
184.82	196.60
184.87	213.58
184.93	238.76
184.98	266.32
185.04	297.71
185.09	322.47
185.15	349.07
185.20	381.38
185.26	415.83
185.31	444.17
185.37	471.91
185.43	492.27
185.48	511.67
185.54	534.23
185.59	560.18
185.65	585.66
185.70	625.18
185.76	670.23
185.81	704.83
185.87	741.12
185.92	786.06
185.98	821.58
186.03	838.54
186.09	840.86
186.14	816.80
186.20	763.15
186.25	677.43
186.31	591.48
186.36	524.24
186.42	494.33
186.47	502.71
186.53	550.48
186.58	619.72
186.64	695.34
186.69	768.36
186.75	829.39
186.80	887.97
186.86	945.53
186.91	1003.33
186.97	1058.38
187.02	1127.42
187.08	1192.35
187.13	1247.77
187.19	1307.28
187.24	1365.25
187.30	1404.93
187.35	1445.47
187.41	1498.54
187.47	1548.91
187.52	1594.38
187.58	1651.33
187.63	1725.97
187.69	1803.23
187.74	1869.90
187.80	1929.81
187.85	1978.48
187.91	1998.11
187.96	1984.80
188.02	1927.37
188.07	1828.33
188.13	1681.89
188.18	1527.30
188.24	1411.70
188.29	1359.05
188.35	1370.35
188.40	1451.43
188.46	1579.16
188.51	1703.83
188.57	1830.60
188.62	1955.28
188.67	2070.47
188.73	2179.20
188.78	2285.02
188.84	2388.08
188.89	2491.37
188.95	2598.78
189.00	2689.76
189.06	2788.38
189.11	2883.18
189.17	2965.95
189.22	3039.63
189.28	3125.87
189.33	3202.13
189.39	3267.13
189.44	3332.10
189.50	3403.84
189.55	3471.49
189.61	3524.05
189.66	3579.37
189.72	3636.07
189.77	3687.05
189.83	3715.95
189.88	3725.80
189.94	3695.30
189.99	3614.13
190.05	3459.59
190.10	3239.25
190.16	2984.51
190.21	2761.15
190.27	2614.82
190.32	2571.92
190.38	2632.82
190.43	2775.53
190.49	2942.48
190.54	3090.41
190.60	3218.20
190.65	3325.15
190.71	3417.49
190.76	3508.16
190.81	3596.72
190.87	3692.27
190.92	3810.80
190.98	3940.89
191.03	4076.09
191.09	4220.39
191.14	4344.26
191.20	4443.09
191.25	4543.23
191.31	4643.83
191.36	4744.91
191.42	4859.77
191.47	4986.33
191.53	5111.43
191.58	5215.29
191.64	5301.35
191.69	5372.69
191.75	5423.25
191.80	5456.62
191.85	5479.93
191.91	5502.16
191.96	5523.94
192.02	5554.21
192.07	5570.46
192.13	5565.09
192.18	5516.65
192.24	5400.51
192.29	5206.02
192.35	4976.67
192.40	4793.40
192.46	4685.09
192.51	4680.57
192.57	4776.13
192.62	4955.46
192.67	5143.13
192.73	5324.85
192.78	5488.29
192.84	5639.06
192.89	5775.96
192.95	5903.76
193.00	6015.48
193.06	6125.40
193.11	6233.10
193.17	6326.35
193.22	6411.15
193.28	6505.20
193.33	6583.86
193.38	6654.08
193.44	6723.62
193.49	6801.17
193.55	6857.45
193.60	6915.56
193.66	6965.29
193.71	7010.17
193.77	7030.76
193.82	7051.07
193.88	7066.72
193.93	7094.13
193.98	7122.46
194.04	7163.61
194.09	7210.01
194.15	7264.52
194.20	7312.40
194.26	7352.19
194.31	7394.16
194.37	7419.61
194.42	7422.93
194.47	7409.15
194.53	7365.45
194.58	7275.75
194.64	7167.85
194.69	7071.25
194.75	7003.62
194.80	6988.61
194.86	7031.49
194.91	7123.60
194.97	7231.26
195.02	7338.81
195.07	7441.37
195.13	7541.09
195.18	7646.93
195.24	7747.97
195.29	7847.42
195.35	7937.47
195.40	8027.05
195.46	8098.31
195.51	8179.40
195.56	8264.19
195.62	8350.72
195.67	8427.62
195.73	8508.06
195.78	8568.41
195.84	8611.96
195.89	8645.18
195.94	8683.55
196.00	8718.76
196.05	8760.83
196.11	8818.88
196.16	8879.27
196.22	8936.98
196.27	8997.08
196.32	9051.78
196.38	9100.43
196.43	9149.11
196.49	9189.25
196.54	9229.14
196.60	9271.26
196.65	9312.62
196.71	9354.85
196.76	9403.15
196.81	9439.60
196.87	9478.22
196.92	9507.67
196.98	9527.75
197.03	9537.86
197.09	9535.12
197.14	9527.24
197.19	9527.05
197.25	9540.18
197.30	9565.21
197.36	9616.84
197.41	9680.42
197.47	9743.20
197.52	9807.86
197.57	9875.84
197.63	9932.96
197.68	9988.74
197.74	10040.66
197.79	10082.32
197.84	10122.75
197.90	10169.96
197.95	10209.74
198.01	10250.23
198.06	10297.23
198.12	10342.31
198.17	10381.00
198.22	10423.10
198.28	10464.76
198.33	10502.32
198.39	10541.41
198.44	10585.91
198.49	10629.86
198.55	10670.91
198.60	10721.96
198.66	10770.08
198.71	10821.17
198.77	10872.12
198.82	10930.10
198.87	10975.30
198.93	11025.29
198.98	11066.68
199.04	11113.09
199.09	11151.48
199.14	11196.48
199.20	11234.82
199.25	11278.97
199.31	11321.00
199.36	11364.51
199.42	11410.49
199.47	11454.73
199.52	11493.77
199.58	11533.18
199.63	11564.74
199.69	11598.37
199.74	11633.62
199.79	11663.73
199.85	11690.26
199.90	11731.08
199.96	11766.05
200.01	11805.80
200.06	11852.90
200.12	11900.90
200.17	11949.34
200.23	12001.71
200.28	12045.14
200.33	12096.62
200.39	12143.42
200.44	12188.52
200.50	12230.97
200.55	12271.66
200.60	12312.89
200.66	12349.82
200.71	12385.21
200.77	12428.98
200.82	12470.72
200.87	12507.84
200.93	12546.14
200.98	12588.49
201.04	12628.09
201.09	12674.56
201.14	12725.93
201.20	12779.89
201.25	12835.13
201.31	12888.26
201.36	12949.09
201.41	13004.36
201.47	13065.47
201.52	13116.03
201.58	13173.85
201.63	13219.26
201.68	13266.35
201.74	13310.18
201.79	13359.65
201.84	13411.26
201.90	13457.45
201.95	13510.29
202.01	13567.10
202.06	13620.06
202.11	13659.31
202.17	13709.57
202.22	13751.94
202.28	13791.74
202.33	13828.95
202.38	13867.43
202.44	13909.90
202.49	13953.71
202.54	13999.27
202.60	14047.40
202.65	14099.56
202.71	14147.44
202.76	14186.40
202.81	14226.01
202.87	14274.88
202.92	14320.74
202.98	14371.43
203.03	14430.74
203.08	14490.34
203.14	14545.57
203.19	14601.39
203.24	14652.23
203.30	14702.29
203.35	14748.39
203.41	14793.31
203.46	14836.25
203.51	14881.09
203.57	14923.85
203.62	14975.83
203.67	15027.91
203.73	15074.59
203.78	15122.37
203.84	15173.95
203.89	15210.75
203.94	15248.89
204.00	15289.31
204.05	15329.04
204.10	15358.15
204.16	15387.27
204.21	15412.03
204.27	15429.12
204.32	15430.03
204.37	15430.02
204.43	15418.18
204.48	15397.00
204.53	15375.92
204.59	15393.43
204.64	15452.49
204.69	15553.78
204.75	15679.46
204.80	15825.44
204.86	15939.67
204.91	16020.39
204.96	16072.02
205.02	16104.74
205.07	16135.38
205.12	16197.44
205.18	16273.06
205.23	16363.98
205.28	16477.68
205.34	16584.88
205.39	16677.34
205.45	16757.96
205.50	16826.16
205.55	16887.27
205.61	16949.78
205.66	17007.90
205.71	17071.18
205.77	17133.61
205.82	17190.29
205.87	17244.93
205.93	17295.12
205.98	17342.49
206.03	17387.78
206.09	17436.18
206.14	17487.58
206.20	17538.52
206.25	17586.79
206.30	17651.37
206.36	17710.89
206.41	17774.12
206.46	17830.27
206.52	17878.58
206.57	17923.81
206.62	17965.05
206.68	18002.43
206.73	18055.25
206.78	18118.14
206.84	18173.67
206.89	18233.49
206.94	18299.09
207.00	18369.25
207.05	18434.24
207.11	18499.26
207.16	18557.39
207.21	18622.12
207.27	18671.45
207.32	18724.81
207.37	18784.44
207.43	18847.66
207.48	18893.96
207.53	18946.25
207.59	19004.66
207.64	19056.12
207.69	19125.39
207.75	19198.21
207.80	19257.84
207.85	19313.39
207.91	19370.76
207.96	19414.16
208.01	19464.46
208.07	19524.27
208.12	19591.31
208.17	19648.90
208.23	19705.60
208.28	19756.43
208.33	19814.82
208.39	19866.23
208.44	19931.88
208.49	19988.84
208.55	20050.83
208.60	20106.46
208.65	20156.28
208.71	20202.08
208.76	20262.19
208.81	20317.53
208.87	20379.54
208.92	20439.39
208.97	20503.88
209.03	20565.52
209.08	20632.13
209.13	20685.84
209.19	20753.41
209.24	20810.20
209.29	20867.89
209.35	20916.56
209.40	20980.03
209.45	21038.61
209.51	21104.67
209.56	21167.90
209.61	21236.60
209.67	21304.07
209.72	21359.03
209.77	21415.56
209.83	21474.67
209.88	21542.89
209.93	21606.19
209.99	21680.75
210.04	21754.86
210.09	21829.20
210.15	21892.21
210.20	21951.98
210.25	22018.00
210.31	22080.63
210.36	22125.24
210.41	22175.88
210.46	22233.88
210.52	22283.34
210.57	22331.77
210.62	22396.83
210.68	22459.83
210.73	22515.97
210.78	22575.68
210.84	22638.83
210.89	22701.75
210.94	22758.65
211.00	22816.09
211.05	22867.02
211.10	22924.49
211.16	22983.61
211.21	23050.09
211.26	23119.40
211.32	23197.86
211.37	23264.25
211.42	23324.66
211.47	23391.86
211.53	23451.47
211.58	23511.89
211.63	23575.48
211.69	23634.77
211.74	23681.61
211.79	23731.98
211.85	23786.27
211.90	23845.05
211.95	23913.94
212.01	23988.18
212.06	24068.75
212.11	24142.73
212.16	24214.95
212.22	24290.15
212.27	24352.97
212.32	24420.38
212.38	24484.26
212.43	24550.66
212.48	24613.44
212.54	24682.30
212.59	24752.09
212.64	24827.23
212.69	24883.71
212.75	24948.71
212.80	25016.79
212.85	25080.87
212.91	25123.45
212.96	25188.47
213.01	25251.03
213.07	25311.91
213.12	25369.43
213.17	25440.38
213.22	25508.05
213.28	25569.12
213.33	25617.71
213.38	25673.16
213.44	25730.64
213.49	25799.11
213.54	25870.70
213.60	25953.54
213.65	26034.32
213.70	26122.93
213.75	26185.05
213.81	26238.53
213.86	26297.93
213.91	26346.58
213.97	26380.46
214.02	26418.33
214.07	26459.25
214.12	26496.69
214.18	26531.70
214.23	26575.50
214.28	26613.03
214.34	26634.29
214.39	26657.21
214.44	26663.43
214.49	26640.42
214.55	26596.56
214.60	26535.78
214.65	26439.39
214.71	26357.81
214.76	26350.85
214.81	26435.42
214.86	26599.84
214.92	26819.57
214.97	27065.50
215.02	27265.96
215.08	27395.58
215.13	27479.63
215.18	27522.83
215.23	27535.38
215.29	27561.75
215.34	27638.47
215.39	27743.05
215.45	27896.60
215.50	28072.09
215.55	28244.47
215.60	28369.53
215.66	28468.68
215.71	28539.43
215.76	28616.65
215.81	28673.24
215.87	28739.05
215.92	28798.73
215.97	28856.96
216.03	28908.98
216.08	28961.98
216.13	29021.23
216.18	29087.12
216.24	29155.76
216.29	29207.78
216.34	29267.07
216.39	29329.65
216.45	29388.53
216.50	29438.91
216.55	29509.36
216.61	29579.30
216.66	29633.92
216.71	29690.41
216.76	29753.43
216.82	29821.61
216.87	29890.61
216.92	29966.50
216.97	30035.10
217.03	30109.46
217.08	30180.87
217.13	30259.94
217.18	30336.76
217.24	30413.12
217.29	30483.25
217.34	30534.23
217.39	30574.99
217.45	30619.76
217.50	30668.05
217.55	30725.26
217.61	30796.58
217.66	30867.60
217.71	30932.40
217.76	31013.99
217.82	31097.02
217.87	31173.16
217.92	31247.51
217.97	31317.98
218.03	31379.03
218.08	31415.18
218.13	31450.13
218.18	31495.03
218.24	31560.93
218.29	31613.34
218.34	31684.47
218.39	31759.48
218.45	31829.28
218.50	31881.70
218.55	31944.48
218.60	32010.28
218.66	32066.87
218.71	32134.30
218.76	32203.76
218.81	32268.05
218.87	32321.53
218.92	32387.47
218.97	32454.93
219.02	32524.78
219.08	32600.14
219.13	32680.51
219.18	32746.34
219.23	32807.50
219.29	32869.10
219.34	32924.86
219.39	32986.23
219.44	33054.38
219.50	33124.35
219.55	33187.68
219.60	33258.03
219.65	33322.92
219.71	33382.54
219.76	33428.76
219.81	33481.84
219.86	33534.80
219.92	33584.75
219.97	33638.05
220.02	33692.70
220.07	33758.75
220.13	33824.12
220.18	33896.46
220.23	33966.97
220.28	34054.92
220.33	34121.33
220.39	34178.31
220.44	34229.86
220.49	34287.16
220.54	34326.99
220.60	34382.98
220.65	34446.81
220.70	34520.34
220.75	34592.34
220.81	34681.98
220.86	34760.00
220.91	34826.66
220.96	34892.19
221.02	34961.82
221.07	35021.28
221.12	35079.06
221.17	35139.83
221.22	35200.54
221.28	35257.77
221.33	35315.58
221.38	35375.78
221.43	35447.78
221.49	35509.04
221.54	35573.82
221.59	35640.05
221.64	35721.25
221.69	35808.80
221.75	35912.93
221.80	36016.34
221.85	36104.31
221.90	36167.08
221.96	36226.39
222.01	36255.97
222.06	36283.89
222.11	36327.72
222.17	36374.26
222.22	36404.03
222.27	36453.28
222.32	36499.12
222.37	36542.52
222.43	36610.76
222.48	36679.93
222.53	36750.09
222.58	36829.85
222.63	36904.51
222.69	36966.34
222.74	37045.83
222.79	37118.82
222.84	37170.33
222.90	37215.73
222.95	37266.95
223.00	37303.86
223.05	37351.37
223.10	37410.15
223.16	37474.94
223.21	37520.37
223.26	37570.88
223.31	37608.47
223.36	37641.67
223.42	37679.82
223.47	37718.99
223.52	37758.68
223.57	37798.62
223.63	37855.85
223.68	37912.50
223.73	37990.68
223.78	38073.85
223.83	38152.83
223.89	38213.92
223.94	38280.87
223.99	38335.50
224.04	38403.18
224.09	38475.24
224.15	38566.38
224.20	38645.75
224.25	38738.07
224.30	38820.29
224.35	38912.85
224.41	39006.09
224.46	39104.53
224.51	39188.06
224.56	39268.46
224.61	39345.28
224.67	39423.54
224.72	39496.17
224.77	39593.88
224.82	39691.90
224.87	39779.02
224.93	39845.00
224.98	39930.06
225.03	40013.58
225.08	40091.26
225.13	40169.23
225.19	40268.53
225.24	40350.21
225.29	40409.06
225.34	40477.54
225.39	40554.48
225.45	40626.76
225.50	40700.40
225.55	40782.71
225.60	40855.92
225.65	40930.12
225.71	40985.37
225.76	41036.34
225.81	41075.78
225.86	41112.93
225.91	41132.51
225.97	41148.93
226.02	41143.05
226.07	41118.24
226.12	41107.65
226.17	41146.50
226.22	41244.92
226.28	41404.60
226.33	41619.98
226.38	41828.43
226.43	41999.26
226.48	42111.40
226.54	42190.81
226.59	42250.00
226.64	42292.45
226.69	42312.90
226.74	42352.21
226.80	42417.88
226.85	42494.73
226.90	42589.22
226.95	42733.19
227.00	42875.32
227.05	43009.74
227.11	43131.11
227.16	43242.53
227.21	43327.47
227.26	43418.95
227.31	43490.13
227.37	43551.71
227.42	43625.62
227.47	43708.26
227.52	43779.72
227.57	43842.60
227.62	43920.32
227.68	43989.39
227.73	44059.03
227.78	44133.35
227.83	44217.75
227.88	44290.49
227.93	44377.42
227.99	44459.41
228.04	44537.85
228.09	44617.57
228.14	44695.03
228.19	44761.83
228.24	44834.61
228.30	44905.52
228.35	44966.44
228.40	45031.02
228.45	45090.24
228.50	45151.86
228.56	45214.45
228.61	45275.54
228.66	45331.12
228.71	45388.59
228.76	45436.08
228.81	45484.49
228.87	45535.25
228.92	45598.43
228.97	45660.93
229.02	45751.46
229.07	45821.02
229.12	45913.67
229.17	45988.09
229.23	46068.38
229.28	46136.26
229.33	46218.97
229.38	46283.76
229.43	46358.74
229.48	46437.30
229.54	46503.17
229.59	46575.26
229.64	46656.63
229.69	46739.46
229.74	46828.19
229.79	46901.85
229.85	46971.08
229.90	47041.51
229.95	47101.78
230.00	47146.34
230.05	47222.79
230.10	47293.61
230.16	47354.33
230.21	47415.73
230.26	47489.37
230.31	47530.60
230.36	47588.28
230.41	47656.27
230.46	47744.31
230.52	47823.97
230.57	47913.75
230.62	48000.18
230.67	48065.03
230.72	48115.67
230.77	48163.18
230.82	48207.11
230.88	48241.88
230.93	48286.21
230.98	48326.07
231.03	48384.65
231.08	48443.15
231.13	48494.71
231.19	48563.16
231.24	48637.26
231.29	48705.66
231.34	48779.13
231.39	48858.07
231.44	48923.22
231.49	48982.72
231.55	49029.45
231.60	49072.95
231.65	49125.05
231.70	49166.67
231.75	49209.81
231.80	49257.57
231.85	49319.00
231.91	49363.70
231.96	49420.89
232.01	49486.48
232.06	49554.81
232.11	49612.17
232.16	49691.21
232.21	49779.02
232.26	49866.33
232.32	49946.40
232.37	50020.43
232.42	50080.26
232.47	50129.60
232.52	50174.22
232.57	50228.80
232.62	50284.70
232.68	50353.20
232.73	50420.65
232.78	50486.34
232.83	50558.74
232.88	50633.79
232.93	50705.99
232.98	50772.82
233.03	50841.66
233.09	50910.58
233.14	50984.53
233.19	51039.24
233.24	51096.47
233.29	51138.11
233.34	51160.41
233.39	51167.84
233.45	51200.35
233.50	51238.03
233.55	51296.40
233.60	51365.14
233.65	51434.97
233.70	51496.92
233.75	51544.30
233.80	51591.56
233.86	51641.93
233.91	51692.93
233.96	51734.18
234.01	51793.93
234.06	51845.21
234.11	51901.02
234.16	51952.26
234.21	52006.58
234.26	52047.81
234.32	52090.96
234.37	52125.69
234.42	52172.43
234.47	52203.83
234.52	52234.64
234.57	52273.47
234.62	52318.79
234.67	52376.27
234.73	52437.32
234.78	52495.30
234.83	52541.97
234.88	52585.59
234.93	52604.55
234.98	52643.25
235.03	52692.11
235.08	52758.25
235.13	52815.95
235.19	52884.02
235.24	52940.34
235.29	53002.81
235.34	53040.86
235.39	53078.67
235.44	53116.72
235.49	53158.87
235.54	53192.80
235.59	53221.76
235.65	53256.73
235.70	53289.21
235.75	53326.43
235.80	53371.20
235.85	53424.47
235.90	53461.55
235.95	53494.42
236.00	53527.76
236.05	53546.70
236.11	53572.68
236.16	53606.54
236.21	53650.59
236.26	53675.27
236.31	53703.53
236.36	53735.04
236.41	53748.18
236.46	53756.21
236.51	53783.59
236.56	53806.18
236.62	53827.70
236.67	53866.85
236.72	53907.66
236.77	53928.38
236.82	53978.12
236.87	54001.10
236.92	54026.25
236.97	54061.51
237.02	54115.76
237.07	54159.75
237.13	54223.12
237.18	54283.96
237.23	54337.64
237.28	54380.73
237.33	54415.29
237.38	54434.37
237.43	54448.61
237.48	54445.32
237.53	54461.95
237.58	54489.57
237.63	54533.43
237.69	54579.00
237.74	54638.44
237.79	54674.34
237.84	54677.50
237.89	54678.44
237.94	54682.58
237.99	54693.58
238.04	54721.27
238.09	54754.18
238.14	54790.33
238.19	54822.72
238.25	54852.44
238.30	54841.90
238.35	54840.92
238.40	54832.22
238.45	54832.42
238.50	54827.38
238.55	54838.94
238.60	54862.05
238.65	54885.04
238.70	54901.47
238.75	54911.96
238.80	54940.47
238.86	54957.75
238.91	54977.23
238.96	55006.48
239.01	55045.66
239.06	55071.33
239.11	55096.66
239.16	55124.99
239.21	55125.84
239.26	55118.28
239.31	55131.58
239.36	55148.33
239.41	55164.16
239.46	55190.34
239.52	55216.69
239.57	55240.17
239.62	55254.74
239.67	55276.38
239.72	55303.61
239.77	55325.24
239.82	55340.51
239.87	55357.13
239.92	55364.85
239.97	55352.78
240.02	55336.60
240.07	55314.98
240.12	55316.92
240.17	55312.19
240.23	55321.34
240.28	55332.92
240.33	55353.13
240.38	55339.15
240.43	55339.73
240.48	55350.61
240.53	55369.70
240.58	55386.31
240.63	55420.53
240.68	55431.78
240.73	55426.81
240.78	55422.20
240.83	55420.78
240.88	55398.58
240.93	55387.38
240.98	55387.96
241.04	55407.88
241.09	55423.44
241.14	55451.21
241.19	55494.47
241.24	55520.99
241.29	55530.21
241.34	55540.86
241.39	55552.12
241.44	55550.34
241.49	55556.20
241.54	55553.03
241.59	55554.86
241.64	55556.26
241.69	55548.06
241.74	55537.42
241.79	55527.38
241.84	55515.15
241.90	55495.03
241.95	55470.57
242.00	55450.51
242.05	55429.20
242.10	55410.97
242.15	55400.18
242.20	55399.74
242.25	55397.16
242.30	55397.73
242.35	55390.13
242.40	55383.21
242.45	55371.35
242.50	55353.84
242.55	55349.01
242.60	55347.25
242.65	55340.52
242.70	55355.39
242.75	55381.36
242.80	55424.22
242.85	55449.05
242.91	55463.69
242.96	55458.93
243.01	55449.33
243.06	55418.42
243.11	55391.47
243.16	55376.08
243.21	55375.44
243.26	55381.20
243.31	55389.20
243.36	55400.85
243.41	55416.44
243.46	55409.22
243.51	55371.17
243.56	55318.27
243.61	55271.09
243.66	55219.28
243.71	55183.70
243.76	55186.52
243.81	55199.24
243.86	55194.14
243.91	55200.77
243.96	55204.48
244.01	55181.14
244.06	55157.04
244.12	55148.38
244.17	55136.28
244.22	55135.08
244.27	55159.70
244.32	55191.65
244.37	55213.05
244.42	55219.86
244.47	55208.55
244.52	55190.78
244.57	55158.90
244.62	55122.57
244.67	55103.42
244.72	55082.19
244.77	55072.00
244.82	55088.72
244.87	55130.66
244.92	55156.97
244.97	55177.99
245.02	55181.83
245.07	55154.64
245.12	55125.71
245.17	55099.58
245.22	55092.81
245.27	55083.17
245.32	55051.28
245.37	55013.33
245.42	54971.51
245.47	54930.26
245.52	54885.58
245.57	54870.51
245.62	54854.31
245.67	54847.58
245.72	54833.61
245.77	54806.31
245.82	54791.66
245.87	54795.55
245.92	54802.21
245.98	54791.91
246.03	54804.33
246.08	54810.53
246.13	54797.08
246.18	54789.06
246.23	54790.75
246.28	54775.43
246.33	54756.09
246.38	54722.84
246.43	54698.53
246.48	54675.23
246.53	54682.50
246.58	54689.78
246.63	54705.76
246.68	54694.97
246.73	54683.88
246.78	54649.21
246.83	54603.48
246.88	54553.38
246.93	54504.92
246.98	54458.35
247.03	54430.68
247.08	54413.66
247.13	54403.03
247.18	54407.48
247.23	54427.94
247.28	54429.98
247.33	54410.64
247.38	54391.08
247.43	54367.27
247.48	54349.65
247.53	54314.27
247.58	54287.44
247.63	54256.81
247.68	54216.15
247.73	54150.86
247.78	54112.04
247.83	54084.78
247.88	54064.64
247.93	54063.24
247.98	54063.98
248.03	54071.61
248.08	54089.32
248.13	54084.75
248.18	54063.36
248.23	54060.62
248.28	54027.84
248.33	53982.68
248.38	53950.71
248.43	53923.59
248.48	53891.89
248.53	53880.06
248.58	53861.58
248.63	53862.60
248.68	53845.99
248.73	53824.28
248.78	53782.93
248.83	53738.93
248.88	53660.22
248.93	53597.53
248.98	53521.00
249.03	53485.28
249.08	53456.18
249.13	53457.48
249.18	53450.10
249.23	53472.18
249.28	53459.77
249.33	53459.46
249.38	53443.88
249.43	53426.07
249.48	53395.33
249.53	53388.31
249.58	53362.68
249.63	53336.84
249.68	53325.66
249.73	53303.70
249.78	53275.12
249.83	53266.53
249.88	53237.74
249.93	53218.58
249.98	53216.23
250.03	53213.00
250.08	53188.23
250.13	53182.60
250.18	53158.38
250.23	53111.09
250.28	53060.54
250.33	53005.44
250.37	52963.40
250.42	52927.59
250.47	52891.52
250.52	52872.26
250.57	52855.37
250.62	52823.66
250.67	52791.73
250.72	52781.52
250.77	52744.44
250.82	52730.38
250.87	52724.82
250.92	52718.05
250.97	52686.98
251.02	52682.95
251.07	52675.99
251.12	52659.54
251.17	52628.87
251.22	52603.57
251.27	52565.71
251.32	52515.84
251.37	52459.81
251.42	52406.13
251.47	52367.05
251.52	52341.37
251.57	52327.72
251.62	52314.51
251.67	52306.16
251.72	52286.06
251.77	52245.64
251.82	52192.86
251.87	52145.97
251.92	52103.44
251.97	52056.89
252.02	52012.18
252.07	51991.65
252.12	51981.03
252.16	51973.26
252.21	51966.41
252.26	51980.02
252.31	51980.02
252.36	51966.35
252.41	51942.85
252.46	51921.18
252.51	51886.09
252.56	51846.70
252.61	51824.42
252.66	51798.49
252.71	51778.43
252.76	51751.73
252.81	51712.29
252.86	51652.43
252.91	51606.63
252.96	51540.85
253.01	51479.68
253.06	51414.17
253.11	51375.79
253.16	51326.42
253.21	51277.31
253.26	51229.50
253.31	51200.43
253.36	51173.63
253.40	51151.53
253.45	51149.53
253.50	51118.13
253.55	51090.33
253.60	51040.98
253.65	50995.42
253.70	50957.97
253.75	50947.80
253.80	50921.57
253.85	50916.12
253.90	50917.95
253.95	50907.39
254.00	50894.07
254.05	50883.67
254.10	50847.61
254.15	50810.67
254.20	50782.72
254.25	50752.04
254.30	50720.01
254.35	50676.95
254.39	50612.58
254.44	50528.74
254.49	50449.46
254.54	50411.03
254.59	50382.11
254.64	50373.95
254.69	50377.66
254.74	50379.93
254.79	50353.52
254.84	50329.28
254.89	50312.31
254.94	50288.19
254.99	50270.95
255.04	50256.79
255.09	50257.05
255.14	50223.81
255.19	50217.69
255.23	50209.65
255.28	50196.08
255.33	50167.00
255.38	50159.24
255.43	50132.29
255.48	50103.06
255.53	50055.88
255.58	50034.67
255.63	50004.02
255.68	49964.78
255.73	49917.71
255.78	49890.08
255.83	49859.26
255.88	49837.54
255.93	49802.59
255.97	49788.99
256.02	49759.22
256.07	49715.97
256.12	49639.16
256.17	49595.15
256.22	49531.57
256.27	49480.30
256.32	49430.37
256.37	49416.49
256.42	49396.54
256.47	49370.31
256.52	49344.81
256.57	49320.69
256.62	49306.85
256.66	49291.95
256.71	49266.66
256.76	49232.82
256.81	49181.07
256.86	49120.11
256.91	49063.31
256.96	49026.23
257.01	48995.85
257.06	48980.16
257.11	48950.45
257.16	48907.42
257.21	48868.39
257.26	48825.93
257.30	48786.97
257.35	48753.95
257.40	48727.64
257.45	48709.81
257.50	48681.01
257.55	48650.12
257.60	48617.77
257.65	48581.31
257.70	48537.89
257.75	48501.31
257.80	48472.32
257.85	48443.80
257.89	48407.46
257.94	48351.18
257.99	48300.41
258.04	48240.65
258.09	48196.64
258.14	48165.89
258.19	48153.77
258.24	48129.94
258.29	48089.23
258.34	48044.26
258.39	48007.48
258.44	47944.81
258.48	47894.95
258.53	47865.06
258.58	47824.31
258.63	47769.80
258.68	47727.91
258.73	47689.31
258.78	47649.08
258.83	47607.80
258.88	47576.19
258.93	47546.85
258.97	47518.21
259.02	47490.50
259.07	47465.67
259.12	47442.88
259.17	47427.74
259.22	47407.27
259.27	47387.27
259.32	47369.91
259.37	47322.59
259.42	47282.71
259.47	47242.73
259.51	47186.94
259.56	47124.52
259.61	47064.54
259.66	46987.44
259.71	46909.69
259.76	46853.50
259.81	46797.81
259.86	46753.44
259.91	46714.77
259.95	46688.72
260.00	46658.61
260.05	46638.22
260.10	46624.71
260.15	46618.77
260.20	46607.59
260.25	46601.80
260.30	46589.11
260.35	46558.45
260.40	46513.13
260.44	46480.00
260.49	46458.07
260.54	46421.32
260.59	46403.16
260.64	46402.55
260.69	46400.95
260.74	46359.08
260.79	46321.03
260.84	46273.89
260.88	46210.72
260.93	46130.31
260.98	46090.38
261.03	46053.59
261.08	46026.32
261.13	45990.61
261.18	45961.47
261.23	45911.00
261.28	45874.76
261.32	45828.58
261.37	45784.21
261.42	45741.43
261.47	45716.04
261.52	45666.53
261.57	45623.95
261.62	45591.17
261.67	45542.38
261.71	45476.90
261.76	45427.53
261.81	45375.53
261.86	45318.21
261.91	45275.92
261.96	45236.89
262.01	45196.83
262.06	45177.73
262.10	45166.68
262.15	45145.98
262.20	45132.55
262.25	45119.80
262.30	45095.31
262.35	45065.03
262.40	45037.69
262.45	45000.98
262.49	44972.40
262.54	44937.96
262.59	44906.32
262.64	44880.60
262.69	44843.96
262.74	44792.72
262.79	44734.43
262.84	44691.71
262.88	44642.55
262.93	44597.53
262.98	44559.68
263.03	44525.03
263.08	44477.70
263.13	44410.82
263.18	44350.63
263.23	44287.05
263.27	44238.84
263.32	44195.89
263.37	44179.38
263.42	44162.16
263.47	44140.98
263.52	44114.66
263.57	44074.10
263.61	44030.59
263.66	43987.95
263.71	43955.78
263.76	43914.68
263.81	43875.14
263.86	43847.39
263.91	43805.88
263.95	43738.87
264.00	43680.64
264.05	43629.53
264.10	43558.58
264.15	43494.33
264.20	43455.88
264.25	43411.80
264.29	43366.26
264.34	43319.26
264.39	43286.16
264.44	43232.06
264.49	43183.44
264.54	43143.22
264.59	43110.58
264.63	43063.79
264.68	43021.65
264.73	42975.11
264.78	42928.99
264.83	42870.13
264.88	42823.71
264.93	42794.05
264.97	42770.00
265.02	42745.70
265.07	42724.43
265.12	42689.61
265.17	42649.67
265.22	42612.48
265.27	42551.05
265.31	42487.73
265.36	42428.16
265.41	42367.44
265.46	42295.93
265.51	42225.86
265.56	42173.84
265.60	42120.16
265.65	42060.56
265.70	42009.58
265.75	41962.48
265.80	41913.60
265.85	41852.07
265.90	41796.70
265.94	41735.94
265.99	41676.39
266.04	41617.20
266.09	41578.06
266.14	41541.27
266.19	41507.72
266.23	41483.45
266.28	41439.66
266.33	41402.26
266.38	41376.21
266.43	41351.24
266.48	41329.35
266.52	41309.03
266.57	41270.19
266.62	41222.16
266.67	41171.12
266.72	41120.30
266.77	41086.57
266.81	41066.17
266.86	41043.06
266.91	41017.02
266.96	40971.44
267.01	40928.34
267.06	40871.36
267.10	40820.88
267.15	40767.13
267.20	40738.45
267.25	40699.05
267.30	40665.27
267.35	40632.99
267.39	40594.63
267.44	40551.90
267.49	40506.48
267.54	40457.60
267.59	40403.87
267.64	40351.54
267.68	40293.79
267.73	40241.56
267.78	40203.13
267.83	40177.05
267.88	40169.08
267.93	40162.58
267.97	40149.37
268.02	40108.25
268.07	40063.06
268.12	39997.03
268.17	39929.80
268.21	39881.25
268.26	39836.10
268.31	39789.79
268.36	39750.72
268.41	39709.86
268.46	39659.62
268.50	39622.62
268.55	39568.93
268.60	39507.56
268.65	39451.00
268.70	39372.67
268.74	39310.70
268.79	39242.62
268.84	39193.29
268.89	39141.36
268.94	39112.59
268.99	39070.17
269.03	39037.80
269.08	38988.47
269.13	38917.52
269.18	38838.99
269.23	38743.66
269.27	38634.71
269.32	38509.11
269.37	38381.63
269.42	38248.20
269.47	38109.12
269.51	37964.49
269.56	37827.86
269.61	37693.08
269.66	37539.88
269.71	37386.20
269.76	37239.67
269.80	37083.70
269.85	36933.22
269.90	36794.32
269.95	36651.65
270.00	36499.30
270.04	36361.89
270.09	36219.91
270.14	36079.82
270.19	35939.41
270.24	35809.43
270.28	35653.78
270.33	35485.40
270.38	35305.38
270.43	35137.47
270.48	34956.23
270.52	34793.58
270.57	34636.49
270.62	34479.01
270.67	34318.18
270.72	34162.80
270.76	33984.50
270.81	33815.12
270.86	33646.20
270.91	33469.60
270.96	33300.04
271.00	33144.95
271.05	32991.57
271.10	32848.60
271.15	32719.17
271.20	32593.04
271.24	32460.08
271.29	32326.63
271.34	32188.06
271.39	32035.46
271.44	31880.17
271.48	31741.49
271.53	31591.17
271.58	31437.89
271.63	31291.55
271.67	31145.69
271.72	30995.75
271.77	30851.39
271.82	30717.85
271.87	30579.02
271.91	30424.03
271.96	30285.03
272.01	30147.93
272.06	30015.38
272.11	29899.47
272.15	29799.63
272.20	29691.80
272.25	29595.74
272.30	29489.69
272.35	29381.74
272.39	29271.89
272.44	29148.52
272.49	29010.45
272.54	28872.10
272.58	28719.17
272.63	28561.75
272.68	28411.43
272.73	28255.74
272.78	28081.46
272.82	27881.16
272.87	27656.38
272.92	27369.50
272.97	26844.22
273.01	23889.14
273.06	18946.47
273.11	13498.32
273.16	8144.88
273.21	3067.32
273.25	463.40
273.30	-89.59
273.35	-89.26
