165.32	3379.33
165.38	-246.94
165.44	595.68
165.50	-78.17
165.55	-20.91
165.61	0.16
165.67	26.69
165.72	34.81
165.78	40.17
165.84	38.83
165.89	35.96
165.95	34.74
166.01	34.26
166.06	35.64
166.12	38.11
166.18	36.46
166.23	38.40
166.29	37.97
166.35	34.74
166.40	33.54
166.46	39.78
166.52	42.25
166.57	42.60
166.63	42.82
166.69	45.43
166.74	39.53
166.80	39.97
166.86	42.10
166.91	42.85
166.97	37.17
167.03	39.83
167.08	33.98
167.14	33.45
167.20	31.84
167.25	44.19
167.31	44.64
167.37	50.16
167.42	51.70
167.48	57.30
167.54	52.07
167.59	51.50
167.65	47.18
167.71	47.17
167.76	46.47
167.82	41.91
167.88	41.32
167.93	49.42
167.99	47.98
168.05	49.99
168.10	58.34
168.16	58.01
168.21	55.81
168.27	60.49
168.33	62.14
168.38	54.63
168.44	59.24
168.50	57.76
168.55	56.01
168.61	57.00
168.67	58.69
168.72	55.53
168.78	55.69
168.84	51.89
168.89	50.25
168.95	51.17
169.01	51.02
169.06	50.44
169.12	49.55
169.18	47.74
169.23	47.48
169.29	51.96
169.34	56.54
169.40	59.17
169.46	63.78
169.51	65.98
169.57	61.46
169.63	57.12
169.68	62.21
169.74	58.02
169.80	63.52
169.85	64.66
169.91	68.87
169.97	65.01
170.02	65.26
170.08	64.67
170.13	65.19
170.19	64.87
170.25	66.42
170.30	70.18
170.36	61.59
170.42	63.41
170.47	64.48
170.53	66.09
170.59	63.48
170.64	67.23
170.70	65.50
170.76	62.88
170.81	63.84
170.87	62.79
170.92	63.66
170.98	67.17
171.04	69.06
171.09	65.31
171.15	73.00
171.21	73.85
171.26	70.09
171.32	68.04
171.37	71.59
171.43	65.78
171.49	70.15
171.54	73.73
171.60	75.27
171.66	77.41
171.71	78.26
171.77	76.29
171.83	82.25
171.88	81.46
171.94	81.31
171.99	85.76
172.05	84.26
172.11	85.31
172.16	93.60
172.22	93.60
172.28	93.63
172.33	91.97
172.39	88.41
172.44	85.39
172.50	90.65
172.56	90.30
172.61	98.88
172.67	98.64
172.72	98.39
172.78	92.46
172.84	87.60
172.89	80.73
172.95	79.89
173.01	81.12
173.06	80.27
173.12	86.09
173.17	87.26
173.23	86.92
173.29	87.02
173.34	88.77
173.40	83.44
173.46	83.49
173.51	86.29
173.57	86.15
173.62	80.75
173.68	87.04
173.74	86.43
173.79	87.54
173.85	84.34
173.90	87.27
173.96	83.49
174.02	80.87
174.07	73.26
174.13	72.74
174.18	75.06
174.24	69.02
174.30	69.32
174.35	74.48
174.41	71.68
174.47	65.76
174.52	66.21
174.58	65.26
174.63	60.52
174.69	59.42
174.75	60.85
174.80	71.81
174.86	69.12
174.91	70.36
174.97	70.43
175.03	67.70
175.08	55.74
175.14	62.34
175.19	58.66
175.25	59.26
175.31	64.09
175.36	65.64
175.42	62.43
175.47	66.97
175.53	66.89
175.59	63.08
175.64	64.85
175.70	63.38
175.75	58.56
175.81	57.28
175.87	58.56
175.92	54.66
175.98	55.69
176.03	55.67
176.09	55.92
176.15	55.61
176.20	56.83
176.26	56.67
176.31	59.87
176.37	57.65
176.42	58.93
176.48	62.32
176.54	60.45
176.59	57.10
176.65	59.86
176.70	61.26
176.76	60.36
176.82	57.94
176.87	55.30
176.93	55.01
176.98	53.95
177.04	49.05
177.10	53.80
177.15	55.65
177.21	56.32
177.26	54.83
177.32	58.48
177.37	60.64
177.43	63.75
177.49	60.35
177.54	57.76
177.60	57.92
177.65	58.25
177.71	53.18
177.77	56.13
177.82	57.73
177.88	61.82
177.93	56.99
177.99	63.23
178.04	59.23
178.10	59.84
178.16	52.98
178.21	53.95
178.27	51.06
178.32	54.90
178.38	54.01
178.43	56.05
178.49	56.19
178.55	55.49
178.60	53.85
178.66	53.03
178.71	54.53
178.77	52.59
178.82	53.63
178.88	53.88
178.94	54.61
178.99	55.19
179.05	59.36
179.10	55.24
179.16	58.26
179.21	60.40
179.27	59.41
179.33	55.16
179.38	59.47
179.44	57.31
179.49	57.63
179.55	56.37
179.60	56.90
179.66	55.70
179.72	58.26
179.77	55.49
179.83	53.63
179.88	54.54
179.94	55.92
179.99	52.19
180.05	52.90
180.11	54.09
180.16	57.03
180.22	59.32
180.27	64.09
180.33	64.31
180.38	68.28
180.44	63.36
180.49	63.37
180.55	60.81
180.61	65.64
180.66	60.34
180.72	59.00
180.77	56.48
180.83	56.75
180.88	53.44
180.94	53.24
180.99	57.01
181.05	57.41
181.11	58.31
181.16	58.99
181.22	60.36
181.27	62.51
181.33	61.29
181.38	58.24
181.44	58.83
181.49	63.70
181.55	63.90
181.61	70.26
181.66	73.23
181.72	70.47
181.77	67.36
181.83	65.72
181.88	70.93
181.94	72.34
181.99	78.34
182.05	79.06
182.11	80.03
182.16	70.76
182.22	69.06
182.27	64.41
182.33	66.81
182.38	65.98
182.44	70.55
182.49	72.14
182.55	74.09
182.60	73.54
182.66	76.88
182.72	79.38
182.77	81.62
182.83	85.23
182.88	88.51
182.94	89.45
182.99	86.83
183.05	85.54
183.10	87.51
183.16	86.99
183.21	88.57
183.27	95.59
183.32	100.48
183.38	104.08
183.44	110.77
183.49	116.39
183.55	118.26
183.60	124.58
183.66	131.05
183.71	140.89
183.77	148.82
183.82	158.60
183.88	169.53
183.93	180.66
183.99	194.47
184.04	210.66
184.10	222.36
184.15	234.43
184.21	247.83
184.27	249.60
184.32	250.85
184.38	248.98
184.43	244.35
184.49	227.82
184.54	210.51
184.60	200.31
184.65	186.95
184.71	177.64
184.76	178.81
184.82	196.35
184.87	213.70
184.93	239.08
184.98	267.28
185.04	299.04
185.09	323.79
185.15	349.95
185.20	381.94
185.26	416.47
185.31	446.01
185.37	472.81
185.43	492.36
185.48	512.65
185.54	535.14
185.59	560.31
185.65	586.21
185.70	628.51
185.76	673.29
185.81	707.66
185.87	744.39
185.92	788.59
185.98	823.37
186.03	840.41
186.09	843.92
186.14	819.14
186.20	766.41
186.25	680.78
186.31	593.97
186.36	526.00
186.42	497.12
186.47	505.90
186.53	553.28
186.58	624.66
186.64	699.77
186.69	771.64
186.75	832.89
186.80	891.29
186.86	947.64
186.91	1006.19
186.97	1061.27
187.02	1130.20
187.08	1195.84
187.13	1250.31
187.19	1309.99
187.24	1369.06
187.30	1409.44
187.35	1449.06
187.41	1501.90
187.47	1551.78
187.52	1596.68
187.58	1653.70
187.63	1728.16
187.69	1806.34
187.74	1874.76
187.80	1937.37
187.85	1986.96
187.91	2008.37
187.96	1993.76
188.02	1934.81
188.07	1833.21
188.13	1686.27
188.18	1529.83
188.24	1415.19
188.29	1361.16
188.35	1371.45
188.40	1450.86
188.46	1577.56
188.51	1703.21
188.57	1832.58
188.62	1959.09
188.67	2077.40
188.73	2188.21
188.78	2294.82
188.84	2397.71
188.89	2499.01
188.95	2604.20
189.00	2693.86
189.06	2790.98
189.11	2885.04
189.17	2967.59
189.22	3041.16
189.28	3130.21
189.33	3206.35
189.39	3270.66
189.44	3338.65
189.50	3414.14
189.55	3481.30
189.61	3533.96
189.66	3591.28
189.72	3649.04
189.77	3697.92
189.83	3723.98
189.88	3733.06
189.94	3702.14
189.99	3621.19
190.05	3467.03
190.10	3249.05
190.16	2995.52
190.21	2772.20
190.27	2624.99
190.32	2582.10
190.38	2640.65
190.43	2782.86
190.49	2951.61
190.54	3098.26
190.60	3223.63
190.65	3330.22
190.71	3423.79
190.76	3510.22
190.81	3602.21
190.87	3699.07
190.92	3820.09
190.98	3950.29
191.03	4088.64
191.09	4229.74
191.14	4354.91
191.20	4454.69
191.25	4554.21
191.31	4653.74
191.36	4757.89
191.42	4871.06
191.47	4999.58
191.53	5128.79
191.58	5235.33
191.64	5318.89
191.69	5393.42
191.75	5441.02
191.80	5470.13
191.85	5491.54
191.91	5510.93
191.96	5532.09
192.02	5564.36
192.07	5581.38
192.13	5577.36
192.18	5529.11
192.24	5411.29
192.29	5216.10
192.35	4990.77
192.40	4806.05
192.46	4701.81
192.51	4698.95
192.57	4794.66
192.62	4972.78
192.67	5158.84
192.73	5336.13
192.78	5498.73
192.84	5649.56
192.89	5785.43
192.95	5915.86
193.00	6033.07
193.06	6145.17
193.11	6253.70
193.17	6342.33
193.22	6424.74
193.28	6516.77
193.33	6591.98
193.38	6659.70
193.44	6734.19
193.49	6812.95
193.55	6869.84
193.60	6926.66
193.66	6977.35
193.71	7021.31
193.77	7042.82
193.82	7060.67
193.88	7077.71
193.93	7105.02
193.98	7132.79
194.04	7173.93
194.09	7223.28
194.15	7278.38
194.20	7326.58
194.26	7364.99
194.31	7407.93
194.37	7431.45
194.42	7438.21
194.47	7425.45
194.53	7382.69
194.58	7290.68
194.64	7184.99
194.69	7084.40
194.75	7014.52
194.80	6999.49
194.86	7042.11
194.91	7131.61
194.97	7238.22
195.02	7344.83
195.07	7446.77
195.13	7548.61
195.18	7653.92
195.24	7756.05
195.29	7857.76
195.35	7950.23
195.40	8038.69
195.46	8112.06
195.51	8193.33
195.56	8276.88
195.62	8360.72
195.67	8436.58
195.73	8517.07
195.78	8579.05
195.84	8622.67
195.89	8657.13
195.94	8695.56
196.00	8732.43
196.05	8772.61
196.11	8829.18
196.16	8892.01
196.22	8950.43
196.27	9006.88
196.32	9063.45
196.38	9109.02
196.43	9156.21
196.49	9196.10
196.54	9234.04
196.60	9280.85
196.65	9328.92
196.71	9371.35
196.76	9416.96
196.81	9460.55
196.87	9492.38
196.92	9516.18
196.98	9533.11
197.03	9545.04
197.09	9539.44
197.14	9533.89
197.19	9539.71
197.25	9555.44
197.30	9579.14
197.36	9632.06
197.41	9697.75
197.47	9759.30
197.52	9820.67
197.57	9887.58
197.63	9941.17
197.68	9991.16
197.74	10041.09
197.79	10088.12
197.84	10134.61
197.90	10183.58
197.95	10226.82
198.01	10272.02
198.06	10314.67
198.12	10356.16
198.17	10394.36
198.22	10434.56
198.28	10469.70
198.33	10510.98
198.39	10551.03
198.44	10595.81
198.49	10639.50
198.55	10687.02
198.60	10732.90
198.66	10777.28
198.71	10828.29
198.77	10879.15
198.82	10932.56
198.87	10983.61
198.93	11030.90
198.98	11072.94
199.04	11117.00
199.09	11155.28
199.14	11198.53
199.20	11243.22
199.25	11288.56
199.31	11330.06
199.36	11376.25
199.42	11417.76
199.47	11462.63
199.52	11499.76
199.58	11539.84
199.63	11568.88
199.69	11600.63
199.74	11632.75
199.79	11658.01
199.85	11686.25
199.90	11727.78
199.96	11770.87
200.01	11816.32
200.06	11868.76
200.12	11919.69
200.17	11969.62
200.23	12017.60
200.28	12061.48
200.33	12112.07
200.39	12157.17
200.44	12198.43
200.50	12243.16
200.55	12283.00
200.60	12322.39
200.66	12365.66
200.71	12400.43
200.77	12443.66
200.82	12485.71
200.87	12525.75
200.93	12563.08
200.98	12608.92
201.04	12645.58
201.09	12692.23
201.14	12745.81
201.20	12796.92
201.25	12855.46
201.31	12907.01
201.36	12963.52
201.41	13017.48
201.47	13073.01
201.52	13120.39
201.58	13184.49
201.63	13230.84
201.68	13275.28
201.74	13319.95
201.79	13369.84
201.84	13418.56
201.90	13467.25
201.95	13523.07
202.01	13580.99
202.06	13634.32
202.11	13672.90
202.17	13721.02
202.22	13760.08
202.28	13798.47
202.33	13840.43
202.38	13878.90
202.44	13925.66
202.49	13977.29
202.54	14031.21
202.60	14077.03
202.65	14129.56
202.71	14173.80
202.76	14210.92
202.81	14247.14
202.87	14291.80
202.92	14341.74
202.98	14394.17
203.03	14447.83
203.08	14506.14
203.14	14562.42
203.19	14616.74
203.24	14673.10
203.30	14730.60
203.35	14776.42
203.41	14821.52
203.46	14864.33
203.51	14904.27
203.57	14939.94
203.62	14988.94
203.67	15042.16
203.73	15085.82
203.78	15130.87
203.84	15183.14
203.89	15225.73
203.94	15264.71
204.00	15310.71
204.05	15351.85
204.10	15377.16
204.16	15399.80
204.21	15425.88
204.27	15439.94
204.32	15442.84
204.37	15450.05
204.43	15442.00
204.48	15417.64
204.53	15402.43
204.59	15418.00
204.64	15475.68
204.69	15576.59
204.75	15703.20
204.80	15843.41
204.86	15954.66
204.91	16031.09
204.96	16084.19
205.02	16119.29
205.07	16151.73
205.12	16215.22
205.18	16295.62
205.23	16387.64
205.28	16496.34
205.34	16596.54
205.39	16687.45
205.45	16766.81
205.50	16831.74
205.55	16888.25
205.61	16949.68
205.66	17007.58
205.71	17074.21
205.77	17135.39
205.82	17196.62
205.87	17257.01
205.93	17310.93
205.98	17354.31
206.03	17402.34
206.09	17454.56
206.14	17499.61
206.20	17550.52
206.25	17606.01
206.30	17667.65
206.36	17726.10
206.41	17794.16
206.46	17849.24
206.52	17893.99
206.57	17946.57
206.62	17986.73
206.68	18027.47
206.73	18075.10
206.78	18133.29
206.84	18185.38
206.89	18244.30
206.94	18307.40
207.00	18374.43
207.05	18442.37
207.11	18510.09
207.16	18570.22
207.21	18632.33
207.27	18688.11
207.32	18740.48
207.37	18794.14
207.43	18852.85
207.48	18903.78
207.53	18956.28
207.59	19015.98
207.64	19070.91
207.69	19145.69
207.75	19207.96
207.80	19270.30
207.85	19327.74
207.91	19384.57
207.96	19433.78
208.01	19494.31
208.07	19553.32
208.12	19611.50
208.17	19671.17
208.23	19717.63
208.28	19772.16
208.33	19830.35
208.39	19891.01
208.44	19959.01
208.49	20022.23
208.55	20082.73
208.60	20140.59
208.65	20188.00
208.71	20231.57
208.76	20288.06
208.81	20345.72
208.87	20407.20
208.92	20470.01
208.97	20532.21
209.03	20593.66
209.08	20648.09
209.13	20702.80
209.19	20768.16
209.24	20827.29
209.29	20890.17
209.35	20944.46
209.40	21010.73
209.45	21072.03
209.51	21136.68
209.56	21196.96
209.61	21271.23
209.67	21333.26
209.72	21392.88
209.77	21446.55
209.83	21511.83
209.88	21585.82
209.93	21653.67
209.99	21716.82
210.04	21790.38
210.09	21851.73
210.15	21903.35
210.20	21959.45
210.25	22021.68
210.31	22088.43
210.36	22142.97
210.41	22194.11
210.46	22252.82
210.52	22306.03
210.57	22347.37
210.62	22407.22
210.68	22474.42
210.73	22524.17
210.78	22587.06
210.84	22656.20
210.89	22718.43
210.94	22771.21
211.00	22836.67
211.05	22886.89
211.10	22943.83
211.16	23002.66
211.21	23073.30
211.26	23142.23
211.32	23219.44
211.37	23289.83
211.42	23354.93
211.47	23420.57
211.53	23480.44
211.58	23540.28
211.63	23598.61
211.69	23663.27
211.74	23711.79
211.79	23760.77
211.85	23819.82
211.90	23878.82
211.95	23943.97
212.01	24015.82
212.06	24098.78
212.11	24174.10
212.16	24253.61
212.22	24322.62
212.27	24386.25
212.32	24451.17
212.38	24514.76
212.43	24572.32
212.48	24639.98
212.54	24715.33
212.59	24785.04
212.64	24853.58
212.69	24913.22
212.75	24975.62
212.80	25038.56
212.85	25104.98
212.91	25158.36
212.96	25230.91
213.01	25290.40
213.07	25344.08
213.12	25397.71
213.17	25464.54
213.22	25522.23
213.28	25585.33
213.33	25644.35
213.38	25703.20
213.44	25758.81
213.49	25821.66
213.54	25894.49
213.60	25977.06
213.65	26056.54
213.70	26138.63
213.75	26207.01
213.81	26258.07
213.86	26308.93
213.91	26350.40
213.97	26395.42
214.02	26433.25
214.07	26472.87
214.12	26506.14
214.18	26546.17
214.23	26582.54
214.28	26625.62
214.34	26659.62
214.39	26680.50
214.44	26684.15
214.49	26659.13
214.55	26612.27
214.60	26546.61
214.65	26461.69
214.71	26381.72
214.76	26376.57
214.81	26455.61
214.86	26621.99
214.92	26846.94
214.97	27092.42
215.02	27286.14
215.08	27421.63
215.13	27499.27
215.18	27531.51
215.23	27547.85
215.29	27582.51
215.34	27656.70
215.39	27760.51
215.45	27915.77
215.50	28090.70
215.55	28268.69
215.60	28405.62
215.66	28503.42
215.71	28581.20
215.76	28652.84
215.81	28704.56
215.87	28766.43
215.92	28829.24
215.97	28889.30
216.03	28952.57
216.08	29010.05
216.13	29066.00
216.18	29132.95
216.24	29190.11
216.29	29241.19
216.34	29294.63
216.39	29358.81
216.45	29416.81
216.50	29476.72
216.55	29545.58
216.61	29622.19
216.66	29670.46
216.71	29731.82
216.76	29789.65
216.82	29853.41
216.87	29914.77
216.92	29990.11
216.97	30051.52
217.03	30126.51
217.08	30199.39
217.13	30279.68
217.18	30357.42
217.24	30440.50
217.29	30512.63
217.34	30563.36
217.39	30608.51
217.45	30652.65
217.50	30694.91
217.55	30753.94
217.61	30826.97
217.66	30888.30
217.71	30959.20
217.76	31042.33
217.82	31114.01
217.87	31187.11
217.92	31265.48
217.97	31337.11
218.03	31397.51
218.08	31445.32
218.13	31489.55
218.18	31539.32
218.24	31608.32
218.29	31664.63
218.34	31739.56
218.39	31805.73
218.45	31870.36
218.50	31916.68
218.55	31976.07
218.60	32032.66
218.66	32086.91
218.71	32147.90
218.76	32212.96
218.81	32278.41
218.87	32338.07
218.92	32411.74
218.97	32486.89
219.02	32556.08
219.08	32629.61
219.13	32710.54
219.18	32773.55
219.23	32836.39
219.29	32906.00
219.34	32971.35
219.39	33038.19
219.44	33107.11
219.50	33173.16
219.55	33230.91
219.60	33291.38
219.65	33344.08
219.71	33408.97
219.76	33461.21
219.81	33520.69
219.86	33577.80
219.92	33627.53
219.97	33673.73
220.02	33731.75
220.07	33785.47
220.13	33850.30
220.18	33922.46
220.23	33994.46
220.28	34074.92
220.33	34154.45
220.39	34207.27
220.44	34266.18
220.49	34323.96
220.54	34371.55
220.60	34420.87
220.65	34495.66
220.70	34561.15
220.75	34632.47
220.81	34717.20
220.86	34793.18
220.91	34854.60
220.96	34922.23
221.02	34992.83
221.07	35053.17
221.12	35115.67
221.17	35184.92
221.22	35247.17
221.28	35301.38
221.33	35356.82
221.38	35414.61
221.43	35478.51
221.49	35540.60
221.54	35605.84
221.59	35678.70
221.64	35763.91
221.69	35848.76
221.75	35946.75
221.80	36042.29
221.85	36117.19
221.90	36180.99
221.96	36235.38
222.01	36270.81
222.06	36304.85
222.11	36355.60
222.17	36404.71
222.22	36436.59
222.27	36488.61
222.32	36541.76
222.37	36586.91
222.43	36643.97
222.48	36709.29
222.53	36776.44
222.58	36851.99
222.63	36932.13
222.69	36995.65
222.74	37073.00
222.79	37141.78
222.84	37194.64
222.90	37239.01
222.95	37289.39
223.00	37328.50
223.05	37371.91
223.10	37432.61
223.16	37490.40
223.21	37545.76
223.26	37598.39
223.31	37646.09
223.36	37674.09
223.42	37714.30
223.47	37750.15
223.52	37799.81
223.57	37844.64
223.63	37905.06
223.68	37959.24
223.73	38028.96
223.78	38099.89
223.83	38170.97
223.89	38230.45
223.94	38299.05
223.99	38369.53
224.04	38436.27
224.09	38504.99
224.15	38594.18
224.20	38671.39
224.25	38754.13
224.30	38840.34
224.35	38938.83
224.41	39034.77
224.46	39131.60
224.51	39216.34
224.56	39301.00
224.61	39373.61
224.67	39447.54
224.72	39519.22
224.77	39611.29
224.82	39709.06
224.87	39794.65
224.93	39877.11
224.98	39969.87
225.03	40057.41
225.08	40127.14
225.13	40211.68
225.19	40299.57
225.24	40382.19
225.29	40446.11
225.34	40523.75
225.39	40594.01
225.45	40664.85
225.50	40729.59
225.55	40797.55
225.60	40866.48
225.65	40940.44
225.71	41001.25
225.76	41061.76
225.81	41110.05
225.86	41144.22
225.91	41172.67
225.97	41181.45
226.02	41174.16
226.07	41138.88
226.12	41135.96
226.17	41166.99
226.22	41266.72
226.28	41428.90
226.33	41662.69
226.38	41873.78
226.43	42050.79
226.48	42162.36
226.54	42232.85
226.59	42277.06
226.64	42307.10
226.69	42324.43
226.74	42368.17
226.80	42430.56
226.85	42509.74
226.90	42614.14
226.95	42758.55
227.00	42896.14
227.05	43030.79
227.11	43159.46
227.16	43278.20
227.21	43366.82
227.26	43458.39
227.31	43537.57
227.37	43586.89
227.42	43651.36
227.47	43731.75
227.52	43805.01
227.57	43865.92
227.62	43955.14
227.68	44034.06
227.73	44108.72
227.78	44192.10
227.83	44281.00
227.88	44357.32
227.93	44423.82
227.99	44509.64
228.04	44576.40
228.09	44662.02
228.14	44738.31
228.19	44818.08
228.24	44873.21
228.30	44950.14
228.35	45007.53
228.40	45076.32
228.45	45136.42
228.50	45217.53
228.56	45281.22
228.61	45339.19
228.66	45386.12
228.71	45448.06
228.76	45482.16
228.81	45526.56
228.87	45573.92
228.92	45643.60
228.97	45700.36
229.02	45794.83
229.07	45873.21
229.12	45967.49
229.17	46036.54
229.23	46117.73
229.28	46180.38
229.33	46256.55
229.38	46325.71
229.43	46396.81
229.48	46468.78
229.54	46543.75
229.59	46617.67
229.64	46686.00
229.69	46773.76
229.74	46862.36
229.79	46932.20
229.85	47003.75
229.90	47078.27
229.95	47137.62
230.00	47188.59
230.05	47267.50
230.10	47331.90
230.16	47400.59
230.21	47467.72
230.26	47528.28
230.31	47568.58
230.36	47627.27
230.41	47685.29
230.46	47770.76
230.52	47862.42
230.57	47951.99
230.62	48044.23
230.67	48119.34
230.72	48168.98
230.77	48210.71
230.82	48254.14
230.88	48279.26
230.93	48313.17
230.98	48353.69
231.03	48411.20
231.08	48469.94
231.13	48519.90
231.19	48592.27
231.24	48667.98
231.29	48744.87
231.34	48816.21
231.39	48904.87
231.44	48978.77
231.49	49028.86
231.55	49073.24
231.60	49117.16
231.65	49166.25
231.70	49210.93
231.75	49261.96
231.80	49307.81
231.85	49361.24
231.91	49401.52
231.96	49447.63
232.01	49514.20
232.06	49580.57
232.11	49643.93
232.16	49723.50
232.21	49812.41
232.26	49893.07
232.32	49972.82
232.37	50053.70
232.42	50118.23
232.47	50161.61
232.52	50216.69
232.57	50279.26
232.62	50337.73
232.68	50398.56
232.73	50473.61
232.78	50539.74
232.83	50611.74
232.88	50680.38
232.93	50757.76
232.98	50826.96
233.03	50882.99
233.09	50940.41
233.14	51010.58
233.19	51062.13
233.24	51109.67
233.29	51157.53
233.34	51184.70
233.39	51196.47
233.45	51227.21
233.50	51266.48
233.55	51317.73
233.60	51392.06
233.65	51467.58
233.70	51532.86
233.75	51592.09
233.80	51642.14
233.86	51683.01
233.91	51725.05
233.96	51768.01
234.01	51811.07
234.06	51873.08
234.11	51936.72
234.16	51998.59
234.21	52058.36
234.26	52110.62
234.32	52146.69
234.37	52177.39
234.42	52212.12
234.47	52242.51
234.52	52278.56
234.57	52323.51
234.62	52360.03
234.67	52406.15
234.73	52460.38
234.78	52507.30
234.83	52549.65
234.88	52605.57
234.93	52641.78
234.98	52683.40
235.03	52735.32
235.08	52797.62
235.13	52851.86
235.19	52924.52
235.24	52989.63
235.29	53053.76
235.34	53094.59
235.39	53128.23
235.44	53162.69
235.49	53190.94
235.54	53216.15
235.59	53237.17
235.65	53268.06
235.70	53292.47
235.75	53334.01
235.80	53393.22
235.85	53458.88
235.90	53510.13
235.95	53542.56
236.00	53572.35
236.05	53587.87
236.11	53601.69
236.16	53636.02
236.21	53679.00
236.26	53715.37
236.31	53742.99
236.36	53770.89
236.41	53778.18
236.46	53785.60
236.51	53802.80
236.56	53831.43
236.62	53861.33
236.67	53901.87
236.72	53951.53
236.77	53975.16
236.82	54013.59
236.87	54036.98
236.92	54061.73
236.97	54098.14
237.02	54150.47
237.07	54194.50
237.13	54260.86
237.18	54312.42
237.23	54359.54
237.28	54395.10
237.33	54436.09
237.38	54454.99
237.43	54481.95
237.48	54480.97
237.53	54509.74
237.58	54538.67
237.63	54580.82
237.69	54621.57
237.74	54678.70
237.79	54720.77
237.84	54725.55
237.89	54727.24
237.94	54729.51
237.99	54748.15
238.04	54755.80
238.09	54791.32
238.14	54825.46
238.19	54859.60
238.25	54877.17
238.30	54880.61
238.35	54871.76
238.40	54867.42
238.45	54868.38
238.50	54871.26
238.55	54882.66
238.60	54919.34
238.65	54945.20
238.70	54969.44
238.75	54980.77
238.80	55003.88
238.86	55005.06
238.91	55014.09
238.96	55037.19
239.01	55072.98
239.06	55108.98
239.11	55139.20
239.16	55174.55
239.21	55169.85
239.26	55154.94
239.31	55163.29
239.36	55171.61
239.41	55189.52
239.46	55220.63
239.52	55266.01
239.57	55285.23
239.62	55301.41
239.67	55317.60
239.72	55342.54
239.77	55354.26
239.82	55364.56
239.87	55376.93
239.92	55379.34
239.97	55371.51
240.02	55357.00
240.07	55343.60
240.12	55346.87
240.17	55352.45
240.23	55354.67
240.28	55369.62
240.33	55392.05
240.38	55381.60
240.43	55376.27
240.48	55396.76
240.53	55411.79
240.58	55419.55
240.63	55464.66
240.68	55477.62
240.73	55477.06
240.78	55470.25
240.83	55465.02
240.88	55439.17
240.93	55430.78
240.98	55421.45
241.04	55435.62
241.09	55465.96
241.14	55493.87
241.19	55535.40
241.24	55571.19
241.29	55586.98
241.34	55597.30
241.39	55605.99
241.44	55612.53
241.49	55614.24
241.54	55623.91
241.59	55619.19
241.64	55614.80
241.69	55595.94
241.74	55573.47
241.79	55550.29
241.84	55530.67
241.90	55511.36
241.95	55481.86
242.00	55467.93
242.05	55450.25
242.10	55441.07
242.15	55420.15
242.20	55427.06
242.25	55426.83
242.30	55416.41
242.35	55404.73
242.40	55410.60
242.45	55397.46
242.50	55387.41
242.55	55388.73
242.60	55391.09
242.65	55392.09
242.70	55404.67
242.75	55419.83
242.80	55461.33
242.85	55485.22
242.91	55497.97
242.96	55496.89
243.01	55490.30
243.06	55463.45
243.11	55435.46
243.16	55414.94
243.21	55409.98
243.26	55414.31
243.31	55424.68
243.36	55435.31
243.41	55449.91
243.46	55446.98
243.51	55422.83
243.56	55362.69
243.61	55305.99
243.66	55260.79
243.71	55224.13
243.76	55218.31
243.81	55245.74
243.86	55257.98
243.91	55263.50
243.96	55268.83
244.01	55239.87
244.06	55203.16
244.12	55190.23
244.17	55169.46
244.22	55164.26
244.27	55201.65
244.32	55229.94
244.37	55241.58
244.42	55258.34
244.47	55255.39
244.52	55228.51
244.57	55191.83
244.62	55176.59
244.67	55148.70
244.72	55119.29
244.77	55113.25
244.82	55139.06
244.87	55165.38
244.92	55195.01
244.97	55214.94
245.02	55210.31
245.07	55180.71
245.12	55154.68
245.17	55133.07
245.22	55131.25
245.27	55125.66
245.32	55096.21
245.37	55049.39
245.42	55004.16
245.47	54955.33
245.52	54908.65
245.57	54900.41
245.62	54896.45
245.67	54883.10
245.72	54872.64
245.77	54857.61
245.82	54838.16
245.87	54834.67
245.92	54841.25
245.98	54829.39
246.03	54827.60
246.08	54835.87
246.13	54835.69
246.18	54840.12
246.23	54848.59
246.28	54832.81
246.33	54807.58
246.38	54762.97
246.43	54729.34
246.48	54709.59
246.53	54718.89
246.58	54730.84
246.63	54747.56
246.68	54739.20
246.73	54724.73
246.78	54689.52
246.83	54637.16
246.88	54580.48
246.93	54533.82
246.98	54482.76
247.03	54451.70
247.08	54439.31
247.13	54438.17
247.18	54430.83
247.23	54453.21
247.28	54458.87
247.33	54441.38
247.38	54418.06
247.43	54402.77
247.48	54375.29
247.53	54342.00
247.58	54311.15
247.63	54285.95
247.68	54243.53
247.73	54188.94
247.78	54157.56
247.83	54131.25
247.88	54108.64
247.93	54105.25
247.98	54107.63
248.03	54110.91
248.08	54126.72
248.13	54128.48
248.18	54118.25
248.23	54110.50
248.28	54075.51
248.33	54035.36
248.38	53998.50
248.43	53973.49
248.48	53939.48
248.53	53925.89
248.58	53901.12
248.63	53897.31
248.68	53875.50
248.73	53860.06
248.78	53822.55
248.83	53782.16
248.88	53704.97
248.93	53630.95
248.98	53550.26
249.03	53515.75
249.08	53488.69
249.13	53483.33
249.18	53486.99
249.23	53504.41
249.28	53498.10
249.33	53496.51
249.38	53488.06
249.43	53470.16
249.48	53441.17
249.53	53426.15
249.58	53390.46
249.63	53363.46
249.68	53340.51
249.73	53325.82
249.78	53292.67
249.83	53299.35
249.88	53273.66
249.93	53263.97
249.98	53252.67
250.03	53249.75
250.08	53214.44
250.13	53206.99
250.18	53177.16
250.23	53134.30
250.28	53080.06
250.33	53025.16
250.37	52983.46
250.42	52950.63
250.47	52924.22
250.52	52915.17
250.57	52905.93
250.62	52864.29
250.67	52830.75
250.72	52809.69
250.77	52764.06
250.82	52743.22
250.87	52745.12
250.92	52741.56
250.97	52713.56
251.02	52708.54
251.07	52704.38
251.12	52682.21
251.17	52650.46
251.22	52627.81
251.27	52591.61
251.32	52542.18
251.37	52492.39
251.42	52443.76
251.47	52407.52
251.52	52380.71
251.57	52363.18
251.62	52353.23
251.67	52344.68
251.72	52322.88
251.77	52288.55
251.82	52243.74
251.87	52202.73
251.92	52155.45
251.97	52105.13
252.02	52059.53
252.07	52033.65
252.12	52014.73
252.16	52010.73
252.21	52011.12
252.26	52026.20
252.31	52025.49
252.36	52017.15
252.41	51989.98
252.46	51965.06
252.51	51925.02
252.56	51884.57
252.61	51855.16
252.66	51830.67
252.71	51801.41
252.76	51781.58
252.81	51740.61
252.86	51683.91
252.91	51636.68
252.96	51577.96
253.01	51501.36
253.06	51448.14
253.11	51399.39
253.16	51354.12
253.21	51310.49
253.26	51279.69
253.31	51242.36
253.36	51213.55
253.40	51184.03
253.45	51173.87
253.50	51130.45
253.55	51095.12
253.60	51059.10
253.65	51017.82
253.70	50978.02
253.75	50973.74
253.80	50959.68
253.85	50949.22
253.90	50948.35
253.95	50933.38
254.00	50923.67
254.05	50912.72
254.10	50883.61
254.15	50849.05
254.20	50829.38
254.25	50791.06
254.30	50751.13
254.35	50706.78
254.39	50647.39
254.44	50562.93
254.49	50487.71
254.54	50463.70
254.59	50431.29
254.64	50420.91
254.69	50421.74
254.74	50422.92
254.79	50388.00
254.84	50357.44
254.89	50332.54
254.94	50313.46
254.99	50298.21
255.04	50276.54
255.09	50265.94
255.14	50240.48
255.19	50225.46
255.23	50211.57
255.28	50200.87
255.33	50201.31
255.38	50198.94
255.43	50186.26
255.48	50157.41
255.53	50119.28
255.58	50079.00
255.63	50039.30
255.68	49989.50
255.73	49948.66
255.78	49914.25
255.83	49889.31
255.88	49869.91
255.93	49846.01
255.97	49821.52
256.02	49792.33
256.07	49749.10
256.12	49672.88
256.17	49616.12
256.22	49561.39
256.27	49509.55
256.32	49463.49
256.37	49445.25
256.42	49432.33
256.47	49409.63
256.52	49380.89
256.57	49352.90
256.62	49338.44
256.66	49316.08
256.71	49284.51
256.76	49256.30
256.81	49203.84
256.86	49142.65
256.91	49100.01
256.96	49062.59
257.01	49026.48
257.06	49009.03
257.11	48978.34
257.16	48921.25
257.21	48880.80
257.26	48843.34
257.30	48804.28
257.35	48769.75
257.40	48750.63
257.45	48731.47
257.50	48697.46
257.55	48669.70
257.60	48652.47
257.65	48631.29
257.70	48597.32
257.75	48574.68
257.80	48543.42
257.85	48499.24
257.89	48448.10
257.94	48392.43
257.99	48330.02
258.04	48270.96
258.09	48241.13
258.14	48206.54
258.19	48189.61
258.24	48163.12
258.29	48132.21
258.34	48079.84
258.39	48044.34
258.44	47988.33
258.48	47947.77
258.53	47917.18
258.58	47877.78
258.63	47822.09
258.68	47777.65
258.73	47737.80
258.78	47689.35
258.83	47646.92
258.88	47612.07
258.93	47578.68
258.97	47543.56
259.02	47514.47
259.07	47488.30
259.12	47469.80
259.17	47452.09
259.22	47432.97
259.27	47408.89
259.32	47396.91
259.37	47344.14
259.42	47302.91
259.47	47255.73
259.51	47209.41
259.56	47138.97
259.61	47082.71
259.66	47007.48
259.71	46938.15
259.76	46872.72
259.81	46816.62
259.86	46773.72
259.91	46735.83
259.95	46711.80
260.00	46687.98
260.05	46664.46
260.10	46651.19
260.15	46634.54
260.20	46612.82
260.25	46602.07
260.30	46596.11
260.35	46562.73
260.40	46535.17
260.44	46513.27
260.49	46492.04
260.54	46457.07
260.59	46431.49
260.64	46427.60
260.69	46420.63
260.74	46384.26
260.79	46347.42
260.84	46308.68
260.88	46243.07
260.93	46171.53
260.98	46125.11
261.03	46081.03
261.08	46050.63
261.13	46020.02
261.18	45981.85
261.23	45932.57
261.28	45892.07
261.32	45844.47
261.37	45791.76
261.42	45760.89
261.47	45733.27
261.52	45693.19
261.57	45651.62
261.62	45613.21
261.67	45557.88
261.71	45492.95
261.76	45442.37
261.81	45387.87
261.86	45335.20
261.91	45281.99
261.96	45244.00
262.01	45201.81
262.06	45178.48
262.10	45169.77
262.15	45159.52
262.20	45142.51
262.25	45130.89
262.30	45111.80
262.35	45081.47
262.40	45052.80
262.45	45022.92
262.49	44992.41
262.54	44959.48
262.59	44928.47
262.64	44906.46
262.69	44874.45
262.74	44833.78
262.79	44784.15
262.84	44739.61
262.88	44686.87
262.93	44637.85
262.98	44593.74
263.03	44551.10
263.08	44495.96
263.13	44422.87
263.18	44360.32
263.23	44301.19
263.27	44252.47
263.32	44215.71
263.37	44202.17
263.42	44184.42
263.47	44154.46
263.52	44134.92
263.57	44106.59
263.61	44067.31
263.66	44024.31
263.71	43994.48
263.76	43948.90
263.81	43900.87
263.86	43868.18
263.91	43825.86
263.95	43760.12
264.00	43702.12
264.05	43651.05
264.10	43589.12
264.15	43526.37
264.20	43493.07
264.25	43449.95
264.29	43406.04
264.34	43347.55
264.39	43311.56
264.44	43257.56
264.49	43210.28
264.54	43166.13
264.59	43136.76
264.63	43095.44
264.68	43045.86
264.73	43000.61
264.78	42954.83
264.83	42895.73
264.88	42848.24
264.93	42827.03
264.97	42800.01
265.02	42774.07
265.07	42757.74
265.12	42718.12
265.17	42669.31
265.22	42630.24
265.27	42567.69
265.31	42504.75
265.36	42446.08
265.41	42384.71
265.46	42317.47
265.51	42254.52
265.56	42193.08
265.60	42144.88
265.65	42093.35
265.70	42038.61
265.75	41985.74
265.80	41940.00
265.85	41878.34
265.90	41814.25
265.94	41754.56
265.99	41696.69
266.04	41644.82
266.09	41609.00
266.14	41571.21
266.19	41541.53
266.23	41508.59
266.28	41462.92
266.33	41421.54
266.38	41394.88
266.43	41365.65
266.48	41346.89
266.52	41323.10
266.57	41287.27
266.62	41245.70
266.67	41195.24
266.72	41144.59
266.77	41111.70
266.81	41088.00
266.86	41061.81
266.91	41033.89
266.96	40994.66
267.01	40952.12
267.06	40897.92
267.10	40842.15
267.15	40793.56
267.20	40765.43
267.25	40730.97
267.30	40697.76
267.35	40669.61
267.39	40635.87
267.44	40601.42
267.49	40543.36
267.54	40495.41
267.59	40442.38
267.64	40383.68
267.68	40312.40
267.73	40266.35
267.78	40224.64
267.83	40202.87
267.88	40190.74
267.93	40188.61
267.97	40180.04
268.02	40141.68
268.07	40091.62
268.12	40027.59
268.17	39959.11
268.21	39905.46
268.26	39865.91
268.31	39821.58
268.36	39782.65
268.41	39744.16
268.46	39696.54
268.50	39658.33
268.55	39612.29
268.60	39553.65
268.65	39492.68
268.70	39415.91
268.74	39343.59
268.79	39266.40
268.84	39219.40
268.89	39173.52
268.94	39141.67
268.99	39099.11
269.03	39060.00
269.08	39011.09
269.13	38937.70
269.18	38856.35
269.23	38761.14
269.27	38656.89
269.32	38527.68
269.37	38410.10
269.42	38274.43
269.47	38138.59
269.51	38002.29
269.56	37868.86
269.61	37726.85
269.66	37579.29
269.71	37422.71
269.76	37272.35
269.80	37116.93
269.85	36966.79
269.90	36829.63
269.95	36688.19
270.00	36526.42
270.04	36377.90
270.09	36228.47
270.14	36076.76
270.19	35937.23
270.24	35807.53
270.28	35652.60
270.33	35483.05
270.38	35311.16
270.43	35138.54
270.48	34961.62
270.52	34808.23
270.57	34661.01
270.62	34500.47
270.67	34345.69
270.72	34191.79
270.76	34005.46
270.81	33828.25
270.86	33659.03
270.91	33484.20
270.96	33310.61
271.00	33150.56
271.05	33000.56
271.10	32865.55
271.15	32728.56
271.20	32604.53
271.24	32479.08
271.29	32343.79
271.34	32191.63
271.39	32044.86
271.44	31895.27
271.48	31752.97
271.53	31600.39
271.58	31460.06
271.63	31311.08
271.67	31161.81
271.72	31019.22
271.77	30877.34
271.82	30738.38
271.87	30600.90
271.91	30446.66
271.96	30302.45
272.01	30163.43
272.06	30024.47
272.11	29901.59
272.15	29794.49
272.20	29682.66
272.25	29589.53
272.30	29497.13
272.35	29389.53
272.39	29280.67
272.44	29165.25
272.49	29024.58
272.54	28881.35
272.58	28734.09
272.63	28585.88
272.68	28427.31
272.73	28270.93
272.78	28099.43
272.82	27902.99
272.87	27679.12
272.92	27403.62
272.97	26876.29
273.01	23915.59
273.06	18964.18
273.11	13507.55
273.16	8145.19
273.21	3068.97
273.25	463.61
273.30	-88.09
273.35	-89.49
