165.32	3379.00
165.38	-247.20
165.44	595.84
165.50	-77.98
165.55	-20.94
165.61	0.34
165.67	26.50
165.72	34.87
165.78	39.56
165.84	38.12
165.89	34.93
165.95	33.33
166.01	32.73
166.06	34.39
166.12	37.02
166.18	34.85
166.23	36.91
166.29	35.78
166.35	32.59
166.40	31.62
166.46	38.53
166.52	40.75
166.57	41.66
166.63	42.26
166.69	44.93
166.74	38.48
166.80	39.16
166.86	41.26
166.91	41.66
166.97	35.87
167.03	39.10
167.08	33.51
167.14	32.28
167.20	30.61
167.25	42.79
167.31	43.01
167.37	48.36
167.42	50.44
167.48	56.65
167.54	51.53
167.59	50.57
167.65	46.21
167.71	46.26
167.76	44.67
167.82	39.85
167.88	39.62
167.93	47.14
167.99	45.66
168.05	48.15
168.10	56.06
168.16	55.75
168.21	54.02
168.27	58.73
168.33	60.61
168.38	53.51
168.44	58.31
168.50	56.48
168.55	54.87
168.61	55.52
168.67	57.51
168.72	54.23
168.78	54.98
168.84	50.55
168.89	49.07
168.95	49.76
169.01	49.71
169.06	49.34
169.12	48.54
169.18	46.44
169.23	46.06
169.29	49.85
169.34	53.96
169.40	56.87
169.46	61.30
169.51	63.25
169.57	58.75
169.63	54.69
169.68	60.08
169.74	56.80
169.80	62.89
169.85	64.50
169.91	68.63
169.97	64.58
170.02	64.43
170.08	63.64
170.13	64.19
170.19	63.64
170.25	64.66
170.30	68.70
170.36	60.10
170.42	61.57
170.47	62.97
170.53	64.93
170.59	61.86
170.64	65.37
170.70	64.07
170.76	61.64
170.81	63.33
170.87	62.55
170.92	63.66
170.98	66.66
171.04	68.49
171.09	64.22
171.15	71.52
171.21	72.28
171.26	68.73
171.32	65.97
171.37	69.28
171.43	63.90
171.49	68.20
171.54	71.91
171.60	73.62
171.66	75.56
171.71	76.31
171.77	74.13
171.83	79.97
171.88	79.00
171.94	77.93
171.99	82.30
172.05	81.46
172.11	82.59
172.16	91.37
172.22	92.39
172.28	92.25
172.33	90.33
172.39	87.16
172.44	84.19
172.50	89.39
172.56	88.87
172.61	97.26
172.67	96.58
172.72	96.20
172.78	91.55
172.84	87.00
172.89	80.06
172.95	79.06
173.01	79.92
173.06	78.07
173.12	83.51
173.17	85.20
173.23	84.75
173.29	85.42
173.34	87.18
173.40	82.02
173.46	82.35
173.51	85.70
173.57	85.22
173.62	79.81
173.68	86.34
173.74	85.11
173.79	86.05
173.85	83.26
173.90	85.88
173.96	82.30
174.02	79.45
174.07	71.71
174.13	70.87
174.18	73.21
174.24	66.79
174.30	67.43
174.35	72.56
174.41	69.75
174.47	63.49
174.52	64.41
174.58	63.19
174.63	58.93
174.69	57.72
174.75	59.87
174.80	71.01
174.86	68.80
174.91	69.48
174.97	69.46
175.03	66.78
175.08	54.41
175.14	61.01
175.19	56.81
175.25	57.33
175.31	62.04
175.36	63.27
175.42	60.07
175.47	65.00
175.53	65.39
175.59	61.79
175.64	63.52
175.70	61.21
175.75	56.43
175.81	54.36
175.87	55.29
175.92	51.39
175.98	53.21
176.03	53.26
176.09	54.16
176.15	53.91
176.20	54.83
176.26	54.65
176.31	58.14
176.37	55.78
176.42	57.04
176.48	61.02
176.54	58.44
176.59	55.09
176.65	57.51
176.70	59.06
176.76	57.99
176.82	56.08
176.87	53.66
176.93	53.85
176.98	52.55
177.04	47.69
177.10	52.72
177.15	54.31
177.21	54.75
177.26	53.67
177.32	57.34
177.37	58.89
177.43	62.46
177.49	59.28
177.54	56.70
177.60	57.23
177.65	58.02
177.71	52.61
177.77	55.98
177.82	57.53
177.88	61.65
177.93	56.75
177.99	63.03
178.04	58.47
178.10	59.34
178.16	52.63
178.21	54.11
178.27	50.66
178.32	54.39
178.38	53.10
178.43	54.63
178.49	54.17
178.55	54.01
178.60	52.99
178.66	52.52
178.71	53.83
178.77	51.71
178.82	52.56
178.88	52.50
178.94	52.86
178.99	54.12
179.05	58.42
179.10	54.51
179.16	57.32
179.21	59.87
179.27	58.62
179.33	54.59
179.38	58.42
179.44	56.56
179.49	56.13
179.55	54.05
179.60	54.08
179.66	53.04
179.72	55.33
179.77	53.40
179.83	52.32
179.88	54.16
179.94	55.43
179.99	52.04
180.05	52.11
180.11	53.58
180.16	55.70
180.22	57.97
180.27	62.52
180.33	63.09
180.38	66.72
180.44	62.35
180.49	62.50
180.55	60.18
180.61	64.65
180.66	59.53
180.72	57.80
180.77	55.93
180.83	55.54
180.88	52.09
180.94	51.60
180.99	55.57
181.05	55.68
181.11	57.11
181.16	57.91
181.22	59.53
181.27	61.78
181.33	60.00
181.38	57.32
181.44	58.31
181.49	62.74
181.55	63.74
181.61	70.38
181.66	72.54
181.72	70.11
181.77	67.73
181.83	64.89
181.88	69.66
181.94	71.78
181.99	77.00
182.05	77.36
182.11	78.06
182.16	68.95
182.22	66.70
182.27	62.11
182.33	64.63
182.38	64.42
182.44	69.21
182.49	71.52
182.55	73.58
182.60	72.65
182.66	76.12
182.72	79.08
182.77	80.94
182.83	84.68
182.88	87.90
182.94	88.82
182.99	85.78
183.05	84.54
183.10	86.43
183.16	85.75
183.21	87.24
183.27	95.21
183.32	99.75
183.38	103.41
183.44	110.95
183.49	115.89
183.55	116.85
183.60	123.35
183.66	129.71
183.71	139.21
183.77	147.28
183.82	156.66
183.88	168.09
183.93	179.82
183.99	193.14
184.04	210.50
184.10	223.61
184.15	235.52
184.21	248.44
184.27	250.47
184.32	250.56
184.38	248.10
184.43	243.93
184.49	227.52
184.54	210.35
184.60	200.61
184.65	186.62
184.71	176.85
184.76	178.38
184.82	195.72
184.87	212.86
184.93	239.08
184.98	267.35
185.04	298.71
185.09	323.99
185.15	350.31
185.20	382.23
185.26	416.87
185.31	445.48
185.37	473.49
185.43	495.11
185.48	514.45
185.54	537.21
185.59	564.07
185.65	589.77
185.70	629.69
185.76	674.70
185.81	709.13
185.87	745.43
185.92	789.38
185.98	825.34
186.03	842.15
186.09	844.36
186.14	819.71
186.20	766.41
186.25	679.96
186.31	593.90
186.36	526.60
186.42	497.13
186.47	505.73
186.53	553.69
186.58	624.34
186.64	700.36
186.69	772.75
186.75	834.43
186.80	892.97
186.86	950.56
186.91	1009.00
186.97	1063.81
187.02	1132.91
187.08	1198.10
187.13	1252.93
187.19	1312.05
187.24	1370.23
187.30	1407.71
187.35	1447.63
187.41	1501.49
187.47	1552.83
187.52	1600.07
187.58	1661.30
187.63	1736.93
187.69	1814.23
187.74	1880.02
187.80	1940.28
187.85	1989.48
187.91	2010.54
187.96	1996.76
188.02	1939.59
188.07	1839.92
188.13	1692.00
188.18	1534.05
188.24	1416.66
188.29	1362.55
188.35	1373.28
188.40	1453.70
188.46	1581.92
188.51	1708.99
188.57	1838.85
188.62	1964.06
188.67	2082.38
188.73	2192.09
188.78	2296.69
188.84	2397.97
188.89	2500.99
188.95	2605.50
189.00	2695.83
189.06	2797.18
189.11	2891.61
189.17	2975.17
189.22	3048.55
189.28	3137.60
189.33	3211.59
189.39	3276.59
189.44	3340.11
189.50	3411.78
189.55	3478.38
189.61	3533.08
189.66	3590.54
189.72	3651.36
189.77	3702.51
189.83	3729.61
189.88	3736.30
189.94	3706.54
189.99	3622.53
190.05	3468.37
190.10	3247.38
190.16	2994.92
190.21	2769.57
190.27	2623.66
190.32	2580.72
190.38	2642.46
190.43	2782.93
190.49	2952.58
190.54	3100.57
190.60	3227.36
190.65	3335.08
190.71	3428.74
190.76	3515.75
190.81	3605.24
190.87	3701.73
190.92	3822.33
190.98	3951.00
191.03	4085.91
191.09	4227.43
191.14	4351.75
191.20	4449.24
191.25	4552.16
191.31	4655.07
191.36	4760.59
191.42	4873.85
191.47	5001.85
191.53	5128.29
191.58	5231.87
191.64	5313.58
191.69	5389.90
191.75	5439.43
191.80	5470.86
191.85	5491.24
191.91	5514.14
191.96	5534.86
192.02	5563.55
192.07	5578.01
192.13	5576.15
192.18	5528.19
192.24	5409.96
192.29	5215.40
192.35	4990.97
192.40	4808.49
192.46	4700.99
192.51	4696.32
192.57	4792.06
192.62	4968.81
192.67	5153.01
192.73	5331.24
192.78	5496.41
192.84	5648.82
192.89	5786.65
192.95	5915.44
193.00	6032.10
193.06	6142.51
193.11	6249.96
193.17	6338.73
193.22	6426.33
193.28	6519.10
193.33	6592.23
193.38	6660.04
193.44	6731.33
193.49	6803.96
193.55	6859.39
193.60	6919.72
193.66	6971.99
193.71	7018.89
193.77	7047.27
193.82	7068.72
193.88	7086.36
193.93	7113.38
193.98	7142.17
194.04	7180.80
194.09	7228.29
194.15	7280.54
194.20	7325.80
194.26	7365.08
194.31	7402.70
194.37	7426.23
194.42	7433.02
194.47	7421.26
194.53	7377.64
194.58	7291.24
194.64	7183.83
194.69	7085.10
194.75	7015.43
194.80	6998.62
194.86	7038.39
194.91	7129.99
194.97	7234.36
195.02	7340.71
195.07	7444.47
195.13	7545.16
195.18	7648.44
195.24	7750.42
195.29	7853.88
195.35	7941.86
195.40	8030.86
195.46	8104.33
195.51	8186.74
195.56	8270.52
195.62	8357.99
195.67	8437.02
195.73	8515.40
195.78	8577.07
195.84	8623.14
195.89	8657.67
195.94	8695.99
196.00	8733.17
196.05	8774.42
196.11	8828.04
196.16	8887.89
196.22	8945.41
196.27	9006.57
196.32	9062.84
196.38	9110.94
196.43	9158.65
196.49	9197.81
196.54	9235.77
196.60	9280.46
196.65	9327.15
196.71	9370.12
196.76	9416.77
196.81	9456.76
196.87	9489.97
196.92	9517.93
196.98	9535.62
197.03	9545.81
197.09	9541.62
197.14	9538.95
197.19	9535.66
197.25	9552.66
197.30	9576.96
197.36	9630.17
197.41	9687.23
197.47	9753.19
197.52	9815.34
197.57	9885.77
197.63	9939.80
197.68	9997.95
197.74	10049.86
197.79	10094.50
197.84	10138.33
197.90	10188.47
197.95	10229.36
198.01	10274.66
198.06	10320.80
198.12	10363.35
198.17	10397.26
198.22	10437.60
198.28	10470.61
198.33	10510.38
198.39	10548.95
198.44	10599.13
198.49	10645.33
198.55	10691.62
198.60	10736.26
198.66	10785.47
198.71	10832.10
198.77	10882.10
198.82	10934.89
198.87	10987.80
198.93	11031.08
198.98	11077.26
199.04	11118.97
199.09	11159.45
199.14	11202.13
199.20	11246.82
199.25	11291.44
199.31	11334.56
199.36	11379.38
199.42	11420.26
199.47	11464.56
199.52	11506.53
199.58	11549.10
199.63	11578.99
199.69	11612.85
199.74	11646.75
199.79	11665.54
199.85	11691.75
199.90	11734.46
199.96	11774.78
200.01	11816.47
200.06	11868.58
200.12	11921.96
200.17	11974.92
200.23	12028.09
200.28	12071.14
200.33	12126.00
200.39	12166.61
200.44	12207.56
200.50	12249.58
200.55	12289.70
200.60	12322.80
200.66	12364.28
200.71	12398.59
200.77	12439.05
200.82	12479.03
200.87	12519.58
200.93	12557.81
200.98	12599.38
201.04	12635.90
201.09	12685.14
201.14	12735.64
201.20	12787.67
201.25	12847.12
201.31	12901.79
201.36	12959.23
201.41	13016.41
201.47	13074.27
201.52	13124.67
201.58	13184.60
201.63	13232.43
201.68	13278.98
201.74	13324.73
201.79	13368.49
201.84	13416.39
201.90	13464.84
201.95	13517.37
202.01	13572.27
202.06	13630.68
202.11	13670.66
202.17	13718.89
202.22	13761.76
202.28	13803.99
202.33	13839.26
202.38	13882.55
202.44	13923.80
202.49	13970.34
202.54	14015.86
202.60	14067.85
202.65	14117.45
202.71	14166.46
202.76	14202.70
202.81	14240.78
202.87	14288.63
202.92	14333.72
202.98	14383.22
203.03	14441.94
203.08	14500.46
203.14	14550.01
203.19	14608.26
203.24	14666.28
203.30	14721.17
203.35	14770.52
203.41	14818.77
203.46	14861.51
203.51	14902.26
203.57	14939.11
203.62	14989.01
203.67	15041.86
203.73	15091.13
203.78	15138.09
203.84	15192.10
203.89	15230.35
203.94	15266.16
204.00	15307.22
204.05	15343.46
204.10	15370.09
204.16	15393.60
204.21	15419.56
204.27	15431.52
204.32	15438.78
204.37	15443.16
204.43	15439.34
204.48	15417.29
204.53	15401.24
204.59	15415.01
204.64	15473.49
204.69	15571.43
204.75	15695.10
204.80	15833.94
204.86	15950.42
204.91	16027.39
204.96	16081.12
205.02	16116.81
205.07	16153.49
205.12	16212.47
205.18	16289.04
205.23	16379.62
205.28	16489.24
205.34	16592.08
205.39	16685.15
205.45	16767.36
205.50	16836.73
205.55	16900.24
205.61	16965.90
205.66	17020.58
205.71	17084.79
205.77	17149.54
205.82	17211.92
205.87	17264.76
205.93	17316.52
205.98	17358.32
206.03	17397.62
206.09	17442.90
206.14	17495.36
206.20	17550.04
206.25	17610.59
206.30	17675.51
206.36	17729.60
206.41	17794.08
206.46	17850.59
206.52	17896.06
206.57	17945.74
206.62	17995.21
206.68	18038.36
206.73	18089.22
206.78	18149.10
206.84	18205.33
206.89	18262.21
206.94	18320.23
207.00	18385.16
207.05	18445.53
207.11	18509.16
207.16	18567.08
207.21	18630.23
207.27	18681.34
207.32	18737.05
207.37	18795.76
207.43	18857.53
207.48	18904.91
207.53	18966.12
207.59	19022.93
207.64	19071.96
207.69	19140.03
207.75	19210.84
207.80	19265.17
207.85	19324.73
207.91	19382.85
207.96	19431.64
208.01	19487.24
208.07	19553.72
208.12	19618.88
208.17	19674.14
208.23	19723.60
208.28	19773.74
208.33	19831.63
208.39	19884.26
208.44	19948.60
208.49	20008.43
208.55	20066.17
208.60	20116.17
208.65	20166.15
208.71	20213.31
208.76	20276.17
208.81	20337.06
208.87	20400.85
208.92	20464.36
208.97	20534.18
209.03	20590.80
209.08	20646.85
209.13	20701.64
209.19	20763.28
209.24	20819.51
209.29	20881.13
209.35	20938.72
209.40	21002.38
209.45	21068.07
209.51	21135.86
209.56	21199.34
209.61	21269.69
209.67	21332.35
209.72	21388.76
209.77	21445.49
209.83	21509.03
209.88	21577.41
209.93	21646.96
209.99	21714.06
210.04	21783.34
210.09	21850.95
210.15	21910.19
210.20	21964.76
210.25	22030.36
210.31	22092.52
210.36	22140.42
210.41	22190.27
210.46	22251.71
210.52	22299.57
210.57	22348.64
210.62	22414.97
210.68	22483.26
210.73	22535.46
210.78	22602.11
210.84	22667.03
210.89	22725.33
210.94	22783.49
211.00	22839.37
211.05	22880.00
211.10	22943.25
211.16	23002.12
211.21	23064.43
211.26	23134.60
211.32	23222.11
211.37	23283.75
211.42	23350.09
211.47	23415.72
211.53	23480.34
211.58	23533.78
211.63	23592.40
211.69	23645.56
211.74	23694.67
211.79	23743.22
211.85	23801.89
211.90	23863.34
211.95	23937.61
212.01	24006.38
212.06	24082.63
212.11	24159.62
212.16	24235.66
212.22	24311.38
212.27	24377.49
212.32	24445.54
212.38	24517.76
212.43	24582.24
212.48	24638.74
212.54	24711.09
212.59	24785.72
212.64	24846.84
212.69	24911.99
212.75	24979.31
212.80	25046.55
212.85	25107.49
212.91	25154.64
212.96	25210.43
213.01	25270.11
213.07	25330.83
213.12	25388.12
213.17	25455.53
213.22	25523.97
213.28	25586.89
213.33	25639.50
213.38	25696.09
213.44	25756.42
213.49	25819.23
213.54	25887.51
213.60	25967.77
213.65	26049.11
213.70	26131.13
213.75	26203.79
213.81	26264.05
213.86	26317.81
213.91	26367.45
213.97	26407.91
214.02	26438.98
214.07	26476.73
214.12	26518.87
214.18	26557.21
214.23	26598.67
214.28	26640.07
214.34	26666.68
214.39	26684.31
214.44	26682.34
214.49	26648.50
214.55	26602.12
214.60	26536.03
214.65	26446.95
214.71	26370.67
214.76	26381.70
214.81	26464.68
214.86	26633.33
214.92	26853.53
214.97	27095.91
215.02	27282.68
215.08	27412.51
215.13	27492.66
215.18	27531.57
215.23	27546.73
215.29	27581.42
215.34	27653.89
215.39	27761.80
215.45	27912.22
215.50	28089.03
215.55	28262.13
215.60	28397.47
215.66	28494.63
215.71	28571.48
215.76	28643.06
215.81	28696.77
215.87	28756.46
215.92	28820.89
215.97	28878.60
216.03	28936.95
216.08	28991.57
216.13	29055.35
216.18	29114.43
216.24	29176.40
216.29	29228.29
216.34	29291.92
216.39	29350.39
216.45	29413.15
216.50	29468.46
216.55	29531.74
216.61	29604.70
216.66	29665.52
216.71	29722.77
216.76	29788.39
216.82	29860.00
216.87	29921.72
216.92	29996.71
216.97	30074.64
217.03	30149.34
217.08	30221.61
217.13	30301.66
217.18	30371.40
217.24	30434.18
217.29	30502.32
217.34	30550.78
217.39	30594.48
217.45	30642.57
217.50	30693.29
217.55	30749.71
217.61	30824.53
217.66	30888.41
217.71	30956.42
217.76	31036.11
217.82	31115.51
217.87	31187.68
217.92	31259.59
217.97	31328.99
218.03	31389.79
218.08	31436.48
218.13	31484.18
218.18	31538.88
218.24	31608.26
218.29	31666.01
218.34	31727.68
218.39	31794.86
218.45	31860.51
218.50	31911.45
218.55	31971.51
218.60	32034.39
218.66	32083.06
218.71	32147.56
218.76	32213.98
218.81	32278.40
218.87	32345.83
218.92	32421.57
218.97	32490.26
219.02	32558.73
219.08	32631.76
219.13	32705.47
219.18	32769.04
219.23	32828.41
219.29	32894.96
219.34	32954.25
219.39	33016.20
219.44	33080.26
219.50	33150.56
219.55	33211.23
219.60	33276.88
219.65	33340.61
219.71	33405.68
219.76	33456.30
219.81	33507.14
219.86	33567.32
219.92	33618.58
219.97	33676.24
220.02	33733.27
220.07	33797.77
220.13	33860.34
220.18	33928.02
220.23	33997.80
220.28	34085.20
220.33	34158.80
220.39	34218.18
220.44	34274.47
220.49	34328.12
220.54	34369.15
220.60	34420.99
220.65	34488.99
220.70	34568.28
220.75	34638.19
220.81	34727.28
220.86	34802.71
220.91	34862.41
220.96	34915.75
221.02	34980.59
221.07	35033.61
221.12	35092.58
221.17	35156.95
221.22	35219.95
221.28	35281.53
221.33	35343.56
221.38	35406.13
221.43	35474.95
221.49	35540.45
221.54	35605.35
221.59	35671.03
221.64	35756.15
221.69	35847.78
221.75	35947.09
221.80	36048.38
221.85	36128.95
221.90	36191.44
221.96	36248.11
222.01	36282.59
222.06	36316.91
222.11	36365.67
222.17	36413.13
222.22	36436.94
222.27	36484.61
222.32	36534.47
222.37	36581.91
222.43	36640.79
222.48	36706.57
222.53	36778.36
222.58	36862.60
222.63	36939.87
222.69	37001.06
222.74	37082.92
222.79	37151.52
222.84	37192.55
222.90	37245.98
222.95	37301.72
223.00	37347.61
223.05	37394.49
223.10	37451.95
223.16	37510.58
223.21	37560.42
223.26	37601.76
223.31	37646.21
223.36	37678.61
223.42	37710.43
223.47	37739.67
223.52	37795.15
223.57	37846.88
223.63	37911.44
223.68	37965.50
223.73	38045.94
223.78	38118.67
223.83	38182.58
223.89	38241.91
223.94	38315.03
223.99	38381.26
224.04	38448.81
224.09	38522.63
224.15	38611.35
224.20	38686.10
224.25	38768.33
224.30	38850.71
224.35	38941.44
224.41	39031.98
224.46	39125.44
224.51	39215.45
224.56	39296.01
224.61	39375.29
224.67	39449.83
224.72	39527.00
224.77	39620.51
224.82	39711.76
224.87	39794.71
224.93	39874.20
224.98	39963.05
225.03	40043.11
225.08	40124.43
225.13	40208.30
225.19	40293.57
225.24	40380.13
225.29	40450.59
225.34	40523.72
225.39	40601.57
225.45	40684.67
225.50	40752.70
225.55	40820.37
225.60	40885.75
225.65	40955.83
225.71	41010.07
225.76	41066.37
225.81	41117.88
225.86	41157.98
225.91	41175.24
225.97	41186.62
226.02	41174.76
226.07	41140.51
226.12	41141.39
226.17	41182.90
226.22	41279.00
226.28	41444.38
226.33	41667.76
226.38	41864.59
226.43	42033.73
226.48	42151.96
226.54	42222.88
226.59	42274.16
226.64	42306.72
226.69	42330.22
226.74	42368.51
226.80	42440.85
226.85	42523.40
226.90	42638.18
226.95	42775.84
227.00	42921.02
227.05	43041.34
227.11	43159.79
227.16	43267.41
227.21	43365.04
227.26	43448.85
227.31	43535.20
227.37	43589.89
227.42	43661.19
227.47	43736.33
227.52	43814.89
227.57	43876.98
227.62	43963.86
227.68	44039.89
227.73	44120.38
227.78	44192.45
227.83	44274.89
227.88	44346.22
227.93	44424.19
227.99	44499.16
228.04	44575.91
228.09	44658.47
228.14	44739.66
228.19	44804.44
228.24	44867.86
228.30	44942.05
228.35	45007.27
228.40	45072.62
228.45	45137.31
228.50	45208.42
228.56	45267.04
228.61	45323.25
228.66	45377.65
228.71	45436.12
228.76	45477.14
228.81	45523.02
228.87	45569.25
228.92	45634.52
228.97	45698.93
229.02	45790.08
229.07	45867.15
229.12	45964.69
229.17	46034.13
229.23	46106.09
229.28	46181.55
229.33	46261.36
229.38	46326.44
229.43	46404.86
229.48	46494.36
229.54	46560.84
229.59	46637.19
229.64	46710.32
229.69	46790.10
229.74	46874.86
229.79	46943.97
229.85	47011.68
229.90	47080.31
229.95	47141.33
230.00	47187.81
230.05	47271.68
230.10	47340.60
230.16	47408.47
230.21	47472.44
230.26	47534.48
230.31	47568.84
230.36	47627.26
230.41	47696.45
230.46	47787.65
230.52	47882.38
230.57	47970.26
230.62	48052.63
230.67	48121.36
230.72	48166.66
230.77	48204.02
230.82	48251.96
230.88	48285.19
230.93	48329.05
230.98	48377.92
231.03	48432.56
231.08	48490.75
231.13	48544.45
231.19	48602.15
231.24	48665.20
231.29	48742.19
231.34	48810.86
231.39	48893.96
231.44	48959.01
231.49	49015.19
231.55	49056.45
231.60	49101.16
231.65	49145.83
231.70	49200.50
231.75	49254.64
231.80	49307.02
231.85	49362.34
231.91	49415.45
231.96	49470.97
232.01	49529.43
232.06	49596.96
232.11	49655.00
232.16	49730.46
232.21	49806.28
232.26	49894.69
232.32	49974.80
232.37	50059.02
232.42	50124.37
232.47	50179.41
232.52	50227.87
232.57	50278.71
232.62	50335.44
232.68	50396.27
232.73	50463.53
232.78	50535.29
232.83	50618.43
232.88	50692.50
232.93	50768.45
232.98	50836.91
233.03	50890.76
233.09	50942.98
233.14	51010.98
233.19	51069.49
233.24	51117.93
233.29	51177.07
233.34	51207.79
233.39	51224.26
233.45	51247.07
233.50	51294.17
233.55	51340.41
233.60	51411.52
233.65	51480.36
233.70	51547.68
233.75	51600.78
233.80	51650.18
233.86	51701.53
233.91	51743.96
233.96	51793.57
234.01	51845.34
234.06	51896.75
234.11	51950.71
234.16	52010.41
234.21	52069.96
234.26	52122.12
234.32	52165.39
234.37	52198.39
234.42	52244.11
234.47	52257.27
234.52	52277.01
234.57	52315.31
234.62	52358.23
234.67	52399.50
234.73	52462.69
234.78	52525.44
234.83	52570.26
234.88	52618.06
234.93	52651.83
234.98	52691.15
235.03	52727.16
235.08	52799.00
235.13	52851.84
235.19	52918.21
235.24	52983.46
235.29	53057.26
235.34	53090.02
235.39	53126.85
235.44	53156.81
235.49	53194.83
235.54	53216.55
235.59	53243.45
235.65	53278.22
235.70	53316.71
235.75	53353.86
235.80	53406.00
235.85	53459.96
235.90	53498.97
235.95	53526.08
236.00	53552.73
236.05	53570.73
236.11	53597.31
236.16	53634.39
236.21	53688.49
236.26	53720.11
236.31	53754.52
236.36	53776.11
236.41	53794.16
236.46	53799.74
236.51	53818.70
236.56	53840.88
236.62	53871.85
236.67	53905.16
236.72	53954.34
236.77	53987.06
236.82	54037.84
236.87	54066.61
236.92	54092.48
236.97	54121.47
237.02	54167.04
237.07	54211.38
237.13	54266.46
237.18	54319.32
237.23	54366.14
237.28	54409.82
237.33	54446.75
237.38	54470.18
237.43	54500.60
237.48	54511.17
237.53	54535.52
237.58	54552.31
237.63	54598.10
237.69	54637.99
237.74	54681.05
237.79	54714.40
237.84	54728.56
237.89	54733.27
237.94	54734.71
237.99	54765.74
238.04	54779.08
238.09	54811.96
238.14	54841.95
238.19	54878.41
238.25	54891.21
238.30	54888.46
238.35	54884.42
238.40	54877.67
238.45	54879.46
238.50	54868.44
238.55	54886.40
238.60	54916.90
238.65	54943.18
238.70	54949.95
238.75	54967.97
238.80	54995.51
238.86	55005.09
238.91	55016.70
238.96	55050.85
239.01	55095.33
239.06	55126.58
239.11	55150.44
239.16	55183.97
239.21	55178.42
239.26	55167.25
239.31	55164.10
239.36	55178.66
239.41	55184.49
239.46	55224.47
239.52	55252.30
239.57	55281.16
239.62	55298.54
239.67	55325.93
239.72	55349.99
239.77	55371.72
239.82	55386.62
239.87	55401.51
239.92	55407.84
239.97	55402.88
240.02	55392.07
240.07	55376.00
240.12	55374.87
240.17	55378.22
240.23	55370.59
240.28	55373.57
240.33	55384.65
240.38	55371.16
240.43	55368.01
240.48	55399.22
240.53	55421.01
240.58	55444.57
240.63	55487.52
240.68	55492.09
240.73	55473.08
240.78	55467.63
240.83	55468.12
240.88	55438.95
240.93	55440.69
240.98	55441.51
241.04	55452.59
241.09	55464.19
241.14	55491.99
241.19	55525.32
241.24	55563.39
241.29	55586.09
241.34	55601.40
241.39	55610.20
241.44	55611.71
241.49	55606.74
241.54	55606.90
241.59	55602.48
241.64	55609.63
241.69	55605.39
241.74	55592.88
241.79	55580.40
241.84	55562.89
241.90	55533.10
241.95	55499.97
242.00	55483.97
242.05	55458.34
242.10	55443.45
242.15	55437.09
242.20	55434.02
242.25	55427.22
242.30	55421.15
242.35	55416.13
242.40	55414.01
242.45	55412.99
242.50	55404.23
242.55	55401.00
242.60	55411.73
242.65	55409.28
242.70	55419.02
242.75	55438.39
242.80	55482.79
242.85	55496.14
242.91	55508.26
242.96	55501.40
243.01	55487.98
243.06	55453.29
243.11	55423.01
243.16	55410.62
243.21	55414.09
243.26	55426.25
243.31	55442.49
243.36	55461.99
243.41	55475.96
243.46	55473.10
243.51	55439.73
243.56	55382.05
243.61	55323.40
243.66	55272.42
243.71	55231.35
243.76	55227.62
243.81	55252.02
243.86	55254.02
243.91	55269.13
243.96	55272.15
244.01	55243.68
244.06	55213.26
244.12	55208.13
244.17	55187.10
244.22	55189.58
244.27	55215.64
244.32	55247.96
244.37	55264.71
244.42	55271.34
244.47	55265.97
244.52	55251.46
244.57	55208.74
244.62	55182.68
244.67	55164.11
244.72	55139.96
244.77	55131.35
244.82	55147.60
244.87	55177.99
244.92	55201.00
244.97	55219.41
245.02	55214.54
245.07	55195.81
245.12	55176.13
245.17	55154.04
245.22	55149.75
245.27	55144.41
245.32	55113.89
245.37	55074.00
245.42	55026.39
245.47	54974.77
245.52	54925.81
245.57	54910.76
245.62	54887.65
245.67	54886.33
245.72	54881.34
245.77	54865.52
245.82	54845.79
245.87	54856.45
245.92	54855.00
245.98	54839.52
246.03	54848.13
246.08	54859.24
246.13	54847.20
246.18	54840.37
246.23	54840.07
246.28	54819.58
246.33	54801.54
246.38	54774.06
246.43	54747.36
246.48	54728.87
246.53	54735.72
246.58	54749.49
246.63	54760.33
246.68	54755.07
246.73	54740.81
246.78	54709.22
246.83	54650.84
246.88	54589.24
246.93	54536.84
246.98	54492.38
247.03	54466.25
247.08	54449.16
247.13	54447.68
247.18	54445.54
247.23	54466.90
247.28	54470.08
247.33	54457.50
247.38	54431.71
247.43	54416.12
247.48	54381.49
247.53	54345.40
247.58	54313.37
247.63	54296.71
247.68	54262.97
247.73	54207.43
247.78	54167.91
247.83	54146.66
247.88	54113.27
247.93	54102.28
247.98	54111.52
248.03	54117.22
248.08	54125.06
248.13	54125.61
248.18	54110.12
248.23	54097.18
248.28	54057.77
248.33	54012.55
248.38	53976.71
248.43	53952.92
248.48	53938.43
248.53	53941.32
248.58	53929.48
248.63	53922.34
248.68	53904.56
248.73	53870.74
248.78	53827.50
248.83	53780.21
248.88	53717.18
248.93	53646.80
248.98	53571.46
249.03	53531.63
249.08	53503.78
249.13	53497.26
249.18	53487.51
249.23	53504.81
249.28	53487.38
249.33	53487.02
249.38	53474.06
249.43	53462.54
249.48	53440.48
249.53	53434.16
249.58	53401.47
249.63	53374.86
249.68	53363.63
249.73	53342.42
249.78	53322.34
249.83	53320.07
249.88	53297.94
249.93	53281.71
249.98	53268.87
250.03	53261.63
250.08	53236.18
250.13	53220.76
250.18	53195.45
250.23	53154.15
250.28	53098.66
250.33	53051.63
250.37	53014.50
250.42	52977.12
250.47	52947.34
250.52	52934.08
250.57	52907.60
250.62	52873.39
250.67	52838.08
250.72	52812.72
250.77	52774.00
250.82	52758.50
250.87	52753.04
250.92	52743.06
250.97	52725.40
251.02	52726.32
251.07	52728.57
251.12	52705.67
251.17	52677.26
251.22	52648.17
251.27	52602.91
251.32	52545.04
251.37	52500.40
251.42	52455.65
251.47	52417.64
251.52	52388.00
251.57	52370.89
251.62	52357.11
251.67	52351.67
251.72	52334.34
251.77	52302.20
251.82	52262.98
251.87	52211.59
251.92	52147.31
251.97	52097.10
252.02	52052.11
252.07	52014.32
252.12	51996.56
252.16	51999.73
252.21	51998.10
252.26	52008.79
252.31	52008.64
252.36	52006.86
252.41	51992.23
252.46	51969.95
252.51	51936.23
252.56	51904.93
252.61	51867.76
252.66	51837.46
252.71	51815.94
252.76	51790.21
252.81	51752.21
252.86	51697.82
252.91	51649.25
252.96	51577.42
253.01	51509.52
253.06	51450.76
253.11	51409.72
253.16	51364.94
253.21	51322.89
253.26	51286.27
253.31	51255.33
253.36	51226.90
253.40	51195.93
253.45	51181.64
253.50	51147.73
253.55	51109.49
253.60	51068.08
253.65	51022.78
253.70	50989.81
253.75	50970.50
253.80	50954.18
253.85	50947.92
253.90	50954.69
253.95	50947.04
254.00	50940.47
254.05	50926.88
254.10	50895.27
254.15	50861.72
254.20	50831.81
254.25	50800.67
254.30	50771.37
254.35	50730.44
254.39	50657.90
254.44	50579.28
254.49	50492.43
254.54	50453.03
254.59	50423.82
254.64	50424.28
254.69	50421.32
254.74	50433.99
254.79	50399.33
254.84	50366.77
254.89	50340.44
254.94	50324.05
254.99	50304.31
255.04	50295.79
255.09	50285.65
255.14	50262.10
255.19	50243.87
255.23	50230.35
255.28	50215.10
255.33	50204.39
255.38	50189.76
255.43	50175.07
255.48	50151.73
255.53	50113.24
255.58	50086.57
255.63	50050.81
255.68	50001.02
255.73	49953.65
255.78	49920.39
255.83	49889.26
255.88	49868.77
255.93	49841.77
255.97	49821.48
256.02	49793.61
256.07	49748.53
256.12	49677.59
256.17	49629.76
256.22	49566.08
256.27	49512.24
256.32	49468.69
256.37	49454.19
256.42	49435.06
256.47	49417.82
256.52	49390.50
256.57	49362.79
256.62	49345.18
256.66	49326.31
256.71	49304.58
256.76	49267.76
256.81	49221.21
256.86	49164.98
256.91	49120.75
256.96	49072.63
257.01	49040.48
257.06	49017.64
257.11	48989.37
257.16	48931.69
257.21	48890.16
257.26	48852.59
257.30	48817.21
257.35	48779.63
257.40	48758.27
257.45	48741.36
257.50	48714.34
257.55	48682.09
257.60	48655.04
257.65	48633.22
257.70	48599.88
257.75	48566.77
257.80	48538.75
257.85	48508.91
257.89	48463.88
257.94	48410.23
257.99	48350.21
258.04	48289.73
258.09	48242.41
258.14	48204.50
258.19	48181.19
258.24	48165.24
258.29	48127.75
258.34	48089.45
258.39	48056.14
258.44	47999.70
258.48	47942.59
258.53	47908.81
258.58	47864.48
258.63	47811.71
258.68	47768.98
258.73	47732.89
258.78	47694.51
258.83	47656.33
258.88	47623.88
258.93	47593.08
258.97	47569.21
259.02	47540.82
259.07	47509.74
259.12	47483.56
259.17	47467.47
259.22	47441.08
259.27	47416.19
259.32	47391.80
259.37	47354.16
259.42	47316.02
259.47	47273.61
259.51	47223.09
259.56	47170.17
259.61	47095.78
259.66	47012.37
259.71	46938.47
259.76	46873.21
259.81	46809.53
259.86	46773.74
259.91	46738.93
259.95	46708.71
260.00	46686.60
260.05	46668.67
260.10	46648.79
260.15	46640.50
260.20	46636.96
260.25	46621.62
260.30	46616.53
260.35	46591.60
260.40	46552.41
260.44	46520.43
260.49	46501.61
260.54	46461.32
260.59	46439.35
260.64	46435.04
260.69	46427.24
260.74	46385.47
260.79	46353.21
260.84	46306.01
260.88	46250.81
260.93	46177.22
260.98	46141.27
261.03	46094.10
261.08	46065.98
261.13	46019.29
261.18	45975.46
261.23	45915.25
261.28	45878.03
261.32	45829.80
261.37	45786.42
261.42	45761.50
261.47	45742.32
261.52	45704.37
261.57	45664.90
261.62	45636.06
261.67	45582.71
261.71	45517.46
261.76	45468.83
261.81	45418.43
261.86	45358.51
261.91	45318.00
261.96	45279.60
262.01	45236.27
262.06	45209.27
262.10	45198.10
262.15	45175.89
262.20	45164.40
262.25	45142.87
262.30	45125.08
262.35	45100.72
262.40	45077.41
262.45	45042.26
262.49	45021.78
262.54	44984.08
262.59	44946.51
262.64	44918.43
262.69	44880.93
262.74	44829.31
262.79	44769.44
262.84	44724.01
262.88	44671.85
262.93	44621.68
262.98	44587.98
263.03	44557.62
263.08	44506.91
263.13	44437.60
263.18	44376.73
263.23	44309.06
263.27	44263.90
263.32	44234.35
263.37	44219.11
263.42	44202.36
263.47	44180.62
263.52	44152.81
263.57	44108.01
263.61	44063.36
263.66	44025.87
263.71	43987.04
263.76	43949.51
263.81	43907.90
263.86	43880.28
263.91	43839.95
263.95	43778.93
264.00	43721.06
264.05	43670.62
264.10	43602.00
264.15	43539.16
264.20	43501.47
264.25	43452.84
264.29	43411.34
264.34	43356.11
264.39	43320.83
264.44	43273.57
264.49	43229.69
264.54	43184.02
264.59	43161.69
264.63	43117.35
264.68	43062.62
264.73	43011.81
264.78	42961.46
264.83	42899.55
264.88	42852.11
264.93	42827.48
264.97	42799.42
265.02	42775.24
265.07	42748.81
265.12	42709.98
265.17	42664.82
265.22	42626.57
265.27	42569.00
265.31	42513.03
265.36	42454.32
265.41	42400.28
265.46	42334.21
265.51	42266.20
265.56	42206.97
265.60	42157.49
265.65	42094.41
265.70	42038.58
265.75	41992.61
265.80	41938.22
265.85	41878.26
265.90	41822.53
265.94	41768.06
265.99	41705.50
266.04	41654.29
266.09	41617.44
266.14	41581.59
266.19	41546.16
266.23	41518.66
266.28	41482.07
266.33	41440.74
266.38	41411.70
266.43	41386.19
266.48	41361.35
266.52	41338.66
266.57	41306.10
266.62	41268.35
266.67	41219.30
266.72	41174.48
266.77	41138.14
266.81	41105.93
266.86	41074.30
266.91	41042.75
266.96	40994.77
267.01	40957.48
267.06	40906.62
267.10	40852.11
267.15	40799.36
267.20	40769.63
267.25	40720.29
267.30	40687.10
267.35	40661.02
267.39	40625.78
267.44	40590.88
267.49	40546.47
267.54	40498.39
267.59	40440.09
267.64	40382.77
267.68	40321.37
267.73	40270.88
267.78	40227.04
267.83	40209.61
267.88	40204.20
267.93	40195.64
267.97	40179.01
268.02	40143.79
268.07	40089.74
268.12	40032.04
268.17	39967.18
268.21	39918.52
268.26	39872.02
268.31	39825.35
268.36	39780.15
268.41	39733.61
268.46	39687.16
268.50	39652.26
268.55	39604.17
268.60	39541.12
268.65	39479.20
268.70	39400.07
268.74	39330.44
268.79	39258.79
268.84	39210.81
268.89	39173.22
268.94	39145.78
268.99	39105.88
269.03	39070.87
269.08	39023.86
269.13	38948.75
269.18	38868.35
269.23	38770.33
269.27	38666.47
269.32	38541.72
269.37	38421.16
269.42	38288.44
269.47	38149.07
269.51	38005.90
269.56	37859.36
269.61	37716.48
269.66	37564.06
269.71	37413.86
269.76	37265.41
269.80	37112.43
269.85	36963.13
269.90	36820.05
269.95	36675.12
270.00	36514.55
270.04	36373.67
270.09	36228.52
270.14	36091.39
270.19	35957.41
270.24	35827.55
270.28	35674.58
270.33	35508.97
270.38	35326.32
270.43	35148.15
270.48	34974.15
270.52	34813.15
270.57	34653.38
270.62	34491.67
270.67	34336.35
270.72	34176.21
270.76	34001.69
270.81	33830.82
270.86	33669.11
270.91	33497.15
270.96	33329.59
271.00	33174.94
271.05	33022.40
271.10	32879.91
271.15	32743.03
271.20	32621.11
271.24	32483.00
271.29	32345.23
271.34	32195.65
271.39	32048.26
271.44	31892.36
271.48	31754.64
271.53	31612.80
271.58	31479.40
271.63	31330.03
271.67	31186.52
271.72	31037.77
271.77	30901.51
271.82	30754.94
271.87	30620.31
271.91	30458.79
271.96	30318.41
272.01	30169.84
272.06	30034.17
272.11	29910.21
272.15	29808.66
272.20	29698.48
272.25	29597.63
272.30	29498.10
272.35	29390.05
272.39	29282.71
272.44	29163.93
272.49	29031.10
272.54	28890.67
272.58	28742.79
272.63	28594.45
272.68	28443.20
272.73	28286.16
272.78	28114.81
272.82	27910.35
272.87	27685.08
272.92	27396.92
272.97	26869.35
273.01	23905.54
273.06	18960.00
273.11	13499.67
273.16	8142.76
273.21	3064.92
273.25	463.35
273.30	-87.98
273.35	-89.39
