165.32	3379.11
165.38	-247.64
165.44	595.80
165.50	-78.01
165.55	-20.67
165.61	0.56
165.67	27.22
165.72	35.61
165.78	40.75
165.84	39.49
165.89	36.48
165.95	34.65
166.01	33.94
166.06	35.44
166.12	37.91
166.18	36.11
166.23	38.24
166.29	37.99
166.35	34.54
166.40	33.58
166.46	40.07
166.52	42.64
166.57	42.76
166.63	43.43
166.69	45.84
166.74	40.07
166.80	40.55
166.86	42.67
166.91	43.16
166.97	37.44
167.03	39.66
167.08	33.96
167.14	33.71
167.20	31.85
167.25	44.29
167.31	44.66
167.37	50.17
167.42	51.52
167.48	58.00
167.54	52.56
167.59	52.16
167.65	47.60
167.71	47.50
167.76	46.19
167.82	41.49
167.88	40.99
167.93	48.73
167.99	47.40
168.05	49.26
168.10	57.43
168.16	56.78
168.21	54.68
168.27	59.54
168.33	61.74
168.38	54.24
168.44	59.52
168.50	58.29
168.55	56.62
168.61	57.29
168.67	59.37
168.72	56.34
168.78	56.81
168.84	52.96
168.89	51.48
168.95	52.27
169.01	51.65
169.06	50.71
169.12	49.87
169.18	47.82
169.23	48.09
169.29	52.14
169.34	56.68
169.40	58.93
169.46	63.77
169.51	65.51
169.57	60.79
169.63	56.39
169.68	61.46
169.74	57.17
169.80	63.10
169.85	64.80
169.91	69.23
169.97	65.49
170.02	65.57
170.08	64.83
170.13	65.49
170.19	64.71
170.25	66.41
170.30	71.04
170.36	62.29
170.42	64.19
170.47	65.82
170.53	67.14
170.59	63.96
170.64	67.47
170.70	65.38
170.76	62.49
170.81	63.74
170.87	62.86
170.92	64.19
170.98	67.41
171.04	70.32
171.09	66.53
171.15	73.80
171.21	74.39
171.26	71.19
171.32	68.15
171.37	71.42
171.43	65.88
171.49	70.19
171.54	73.44
171.60	75.05
171.66	77.27
171.71	78.19
171.77	75.86
171.83	81.94
171.88	81.25
171.94	80.56
171.99	84.74
172.05	83.98
172.11	84.93
172.16	93.29
172.22	94.07
172.28	94.13
172.33	91.94
172.39	88.80
172.44	85.92
172.50	90.70
172.56	90.63
172.61	99.02
172.67	98.75
172.72	98.30
172.78	93.11
172.84	87.85
172.89	80.92
172.95	80.48
173.01	81.15
173.06	79.90
173.12	85.92
173.17	87.58
173.23	86.64
173.29	87.40
173.34	89.20
173.40	83.37
173.46	83.65
173.51	86.43
173.57	86.01
173.62	80.45
173.68	87.15
173.74	86.19
173.79	87.46
173.85	85.06
173.90	88.14
173.96	84.78
174.02	82.15
174.07	74.10
174.13	72.70
174.18	74.97
174.24	68.05
174.30	68.17
174.35	73.29
174.41	70.64
174.47	64.27
174.52	65.40
174.58	64.54
174.63	60.29
174.69	59.24
174.75	61.17
174.80	72.46
174.86	69.80
174.91	70.73
174.97	70.63
175.03	67.99
175.08	55.43
175.14	61.89
175.19	57.64
175.25	58.48
175.31	63.20
175.36	64.69
175.42	61.82
175.47	66.85
175.53	66.93
175.59	63.07
175.64	64.59
175.70	62.77
175.75	58.17
175.81	56.53
175.87	57.98
175.92	54.15
175.98	55.74
176.03	55.74
176.09	56.12
176.15	56.10
176.20	57.54
176.26	57.32
176.31	60.76
176.37	58.91
176.42	59.44
176.48	62.74
176.54	60.55
176.59	57.18
176.65	59.22
176.70	60.89
176.76	60.21
176.82	58.39
176.87	55.63
176.93	56.19
176.98	54.51
177.04	49.69
177.10	54.30
177.15	56.07
177.21	56.53
177.26	55.50
177.32	58.97
177.37	60.65
177.43	63.99
177.49	60.69
177.54	58.45
177.60	58.90
177.65	59.53
177.71	54.20
177.77	57.23
177.82	59.39
177.88	63.15
177.93	58.44
177.99	64.89
178.04	60.18
178.10	60.46
178.16	53.99
178.21	54.80
178.27	52.07
178.32	56.63
178.38	55.52
178.43	57.09
178.49	57.05
178.55	56.10
178.60	54.57
178.66	53.32
178.71	54.67
178.77	52.88
178.82	53.86
178.88	53.80
178.94	54.51
178.99	55.70
179.05	59.73
179.10	55.68
179.16	58.74
179.21	61.29
179.27	59.94
179.33	55.60
179.38	59.41
179.44	57.39
179.49	57.31
179.55	55.66
179.60	55.85
179.66	54.77
179.72	57.07
179.77	54.75
179.83	53.97
179.88	55.79
179.94	57.31
179.99	53.59
180.05	53.90
180.11	54.68
180.16	57.09
180.22	59.61
180.27	63.99
180.33	64.70
180.38	68.68
180.44	63.81
180.49	63.56
180.55	61.43
180.61	65.57
180.66	60.24
180.72	59.12
180.77	57.17
180.83	57.08
180.88	53.68
180.94	53.56
180.99	57.39
181.05	57.51
181.11	58.43
181.16	58.93
181.22	60.21
181.27	62.17
181.33	60.70
181.38	57.69
181.44	58.96
181.49	63.47
181.55	63.86
181.61	70.04
181.66	72.75
181.72	70.79
181.77	68.15
181.83	66.57
181.88	71.59
181.94	73.36
181.99	78.49
182.05	79.19
182.11	79.68
182.16	70.49
182.22	68.50
182.27	63.80
182.33	66.73
182.38	66.55
182.44	71.31
182.49	73.62
182.55	75.77
182.60	75.17
182.66	78.14
182.72	81.02
182.77	83.04
182.83	86.45
182.88	88.73
182.94	89.92
182.99	86.52
183.05	85.27
183.10	87.03
183.16	86.37
183.21	87.44
183.27	95.29
183.32	99.35
183.38	103.23
183.44	110.56
183.49	116.37
183.55	118.01
183.60	125.08
183.66	131.39
183.71	140.90
183.77	148.58
183.82	157.64
183.88	168.40
183.93	180.33
183.99	194.29
184.04	211.62
184.10	224.89
184.15	237.18
184.21	250.11
184.27	251.54
184.32	251.92
184.38	250.00
184.43	245.53
184.49	228.34
184.54	211.26
184.60	201.05
184.65	186.50
184.71	177.73
184.76	180.07
184.82	197.24
184.87	214.88
184.93	240.15
184.98	267.65
185.04	299.27
185.09	324.48
185.15	351.14
185.20	384.21
185.26	419.13
185.31	447.88
185.37	476.46
185.43	496.02
185.48	515.02
185.54	537.83
185.59	563.58
185.65	588.93
185.70	630.34
185.76	676.46
185.81	711.75
185.87	749.51
185.92	794.29
185.98	829.01
186.03	845.12
186.09	847.19
186.14	822.73
186.20	768.56
186.25	682.79
186.31	596.94
186.36	529.11
186.42	499.40
186.47	508.33
186.53	557.30
186.58	627.21
186.64	702.38
186.69	774.58
186.75	837.63
186.80	896.56
186.86	955.17
186.91	1014.48
186.97	1067.99
187.02	1136.14
187.08	1200.81
187.13	1255.03
187.19	1312.68
187.24	1372.49
187.30	1412.05
187.35	1452.40
187.41	1506.54
187.47	1559.03
187.52	1605.42
187.58	1663.83
187.63	1737.55
187.69	1815.27
187.74	1882.55
187.80	1943.94
187.85	1992.79
187.91	2016.12
187.96	2002.51
188.02	1944.37
188.07	1843.57
188.13	1695.93
188.18	1537.85
188.24	1422.58
188.29	1368.76
188.35	1380.37
188.40	1460.81
188.46	1587.35
188.51	1711.54
188.57	1839.75
188.62	1965.84
188.67	2083.91
188.73	2194.88
188.78	2302.91
188.84	2406.18
188.89	2509.54
188.95	2615.04
189.00	2706.38
189.06	2801.90
189.11	2895.39
189.17	2977.02
189.22	3049.64
189.28	3137.96
189.33	3216.46
189.39	3282.18
189.44	3349.38
189.50	3424.89
189.55	3492.38
189.61	3544.47
189.66	3602.90
189.72	3659.73
189.77	3709.50
189.83	3738.64
189.88	3748.18
189.94	3716.34
189.99	3632.97
190.05	3478.19
190.10	3255.11
190.16	3001.43
190.21	2777.38
190.27	2632.71
190.32	2588.34
190.38	2648.08
190.43	2788.80
190.49	2957.66
190.54	3102.50
190.60	3229.68
190.65	3337.74
190.71	3430.74
190.76	3519.39
190.81	3610.16
190.87	3707.54
190.92	3827.52
190.98	3960.00
191.03	4095.41
191.09	4240.15
191.14	4367.09
191.20	4468.06
191.25	4568.40
191.31	4672.30
191.36	4776.21
191.42	4888.49
191.47	5016.01
191.53	5138.34
191.58	5240.74
191.64	5321.61
191.69	5395.15
191.75	5443.17
191.80	5477.32
191.85	5498.74
191.91	5520.59
191.96	5539.61
192.02	5569.46
192.07	5583.37
192.13	5578.97
192.18	5534.29
192.24	5419.94
192.29	5226.33
192.35	5001.46
192.40	4816.85
192.46	4709.14
192.51	4704.35
192.57	4798.79
192.62	4977.05
192.67	5162.82
192.73	5339.18
192.78	5500.97
192.84	5650.54
192.89	5787.34
192.95	5919.08
193.00	6033.79
193.06	6147.06
193.11	6257.37
193.17	6347.68
193.22	6432.95
193.28	6525.73
193.33	6600.28
193.38	6668.85
193.44	6739.83
193.49	6813.47
193.55	6871.60
193.60	6927.38
193.66	6979.58
193.71	7026.77
193.77	7051.37
193.82	7071.36
193.88	7093.90
193.93	7119.78
193.98	7145.69
194.04	7182.68
194.09	7228.16
194.15	7275.94
194.20	7319.05
194.26	7359.72
194.31	7402.93
194.37	7429.24
194.42	7434.14
194.47	7422.85
194.53	7376.99
194.58	7286.29
194.64	7178.32
194.69	7083.27
194.75	7013.77
194.80	7000.00
194.86	7041.95
194.91	7131.33
194.97	7237.42
195.02	7347.33
195.07	7450.84
195.13	7552.09
195.18	7659.19
195.24	7759.21
195.29	7858.18
195.35	7947.13
195.40	8037.86
195.46	8112.17
195.51	8196.14
195.56	8280.61
195.62	8372.34
195.67	8448.69
195.73	8526.74
195.78	8583.01
195.84	8625.50
195.89	8654.95
195.94	8688.61
196.00	8721.79
196.05	8765.32
196.11	8822.92
196.16	8885.30
196.22	8949.44
196.27	9013.13
196.32	9072.48
196.38	9121.12
196.43	9165.41
196.49	9204.56
196.54	9244.50
196.60	9283.03
196.65	9327.78
196.71	9372.09
196.76	9418.73
196.81	9454.39
196.87	9493.54
196.92	9520.97
196.98	9539.13
197.03	9548.61
197.09	9545.32
197.14	9538.94
197.19	9541.38
197.25	9555.85
197.30	9581.64
197.36	9635.34
197.41	9699.07
197.47	9761.63
197.52	9825.00
197.57	9894.72
197.63	9950.97
197.68	10003.00
197.74	10053.64
197.79	10099.88
197.84	10142.83
197.90	10187.51
197.95	10227.30
198.01	10269.12
198.06	10313.20
198.12	10350.78
198.17	10390.24
198.22	10434.04
198.28	10472.66
198.33	10513.32
198.39	10559.25
198.44	10605.16
198.49	10652.84
198.55	10698.41
198.60	10743.20
198.66	10787.60
198.71	10837.96
198.77	10887.46
198.82	10939.49
198.87	10988.93
198.93	11035.95
198.98	11079.66
199.04	11117.28
199.09	11158.82
199.14	11204.37
199.20	11243.15
199.25	11284.46
199.31	11333.08
199.36	11376.95
199.42	11419.12
199.47	11464.17
199.52	11503.49
199.58	11540.37
199.63	11568.71
199.69	11597.89
199.74	11634.93
199.79	11662.35
199.85	11688.88
199.90	11730.81
199.96	11773.62
200.01	11816.32
200.06	11868.24
200.12	11916.71
200.17	11968.52
200.23	12016.36
200.28	12059.79
200.33	12114.28
200.39	12166.19
200.44	12208.47
200.50	12256.68
200.55	12297.70
200.60	12330.68
200.66	12369.72
200.71	12408.35
200.77	12447.24
200.82	12487.77
200.87	12525.65
200.93	12563.26
200.98	12606.63
201.04	12644.52
201.09	12693.09
201.14	12746.74
201.20	12798.00
201.25	12850.54
201.31	12907.38
201.36	12963.78
201.41	13018.42
201.47	13076.03
201.52	13126.14
201.58	13182.00
201.63	13229.96
201.68	13280.11
201.74	13325.89
201.79	13375.97
201.84	13427.50
201.90	13471.97
201.95	13521.20
202.01	13574.53
202.06	13628.13
202.11	13667.53
202.17	13717.83
202.22	13759.31
202.28	13800.02
202.33	13841.55
202.38	13884.30
202.44	13928.93
202.49	13973.98
202.54	14019.90
202.60	14068.70
202.65	14121.69
202.71	14168.15
202.76	14214.87
202.81	14257.24
202.87	14297.29
202.92	14339.23
202.98	14391.06
203.03	14442.88
203.08	14497.78
203.14	14554.88
203.19	14612.57
203.24	14668.00
203.30	14722.91
203.35	14770.16
203.41	14820.59
203.46	14863.58
203.51	14903.42
203.57	14941.29
203.62	14988.81
203.67	15037.50
203.73	15086.66
203.78	15134.83
203.84	15186.91
203.89	15230.86
203.94	15264.97
204.00	15308.49
204.05	15347.10
204.10	15374.33
204.16	15402.96
204.21	15429.28
204.27	15441.04
204.32	15442.10
204.37	15446.17
204.43	15433.90
204.48	15414.24
204.53	15395.10
204.59	15411.39
204.64	15468.09
204.69	15569.76
204.75	15695.02
204.80	15834.96
204.86	15948.34
204.91	16029.82
204.96	16084.34
205.02	16112.79
205.07	16147.26
205.12	16204.52
205.18	16278.98
205.23	16369.38
205.28	16486.88
205.34	16589.23
205.39	16683.15
205.45	16763.69
205.50	16834.61
205.55	16896.85
205.61	16959.55
205.66	17010.46
205.71	17072.67
205.77	17131.00
205.82	17183.49
205.87	17242.25
205.93	17305.89
205.98	17353.63
206.03	17393.73
206.09	17443.06
206.14	17490.14
206.20	17539.15
206.25	17593.54
206.30	17656.52
206.36	17716.53
206.41	17779.84
206.46	17836.14
206.52	17883.20
206.57	17935.59
206.62	17983.70
206.68	18033.03
206.73	18081.27
206.78	18143.07
206.84	18194.70
206.89	18251.44
206.94	18308.04
207.00	18377.73
207.05	18441.40
207.11	18514.09
207.16	18574.34
207.21	18636.14
207.27	18691.56
207.32	18742.50
207.37	18801.96
207.43	18857.82
207.48	18909.64
207.53	18965.92
207.59	19022.11
207.64	19070.69
207.69	19141.01
207.75	19207.22
207.80	19258.50
207.85	19321.48
207.91	19380.77
207.96	19428.26
208.01	19486.17
208.07	19553.71
208.12	19614.60
208.17	19664.89
208.23	19716.67
208.28	19762.90
208.33	19814.84
208.39	19872.96
208.44	19942.85
208.49	20008.26
208.55	20071.41
208.60	20124.73
208.65	20173.59
208.71	20223.11
208.76	20274.91
208.81	20333.32
208.87	20398.68
208.92	20453.59
208.97	20512.44
209.03	20576.60
209.08	20636.66
209.13	20697.54
209.19	20765.69
209.24	20824.39
209.29	20883.81
209.35	20934.44
209.40	20995.03
209.45	21059.51
209.51	21127.41
209.56	21186.49
209.61	21258.34
209.67	21320.52
209.72	21379.44
209.77	21438.89
209.83	21502.15
209.88	21570.76
209.93	21637.83
209.99	21695.71
210.04	21767.75
210.09	21843.07
210.15	21901.99
210.20	21960.87
210.25	22034.94
210.31	22089.57
210.36	22139.38
210.41	22191.09
210.46	22251.82
210.52	22301.95
210.57	22356.48
210.62	22415.72
210.68	22479.90
210.73	22527.77
210.78	22587.19
210.84	22653.69
210.89	22707.99
210.94	22763.56
211.00	22822.75
211.05	22877.27
211.10	22930.84
211.16	22995.30
211.21	23062.63
211.26	23134.19
211.32	23208.70
211.37	23274.24
211.42	23339.44
211.47	23403.49
211.53	23471.23
211.58	23531.62
211.63	23595.99
211.69	23653.49
211.74	23709.21
211.79	23753.57
211.85	23803.79
211.90	23859.43
211.95	23927.73
212.01	23994.39
212.06	24073.31
212.11	24151.67
212.16	24233.54
212.22	24310.96
212.27	24379.97
212.32	24444.56
212.38	24513.81
212.43	24574.68
212.48	24631.45
212.54	24697.34
212.59	24778.04
212.64	24842.31
212.69	24903.65
212.75	24971.60
212.80	25044.19
212.85	25096.38
212.91	25146.96
212.96	25201.72
213.01	25263.21
213.07	25314.81
213.12	25379.18
213.17	25450.55
213.22	25519.44
213.28	25579.66
213.33	25636.41
213.38	25692.84
213.44	25744.44
213.49	25811.23
213.54	25881.37
213.60	25961.20
213.65	26037.67
213.70	26125.11
213.75	26189.27
213.81	26240.96
213.86	26300.41
213.91	26349.54
213.97	26390.70
214.02	26430.73
214.07	26478.24
214.12	26508.49
214.18	26542.01
214.23	26581.48
214.28	26620.36
214.34	26645.41
214.39	26670.50
214.44	26671.73
214.49	26643.61
214.55	26601.43
214.60	26533.54
214.65	26442.70
214.71	26363.60
214.76	26363.11
214.81	26439.90
214.86	26610.12
214.92	26833.56
214.97	27078.00
215.02	27274.38
215.08	27408.38
215.13	27494.48
215.18	27529.00
215.23	27548.53
215.29	27579.20
215.34	27657.49
215.39	27755.76
215.45	27908.49
215.50	28082.47
215.55	28249.25
215.60	28377.09
215.66	28477.30
215.71	28556.23
215.76	28630.61
215.81	28685.86
215.87	28746.54
215.92	28809.86
215.97	28862.70
216.03	28920.32
216.08	28982.64
216.13	29043.87
216.18	29101.90
216.24	29165.42
216.29	29217.36
216.34	29272.26
216.39	29333.79
216.45	29396.31
216.50	29456.44
216.55	29518.73
216.61	29596.35
216.66	29654.51
216.71	29718.82
216.76	29781.17
216.82	29856.82
216.87	29916.40
216.92	29988.07
216.97	30053.53
217.03	30131.84
217.08	30205.18
217.13	30288.92
217.18	30366.14
217.24	30437.16
217.29	30500.15
217.34	30547.63
217.39	30587.94
217.45	30632.74
217.50	30684.09
217.55	30746.56
217.61	30819.11
217.66	30890.23
217.71	30955.53
217.76	31031.34
217.82	31104.73
217.87	31179.40
217.92	31251.13
217.97	31322.79
218.03	31386.93
218.08	31431.00
218.13	31471.90
218.18	31521.99
218.24	31589.40
218.29	31644.94
218.34	31715.67
218.39	31781.54
218.45	31843.84
218.50	31895.29
218.55	31959.42
218.60	32018.29
218.66	32072.40
218.71	32134.59
218.76	32197.07
218.81	32263.27
218.87	32324.14
218.92	32392.89
218.97	32471.69
219.02	32545.41
219.08	32610.30
219.13	32687.21
219.18	32763.09
219.23	32818.01
219.29	32879.32
219.34	32942.70
219.39	33008.77
219.44	33064.54
219.50	33132.10
219.55	33196.50
219.60	33259.73
219.65	33317.99
219.71	33389.20
219.76	33440.98
219.81	33495.61
219.86	33549.91
219.92	33603.10
219.97	33651.53
220.02	33714.03
220.07	33775.11
220.13	33841.16
220.18	33910.74
220.23	33981.06
220.28	34057.32
220.33	34133.73
220.39	34195.45
220.44	34256.28
220.49	34312.80
220.54	34359.91
220.60	34408.85
220.65	34477.36
220.70	34537.87
220.75	34611.36
220.81	34694.25
220.86	34772.00
220.91	34836.13
220.96	34910.07
221.02	34980.27
221.07	35049.93
221.12	35104.79
221.17	35160.24
221.22	35214.23
221.28	35267.37
221.33	35320.76
221.38	35382.89
221.43	35464.46
221.49	35526.54
221.54	35595.11
221.59	35662.24
221.64	35752.95
221.69	35843.97
221.75	35941.12
221.80	36036.02
221.85	36106.97
221.90	36169.99
221.96	36219.56
222.01	36257.91
222.06	36291.70
222.11	36345.69
222.17	36388.59
222.22	36412.53
222.27	36464.97
222.32	36513.41
222.37	36567.12
222.43	36623.52
222.48	36693.83
222.53	36761.09
222.58	36841.79
222.63	36910.17
222.69	36981.10
222.74	37059.74
222.79	37130.52
222.84	37181.45
222.90	37235.79
222.95	37291.00
223.00	37325.05
223.05	37367.09
223.10	37424.36
223.16	37479.82
223.21	37520.29
223.26	37573.22
223.31	37622.13
223.36	37660.47
223.42	37702.30
223.47	37741.63
223.52	37791.14
223.57	37826.71
223.63	37875.21
223.68	37921.29
223.73	38002.04
223.78	38076.53
223.83	38156.39
223.89	38222.42
223.94	38288.69
223.99	38351.26
224.04	38421.94
224.09	38494.36
224.15	38584.13
224.20	38672.32
224.25	38754.31
224.30	38832.89
224.35	38925.63
224.41	39017.18
224.46	39117.60
224.51	39199.19
224.56	39283.34
224.61	39359.67
224.67	39431.92
224.72	39500.47
224.77	39600.90
224.82	39695.55
224.87	39786.82
224.93	39863.42
224.98	39950.74
225.03	40029.24
225.08	40109.89
225.13	40190.06
225.19	40280.54
225.24	40358.44
225.29	40424.35
225.34	40492.90
225.39	40567.25
225.45	40650.25
225.50	40725.34
225.55	40804.15
225.60	40875.33
225.65	40939.88
225.71	40989.44
225.76	41042.41
225.81	41080.89
225.86	41119.87
225.91	41147.50
225.97	41165.33
226.02	41159.03
226.07	41128.00
226.12	41118.35
226.17	41152.71
226.22	41245.44
226.28	41409.71
226.33	41639.11
226.38	41849.49
226.43	42019.44
226.48	42144.84
226.54	42213.49
226.59	42266.87
226.64	42301.11
226.69	42328.50
226.74	42363.89
226.80	42433.40
226.85	42505.84
226.90	42603.90
226.95	42745.09
227.00	42884.86
227.05	43019.83
227.11	43143.95
227.16	43263.94
227.21	43351.84
227.26	43445.88
227.31	43522.54
227.37	43579.56
227.42	43650.09
227.47	43728.15
227.52	43793.18
227.57	43853.40
227.62	43945.26
227.68	44018.19
227.73	44098.59
227.78	44179.34
227.83	44267.80
227.88	44329.53
227.93	44406.79
227.99	44480.99
228.04	44557.77
228.09	44635.08
228.14	44717.04
228.19	44785.16
228.24	44846.59
228.30	44916.25
228.35	44980.92
228.40	45045.30
228.45	45106.32
228.50	45181.93
228.56	45242.58
228.61	45302.28
228.66	45358.37
228.71	45421.71
228.76	45463.58
228.81	45512.17
228.87	45557.02
228.92	45618.26
228.97	45672.05
229.02	45760.97
229.07	45830.90
229.12	45923.82
229.17	46001.29
229.23	46084.90
229.28	46161.56
229.33	46249.04
229.38	46319.60
229.43	46394.98
229.48	46472.64
229.54	46535.36
229.59	46601.68
229.64	46671.29
229.69	46753.15
229.74	46836.65
229.79	46908.79
229.85	46982.03
229.90	47055.40
229.95	47118.31
230.00	47176.48
230.05	47255.65
230.10	47321.31
230.16	47391.88
230.21	47450.13
230.26	47503.68
230.31	47543.91
230.36	47603.94
230.41	47660.30
230.46	47744.88
230.52	47836.46
230.57	47921.05
230.62	48010.77
230.67	48074.89
230.72	48126.17
230.77	48170.66
230.82	48228.53
230.88	48254.35
230.93	48301.03
230.98	48341.13
231.03	48393.46
231.08	48438.79
231.13	48496.11
231.19	48564.43
231.24	48636.45
231.29	48712.42
231.34	48782.85
231.39	48865.03
231.44	48937.88
231.49	49000.89
231.55	49043.20
231.60	49092.62
231.65	49144.98
231.70	49197.72
231.75	49236.77
231.80	49290.67
231.85	49348.71
231.91	49388.64
231.96	49427.96
232.01	49495.35
232.06	49552.95
232.11	49615.01
232.16	49693.99
232.21	49783.99
232.26	49873.25
232.32	49960.12
232.37	50025.90
232.42	50094.15
232.47	50134.48
232.52	50178.98
232.57	50229.72
232.62	50295.74
232.68	50347.06
232.73	50426.76
232.78	50506.90
232.83	50588.58
232.88	50663.29
232.93	50739.81
232.98	50794.60
233.03	50841.69
233.09	50895.81
233.14	50958.99
233.19	51022.69
233.24	51082.09
233.29	51137.48
233.34	51172.15
233.39	51186.65
233.45	51208.55
233.50	51249.95
233.55	51294.59
233.60	51359.12
233.65	51435.47
233.70	51504.55
233.75	51555.10
233.80	51608.51
233.86	51661.41
233.91	51705.71
233.96	51749.39
234.01	51808.15
234.06	51866.78
234.11	51921.16
234.16	51972.64
234.21	52025.13
234.26	52072.28
234.32	52112.14
234.37	52148.10
234.42	52188.17
234.47	52216.41
234.52	52247.55
234.57	52291.44
234.62	52339.69
234.67	52393.53
234.73	52452.41
234.78	52509.99
234.83	52541.87
234.88	52579.51
234.93	52609.74
234.98	52646.33
235.03	52684.21
235.08	52749.10
235.13	52812.02
235.19	52881.68
235.24	52953.85
235.29	53019.29
235.34	53067.83
235.39	53101.29
235.44	53134.27
235.49	53165.23
235.54	53194.27
235.59	53211.35
235.65	53243.81
235.70	53274.78
235.75	53310.97
235.80	53357.16
235.85	53416.23
235.90	53463.22
235.95	53490.15
236.00	53522.29
236.05	53546.29
236.11	53570.70
236.16	53599.09
236.21	53655.01
236.26	53687.90
236.31	53720.00
236.36	53746.72
236.41	53768.98
236.46	53782.20
236.51	53794.94
236.56	53814.55
236.62	53837.71
236.67	53870.25
236.72	53911.57
236.77	53942.14
236.82	53988.96
236.87	54021.90
236.92	54040.88
236.97	54064.01
237.02	54117.65
237.07	54164.47
237.13	54226.45
237.18	54286.19
237.23	54341.98
237.28	54382.55
237.33	54416.76
237.38	54439.09
237.43	54463.38
237.48	54463.21
237.53	54481.01
237.58	54506.33
237.63	54541.58
237.69	54584.77
237.74	54638.41
237.79	54685.45
237.84	54694.64
237.89	54698.90
237.94	54702.03
237.99	54718.44
238.04	54722.64
238.09	54744.43
238.14	54776.07
238.19	54799.62
238.25	54827.06
238.30	54831.50
238.35	54845.98
238.40	54848.67
238.45	54855.27
238.50	54851.20
238.55	54860.19
238.60	54884.60
238.65	54906.74
238.70	54920.21
238.75	54935.68
238.80	54971.32
238.86	54986.05
238.91	55001.93
238.96	55040.72
239.01	55079.30
239.06	55103.73
239.11	55127.16
239.16	55152.02
239.21	55145.65
239.26	55134.41
239.31	55142.66
239.36	55149.29
239.41	55162.60
239.46	55190.38
239.52	55217.49
239.57	55233.74
239.62	55248.56
239.67	55271.44
239.72	55292.99
239.77	55308.74
239.82	55324.51
239.87	55338.67
239.92	55338.68
239.97	55337.77
240.02	55337.22
240.07	55323.66
240.12	55325.29
240.17	55337.54
240.23	55342.22
240.28	55343.77
240.33	55357.86
240.38	55347.14
240.43	55342.34
240.48	55358.47
240.53	55376.19
240.58	55401.87
240.63	55443.38
240.68	55453.57
240.73	55448.24
240.78	55450.64
240.83	55436.21
240.88	55410.85
240.93	55407.45
240.98	55405.95
241.04	55411.39
241.09	55440.77
241.14	55470.89
241.19	55505.99
241.24	55541.56
241.29	55564.78
241.34	55576.99
241.39	55588.67
241.44	55589.64
241.49	55586.15
241.54	55581.81
241.59	55571.63
241.64	55571.27
241.69	55562.09
241.74	55550.24
241.79	55538.37
241.84	55525.68
241.90	55501.49
241.95	55476.45
242.00	55446.39
242.05	55420.66
242.10	55407.47
242.15	55391.33
242.20	55384.05
242.25	55389.85
242.30	55388.57
242.35	55383.90
242.40	55385.44
242.45	55384.07
242.50	55373.96
242.55	55374.44
242.60	55372.15
242.65	55373.14
242.70	55388.87
242.75	55419.31
242.80	55458.74
242.85	55487.84
242.91	55499.24
242.96	55481.62
243.01	55458.16
243.06	55420.11
243.11	55384.48
243.16	55362.54
243.21	55364.19
243.26	55369.67
243.31	55383.93
243.36	55396.06
243.41	55418.94
243.46	55413.17
243.51	55389.17
243.56	55334.12
243.61	55285.97
243.66	55240.55
243.71	55214.44
243.76	55203.08
243.81	55225.48
243.86	55229.91
243.91	55224.47
243.96	55216.41
244.01	55197.39
244.06	55164.82
244.12	55154.34
244.17	55140.00
244.22	55143.04
244.27	55174.13
244.32	55200.66
244.37	55217.17
244.42	55229.70
244.47	55226.24
244.52	55198.81
244.57	55165.64
244.62	55136.00
244.67	55116.98
244.72	55091.57
244.77	55082.04
244.82	55108.00
244.87	55142.68
244.92	55163.22
244.97	55180.29
245.02	55180.73
245.07	55151.33
245.12	55120.68
245.17	55100.03
245.22	55104.25
245.27	55096.88
245.32	55079.47
245.37	55038.71
245.42	54988.77
245.47	54937.45
245.52	54892.39
245.57	54867.68
245.62	54861.44
245.67	54857.56
245.72	54847.17
245.77	54825.99
245.82	54807.54
245.87	54800.95
245.92	54810.36
245.98	54801.39
246.03	54808.89
246.08	54812.38
246.13	54802.65
246.18	54797.34
246.23	54790.94
246.28	54775.75
246.33	54761.86
246.38	54734.23
246.43	54703.56
246.48	54683.38
246.53	54686.05
246.58	54693.30
246.63	54702.71
246.68	54697.13
246.73	54684.63
246.78	54659.66
246.83	54602.05
246.88	54551.17
246.93	54499.86
246.98	54446.46
247.03	54415.76
247.08	54404.88
247.13	54392.54
247.18	54395.89
247.23	54421.29
247.28	54423.09
247.33	54405.74
247.38	54388.03
247.43	54370.10
247.48	54357.59
247.53	54321.99
247.58	54292.69
247.63	54267.34
247.68	54219.10
247.73	54151.70
247.78	54114.12
247.83	54093.66
247.88	54068.43
247.93	54073.33
247.98	54080.07
248.03	54088.77
248.08	54097.04
248.13	54097.27
248.18	54077.27
248.23	54066.86
248.28	54030.55
248.33	53988.57
248.38	53953.39
248.43	53925.89
248.48	53899.59
248.53	53894.14
248.58	53871.10
248.63	53862.74
248.68	53847.49
248.73	53828.16
248.78	53797.76
248.83	53755.97
248.88	53694.24
248.93	53625.74
248.98	53547.16
249.03	53491.79
249.08	53463.36
249.13	53452.10
249.18	53451.82
249.23	53462.44
249.28	53457.40
249.33	53456.33
249.38	53452.28
249.43	53431.29
249.48	53404.54
249.53	53384.34
249.58	53367.95
249.63	53335.18
249.68	53320.19
249.73	53307.15
249.78	53286.69
249.83	53284.19
249.88	53268.98
249.93	53256.88
249.98	53259.37
250.03	53257.69
250.08	53222.32
250.13	53209.85
250.18	53184.83
250.23	53137.19
250.28	53083.34
250.33	53031.04
250.37	52984.07
250.42	52939.98
250.47	52903.19
250.52	52882.38
250.57	52859.84
250.62	52827.11
250.67	52796.14
250.72	52772.31
250.77	52738.07
250.82	52725.11
250.87	52728.82
250.92	52724.77
250.97	52701.59
251.02	52703.97
251.07	52696.96
251.12	52670.10
251.17	52634.89
251.22	52607.11
251.27	52559.53
251.32	52511.54
251.37	52466.27
251.42	52411.69
251.47	52375.23
251.52	52349.99
251.57	52331.28
251.62	52310.62
251.67	52307.88
251.72	52286.63
251.77	52253.82
251.82	52208.07
251.87	52165.83
251.92	52123.19
251.97	52074.20
252.02	52022.93
252.07	51992.03
252.12	51976.82
252.16	51967.83
252.21	51967.13
252.26	51975.34
252.31	51984.88
252.36	51969.88
252.41	51945.52
252.46	51912.78
252.51	51888.88
252.56	51849.68
252.61	51825.90
252.66	51801.64
252.71	51783.90
252.76	51754.77
252.81	51712.98
252.86	51655.47
252.91	51612.90
252.96	51546.74
253.01	51478.58
253.06	51419.79
253.11	51375.26
253.16	51326.76
253.21	51295.08
253.26	51262.28
253.31	51229.74
253.36	51206.86
253.40	51183.49
253.45	51160.45
253.50	51123.63
253.55	51082.42
253.60	51026.70
253.65	50975.47
253.70	50940.92
253.75	50923.74
253.80	50915.38
253.85	50924.24
253.90	50936.34
253.95	50931.58
254.00	50929.78
254.05	50912.55
254.10	50873.06
254.15	50826.69
254.20	50796.81
254.25	50755.70
254.30	50723.74
254.35	50681.13
254.39	50615.63
254.44	50539.03
254.49	50456.85
254.54	50422.87
254.59	50397.86
254.64	50391.95
254.69	50382.06
254.74	50388.85
254.79	50358.13
254.84	50317.54
254.89	50297.13
254.94	50278.21
254.99	50255.86
255.04	50232.11
255.09	50232.04
255.14	50204.22
255.19	50195.99
255.23	50196.08
255.28	50193.50
255.33	50180.45
255.38	50172.64
255.43	50153.01
255.48	50121.67
255.53	50080.86
255.58	50041.70
255.63	50014.20
255.68	49968.75
255.73	49920.09
255.78	49890.44
255.83	49870.13
255.88	49841.83
255.93	49822.00
255.97	49806.98
256.02	49773.02
256.07	49730.69
256.12	49664.68
256.17	49599.60
256.22	49536.25
256.27	49486.83
256.32	49437.43
256.37	49417.18
256.42	49411.38
256.47	49383.09
256.52	49358.92
256.57	49329.17
256.62	49305.06
256.66	49285.74
256.71	49268.19
256.76	49233.23
256.81	49188.58
256.86	49138.42
256.91	49085.11
256.96	49037.83
257.01	49002.84
257.06	48981.17
257.11	48945.07
257.16	48888.97
257.21	48855.69
257.26	48818.28
257.30	48780.78
257.35	48741.91
257.40	48726.58
257.45	48704.88
257.50	48674.87
257.55	48644.45
257.60	48625.15
257.65	48603.06
257.70	48567.38
257.75	48531.44
257.80	48506.29
257.85	48468.91
257.89	48407.44
257.94	48345.68
257.99	48284.17
258.04	48226.67
258.09	48190.52
258.14	48164.08
258.19	48155.15
258.24	48139.82
258.29	48094.11
258.34	48048.75
258.39	48014.72
258.44	47951.49
258.48	47895.75
258.53	47867.54
258.58	47825.39
258.63	47769.30
258.68	47727.62
258.73	47694.21
258.78	47654.27
258.83	47612.27
258.88	47580.54
258.93	47545.70
258.97	47514.01
259.02	47476.31
259.07	47452.87
259.12	47430.78
259.17	47415.64
259.22	47401.48
259.27	47383.33
259.32	47359.45
259.37	47316.49
259.42	47280.59
259.47	47230.48
259.51	47185.99
259.56	47125.44
259.61	47057.55
259.66	46981.27
259.71	46907.07
259.76	46840.30
259.81	46781.94
259.86	46746.23
259.91	46706.99
259.95	46683.99
260.00	46657.13
260.05	46640.73
260.10	46623.09
260.15	46607.29
260.20	46592.75
260.25	46584.80
260.30	46576.55
260.35	46551.71
260.40	46524.55
260.44	46502.20
260.49	46481.11
260.54	46440.61
260.59	46413.96
260.64	46408.17
260.69	46393.73
260.74	46353.92
260.79	46320.53
260.84	46274.03
260.88	46207.70
260.93	46134.30
260.98	46097.70
261.03	46055.70
261.08	46029.74
261.13	45992.17
261.18	45956.15
261.23	45901.11
261.28	45859.89
261.32	45813.64
261.37	45773.12
261.42	45740.73
261.47	45720.39
261.52	45683.87
261.57	45643.38
261.62	45602.15
261.67	45546.04
261.71	45467.21
261.76	45413.49
261.81	45353.35
261.86	45310.58
261.91	45265.46
261.96	45236.24
262.01	45194.21
262.06	45178.55
262.10	45158.99
262.15	45145.24
262.20	45129.17
262.25	45111.72
262.30	45087.08
262.35	45062.13
262.40	45030.53
262.45	44997.92
262.49	44969.99
262.54	44934.51
262.59	44900.25
262.64	44874.62
262.69	44832.84
262.74	44784.94
262.79	44730.04
262.84	44685.30
262.88	44637.88
262.93	44591.01
262.98	44554.42
263.03	44521.35
263.08	44464.21
263.13	44397.48
263.18	44336.21
263.23	44275.07
263.27	44220.79
263.32	44181.74
263.37	44161.94
263.42	44143.96
263.47	44120.50
263.52	44098.22
263.57	44068.57
263.61	44028.91
263.66	43991.11
263.71	43954.86
263.76	43917.09
263.81	43872.00
263.86	43836.79
263.91	43795.57
263.95	43734.67
264.00	43677.74
264.05	43632.85
264.10	43569.66
264.15	43507.10
264.20	43467.46
264.25	43421.24
264.29	43368.20
264.34	43314.03
264.39	43280.79
264.44	43235.48
264.49	43195.36
264.54	43156.58
264.59	43129.91
264.63	43081.63
264.68	43029.31
264.73	42976.39
264.78	42924.32
264.83	42859.70
264.88	42816.98
264.93	42789.09
264.97	42762.38
265.02	42745.51
265.07	42736.75
265.12	42695.29
265.17	42650.47
265.22	42607.78
265.27	42555.87
265.31	42495.02
265.36	42443.23
265.41	42383.53
265.46	42315.34
265.51	42240.79
265.56	42180.33
265.60	42124.04
265.65	42068.19
265.70	42021.76
265.75	41968.33
265.80	41910.54
265.85	41843.94
265.90	41780.02
265.94	41715.05
265.99	41655.47
266.04	41606.71
266.09	41576.06
266.14	41542.81
266.19	41508.71
266.23	41477.74
266.28	41433.75
266.33	41401.76
266.38	41375.18
266.43	41351.36
266.48	41334.68
266.52	41310.57
266.57	41266.64
266.62	41224.82
266.67	41171.50
266.72	41120.90
266.77	41091.27
266.81	41066.47
266.86	41039.94
266.91	41012.39
266.96	40968.04
267.01	40918.41
267.06	40863.12
267.10	40816.39
267.15	40769.11
267.20	40748.57
267.25	40716.54
267.30	40687.61
267.35	40646.00
267.39	40613.59
267.44	40564.24
267.49	40517.41
267.54	40463.07
267.59	40415.58
267.64	40357.52
267.68	40296.02
267.73	40235.09
267.78	40198.22
267.83	40170.19
267.88	40161.18
267.93	40158.81
267.97	40155.24
268.02	40119.03
268.07	40073.81
268.12	40011.41
268.17	39938.85
268.21	39889.34
268.26	39847.96
268.31	39805.53
268.36	39758.13
268.41	39720.39
268.46	39665.07
268.50	39628.54
268.55	39575.44
268.60	39522.52
268.65	39462.05
268.70	39383.46
268.74	39304.60
268.79	39234.03
268.84	39181.74
268.89	39138.79
268.94	39114.09
268.99	39078.25
269.03	39037.94
269.08	38982.31
269.13	38908.16
269.18	38828.37
269.23	38731.70
269.27	38628.26
269.32	38503.79
269.37	38381.08
269.42	38244.75
269.47	38109.59
269.51	37970.00
269.56	37836.79
269.61	37703.56
269.66	37553.92
269.71	37401.90
269.76	37251.61
269.80	37100.26
269.85	36947.00
269.90	36810.91
269.95	36667.09
270.00	36507.89
270.04	36359.99
270.09	36215.22
270.14	36066.04
270.19	35923.63
270.24	35797.16
270.28	35645.55
270.33	35476.59
270.38	35295.44
270.43	35124.97
270.48	34944.65
270.52	34782.70
270.57	34621.59
270.62	34470.56
270.67	34313.36
270.72	34157.58
270.76	33982.47
270.81	33816.79
270.86	33643.31
270.91	33469.70
270.96	33293.54
271.00	33135.20
271.05	32981.52
271.10	32843.90
271.15	32708.31
271.20	32595.19
271.24	32458.66
271.29	32319.41
271.34	32174.57
271.39	32022.65
271.44	31865.07
271.48	31734.86
271.53	31588.74
271.58	31445.56
271.63	31300.66
271.67	31157.37
271.72	31010.08
271.77	30875.12
271.82	30740.06
271.87	30607.52
271.91	30448.83
271.96	30297.14
272.01	30149.54
272.06	30011.69
272.11	29882.52
272.15	29775.47
272.20	29672.07
272.25	29573.59
272.30	29467.22
272.35	29360.94
272.39	29260.37
272.44	29141.34
272.49	29010.66
272.54	28874.19
272.58	28727.71
272.63	28570.50
272.68	28418.05
272.73	28258.50
272.78	28090.83
272.82	27894.32
272.87	27676.46
272.92	27389.38
272.97	26863.14
273.01	23902.62
273.06	18953.96
273.11	13496.39
273.16	8142.83
273.21	3066.78
273.25	463.84
273.30	-88.32
273.35	-88.14
