165.32	3379.81
165.38	-246.88
165.44	596.11
165.50	-77.69
165.55	-20.41
165.61	1.20
165.67	28.08
165.72	36.24
165.78	41.39
165.84	40.13
165.89	37.37
165.95	36.06
166.01	35.21
166.06	36.69
166.12	39.21
166.18	37.23
166.23	39.18
166.29	38.75
166.35	35.34
166.40	34.29
166.46	40.54
166.52	43.20
166.57	44.16
166.63	44.83
166.69	47.62
166.74	41.44
166.80	41.84
166.86	43.89
166.91	44.39
166.97	38.59
167.03	41.27
167.08	35.29
167.14	34.06
167.20	32.51
167.25	45.05
167.31	45.68
167.37	51.31
167.42	53.19
167.48	59.47
167.54	53.85
167.59	53.16
167.65	48.50
167.71	48.67
167.76	47.29
167.82	42.75
167.88	42.10
167.93	49.73
167.99	48.39
168.05	50.47
168.10	58.16
168.16	57.74
168.21	55.99
168.27	60.12
168.33	61.74
168.38	54.75
168.44	59.54
168.50	58.00
168.55	56.79
168.61	57.45
168.67	59.49
168.72	56.51
168.78	56.90
168.84	52.29
168.89	51.07
168.95	51.75
169.01	51.53
169.06	50.90
169.12	50.63
169.18	48.41
169.23	48.19
169.29	52.92
169.34	57.14
169.40	60.01
169.46	64.85
169.51	67.10
169.57	62.09
169.63	58.27
169.68	63.19
169.74	59.64
169.80	65.16
169.85	67.05
169.91	71.08
169.97	67.33
170.02	66.91
170.08	66.23
170.13	66.00
170.19	65.72
170.25	66.94
170.30	71.25
170.36	62.99
170.42	65.47
170.47	66.21
170.53	67.85
170.59	64.42
170.64	68.24
170.70	66.10
170.76	63.91
170.81	65.11
170.87	64.70
170.92	65.02
170.98	67.86
171.04	70.46
171.09	66.77
171.15	73.91
171.21	74.58
171.26	71.14
171.32	68.08
171.37	71.54
171.43	66.22
171.49	71.04
171.54	74.64
171.60	76.34
171.66	78.04
171.71	79.05
171.77	76.90
171.83	83.24
171.88	82.32
171.94	82.10
171.99	86.00
172.05	84.62
172.11	85.47
172.16	94.01
172.22	94.27
172.28	94.90
172.33	92.72
172.39	89.60
172.44	86.44
172.50	91.58
172.56	91.00
172.61	99.68
172.67	99.37
172.72	99.42
172.78	94.27
172.84	88.95
172.89	82.13
172.95	81.12
173.01	81.61
173.06	80.40
173.12	86.50
173.17	88.44
173.23	87.89
173.29	88.29
173.34	89.83
173.40	84.18
173.46	83.94
173.51	86.98
173.57	87.08
173.62	81.84
173.68	88.17
173.74	87.41
173.79	88.99
173.85	85.76
173.90	88.51
173.96	85.16
174.02	81.81
174.07	73.25
174.13	72.50
174.18	74.46
174.24	67.76
174.30	69.07
174.35	74.13
174.41	71.55
174.47	65.72
174.52	66.98
174.58	65.43
174.63	61.66
174.69	60.64
174.75	63.00
174.80	74.02
174.86	71.61
174.91	71.68
174.97	71.33
175.03	68.45
175.08	55.93
175.14	62.87
175.19	59.15
175.25	60.03
175.31	64.14
175.36	66.14
175.42	62.78
175.47	67.56
175.53	67.91
175.59	64.48
175.64	66.46
175.70	64.69
175.75	60.15
175.81	58.16
175.87	59.52
175.92	55.23
175.98	56.58
176.03	56.63
176.09	57.47
176.15	56.77
176.20	57.49
176.26	57.40
176.31	60.59
176.37	58.07
176.42	59.39
176.48	63.39
176.54	61.39
176.59	58.38
176.65	61.21
176.70	62.74
176.76	61.62
176.82	59.39
176.87	56.66
176.93	56.42
176.98	55.57
177.04	50.73
177.10	55.64
177.15	57.35
177.21	58.05
177.26	56.48
177.32	60.22
177.37	61.52
177.43	65.03
177.49	61.72
177.54	59.35
177.60	59.61
177.65	60.04
177.71	54.42
177.77	57.47
177.82	59.09
177.88	63.07
177.93	58.70
177.99	65.24
178.04	60.78
178.10	61.46
178.16	54.65
178.21	55.35
178.27	52.57
178.32	56.97
178.38	55.81
178.43	57.62
178.49	58.04
178.55	57.14
178.60	55.69
178.66	54.87
178.71	56.23
178.77	53.64
178.82	54.81
178.88	54.76
178.94	55.17
178.99	56.55
179.05	61.42
179.10	57.62
179.16	60.23
179.21	62.73
179.27	61.08
179.33	56.23
179.38	59.66
179.44	57.82
179.49	57.89
179.55	56.34
179.60	56.85
179.66	56.08
179.72	58.39
179.77	55.60
179.83	54.29
179.88	55.63
179.94	56.87
179.99	52.76
180.05	53.29
180.11	54.44
180.16	56.85
180.22	59.22
180.27	64.38
180.33	65.61
180.38	69.91
180.44	65.67
180.49	65.73
180.55	63.77
180.61	67.59
180.66	61.89
180.72	60.54
180.77	58.37
180.83	57.94
180.88	54.91
180.94	54.73
180.99	57.99
181.05	57.99
181.11	59.16
181.16	59.54
181.22	61.01
181.27	63.63
181.33	62.40
181.38	59.05
181.44	60.00
181.49	65.09
181.55	65.75
181.61	71.84
181.66	74.53
181.72	72.45
181.77	69.28
181.83	66.79
181.88	72.08
181.94	73.94
181.99	79.15
182.05	79.47
182.11	80.37
182.16	71.14
182.22	69.17
182.27	65.00
182.33	68.21
182.38	67.86
182.44	72.28
182.49	74.43
182.55	76.32
182.60	75.44
182.66	79.10
182.72	82.07
182.77	84.41
182.83	88.03
182.88	91.04
182.94	91.98
182.99	88.57
183.05	87.31
183.10	88.68
183.16	87.74
183.21	89.14
183.27	97.24
183.32	101.45
183.38	105.58
183.44	113.61
183.49	119.29
183.55	120.99
183.60	128.12
183.66	134.23
183.71	143.47
183.77	151.42
183.82	161.69
183.88	173.46
183.93	186.39
183.99	200.56
184.04	217.77
184.10	230.32
184.15	242.54
184.21	256.01
184.27	258.14
184.32	258.99
184.38	256.48
184.43	251.72
184.49	233.95
184.54	216.21
184.60	205.68
184.65	191.29
184.71	181.47
184.76	182.64
184.82	199.67
184.87	216.94
184.93	243.80
184.98	272.99
185.04	306.41
185.09	332.10
185.15	359.23
185.20	392.09
185.26	427.14
185.31	456.21
185.37	486.47
185.43	507.82
185.48	527.96
185.54	551.66
185.59	578.05
185.65	603.01
185.70	645.07
185.76	691.52
185.81	726.69
185.87	763.82
185.92	810.25
185.98	845.13
186.03	861.66
186.09	862.35
186.14	837.62
186.20	781.90
186.25	694.31
186.31	606.24
186.36	538.40
186.42	507.92
186.47	516.45
186.53	565.54
186.58	636.89
186.64	713.89
186.69	788.97
186.75	851.88
186.80	911.04
186.86	969.29
186.91	1029.24
186.97	1084.85
187.02	1154.91
187.08	1221.53
187.13	1277.46
187.19	1336.43
187.24	1395.84
187.30	1434.86
187.35	1475.37
187.41	1530.42
187.47	1582.36
187.52	1628.95
187.58	1689.08
187.63	1763.54
187.69	1840.88
187.74	1910.51
187.80	1971.68
187.85	2019.87
187.91	2043.33
187.96	2029.61
188.02	1970.44
188.07	1867.02
188.13	1717.05
188.18	1557.09
188.24	1439.30
188.29	1382.54
188.35	1395.30
188.40	1479.26
188.46	1607.01
188.51	1734.98
188.57	1866.49
188.62	1993.08
188.67	2110.55
188.73	2221.76
188.78	2328.11
188.84	2431.22
188.89	2534.57
188.95	2641.49
189.00	2733.76
189.06	2832.53
189.11	2928.75
189.17	3013.21
189.22	3085.75
189.28	3175.77
189.33	3254.29
189.39	3318.38
189.44	3385.10
189.50	3460.89
189.55	3529.28
189.61	3580.08
189.66	3636.28
189.72	3693.77
189.77	3745.31
189.83	3770.34
189.88	3779.49
189.94	3749.59
189.99	3667.31
190.05	3510.26
190.10	3287.39
190.16	3030.84
190.21	2804.39
190.27	2655.61
190.32	2610.96
190.38	2671.10
190.43	2814.92
190.49	2985.57
190.54	3131.92
190.60	3259.08
190.65	3368.74
190.71	3461.23
190.76	3546.97
190.81	3637.76
190.87	3733.80
190.92	3854.08
190.98	3986.17
191.03	4124.23
191.09	4268.72
191.14	4396.34
191.20	4497.30
191.25	4598.79
191.31	4700.15
191.36	4803.29
191.42	4919.03
191.47	5046.80
191.53	5174.03
191.58	5279.39
191.64	5365.36
191.69	5436.99
191.75	5484.37
191.80	5514.10
191.85	5535.51
191.91	5555.04
191.96	5574.81
192.02	5604.91
192.07	5619.84
192.13	5616.79
192.18	5568.89
192.24	5450.37
192.29	5253.84
192.35	5026.97
192.40	4839.32
192.46	4731.33
192.51	4725.55
192.57	4820.75
192.62	4997.57
192.67	5184.48
192.73	5364.87
192.78	5530.39
192.84	5683.74
192.89	5823.66
192.95	5954.03
193.00	6067.87
193.06	6180.50
193.11	6286.52
193.17	6373.80
193.22	6461.66
193.28	6553.74
193.33	6630.29
193.38	6700.80
193.44	6773.95
193.49	6846.86
193.55	6903.89
193.60	6958.76
193.66	7010.30
193.71	7056.94
193.77	7081.00
193.82	7101.77
193.88	7123.52
193.93	7151.34
193.98	7176.25
194.04	7215.38
194.09	7264.62
194.15	7316.16
194.20	7359.29
194.26	7400.29
194.31	7443.47
194.37	7464.28
194.42	7466.16
194.47	7456.35
194.53	7410.28
194.58	7315.54
194.64	7205.39
194.69	7108.18
194.75	7035.17
194.80	7019.73
194.86	7061.60
194.91	7152.38
194.97	7258.18
195.02	7364.72
195.07	7469.02
195.13	7572.09
195.18	7681.15
195.24	7781.81
195.29	7884.37
195.35	7973.75
195.40	8064.68
195.46	8135.33
195.51	8221.22
195.56	8306.16
195.62	8393.33
195.67	8466.60
195.73	8545.36
195.78	8603.50
195.84	8646.61
195.89	8678.45
195.94	8714.94
196.00	8749.52
196.05	8790.89
196.11	8842.61
196.16	8901.96
196.22	8962.84
196.27	9027.14
196.32	9083.31
196.38	9136.59
196.43	9189.49
196.49	9229.29
196.54	9266.46
196.60	9308.44
196.65	9351.04
196.71	9387.85
196.76	9433.49
196.81	9468.57
196.87	9505.21
196.92	9533.63
196.98	9551.87
197.03	9560.97
197.09	9557.72
197.14	9547.97
197.19	9546.92
197.25	9563.02
197.30	9589.20
197.36	9641.76
197.41	9704.15
197.47	9770.14
197.52	9833.46
197.57	9900.20
197.63	9955.80
197.68	10015.74
197.74	10066.83
197.79	10113.24
197.84	10156.57
197.90	10205.83
197.95	10240.89
198.01	10279.21
198.06	10320.60
198.12	10361.58
198.17	10394.82
198.22	10438.44
198.28	10478.13
198.33	10519.63
198.39	10563.29
198.44	10614.29
198.49	10655.63
198.55	10701.86
198.60	10748.12
198.66	10789.94
198.71	10835.09
198.77	10885.63
198.82	10938.04
198.87	10986.63
198.93	11034.46
198.98	11076.52
199.04	11125.04
199.09	11164.01
199.14	11208.39
199.20	11255.00
199.25	11300.99
199.31	11339.76
199.36	11386.00
199.42	11428.88
199.47	11471.10
199.52	11510.63
199.58	11552.88
199.63	11580.23
199.69	11607.90
199.74	11637.48
199.79	11664.18
199.85	11686.44
199.90	11727.06
199.96	11768.18
200.01	11815.01
200.06	11865.18
200.12	11917.28
200.17	11972.08
200.23	12026.46
200.28	12068.54
200.33	12122.19
200.39	12166.57
200.44	12208.88
200.50	12251.28
200.55	12292.90
200.60	12330.50
200.66	12375.54
200.71	12405.35
200.77	12443.60
200.82	12483.92
200.87	12522.01
200.93	12555.46
200.98	12601.15
201.04	12641.15
201.09	12684.37
201.14	12735.19
201.20	12787.90
201.25	12840.65
201.31	12892.55
201.36	12954.40
201.41	13009.93
201.47	13071.83
201.52	13124.20
201.58	13188.12
201.63	13235.08
201.68	13280.00
201.74	13323.70
201.79	13374.72
201.84	13424.62
201.90	13473.99
201.95	13529.29
202.01	13580.67
202.06	13632.32
202.11	13670.73
202.17	13717.64
202.22	13758.94
202.28	13801.19
202.33	13842.37
202.38	13880.17
202.44	13923.42
202.49	13968.68
202.54	14015.76
202.60	14059.44
202.65	14113.11
202.71	14157.25
202.76	14195.08
202.81	14235.55
202.87	14283.93
202.92	14327.93
202.98	14382.24
203.03	14434.08
203.08	14487.32
203.14	14539.41
203.19	14596.26
203.24	14650.20
203.30	14711.46
203.35	14761.14
203.41	14812.34
203.46	14853.62
203.51	14894.11
203.57	14930.45
203.62	14975.38
203.67	15025.33
203.73	15073.86
203.78	15122.05
203.84	15168.91
203.89	15215.91
203.94	15252.81
204.00	15295.89
204.05	15332.57
204.10	15365.49
204.16	15388.56
204.21	15413.14
204.27	15429.09
204.32	15436.41
204.37	15437.73
204.43	15427.06
204.48	15404.50
204.53	15385.03
204.59	15394.78
204.64	15453.63
204.69	15555.09
204.75	15681.30
204.80	15819.32
204.86	15938.11
204.91	16017.57
204.96	16068.96
205.02	16101.82
205.07	16143.39
205.12	16201.08
205.18	16280.46
205.23	16375.78
205.28	16487.49
205.34	16585.84
205.39	16676.49
205.45	16756.20
205.50	16821.99
205.55	16881.63
205.61	16946.59
205.66	17001.52
205.71	17060.19
205.77	17120.91
205.82	17182.42
205.87	17234.68
205.93	17289.36
205.98	17337.35
206.03	17383.49
206.09	17431.52
206.14	17483.94
206.20	17537.69
206.25	17591.49
206.30	17653.60
206.36	17707.71
206.41	17766.40
206.46	17822.29
206.52	17873.47
206.57	17923.13
206.62	17967.15
206.68	18009.58
206.73	18056.94
206.78	18115.22
206.84	18169.58
206.89	18228.91
206.94	18291.76
207.00	18364.07
207.05	18432.99
207.11	18498.31
207.16	18564.29
207.21	18628.63
207.27	18678.59
207.32	18726.24
207.37	18781.16
207.43	18835.51
207.48	18881.68
207.53	18936.45
207.59	18990.31
207.64	19046.86
207.69	19115.84
207.75	19187.35
207.80	19247.12
207.85	19307.01
207.91	19358.41
207.96	19407.19
208.01	19463.19
208.07	19523.57
208.12	19590.23
208.17	19648.11
208.23	19699.78
208.28	19749.05
208.33	19805.34
208.39	19864.25
208.44	19932.26
208.49	19996.29
208.55	20056.72
208.60	20110.90
208.65	20155.63
208.71	20208.49
208.76	20262.40
208.81	20321.50
208.87	20389.07
208.92	20450.24
208.97	20509.45
209.03	20572.15
209.08	20633.39
209.13	20692.59
209.19	20755.83
209.24	20816.39
209.29	20876.54
209.35	20929.49
209.40	20986.47
209.45	21050.29
209.51	21108.27
209.56	21165.29
209.61	21234.19
209.67	21298.84
209.72	21353.59
209.77	21418.65
209.83	21485.35
209.88	21551.99
209.93	21613.35
209.99	21682.58
210.04	21749.66
210.09	21812.43
210.15	21866.50
210.20	21926.39
210.25	21987.10
210.31	22048.53
210.36	22102.39
210.41	22158.51
210.46	22215.80
210.52	22267.78
210.57	22313.85
210.62	22377.39
210.68	22446.91
210.73	22501.41
210.78	22564.57
210.84	22634.29
210.89	22696.12
210.94	22748.50
211.00	22805.74
211.05	22855.63
211.10	22916.83
211.16	22973.28
211.21	23040.90
211.26	23108.59
211.32	23183.76
211.37	23240.34
211.42	23310.49
211.47	23376.09
211.53	23440.31
211.58	23504.01
211.63	23568.22
211.69	23623.89
211.74	23673.65
211.79	23726.89
211.85	23781.82
211.90	23846.27
211.95	23914.25
212.01	23985.10
212.06	24064.81
212.11	24138.18
212.16	24205.73
212.22	24277.58
212.27	24343.67
212.32	24410.36
212.38	24480.16
212.43	24549.96
212.48	24611.94
212.54	24683.15
212.59	24753.96
212.64	24817.34
212.69	24876.81
212.75	24945.92
212.80	25008.72
212.85	25068.80
212.91	25123.63
212.96	25182.52
213.01	25240.66
213.07	25300.44
213.12	25362.04
213.17	25428.79
213.22	25498.49
213.28	25557.32
213.33	25608.13
213.38	25663.83
213.44	25723.40
213.49	25786.57
213.54	25861.11
213.60	25942.69
213.65	26021.62
213.70	26102.13
213.75	26170.35
213.81	26225.08
213.86	26283.39
213.91	26329.62
213.97	26369.35
214.02	26408.92
214.07	26447.57
214.12	26485.54
214.18	26521.23
214.23	26559.36
214.28	26596.47
214.34	26627.44
214.39	26646.88
214.44	26651.09
214.49	26624.09
214.55	26579.38
214.60	26515.51
214.65	26422.28
214.71	26342.15
214.76	26345.67
214.81	26423.75
214.86	26583.92
214.92	26807.94
214.97	27054.21
215.02	27244.14
215.08	27374.70
215.13	27460.38
215.18	27496.16
215.23	27508.58
215.29	27543.61
215.34	27622.56
215.39	27722.92
215.45	27879.29
215.50	28055.53
215.55	28226.75
215.60	28359.96
215.66	28456.58
215.71	28537.31
215.76	28610.34
215.81	28667.75
215.87	28730.73
215.92	28795.36
215.97	28844.57
216.03	28905.27
216.08	28966.86
216.13	29027.27
216.18	29088.81
216.24	29151.77
216.29	29200.99
216.34	29251.11
216.39	29310.01
216.45	29369.56
216.50	29427.54
216.55	29488.78
216.61	29561.72
216.66	29618.08
216.71	29676.82
216.76	29740.03
216.82	29816.88
216.87	29878.76
216.92	29955.40
216.97	30025.99
217.03	30098.08
217.08	30171.39
217.13	30255.12
217.18	30321.37
217.24	30400.18
217.29	30471.18
217.34	30520.05
217.39	30560.06
217.45	30612.93
217.50	30657.75
217.55	30716.50
217.61	30785.25
217.66	30853.86
217.71	30920.29
217.76	31003.64
217.82	31079.80
217.87	31157.08
217.92	31229.84
217.97	31294.69
218.03	31356.76
218.08	31402.16
218.13	31446.96
218.18	31496.36
218.24	31567.50
218.29	31618.62
218.34	31685.86
218.39	31749.07
218.45	31821.58
218.50	31879.28
218.55	31939.79
218.60	32002.19
218.66	32055.39
218.71	32109.69
218.76	32169.94
218.81	32239.35
218.87	32302.30
218.92	32369.89
218.97	32448.16
219.02	32516.15
219.08	32584.03
219.13	32659.13
219.18	32735.02
219.23	32789.77
219.29	32855.46
219.34	32918.61
219.39	32975.86
219.44	33032.18
219.50	33098.11
219.55	33160.59
219.60	33225.64
219.65	33291.45
219.71	33360.02
219.76	33417.94
219.81	33469.90
219.86	33523.29
219.92	33572.86
219.97	33627.11
220.02	33684.51
220.07	33743.82
220.13	33810.68
220.18	33882.23
220.23	33948.94
220.28	34024.71
220.33	34104.11
220.39	34163.68
220.44	34224.58
220.49	34282.92
220.54	34333.09
220.60	34383.76
220.65	34443.27
220.70	34506.14
220.75	34576.82
220.81	34655.88
220.86	34731.66
220.91	34801.70
220.96	34868.89
221.02	34938.03
221.07	35004.76
221.12	35062.80
221.17	35124.04
221.22	35186.04
221.28	35242.13
221.33	35303.90
221.38	35366.96
221.43	35436.63
221.49	35501.11
221.54	35562.36
221.59	35625.29
221.64	35706.58
221.69	35791.87
221.75	35888.75
221.80	35991.27
221.85	36066.17
221.90	36128.21
221.96	36184.62
222.01	36217.74
222.06	36252.59
222.11	36304.29
222.17	36357.12
222.22	36388.06
222.27	36437.36
222.32	36484.23
222.37	36530.55
222.43	36594.07
222.48	36660.37
222.53	36738.96
222.58	36824.51
222.63	36902.00
222.69	36959.16
222.74	37035.97
222.79	37096.19
222.84	37136.92
222.90	37186.14
222.95	37240.90
223.00	37285.80
223.05	37333.30
223.10	37395.20
223.16	37450.66
223.21	37500.90
223.26	37551.80
223.31	37594.86
223.36	37629.26
223.42	37672.49
223.47	37697.22
223.52	37743.22
223.57	37792.04
223.63	37846.17
223.68	37896.74
223.73	37978.43
223.78	38050.19
223.83	38112.54
223.89	38169.17
223.94	38236.71
223.99	38300.10
224.04	38369.94
224.09	38450.28
224.15	38554.24
224.20	38636.06
224.25	38729.25
224.30	38809.24
224.35	38901.16
224.41	38984.28
224.46	39077.98
224.51	39157.74
224.56	39240.15
224.61	39314.63
224.67	39390.04
224.72	39460.61
224.77	39557.59
224.82	39658.62
224.87	39748.06
224.93	39830.89
224.98	39916.47
225.03	39996.29
225.08	40068.76
225.13	40150.39
225.19	40237.54
225.24	40331.75
225.29	40396.34
225.34	40478.47
225.39	40551.54
225.45	40620.91
225.50	40682.94
225.55	40760.29
225.60	40822.01
225.65	40888.76
225.71	40950.46
225.76	41011.14
225.81	41059.77
225.86	41102.15
225.91	41138.13
225.97	41152.82
226.02	41143.09
226.07	41104.59
226.12	41091.49
226.17	41120.09
226.22	41217.12
226.28	41378.15
226.33	41602.59
226.38	41805.84
226.43	41969.23
226.48	42078.04
226.54	42152.68
226.59	42196.12
226.64	42238.58
226.69	42263.50
226.74	42311.82
226.80	42374.76
226.85	42462.47
226.90	42561.84
226.95	42705.34
227.00	42839.31
227.05	42974.65
227.11	43095.42
227.16	43210.74
227.21	43298.95
227.26	43395.79
227.31	43474.08
227.37	43534.79
227.42	43608.30
227.47	43694.10
227.52	43754.65
227.57	43821.19
227.62	43907.23
227.68	43970.99
227.73	44047.49
227.78	44129.16
227.83	44211.08
227.88	44282.18
227.93	44364.83
227.99	44439.77
228.04	44520.43
228.09	44595.68
228.14	44666.39
228.19	44740.27
228.24	44798.40
228.30	44866.84
228.35	44938.85
228.40	45007.60
228.45	45065.89
228.50	45143.32
228.56	45215.56
228.61	45271.46
228.66	45332.62
228.71	45400.04
228.76	45443.97
228.81	45484.70
228.87	45528.61
228.92	45587.03
228.97	45639.60
229.02	45732.49
229.07	45802.59
229.12	45893.71
229.17	45962.31
229.23	46039.45
229.28	46105.64
229.33	46188.36
229.38	46262.66
229.43	46341.99
229.48	46425.72
229.54	46490.81
229.59	46561.16
229.64	46626.72
229.69	46708.39
229.74	46789.91
229.79	46866.23
229.85	46940.79
229.90	47012.90
229.95	47078.49
230.00	47131.33
230.05	47210.14
230.10	47277.79
230.16	47341.83
230.21	47398.97
230.26	47465.95
230.31	47498.83
230.36	47554.80
230.41	47623.55
230.46	47715.36
230.52	47798.88
230.57	47881.36
230.62	47965.47
230.67	48032.12
230.72	48083.54
230.77	48130.91
230.82	48195.19
230.88	48229.31
230.93	48273.14
230.98	48317.44
231.03	48370.30
231.08	48423.56
231.13	48479.52
231.19	48546.67
231.24	48611.96
231.29	48683.26
231.34	48749.13
231.39	48830.52
231.44	48905.75
231.49	48963.46
231.55	49013.94
231.60	49060.12
231.65	49114.44
231.70	49164.58
231.75	49213.34
231.80	49264.15
231.85	49317.26
231.91	49356.00
231.96	49395.82
232.01	49461.05
232.06	49520.95
232.11	49589.01
232.16	49668.78
232.21	49756.37
232.26	49842.61
232.32	49928.98
232.37	49996.71
232.42	50062.62
232.47	50107.18
232.52	50153.76
232.57	50201.81
232.62	50272.99
232.68	50329.81
232.73	50404.89
232.78	50472.35
232.83	50549.48
232.88	50616.53
232.93	50694.21
232.98	50764.56
233.03	50821.10
233.09	50883.14
233.14	50954.36
233.19	51013.28
233.24	51061.33
233.29	51119.67
233.34	51151.06
233.39	51160.73
233.45	51185.76
233.50	51223.12
233.55	51261.80
233.60	51327.82
233.65	51397.46
233.70	51455.30
233.75	51506.97
233.80	51562.92
233.86	51613.98
233.91	51659.90
233.96	51710.61
234.01	51767.12
234.06	51816.93
234.11	51872.76
234.16	51935.76
234.21	51995.63
234.26	52047.39
234.32	52096.44
234.37	52128.89
234.42	52159.05
234.47	52179.06
234.52	52207.84
234.57	52238.58
234.62	52279.20
234.67	52332.50
234.73	52393.30
234.78	52449.59
234.83	52505.69
234.88	52550.54
234.93	52580.83
234.98	52620.64
235.03	52662.77
235.08	52716.66
235.13	52771.78
235.19	52838.98
235.24	52897.65
235.29	52965.84
235.34	53008.54
235.39	53045.18
235.44	53077.08
235.49	53114.40
235.54	53136.27
235.59	53165.89
235.65	53202.40
235.70	53229.31
235.75	53267.72
235.80	53328.03
235.85	53380.06
235.90	53422.89
235.95	53466.10
236.00	53493.61
236.05	53511.45
236.11	53539.16
236.16	53576.65
236.21	53612.65
236.26	53655.44
236.31	53679.26
236.36	53705.58
236.41	53714.15
236.46	53726.08
236.51	53746.59
236.56	53771.35
236.62	53790.69
236.67	53833.44
236.72	53880.64
236.77	53902.95
236.82	53950.25
236.87	53981.69
236.92	54002.13
236.97	54041.06
237.02	54088.59
237.07	54133.84
237.13	54198.25
237.18	54251.26
237.23	54291.85
237.28	54336.57
237.33	54369.00
237.38	54383.68
237.43	54414.89
237.48	54427.21
237.53	54445.24
237.58	54474.97
237.63	54518.06
237.69	54551.69
237.74	54601.99
237.79	54639.65
237.84	54652.51
237.89	54660.94
237.94	54672.16
237.99	54687.78
238.04	54701.89
238.09	54723.53
238.14	54745.99
238.19	54766.94
238.25	54786.89
238.30	54784.02
238.35	54787.03
238.40	54791.90
238.45	54797.18
238.50	54798.94
238.55	54809.89
238.60	54840.18
238.65	54863.91
238.70	54884.61
238.75	54896.05
238.80	54930.87
238.86	54933.26
238.91	54943.30
238.96	54974.54
239.01	55016.96
239.06	55045.45
239.11	55081.71
239.16	55115.61
239.21	55111.64
239.26	55094.63
239.31	55101.09
239.36	55105.43
239.41	55120.84
239.46	55154.35
239.52	55190.29
239.57	55213.02
239.62	55234.64
239.67	55259.18
239.72	55277.59
239.77	55293.52
239.82	55309.72
239.87	55321.36
239.92	55323.91
239.97	55320.65
240.02	55309.45
240.07	55288.20
240.12	55286.69
240.17	55285.78
240.23	55284.70
240.28	55292.62
240.33	55304.14
240.38	55296.73
240.43	55297.00
240.48	55309.27
240.53	55327.18
240.58	55348.33
240.63	55385.78
240.68	55395.52
240.73	55393.15
240.78	55389.17
240.83	55387.07
240.88	55368.20
240.93	55355.27
240.98	55355.32
241.04	55369.24
241.09	55396.65
241.14	55416.91
241.19	55463.18
241.24	55500.19
241.29	55512.56
241.34	55522.96
241.39	55532.79
241.44	55526.26
241.49	55528.10
241.54	55531.67
241.59	55523.85
241.64	55528.26
241.69	55528.64
241.74	55516.95
241.79	55507.24
241.84	55493.85
241.90	55475.80
241.95	55445.61
242.00	55419.66
242.05	55402.56
242.10	55388.39
242.15	55370.26
242.20	55372.96
242.25	55372.63
242.30	55360.42
242.35	55352.76
242.40	55347.37
242.45	55335.39
242.50	55325.29
242.55	55322.19
242.60	55319.55
242.65	55317.37
242.70	55326.60
242.75	55351.61
242.80	55392.06
242.85	55424.69
242.91	55445.81
242.96	55443.96
243.01	55421.02
243.06	55392.85
243.11	55354.79
243.16	55328.93
243.21	55326.94
243.26	55340.95
243.31	55348.39
243.36	55361.56
243.41	55380.10
243.46	55376.04
243.51	55340.66
243.56	55294.04
243.61	55244.64
243.66	55200.41
243.71	55170.19
243.76	55171.99
243.81	55191.68
243.86	55196.31
243.91	55202.29
243.96	55196.72
244.01	55176.21
244.06	55134.05
244.12	55128.92
244.17	55108.14
244.22	55111.35
244.27	55137.10
244.32	55177.46
244.37	55190.13
244.42	55203.01
244.47	55192.41
244.52	55165.47
244.57	55135.51
244.62	55107.89
244.67	55081.42
244.72	55062.58
244.77	55052.50
244.82	55063.21
244.87	55089.69
244.92	55116.88
244.97	55132.53
245.02	55134.71
245.07	55108.91
245.12	55083.95
245.17	55064.84
245.22	55063.80
245.27	55058.42
245.32	55029.31
245.37	54985.55
245.42	54939.53
245.47	54884.24
245.52	54844.28
245.57	54835.81
245.62	54829.14
245.67	54816.55
245.72	54815.77
245.77	54787.09
245.82	54759.85
245.87	54757.51
245.92	54770.37
245.98	54756.32
246.03	54766.40
246.08	54775.99
246.13	54773.82
246.18	54769.44
246.23	54770.78
246.28	54756.62
246.33	54751.46
246.38	54722.91
246.43	54694.83
246.48	54668.15
246.53	54665.39
246.58	54670.31
246.63	54682.79
246.68	54671.84
246.73	54662.85
246.78	54636.77
246.83	54572.61
246.88	54511.51
246.93	54460.35
246.98	54409.84
247.03	54371.63
247.08	54363.29
247.13	54357.66
247.18	54364.22
247.23	54390.41
247.28	54408.34
247.33	54388.51
247.38	54370.19
247.43	54351.32
247.48	54328.95
247.53	54291.47
247.58	54260.49
247.63	54231.76
247.68	54187.51
247.73	54132.03
247.78	54091.09
247.83	54063.05
247.88	54037.71
247.93	54029.58
247.98	54022.76
248.03	54029.50
248.08	54051.66
248.13	54052.61
248.18	54037.68
248.23	54031.31
248.28	54001.44
248.33	53953.81
248.38	53913.67
248.43	53896.40
248.48	53877.89
248.53	53858.36
248.58	53839.23
248.63	53834.48
248.68	53812.09
248.73	53784.57
248.78	53751.83
248.83	53715.54
248.88	53655.30
248.93	53588.62
248.98	53505.26
249.03	53462.36
249.08	53427.54
249.13	53419.28
249.18	53404.79
249.23	53424.18
249.28	53416.69
249.33	53421.95
249.38	53408.27
249.43	53399.89
249.48	53375.59
249.53	53367.05
249.58	53337.90
249.63	53317.57
249.68	53302.35
249.73	53281.04
249.78	53248.46
249.83	53246.34
249.88	53221.00
249.93	53209.42
249.98	53198.36
250.03	53195.43
250.08	53164.98
250.13	53159.64
250.18	53130.49
250.23	53094.94
250.28	53052.38
250.33	53000.99
250.37	52949.57
250.42	52913.33
250.47	52881.86
250.52	52867.89
250.57	52851.16
250.62	52811.78
250.67	52776.56
250.72	52755.94
250.77	52702.64
250.82	52677.31
250.87	52685.06
250.92	52678.72
250.97	52657.73
251.02	52657.50
251.07	52660.21
251.12	52632.73
251.17	52596.00
251.22	52567.89
251.27	52530.31
251.32	52475.80
251.37	52428.79
251.42	52388.50
251.47	52343.04
251.52	52317.69
251.57	52299.07
251.62	52289.94
251.67	52276.13
251.72	52256.84
251.77	52220.60
251.82	52177.66
251.87	52125.22
251.92	52078.05
251.97	52032.21
252.02	51986.24
252.07	51958.80
252.12	51937.22
252.16	51936.20
252.21	51935.25
252.26	51944.78
252.31	51944.69
252.36	51942.33
252.41	51925.49
252.46	51902.91
252.51	51870.88
252.56	51835.74
252.61	51813.18
252.66	51786.33
252.71	51760.49
252.76	51735.60
252.81	51693.42
252.86	51629.05
252.91	51576.67
252.96	51512.91
253.01	51443.58
253.06	51386.12
253.11	51340.98
253.16	51288.36
253.21	51238.15
253.26	51202.84
253.31	51170.80
253.36	51146.51
253.40	51128.66
253.45	51124.37
253.50	51078.37
253.55	51044.33
253.60	51002.11
253.65	50950.02
253.70	50912.87
253.75	50904.10
253.80	50882.22
253.85	50870.86
253.90	50874.68
253.95	50862.95
254.00	50859.18
254.05	50847.53
254.10	50820.57
254.15	50787.92
254.20	50759.10
254.25	50723.35
254.30	50688.58
254.35	50643.90
254.39	50574.09
254.44	50496.03
254.49	50416.98
254.54	50395.69
254.59	50366.23
254.64	50360.34
254.69	50355.32
254.74	50355.95
254.79	50316.69
254.84	50281.73
254.89	50270.06
254.94	50253.12
254.99	50241.99
255.04	50225.66
255.09	50226.85
255.14	50188.17
255.19	50174.66
255.23	50162.90
255.28	50148.49
255.33	50130.81
255.38	50131.13
255.43	50115.79
255.48	50084.02
255.53	50045.22
255.58	50011.58
255.63	49977.81
255.68	49927.51
255.73	49890.75
255.78	49858.12
255.83	49833.00
255.88	49803.59
255.93	49776.98
255.97	49754.64
256.02	49722.98
256.07	49682.59
256.12	49613.15
256.17	49567.25
256.22	49507.74
256.27	49455.45
256.32	49406.98
256.37	49388.61
256.42	49363.11
256.47	49342.39
256.52	49320.92
256.57	49297.90
256.62	49285.36
256.66	49269.91
256.71	49233.95
256.76	49191.60
256.81	49138.08
256.86	49080.11
256.91	49035.83
256.96	48999.44
257.01	48974.72
257.06	48961.20
257.11	48930.04
257.16	48876.87
257.21	48835.27
257.26	48800.78
257.30	48752.88
257.35	48706.34
257.40	48681.61
257.45	48664.53
257.50	48625.32
257.55	48599.47
257.60	48582.65
257.65	48564.46
257.70	48527.66
257.75	48500.08
257.80	48471.97
257.85	48439.97
257.89	48390.22
257.94	48333.37
257.99	48273.99
258.04	48208.57
258.09	48172.72
258.14	48134.46
258.19	48118.64
258.24	48100.96
258.29	48073.51
258.34	48026.44
258.39	47998.26
258.44	47941.28
258.48	47889.55
258.53	47849.47
258.58	47807.13
258.63	47746.79
258.68	47701.93
258.73	47663.37
258.78	47628.23
258.83	47578.43
258.88	47547.27
258.93	47514.93
258.97	47478.69
259.02	47453.81
259.07	47434.88
259.12	47415.67
259.17	47398.65
259.22	47385.94
259.27	47355.10
259.32	47333.99
259.37	47290.20
259.42	47250.42
259.47	47200.04
259.51	47153.29
259.56	47091.72
259.61	47023.19
259.66	46944.64
259.71	46879.62
259.76	46816.88
259.81	46762.54
259.86	46727.49
259.91	46699.87
259.95	46666.69
260.00	46636.99
260.05	46617.63
260.10	46596.00
260.15	46582.38
260.20	46572.93
260.25	46566.79
260.30	46552.88
260.35	46533.92
260.40	46499.54
260.44	46471.17
260.49	46447.77
260.54	46406.17
260.59	46376.70
260.64	46368.74
260.69	46367.65
260.74	46332.52
260.79	46299.92
260.84	46257.28
260.88	46199.57
260.93	46117.16
260.98	46077.36
261.03	46033.04
261.08	46008.35
261.13	45970.75
261.18	45934.25
261.23	45875.25
261.28	45835.53
261.32	45783.97
261.37	45742.22
261.42	45714.14
261.47	45696.52
261.52	45657.10
261.57	45612.58
261.62	45572.50
261.67	45520.77
261.71	45451.47
261.76	45410.71
261.81	45358.74
261.86	45305.21
261.91	45254.00
261.96	45218.97
262.01	45173.04
262.06	45153.43
262.10	45142.51
262.15	45122.22
262.20	45100.64
262.25	45081.56
262.30	45052.29
262.35	45019.47
262.40	44989.01
262.45	44958.38
262.49	44930.43
262.54	44902.52
262.59	44874.01
262.64	44851.11
262.69	44817.12
262.74	44770.10
262.79	44711.59
262.84	44663.26
262.88	44619.61
262.93	44570.04
262.98	44531.93
263.03	44493.07
263.08	44432.84
263.13	44362.77
263.18	44301.20
263.23	44243.92
263.27	44202.23
263.32	44175.06
263.37	44157.29
263.42	44144.36
263.47	44110.57
263.52	44082.50
263.57	44052.59
263.61	44006.60
263.66	43959.25
263.71	43933.58
263.76	43897.25
263.81	43850.42
263.86	43823.79
263.91	43785.05
263.95	43717.72
264.00	43652.33
264.05	43600.54
264.10	43538.37
264.15	43480.84
264.20	43445.10
264.25	43410.44
264.29	43362.63
264.34	43310.49
264.39	43275.88
264.44	43222.28
264.49	43169.88
264.54	43129.31
264.59	43093.82
264.63	43047.59
264.68	43001.25
264.73	42954.33
264.78	42900.29
264.83	42841.30
264.88	42794.71
264.93	42767.59
264.97	42739.14
265.02	42716.26
265.07	42708.62
265.12	42673.00
265.17	42629.04
265.22	42590.19
265.27	42534.76
265.31	42470.49
265.36	42405.59
265.41	42348.59
265.46	42282.37
265.51	42213.61
265.56	42149.31
265.60	42096.81
265.65	42038.24
265.70	41985.23
265.75	41933.28
265.80	41883.25
265.85	41820.82
265.90	41762.99
265.94	41703.85
265.99	41650.86
266.04	41598.22
266.09	41561.89
266.14	41525.34
266.19	41492.22
266.23	41461.56
266.28	41418.30
266.33	41377.11
266.38	41352.31
266.43	41328.52
266.48	41304.68
266.52	41284.07
266.57	41249.62
266.62	41200.44
266.67	41147.14
266.72	41098.54
266.77	41065.66
266.81	41045.69
266.86	41020.89
266.91	40995.27
266.96	40952.31
267.01	40905.75
267.06	40849.91
267.10	40797.56
267.15	40749.13
267.20	40728.34
267.25	40691.32
267.30	40662.02
267.35	40622.84
267.39	40582.92
267.44	40534.02
267.49	40487.34
267.54	40429.59
267.59	40383.89
267.64	40335.58
267.68	40274.22
267.73	40220.04
267.78	40183.64
267.83	40158.35
267.88	40140.29
267.93	40137.84
267.97	40125.82
268.02	40090.49
268.07	40046.19
268.12	39985.13
268.17	39907.93
268.21	39858.60
268.26	39815.20
268.31	39772.23
268.36	39728.45
268.41	39696.40
268.46	39647.41
268.50	39615.31
268.55	39561.75
268.60	39501.16
268.65	39439.27
268.70	39366.25
268.74	39293.33
268.79	39227.05
268.84	39182.94
268.89	39144.25
268.94	39111.36
268.99	39070.14
269.03	39030.39
269.08	38975.98
269.13	38894.37
269.18	38814.44
269.23	38714.91
269.27	38606.15
269.32	38483.11
269.37	38366.54
269.42	38230.69
269.47	38093.35
269.51	37958.73
269.56	37822.13
269.61	37680.47
269.66	37533.93
269.71	37381.04
269.76	37229.79
269.80	37076.68
269.85	36926.62
269.90	36780.60
269.95	36640.72
270.00	36484.57
270.04	36337.61
270.09	36197.11
270.14	36054.95
270.19	35914.71
270.24	35783.51
270.28	35631.70
270.33	35457.94
270.38	35278.34
270.43	35098.22
270.48	34914.89
270.52	34753.61
270.57	34597.27
270.62	34441.15
270.67	34292.24
270.72	34138.74
270.76	33960.83
270.81	33795.02
270.86	33627.16
270.91	33447.66
270.96	33276.75
271.00	33125.89
271.05	32961.83
271.10	32819.86
271.15	32691.66
271.20	32571.12
271.24	32432.35
271.29	32301.94
271.34	32156.87
271.39	32002.27
271.44	31848.10
271.48	31709.46
271.53	31563.79
271.58	31422.29
271.63	31279.95
271.67	31138.86
271.72	30988.77
271.77	30844.02
271.82	30705.25
271.87	30567.35
271.91	30409.10
271.96	30271.21
272.01	30131.77
272.06	29995.67
272.11	29875.54
272.15	29772.28
272.20	29668.12
272.25	29568.46
272.30	29471.77
272.35	29362.65
272.39	29252.90
272.44	29125.79
272.49	28993.88
272.54	28852.63
272.58	28708.28
272.63	28547.60
272.68	28396.28
272.73	28241.93
272.78	28066.30
272.82	27864.25
272.87	27649.51
272.92	27365.27
272.97	26841.14
273.01	23887.48
273.06	18943.30
273.11	13491.65
273.16	8141.34
273.21	3065.44
273.25	463.57
273.30	-88.49
273.35	-90.04
