165.32	3377.86
165.38	-246.97
165.44	595.33
165.50	-78.35
165.55	-20.98
165.61	0.43
165.67	27.01
165.72	35.19
165.78	40.25
165.84	38.70
165.89	35.48
165.95	33.82
166.01	32.80
166.06	34.46
166.12	36.82
166.18	34.85
166.23	36.64
166.29	36.41
166.35	32.70
166.40	31.83
166.46	38.33
166.52	40.81
166.57	41.63
166.63	42.22
166.69	44.51
166.74	38.43
166.80	38.88
166.86	40.96
166.91	41.74
166.97	36.08
167.03	38.64
167.08	32.73
167.14	31.77
167.20	29.55
167.25	41.91
167.31	42.37
167.37	47.98
167.42	49.78
167.48	56.07
167.54	50.91
167.59	50.54
167.65	46.32
167.71	45.87
167.76	44.99
167.82	39.88
167.88	39.33
167.93	47.15
167.99	46.33
168.05	48.42
168.10	56.58
168.16	55.72
168.21	53.50
168.27	57.79
168.33	59.25
168.38	52.00
168.44	57.28
168.50	55.93
168.55	54.37
168.61	55.17
168.67	57.05
168.72	53.72
168.78	53.95
168.84	49.63
168.89	48.25
168.95	49.11
169.01	48.81
169.06	48.42
169.12	47.78
169.18	45.83
169.23	46.12
169.29	50.45
169.34	54.81
169.40	57.33
169.46	61.92
169.51	63.88
169.57	59.18
169.63	55.06
169.68	60.47
169.74	56.77
169.80	61.89
169.85	63.62
169.91	67.38
169.97	63.25
170.02	63.48
170.08	62.44
170.13	62.48
170.19	62.55
170.25	63.98
170.30	67.47
170.36	59.63
170.42	62.10
170.47	62.96
170.53	64.85
170.59	62.32
170.64	66.11
170.70	64.02
170.76	61.63
170.81	62.86
170.87	61.93
170.92	62.60
170.98	65.74
171.04	68.26
171.09	64.17
171.15	71.38
171.21	72.21
171.26	69.12
171.32	66.19
171.37	69.65
171.43	64.43
171.49	69.07
171.54	72.31
171.60	73.90
171.66	75.73
171.71	76.32
171.77	74.05
171.83	79.90
171.88	78.99
171.94	78.35
171.99	82.89
172.05	81.91
172.11	82.51
172.16	91.52
172.22	92.08
172.28	91.93
172.33	89.89
172.39	86.85
172.44	83.70
172.50	88.93
172.56	88.61
172.61	96.99
172.67	96.40
172.72	95.94
172.78	90.82
172.84	85.92
172.89	78.85
172.95	78.52
173.01	79.04
173.06	77.88
173.12	84.03
173.17	85.62
173.23	85.24
173.29	85.79
173.34	87.26
173.40	81.42
173.46	81.83
173.51	84.90
173.57	84.90
173.62	79.91
173.68	86.29
173.74	85.48
173.79	86.14
173.85	82.81
173.90	85.43
173.96	81.88
174.02	78.88
174.07	71.27
174.13	70.78
174.18	73.00
174.24	66.59
174.30	66.73
174.35	71.49
174.41	68.35
174.47	62.42
174.52	63.11
174.58	62.44
174.63	58.46
174.69	57.85
174.75	59.80
174.80	71.43
174.86	69.11
174.91	70.19
174.97	69.98
175.03	67.24
175.08	54.72
175.14	61.08
175.19	56.77
175.25	57.51
175.31	61.74
175.36	63.05
175.42	59.63
175.47	64.23
175.53	64.39
175.59	61.07
175.64	62.81
175.70	61.42
175.75	56.71
175.81	54.89
175.87	55.80
175.92	52.03
175.98	53.38
176.03	53.51
176.09	54.43
176.15	54.24
176.20	55.18
176.26	54.89
176.31	58.67
176.37	56.13
176.42	57.50
176.48	60.94
176.54	58.47
176.59	55.05
176.65	58.12
176.70	59.67
176.76	59.29
176.82	57.46
176.87	54.47
176.93	53.94
176.98	52.47
177.04	47.51
177.10	52.34
177.15	54.08
177.21	54.99
177.26	53.58
177.32	56.95
177.37	58.49
177.43	62.23
177.49	58.60
177.54	56.09
177.60	56.85
177.65	57.64
177.71	52.19
177.77	55.47
177.82	56.99
177.88	60.47
177.93	55.71
177.99	62.02
178.04	57.78
178.10	58.91
178.16	52.63
178.21	53.94
178.27	51.23
178.32	55.10
178.38	53.63
178.43	55.24
178.49	54.64
178.55	54.05
178.60	52.68
178.66	52.24
178.71	53.43
178.77	51.69
178.82	52.46
178.88	52.43
178.94	53.22
178.99	54.46
179.05	58.47
179.10	54.40
179.16	57.04
179.21	59.07
179.27	57.78
179.33	53.68
179.38	57.63
179.44	55.99
179.49	56.42
179.55	55.03
179.60	55.36
179.66	54.02
179.72	56.43
179.77	53.73
179.83	52.43
179.88	53.72
179.94	54.76
179.99	50.48
180.05	50.85
180.11	51.98
180.16	54.55
180.22	57.26
180.27	62.31
180.33	62.93
180.38	66.70
180.44	62.28
180.49	62.20
180.55	60.12
180.61	63.93
180.66	58.40
180.72	56.65
180.77	54.84
180.83	54.49
180.88	52.16
180.94	52.17
180.99	55.80
181.05	55.70
181.11	56.89
181.16	56.91
181.22	58.39
181.27	60.87
181.33	59.48
181.38	56.30
181.44	56.87
181.49	60.98
181.55	61.64
181.61	68.05
181.66	70.91
181.72	69.11
181.77	66.70
181.83	64.50
181.88	69.38
181.94	70.82
181.99	75.68
182.05	75.94
182.11	76.83
182.16	67.88
182.22	66.02
182.27	62.08
182.33	65.25
182.38	64.70
182.44	69.49
182.49	71.86
182.55	73.76
182.60	73.13
182.66	76.79
182.72	79.53
182.77	81.47
182.83	84.47
182.88	87.46
182.94	88.23
182.99	85.11
183.05	83.89
183.10	86.33
183.16	85.44
183.21	87.23
183.27	95.16
183.32	99.39
183.38	102.94
183.44	110.28
183.49	115.94
183.55	117.60
183.60	124.47
183.66	131.30
183.71	140.89
183.77	148.30
183.82	157.93
183.88	169.82
183.93	181.80
183.99	195.71
184.04	212.37
184.10	224.87
184.15	236.92
184.21	249.48
184.27	251.88
184.32	253.11
184.38	251.09
184.43	246.12
184.49	229.58
184.54	211.54
184.60	201.81
184.65	187.47
184.71	178.52
184.76	179.79
184.82	197.20
184.87	214.36
184.93	239.73
184.98	267.48
185.04	300.36
185.09	326.25
185.15	352.31
185.20	385.59
185.26	421.68
185.31	450.51
185.37	479.11
185.43	500.87
185.48	520.64
185.54	542.42
185.59	568.81
185.65	594.72
185.70	635.84
185.76	682.50
185.81	718.02
185.87	754.86
185.92	798.57
185.98	833.79
186.03	849.47
186.09	853.15
186.14	828.36
186.20	774.74
186.25	687.71
186.31	600.50
186.36	531.74
186.42	501.93
186.47	510.46
186.53	559.23
186.58	630.21
186.64	705.90
186.69	780.40
186.75	841.26
186.80	899.50
186.86	956.88
186.91	1015.30
186.97	1068.27
187.02	1138.81
187.08	1205.47
187.13	1260.04
187.19	1318.20
187.24	1378.61
187.30	1418.19
187.35	1456.94
187.41	1511.60
187.47	1565.20
187.52	1611.03
187.58	1670.23
187.63	1747.11
187.69	1825.78
187.74	1890.76
187.80	1950.27
187.85	1999.24
187.91	2019.71
187.96	2006.72
188.02	1949.50
188.07	1849.41
188.13	1701.33
188.18	1543.69
188.24	1425.44
188.29	1372.55
188.35	1383.43
188.40	1463.68
188.46	1590.37
188.51	1717.49
188.57	1845.07
188.62	1971.68
188.67	2090.85
188.73	2202.60
188.78	2308.97
188.84	2414.03
188.89	2520.08
188.95	2623.51
189.00	2714.02
189.06	2810.78
189.11	2903.67
189.17	2983.12
189.22	3059.10
189.28	3146.99
189.33	3227.23
189.39	3292.57
189.44	3360.22
189.50	3435.56
189.55	3506.21
189.61	3557.81
189.66	3615.16
189.72	3673.23
189.77	3722.03
189.83	3748.16
189.88	3756.87
189.94	3725.27
189.99	3642.84
190.05	3487.63
190.10	3263.89
190.16	3007.98
190.21	2783.29
190.27	2635.36
190.32	2591.50
190.38	2652.31
190.43	2793.97
190.49	2962.23
190.54	3108.25
190.60	3234.70
190.65	3342.80
190.71	3437.51
190.76	3527.04
190.81	3618.16
190.87	3713.96
190.92	3834.23
190.98	3963.59
191.03	4100.03
191.09	4243.12
191.14	4369.53
191.20	4469.14
191.25	4569.32
191.31	4669.88
191.36	4774.49
191.42	4887.01
191.47	5016.26
191.53	5142.57
191.58	5248.18
191.64	5334.16
191.69	5408.55
191.75	5456.15
191.80	5487.52
191.85	5509.82
191.91	5525.70
191.96	5549.54
192.02	5582.47
192.07	5599.33
192.13	5596.41
192.18	5553.29
192.24	5433.74
192.29	5236.81
192.35	5011.82
192.40	4824.96
192.46	4714.85
192.51	4710.43
192.57	4804.65
192.62	4981.78
192.67	5168.31
192.73	5347.56
192.78	5510.57
192.84	5663.95
192.89	5798.91
192.95	5928.61
193.00	6046.13
193.06	6159.48
193.11	6268.28
193.17	6360.59
193.22	6444.37
193.28	6535.39
193.33	6607.91
193.38	6674.29
193.44	6745.62
193.49	6821.10
193.55	6879.85
193.60	6938.52
193.66	6993.23
193.71	7039.93
193.77	7066.48
193.82	7086.41
193.88	7105.48
193.93	7128.25
193.98	7153.26
194.04	7191.61
194.09	7238.48
194.15	7291.61
194.20	7339.24
194.26	7379.84
194.31	7423.91
194.37	7445.93
194.42	7450.11
194.47	7434.85
194.53	7391.29
194.58	7297.14
194.64	7190.18
194.69	7092.94
194.75	7027.66
194.80	7011.38
194.86	7054.68
194.91	7147.71
194.97	7255.23
195.02	7364.79
195.07	7469.26
195.13	7571.20
195.18	7672.46
195.24	7769.99
195.29	7869.20
195.35	7953.94
195.40	8042.23
195.46	8116.51
195.51	8200.78
195.56	8280.85
195.62	8372.98
195.67	8451.10
195.73	8530.86
195.78	8593.14
195.84	8640.36
195.89	8673.97
195.94	8706.20
196.00	8739.95
196.05	8780.20
196.11	8833.90
196.16	8892.28
196.22	8958.16
196.27	9020.10
196.32	9078.29
196.38	9125.29
196.43	9173.22
196.49	9210.76
196.54	9249.56
196.60	9293.06
196.65	9338.95
196.71	9383.13
196.76	9431.57
196.81	9472.93
196.87	9503.66
196.92	9534.21
196.98	9554.30
197.03	9565.26
197.09	9561.79
197.14	9558.29
197.19	9558.79
197.25	9573.52
197.30	9599.46
197.36	9649.78
197.41	9710.75
197.47	9769.24
197.52	9828.76
197.57	9893.89
197.63	9948.96
197.68	10001.34
197.74	10055.38
197.79	10102.12
197.84	10148.71
197.90	10197.45
197.95	10243.02
198.01	10284.84
198.06	10327.55
198.12	10366.43
198.17	10404.06
198.22	10442.25
198.28	10481.99
198.33	10522.63
198.39	10561.32
198.44	10611.15
198.49	10659.15
198.55	10706.35
198.60	10755.44
198.66	10803.69
198.71	10850.58
198.77	10895.69
198.82	10942.18
198.87	10992.22
198.93	11037.22
198.98	11078.28
199.04	11129.24
199.09	11173.49
199.14	11214.83
199.20	11254.15
199.25	11294.44
199.31	11334.13
199.36	11382.09
199.42	11423.92
199.47	11472.07
199.52	11516.72
199.58	11550.42
199.63	11577.88
199.69	11611.25
199.74	11645.87
199.79	11672.45
199.85	11706.93
199.90	11747.93
199.96	11789.29
200.01	11829.73
200.06	11877.32
200.12	11930.49
200.17	11984.80
200.23	12034.17
200.28	12081.40
200.33	12135.11
200.39	12174.40
200.44	12210.05
200.50	12252.25
200.55	12291.93
200.60	12330.07
200.66	12372.33
200.71	12409.66
200.77	12455.64
200.82	12496.06
200.87	12533.50
200.93	12572.93
200.98	12622.10
201.04	12657.56
201.09	12705.92
201.14	12759.22
201.20	12808.95
201.25	12856.22
201.31	12911.58
201.36	12967.74
201.41	13017.71
201.47	13072.90
201.52	13118.78
201.58	13175.57
201.63	13223.85
201.68	13273.69
201.74	13322.52
201.79	13377.84
201.84	13429.67
201.90	13477.45
201.95	13529.75
202.01	13585.45
202.06	13638.26
202.11	13680.82
202.17	13732.47
202.22	13774.91
202.28	13815.34
202.33	13857.58
202.38	13896.74
202.44	13937.83
202.49	13985.72
202.54	14033.49
202.60	14078.52
202.65	14128.18
202.71	14174.64
202.76	14215.70
202.81	14256.74
202.87	14306.06
202.92	14351.45
202.98	14399.97
203.03	14452.88
203.08	14509.10
203.14	14563.55
203.19	14619.33
203.24	14674.68
203.30	14730.24
203.35	14776.86
203.41	14819.71
203.46	14861.97
203.51	14905.91
203.57	14943.34
203.62	14989.86
203.67	15051.30
203.73	15099.07
203.78	15139.17
203.84	15195.38
203.89	15237.37
203.94	15266.24
204.00	15310.78
204.05	15355.91
204.10	15379.62
204.16	15401.40
204.21	15422.90
204.27	15432.99
204.32	15437.96
204.37	15442.30
204.43	15436.26
204.48	15419.90
204.53	15401.68
204.59	15413.02
204.64	15466.79
204.69	15570.00
204.75	15697.37
204.80	15841.78
204.86	15958.18
204.91	16037.74
204.96	16087.82
205.02	16118.34
205.07	16148.18
205.12	16204.71
205.18	16288.26
205.23	16383.33
205.28	16494.23
205.34	16602.03
205.39	16696.28
205.45	16774.73
205.50	16843.84
205.55	16906.08
205.61	16967.35
205.66	17024.30
205.71	17090.59
205.77	17151.75
205.82	17210.63
205.87	17266.57
205.93	17319.14
205.98	17361.95
206.03	17404.85
206.09	17455.43
206.14	17502.39
206.20	17555.33
206.25	17612.41
206.30	17679.32
206.36	17733.14
206.41	17804.43
206.46	17859.72
206.52	17900.50
206.57	17944.01
206.62	17995.08
206.68	18031.57
206.73	18078.68
206.78	18143.07
206.84	18195.15
206.89	18245.06
206.94	18307.97
207.00	18380.92
207.05	18446.79
207.11	18513.36
207.16	18576.58
207.21	18638.15
207.27	18689.73
207.32	18741.73
207.37	18801.98
207.43	18862.47
207.48	18916.52
207.53	18972.79
207.59	19032.63
207.64	19084.43
207.69	19150.40
207.75	19212.95
207.80	19265.43
207.85	19321.59
207.91	19384.11
207.96	19435.66
208.01	19491.50
208.07	19556.52
208.12	19617.08
208.17	19669.58
208.23	19726.32
208.28	19780.44
208.33	19840.10
208.39	19900.84
208.44	19967.66
208.49	20024.42
208.55	20087.87
208.60	20141.22
208.65	20184.65
208.71	20235.65
208.76	20294.41
208.81	20350.72
208.87	20418.56
208.92	20484.48
208.97	20545.29
209.03	20604.95
209.08	20667.24
209.13	20720.31
209.19	20782.31
209.24	20844.37
209.29	20903.59
209.35	20954.28
209.40	21020.59
209.45	21084.63
209.51	21146.34
209.56	21206.56
209.61	21279.54
209.67	21340.34
209.72	21397.94
209.77	21453.65
209.83	21517.57
209.88	21582.61
209.93	21645.97
209.99	21708.53
210.04	21778.61
210.09	21848.56
210.15	21906.15
210.20	21968.88
210.25	22039.10
210.31	22099.00
210.36	22151.64
210.41	22206.94
210.46	22266.58
210.52	22313.81
210.57	22364.61
210.62	22423.58
210.68	22485.30
210.73	22529.92
210.78	22594.65
210.84	22663.03
210.89	22722.35
210.94	22779.69
211.00	22843.55
211.05	22889.64
211.10	22950.87
211.16	23012.94
211.21	23079.93
211.26	23150.03
211.32	23223.78
211.37	23286.74
211.42	23351.10
211.47	23417.42
211.53	23478.15
211.58	23538.78
211.63	23600.00
211.69	23657.99
211.74	23708.94
211.79	23760.13
211.85	23816.28
211.90	23874.20
211.95	23941.00
212.01	24012.00
212.06	24092.82
212.11	24173.75
212.16	24246.27
212.22	24322.00
212.27	24384.97
212.32	24451.61
212.38	24516.97
212.43	24583.74
212.48	24642.73
212.54	24714.24
212.59	24781.68
212.64	24848.78
212.69	24912.93
212.75	24982.49
212.80	25047.58
212.85	25114.53
212.91	25171.18
212.96	25230.35
213.01	25293.13
213.07	25353.35
213.12	25410.74
213.17	25470.65
213.22	25536.24
213.28	25595.44
213.33	25645.88
213.38	25704.13
213.44	25764.46
213.49	25830.34
213.54	25895.93
213.60	25981.08
213.65	26055.77
213.70	26137.48
213.75	26208.14
213.81	26273.90
213.86	26325.72
213.91	26377.27
213.97	26418.04
214.02	26453.41
214.07	26492.91
214.12	26527.51
214.18	26563.06
214.23	26605.15
214.28	26642.00
214.34	26665.32
214.39	26686.63
214.44	26687.15
214.49	26654.61
214.55	26609.02
214.60	26537.71
214.65	26449.87
214.71	26367.71
214.76	26369.94
214.81	26447.11
214.86	26616.25
214.92	26837.38
214.97	27083.82
215.02	27278.48
215.08	27417.87
215.13	27501.63
215.18	27536.60
215.23	27554.01
215.29	27583.49
215.34	27649.87
215.39	27753.77
215.45	27909.06
215.50	28083.29
215.55	28259.45
215.60	28394.83
215.66	28497.48
215.71	28580.07
215.76	28653.35
215.81	28707.93
215.87	28768.12
215.92	28830.50
215.97	28883.41
216.03	28940.54
216.08	29002.17
216.13	29064.44
216.18	29123.88
216.24	29190.62
216.29	29245.83
216.34	29301.94
216.39	29369.98
216.45	29433.40
216.50	29487.30
216.55	29546.59
216.61	29617.80
216.66	29676.06
216.71	29733.69
216.76	29800.32
216.82	29876.84
216.87	29944.57
216.92	30015.22
216.97	30089.35
217.03	30159.10
217.08	30227.69
217.13	30303.86
217.18	30379.25
217.24	30449.81
217.29	30520.72
217.34	30576.28
217.39	30617.99
217.45	30663.85
217.50	30709.13
217.55	30763.97
217.61	30833.21
217.66	30903.58
217.71	30968.98
217.76	31053.52
217.82	31140.59
217.87	31212.81
217.92	31286.23
217.97	31357.61
218.03	31416.53
218.08	31454.51
218.13	31498.28
218.18	31539.20
218.24	31605.76
218.29	31662.82
218.34	31728.91
218.39	31798.64
218.45	31877.01
218.50	31927.82
218.55	31993.42
218.60	32061.63
218.66	32116.25
218.71	32179.30
218.76	32242.87
218.81	32308.13
218.87	32373.52
218.92	32449.13
218.97	32516.60
219.02	32588.53
219.08	32657.80
219.13	32723.24
219.18	32783.82
219.23	32845.30
219.29	32904.85
219.34	32963.04
219.39	33024.15
219.44	33089.23
219.50	33157.19
219.55	33222.02
219.60	33284.53
219.65	33345.50
219.71	33407.90
219.76	33458.17
219.81	33516.68
219.86	33574.37
219.92	33630.31
219.97	33685.48
220.02	33746.11
220.07	33797.89
220.13	33858.62
220.18	33929.79
220.23	33999.56
220.28	34077.98
220.33	34160.59
220.39	34224.74
220.44	34279.70
220.49	34333.20
220.54	34374.92
220.60	34423.59
220.65	34485.76
220.70	34557.83
220.75	34635.68
220.81	34721.88
220.86	34805.60
220.91	34872.53
220.96	34934.26
221.02	35002.00
221.07	35070.34
221.12	35129.38
221.17	35195.30
221.22	35256.31
221.28	35318.71
221.33	35377.26
221.38	35436.39
221.43	35505.22
221.49	35569.72
221.54	35631.47
221.59	35693.45
221.64	35776.63
221.69	35866.91
221.75	35969.30
221.80	36066.11
221.85	36146.35
221.90	36209.94
221.96	36263.76
222.01	36292.30
222.06	36326.32
222.11	36371.98
222.17	36411.82
222.22	36443.94
222.27	36500.26
222.32	36549.12
222.37	36600.63
222.43	36660.36
222.48	36728.86
222.53	36798.79
222.58	36877.40
222.63	36953.70
222.69	37030.85
222.74	37102.33
222.79	37164.41
222.84	37213.06
222.90	37263.39
222.95	37310.67
223.00	37358.09
223.05	37406.17
223.10	37465.76
223.16	37523.05
223.21	37570.83
223.26	37616.58
223.31	37661.52
223.36	37702.15
223.42	37742.65
223.47	37775.18
223.52	37819.66
223.57	37864.76
223.63	37910.87
223.68	37958.48
223.73	38030.27
223.78	38102.17
223.83	38178.63
223.89	38246.73
223.94	38314.19
223.99	38386.12
224.04	38460.15
224.09	38530.76
224.15	38620.21
224.20	38705.09
224.25	38796.73
224.30	38879.69
224.35	38968.98
224.41	39064.26
224.46	39160.44
224.51	39235.74
224.56	39308.97
224.61	39380.53
224.67	39451.95
224.72	39523.25
224.77	39618.41
224.82	39725.62
224.87	39819.98
224.93	39899.09
224.98	39989.67
225.03	40072.57
225.08	40146.63
225.13	40226.80
225.19	40320.26
225.24	40403.41
225.29	40476.33
225.34	40549.72
225.39	40626.21
225.45	40696.12
225.50	40762.75
225.55	40833.62
225.60	40904.56
225.65	40977.47
225.71	41028.25
225.76	41082.27
225.81	41127.95
225.86	41161.27
225.91	41183.02
225.97	41201.60
226.02	41203.33
226.07	41166.22
226.12	41159.49
226.17	41199.33
226.22	41293.70
226.28	41453.46
226.33	41675.36
226.38	41889.90
226.43	42057.81
226.48	42173.99
226.54	42244.24
226.59	42299.96
226.64	42335.17
226.69	42357.79
226.74	42401.60
226.80	42463.20
226.85	42545.27
226.90	42641.01
226.95	42786.46
227.00	42925.17
227.05	43059.46
227.11	43183.28
227.16	43302.88
227.21	43391.92
227.26	43486.95
227.31	43565.58
227.37	43617.34
227.42	43683.43
227.47	43759.69
227.52	43827.53
227.57	43897.64
227.62	43989.22
227.68	44066.90
227.73	44141.61
227.78	44216.89
227.83	44295.87
227.88	44363.26
227.93	44441.54
227.99	44520.35
228.04	44596.55
228.09	44675.18
228.14	44752.25
228.19	44815.44
228.24	44880.51
228.30	44947.16
228.35	45008.56
228.40	45080.54
228.45	45146.72
228.50	45221.31
228.56	45287.76
228.61	45348.64
228.66	45401.20
228.71	45456.92
228.76	45503.10
228.81	45550.33
228.87	45603.34
228.92	45663.93
228.97	45723.78
229.02	45804.84
229.07	45883.61
229.12	45965.90
229.17	46041.90
229.23	46118.04
229.28	46186.75
229.33	46271.06
229.38	46349.78
229.43	46421.66
229.48	46511.52
229.54	46594.72
229.59	46655.03
229.64	46725.09
229.69	46810.37
229.74	46889.91
229.79	46946.64
229.85	47021.68
229.90	47093.59
229.95	47156.49
230.00	47215.88
230.05	47295.62
230.10	47360.35
230.16	47433.21
230.21	47490.14
230.26	47543.28
230.31	47583.51
230.36	47652.19
230.41	47706.31
230.46	47795.41
230.52	47883.64
230.57	47974.75
230.62	48058.51
230.67	48131.70
230.72	48184.84
230.77	48228.10
230.82	48278.43
230.88	48309.06
230.93	48354.13
230.98	48398.20
231.03	48458.96
231.08	48508.11
231.13	48563.89
231.19	48629.15
231.24	48700.09
231.29	48774.28
231.34	48850.01
231.39	48932.94
231.44	49001.20
231.49	49050.82
231.55	49094.15
231.60	49143.18
231.65	49181.04
231.70	49222.72
231.75	49280.39
231.80	49332.46
231.85	49377.86
231.91	49431.41
231.96	49482.85
232.01	49538.79
232.06	49599.28
232.11	49668.90
232.16	49747.18
232.21	49838.67
232.26	49926.47
232.32	50014.93
232.37	50092.67
232.42	50159.81
232.47	50205.41
232.52	50250.18
232.57	50290.19
232.62	50344.05
232.68	50401.45
232.73	50479.43
232.78	50562.55
232.83	50650.70
232.88	50719.16
232.93	50793.58
232.98	50850.34
233.03	50899.08
233.09	50950.60
233.14	51020.38
233.19	51079.18
233.24	51140.63
233.29	51183.64
233.34	51220.64
233.39	51241.80
233.45	51269.67
233.50	51307.88
233.55	51366.36
233.60	51436.68
233.65	51501.17
233.70	51558.96
233.75	51606.93
233.80	51655.46
233.86	51699.27
233.91	51746.28
233.96	51791.23
234.01	51846.07
234.06	51903.21
234.11	51963.75
234.16	52031.07
234.21	52093.70
234.26	52136.90
234.32	52178.68
234.37	52203.15
234.42	52233.22
234.47	52262.09
234.52	52300.27
234.57	52340.76
234.62	52382.15
234.67	52426.05
234.73	52483.91
234.78	52536.84
234.83	52579.07
234.88	52628.01
234.93	52664.98
234.98	52707.78
235.03	52751.44
235.08	52818.94
235.13	52876.01
235.19	52943.12
235.24	52998.02
235.29	53063.83
235.34	53103.19
235.39	53142.57
235.44	53181.90
235.49	53224.46
235.54	53255.33
235.59	53277.70
235.65	53313.99
235.70	53349.25
235.75	53389.21
235.80	53442.92
235.85	53495.64
235.90	53540.32
235.95	53563.78
236.00	53588.88
236.05	53603.28
236.11	53634.97
236.16	53667.13
236.21	53719.10
236.26	53749.16
236.31	53775.43
236.36	53795.55
236.41	53814.27
236.46	53821.63
236.51	53839.53
236.56	53866.79
236.62	53898.48
236.67	53934.31
236.72	53972.91
236.77	54014.31
236.82	54068.83
236.87	54091.60
236.92	54108.58
236.97	54149.39
237.02	54189.83
237.07	54230.32
237.13	54292.92
237.18	54353.49
237.23	54396.18
237.28	54430.44
237.33	54457.57
237.38	54474.52
237.43	54502.76
237.48	54504.07
237.53	54529.91
237.58	54560.52
237.63	54607.41
237.69	54646.72
237.74	54702.37
237.79	54737.51
237.84	54743.28
237.89	54749.24
237.94	54752.87
237.99	54775.83
238.04	54792.40
238.09	54830.64
238.14	54859.29
238.19	54892.93
238.25	54909.77
238.30	54914.66
238.35	54905.71
238.40	54909.87
238.45	54900.32
238.50	54896.65
238.55	54913.53
238.60	54948.80
238.65	54966.06
238.70	54989.67
238.75	55013.11
238.80	55037.30
238.86	55033.72
238.91	55051.44
238.96	55086.46
239.01	55119.80
239.06	55146.89
239.11	55182.04
239.16	55211.64
239.21	55211.94
239.26	55201.56
239.31	55206.65
239.36	55219.67
239.41	55222.79
239.46	55245.34
239.52	55274.28
239.57	55295.55
239.62	55311.06
239.67	55342.60
239.72	55358.46
239.77	55383.45
239.82	55395.31
239.87	55411.99
239.92	55412.32
239.97	55411.80
240.02	55397.63
240.07	55381.72
240.12	55376.25
240.17	55385.91
240.23	55391.96
240.28	55402.68
240.33	55420.16
240.38	55420.87
240.43	55414.22
240.48	55430.21
240.53	55450.78
240.58	55465.63
240.63	55499.79
240.68	55506.23
240.73	55494.83
240.78	55479.81
240.83	55479.83
240.88	55455.59
240.93	55459.75
240.98	55464.45
241.04	55479.78
241.09	55497.59
241.14	55523.09
241.19	55554.50
241.24	55590.64
241.29	55611.16
241.34	55620.67
241.39	55631.91
241.44	55635.41
241.49	55633.14
241.54	55622.32
241.59	55619.57
241.64	55620.43
241.69	55604.03
241.74	55596.16
241.79	55590.87
241.84	55578.38
241.90	55564.37
241.95	55543.08
242.00	55515.93
242.05	55492.08
242.10	55481.22
242.15	55459.79
242.20	55456.45
242.25	55449.08
242.30	55448.58
242.35	55439.49
242.40	55438.52
242.45	55439.22
242.50	55430.07
242.55	55424.24
242.60	55415.52
242.65	55406.65
242.70	55407.78
242.75	55442.04
242.80	55481.99
242.85	55522.41
242.91	55546.91
242.96	55537.33
243.01	55513.36
243.06	55485.79
243.11	55457.62
243.16	55427.67
243.21	55429.60
243.26	55435.46
243.31	55442.72
243.36	55448.82
243.41	55471.41
243.46	55472.92
243.51	55443.41
243.56	55395.79
243.61	55341.32
243.66	55300.96
243.71	55267.61
243.76	55265.81
243.81	55281.85
243.86	55284.73
243.91	55284.91
243.96	55280.43
244.01	55259.48
244.06	55230.28
244.12	55226.77
244.17	55202.94
244.22	55212.39
244.27	55242.37
244.32	55279.28
244.37	55302.15
244.42	55310.67
244.47	55299.53
244.52	55268.51
244.57	55223.93
244.62	55188.03
244.67	55175.87
244.72	55150.50
244.77	55146.02
244.82	55167.70
244.87	55198.11
244.92	55222.60
244.97	55239.33
245.02	55240.72
245.07	55214.13
245.12	55190.83
245.17	55169.02
245.22	55168.92
245.27	55161.64
245.32	55128.83
245.37	55091.13
245.42	55047.33
245.47	54994.56
245.52	54950.31
245.57	54942.35
245.62	54920.41
245.67	54906.41
245.72	54891.45
245.77	54867.01
245.82	54843.41
245.87	54844.31
245.92	54856.52
245.98	54862.41
246.03	54872.02
246.08	54879.94
246.13	54871.70
246.18	54869.03
246.23	54864.76
246.28	54848.98
246.33	54831.32
246.38	54808.53
246.43	54773.28
246.48	54749.25
246.53	54758.03
246.58	54769.71
246.63	54778.38
246.68	54769.32
246.73	54762.50
246.78	54725.26
246.83	54676.71
246.88	54618.24
246.93	54572.77
246.98	54519.10
247.03	54488.93
247.08	54473.21
247.13	54465.93
247.18	54463.48
247.23	54481.33
247.28	54485.99
247.33	54469.71
247.38	54447.82
247.43	54434.69
247.48	54412.83
247.53	54378.79
247.58	54354.03
247.63	54334.08
247.68	54283.00
247.73	54226.84
247.78	54180.82
247.83	54148.08
247.88	54116.00
247.93	54115.49
247.98	54119.70
248.03	54135.53
248.08	54149.07
248.13	54153.06
248.18	54143.36
248.23	54125.98
248.28	54096.13
248.33	54049.11
248.38	54014.76
248.43	53983.86
248.48	53959.80
248.53	53944.84
248.58	53934.72
248.63	53935.70
248.68	53921.74
248.73	53908.97
248.78	53877.12
248.83	53829.08
248.88	53760.26
248.93	53692.44
248.98	53613.96
249.03	53571.77
249.08	53546.11
249.13	53534.50
249.18	53524.76
249.23	53532.77
249.28	53522.13
249.33	53518.06
249.38	53504.15
249.43	53492.92
249.48	53470.03
249.53	53452.14
249.58	53427.48
249.63	53404.60
249.68	53388.05
249.73	53362.79
249.78	53339.79
249.83	53331.32
249.88	53310.33
249.93	53290.03
249.98	53286.87
250.03	53281.66
250.08	53254.50
250.13	53243.35
250.18	53220.01
250.23	53173.93
250.28	53126.08
250.33	53076.59
250.37	53030.20
250.42	52995.09
250.47	52972.26
250.52	52955.25
250.57	52931.78
250.62	52894.65
250.67	52863.54
250.72	52843.24
250.77	52797.96
250.82	52777.82
250.87	52774.17
250.92	52760.91
250.97	52734.19
251.02	52730.65
251.07	52734.27
251.12	52719.35
251.17	52687.74
251.22	52655.59
251.27	52622.84
251.32	52564.22
251.37	52507.79
251.42	52456.07
251.47	52414.58
251.52	52384.43
251.57	52366.18
251.62	52355.97
251.67	52356.02
251.72	52344.94
251.77	52310.03
251.82	52270.93
251.87	52231.59
251.92	52189.12
251.97	52136.48
252.02	52090.07
252.07	52061.01
252.12	52045.08
252.16	52027.02
252.21	52020.47
252.26	52028.19
252.31	52027.81
252.36	52013.01
252.41	51995.46
252.46	51977.93
252.51	51954.94
252.56	51925.29
252.61	51895.08
252.66	51865.13
252.71	51844.96
252.76	51816.33
252.81	51776.38
252.86	51723.04
252.91	51685.43
252.96	51618.01
253.01	51549.18
253.06	51482.99
253.11	51438.03
253.16	51384.78
253.21	51337.96
253.26	51292.83
253.31	51267.60
253.36	51244.09
253.40	51219.40
253.45	51210.08
253.50	51177.43
253.55	51139.57
253.60	51089.77
253.65	51042.73
253.70	51004.97
253.75	50988.48
253.80	50964.54
253.85	50956.99
253.90	50963.66
253.95	50959.86
254.00	50957.47
254.05	50944.11
254.10	50919.60
254.15	50880.45
254.20	50851.19
254.25	50811.17
254.30	50779.33
254.35	50733.77
254.39	50668.33
254.44	50578.43
254.49	50499.93
254.54	50463.30
254.59	50430.34
254.64	50421.54
254.69	50419.26
254.74	50422.36
254.79	50396.08
254.84	50363.97
254.89	50345.01
254.94	50333.08
254.99	50323.02
255.04	50306.88
255.09	50299.78
255.14	50264.39
255.19	50248.94
255.23	50235.49
255.28	50226.76
255.33	50220.23
255.38	50222.15
255.43	50202.02
255.48	50167.70
255.53	50129.53
255.58	50100.60
255.63	50061.32
255.68	50019.45
255.73	49975.22
255.78	49940.04
255.83	49899.16
255.88	49877.88
255.93	49851.77
255.97	49840.11
256.02	49808.95
256.07	49773.63
256.12	49703.46
256.17	49652.76
256.22	49589.92
256.27	49535.43
256.32	49488.19
256.37	49472.98
256.42	49445.06
256.47	49420.92
256.52	49401.88
256.57	49384.52
256.62	49363.86
256.66	49351.38
256.71	49323.13
256.76	49283.75
256.81	49232.21
256.86	49180.92
256.91	49130.14
256.96	49079.70
257.01	49051.09
257.06	49028.07
257.11	48992.88
257.16	48947.30
257.21	48916.22
257.26	48877.23
257.30	48835.58
257.35	48799.34
257.40	48775.15
257.45	48763.72
257.50	48735.81
257.55	48704.18
257.60	48680.38
257.65	48656.81
257.70	48609.50
257.75	48567.61
257.80	48542.07
257.85	48508.58
257.89	48463.03
257.94	48415.12
257.99	48356.88
258.04	48294.93
258.09	48250.54
258.14	48219.58
258.19	48203.56
258.24	48184.15
258.29	48142.49
258.34	48099.34
258.39	48062.71
258.44	48000.64
258.48	47947.41
258.53	47918.89
258.58	47879.17
258.63	47827.14
258.68	47783.33
258.73	47751.53
258.78	47716.31
258.83	47672.55
258.88	47633.08
258.93	47598.47
258.97	47565.28
259.02	47526.23
259.07	47501.06
259.12	47477.62
259.17	47465.16
259.22	47446.14
259.27	47432.54
259.32	47417.26
259.37	47377.41
259.42	47337.94
259.47	47295.76
259.51	47240.86
259.56	47174.23
259.61	47102.82
259.66	47021.63
259.71	46944.08
259.76	46884.53
259.81	46828.48
259.86	46786.66
259.91	46754.77
259.95	46734.02
260.00	46709.32
260.05	46688.00
260.10	46674.08
260.15	46666.79
260.20	46651.97
260.25	46638.45
260.30	46627.57
260.35	46598.11
260.40	46555.78
260.44	46535.00
260.49	46510.52
260.54	46477.07
260.59	46458.25
260.64	46454.44
260.69	46446.62
260.74	46416.52
260.79	46378.07
260.84	46337.88
260.88	46276.38
260.93	46195.74
260.98	46158.14
261.03	46124.36
261.08	46092.27
261.13	46057.04
261.18	46019.77
261.23	45956.04
261.28	45917.12
261.32	45866.16
261.37	45822.45
261.42	45789.43
261.47	45769.81
261.52	45718.52
261.57	45683.00
261.62	45653.39
261.67	45601.58
261.71	45533.30
261.76	45491.04
261.81	45434.23
261.86	45369.32
261.91	45321.95
261.96	45286.23
262.01	45241.47
262.06	45224.36
262.10	45213.99
262.15	45197.15
262.20	45183.21
262.25	45167.06
262.30	45144.97
262.35	45120.25
262.40	45089.97
262.45	45060.61
262.49	45028.74
262.54	44987.46
262.59	44958.23
262.64	44925.75
262.69	44879.88
262.74	44835.95
262.79	44780.76
262.84	44727.02
262.88	44685.45
262.93	44640.10
262.98	44605.22
263.03	44572.44
263.08	44515.76
263.13	44446.61
263.18	44385.50
263.23	44315.92
263.27	44265.50
263.32	44230.60
263.37	44212.82
263.42	44194.70
263.47	44170.18
263.52	44153.80
263.57	44120.63
263.61	44079.76
263.66	44044.81
263.71	44017.09
263.76	43975.37
263.81	43932.50
263.86	43903.30
263.91	43855.45
263.95	43790.32
264.00	43727.04
264.05	43680.98
264.10	43614.33
264.15	43551.47
264.20	43516.33
264.25	43472.87
264.29	43422.94
264.34	43370.43
264.39	43335.71
264.44	43279.99
264.49	43231.69
264.54	43192.26
264.59	43161.09
264.63	43120.07
264.68	43072.46
264.73	43023.97
264.78	42974.25
264.83	42921.33
264.88	42871.26
264.93	42838.37
264.97	42811.96
265.02	42788.89
265.07	42769.13
265.12	42737.27
265.17	42694.80
265.22	42660.15
265.27	42603.66
265.31	42541.39
265.36	42473.71
265.41	42415.78
265.46	42344.63
265.51	42271.34
265.56	42208.95
265.60	42156.57
265.65	42099.45
265.70	42045.86
265.75	42000.88
265.80	41945.61
265.85	41887.63
265.90	41832.72
265.94	41773.33
265.99	41710.41
266.04	41661.22
266.09	41629.89
266.14	41600.76
266.19	41566.66
266.23	41538.57
266.28	41494.70
266.33	41456.94
266.38	41419.95
266.43	41391.34
266.48	41368.56
266.52	41348.41
266.57	41308.45
266.62	41268.73
266.67	41218.34
266.72	41169.64
266.77	41137.56
266.81	41110.90
266.86	41082.71
266.91	41059.18
266.96	41018.02
267.01	40973.02
267.06	40921.78
267.10	40869.38
267.15	40815.26
267.20	40787.25
267.25	40746.37
267.30	40712.79
267.35	40679.37
267.39	40640.27
267.44	40600.68
267.49	40555.91
267.54	40509.11
267.59	40455.59
267.64	40411.90
267.68	40345.65
267.73	40295.13
267.78	40251.66
267.83	40224.48
267.88	40204.49
267.93	40205.04
267.97	40192.72
268.02	40154.71
268.07	40107.79
268.12	40053.23
268.17	39986.63
268.21	39933.21
268.26	39891.60
268.31	39845.83
268.36	39799.27
268.41	39754.07
268.46	39709.18
268.50	39663.69
268.55	39620.43
268.60	39565.63
268.65	39507.23
268.70	39429.73
268.74	39362.55
268.79	39289.00
268.84	39234.11
268.89	39188.63
268.94	39156.05
268.99	39120.84
269.03	39087.65
269.08	39047.97
269.13	38974.50
269.18	38898.36
269.23	38800.35
269.27	38690.07
269.32	38552.13
269.37	38436.13
269.42	38295.35
269.47	38156.45
269.51	38018.38
269.56	37878.89
269.61	37733.53
269.66	37586.70
269.71	37437.89
269.76	37289.32
269.80	37144.03
269.85	36990.09
269.90	36853.90
269.95	36704.98
270.00	36547.22
270.04	36393.09
270.09	36249.83
270.14	36102.16
270.19	35963.83
270.24	35829.29
270.28	35680.83
270.33	35512.55
270.38	35327.80
270.43	35149.63
270.48	34975.33
270.52	34817.73
270.57	34657.85
270.62	34507.19
270.67	34357.53
270.72	34191.20
270.76	34014.24
270.81	33847.37
270.86	33680.38
270.91	33500.18
270.96	33333.80
271.00	33170.83
271.05	33020.95
271.10	32878.49
271.15	32754.20
271.20	32627.39
271.24	32494.98
271.29	32355.38
271.34	32210.19
271.39	32055.76
271.44	31907.57
271.48	31771.64
271.53	31625.40
271.58	31475.91
271.63	31333.24
271.67	31184.97
271.72	31043.03
271.77	30899.12
271.82	30765.90
271.87	30629.26
271.91	30476.52
271.96	30323.28
272.01	30184.51
272.06	30048.75
272.11	29919.64
272.15	29810.77
272.20	29709.14
272.25	29610.54
272.30	29509.35
272.35	29399.87
272.39	29294.05
272.44	29173.01
272.49	29038.46
272.54	28899.51
272.58	28754.37
272.63	28600.62
272.68	28445.62
272.73	28285.90
272.78	28113.81
272.82	27920.08
272.87	27700.06
272.92	27413.47
272.97	26892.07
273.01	23927.80
273.06	18969.73
273.11	13510.80
273.16	8153.04
273.21	3067.92
273.25	463.84
273.30	-88.36
273.35	-89.24
