165.32	3378.28
165.38	-247.22
165.44	595.30
165.50	-78.57
165.55	-21.75
165.61	-1.02
165.67	25.54
165.72	33.88
165.78	38.81
165.84	37.38
165.89	34.65
165.95	32.99
166.01	32.36
166.06	34.25
166.12	37.22
166.18	35.23
166.23	36.76
166.29	35.88
166.35	32.39
166.40	31.11
166.46	37.53
166.52	40.22
166.57	41.13
166.63	41.45
166.69	43.99
166.74	38.10
166.80	38.99
166.86	40.92
166.91	41.66
166.97	36.06
167.03	38.94
167.08	32.87
167.14	32.13
167.20	30.65
167.25	42.76
167.31	42.75
167.37	48.13
167.42	49.88
167.48	55.33
167.54	50.18
167.59	49.52
167.65	45.34
167.71	44.95
167.76	44.03
167.82	39.53
167.88	39.56
167.93	47.09
167.99	46.07
168.05	48.17
168.10	55.91
168.16	55.58
168.21	53.80
168.27	58.54
168.33	60.67
168.38	53.28
168.44	57.51
168.50	55.92
168.55	54.62
168.61	54.86
168.67	57.06
168.72	54.24
168.78	54.21
168.84	49.76
168.89	48.51
168.95	49.10
169.01	48.55
169.06	48.50
169.12	47.80
169.18	46.02
169.23	45.90
169.29	50.26
169.34	54.63
169.40	57.48
169.46	61.65
169.51	64.13
169.57	59.81
169.63	55.51
169.68	60.38
169.74	57.06
169.80	62.60
169.85	63.84
169.91	67.85
169.97	63.68
170.02	63.65
170.08	62.60
170.13	62.89
170.19	62.90
170.25	64.71
170.30	68.70
170.36	60.14
170.42	61.80
170.47	62.47
170.53	63.79
170.59	61.02
170.64	64.88
170.70	63.44
170.76	61.02
170.81	62.26
170.87	61.46
170.92	62.50
170.98	65.29
171.04	67.72
171.09	64.30
171.15	71.45
171.21	72.23
171.26	69.20
171.32	66.95
171.37	70.20
171.43	64.55
171.49	68.74
171.54	72.43
171.60	73.66
171.66	75.71
171.71	76.53
171.77	74.22
171.83	79.90
171.88	79.18
171.94	78.34
171.99	82.80
172.05	82.00
172.11	82.99
172.16	90.99
172.22	91.72
172.28	91.48
172.33	89.68
172.39	86.73
172.44	83.82
172.50	88.93
172.56	88.90
172.61	97.62
172.67	97.19
172.72	96.65
172.78	91.43
172.84	86.59
172.89	79.20
172.95	78.28
173.01	79.76
173.06	78.80
173.12	84.29
173.17	85.68
173.23	84.75
173.29	84.95
173.34	86.34
173.40	80.80
173.46	81.42
173.51	84.85
173.57	84.66
173.62	79.55
173.68	85.85
173.74	84.66
173.79	85.28
173.85	82.26
173.90	84.70
173.96	81.68
174.02	79.13
174.07	71.34
174.13	70.48
174.18	72.78
174.24	65.73
174.30	65.76
174.35	71.42
174.41	68.58
174.47	62.35
174.52	63.72
174.58	62.46
174.63	57.73
174.69	56.87
174.75	59.17
174.80	69.92
174.86	67.93
174.91	69.12
174.97	68.91
175.03	65.97
175.08	54.04
175.14	60.40
175.19	56.15
175.25	56.93
175.31	61.52
175.36	62.95
175.42	60.05
175.47	64.88
175.53	65.07
175.59	61.02
175.64	62.66
175.70	60.93
175.75	55.94
175.81	54.46
175.87	56.18
175.92	51.95
175.98	53.04
176.03	53.25
176.09	53.94
176.15	53.48
176.20	54.71
176.26	54.55
176.31	57.98
176.37	55.35
176.42	56.57
176.48	60.29
176.54	57.91
176.59	55.06
176.65	57.85
176.70	59.28
176.76	58.28
176.82	56.60
176.87	53.85
176.93	53.65
176.98	52.33
177.04	47.41
177.10	52.10
177.15	53.59
177.21	54.23
177.26	52.57
177.32	56.69
177.37	58.25
177.43	61.71
177.49	58.41
177.54	56.43
177.60	56.63
177.65	56.94
177.71	51.40
177.77	54.57
177.82	55.86
177.88	59.57
177.93	55.46
177.99	62.30
178.04	57.91
178.10	58.97
178.16	52.43
178.21	53.29
178.27	49.92
178.32	53.74
178.38	52.47
178.43	54.40
178.49	54.71
178.55	54.06
178.60	53.15
178.66	52.58
178.71	54.03
178.77	51.72
178.82	52.97
178.88	52.36
178.94	52.82
178.99	53.70
179.05	57.85
179.10	53.75
179.16	56.39
179.21	59.11
179.27	57.79
179.33	53.40
179.38	57.17
179.44	55.81
179.49	55.17
179.55	53.69
179.60	54.30
179.66	53.18
179.72	55.36
179.77	53.05
179.83	51.85
179.88	53.25
179.94	54.90
179.99	51.71
180.05	52.50
180.11	53.15
180.16	55.54
180.22	57.73
180.27	62.10
180.33	62.87
180.38	67.62
180.44	62.78
180.49	62.61
180.55	60.87
180.61	64.69
180.66	59.02
180.72	58.11
180.77	55.92
180.83	55.09
180.88	52.32
180.94	52.02
180.99	55.58
181.05	56.30
181.11	57.44
181.16	57.55
181.22	59.03
181.27	60.95
181.33	58.98
181.38	56.07
181.44	57.06
181.49	61.70
181.55	62.57
181.61	68.94
181.66	71.94
181.72	70.01
181.77	66.65
181.83	64.57
181.88	69.65
181.94	70.91
181.99	76.10
182.05	77.31
182.11	77.97
182.16	68.50
182.22	66.50
182.27	62.14
182.33	64.37
182.38	64.08
182.44	68.90
182.49	71.12
182.55	72.89
182.60	72.23
182.66	75.40
182.72	78.41
182.77	80.92
182.83	84.20
182.88	87.67
182.94	88.84
182.99	86.03
183.05	83.93
183.10	86.33
183.16	85.16
183.21	86.65
183.27	93.90
183.32	98.56
183.38	102.10
183.44	109.58
183.49	114.68
183.55	116.30
183.60	122.96
183.66	129.15
183.71	138.00
183.77	146.34
183.82	155.87
183.88	167.81
183.93	179.62
183.99	194.10
184.04	210.56
184.10	222.82
184.15	234.73
184.21	247.07
184.27	248.80
184.32	249.70
184.38	247.99
184.43	242.72
184.49	226.47
184.54	209.36
184.60	198.60
184.65	184.33
184.71	175.08
184.76	176.95
184.82	193.89
184.87	210.97
184.93	236.70
184.98	264.99
185.04	295.91
185.09	321.15
185.15	348.06
185.20	380.49
185.26	415.25
185.31	444.82
185.37	473.42
185.43	494.19
185.48	513.95
185.54	536.47
185.59	562.80
185.65	587.26
185.70	627.56
185.76	672.47
185.81	707.09
185.87	742.76
185.92	787.63
185.98	823.74
186.03	840.40
186.09	842.46
186.14	819.80
186.20	765.71
186.25	679.09
186.31	593.01
186.36	525.95
186.42	495.29
186.47	504.51
186.53	552.25
186.58	621.70
186.64	697.39
186.69	770.07
186.75	830.69
186.80	889.19
186.86	946.94
186.91	1004.67
186.97	1058.54
187.02	1128.89
187.08	1194.16
187.13	1248.70
187.19	1307.17
187.24	1366.38
187.30	1405.71
187.35	1444.75
187.41	1499.20
187.47	1550.41
187.52	1595.62
187.58	1653.21
187.63	1728.13
187.69	1805.57
187.74	1872.05
187.80	1930.92
187.85	1980.44
187.91	2002.54
187.96	1986.76
188.02	1929.35
188.07	1831.03
188.13	1682.85
188.18	1526.81
188.24	1411.67
188.29	1358.40
188.35	1369.77
188.40	1451.10
188.46	1577.43
188.51	1704.59
188.57	1834.55
188.62	1960.87
188.67	2078.01
188.73	2188.39
188.78	2294.60
188.84	2396.27
188.89	2497.44
188.95	2602.56
189.00	2693.06
189.06	2788.64
189.11	2882.17
189.17	2965.20
189.22	3037.60
189.28	3123.19
189.33	3199.71
189.39	3262.90
189.44	3328.09
189.50	3403.40
189.55	3474.39
189.61	3529.77
189.66	3590.87
189.72	3649.10
189.77	3699.11
189.83	3724.25
189.88	3732.66
189.94	3700.13
189.99	3619.22
190.05	3465.57
190.10	3246.96
190.16	2992.22
190.21	2766.77
190.27	2617.73
190.32	2574.26
190.38	2634.46
190.43	2776.03
190.49	2946.20
190.54	3092.90
190.60	3217.43
190.65	3324.41
190.71	3416.53
190.76	3502.91
190.81	3593.10
190.87	3690.26
190.92	3808.18
190.98	3939.70
191.03	4075.91
191.09	4219.60
191.14	4346.55
191.20	4445.59
191.25	4546.40
191.31	4649.01
191.36	4753.95
191.42	4867.41
191.47	4999.16
191.53	5125.57
191.58	5230.62
191.64	5313.87
191.69	5386.00
191.75	5433.54
191.80	5465.05
191.85	5486.57
191.91	5507.86
191.96	5528.60
192.02	5557.11
192.07	5572.48
192.13	5568.04
192.18	5524.79
192.24	5407.59
192.29	5214.23
192.35	4990.30
192.40	4805.47
192.46	4695.23
192.51	4692.18
192.57	4788.20
192.62	4963.26
192.67	5152.00
192.73	5331.95
192.78	5494.83
192.84	5644.83
192.89	5782.75
192.95	5910.98
193.00	6024.72
193.06	6134.05
193.11	6244.46
193.17	6336.30
193.22	6421.49
193.28	6513.31
193.33	6589.75
193.38	6654.40
193.44	6724.37
193.49	6797.57
193.55	6856.91
193.60	6915.99
193.66	6971.37
193.71	7018.15
193.77	7041.25
193.82	7060.68
193.88	7079.35
193.93	7105.52
193.98	7133.76
194.04	7176.96
194.09	7223.76
194.15	7275.27
194.20	7320.30
194.26	7359.04
194.31	7400.60
194.37	7425.76
194.42	7432.61
194.47	7421.54
194.53	7378.18
194.58	7286.05
194.64	7175.61
194.69	7076.98
194.75	7007.20
194.80	6989.43
194.86	7029.01
194.91	7122.26
194.97	7226.97
195.02	7336.16
195.07	7441.46
195.13	7543.02
195.18	7647.00
195.24	7746.53
195.29	7844.65
195.35	7934.71
195.40	8028.25
195.46	8102.00
195.51	8185.12
195.56	8271.39
195.62	8357.90
195.67	8435.13
195.73	8515.30
195.78	8581.10
195.84	8623.62
195.89	8654.55
195.94	8684.67
196.00	8716.40
196.05	8755.91
196.11	8812.06
196.16	8874.07
196.22	8938.48
196.27	9003.30
196.32	9058.08
196.38	9105.15
196.43	9154.76
196.49	9194.22
196.54	9233.80
196.60	9280.76
196.65	9324.60
196.71	9365.82
196.76	9416.07
196.81	9451.44
196.87	9484.44
196.92	9514.51
196.98	9532.92
197.03	9542.41
197.09	9541.56
197.14	9536.03
197.19	9535.83
197.25	9550.93
197.30	9574.30
197.36	9626.63
197.41	9689.34
197.47	9754.71
197.52	9819.89
197.57	9891.37
197.63	9943.56
197.68	9999.02
197.74	10050.08
197.79	10096.76
197.84	10139.27
197.90	10188.75
197.95	10224.24
198.01	10264.47
198.06	10306.14
198.12	10348.74
198.17	10389.30
198.22	10433.63
198.28	10470.82
198.33	10511.79
198.39	10550.04
198.44	10594.17
198.49	10641.60
198.55	10689.72
198.60	10734.49
198.66	10779.13
198.71	10829.48
198.77	10877.19
198.82	10930.19
198.87	10980.59
198.93	11029.91
198.98	11073.21
199.04	11122.24
199.09	11163.58
199.14	11210.62
199.20	11253.10
199.25	11295.57
199.31	11335.76
199.36	11377.48
199.42	11417.87
199.47	11464.34
199.52	11507.88
199.58	11543.79
199.63	11577.30
199.69	11609.10
199.74	11640.00
199.79	11662.45
199.85	11692.27
199.90	11733.48
199.96	11772.76
200.01	11814.38
200.06	11865.58
200.12	11918.12
200.17	11968.44
200.23	12023.12
200.28	12065.33
200.33	12117.47
200.39	12161.10
200.44	12201.76
200.50	12243.18
200.55	12285.86
200.60	12323.20
200.66	12364.54
200.71	12399.23
200.77	12440.38
200.82	12481.69
200.87	12520.13
200.93	12558.39
200.98	12604.62
201.04	12638.35
201.09	12683.73
201.14	12736.70
201.20	12788.10
201.25	12844.81
201.31	12905.18
201.36	12966.51
201.41	13021.83
201.47	13078.74
201.52	13124.61
201.58	13181.90
201.63	13233.37
201.68	13282.53
201.74	13329.29
201.79	13379.97
201.84	13428.42
201.90	13470.19
201.95	13518.10
202.01	13573.75
202.06	13630.20
202.11	13671.62
202.17	13725.38
202.22	13771.55
202.28	13808.54
202.33	13847.68
202.38	13888.56
202.44	13931.90
202.49	13978.02
202.54	14028.28
202.60	14076.02
202.65	14127.08
202.71	14170.06
202.76	14206.99
202.81	14247.03
202.87	14293.09
202.92	14338.31
202.98	14391.14
203.03	14448.70
203.08	14508.87
203.14	14558.75
203.19	14619.18
203.24	14671.20
203.30	14723.43
203.35	14766.23
203.41	14818.25
203.46	14859.56
203.51	14903.48
203.57	14947.00
203.62	15000.99
203.67	15055.46
203.73	15099.40
203.78	15148.33
203.84	15195.78
203.89	15232.76
203.94	15265.54
204.00	15307.82
204.05	15341.37
204.10	15371.50
204.16	15396.63
204.21	15422.21
204.27	15436.99
204.32	15445.21
204.37	15447.43
204.43	15443.20
204.48	15419.38
204.53	15399.75
204.59	15413.64
204.64	15469.59
204.69	15561.60
204.75	15691.78
204.80	15835.01
204.86	15950.55
204.91	16032.32
204.96	16090.13
205.02	16119.28
205.07	16157.12
205.12	16218.43
205.18	16295.98
205.23	16389.59
205.28	16504.25
205.34	16610.10
205.39	16698.86
205.45	16776.03
205.50	16845.48
205.55	16908.35
205.61	16968.55
205.66	17028.54
205.71	17098.57
205.77	17155.38
205.82	17215.78
205.87	17270.49
205.93	17322.64
205.98	17364.94
206.03	17410.43
206.09	17449.38
206.14	17495.65
206.20	17547.03
206.25	17600.67
206.30	17662.34
206.36	17726.95
206.41	17791.54
206.46	17846.06
206.52	17893.07
206.57	17944.31
206.62	17984.07
206.68	18024.35
206.73	18075.01
206.78	18135.85
206.84	18191.64
206.89	18253.45
206.94	18319.43
207.00	18387.79
207.05	18453.85
207.11	18518.11
207.16	18582.30
207.21	18646.18
207.27	18704.50
207.32	18759.88
207.37	18820.70
207.43	18878.12
207.48	18927.06
207.53	18979.67
207.59	19032.89
207.64	19087.14
207.69	19152.51
207.75	19221.56
207.80	19274.80
207.85	19328.35
207.91	19380.36
207.96	19432.21
208.01	19487.78
208.07	19554.97
208.12	19622.18
208.17	19674.25
208.23	19724.36
208.28	19768.66
208.33	19822.05
208.39	19885.53
208.44	19958.80
208.49	20017.27
208.55	20082.54
208.60	20137.85
208.65	20182.60
208.71	20231.79
208.76	20290.95
208.81	20350.50
208.87	20416.05
208.92	20473.96
208.97	20535.07
209.03	20594.65
209.08	20653.39
209.13	20708.25
209.19	20773.83
209.24	20830.98
209.29	20897.57
209.35	20951.25
209.40	21011.39
209.45	21074.95
209.51	21136.60
209.56	21195.45
209.61	21264.15
209.67	21332.52
209.72	21393.84
209.77	21458.48
209.83	21518.59
209.88	21589.77
209.93	21653.26
209.99	21717.71
210.04	21786.74
210.09	21855.32
210.15	21910.14
210.20	21970.41
210.25	22030.27
210.31	22094.14
210.36	22148.18
210.41	22203.41
210.46	22260.04
210.52	22316.09
210.57	22360.70
210.62	22419.43
210.68	22486.15
210.73	22537.60
210.78	22595.05
210.84	22658.76
210.89	22716.66
210.94	22769.44
211.00	22837.19
211.05	22890.43
211.10	22954.30
211.16	23016.54
211.21	23079.27
211.26	23142.31
211.32	23220.70
211.37	23285.24
211.42	23357.00
211.47	23428.65
211.53	23494.87
211.58	23553.03
211.63	23613.73
211.69	23667.93
211.74	23722.31
211.79	23772.00
211.85	23827.05
211.90	23890.08
211.95	23958.79
212.01	24023.81
212.06	24100.32
212.11	24174.08
212.16	24245.65
212.22	24319.75
212.27	24389.16
212.32	24456.34
212.38	24526.19
212.43	24590.47
212.48	24648.94
212.54	24716.07
212.59	24786.71
212.64	24853.19
212.69	24913.32
212.75	24985.21
212.80	25049.13
212.85	25109.46
212.91	25161.99
212.96	25223.07
213.01	25277.26
213.07	25340.84
213.12	25405.33
213.17	25471.68
213.22	25534.99
213.28	25594.58
213.33	25643.44
213.38	25699.79
213.44	25759.17
213.49	25824.33
213.54	25895.36
213.60	25983.74
213.65	26059.91
213.70	26139.13
213.75	26209.36
213.81	26269.05
213.86	26320.82
213.91	26374.48
213.97	26413.81
214.02	26452.33
214.07	26496.38
214.12	26529.80
214.18	26561.22
214.23	26606.63
214.28	26642.24
214.34	26664.62
214.39	26688.38
214.44	26689.16
214.49	26659.47
214.55	26615.13
214.60	26548.38
214.65	26452.86
214.71	26371.75
214.76	26370.99
214.81	26451.55
214.86	26626.60
214.92	26855.43
214.97	27098.38
215.02	27295.06
215.08	27428.48
215.13	27505.73
215.18	27539.04
215.23	27553.64
215.29	27582.61
215.34	27659.04
215.39	27763.82
215.45	27915.86
215.50	28099.28
215.55	28275.91
215.60	28407.95
215.66	28505.66
215.71	28586.29
215.76	28651.81
215.81	28702.10
215.87	28767.67
215.92	28831.85
215.97	28889.35
216.03	28947.86
216.08	29011.81
216.13	29067.67
216.18	29128.47
216.24	29193.29
216.29	29251.06
216.34	29305.31
216.39	29372.26
216.45	29431.17
216.50	29485.59
216.55	29543.48
216.61	29618.95
216.66	29670.00
216.71	29734.43
216.76	29796.77
216.82	29878.96
216.87	29942.37
216.92	30024.82
216.97	30090.52
217.03	30167.49
217.08	30233.02
217.13	30310.28
217.18	30376.88
217.24	30447.26
217.29	30514.32
217.34	30568.04
217.39	30609.92
217.45	30652.79
217.50	30709.75
217.55	30771.07
217.61	30835.90
217.66	30900.85
217.71	30973.99
217.76	31049.98
217.82	31124.00
217.87	31200.70
217.92	31277.98
217.97	31350.48
218.03	31408.18
218.08	31453.71
218.13	31494.97
218.18	31544.65
218.24	31607.92
218.29	31661.44
218.34	31727.42
218.39	31798.40
218.45	31872.77
218.50	31928.40
218.55	31999.62
218.60	32062.28
218.66	32120.25
218.71	32175.00
218.76	32236.55
218.81	32297.53
218.87	32364.80
218.92	32433.18
218.97	32506.25
219.02	32578.91
219.08	32646.55
219.13	32715.26
219.18	32788.24
219.23	32851.16
219.29	32910.71
219.34	32976.39
219.39	33037.71
219.44	33097.58
219.50	33160.63
219.55	33230.66
219.60	33295.54
219.65	33365.01
219.71	33430.00
219.76	33488.50
219.81	33541.98
219.86	33593.66
219.92	33638.21
219.97	33686.92
220.02	33746.55
220.07	33801.41
220.13	33862.61
220.18	33929.66
220.23	33999.20
220.28	34076.20
220.33	34153.77
220.39	34223.22
220.44	34287.13
220.49	34342.48
220.54	34381.40
220.60	34439.18
220.65	34503.44
220.70	34564.95
220.75	34642.94
220.81	34726.71
220.86	34799.86
220.91	34864.59
220.96	34937.80
221.02	35005.15
221.07	35075.19
221.12	35129.48
221.17	35191.72
221.22	35248.76
221.28	35307.25
221.33	35367.36
221.38	35426.60
221.43	35496.43
221.49	35563.53
221.54	35628.70
221.59	35689.69
221.64	35770.61
221.69	35858.97
221.75	35960.14
221.80	36058.01
221.85	36137.33
221.90	36200.65
221.96	36253.67
222.01	36289.49
222.06	36321.32
222.11	36370.47
222.17	36421.04
222.22	36449.90
222.27	36493.19
222.32	36538.85
222.37	36590.90
222.43	36652.18
222.48	36723.66
222.53	36788.20
222.58	36871.69
222.63	36943.20
222.69	37011.09
222.74	37090.27
222.79	37169.86
222.84	37218.00
222.90	37270.94
222.95	37326.27
223.00	37362.30
223.05	37405.60
223.10	37462.06
223.16	37520.53
223.21	37569.36
223.26	37622.96
223.31	37664.08
223.36	37696.75
223.42	37730.24
223.47	37764.02
223.52	37806.33
223.57	37852.20
223.63	37912.06
223.68	37968.50
223.73	38037.89
223.78	38109.48
223.83	38184.18
223.89	38252.01
223.94	38321.83
223.99	38388.19
224.04	38458.43
224.09	38530.67
224.15	38613.22
224.20	38689.27
224.25	38777.66
224.30	38866.39
224.35	38952.18
224.41	39050.88
224.46	39154.59
224.51	39236.53
224.56	39314.27
224.61	39396.94
224.67	39466.42
224.72	39529.50
224.77	39621.90
224.82	39713.73
224.87	39790.64
224.93	39868.29
224.98	39956.70
225.03	40034.29
225.08	40116.89
225.13	40213.41
225.19	40304.56
225.24	40392.61
225.29	40471.71
225.34	40550.43
225.39	40626.20
225.45	40704.80
225.50	40772.97
225.55	40843.45
225.60	40913.52
225.65	40978.58
225.71	41037.72
225.76	41097.75
225.81	41149.72
225.86	41178.56
225.91	41199.56
225.97	41204.97
226.02	41191.90
226.07	41154.04
226.12	41148.83
226.17	41189.23
226.22	41289.93
226.28	41457.46
226.33	41682.21
226.38	41885.89
226.43	42056.63
226.48	42169.03
226.54	42243.42
226.59	42293.03
226.64	42339.04
226.69	42360.72
226.74	42404.00
226.80	42465.48
226.85	42541.82
226.90	42636.17
226.95	42782.63
227.00	42927.43
227.05	43065.06
227.11	43192.44
227.16	43301.60
227.21	43381.67
227.26	43466.13
227.31	43540.70
227.37	43594.98
227.42	43675.79
227.47	43766.66
227.52	43840.91
227.57	43905.32
227.62	43996.65
227.68	44072.54
227.73	44141.05
227.78	44219.78
227.83	44306.10
227.88	44380.96
227.93	44456.02
227.99	44534.03
228.04	44607.55
228.09	44688.26
228.14	44758.92
228.19	44834.42
228.24	44901.00
228.30	44970.26
228.35	45029.57
228.40	45101.45
228.45	45154.81
228.50	45223.40
228.56	45284.52
228.61	45340.15
228.66	45389.86
228.71	45448.92
228.76	45497.60
228.81	45550.98
228.87	45601.50
228.92	45664.89
228.97	45725.78
229.02	45813.21
229.07	45886.61
229.12	45974.35
229.17	46048.40
229.23	46131.96
229.28	46197.74
229.33	46278.22
229.38	46357.80
229.43	46433.45
229.48	46512.94
229.54	46588.90
229.59	46654.25
229.64	46714.97
229.69	46792.30
229.74	46878.48
229.79	46942.00
229.85	47013.92
229.90	47090.24
229.95	47154.85
230.00	47203.61
230.05	47288.53
230.10	47358.85
230.16	47428.40
230.21	47483.68
230.26	47543.90
230.31	47578.98
230.36	47637.53
230.41	47696.59
230.46	47788.24
230.52	47881.26
230.57	47970.60
230.62	48059.11
230.67	48128.45
230.72	48182.49
230.77	48220.71
230.82	48272.85
230.88	48306.57
230.93	48347.71
230.98	48389.44
231.03	48451.68
231.08	48499.21
231.13	48551.10
231.19	48626.07
231.24	48695.31
231.29	48767.22
231.34	48839.26
231.39	48920.67
231.44	48983.92
231.49	49040.87
231.55	49087.53
231.60	49140.06
231.65	49193.67
231.70	49236.65
231.75	49282.50
231.80	49333.75
231.85	49391.47
231.91	49429.80
231.96	49484.66
232.01	49560.44
232.06	49621.76
232.11	49678.30
232.16	49762.52
232.21	49850.53
232.26	49927.59
232.32	50003.41
232.37	50078.28
232.42	50137.84
232.47	50187.80
232.52	50241.30
232.57	50297.70
232.62	50362.28
232.68	50428.07
232.73	50499.40
232.78	50573.85
232.83	50648.18
232.88	50717.15
232.93	50791.33
232.98	50863.48
233.03	50912.49
233.09	50976.66
233.14	51044.46
233.19	51094.70
233.24	51139.48
233.29	51188.55
233.34	51214.09
233.39	51238.18
233.45	51269.89
233.50	51313.37
233.55	51360.04
233.60	51429.21
233.65	51486.39
233.70	51546.60
233.75	51593.83
233.80	51651.69
233.86	51706.05
233.91	51758.04
233.96	51807.43
234.01	51863.50
234.06	51915.52
234.11	51967.31
234.16	52025.87
234.21	52091.15
234.26	52136.55
234.32	52177.96
234.37	52218.10
234.42	52247.26
234.47	52265.41
234.52	52297.06
234.57	52336.79
234.62	52379.15
234.67	52434.68
234.73	52493.87
234.78	52553.96
234.83	52592.11
234.88	52628.62
234.93	52659.09
234.98	52696.90
235.03	52737.59
235.08	52809.94
235.13	52876.21
235.19	52950.08
235.24	53014.28
235.29	53081.31
235.34	53125.77
235.39	53155.70
235.44	53185.18
235.49	53221.08
235.54	53254.59
235.59	53275.11
235.65	53311.93
235.70	53342.46
235.75	53377.49
235.80	53413.09
235.85	53463.42
235.90	53504.94
235.95	53535.63
236.00	53560.91
236.05	53591.44
236.11	53620.32
236.16	53658.78
236.21	53704.65
236.26	53740.65
236.31	53774.53
236.36	53796.29
236.41	53802.83
236.46	53815.66
236.51	53839.32
236.56	53859.68
236.62	53883.57
236.67	53921.55
236.72	53967.90
236.77	53996.72
236.82	54039.28
236.87	54070.32
236.92	54105.40
236.97	54137.18
237.02	54188.50
237.07	54231.48
237.13	54292.71
237.18	54344.77
237.23	54392.92
237.28	54435.99
237.33	54475.30
237.38	54497.05
237.43	54520.83
237.48	54526.40
237.53	54543.80
237.58	54571.49
237.63	54621.14
237.69	54658.03
237.74	54711.92
237.79	54744.09
237.84	54746.80
237.89	54744.58
237.94	54751.70
237.99	54766.02
238.04	54786.57
238.09	54825.45
238.14	54850.67
238.19	54880.41
238.25	54900.01
238.30	54898.83
238.35	54898.38
238.40	54903.09
238.45	54898.87
238.50	54903.59
238.55	54916.44
238.60	54941.00
238.65	54971.03
238.70	54991.72
238.75	55007.30
238.80	55037.07
238.86	55037.76
238.91	55046.24
238.96	55077.20
239.01	55107.80
239.06	55133.57
239.11	55167.80
239.16	55196.59
239.21	55197.18
239.26	55192.25
239.31	55204.59
239.36	55216.96
239.41	55235.94
239.46	55262.23
239.52	55292.21
239.57	55310.39
239.62	55322.31
239.67	55333.34
239.72	55359.51
239.77	55374.90
239.82	55390.87
239.87	55410.68
239.92	55423.39
239.97	55419.27
240.02	55411.21
240.07	55395.97
240.12	55386.63
240.17	55388.35
240.23	55381.76
240.28	55388.06
240.33	55395.16
240.38	55397.42
240.43	55400.04
240.48	55420.42
240.53	55444.71
240.58	55473.60
240.63	55501.76
240.68	55500.23
240.73	55495.43
240.78	55486.94
240.83	55483.48
240.88	55462.16
240.93	55465.35
240.98	55464.51
241.04	55480.78
241.09	55497.13
241.14	55521.94
241.19	55558.39
241.24	55592.80
241.29	55606.86
241.34	55617.47
241.39	55639.69
241.44	55635.34
241.49	55636.40
241.54	55631.91
241.59	55632.74
241.64	55632.44
241.69	55635.25
241.74	55627.28
241.79	55616.30
241.84	55593.91
241.90	55567.95
241.95	55537.76
242.00	55503.51
242.05	55492.46
242.10	55472.75
242.15	55455.59
242.20	55446.79
242.25	55451.89
242.30	55434.33
242.35	55436.03
242.40	55432.58
242.45	55425.00
242.50	55416.97
242.55	55415.17
242.60	55411.27
242.65	55413.65
242.70	55432.95
242.75	55454.63
242.80	55496.02
242.85	55531.26
242.91	55544.02
242.96	55536.05
243.01	55527.70
243.06	55502.21
243.11	55463.69
243.16	55442.66
243.21	55436.16
243.26	55435.36
243.31	55433.83
243.36	55447.38
243.41	55467.19
243.46	55463.44
243.51	55432.34
243.56	55388.44
243.61	55339.65
243.66	55288.17
243.71	55257.88
243.76	55262.65
243.81	55278.90
243.86	55277.70
243.91	55284.93
243.96	55284.95
244.01	55259.09
244.06	55230.59
244.12	55227.27
244.17	55218.55
244.22	55215.22
244.27	55236.05
244.32	55258.35
244.37	55270.52
244.42	55270.90
244.47	55265.13
244.52	55242.56
244.57	55212.22
244.62	55185.83
244.67	55167.74
244.72	55144.45
244.77	55136.72
244.82	55160.44
244.87	55188.87
244.92	55208.95
244.97	55240.61
245.02	55245.61
245.07	55217.38
245.12	55198.19
245.17	55188.53
245.22	55177.57
245.27	55169.27
245.32	55139.96
245.37	55100.50
245.42	55052.52
245.47	55004.87
245.52	54958.18
245.57	54946.29
245.62	54922.79
245.67	54909.36
245.72	54892.36
245.77	54872.07
245.82	54853.29
245.87	54861.28
245.92	54859.68
245.98	54857.84
246.03	54862.31
246.08	54863.55
246.13	54857.91
246.18	54866.77
246.23	54858.87
246.28	54845.89
246.33	54835.16
246.38	54798.80
246.43	54768.27
246.48	54748.40
246.53	54749.00
246.58	54755.21
246.63	54766.73
246.68	54754.08
246.73	54744.40
246.78	54712.40
246.83	54661.99
246.88	54604.27
246.93	54562.42
246.98	54508.45
247.03	54485.53
247.08	54474.08
247.13	54474.12
247.18	54475.13
247.23	54502.41
247.28	54496.73
247.33	54477.58
247.38	54460.10
247.43	54433.65
247.48	54405.75
247.53	54380.22
247.58	54348.51
247.63	54318.02
247.68	54281.50
247.73	54228.35
247.78	54191.67
247.83	54165.80
247.88	54139.49
247.93	54125.83
247.98	54130.06
248.03	54133.42
248.08	54144.96
248.13	54149.26
248.18	54140.03
248.23	54125.93
248.28	54090.77
248.33	54049.94
248.38	54016.85
248.43	53991.55
248.48	53969.28
248.53	53959.61
248.58	53942.16
248.63	53931.33
248.68	53911.90
248.73	53888.79
248.78	53858.36
248.83	53813.61
248.88	53744.40
248.93	53679.32
248.98	53598.15
249.03	53546.77
249.08	53522.81
249.13	53518.28
249.18	53512.87
249.23	53531.58
249.28	53525.27
249.33	53521.27
249.38	53505.54
249.43	53495.13
249.48	53468.97
249.53	53454.67
249.58	53430.23
249.63	53406.73
249.68	53387.80
249.73	53373.66
249.78	53356.79
249.83	53347.72
249.88	53324.14
249.93	53303.51
249.98	53292.66
250.03	53281.91
250.08	53254.63
250.13	53248.35
250.18	53230.48
250.23	53177.00
250.28	53126.78
250.33	53073.50
250.37	53027.86
250.42	52980.22
250.47	52964.51
250.52	52954.64
250.57	52943.29
250.62	52903.41
250.67	52877.10
250.72	52854.22
250.77	52809.88
250.82	52789.69
250.87	52800.98
250.92	52786.64
250.97	52761.51
251.02	52757.50
251.07	52753.16
251.12	52724.50
251.17	52698.40
251.22	52663.87
251.27	52618.20
251.32	52560.75
251.37	52503.33
251.42	52456.74
251.47	52415.70
251.52	52391.97
251.57	52370.89
251.62	52363.85
251.67	52355.26
251.72	52338.48
251.77	52302.80
251.82	52257.99
251.87	52210.73
251.92	52166.27
251.97	52107.11
252.02	52063.09
252.07	52034.60
252.12	52018.34
252.16	52009.38
252.21	52025.55
252.26	52034.46
252.31	52046.07
252.36	52042.56
252.41	52025.01
252.46	51991.39
252.51	51954.56
252.56	51914.43
252.61	51884.07
252.66	51848.38
252.71	51832.01
252.76	51807.00
252.81	51764.30
252.86	51707.10
252.91	51661.31
252.96	51596.46
253.01	51530.44
253.06	51477.49
253.11	51429.09
253.16	51389.53
253.21	51338.66
253.26	51307.00
253.31	51273.38
253.36	51251.08
253.40	51225.85
253.45	51220.09
253.50	51172.13
253.55	51133.83
253.60	51087.67
253.65	51043.05
253.70	51003.09
253.75	50999.00
253.80	50986.12
253.85	50985.51
253.90	50983.27
253.95	50968.71
254.00	50957.93
254.05	50943.35
254.10	50892.81
254.15	50857.10
254.20	50840.09
254.25	50809.22
254.30	50773.59
254.35	50737.84
254.39	50665.66
254.44	50581.36
254.49	50504.31
254.54	50469.15
254.59	50448.62
254.64	50443.88
254.69	50437.78
254.74	50437.43
254.79	50403.94
254.84	50366.01
254.89	50344.37
254.94	50328.67
254.99	50315.05
255.04	50300.83
255.09	50302.26
255.14	50277.72
255.19	50268.98
255.23	50248.32
255.28	50239.44
255.33	50223.61
255.38	50215.12
255.43	50197.19
255.48	50176.41
255.53	50133.54
255.58	50096.51
255.63	50058.55
255.68	50003.02
255.73	49952.20
255.78	49926.13
255.83	49902.34
255.88	49882.44
255.93	49865.33
255.97	49848.85
256.02	49808.29
256.07	49763.23
256.12	49692.05
256.17	49637.29
256.22	49585.22
256.27	49539.05
256.32	49493.25
256.37	49474.03
256.42	49456.51
256.47	49424.51
256.52	49405.32
256.57	49382.09
256.62	49361.68
256.66	49341.24
256.71	49316.03
256.76	49268.35
256.81	49217.52
256.86	49166.21
256.91	49113.58
256.96	49069.88
257.01	49044.51
257.06	49023.39
257.11	48991.83
257.16	48942.62
257.21	48907.20
257.26	48871.42
257.30	48835.31
257.35	48793.57
257.40	48775.95
257.45	48763.25
257.50	48728.61
257.55	48698.39
257.60	48681.35
257.65	48656.41
257.70	48611.01
257.75	48578.47
257.80	48549.24
257.85	48508.89
257.89	48455.56
257.94	48396.78
257.99	48339.09
258.04	48277.72
258.09	48242.40
258.14	48214.29
258.19	48197.33
258.24	48176.27
258.29	48140.02
258.34	48097.54
258.39	48053.37
258.44	47996.47
258.48	47943.66
258.53	47914.37
258.58	47874.60
258.63	47820.83
258.68	47779.18
258.73	47742.28
258.78	47701.86
258.83	47656.60
258.88	47630.50
258.93	47600.93
258.97	47574.59
259.02	47543.06
259.07	47520.96
259.12	47499.17
259.17	47482.30
259.22	47465.67
259.27	47437.62
259.32	47420.17
259.37	47376.27
259.42	47337.28
259.47	47287.63
259.51	47241.47
259.56	47175.50
259.61	47106.42
259.66	47029.59
259.71	46958.04
259.76	46899.42
259.81	46838.28
259.86	46801.96
259.91	46757.99
259.95	46732.14
260.00	46708.05
260.05	46691.97
260.10	46675.09
260.15	46665.73
260.20	46644.18
260.25	46635.01
260.30	46619.00
260.35	46594.71
260.40	46562.95
260.44	46539.56
260.49	46508.78
260.54	46476.74
260.59	46451.47
260.64	46452.31
260.69	46445.79
260.74	46409.08
260.79	46370.67
260.84	46323.44
260.88	46254.94
260.93	46180.69
260.98	46141.67
261.03	46098.83
261.08	46072.36
261.13	46038.43
261.18	46003.28
261.23	45950.05
261.28	45912.93
261.32	45868.35
261.37	45825.86
261.42	45794.61
261.47	45769.79
261.52	45720.63
261.57	45668.36
261.62	45635.46
261.67	45585.35
261.71	45514.37
261.76	45473.87
261.81	45421.59
261.86	45361.62
261.91	45309.98
261.96	45277.74
262.01	45231.72
262.06	45221.37
262.10	45210.40
262.15	45195.58
262.20	45178.85
262.25	45164.20
262.30	45136.48
262.35	45109.18
262.40	45081.20
262.45	45054.05
262.49	45027.50
262.54	44994.77
262.59	44960.19
262.64	44929.26
262.69	44889.98
262.74	44838.63
262.79	44779.42
262.84	44739.21
262.88	44691.45
262.93	44639.72
262.98	44603.51
263.03	44569.80
263.08	44510.30
263.13	44436.30
263.18	44376.84
263.23	44315.85
263.27	44258.60
263.32	44226.38
263.37	44217.51
263.42	44198.98
263.47	44172.69
263.52	44160.89
263.57	44120.48
263.61	44072.42
263.66	44028.00
263.71	43999.10
263.76	43956.74
263.81	43917.40
263.86	43892.84
263.91	43853.19
263.95	43786.79
264.00	43728.95
264.05	43681.55
264.10	43615.35
264.15	43550.68
264.20	43511.54
264.25	43470.86
264.29	43421.40
264.34	43370.95
264.39	43337.82
264.44	43286.21
264.49	43237.90
264.54	43194.98
264.59	43164.26
264.63	43121.25
264.68	43074.72
264.73	43019.48
264.78	42972.20
264.83	42909.46
264.88	42863.07
264.93	42837.02
264.97	42814.54
265.02	42780.26
265.07	42767.87
265.12	42732.45
265.17	42683.42
265.22	42637.53
265.27	42590.94
265.31	42528.45
265.36	42468.02
265.41	42412.40
265.46	42347.02
265.51	42277.92
265.56	42219.70
265.60	42167.60
265.65	42111.29
265.70	42057.61
265.75	42001.03
265.80	41945.81
265.85	41884.00
265.90	41823.75
265.94	41769.31
265.99	41709.52
266.04	41657.44
266.09	41624.40
266.14	41591.75
266.19	41553.38
266.23	41527.32
266.28	41479.57
266.33	41443.23
266.38	41413.10
266.43	41393.78
266.48	41375.22
266.52	41359.81
266.57	41317.62
266.62	41271.45
266.67	41220.19
266.72	41167.32
266.77	41127.16
266.81	41100.56
266.86	41073.36
266.91	41043.23
266.96	41008.19
267.01	40971.72
267.06	40924.92
267.10	40884.46
267.15	40837.62
267.20	40796.07
267.25	40756.36
267.30	40721.85
267.35	40678.75
267.39	40642.08
267.44	40601.40
267.49	40548.67
267.54	40493.70
267.59	40447.48
267.64	40395.85
267.68	40340.66
267.73	40291.47
267.78	40256.93
267.83	40228.68
267.88	40209.54
267.93	40207.92
267.97	40197.58
268.02	40155.87
268.07	40104.44
268.12	40049.20
268.17	39982.00
268.21	39935.58
268.26	39896.53
268.31	39857.70
268.36	39808.46
268.41	39765.75
268.46	39713.90
268.50	39674.14
268.55	39627.55
268.60	39573.23
268.65	39515.13
268.70	39431.30
268.74	39359.14
268.79	39286.45
268.84	39232.06
268.89	39185.23
268.94	39156.00
268.99	39119.31
269.03	39077.15
269.08	39028.67
269.13	38957.09
269.18	38878.75
269.23	38783.26
269.27	38675.42
269.32	38552.88
269.37	38425.98
269.42	38291.47
269.47	38150.81
269.51	38013.68
269.56	37877.71
269.61	37744.25
269.66	37598.20
269.71	37447.57
269.76	37300.69
269.80	37146.35
269.85	36997.93
269.90	36857.90
269.95	36710.52
270.00	36551.47
270.04	36400.53
270.09	36253.64
270.14	36106.11
270.19	35966.54
270.24	35830.30
270.28	35682.50
270.33	35510.13
270.38	35332.85
270.43	35156.21
270.48	34981.96
270.52	34819.26
270.57	34658.60
270.62	34503.17
270.67	34352.54
270.72	34190.45
270.76	34013.19
270.81	33849.08
270.86	33679.00
270.91	33503.80
270.96	33338.34
271.00	33183.66
271.05	33028.35
271.10	32882.56
271.15	32749.90
271.20	32627.95
271.24	32487.91
271.29	32346.32
271.34	32202.11
271.39	32048.41
271.44	31893.20
271.48	31760.75
271.53	31619.62
271.58	31477.91
271.63	31331.97
271.67	31183.58
271.72	31032.75
271.77	30886.08
271.82	30752.02
271.87	30618.73
271.91	30468.32
271.96	30324.82
272.01	30192.02
272.06	30056.40
272.11	29930.63
272.15	29821.67
272.20	29716.69
272.25	29610.84
272.30	29503.57
272.35	29393.49
272.39	29291.04
272.44	29166.52
272.49	29035.13
272.54	28899.78
272.58	28751.53
272.63	28597.02
272.68	28442.15
272.73	28286.67
272.78	28112.01
272.82	27913.33
272.87	27688.56
272.92	27411.88
272.97	26883.34
273.01	23923.90
273.06	18974.02
273.11	13515.81
273.16	8151.70
273.21	3069.81
273.25	463.54
273.30	-88.89
273.35	-88.95
