165.32	3378.98
165.38	-246.84
165.44	596.01
165.50	-77.65
165.55	-20.14
165.61	1.70
165.67	28.65
165.72	37.52
165.78	42.86
165.84	41.50
165.89	38.36
165.95	37.08
166.01	35.81
166.06	37.41
166.12	39.78
166.18	37.70
166.23	39.27
166.29	38.73
166.35	35.12
166.40	34.09
166.46	41.02
166.52	43.52
166.57	43.91
166.63	44.53
166.69	46.90
166.74	40.48
166.80	40.85
166.86	43.45
166.91	44.19
166.97	38.72
167.03	41.17
167.08	35.50
167.14	34.09
167.20	32.53
167.25	44.75
167.31	45.27
167.37	50.64
167.42	52.34
167.48	57.96
167.54	53.04
167.59	52.58
167.65	48.58
167.71	48.66
167.76	47.41
167.82	42.74
167.88	42.26
167.93	49.94
167.99	48.85
168.05	51.40
168.10	59.21
168.16	58.71
168.21	56.66
168.27	61.01
168.33	62.82
168.38	55.47
168.44	60.03
168.50	58.42
168.55	56.89
168.61	57.63
168.67	59.57
168.72	56.39
168.78	56.37
168.84	52.63
168.89	50.98
168.95	52.10
169.01	52.14
169.06	52.09
169.12	51.26
169.18	49.50
169.23	49.35
169.29	53.69
169.34	57.92
169.40	61.10
169.46	65.47
169.51	67.37
169.57	62.62
169.63	58.48
169.68	62.91
169.74	59.59
169.80	65.39
169.85	66.46
169.91	70.56
169.97	66.59
170.02	66.01
170.08	65.00
170.13	65.43
170.19	65.22
170.25	66.63
170.30	70.95
170.36	62.49
170.42	65.00
170.47	65.88
170.53	67.71
170.59	64.57
170.64	68.49
170.70	66.90
170.76	64.50
170.81	66.07
170.87	65.39
170.92	66.25
170.98	68.91
171.04	71.44
171.09	66.94
171.15	74.41
171.21	74.96
171.26	71.78
171.32	69.00
171.37	72.76
171.43	67.41
171.49	71.96
171.54	75.38
171.60	77.20
171.66	79.00
171.71	79.13
171.77	77.03
171.83	82.96
171.88	81.60
171.94	81.30
171.99	85.58
172.05	84.82
172.11	85.57
172.16	94.81
172.22	95.70
172.28	96.26
172.33	93.76
172.39	90.69
172.44	87.27
172.50	91.91
172.56	91.33
172.61	99.58
172.67	99.20
172.72	98.89
172.78	94.13
172.84	89.12
172.89	82.35
172.95	82.12
173.01	83.15
173.06	81.65
173.12	87.59
173.17	89.67
173.23	88.49
173.29	88.40
173.34	89.86
173.40	84.75
173.46	84.74
173.51	87.68
173.57	87.78
173.62	82.22
173.68	88.36
173.74	87.30
173.79	88.95
173.85	86.12
173.90	88.90
173.96	85.19
174.02	82.24
174.07	74.28
174.13	73.50
174.18	76.16
174.24	69.83
174.30	70.22
174.35	75.13
174.41	72.45
174.47	66.04
174.52	66.64
174.58	65.73
174.63	61.70
174.69	60.13
174.75	62.32
174.80	73.57
174.86	71.33
174.91	72.03
174.97	71.97
175.03	69.71
175.08	57.47
175.14	64.18
175.19	59.94
175.25	60.69
175.31	65.18
175.36	66.58
175.42	63.38
175.47	68.31
175.53	68.84
175.59	64.62
175.64	66.61
175.70	64.68
175.75	59.53
175.81	57.69
175.87	58.73
175.92	54.58
175.98	56.14
176.03	56.60
176.09	57.24
176.15	57.20
176.20	58.61
176.26	58.61
176.31	62.05
176.37	59.70
176.42	60.95
176.48	64.45
176.54	61.58
176.59	58.48
176.65	60.95
176.70	62.21
176.76	61.25
176.82	59.42
176.87	56.18
176.93	56.28
176.98	55.01
177.04	50.20
177.10	55.30
177.15	56.93
177.21	57.70
177.26	56.62
177.32	60.63
177.37	61.98
177.43	66.17
177.49	62.91
177.54	60.38
177.60	60.29
177.65	61.16
177.71	55.21
177.77	57.97
177.82	59.80
177.88	63.79
177.93	58.69
177.99	65.53
178.04	61.30
178.10	61.95
178.16	55.35
178.21	56.61
178.27	53.67
178.32	57.30
178.38	56.26
178.43	58.29
178.49	58.24
178.55	57.57
178.60	56.88
178.66	56.22
178.71	57.48
178.77	55.61
178.82	56.60
178.88	56.26
178.94	56.78
178.99	57.69
179.05	61.70
179.10	57.60
179.16	60.85
179.21	63.00
179.27	61.55
179.33	57.40
179.38	61.73
179.44	59.29
179.49	59.56
179.55	57.95
179.60	57.90
179.66	56.24
179.72	58.84
179.77	56.13
179.83	55.20
179.88	56.89
179.94	58.48
179.99	54.63
180.05	54.99
180.11	55.81
180.16	58.41
180.22	60.97
180.27	65.95
180.33	66.78
180.38	70.31
180.44	65.64
180.49	65.21
180.55	62.59
180.61	66.75
180.66	62.21
180.72	60.77
180.77	58.50
180.83	58.30
180.88	55.09
180.94	54.55
180.99	58.35
181.05	58.68
181.11	60.35
181.16	60.65
181.22	62.17
181.27	64.46
181.33	62.89
181.38	59.25
181.44	60.75
181.49	65.17
181.55	65.60
181.61	72.18
181.66	74.79
181.72	72.08
181.77	69.38
181.83	67.12
181.88	72.41
181.94	74.06
181.99	79.64
182.05	80.44
182.11	81.15
182.16	71.84
182.22	70.44
182.27	66.21
182.33	68.88
182.38	68.48
182.44	73.54
182.49	75.64
182.55	77.36
182.60	76.65
182.66	80.17
182.72	81.97
182.77	84.55
182.83	88.10
182.88	91.37
182.94	92.59
182.99	89.95
183.05	88.23
183.10	90.09
183.16	89.16
183.21	90.58
183.27	98.79
183.32	103.13
183.38	106.67
183.44	114.06
183.49	119.63
183.55	120.58
183.60	127.73
183.66	134.59
183.71	143.86
183.77	152.28
183.82	162.59
183.88	174.05
183.93	185.45
183.99	199.76
184.04	216.62
184.10	229.98
184.15	241.95
184.21	256.23
184.27	258.23
184.32	258.94
184.38	255.11
184.43	250.59
184.49	232.66
184.54	215.04
184.60	204.55
184.65	190.92
184.71	181.14
184.76	183.35
184.82	201.24
184.87	219.25
184.93	245.71
184.98	275.02
185.04	307.53
185.09	333.28
185.15	359.88
185.20	393.29
185.26	428.19
185.31	458.14
185.37	487.15
185.43	508.17
185.48	528.15
185.54	551.64
185.59	577.35
185.65	602.58
185.70	644.22
185.76	690.66
185.81	726.35
185.87	763.66
185.92	809.98
185.98	846.10
186.03	863.01
186.09	864.88
186.14	839.59
186.20	783.49
186.25	696.25
186.31	607.80
186.36	539.32
186.42	509.61
186.47	519.19
186.53	567.83
186.58	638.99
186.64	715.02
186.69	789.45
186.75	851.26
186.80	909.92
186.86	968.69
186.91	1028.64
186.97	1083.17
187.02	1153.19
187.08	1219.94
187.13	1275.60
187.19	1334.86
187.24	1395.52
187.30	1436.48
187.35	1477.80
187.41	1531.91
187.47	1584.51
187.52	1630.70
187.58	1690.16
187.63	1763.80
187.69	1841.73
187.74	1908.43
187.80	1969.20
187.85	2016.93
187.91	2040.58
187.96	2026.97
188.02	1968.58
188.07	1865.96
188.13	1717.67
188.18	1558.06
188.24	1439.54
188.29	1384.40
188.35	1396.05
188.40	1478.19
188.46	1605.06
188.51	1732.85
188.57	1863.16
188.62	1990.17
188.67	2107.55
188.73	2221.50
188.78	2329.53
188.84	2433.23
188.89	2537.80
188.95	2643.35
189.00	2732.78
189.06	2830.01
189.11	2925.41
189.17	3006.50
189.22	3080.66
189.28	3170.06
189.33	3248.34
189.39	3312.93
189.44	3382.25
189.50	3458.15
189.55	3524.89
189.61	3578.50
189.66	3636.25
189.72	3693.92
189.77	3743.00
189.83	3772.40
189.88	3779.90
189.94	3748.68
189.99	3664.45
190.05	3508.92
190.10	3285.93
190.16	3030.11
190.21	2803.65
190.27	2656.12
190.32	2610.80
190.38	2669.23
190.43	2812.72
190.49	2983.03
190.54	3129.88
190.60	3258.19
190.65	3365.56
190.71	3458.35
190.76	3546.19
190.81	3638.25
190.87	3734.78
190.92	3856.42
190.98	3985.83
191.03	4121.70
191.09	4264.78
191.14	4389.34
191.20	4489.35
191.25	4591.51
191.31	4695.55
191.36	4800.88
191.42	4916.61
191.47	5045.65
191.53	5172.43
191.58	5278.09
191.64	5358.05
191.69	5429.77
191.75	5481.52
191.80	5514.55
191.85	5533.00
191.91	5558.73
191.96	5578.15
192.02	5603.22
192.07	5615.62
192.13	5611.67
192.18	5559.64
192.24	5443.96
192.29	5249.70
192.35	5023.03
192.40	4840.24
192.46	4733.40
192.51	4730.22
192.57	4824.82
192.62	5004.25
192.67	5187.24
192.73	5367.80
192.78	5532.46
192.84	5686.18
192.89	5822.35
192.95	5953.56
193.00	6069.07
193.06	6178.40
193.11	6285.68
193.17	6377.97
193.22	6462.68
193.28	6551.21
193.33	6626.14
193.38	6693.69
193.44	6763.30
193.49	6836.75
193.55	6894.90
193.60	6956.47
193.66	7009.83
193.71	7055.46
193.77	7079.58
193.82	7102.66
193.88	7120.74
193.93	7147.50
193.98	7175.13
194.04	7218.05
194.09	7262.29
194.15	7312.50
194.20	7358.39
194.26	7396.17
194.31	7437.76
194.37	7463.59
194.42	7471.26
194.47	7456.12
194.53	7412.62
194.58	7320.54
194.64	7206.76
194.69	7103.22
194.75	7035.17
194.80	7020.37
194.86	7060.37
194.91	7156.03
194.97	7263.57
195.02	7374.50
195.07	7480.51
195.13	7586.80
195.18	7692.44
195.24	7793.27
195.29	7890.19
195.35	7975.79
195.40	8058.75
195.46	8130.98
195.51	8213.58
195.56	8295.66
195.62	8383.71
195.67	8460.61
195.73	8539.04
195.78	8597.27
195.84	8639.91
195.89	8670.66
195.94	8706.27
196.00	8739.41
196.05	8780.54
196.11	8837.54
196.16	8898.16
196.22	8961.35
196.27	9024.18
196.32	9084.01
196.38	9129.66
196.43	9181.71
196.49	9219.50
196.54	9256.43
196.60	9297.72
196.65	9344.72
196.71	9388.58
196.76	9438.12
196.81	9481.04
196.87	9516.00
196.92	9542.67
196.98	9559.40
197.03	9569.49
197.09	9562.45
197.14	9556.08
197.19	9556.95
197.25	9569.30
197.30	9594.95
197.36	9648.01
197.41	9709.42
197.47	9772.99
197.52	9833.76
197.57	9899.52
197.63	9953.27
197.68	10009.07
197.74	10061.35
197.79	10108.52
197.84	10150.37
197.90	10197.43
197.95	10235.36
198.01	10277.47
198.06	10320.71
198.12	10363.78
198.17	10404.70
198.22	10445.91
198.28	10481.76
198.33	10524.65
198.39	10563.32
198.44	10607.65
198.49	10657.25
198.55	10703.40
198.60	10743.62
198.66	10789.79
198.71	10840.44
198.77	10885.48
198.82	10937.99
198.87	10990.04
198.93	11037.80
198.98	11080.31
199.04	11129.29
199.09	11169.04
199.14	11210.59
199.20	11251.11
199.25	11296.52
199.31	11336.39
199.36	11383.30
199.42	11427.94
199.47	11477.40
199.52	11516.01
199.58	11555.00
199.63	11583.57
199.69	11615.92
199.74	11641.78
199.79	11666.84
199.85	11695.18
199.90	11737.92
199.96	11777.91
200.01	11825.36
200.06	11871.21
200.12	11925.07
200.17	11976.14
200.23	12025.15
200.28	12066.67
200.33	12123.44
200.39	12166.35
200.44	12208.07
200.50	12255.35
200.55	12296.66
200.60	12333.04
200.66	12371.86
200.71	12404.32
200.77	12441.86
200.82	12483.00
200.87	12518.29
200.93	12554.89
200.98	12597.92
201.04	12634.83
201.09	12680.00
201.14	12738.34
201.20	12789.05
201.25	12846.44
201.31	12900.39
201.36	12959.46
201.41	13006.84
201.47	13067.80
201.52	13118.37
201.58	13181.35
201.63	13227.72
201.68	13277.61
201.74	13321.57
201.79	13367.31
201.84	13413.05
201.90	13465.36
201.95	13515.52
202.01	13569.49
202.06	13625.38
202.11	13668.77
202.17	13712.50
202.22	13764.23
202.28	13807.50
202.33	13845.07
202.38	13885.44
202.44	13930.45
202.49	13970.92
202.54	14019.56
202.60	14069.42
202.65	14122.00
202.71	14170.66
202.76	14211.77
202.81	14250.07
202.87	14294.10
202.92	14340.05
202.98	14383.65
203.03	14437.14
203.08	14490.94
203.14	14549.98
203.19	14602.88
203.24	14661.88
203.30	14713.82
203.35	14767.08
203.41	14810.10
203.46	14851.95
203.51	14897.92
203.57	14935.14
203.62	14979.65
203.67	15034.87
203.73	15082.80
203.78	15123.87
203.84	15179.28
203.89	15219.54
203.94	15250.68
204.00	15288.21
204.05	15331.20
204.10	15357.98
204.16	15382.70
204.21	15412.61
204.27	15433.45
204.32	15437.80
204.37	15441.01
204.43	15433.75
204.48	15409.89
204.53	15392.03
204.59	15401.52
204.64	15457.06
204.69	15556.16
204.75	15684.01
204.80	15826.43
204.86	15948.51
204.91	16029.97
204.96	16083.60
205.02	16115.55
205.07	16146.51
205.12	16200.41
205.18	16278.68
205.23	16367.82
205.28	16478.98
205.34	16584.69
205.39	16674.35
205.45	16754.01
205.50	16829.49
205.55	16891.63
205.61	16951.18
205.66	17016.49
205.71	17079.75
205.77	17137.75
205.82	17194.79
205.87	17252.96
205.93	17299.44
205.98	17349.23
206.03	17391.35
206.09	17437.49
206.14	17489.02
206.20	17542.12
206.25	17592.15
206.30	17651.48
206.36	17707.42
206.41	17769.02
206.46	17825.35
206.52	17873.58
206.57	17925.49
206.62	17975.05
206.68	18018.02
206.73	18064.70
206.78	18122.81
206.84	18179.10
206.89	18235.38
206.94	18289.55
207.00	18360.54
207.05	18427.62
207.11	18489.32
207.16	18548.15
207.21	18613.65
207.27	18666.34
207.32	18719.32
207.37	18776.17
207.43	18833.57
207.48	18881.14
207.53	18932.99
207.59	18989.98
207.64	19046.97
207.69	19117.89
207.75	19190.43
207.80	19252.56
207.85	19308.40
207.91	19367.49
207.96	19419.54
208.01	19478.20
208.07	19537.94
208.12	19603.87
208.17	19654.41
208.23	19702.12
208.28	19751.80
208.33	19808.48
208.39	19862.54
208.44	19929.97
208.49	19990.66
208.55	20049.77
208.60	20109.25
208.65	20158.66
208.71	20205.87
208.76	20265.90
208.81	20320.77
208.87	20383.44
208.92	20443.38
208.97	20509.47
209.03	20567.16
209.08	20629.50
209.13	20680.73
209.19	20749.45
209.24	20806.53
209.29	20871.00
209.35	20927.61
209.40	20995.04
209.45	21055.35
209.51	21122.23
209.56	21177.89
209.61	21245.25
209.67	21304.94
209.72	21367.56
209.77	21423.29
209.83	21490.02
209.88	21556.63
209.93	21624.60
209.99	21680.70
210.04	21751.43
210.09	21820.15
210.15	21880.30
210.20	21937.16
210.25	22000.70
210.31	22063.92
210.36	22114.17
210.41	22168.84
210.46	22224.11
210.52	22274.99
210.57	22322.54
210.62	22381.85
210.68	22447.97
210.73	22507.15
210.78	22579.14
210.84	22645.19
210.89	22707.61
210.94	22758.96
211.00	22813.35
211.05	22860.77
211.10	22919.02
211.16	22977.90
211.21	23043.88
211.26	23115.05
211.32	23191.49
211.37	23251.09
211.42	23314.40
211.47	23382.43
211.53	23447.15
211.58	23506.30
211.63	23570.63
211.69	23635.12
211.74	23686.53
211.79	23736.40
211.85	23794.31
211.90	23859.99
211.95	23926.83
212.01	23994.30
212.06	24076.83
212.11	24152.49
212.16	24226.90
212.22	24297.27
212.27	24359.03
212.32	24424.01
212.38	24489.41
212.43	24547.20
212.48	24609.70
212.54	24681.61
212.59	24747.52
212.64	24816.24
212.69	24882.23
212.75	24950.87
212.80	25021.06
212.85	25079.69
212.91	25127.93
212.96	25183.39
213.01	25236.91
213.07	25290.29
213.12	25354.70
213.17	25421.38
213.22	25487.33
213.28	25552.74
213.33	25609.14
213.38	25667.75
213.44	25730.13
213.49	25799.47
213.54	25872.49
213.60	25952.02
213.65	26031.33
213.70	26109.31
213.75	26176.41
213.81	26225.30
213.86	26282.78
213.91	26328.63
213.97	26363.80
214.02	26405.07
214.07	26450.32
214.12	26484.01
214.18	26519.91
214.23	26565.08
214.28	26600.28
214.34	26629.61
214.39	26656.72
214.44	26656.15
214.49	26630.97
214.55	26582.54
214.60	26517.56
214.65	26422.68
214.71	26347.42
214.76	26345.69
214.81	26430.96
214.86	26597.91
214.92	26822.27
214.97	27058.59
215.02	27245.72
215.08	27377.05
215.13	27457.42
215.18	27495.38
215.23	27511.37
215.29	27540.79
215.34	27614.05
215.39	27717.47
215.45	27869.60
215.50	28052.21
215.55	28231.71
215.60	28365.85
215.66	28461.83
215.71	28538.86
215.76	28608.83
215.81	28667.07
215.87	28726.52
215.92	28790.29
215.97	28848.60
216.03	28907.40
216.08	28965.69
216.13	29022.00
216.18	29083.40
216.24	29141.76
216.29	29188.22
216.34	29241.92
216.39	29306.85
216.45	29370.36
216.50	29432.94
216.55	29504.12
216.61	29574.58
216.66	29632.47
216.71	29691.34
216.76	29750.45
216.82	29828.38
216.87	29893.38
216.92	29967.67
216.97	30038.24
217.03	30116.36
217.08	30182.02
217.13	30265.92
217.18	30341.99
217.24	30415.98
217.29	30479.54
217.34	30527.50
217.39	30565.16
217.45	30608.12
217.50	30656.26
217.55	30714.50
217.61	30782.70
217.66	30849.08
217.71	30919.49
217.76	30995.69
217.82	31070.22
217.87	31148.49
217.92	31232.03
217.97	31301.39
218.03	31365.29
218.08	31415.55
218.13	31462.36
218.18	31502.80
218.24	31571.08
218.29	31624.40
218.34	31691.68
218.39	31754.37
218.45	31828.10
218.50	31877.21
218.55	31939.41
218.60	31997.44
218.66	32046.74
218.71	32103.23
218.76	32169.04
218.81	32233.25
218.87	32297.59
218.92	32376.61
218.97	32450.81
219.02	32520.29
219.08	32589.91
219.13	32667.79
219.18	32733.25
219.23	32793.67
219.29	32854.60
219.34	32919.47
219.39	32978.89
219.44	33035.24
219.50	33100.88
219.55	33167.60
219.60	33235.50
219.65	33301.52
219.71	33374.69
219.76	33424.84
219.81	33478.65
219.86	33535.77
219.92	33585.25
219.97	33634.60
220.02	33696.04
220.07	33753.86
220.13	33810.92
220.18	33879.54
220.23	33947.64
220.28	34032.02
220.33	34113.15
220.39	34175.55
220.44	34232.82
220.49	34296.32
220.54	34340.70
220.60	34385.49
220.65	34442.96
220.70	34504.24
220.75	34566.35
220.81	34645.72
220.86	34730.71
220.91	34807.48
220.96	34887.01
221.02	34959.04
221.07	35020.57
221.12	35070.78
221.17	35124.74
221.22	35175.91
221.28	35235.46
221.33	35293.32
221.38	35358.60
221.43	35429.79
221.49	35496.92
221.54	35565.39
221.59	35636.90
221.64	35715.34
221.69	35807.50
221.75	35912.95
221.80	36011.94
221.85	36085.50
221.90	36151.27
221.96	36206.12
222.01	36232.17
222.06	36258.78
222.11	36307.85
222.17	36358.07
222.22	36383.59
222.27	36430.39
222.32	36476.80
222.37	36529.11
222.43	36586.01
222.48	36658.27
222.53	36731.71
222.58	36814.02
222.63	36883.22
222.69	36948.31
222.74	37021.42
222.79	37089.46
222.84	37140.60
222.90	37197.69
222.95	37250.42
223.00	37292.14
223.05	37339.91
223.10	37400.71
223.16	37459.56
223.21	37506.79
223.26	37559.90
223.31	37599.18
223.36	37632.35
223.42	37670.13
223.47	37708.94
223.52	37751.22
223.57	37801.45
223.63	37860.66
223.68	37908.65
223.73	37983.00
223.78	38058.50
223.83	38130.03
223.89	38188.75
223.94	38263.87
223.99	38325.64
224.04	38391.30
224.09	38459.47
224.15	38545.50
224.20	38614.20
224.25	38701.49
224.30	38788.32
224.35	38883.05
224.41	38981.15
224.46	39084.86
224.51	39171.95
224.56	39244.78
224.61	39319.52
224.67	39390.45
224.72	39466.46
224.77	39556.67
224.82	39656.16
224.87	39742.71
224.93	39824.19
224.98	39911.45
225.03	39991.41
225.08	40075.19
225.13	40152.78
225.19	40234.47
225.24	40313.41
225.29	40385.10
225.34	40461.61
225.39	40538.03
225.45	40617.35
225.50	40688.29
225.55	40766.46
225.60	40831.39
225.65	40910.77
225.71	40972.41
225.76	41026.80
225.81	41071.91
225.86	41111.70
225.91	41133.69
225.97	41149.44
226.02	41148.96
226.07	41118.02
226.12	41108.33
226.17	41143.35
226.22	41235.04
226.28	41390.98
226.33	41615.17
226.38	41819.84
226.43	41996.16
226.48	42113.81
226.54	42186.07
226.59	42227.79
226.64	42268.27
226.69	42290.87
226.74	42333.59
226.80	42403.00
226.85	42487.81
226.90	42590.35
226.95	42725.02
227.00	42867.33
227.05	42998.71
227.11	43119.71
227.16	43235.19
227.21	43323.56
227.26	43412.15
227.31	43492.93
227.37	43550.90
227.42	43621.88
227.47	43705.47
227.52	43770.90
227.57	43832.83
227.62	43914.91
227.68	43981.51
227.73	44055.52
227.78	44130.76
227.83	44214.63
227.88	44288.28
227.93	44372.91
227.99	44446.03
228.04	44526.40
228.09	44597.68
228.14	44670.99
228.19	44738.93
228.24	44804.86
228.30	44873.20
228.35	44940.75
228.40	45008.45
228.45	45066.36
228.50	45137.86
228.56	45200.71
228.61	45258.00
228.66	45316.18
228.71	45376.09
228.76	45426.62
228.81	45470.32
228.87	45528.56
228.92	45593.28
228.97	45653.29
229.02	45740.62
229.07	45818.55
229.12	45902.39
229.17	45972.79
229.23	46049.97
229.28	46116.10
229.33	46195.73
229.38	46266.97
229.43	46340.05
229.48	46424.06
229.54	46494.16
229.59	46560.80
229.64	46631.70
229.69	46714.24
229.74	46795.90
229.79	46862.47
229.85	46942.82
229.90	47009.85
229.95	47070.00
230.00	47125.70
230.05	47207.46
230.10	47272.47
230.16	47348.79
230.21	47420.39
230.26	47475.93
230.31	47513.01
230.36	47577.23
230.41	47633.49
230.46	47710.81
230.52	47807.87
230.57	47903.12
230.62	47984.68
230.67	48052.31
230.72	48105.06
230.77	48146.93
230.82	48189.21
230.88	48214.09
230.93	48258.58
230.98	48305.87
231.03	48360.76
231.08	48421.12
231.13	48485.13
231.19	48558.99
231.24	48626.74
231.29	48698.34
231.34	48763.13
231.39	48845.22
231.44	48907.82
231.49	48966.44
231.55	49015.68
231.60	49059.66
231.65	49107.05
231.70	49157.13
231.75	49204.22
231.80	49254.16
231.85	49316.64
231.91	49357.66
231.96	49401.06
232.01	49466.58
232.06	49534.30
232.11	49595.66
232.16	49674.87
232.21	49763.67
232.26	49851.17
232.32	49926.41
232.37	49996.44
232.42	50061.04
232.47	50116.85
232.52	50155.64
232.57	50211.79
232.62	50270.65
232.68	50331.95
232.73	50398.40
232.78	50475.77
232.83	50548.88
232.88	50627.28
232.93	50700.98
232.98	50763.99
233.03	50815.90
233.09	50872.90
233.14	50938.34
233.19	50994.51
233.24	51050.55
233.29	51104.73
233.34	51133.02
233.39	51147.75
233.45	51176.81
233.50	51217.42
233.55	51263.90
233.60	51333.55
233.65	51399.70
233.70	51459.77
233.75	51508.36
233.80	51560.74
233.86	51616.74
233.91	51666.59
233.96	51718.55
234.01	51777.10
234.06	51834.88
234.11	51878.28
234.16	51935.02
234.21	51995.27
234.26	52046.67
234.32	52083.60
234.37	52125.71
234.42	52164.86
234.47	52180.64
234.52	52210.57
234.57	52252.53
234.62	52286.68
234.67	52330.83
234.73	52397.41
234.78	52447.78
234.83	52490.11
234.88	52540.65
234.93	52578.90
234.98	52614.78
235.03	52657.87
235.08	52728.15
235.13	52793.49
235.19	52863.95
235.24	52924.08
235.29	52985.43
235.34	53022.98
235.39	53049.99
235.44	53071.04
235.49	53113.02
235.54	53144.59
235.59	53165.84
235.65	53199.90
235.70	53243.37
235.75	53275.42
235.80	53323.14
235.85	53376.50
235.90	53424.94
235.95	53453.71
236.00	53485.10
236.05	53514.84
236.11	53543.60
236.16	53580.72
236.21	53626.61
236.26	53663.87
236.31	53689.45
236.36	53710.20
236.41	53725.62
236.46	53736.37
236.51	53753.36
236.56	53772.87
236.62	53806.52
236.67	53840.50
236.72	53882.81
236.77	53911.75
236.82	53964.74
236.87	53988.25
236.92	54008.49
236.97	54049.30
237.02	54094.10
237.07	54134.89
237.13	54195.87
237.18	54255.00
237.23	54295.80
237.28	54335.78
237.33	54374.87
237.38	54390.87
237.43	54419.54
237.48	54429.94
237.53	54450.74
237.58	54471.99
237.63	54525.73
237.69	54560.82
237.74	54610.80
237.79	54654.51
237.84	54656.82
237.89	54659.22
237.94	54662.91
237.99	54683.67
238.04	54698.71
238.09	54740.50
238.14	54772.63
238.19	54801.45
238.25	54813.35
238.30	54812.74
238.35	54804.15
238.40	54797.31
238.45	54798.00
238.50	54802.80
238.55	54815.44
238.60	54847.77
238.65	54870.51
238.70	54888.00
238.75	54904.24
238.80	54937.03
238.86	54940.54
238.91	54957.65
238.96	54989.88
239.01	55026.28
239.06	55047.30
239.11	55082.80
239.16	55104.94
239.21	55100.81
239.26	55090.42
239.31	55097.93
239.36	55100.79
239.41	55121.29
239.46	55154.68
239.52	55181.66
239.57	55205.41
239.62	55230.75
239.67	55258.73
239.72	55281.15
239.77	55296.42
239.82	55308.29
239.87	55314.62
239.92	55313.30
239.97	55302.09
240.02	55293.99
240.07	55276.58
240.12	55274.51
240.17	55277.49
240.23	55285.45
240.28	55290.54
240.33	55311.19
240.38	55308.31
240.43	55303.33
240.48	55326.08
240.53	55345.16
240.58	55359.57
240.63	55398.55
240.68	55416.78
240.73	55408.35
240.78	55413.25
240.83	55413.22
240.88	55392.53
240.93	55376.91
240.98	55370.79
241.04	55380.97
241.09	55396.81
241.14	55424.01
241.19	55472.19
241.24	55502.97
241.29	55513.90
241.34	55527.32
241.39	55535.10
241.44	55526.83
241.49	55530.56
241.54	55533.58
241.59	55526.57
241.64	55524.15
241.69	55515.02
241.74	55497.41
241.79	55488.63
241.84	55479.18
241.90	55465.33
241.95	55450.79
242.00	55432.55
242.05	55408.07
242.10	55399.13
242.15	55378.36
242.20	55367.86
242.25	55368.30
242.30	55367.71
242.35	55358.89
242.40	55359.15
242.45	55352.77
242.50	55340.92
242.55	55337.03
242.60	55329.80
242.65	55326.56
242.70	55337.26
242.75	55361.82
242.80	55401.68
242.85	55438.41
242.91	55454.09
242.96	55447.99
243.01	55434.24
243.06	55403.23
243.11	55366.54
243.16	55347.67
243.21	55345.16
243.26	55349.79
243.31	55361.86
243.36	55368.61
243.41	55382.31
243.46	55373.47
243.51	55342.99
243.56	55289.08
243.61	55235.05
243.66	55192.40
243.71	55163.75
243.76	55160.73
243.81	55179.85
243.86	55188.70
243.91	55193.75
243.96	55200.60
244.01	55176.84
244.06	55146.46
244.12	55133.80
244.17	55110.76
244.22	55100.72
244.27	55129.32
244.32	55153.43
244.37	55171.32
244.42	55182.31
244.47	55176.14
244.52	55146.96
244.57	55118.24
244.62	55096.36
244.67	55076.07
244.72	55052.00
244.77	55047.83
244.82	55056.59
244.87	55085.77
244.92	55114.20
244.97	55136.88
245.02	55136.14
245.07	55121.75
245.12	55100.38
245.17	55085.44
245.22	55085.85
245.27	55084.19
245.32	55044.97
245.37	54998.90
245.42	54945.73
245.47	54893.33
245.52	54842.00
245.57	54838.25
245.62	54824.82
245.67	54816.05
245.72	54800.92
245.77	54790.00
245.82	54774.82
245.87	54775.59
245.92	54782.14
245.98	54780.70
246.03	54773.21
246.08	54770.79
246.13	54758.26
246.18	54754.61
246.23	54750.74
246.28	54743.14
246.33	54732.10
246.38	54712.36
246.43	54682.31
246.48	54664.76
246.53	54672.27
246.58	54678.01
246.63	54683.83
246.68	54669.16
246.73	54651.73
246.78	54622.95
246.83	54568.89
246.88	54510.95
246.93	54468.10
246.98	54422.62
247.03	54392.19
247.08	54380.65
247.13	54375.12
247.18	54375.63
247.23	54390.85
247.28	54390.98
247.33	54373.20
247.38	54349.30
247.43	54332.73
247.48	54318.09
247.53	54286.75
247.58	54253.15
247.63	54238.15
247.68	54206.14
247.73	54149.35
247.78	54110.30
247.83	54090.99
247.88	54061.96
247.93	54048.71
247.98	54047.99
248.03	54051.72
248.08	54063.77
248.13	54063.92
248.18	54043.08
248.23	54032.80
248.28	54008.18
248.33	53962.46
248.38	53926.22
248.43	53905.95
248.48	53885.41
248.53	53863.79
248.58	53847.04
248.63	53845.47
248.68	53829.70
248.73	53798.63
248.78	53770.08
248.83	53725.87
248.88	53657.68
248.93	53596.60
248.98	53523.14
249.03	53476.30
249.08	53448.26
249.13	53439.75
249.18	53426.64
249.23	53436.52
249.28	53434.17
249.33	53435.86
249.38	53423.09
249.43	53406.71
249.48	53382.28
249.53	53362.90
249.58	53335.83
249.63	53318.18
249.68	53299.81
249.73	53287.30
249.78	53262.32
249.83	53258.71
249.88	53226.92
249.93	53212.13
249.98	53200.10
250.03	53193.11
250.08	53167.27
250.13	53158.96
250.18	53139.17
250.23	53095.02
250.28	53048.54
250.33	52986.78
250.37	52940.99
250.42	52897.53
250.47	52875.57
250.52	52860.22
250.57	52852.29
250.62	52818.86
250.67	52790.15
250.72	52765.78
250.77	52720.20
250.82	52694.24
250.87	52690.52
250.92	52678.09
250.97	52653.23
251.02	52646.11
251.07	52635.96
251.12	52617.03
251.17	52591.01
251.22	52566.87
251.27	52537.13
251.32	52498.58
251.37	52444.59
251.42	52391.83
251.47	52351.92
251.52	52322.26
251.57	52302.50
251.62	52293.75
251.67	52290.82
251.72	52273.64
251.77	52244.45
251.82	52195.81
251.87	52146.69
251.92	52095.96
251.97	52034.56
252.02	51987.11
252.07	51964.99
252.12	51954.65
252.16	51948.47
252.21	51952.69
252.26	51951.24
252.31	51945.33
252.36	51930.60
252.41	51903.92
252.46	51886.56
252.51	51858.04
252.56	51825.34
252.61	51790.58
252.66	51769.30
252.71	51739.74
252.76	51712.73
252.81	51666.18
252.86	51618.11
252.91	51565.46
252.96	51506.75
253.01	51446.85
253.06	51393.95
253.11	51345.79
253.16	51300.75
253.21	51256.61
253.26	51219.92
253.31	51194.01
253.36	51175.44
253.40	51151.04
253.45	51135.62
253.50	51091.48
253.55	51052.77
253.60	51006.02
253.65	50965.55
253.70	50922.05
253.75	50910.65
253.80	50891.18
253.85	50882.40
253.90	50882.95
253.95	50884.90
254.00	50875.13
254.05	50861.34
254.10	50825.55
254.15	50792.80
254.20	50760.28
254.25	50734.52
254.30	50699.88
254.35	50663.48
254.39	50594.80
254.44	50512.67
254.49	50428.55
254.54	50404.47
254.59	50376.50
254.64	50371.30
254.69	50371.75
254.74	50372.10
254.79	50326.01
254.84	50288.35
254.89	50262.03
254.94	50243.00
254.99	50233.64
255.04	50222.08
255.09	50221.03
255.14	50204.34
255.19	50191.55
255.23	50183.39
255.28	50177.20
255.33	50161.46
255.38	50143.08
255.43	50126.46
255.48	50087.22
255.53	50046.09
255.58	50013.30
255.63	49980.27
255.68	49924.76
255.73	49883.25
255.78	49843.80
255.83	49822.08
255.88	49799.35
255.93	49783.47
255.97	49767.67
256.02	49739.60
256.07	49687.70
256.12	49620.18
256.17	49569.90
256.22	49515.46
256.27	49467.03
256.32	49426.48
256.37	49410.37
256.42	49388.22
256.47	49356.46
256.52	49330.79
256.57	49312.51
256.62	49284.54
256.66	49270.58
256.71	49244.10
256.76	49203.59
256.81	49153.62
256.86	49105.91
256.91	49051.19
256.96	49007.08
257.01	48982.10
257.06	48953.30
257.11	48917.63
257.16	48865.26
257.21	48835.19
257.26	48794.96
257.30	48759.00
257.35	48725.91
257.40	48702.83
257.45	48683.48
257.50	48659.84
257.55	48623.32
257.60	48600.27
257.65	48579.68
257.70	48535.80
257.75	48492.25
257.80	48464.65
257.85	48422.84
257.89	48374.05
257.94	48310.40
257.99	48254.48
258.04	48196.97
258.09	48157.41
258.14	48127.85
258.19	48119.90
258.24	48099.97
258.29	48068.91
258.34	48024.27
258.39	47991.31
258.44	47933.03
258.48	47881.24
258.53	47844.45
258.58	47810.25
258.63	47751.10
258.68	47703.62
258.73	47670.02
258.78	47627.10
258.83	47572.16
258.88	47535.18
258.93	47508.07
258.97	47474.99
259.02	47441.65
259.07	47431.08
259.12	47413.32
259.17	47396.59
259.22	47381.46
259.27	47362.39
259.32	47342.11
259.37	47297.46
259.42	47259.55
259.47	47214.91
259.51	47163.91
259.56	47097.22
259.61	47034.44
259.66	46953.46
259.71	46878.30
259.76	46817.60
259.81	46761.28
259.86	46725.44
259.91	46691.78
259.95	46667.09
260.00	46645.68
260.05	46629.72
260.10	46609.12
260.15	46599.04
260.20	46586.68
260.25	46578.40
260.30	46563.23
260.35	46537.70
260.40	46509.13
260.44	46480.50
260.49	46455.72
260.54	46422.44
260.59	46392.67
260.64	46375.62
260.69	46363.66
260.74	46328.51
260.79	46290.97
260.84	46251.79
260.88	46193.95
260.93	46122.09
260.98	46080.13
261.03	46047.56
261.08	46018.33
261.13	45983.41
261.18	45943.00
261.23	45877.39
261.28	45829.25
261.32	45782.91
261.37	45736.02
261.42	45705.49
261.47	45695.12
261.52	45649.84
261.57	45609.94
261.62	45580.74
261.67	45522.36
261.71	45451.14
261.76	45404.96
261.81	45348.11
261.86	45284.38
261.91	45247.01
261.96	45204.42
262.01	45169.24
262.06	45146.06
262.10	45137.92
262.15	45122.37
262.20	45110.16
262.25	45091.58
262.30	45073.99
262.35	45048.14
262.40	45013.36
262.45	44987.33
262.49	44954.66
262.54	44914.57
262.59	44880.76
262.64	44852.52
262.69	44821.55
262.74	44774.39
262.79	44720.46
262.84	44675.11
262.88	44633.79
262.93	44574.92
262.98	44536.85
263.03	44497.65
263.08	44441.65
263.13	44363.62
263.18	44298.05
263.23	44235.31
263.27	44193.91
263.32	44167.04
263.37	44155.28
263.42	44144.46
263.47	44120.00
263.52	44092.82
263.57	44055.82
263.61	44019.41
263.66	43980.40
263.71	43947.93
263.76	43910.04
263.81	43861.90
263.86	43830.10
263.91	43786.22
263.95	43727.06
264.00	43665.95
264.05	43616.50
264.10	43553.99
264.15	43487.38
264.20	43448.19
264.25	43405.11
264.29	43365.30
264.34	43315.37
264.39	43282.89
264.44	43225.84
264.49	43178.14
264.54	43133.00
264.59	43097.52
264.63	43048.90
264.68	43005.61
264.73	42954.09
264.78	42902.55
264.83	42841.10
264.88	42796.08
264.93	42773.39
264.97	42752.27
265.02	42722.89
265.07	42707.10
265.12	42678.31
265.17	42623.31
265.22	42579.81
265.27	42525.57
265.31	42462.89
265.36	42398.43
265.41	42345.65
265.46	42276.55
265.51	42207.09
265.56	42146.20
265.60	42095.14
265.65	42035.26
265.70	41987.78
265.75	41942.29
265.80	41890.93
265.85	41825.78
265.90	41767.87
265.94	41707.50
265.99	41639.69
266.04	41590.86
266.09	41560.49
266.14	41523.08
266.19	41486.76
266.23	41460.04
266.28	41417.50
266.33	41381.16
266.38	41353.57
266.43	41334.71
266.48	41315.89
266.52	41288.87
266.57	41253.10
266.62	41213.05
266.67	41156.18
266.72	41108.56
266.77	41080.01
266.81	41049.71
266.86	41015.46
266.91	40993.53
266.96	40952.28
267.01	40903.82
267.06	40846.57
267.10	40797.57
267.15	40745.23
267.20	40715.36
267.25	40676.47
267.30	40651.15
267.35	40621.67
267.39	40582.29
267.44	40539.43
267.49	40497.05
267.54	40444.58
267.59	40395.01
267.64	40340.43
267.68	40278.41
267.73	40225.16
267.78	40186.66
267.83	40153.95
267.88	40145.27
267.93	40141.93
267.97	40128.10
268.02	40094.26
268.07	40044.09
268.12	39982.16
268.17	39920.75
268.21	39873.11
268.26	39818.50
268.31	39783.88
268.36	39742.08
268.41	39692.82
268.46	39645.83
268.50	39613.68
268.55	39560.92
268.60	39502.08
268.65	39437.29
268.70	39358.93
268.74	39289.60
268.79	39220.73
268.84	39167.86
268.89	39134.21
268.94	39102.05
268.99	39061.70
269.03	39025.15
269.08	38979.11
269.13	38901.09
269.18	38822.92
269.23	38718.52
269.27	38608.91
269.32	38478.11
269.37	38358.86
269.42	38225.04
269.47	38102.46
269.51	37962.42
269.56	37825.63
269.61	37681.34
269.66	37528.97
269.71	37372.07
269.76	37225.99
269.80	37070.10
269.85	36923.37
269.90	36789.30
269.95	36643.41
270.00	36481.87
270.04	36334.79
270.09	36192.13
270.14	36039.02
270.19	35894.57
270.24	35766.14
270.28	35616.78
270.33	35445.16
270.38	35268.91
270.43	35095.63
270.48	34919.41
270.52	34762.95
270.57	34607.95
270.62	34452.63
270.67	34303.28
270.72	34145.18
270.76	33968.21
270.81	33800.53
270.86	33631.69
270.91	33453.32
270.96	33282.33
271.00	33120.70
271.05	32962.17
271.10	32819.64
271.15	32689.33
271.20	32570.90
271.24	32440.77
271.29	32306.79
271.34	32160.31
271.39	32011.91
271.44	31858.63
271.48	31713.91
271.53	31563.38
271.58	31421.85
271.63	31272.95
271.67	31122.29
271.72	30977.02
271.77	30838.30
271.82	30704.96
271.87	30567.75
271.91	30411.36
271.96	30268.63
272.01	30132.98
272.06	29992.39
272.11	29871.88
272.15	29769.80
272.20	29669.31
272.25	29568.14
272.30	29464.21
272.35	29356.00
272.39	29244.71
272.44	29122.75
272.49	28987.67
272.54	28854.79
272.58	28706.58
272.63	28557.16
272.68	28405.56
272.73	28248.80
272.78	28075.06
272.82	27876.57
272.87	27652.53
272.92	27372.57
272.97	26848.47
273.01	23893.49
273.06	18947.75
273.11	13500.04
273.16	8142.25
273.21	3066.30
273.25	462.30
273.30	-89.39
273.35	-89.96
