165.32	3379.03
165.38	-247.11
165.44	595.76
165.50	-78.20
165.55	-21.17
165.61	-0.49
165.67	25.66
165.72	33.50
165.78	38.90
165.84	37.18
165.89	34.51
165.95	33.33
166.01	33.03
166.06	33.77
166.12	36.53
166.18	34.37
166.23	36.09
166.29	35.60
166.35	32.54
166.40	31.49
166.46	38.16
166.52	40.61
166.57	41.44
166.63	42.07
166.69	44.85
166.74	38.85
166.80	39.18
166.86	41.32
166.91	42.12
166.97	36.39
167.03	39.29
167.08	33.53
167.14	32.46
167.20	30.25
167.25	42.76
167.31	42.69
167.37	48.43
167.42	49.85
167.48	56.17
167.54	50.47
167.59	50.03
167.65	45.58
167.71	45.77
167.76	44.86
167.82	40.27
167.88	39.71
167.93	47.19
167.99	45.79
168.05	47.69
168.10	55.83
168.16	55.31
168.21	53.79
168.27	58.32
168.33	60.22
168.38	52.40
168.44	57.49
168.50	55.99
168.55	54.33
168.61	54.63
168.67	57.02
168.72	53.83
168.78	53.98
168.84	49.82
168.89	48.64
168.95	49.38
169.01	48.84
169.06	48.16
169.12	47.39
169.18	45.27
169.23	45.20
169.29	49.39
169.34	54.37
169.40	57.23
169.46	61.56
169.51	63.96
169.57	59.60
169.63	54.82
169.68	59.80
169.74	56.53
169.80	62.12
169.85	63.53
169.91	67.80
169.97	63.91
170.02	63.86
170.08	62.37
170.13	62.91
170.19	62.32
170.25	63.83
170.30	68.04
170.36	59.80
170.42	61.71
170.47	62.83
170.53	64.51
170.59	61.54
170.64	65.63
170.70	64.13
170.76	61.87
170.81	63.03
170.87	62.46
170.92	63.22
170.98	66.30
171.04	68.66
171.09	65.03
171.15	72.14
171.21	72.98
171.26	69.51
171.32	66.96
171.37	70.66
171.43	65.08
171.49	69.74
171.54	73.02
171.60	74.42
171.66	75.97
171.71	76.49
171.77	73.73
171.83	79.54
171.88	78.60
171.94	78.14
171.99	82.91
172.05	82.02
172.11	82.93
172.16	91.51
172.22	92.08
172.28	92.15
172.33	90.38
172.39	87.56
172.44	84.73
172.50	89.49
172.56	88.80
172.61	96.56
172.67	95.82
172.72	95.05
172.78	90.28
172.84	85.33
172.89	79.09
172.95	78.54
173.01	80.02
173.06	78.50
173.12	84.53
173.17	86.15
173.23	85.64
173.29	85.79
173.34	87.18
173.40	81.55
173.46	81.77
173.51	84.56
173.57	83.83
173.62	78.73
173.68	85.10
173.74	83.70
173.79	85.13
173.85	82.78
173.90	85.26
173.96	81.62
174.02	79.38
174.07	71.32
174.13	70.22
174.18	72.89
174.24	66.46
174.30	66.27
174.35	71.81
174.41	69.12
174.47	62.75
174.52	63.72
174.58	63.03
174.63	58.65
174.69	57.88
174.75	59.53
174.80	70.42
174.86	68.08
174.91	69.00
174.97	68.50
175.03	66.67
175.08	54.61
175.14	61.16
175.19	56.79
175.25	57.49
175.31	61.80
175.36	63.41
175.42	60.16
175.47	64.49
175.53	65.37
175.59	61.53
175.64	63.33
175.70	61.38
175.75	57.08
175.81	54.82
175.87	56.08
175.92	51.70
175.98	53.39
176.03	53.51
176.09	54.31
176.15	53.81
176.20	55.05
176.26	55.23
176.31	58.83
176.37	56.47
176.42	57.84
176.48	61.74
176.54	58.95
176.59	55.88
176.65	58.61
176.70	59.52
176.76	58.56
176.82	56.48
176.87	53.32
176.93	53.13
176.98	52.17
177.04	46.98
177.10	51.92
177.15	53.52
177.21	54.15
177.26	53.13
177.32	57.65
177.37	59.23
177.43	62.52
177.49	59.02
177.54	56.45
177.60	56.44
177.65	56.93
177.71	52.24
177.77	55.67
177.82	57.56
177.88	61.13
177.93	56.63
177.99	62.92
178.04	58.33
178.10	58.91
178.16	52.22
178.21	53.28
178.27	50.20
178.32	54.29
178.38	53.30
178.43	55.45
178.49	55.49
178.55	54.77
178.60	53.25
178.66	52.23
178.71	53.75
178.77	51.84
178.82	52.94
178.88	53.18
178.94	53.56
178.99	54.19
179.05	57.96
179.10	53.99
179.16	57.05
179.21	59.74
179.27	58.51
179.33	54.34
179.38	57.99
179.44	55.72
179.49	55.91
179.55	54.16
179.60	54.34
179.66	53.33
179.72	55.83
179.77	52.91
179.83	51.69
179.88	53.41
179.94	54.86
179.99	50.93
180.05	51.54
180.11	52.46
180.16	54.71
180.22	57.15
180.27	61.93
180.33	62.54
180.38	66.71
180.44	62.63
180.49	62.24
180.55	60.04
180.61	64.49
180.66	59.16
180.72	57.78
180.77	55.74
180.83	55.40
180.88	52.09
180.94	52.21
180.99	55.28
181.05	55.41
181.11	56.73
181.16	57.33
181.22	58.59
181.27	61.90
181.33	60.49
181.38	57.05
181.44	58.08
181.49	62.52
181.55	62.55
181.61	69.02
181.66	72.21
181.72	69.57
181.77	66.66
181.83	64.33
181.88	69.18
181.94	70.71
181.99	75.95
182.05	76.63
182.11	77.14
182.16	67.96
182.22	65.73
182.27	61.90
182.33	64.81
182.38	64.96
182.44	70.18
182.49	72.58
182.55	73.96
182.60	73.36
182.66	76.49
182.72	78.79
182.77	81.36
182.83	84.83
182.88	87.60
182.94	88.81
182.99	85.91
183.05	83.98
183.10	86.54
183.16	85.97
183.21	86.77
183.27	93.91
183.32	98.26
183.38	101.72
183.44	108.66
183.49	114.60
183.55	116.53
183.60	123.73
183.66	130.11
183.71	139.96
183.77	147.76
183.82	157.48
183.88	168.46
183.93	179.67
183.99	193.42
184.04	209.79
184.10	222.52
184.15	235.02
184.21	248.77
184.27	250.89
184.32	252.47
184.38	250.34
184.43	245.29
184.49	228.09
184.54	210.36
184.60	199.82
184.65	186.03
184.71	176.55
184.76	178.00
184.82	195.43
184.87	212.80
184.93	237.49
184.98	266.30
185.04	299.03
185.09	324.62
185.15	351.74
185.20	385.33
185.26	420.73
185.31	449.86
185.37	478.51
185.43	498.58
185.48	517.57
185.54	540.41
185.59	566.36
185.65	591.63
185.70	633.34
185.76	679.95
185.81	715.13
185.87	752.26
185.92	796.73
185.98	832.47
186.03	848.41
186.09	849.41
186.14	824.44
186.20	770.77
186.25	683.15
186.31	596.91
186.36	529.07
186.42	498.93
186.47	508.05
186.53	556.09
186.58	625.59
186.64	701.88
186.69	776.53
186.75	837.60
186.80	896.40
186.86	954.97
186.91	1013.59
186.97	1066.92
187.02	1135.70
187.08	1201.27
187.13	1256.00
187.19	1314.70
187.24	1372.94
187.30	1412.93
187.35	1453.01
187.41	1506.75
187.47	1559.49
187.52	1606.49
187.58	1664.83
187.63	1741.20
187.69	1819.49
187.74	1885.48
187.80	1945.74
187.85	1995.31
187.91	2017.61
187.96	2002.88
188.02	1945.52
188.07	1846.41
188.13	1698.48
188.18	1540.17
188.24	1425.26
188.29	1370.94
188.35	1382.08
188.40	1463.28
188.46	1591.29
188.51	1716.40
188.57	1846.33
188.62	1970.70
188.67	2087.56
188.73	2198.59
188.78	2304.93
188.84	2408.11
188.89	2513.60
188.95	2620.73
189.00	2709.06
189.06	2806.20
189.11	2899.38
189.17	2979.07
189.22	3051.02
189.28	3140.47
189.33	3217.30
189.39	3280.54
189.44	3350.21
189.50	3425.18
189.55	3493.89
189.61	3548.26
189.66	3608.36
189.72	3663.96
189.77	3715.54
189.83	3743.08
189.88	3753.63
189.94	3721.45
189.99	3641.08
190.05	3483.50
190.10	3261.21
190.16	3004.46
190.21	2780.05
190.27	2631.38
190.32	2588.18
190.38	2648.42
190.43	2789.97
190.49	2959.15
190.54	3106.79
190.60	3233.82
190.65	3340.88
190.71	3435.25
190.76	3521.86
190.81	3612.84
190.87	3709.06
190.92	3830.16
190.98	3962.25
191.03	4099.16
191.09	4242.61
191.14	4369.21
191.20	4466.02
191.25	4564.17
191.31	4666.93
191.36	4770.12
191.42	4884.96
191.47	5019.11
191.53	5146.58
191.58	5250.81
191.64	5334.23
191.69	5405.97
191.75	5449.42
191.80	5482.25
191.85	5503.98
191.91	5524.16
191.96	5546.27
192.02	5581.15
192.07	5594.99
192.13	5591.98
192.18	5544.50
192.24	5428.81
192.29	5231.76
192.35	5007.38
192.40	4821.41
192.46	4713.02
192.51	4705.02
192.57	4798.38
192.62	4972.92
192.67	5158.50
192.73	5341.43
192.78	5506.23
192.84	5657.83
192.89	5797.05
192.95	5927.72
193.00	6042.70
193.06	6154.85
193.11	6262.68
193.17	6353.02
193.22	6441.01
193.28	6530.96
193.33	6604.88
193.38	6675.39
193.44	6744.51
193.49	6817.37
193.55	6876.64
193.60	6935.80
193.66	6987.39
193.71	7034.12
193.77	7058.06
193.82	7078.42
193.88	7097.46
193.93	7125.01
193.98	7151.25
194.04	7192.24
194.09	7241.90
194.15	7292.98
194.20	7335.40
194.26	7378.28
194.31	7417.29
194.37	7438.28
194.42	7444.22
194.47	7434.65
194.53	7390.29
194.58	7302.93
194.64	7191.20
194.69	7094.91
194.75	7024.49
194.80	7003.78
194.86	7043.42
194.91	7136.08
194.97	7237.59
195.02	7345.98
195.07	7456.27
195.13	7557.78
195.18	7668.54
195.24	7771.30
195.29	7871.32
195.35	7960.44
195.40	8051.48
195.46	8117.35
195.51	8202.01
195.56	8288.38
195.62	8375.43
195.67	8449.66
195.73	8534.55
195.78	8596.52
195.84	8641.08
195.89	8671.77
195.94	8707.97
196.00	8740.02
196.05	8780.53
196.11	8836.67
196.16	8896.92
196.22	8961.61
196.27	9022.71
196.32	9080.22
196.38	9123.70
196.43	9171.86
196.49	9207.48
196.54	9246.12
196.60	9287.98
196.65	9334.70
196.71	9381.41
196.76	9432.38
196.81	9473.43
196.87	9509.92
196.92	9542.96
196.98	9558.57
197.03	9565.12
197.09	9561.89
197.14	9557.24
197.19	9550.72
197.25	9564.21
197.30	9588.93
197.36	9641.79
197.41	9701.69
197.47	9767.10
197.52	9831.56
197.57	9900.37
197.63	9952.74
197.68	10005.23
197.74	10058.80
197.79	10105.87
197.84	10151.54
197.90	10201.03
197.95	10247.05
198.01	10286.97
198.06	10329.39
198.12	10374.82
198.17	10412.15
198.22	10447.32
198.28	10484.21
198.33	10525.03
198.39	10560.16
198.44	10607.32
198.49	10653.64
198.55	10702.78
198.60	10748.25
198.66	10793.57
198.71	10841.52
198.77	10896.14
198.82	10947.53
198.87	10998.04
198.93	11047.06
198.98	11092.18
199.04	11132.10
199.09	11170.78
199.14	11213.18
199.20	11254.01
199.25	11294.55
199.31	11335.41
199.36	11386.23
199.42	11431.91
199.47	11476.50
199.52	11517.72
199.58	11563.25
199.63	11588.82
199.69	11617.18
199.74	11649.48
199.79	11674.77
199.85	11699.94
199.90	11742.22
199.96	11787.48
200.01	11829.25
200.06	11882.17
200.12	11932.88
200.17	11981.90
200.23	12029.18
200.28	12076.18
200.33	12129.42
200.39	12177.17
200.44	12218.86
200.50	12260.52
200.55	12296.85
200.60	12332.43
200.66	12372.86
200.71	12409.49
200.77	12454.10
200.82	12499.57
200.87	12538.32
200.93	12574.67
200.98	12620.87
201.04	12660.50
201.09	12706.56
201.14	12757.96
201.20	12806.65
201.25	12859.58
201.31	12910.73
201.36	12971.80
201.41	13026.33
201.47	13089.68
201.52	13140.57
201.58	13200.26
201.63	13242.22
201.68	13291.97
201.74	13333.45
201.79	13382.10
201.84	13429.92
201.90	13482.89
201.95	13533.42
202.01	13590.96
202.06	13647.29
202.11	13688.61
202.17	13739.82
202.22	13784.20
202.28	13823.77
202.33	13863.00
202.38	13902.75
202.44	13944.41
202.49	13988.28
202.54	14034.76
202.60	14080.87
202.65	14135.00
202.71	14179.87
202.76	14219.43
202.81	14261.27
202.87	14305.22
202.92	14349.64
202.98	14400.61
203.03	14459.20
203.08	14516.28
203.14	14573.25
203.19	14631.96
203.24	14688.96
203.30	14739.40
203.35	14788.61
203.41	14834.11
203.46	14874.80
203.51	14913.03
203.57	14954.27
203.62	14998.76
203.67	15052.50
203.73	15099.37
203.78	15144.58
203.84	15200.13
203.89	15242.36
203.94	15276.29
204.00	15316.34
204.05	15359.03
204.10	15381.08
204.16	15407.52
204.21	15433.06
204.27	15448.98
204.32	15449.13
204.37	15454.93
204.43	15446.87
204.48	15427.33
204.53	15413.82
204.59	15428.65
204.64	15486.56
204.69	15588.52
204.75	15715.56
204.80	15854.74
204.86	15974.60
204.91	16049.72
204.96	16100.21
205.02	16130.45
205.07	16165.76
205.12	16220.13
205.18	16302.93
205.23	16396.78
205.28	16512.81
205.34	16618.47
205.39	16712.46
205.45	16791.05
205.50	16856.85
205.55	16916.05
205.61	16972.10
205.66	17029.20
205.71	17092.77
205.77	17152.83
205.82	17211.66
205.87	17271.07
205.93	17322.23
205.98	17365.05
206.03	17408.40
206.09	17456.08
206.14	17507.20
206.20	17561.30
206.25	17614.37
206.30	17676.22
206.36	17730.25
206.41	17790.48
206.46	17844.74
206.52	17895.62
206.57	17948.96
206.62	17994.88
206.68	18039.89
206.73	18089.79
206.78	18150.77
206.84	18207.60
206.89	18269.31
206.94	18325.51
207.00	18396.79
207.05	18463.60
207.11	18528.00
207.16	18587.70
207.21	18654.53
207.27	18704.82
207.32	18756.60
207.37	18811.17
207.43	18867.60
207.48	18915.13
207.53	18972.32
207.59	19029.43
207.64	19081.22
207.69	19156.26
207.75	19231.72
207.80	19287.43
207.85	19339.36
207.91	19398.87
207.96	19442.88
208.01	19494.52
208.07	19558.43
208.12	19623.66
208.17	19680.69
208.23	19737.81
208.28	19785.02
208.33	19836.40
208.39	19897.89
208.44	19962.98
208.49	20020.57
208.55	20083.31
208.60	20140.18
208.65	20186.16
208.71	20232.04
208.76	20283.02
208.81	20346.11
208.87	20417.50
208.92	20478.39
208.97	20548.38
209.03	20615.71
209.08	20674.34
209.13	20724.59
209.19	20787.83
209.24	20842.74
209.29	20898.87
209.35	20951.89
209.40	21017.30
209.45	21084.22
209.51	21150.10
209.56	21217.15
209.61	21285.67
209.67	21348.79
209.72	21407.37
209.77	21464.31
209.83	21526.13
209.88	21595.17
209.93	21659.63
209.99	21723.59
210.04	21794.15
210.09	21861.58
210.15	21917.21
210.20	21977.04
210.25	22040.03
210.31	22100.58
210.36	22151.58
210.41	22209.12
210.46	22270.59
210.52	22322.81
210.57	22372.73
210.62	22438.34
210.68	22500.78
210.73	22549.18
210.78	22611.83
210.84	22676.21
210.89	22732.41
210.94	22789.62
211.00	22854.36
211.05	22901.59
211.10	22962.49
211.16	23020.62
211.21	23086.52
211.26	23148.69
211.32	23228.95
211.37	23295.59
211.42	23361.16
211.47	23426.59
211.53	23495.67
211.58	23555.61
211.63	23610.37
211.69	23670.05
211.74	23721.48
211.79	23765.10
211.85	23827.98
211.90	23893.68
211.95	23962.93
212.01	24031.02
212.06	24113.52
212.11	24182.46
212.16	24257.44
212.22	24326.74
212.27	24394.06
212.32	24457.44
212.38	24524.75
212.43	24584.55
212.48	24643.00
212.54	24710.91
212.59	24785.02
212.64	24852.79
212.69	24919.45
212.75	24996.82
212.80	25061.29
212.85	25128.44
212.91	25185.15
212.96	25242.40
213.01	25295.40
213.07	25360.65
213.12	25418.08
213.17	25479.39
213.22	25542.20
213.28	25605.54
213.33	25650.30
213.38	25701.29
213.44	25752.94
213.49	25823.33
213.54	25894.39
213.60	25980.41
213.65	26066.08
213.70	26153.70
213.75	26217.36
213.81	26275.14
213.86	26332.89
213.91	26383.54
213.97	26424.42
214.02	26467.15
214.07	26505.75
214.12	26541.83
214.18	26573.86
214.23	26615.28
214.28	26653.40
214.34	26678.66
214.39	26696.91
214.44	26698.28
214.49	26669.98
214.55	26621.65
214.60	26554.15
214.65	26462.43
214.71	26381.18
214.76	26381.52
214.81	26461.86
214.86	26636.13
214.92	26869.36
214.97	27114.98
215.02	27313.45
215.08	27453.74
215.13	27536.89
215.18	27564.76
215.23	27579.08
215.29	27607.59
215.34	27674.56
215.39	27779.77
215.45	27935.52
215.50	28115.26
215.55	28278.15
215.60	28418.28
215.66	28515.12
215.71	28597.28
215.76	28666.28
215.81	28728.70
215.87	28784.08
215.92	28842.89
215.97	28895.55
216.03	28954.20
216.08	29014.08
216.13	29071.87
216.18	29137.57
216.24	29203.16
216.29	29257.79
216.34	29314.07
216.39	29378.20
216.45	29433.01
216.50	29482.78
216.55	29544.69
216.61	29620.00
216.66	29675.18
216.71	29740.79
216.76	29809.98
216.82	29885.84
216.87	29946.19
216.92	30026.58
216.97	30093.37
217.03	30167.81
217.08	30233.02
217.13	30310.08
217.18	30380.14
217.24	30452.39
217.29	30518.63
217.34	30573.22
217.39	30611.82
217.45	30655.64
217.50	30704.70
217.55	30760.19
217.61	30831.12
217.66	30910.85
217.71	30980.60
217.76	31063.42
217.82	31144.60
217.87	31217.95
217.92	31287.39
217.97	31367.62
218.03	31424.43
218.08	31469.76
218.13	31515.02
218.18	31561.04
218.24	31623.14
218.29	31682.62
218.34	31746.96
218.39	31814.85
218.45	31887.31
218.50	31935.51
218.55	31998.10
218.60	32061.80
218.66	32113.77
218.71	32167.79
218.76	32233.13
218.81	32300.29
218.87	32363.75
218.92	32434.59
218.97	32512.28
219.02	32580.49
219.08	32643.59
219.13	32720.27
219.18	32788.66
219.23	32849.55
219.29	32914.18
219.34	32980.53
219.39	33039.83
219.44	33103.83
219.50	33170.37
219.55	33229.28
219.60	33294.52
219.65	33361.57
219.71	33428.20
219.76	33479.69
219.81	33536.91
219.86	33591.36
219.92	33637.79
219.97	33686.75
220.02	33748.27
220.07	33810.07
220.13	33873.89
220.18	33940.70
220.23	34014.98
220.28	34087.74
220.33	34163.75
220.39	34222.30
220.44	34284.82
220.49	34340.34
220.54	34390.21
220.60	34438.64
220.65	34502.80
220.70	34572.09
220.75	34645.39
220.81	34731.18
220.86	34808.53
220.91	34875.66
220.96	34932.75
221.02	34996.35
221.07	35058.93
221.12	35117.38
221.17	35181.84
221.22	35253.12
221.28	35318.26
221.33	35373.63
221.38	35443.25
221.43	35515.36
221.49	35579.39
221.54	35635.07
221.59	35706.33
221.64	35783.96
221.69	35867.23
221.75	35961.04
221.80	36058.12
221.85	36137.35
221.90	36204.24
221.96	36264.28
222.01	36304.52
222.06	36346.79
222.11	36393.98
222.17	36433.43
222.22	36467.14
222.27	36514.34
222.32	36557.24
222.37	36609.21
222.43	36672.88
222.48	36728.07
222.53	36791.56
222.58	36874.11
222.63	36951.76
222.69	37017.78
222.74	37106.39
222.79	37184.04
222.84	37237.03
222.90	37282.14
222.95	37327.79
223.00	37361.82
223.05	37401.90
223.10	37455.59
223.16	37519.16
223.21	37576.08
223.26	37630.28
223.31	37673.29
223.36	37713.52
223.42	37749.64
223.47	37781.39
223.52	37828.27
223.57	37876.68
223.63	37930.22
223.68	37974.16
223.73	38050.10
223.78	38115.37
223.83	38186.21
223.89	38243.64
223.94	38316.97
223.99	38381.90
224.04	38459.51
224.09	38531.77
224.15	38620.31
224.20	38701.92
224.25	38789.64
224.30	38872.27
224.35	38962.47
224.41	39065.98
224.46	39167.70
224.51	39250.62
224.56	39329.59
224.61	39407.77
224.67	39474.76
224.72	39539.81
224.77	39633.67
224.82	39729.24
224.87	39820.61
224.93	39899.02
224.98	39992.02
225.03	40070.58
225.08	40154.90
225.13	40232.96
225.19	40319.92
225.24	40406.41
225.29	40479.79
225.34	40557.56
225.39	40633.78
225.45	40710.87
225.50	40773.20
225.55	40850.03
225.60	40911.65
225.65	40980.40
225.71	41037.60
225.76	41091.59
225.81	41128.15
225.86	41162.36
225.91	41189.99
225.97	41202.37
226.02	41196.70
226.07	41171.04
226.12	41161.31
226.17	41189.98
226.22	41290.53
226.28	41456.57
226.33	41682.30
226.38	41900.04
226.43	42066.47
226.48	42178.94
226.54	42253.13
226.59	42305.45
226.64	42342.90
226.69	42372.49
226.74	42412.81
226.80	42469.90
226.85	42543.23
226.90	42639.30
226.95	42784.79
227.00	42928.02
227.05	43072.32
227.11	43200.85
227.16	43313.86
227.21	43402.64
227.26	43499.10
227.31	43566.86
227.37	43623.96
227.42	43698.05
227.47	43781.77
227.52	43847.12
227.57	43916.58
227.62	44005.50
227.68	44078.67
227.73	44153.72
227.78	44232.02
227.83	44316.88
227.88	44384.21
227.93	44470.03
227.99	44549.37
228.04	44632.00
228.09	44710.49
228.14	44781.83
228.19	44843.54
228.24	44901.56
228.30	44966.59
228.35	45026.40
228.40	45089.35
228.45	45147.69
228.50	45221.39
228.56	45284.16
228.61	45347.77
228.66	45416.12
228.71	45476.97
228.76	45521.10
228.81	45567.66
228.87	45617.06
228.92	45677.20
228.97	45740.61
229.02	45823.01
229.07	45901.45
229.12	45995.83
229.17	46071.30
229.23	46145.41
229.28	46225.98
229.33	46308.34
229.38	46370.18
229.43	46446.32
229.48	46526.52
229.54	46589.58
229.59	46653.32
229.64	46726.83
229.69	46803.68
229.74	46888.48
229.79	46958.99
229.85	47030.25
229.90	47105.15
229.95	47166.33
230.00	47219.33
230.05	47297.03
230.10	47370.38
230.16	47435.46
230.21	47492.21
230.26	47546.62
230.31	47587.35
230.36	47635.90
230.41	47699.18
230.46	47796.04
230.52	47894.19
230.57	47981.83
230.62	48071.38
230.67	48138.59
230.72	48189.37
230.77	48229.40
230.82	48282.29
230.88	48315.98
230.93	48364.63
230.98	48403.12
231.03	48466.18
231.08	48517.54
231.13	48569.25
231.19	48629.79
231.24	48700.09
231.29	48768.94
231.34	48843.91
231.39	48924.02
231.44	48993.88
231.49	49043.20
231.55	49087.86
231.60	49129.33
231.65	49180.54
231.70	49228.31
231.75	49296.28
231.80	49345.68
231.85	49398.59
231.91	49445.77
231.96	49496.12
232.01	49552.02
232.06	49622.44
232.11	49690.84
232.16	49772.99
232.21	49861.24
232.26	49944.02
232.32	50015.97
232.37	50087.10
232.42	50146.36
232.47	50192.08
232.52	50235.02
232.57	50290.26
232.62	50351.76
232.68	50417.53
232.73	50497.15
232.78	50575.03
232.83	50652.01
232.88	50731.33
232.93	50814.42
232.98	50876.68
233.03	50929.90
233.09	50988.09
233.14	51052.33
233.19	51101.58
233.24	51154.20
233.29	51206.95
233.34	51242.97
233.39	51259.48
233.45	51289.60
233.50	51318.58
233.55	51361.26
233.60	51430.96
233.65	51502.13
233.70	51559.74
233.75	51619.56
233.80	51674.72
233.86	51726.32
233.91	51771.20
233.96	51814.41
234.01	51874.05
234.06	51927.75
234.11	51978.73
234.16	52036.10
234.21	52105.35
234.26	52157.84
234.32	52205.00
234.37	52243.37
234.42	52282.29
234.47	52300.74
234.52	52325.68
234.57	52356.07
234.62	52389.76
234.67	52437.85
234.73	52499.92
234.78	52553.28
234.83	52610.16
234.88	52666.16
234.93	52699.16
234.98	52735.30
235.03	52780.39
235.08	52838.60
235.13	52890.71
235.19	52955.49
235.24	53017.94
235.29	53085.72
235.34	53131.74
235.39	53165.05
235.44	53198.37
235.49	53232.23
235.54	53255.84
235.59	53271.16
235.65	53310.68
235.70	53338.42
235.75	53379.39
235.80	53430.73
235.85	53489.96
235.90	53530.72
235.95	53566.36
236.00	53591.68
236.05	53614.40
236.11	53643.28
236.16	53675.78
236.21	53722.68
236.26	53768.18
236.31	53794.21
236.36	53819.21
236.41	53835.64
236.46	53844.72
236.51	53861.61
236.56	53881.15
236.62	53899.98
236.67	53931.48
236.72	53971.85
236.77	53999.32
236.82	54048.43
236.87	54080.04
236.92	54104.07
236.97	54147.42
237.02	54196.61
237.07	54245.78
237.13	54301.02
237.18	54365.88
237.23	54404.11
237.28	54443.49
237.33	54472.06
237.38	54499.96
237.43	54524.45
237.48	54533.76
237.53	54550.20
237.58	54585.98
237.63	54642.14
237.69	54675.79
237.74	54731.22
237.79	54771.04
237.84	54774.65
237.89	54761.70
237.94	54769.42
237.99	54784.19
238.04	54793.58
238.09	54823.37
238.14	54851.35
238.19	54878.08
238.25	54898.96
238.30	54900.55
238.35	54902.05
238.40	54907.98
238.45	54907.12
238.50	54907.65
238.55	54923.79
238.60	54939.87
238.65	54957.56
238.70	54976.81
238.75	54982.23
238.80	55008.35
238.86	55020.59
238.91	55037.17
238.96	55068.59
239.01	55105.74
239.06	55136.29
239.11	55176.23
239.16	55206.79
239.21	55203.72
239.26	55201.71
239.31	55213.15
239.36	55218.51
239.41	55229.93
239.46	55260.91
239.52	55290.88
239.57	55311.89
239.62	55320.89
239.67	55348.62
239.72	55374.01
239.77	55394.52
239.82	55403.11
239.87	55423.75
239.92	55424.76
239.97	55415.22
240.02	55404.81
240.07	55398.64
240.12	55399.62
240.17	55396.65
240.23	55404.44
240.28	55410.95
240.33	55420.18
240.38	55413.32
240.43	55417.53
240.48	55433.58
240.53	55456.21
240.58	55469.93
240.63	55512.70
240.68	55522.74
240.73	55514.60
240.78	55506.95
240.83	55506.72
240.88	55482.58
240.93	55479.24
240.98	55480.17
241.04	55493.63
241.09	55513.65
241.14	55535.69
241.19	55578.60
241.24	55602.72
241.29	55622.91
241.34	55629.69
241.39	55641.23
241.44	55642.48
241.49	55653.52
241.54	55645.18
241.59	55639.94
241.64	55626.64
241.69	55614.24
241.74	55597.10
241.79	55585.02
241.84	55570.20
241.90	55555.23
241.95	55522.52
242.00	55500.89
242.05	55484.69
242.10	55479.71
242.15	55471.00
242.20	55477.49
242.25	55480.09
242.30	55474.47
242.35	55463.04
242.40	55461.08
242.45	55446.41
242.50	55431.67
242.55	55429.47
242.60	55426.12
242.65	55419.60
242.70	55432.97
242.75	55464.49
242.80	55502.03
242.85	55542.11
242.91	55563.76
242.96	55557.28
243.01	55542.90
243.06	55519.59
243.11	55483.98
243.16	55461.14
243.21	55462.90
243.26	55466.68
243.31	55476.14
243.36	55480.70
243.41	55500.33
243.46	55496.12
243.51	55461.25
243.56	55401.86
243.61	55346.18
243.66	55298.64
243.71	55259.32
243.76	55255.81
243.81	55280.31
243.86	55295.78
243.91	55306.53
243.96	55311.49
244.01	55283.37
244.06	55250.07
244.12	55231.50
244.17	55209.34
244.22	55202.54
244.27	55237.36
244.32	55266.02
244.37	55288.75
244.42	55292.05
244.47	55289.14
244.52	55262.03
244.57	55225.67
244.62	55193.02
244.67	55171.33
244.72	55147.12
244.77	55139.92
244.82	55158.05
244.87	55194.90
244.92	55218.85
244.97	55238.34
245.02	55237.16
245.07	55213.90
245.12	55183.45
245.17	55166.62
245.22	55164.93
245.27	55156.08
245.32	55128.29
245.37	55087.73
245.42	55038.22
245.47	54984.19
245.52	54941.07
245.57	54925.14
245.62	54915.21
245.67	54913.11
245.72	54910.38
245.77	54885.65
245.82	54870.60
245.87	54868.78
245.92	54869.23
245.98	54861.66
246.03	54874.18
246.08	54875.64
246.13	54873.03
246.18	54873.98
246.23	54870.55
246.28	54860.43
246.33	54841.25
246.38	54803.71
246.43	54775.95
246.48	54751.97
246.53	54753.96
246.58	54761.81
246.63	54777.20
246.68	54762.23
246.73	54751.13
246.78	54719.80
246.83	54673.79
246.88	54617.29
246.93	54578.58
246.98	54525.30
247.03	54488.39
247.08	54474.62
247.13	54465.11
247.18	54458.89
247.23	54485.71
247.28	54495.91
247.33	54486.48
247.38	54469.34
247.43	54447.19
247.48	54425.86
247.53	54388.44
247.58	54348.66
247.63	54320.01
247.68	54282.98
247.73	54223.33
247.78	54185.50
247.83	54166.45
247.88	54146.03
247.93	54143.15
247.98	54143.01
248.03	54154.48
248.08	54162.56
248.13	54160.90
248.18	54142.63
248.23	54135.15
248.28	54096.48
248.33	54047.14
248.38	54013.26
248.43	53989.91
248.48	53967.26
248.53	53953.57
248.58	53946.02
248.63	53942.11
248.68	53922.37
248.73	53898.40
248.78	53870.73
248.83	53816.49
248.88	53738.75
248.93	53669.66
248.98	53594.93
249.03	53540.25
249.08	53515.09
249.13	53514.54
249.18	53512.27
249.23	53517.30
249.28	53516.82
249.33	53514.51
249.38	53503.85
249.43	53483.88
249.48	53463.88
249.53	53447.14
249.58	53422.51
249.63	53398.53
249.68	53380.63
249.73	53364.49
249.78	53344.68
249.83	53344.98
249.88	53317.23
249.93	53315.12
249.98	53311.62
250.03	53306.05
250.08	53266.78
250.13	53256.88
250.18	53227.45
250.23	53173.24
250.28	53117.64
250.33	53070.29
250.37	53031.06
250.42	52986.08
250.47	52959.19
250.52	52949.25
250.57	52935.01
250.62	52906.47
250.67	52882.89
250.72	52863.12
250.77	52811.07
250.82	52788.47
250.87	52779.38
250.92	52769.06
250.97	52749.27
251.02	52753.59
251.07	52750.36
251.12	52729.00
251.17	52697.79
251.22	52665.60
251.27	52627.32
251.32	52578.56
251.37	52526.25
251.42	52475.77
251.47	52435.42
251.52	52406.91
251.57	52387.56
251.62	52382.72
251.67	52374.42
251.72	52355.45
251.77	52319.08
251.82	52280.63
251.87	52228.91
251.92	52177.37
251.97	52121.98
252.02	52075.10
252.07	52046.57
252.12	52033.75
252.16	52023.88
252.21	52032.60
252.26	52049.72
252.31	52044.83
252.36	52034.43
252.41	52023.58
252.46	51996.76
252.51	51961.20
252.56	51921.69
252.61	51886.38
252.66	51860.68
252.71	51839.14
252.76	51807.42
252.81	51774.19
252.86	51722.81
252.91	51667.32
252.96	51602.34
253.01	51537.37
253.06	51474.16
253.11	51436.32
253.16	51396.12
253.21	51347.89
253.26	51314.18
253.31	51292.92
253.36	51260.33
253.40	51235.98
253.45	51232.97
253.50	51194.63
253.55	51153.04
253.60	51107.18
253.65	51058.43
253.70	51019.68
253.75	51002.73
253.80	50981.66
253.85	50976.85
253.90	50979.58
253.95	50963.71
254.00	50958.11
254.05	50947.94
254.10	50910.12
254.15	50876.21
254.20	50850.12
254.25	50814.58
254.30	50779.18
254.35	50745.25
254.39	50677.94
254.44	50600.08
254.49	50524.97
254.54	50503.86
254.59	50475.39
254.64	50463.15
254.69	50458.90
254.74	50462.40
254.79	50418.08
254.84	50377.22
254.89	50360.23
254.94	50339.18
254.99	50322.64
255.04	50307.25
255.09	50305.73
255.14	50276.22
255.19	50267.63
255.23	50261.23
255.28	50252.32
255.33	50230.54
255.38	50224.66
255.43	50203.00
255.48	50166.26
255.53	50121.42
255.58	50094.66
255.63	50061.00
255.68	50016.28
255.73	49977.97
255.78	49943.05
255.83	49923.50
255.88	49895.83
255.93	49871.55
255.97	49843.28
256.02	49815.05
256.07	49764.62
256.12	49699.65
256.17	49642.27
256.22	49594.62
256.27	49544.58
256.32	49502.16
256.37	49484.05
256.42	49467.49
256.47	49438.76
256.52	49407.86
256.57	49382.90
256.62	49365.02
256.66	49357.13
256.71	49327.70
256.76	49295.28
256.81	49241.60
256.86	49186.42
256.91	49128.37
256.96	49087.34
257.01	49055.32
257.06	49033.10
257.11	48997.52
257.16	48951.02
257.21	48914.33
257.26	48879.82
257.30	48841.09
257.35	48806.06
257.40	48776.30
257.45	48756.98
257.50	48730.01
257.55	48709.52
257.60	48686.65
257.65	48661.15
257.70	48621.21
257.75	48585.34
257.80	48550.22
257.85	48514.54
257.89	48475.54
257.94	48426.14
257.99	48369.06
258.04	48313.92
258.09	48273.14
258.14	48241.28
258.19	48224.70
258.24	48204.09
258.29	48159.91
258.34	48119.86
258.39	48082.32
258.44	48016.69
258.48	47964.50
258.53	47934.20
258.58	47895.65
258.63	47838.83
258.68	47799.70
258.73	47761.50
258.78	47724.11
258.83	47676.97
258.88	47637.99
258.93	47601.66
258.97	47573.13
259.02	47544.57
259.07	47520.08
259.12	47505.63
259.17	47493.82
259.22	47473.54
259.27	47449.18
259.32	47426.43
259.37	47380.63
259.42	47336.53
259.47	47294.03
259.51	47247.11
259.56	47184.54
259.61	47119.73
259.66	47044.58
259.71	46964.98
259.76	46898.40
259.81	46838.39
259.86	46796.75
259.91	46758.39
259.95	46735.91
260.00	46712.87
260.05	46699.85
260.10	46686.86
260.15	46673.41
260.20	46658.33
260.25	46645.25
260.30	46628.30
260.35	46598.84
260.40	46570.95
260.44	46544.85
260.49	46525.74
260.54	46486.18
260.59	46462.85
260.64	46457.85
260.69	46453.37
260.74	46411.02
260.79	46383.60
260.84	46339.21
260.88	46279.78
260.93	46201.14
260.98	46163.80
261.03	46118.14
261.08	46087.24
261.13	46044.68
261.18	46000.43
261.23	45940.84
261.28	45903.02
261.32	45854.87
261.37	45812.58
261.42	45787.04
261.47	45766.43
261.52	45727.44
261.57	45684.89
261.62	45652.59
261.67	45600.62
261.71	45535.88
261.76	45483.48
261.81	45428.50
261.86	45364.67
261.91	45320.30
261.96	45283.52
262.01	45249.30
262.06	45235.08
262.10	45232.11
262.15	45218.18
262.20	45200.76
262.25	45178.02
262.30	45155.98
262.35	45121.71
262.40	45087.54
262.45	45059.08
262.49	45027.85
262.54	44992.33
262.59	44958.69
262.64	44932.17
262.69	44892.49
262.74	44847.70
262.79	44789.82
262.84	44744.38
262.88	44698.16
262.93	44641.66
262.98	44605.62
263.03	44564.62
263.08	44513.38
263.13	44445.55
263.18	44388.44
263.23	44324.99
263.27	44284.40
263.32	44254.10
263.37	44233.36
263.42	44217.35
263.47	44191.76
263.52	44164.77
263.57	44121.57
263.61	44081.86
263.66	44037.76
263.71	44006.12
263.76	43971.65
263.81	43928.30
263.86	43900.22
263.91	43865.28
263.95	43800.18
264.00	43735.08
264.05	43683.86
264.10	43611.98
264.15	43541.57
264.20	43506.42
264.25	43466.91
264.29	43431.19
264.34	43382.52
264.39	43353.47
264.44	43298.63
264.49	43248.44
264.54	43196.26
264.59	43157.56
264.63	43107.46
264.68	43062.35
264.73	43017.96
264.78	42974.21
264.83	42923.66
264.88	42880.48
264.93	42850.89
264.97	42816.52
265.02	42790.35
265.07	42772.53
265.12	42735.23
265.17	42689.67
265.22	42655.03
265.27	42595.42
265.31	42532.99
265.36	42475.16
265.41	42416.57
265.46	42349.92
265.51	42283.52
265.56	42224.88
265.60	42171.24
265.65	42114.19
265.70	42055.42
265.75	42006.94
265.80	41955.18
265.85	41900.54
265.90	41844.22
265.94	41792.75
265.99	41730.51
266.04	41678.99
266.09	41633.53
266.14	41598.84
266.19	41557.18
266.23	41530.63
266.28	41487.61
266.33	41453.86
266.38	41419.78
266.43	41399.58
266.48	41381.62
266.52	41354.55
266.57	41314.58
266.62	41275.94
266.67	41224.00
266.72	41167.67
266.77	41137.42
266.81	41120.41
266.86	41091.01
266.91	41063.55
266.96	41026.59
267.01	40985.95
267.06	40927.98
267.10	40881.24
267.15	40827.99
267.20	40792.57
267.25	40753.58
267.30	40720.00
267.35	40682.61
267.39	40648.54
267.44	40609.47
267.49	40561.30
267.54	40514.40
267.59	40461.18
267.64	40408.75
267.68	40353.11
267.73	40298.09
267.78	40255.22
267.83	40234.71
267.88	40222.07
267.93	40209.58
267.97	40197.43
268.02	40159.52
268.07	40106.09
268.12	40040.61
268.17	39982.37
268.21	39933.31
268.26	39892.85
268.31	39850.36
268.36	39808.71
268.41	39761.85
268.46	39721.38
268.50	39681.87
268.55	39634.45
268.60	39582.32
268.65	39518.82
268.70	39428.80
268.74	39357.69
268.79	39291.46
268.84	39233.22
268.89	39191.28
268.94	39167.79
268.99	39126.78
269.03	39079.95
269.08	39033.15
269.13	38963.81
269.18	38880.05
269.23	38786.41
269.27	38681.30
269.32	38545.67
269.37	38420.25
269.42	38285.48
269.47	38145.20
269.51	38007.94
269.56	37877.43
269.61	37738.98
269.66	37591.67
269.71	37437.40
269.76	37289.26
269.80	37132.84
269.85	36979.82
269.90	36843.05
269.95	36702.31
270.00	36541.33
270.04	36403.46
270.09	36261.49
270.14	36111.56
270.19	35973.73
270.24	35840.89
270.28	35685.78
270.33	35515.69
270.38	35342.60
270.43	35163.69
270.48	34991.15
270.52	34828.95
270.57	34668.29
270.62	34508.27
270.67	34353.56
270.72	34192.24
270.76	34017.94
270.81	33850.45
270.86	33677.77
270.91	33500.72
270.96	33333.62
271.00	33175.82
271.05	33019.89
271.10	32878.31
271.15	32747.98
271.20	32625.12
271.24	32483.91
271.29	32353.03
271.34	32208.48
271.39	32055.97
271.44	31897.90
271.48	31768.52
271.53	31620.07
271.58	31475.87
271.63	31329.05
271.67	31183.96
271.72	31032.46
271.77	30886.18
271.82	30748.32
271.87	30614.79
271.91	30457.84
271.96	30308.58
272.01	30170.70
272.06	30038.90
272.11	29916.43
272.15	29817.32
272.20	29720.45
272.25	29622.93
272.30	29521.00
272.35	29407.22
272.39	29297.47
272.44	29174.48
272.49	29035.52
272.54	28896.24
272.58	28753.55
272.63	28601.87
272.68	28453.99
272.73	28299.70
272.78	28121.95
272.82	27924.40
272.87	27701.24
272.92	27413.45
272.97	26888.28
273.01	23929.94
273.06	18975.96
273.11	13515.68
273.16	8152.90
273.21	3070.18
273.25	464.97
273.30	-88.04
273.35	-89.17
