165.32	3384.42
165.38	-247.19
165.44	597.11
165.50	-76.70
165.55	-17.52
165.61	5.50
165.67	34.06
165.72	43.65
165.78	49.38
165.84	48.31
165.89	45.12
165.95	43.96
166.01	43.31
166.06	44.74
166.12	46.75
166.18	45.06
166.23	46.34
166.29	45.37
166.35	41.98
166.40	41.06
166.46	47.41
166.52	50.24
166.57	51.08
166.63	51.76
166.69	54.54
166.74	49.01
166.80	49.26
166.86	51.85
166.91	52.92
166.97	47.11
167.03	49.22
167.08	43.72
167.14	42.55
167.20	40.41
167.25	52.67
167.31	53.31
167.37	58.83
167.42	60.42
167.48	66.64
167.54	60.84
167.59	60.17
167.65	56.03
167.71	55.73
167.76	54.55
167.82	50.61
167.88	50.41
167.93	57.70
167.99	56.80
168.05	58.68
168.10	66.46
168.16	65.75
168.21	64.05
168.27	68.44
168.33	70.56
168.38	63.13
168.44	67.99
168.50	66.51
168.55	64.86
168.61	65.24
168.67	67.23
168.72	64.30
168.78	64.25
168.84	59.96
168.89	58.65
168.95	59.50
169.01	59.06
169.06	58.65
169.12	58.51
169.18	56.38
169.23	56.31
169.29	60.65
169.34	65.06
169.40	67.30
169.46	71.87
169.51	73.72
169.57	69.06
169.63	64.53
169.68	70.05
169.74	65.92
169.80	71.78
169.85	73.53
169.91	78.06
169.97	73.87
170.02	74.01
170.08	72.77
170.13	72.85
170.19	72.05
170.25	73.52
170.30	77.82
170.36	69.88
170.42	71.72
170.47	72.96
170.53	74.42
170.59	71.70
170.64	75.68
170.70	74.41
170.76	72.16
170.81	73.70
170.87	72.93
170.92	73.12
170.98	75.91
171.04	78.29
171.09	74.43
171.15	81.67
171.21	82.68
171.26	79.76
171.32	77.27
171.37	80.41
171.43	75.04
171.49	79.97
171.54	83.37
171.60	84.82
171.66	86.90
171.71	87.38
171.77	84.66
171.83	90.31
171.88	89.54
171.94	89.10
171.99	93.71
172.05	92.52
172.11	93.08
172.16	101.87
172.22	102.71
172.28	103.05
172.33	101.59
172.39	98.66
172.44	95.13
172.50	99.88
172.56	99.27
172.61	107.26
172.67	107.27
172.72	107.19
172.78	102.64
172.84	97.86
172.89	91.51
172.95	90.19
173.01	91.25
173.06	89.88
173.12	95.70
173.17	97.09
173.23	96.83
173.29	96.91
173.34	98.31
173.40	92.68
173.46	93.08
173.51	95.81
173.57	95.66
173.62	90.33
173.68	97.02
173.74	95.80
173.79	97.84
173.85	95.23
173.90	97.47
173.96	93.68
174.02	90.89
174.07	82.02
174.13	81.18
174.18	84.40
174.24	78.35
174.30	78.97
174.35	84.36
174.41	81.41
174.47	74.82
174.52	75.52
174.58	74.44
174.63	70.64
174.69	69.54
174.75	71.21
174.80	81.64
174.86	79.23
174.91	80.26
174.97	80.26
175.03	78.09
175.08	66.38
175.14	72.83
175.19	68.12
175.25	68.69
175.31	73.19
175.36	74.85
175.42	71.77
175.47	76.90
175.53	77.11
175.59	73.28
175.64	74.66
175.70	73.04
175.75	68.54
175.81	67.54
175.87	68.89
175.92	65.08
175.98	66.18
176.03	65.98
176.09	66.01
176.15	65.66
176.20	66.84
176.26	67.20
176.31	70.41
176.37	67.68
176.42	68.99
176.48	72.91
176.54	70.16
176.59	67.17
176.65	70.17
176.70	71.21
176.76	70.30
176.82	68.85
176.87	65.81
176.93	65.75
176.98	64.62
177.04	59.21
177.10	63.34
177.15	64.96
177.21	65.70
177.26	64.91
177.32	68.75
177.37	70.82
177.43	74.71
177.49	71.89
177.54	69.05
177.60	69.66
177.65	70.12
177.71	64.91
177.77	67.46
177.82	69.05
177.88	72.44
177.93	68.00
177.99	74.16
178.04	69.93
178.10	70.52
178.16	64.46
178.21	65.38
178.27	62.40
178.32	66.68
178.38	65.41
178.43	66.73
178.49	66.45
178.55	66.02
178.60	64.46
178.66	64.10
178.71	65.72
178.77	63.60
178.82	64.47
178.88	64.39
178.94	64.88
178.99	66.33
179.05	70.61
179.10	66.31
179.16	69.05
179.21	71.41
179.27	69.84
179.33	65.59
179.38	69.48
179.44	67.27
179.49	67.44
179.55	65.52
179.60	65.85
179.66	65.19
179.72	67.91
179.77	65.36
179.83	64.44
179.88	66.20
179.94	67.54
179.99	63.97
180.05	64.14
180.11	65.06
180.16	66.99
180.22	68.69
180.27	73.18
180.33	73.88
180.38	77.74
180.44	73.26
180.49	73.59
180.55	71.60
180.61	75.39
180.66	70.19
180.72	69.06
180.77	66.82
180.83	66.45
180.88	63.82
180.94	63.68
180.99	67.03
181.05	67.50
181.11	68.90
181.16	69.15
181.22	70.43
181.27	73.08
181.33	71.42
181.38	67.84
181.44	68.99
181.49	73.90
181.55	74.33
181.61	80.62
181.66	83.13
181.72	80.73
181.77	77.44
181.83	74.97
181.88	80.11
181.94	82.06
181.99	87.63
182.05	88.15
182.11	88.73
182.16	78.73
182.22	76.72
182.27	71.99
182.33	74.10
182.38	73.81
182.44	78.82
182.49	80.95
182.55	82.97
182.60	82.92
182.66	85.98
182.72	88.36
182.77	90.23
182.83	92.94
182.88	95.59
182.94	97.38
182.99	95.01
183.05	93.70
183.10	96.17
183.16	95.32
183.21	95.89
183.27	102.50
183.32	106.30
183.38	108.34
183.44	114.67
183.49	118.51
183.55	118.65
183.60	123.53
183.66	129.12
183.71	136.37
183.77	143.00
183.82	151.13
183.88	160.79
183.93	170.33
183.99	182.71
184.04	198.23
184.10	209.59
184.15	220.31
184.21	232.49
184.27	233.89
184.32	234.29
184.38	232.90
184.43	229.99
184.49	215.81
184.54	202.06
184.60	195.58
184.65	184.10
184.71	176.00
184.76	177.97
184.82	194.78
184.87	209.36
184.93	232.39
184.98	257.84
185.04	286.61
185.09	308.82
185.15	331.95
185.20	362.07
185.26	395.15
185.31	422.16
185.37	446.83
185.43	466.01
185.48	483.68
185.54	505.01
185.59	529.44
185.65	554.62
185.70	593.88
185.76	636.75
185.81	668.90
185.87	704.49
185.92	747.18
185.98	781.02
186.03	798.77
186.09	802.09
186.14	779.11
186.20	729.94
186.25	650.57
186.31	570.68
186.36	508.94
186.42	482.29
186.47	492.02
186.53	538.76
186.58	605.36
186.64	677.83
186.69	748.33
186.75	806.78
186.80	862.79
186.86	919.88
186.91	978.27
186.97	1033.24
187.02	1103.79
187.08	1173.21
187.13	1231.81
187.19	1298.12
187.24	1366.72
187.30	1421.61
187.35	1477.99
187.41	1550.13
187.47	1617.62
187.52	1674.19
187.58	1731.98
187.63	1798.16
187.69	1861.16
187.74	1912.00
187.80	1960.24
187.85	2004.33
187.91	2025.95
187.96	2013.34
188.02	1953.44
188.07	1848.37
188.13	1692.75
188.18	1526.08
188.24	1402.82
188.29	1342.57
188.35	1348.82
188.40	1424.89
188.46	1547.76
188.51	1669.60
188.57	1796.37
188.62	1918.91
188.67	2034.68
188.73	2141.79
188.78	2243.58
188.84	2341.97
188.89	2443.81
188.95	2544.21
189.00	2632.06
189.06	2728.53
189.11	2821.46
189.17	2901.92
189.22	2974.48
189.28	3062.64
189.33	3138.42
189.39	3201.40
189.44	3267.26
189.50	3343.01
189.55	3412.09
189.61	3466.76
189.66	3527.32
189.72	3585.93
189.77	3637.07
189.83	3665.30
189.88	3678.06
189.94	3649.62
189.99	3572.31
190.05	3422.52
190.10	3209.15
190.16	2962.71
190.21	2748.11
190.27	2610.64
190.32	2578.81
190.38	2649.56
190.43	2803.78
190.49	2989.42
190.54	3157.35
190.60	3307.74
190.65	3447.16
190.71	3573.89
190.76	3693.77
190.81	3813.67
190.87	3929.16
190.92	4048.63
190.98	4161.45
191.03	4269.84
191.09	4383.05
191.14	4484.86
191.20	4573.06
191.25	4669.55
191.31	4766.62
191.36	4854.46
191.42	4944.22
191.47	5037.45
191.53	5126.11
191.58	5199.56
191.64	5263.73
191.69	5320.26
191.75	5364.47
191.80	5397.53
191.85	5419.64
191.91	5440.96
191.96	5463.24
192.02	5490.20
192.07	5503.31
192.13	5500.06
192.18	5452.84
192.24	5338.18
192.29	5148.03
192.35	4928.11
192.40	4746.35
192.46	4641.19
192.51	4638.72
192.57	4733.02
192.62	4906.45
192.67	5089.83
192.73	5267.03
192.78	5427.76
192.84	5577.76
192.89	5711.67
192.95	5838.88
193.00	5952.70
193.06	6061.99
193.11	6168.58
193.17	6260.86
193.22	6347.92
193.28	6436.18
193.33	6514.20
193.38	6579.91
193.44	6650.10
193.49	6721.35
193.55	6779.32
193.60	6831.16
193.66	6882.90
193.71	6925.58
193.77	6950.99
193.82	6973.37
193.88	6994.85
193.93	7022.78
193.98	7050.48
194.04	7091.22
194.09	7136.97
194.15	7188.67
194.20	7234.48
194.26	7276.23
194.31	7318.92
194.37	7347.00
194.42	7354.87
194.47	7344.64
194.53	7304.65
194.58	7217.58
194.64	7110.88
194.69	7017.12
194.75	6951.95
194.80	6938.86
194.86	6979.54
194.91	7067.85
194.97	7174.24
195.02	7285.51
195.07	7392.30
195.13	7496.09
195.18	7608.39
195.24	7717.27
195.29	7825.37
195.35	7927.45
195.40	8031.23
195.46	8114.06
195.51	8201.14
195.56	8279.04
195.62	8346.83
195.67	8408.96
195.73	8476.73
195.78	8523.47
195.84	8565.75
195.89	8603.74
195.94	8636.81
196.00	8665.73
196.05	8702.98
196.11	8750.64
196.16	8801.71
196.22	8856.98
196.27	8913.13
196.32	8966.60
196.38	9008.99
196.43	9056.38
196.49	9092.83
196.54	9131.35
196.60	9174.32
196.65	9220.65
196.71	9261.92
196.76	9310.66
196.81	9349.79
196.87	9378.04
196.92	9405.20
196.98	9423.94
197.03	9432.74
197.09	9429.16
197.14	9426.40
197.19	9425.14
197.25	9437.78
197.30	9464.30
197.36	9514.53
197.41	9579.03
197.47	9642.63
197.52	9706.06
197.57	9770.37
197.63	9823.42
197.68	9876.20
197.74	9929.07
197.79	9973.69
197.84	10015.68
197.90	10067.63
197.95	10105.82
198.01	10147.51
198.06	10193.19
198.12	10242.80
198.17	10279.81
198.22	10324.13
198.28	10359.70
198.33	10398.69
198.39	10434.16
198.44	10479.98
198.49	10528.66
198.55	10579.46
198.60	10627.18
198.66	10673.61
198.71	10722.34
198.77	10767.52
198.82	10819.24
198.87	10868.44
198.93	10915.66
198.98	10959.26
199.04	11007.48
199.09	11045.23
199.14	11087.33
199.20	11128.03
199.25	11171.70
199.31	11213.85
199.36	11256.48
199.42	11301.73
199.47	11346.61
199.52	11382.26
199.58	11415.68
199.63	11444.52
199.69	11467.28
199.74	11494.87
199.79	11518.07
199.85	11547.24
199.90	11587.36
199.96	11629.18
200.01	11680.91
200.06	11735.76
200.12	11787.55
200.17	11841.68
200.23	11895.53
200.28	11933.29
200.33	11983.12
200.39	12023.39
200.44	12064.84
200.50	12107.41
200.55	12145.87
200.60	12181.83
200.66	12221.21
200.71	12255.17
200.77	12295.24
200.82	12338.94
200.87	12381.78
200.93	12423.76
200.98	12467.49
201.04	12506.13
201.09	12552.92
201.14	12603.82
201.20	12653.77
201.25	12710.73
201.31	12763.95
201.36	12821.25
201.41	12876.48
201.47	12930.23
201.52	12979.32
201.58	13040.84
201.63	13087.55
201.68	13129.99
201.74	13178.43
201.79	13228.76
201.84	13275.63
201.90	13325.30
201.95	13381.64
202.01	13439.74
202.06	13492.67
202.11	13534.73
202.17	13580.18
202.22	13621.27
202.28	13658.98
202.33	13697.49
202.38	13735.48
202.44	13781.14
202.49	13826.82
202.54	13878.42
202.60	13924.51
202.65	13977.65
202.71	14022.66
202.76	14059.97
202.81	14098.47
202.87	14146.02
202.92	14195.19
202.98	14247.88
203.03	14305.80
203.08	14360.71
203.14	14413.54
203.19	14468.06
203.24	14517.89
203.30	14570.01
203.35	14617.87
203.41	14668.50
203.46	14711.37
203.51	14759.53
203.57	14795.36
203.62	14844.18
203.67	14892.33
203.73	14936.82
203.78	14983.26
203.84	15045.12
203.89	15091.32
203.94	15136.01
204.00	15183.64
204.05	15231.99
204.10	15269.53
204.16	15305.17
204.21	15348.85
204.27	15392.80
204.32	15432.27
204.37	15475.42
204.43	15520.61
204.48	15554.43
204.53	15593.36
204.59	15636.70
204.64	15695.68
204.69	15761.97
204.75	15830.45
204.80	15902.05
204.86	15964.78
204.91	16021.64
204.96	16079.85
205.02	16126.51
205.07	16178.18
205.12	16239.91
205.18	16301.62
205.23	16358.27
205.28	16429.06
205.34	16488.63
205.39	16551.81
205.45	16610.04
205.50	16671.16
205.55	16733.26
205.61	16795.81
205.66	16849.51
205.71	16910.52
205.77	16970.76
205.82	17026.86
205.87	17080.66
205.93	17134.39
205.98	17181.11
206.03	17222.31
206.09	17268.20
206.14	17318.25
206.20	17369.13
206.25	17419.67
206.30	17482.03
206.36	17537.56
206.41	17598.91
206.46	17651.94
206.52	17702.28
206.57	17746.07
206.62	17791.44
206.68	17839.92
206.73	17893.37
206.78	17949.73
206.84	18008.08
206.89	18070.74
206.94	18124.61
207.00	18189.40
207.05	18254.39
207.11	18316.81
207.16	18370.51
207.21	18436.40
207.27	18494.79
207.32	18550.92
207.37	18612.26
207.43	18671.39
207.48	18717.79
207.53	18771.13
207.59	18826.78
207.64	18880.58
207.69	18950.02
207.75	19024.72
207.80	19080.04
207.85	19138.91
207.91	19194.18
207.96	19243.39
208.01	19292.95
208.07	19353.49
208.12	19413.41
208.17	19469.85
208.23	19519.78
208.28	19570.75
208.33	19630.39
208.39	19686.41
208.44	19749.67
208.49	19814.99
208.55	19870.55
208.60	19921.71
208.65	19975.70
208.71	20026.53
208.76	20080.07
208.81	20146.59
208.87	20211.52
208.92	20271.33
208.97	20334.07
209.03	20390.26
209.08	20444.02
209.13	20498.16
209.19	20558.46
209.24	20612.48
209.29	20680.57
209.35	20737.37
209.40	20798.75
209.45	20862.08
209.51	20929.94
209.56	20991.38
209.61	21056.57
209.67	21121.66
209.72	21179.86
209.77	21237.78
209.83	21296.39
209.88	21364.12
209.93	21430.28
209.99	21494.06
210.04	21559.29
210.09	21626.74
210.15	21683.76
210.20	21737.84
210.25	21799.13
210.31	21863.36
210.36	21911.35
210.41	21965.66
210.46	22027.02
210.52	22077.02
210.57	22122.51
210.62	22187.55
210.68	22251.89
210.73	22303.16
210.78	22369.85
210.84	22434.50
210.89	22493.94
210.94	22553.54
211.00	22617.60
211.05	22663.16
211.10	22723.61
211.16	22781.91
211.21	22842.24
211.26	22910.07
211.32	22987.45
211.37	23057.06
211.42	23123.51
211.47	23198.90
211.53	23262.60
211.58	23319.91
211.63	23378.03
211.69	23436.04
211.74	23484.92
211.79	23533.65
211.85	23596.33
211.90	23654.63
211.95	23719.65
212.01	23784.87
212.06	23861.76
212.11	23936.56
212.16	24011.74
212.22	24086.81
212.27	24152.59
212.32	24214.03
212.38	24284.21
212.43	24349.20
212.48	24407.25
212.54	24478.11
212.59	24554.17
212.64	24615.16
212.69	24679.48
212.75	24750.31
212.80	24815.52
212.85	24873.25
212.91	24925.47
212.96	24979.15
213.01	25041.38
213.07	25101.03
213.12	25161.08
213.17	25225.46
213.22	25293.21
213.28	25353.25
213.33	25401.97
213.38	25460.48
213.44	25521.37
213.49	25589.66
213.54	25660.43
213.60	25744.59
213.65	25821.96
213.70	25907.55
213.75	25975.90
213.81	26034.89
213.86	26097.86
213.91	26158.12
213.97	26207.23
214.02	26258.20
214.07	26310.22
214.12	26355.92
214.18	26406.96
214.23	26470.42
214.28	26531.52
214.34	26594.54
214.39	26666.60
214.44	26726.08
214.49	26765.04
214.55	26804.90
214.60	26847.35
214.65	26869.54
214.71	26897.41
214.76	26951.17
214.81	27021.93
214.86	27106.11
214.92	27196.70
214.97	27293.66
215.02	27384.03
215.08	27463.62
215.13	27541.92
215.18	27609.75
215.23	27681.52
215.29	27745.82
215.34	27813.55
215.39	27880.44
215.45	27970.47
215.50	28055.32
215.55	28139.82
215.60	28221.20
215.66	28284.56
215.71	28343.89
215.76	28401.64
215.81	28456.01
215.87	28511.32
215.92	28566.87
215.97	28618.90
216.03	28680.90
216.08	28741.27
216.13	28799.14
216.18	28865.06
216.24	28924.31
216.29	28976.23
216.34	29027.01
216.39	29085.07
216.45	29143.58
216.50	29204.94
216.55	29262.91
216.61	29334.98
216.66	29394.98
216.71	29456.96
216.76	29520.51
216.82	29598.21
216.87	29666.76
216.92	29747.60
216.97	29815.36
217.03	29893.42
217.08	29961.00
217.13	30040.56
217.18	30106.18
217.24	30172.14
217.29	30239.23
217.34	30291.02
217.39	30335.54
217.45	30383.49
217.50	30434.76
217.55	30486.02
217.61	30553.43
217.66	30616.47
217.71	30688.58
217.76	30771.44
217.82	30852.10
217.87	30921.64
217.92	30993.89
217.97	31066.25
218.03	31125.60
218.08	31166.22
218.13	31217.40
218.18	31266.84
218.24	31329.52
218.29	31387.14
218.34	31455.16
218.39	31524.19
218.45	31588.98
218.50	31642.63
218.55	31701.81
218.60	31767.22
218.66	31815.75
218.71	31875.10
218.76	31937.14
218.81	32006.13
218.87	32065.13
218.92	32140.01
218.97	32218.02
219.02	32286.00
219.08	32356.08
219.13	32430.96
219.18	32493.10
219.23	32547.41
219.29	32608.78
219.34	32665.46
219.39	32725.22
219.44	32790.05
219.50	32859.08
219.55	32923.79
219.60	32989.32
219.65	33051.57
219.71	33117.71
219.76	33171.05
219.81	33222.95
219.86	33284.50
219.92	33336.88
219.97	33386.00
220.02	33445.68
220.07	33506.60
220.13	33557.11
220.18	33620.76
220.23	33692.87
220.28	33769.02
220.33	33845.27
220.39	33906.51
220.44	33970.41
220.49	34030.32
220.54	34079.20
220.60	34128.62
220.65	34196.49
220.70	34262.39
220.75	34332.43
220.81	34411.21
220.86	34488.15
220.91	34558.32
220.96	34629.79
221.02	34698.15
221.07	34766.34
221.12	34822.18
221.17	34876.80
221.22	34932.40
221.28	34982.43
221.33	35034.40
221.38	35091.71
221.43	35165.61
221.49	35228.90
221.54	35297.05
221.59	35366.65
221.64	35453.04
221.69	35543.77
221.75	35647.23
221.80	35746.41
221.85	35817.46
221.90	35891.02
221.96	35944.86
222.01	35976.79
222.06	36009.99
222.11	36060.66
222.17	36096.86
222.22	36118.50
222.27	36167.53
222.32	36216.25
222.37	36271.72
222.43	36338.87
222.48	36417.36
222.53	36486.25
222.58	36565.71
222.63	36635.63
222.69	36700.31
222.74	36768.24
222.79	36833.63
222.84	36877.98
222.90	36933.91
222.95	36978.16
223.00	37020.84
223.05	37078.79
223.10	37135.31
223.16	37195.09
223.21	37248.99
223.26	37296.48
223.31	37325.41
223.36	37370.11
223.42	37407.15
223.47	37436.94
223.52	37482.16
223.57	37532.53
223.63	37583.15
223.68	37628.58
223.73	37705.03
223.78	37778.77
223.83	37849.37
223.89	37904.19
223.94	37971.31
223.99	38038.03
224.04	38114.71
224.09	38186.70
224.15	38291.18
224.20	38374.21
224.25	38465.51
224.30	38549.02
224.35	38637.09
224.41	38723.59
224.46	38821.21
224.51	38896.28
224.56	38976.81
224.61	39062.44
224.67	39135.68
224.72	39204.08
224.77	39300.00
224.82	39390.16
224.87	39469.86
224.93	39546.81
224.98	39638.97
225.03	39725.59
225.08	39811.71
225.13	39902.26
225.19	39993.08
225.24	40081.76
225.29	40153.68
225.34	40233.37
225.39	40316.58
225.45	40407.24
225.50	40493.90
225.55	40587.93
225.60	40673.57
225.65	40764.32
225.71	40851.49
225.76	40937.41
225.81	41014.62
225.86	41098.60
225.91	41184.55
225.97	41262.01
226.02	41340.46
226.07	41406.99
226.12	41475.27
226.17	41528.30
226.22	41596.50
226.28	41675.80
226.33	41776.46
226.38	41863.52
226.43	41957.09
226.48	42034.92
226.54	42097.69
226.59	42158.15
226.64	42227.72
226.69	42290.76
226.74	42358.57
226.80	42426.87
226.85	42491.43
226.90	42548.80
226.95	42615.52
227.00	42684.54
227.05	42768.67
227.11	42858.36
227.16	42949.19
227.21	43032.93
227.26	43119.17
227.31	43188.97
227.37	43246.64
227.42	43316.36
227.47	43392.31
227.52	43457.97
227.57	43516.78
227.62	43601.00
227.68	43669.85
227.73	43746.34
227.78	43831.46
227.83	43928.20
227.88	43995.03
227.93	44085.46
227.99	44166.85
228.04	44241.74
228.09	44307.45
228.14	44384.11
228.19	44451.21
228.24	44513.18
228.30	44578.57
228.35	44646.21
228.40	44713.75
228.45	44765.35
228.50	44838.31
228.56	44896.77
228.61	44966.05
228.66	45018.83
228.71	45081.37
228.76	45124.36
228.81	45173.86
228.87	45209.46
228.92	45271.35
228.97	45326.78
229.02	45415.30
229.07	45500.42
229.12	45592.09
229.17	45670.68
229.23	45750.62
229.28	45820.48
229.33	45898.61
229.38	45978.32
229.43	46053.03
229.48	46130.09
229.54	46194.52
229.59	46256.14
229.64	46324.20
229.69	46399.93
229.74	46491.19
229.79	46561.11
229.85	46634.67
229.90	46700.16
229.95	46767.97
230.00	46819.65
230.05	46905.52
230.10	46975.23
230.16	47049.24
230.21	47108.53
230.26	47166.46
230.31	47205.91
230.36	47267.45
230.41	47328.85
230.46	47414.23
230.52	47508.39
230.57	47592.60
230.62	47674.35
230.67	47744.10
230.72	47803.29
230.77	47838.82
230.82	47885.87
230.88	47919.80
230.93	47963.27
230.98	48006.93
231.03	48070.05
231.08	48120.20
231.13	48174.66
231.19	48236.31
231.24	48299.84
231.29	48369.96
231.34	48452.54
231.39	48532.94
231.44	48606.81
231.49	48664.22
231.55	48707.07
231.60	48744.11
231.65	48792.76
231.70	48835.25
231.75	48878.66
231.80	48931.00
231.85	48985.91
231.91	49020.41
231.96	49065.38
232.01	49132.13
232.06	49195.24
232.11	49262.45
232.16	49351.45
232.21	49439.60
232.26	49527.97
232.32	49611.71
232.37	49685.56
232.42	49746.46
232.47	49793.97
232.52	49834.36
232.57	49888.13
232.62	49940.47
232.68	50003.26
232.73	50073.59
232.78	50146.40
232.83	50220.12
232.88	50295.62
232.93	50368.88
232.98	50440.81
233.03	50496.08
233.09	50553.17
233.14	50620.56
233.19	50674.67
233.24	50729.81
233.29	50782.76
233.34	50812.65
233.39	50836.25
233.45	50874.36
233.50	50917.43
233.55	50961.54
233.60	51034.15
233.65	51097.94
233.70	51158.05
233.75	51202.71
233.80	51260.30
233.86	51302.65
233.91	51353.11
233.96	51391.31
234.01	51452.81
234.06	51506.54
234.11	51566.66
234.16	51617.35
234.21	51683.52
234.26	51727.39
234.32	51761.69
234.37	51795.90
234.42	51834.81
234.47	51852.51
234.52	51875.47
234.57	51918.56
234.62	51959.50
234.67	52003.25
234.73	52065.71
234.78	52132.00
234.83	52182.81
234.88	52232.89
234.93	52266.86
234.98	52307.19
235.03	52345.45
235.08	52410.20
235.13	52464.02
235.19	52547.50
235.24	52610.94
235.29	52679.99
235.34	52728.57
235.39	52769.80
235.44	52786.70
235.49	52823.88
235.54	52852.74
235.59	52868.46
235.65	52892.71
235.70	52939.08
235.75	52975.87
235.80	53026.89
235.85	53084.23
235.90	53136.24
235.95	53163.16
236.00	53185.01
236.05	53204.85
236.11	53230.16
236.16	53265.01
236.21	53314.45
236.26	53358.37
236.31	53387.00
236.36	53406.67
236.41	53415.94
236.46	53425.98
236.51	53445.70
236.56	53466.16
236.62	53495.50
236.67	53531.63
236.72	53571.60
236.77	53595.71
236.82	53644.05
236.87	53669.39
236.92	53689.01
236.97	53721.97
237.02	53768.04
237.07	53807.51
237.13	53872.58
237.18	53939.72
237.23	53980.52
237.28	54020.83
237.33	54061.53
237.38	54080.91
237.43	54103.08
237.48	54115.81
237.53	54140.87
237.58	54169.14
237.63	54215.85
237.69	54260.85
237.74	54316.86
237.79	54362.62
237.84	54366.09
237.89	54366.55
237.94	54365.02
237.99	54382.75
238.04	54393.45
238.09	54427.48
238.14	54456.72
238.19	54488.74
238.25	54507.28
238.30	54506.32
238.35	54505.87
238.40	54513.14
238.45	54510.77
238.50	54505.22
238.55	54516.55
238.60	54541.67
238.65	54555.70
238.70	54577.52
238.75	54595.92
238.80	54626.05
238.86	54633.30
238.91	54649.76
238.96	54680.61
239.01	54727.35
239.06	54757.87
239.11	54788.99
239.16	54815.16
239.21	54811.94
239.26	54789.69
239.31	54797.72
239.36	54805.96
239.41	54823.23
239.46	54858.41
239.52	54891.57
239.57	54906.91
239.62	54925.00
239.67	54953.90
239.72	54965.56
239.77	54980.75
239.82	54994.85
239.87	55006.05
239.92	55001.28
239.97	55006.45
240.02	54993.87
240.07	54979.87
240.12	54980.95
240.17	54982.63
240.23	54974.68
240.28	54990.91
240.33	55012.01
240.38	55009.17
240.43	55011.14
240.48	55037.13
240.53	55057.14
240.58	55077.82
240.63	55112.90
240.68	55126.67
240.73	55122.57
240.78	55117.85
240.83	55108.89
240.88	55088.22
240.93	55075.99
240.98	55064.17
241.04	55076.11
241.09	55090.01
241.14	55113.85
241.19	55147.35
241.24	55186.16
241.29	55203.76
241.34	55220.83
241.39	55231.20
241.44	55243.56
241.49	55243.99
241.54	55240.45
241.59	55233.20
241.64	55238.82
241.69	55224.31
241.74	55210.37
241.79	55207.18
241.84	55200.41
241.90	55174.09
241.95	55157.46
242.00	55142.56
242.05	55110.47
242.10	55097.37
242.15	55086.29
242.20	55082.54
242.25	55080.14
242.30	55084.09
242.35	55075.92
242.40	55070.31
242.45	55060.18
242.50	55050.62
242.55	55045.04
242.60	55044.51
242.65	55049.52
242.70	55066.33
242.75	55091.73
242.80	55132.04
242.85	55164.85
242.91	55183.41
242.96	55167.90
243.01	55144.84
243.06	55117.93
243.11	55078.75
243.16	55054.85
243.21	55057.89
243.26	55069.39
243.31	55075.20
243.36	55085.25
243.41	55094.99
243.46	55094.51
243.51	55066.86
243.56	55015.93
243.61	54967.95
243.66	54925.31
243.71	54888.61
243.76	54882.42
243.81	54898.03
243.86	54899.41
243.91	54913.17
243.96	54910.76
244.01	54890.54
244.06	54864.83
244.12	54857.58
244.17	54843.55
244.22	54850.45
244.27	54876.68
244.32	54907.25
244.37	54924.10
244.42	54923.85
244.47	54915.76
244.52	54893.19
244.57	54858.16
244.62	54833.09
244.67	54814.01
244.72	54782.95
244.77	54777.40
244.82	54795.96
244.87	54829.10
244.92	54846.29
244.97	54876.38
245.02	54865.82
245.07	54841.26
245.12	54816.91
245.17	54803.22
245.22	54794.74
245.27	54795.82
245.32	54760.11
245.37	54717.44
245.42	54670.39
245.47	54619.03
245.52	54574.79
245.57	54565.65
245.62	54545.56
245.67	54537.35
245.72	54531.52
245.77	54513.44
245.82	54497.77
245.87	54501.84
245.92	54509.93
245.98	54503.75
246.03	54508.08
246.08	54514.83
246.13	54506.95
246.18	54503.87
246.23	54503.52
246.28	54483.95
246.33	54467.13
246.38	54441.09
246.43	54410.64
246.48	54391.78
246.53	54402.14
246.58	54406.45
246.63	54409.14
246.68	54405.94
246.73	54389.46
246.78	54351.38
246.83	54306.42
246.88	54261.94
246.93	54207.57
246.98	54155.16
247.03	54128.65
247.08	54109.86
247.13	54100.89
247.18	54106.39
247.23	54126.68
247.28	54134.34
247.33	54126.59
247.38	54103.18
247.43	54083.90
247.48	54070.00
247.53	54043.12
247.58	54009.56
247.63	53986.96
247.68	53947.88
247.73	53885.78
247.78	53839.01
247.83	53806.74
247.88	53780.71
247.93	53772.50
247.98	53775.59
248.03	53789.45
248.08	53814.52
248.13	53816.20
248.18	53809.06
248.23	53803.37
248.28	53770.06
248.33	53712.17
248.38	53681.70
248.43	53649.54
248.48	53618.72
248.53	53603.73
248.58	53596.14
248.63	53588.90
248.68	53580.94
248.73	53559.72
248.78	53527.31
248.83	53482.81
248.88	53414.49
248.93	53344.34
248.98	53277.82
249.03	53237.68
249.08	53202.97
249.13	53200.95
249.18	53197.69
249.23	53208.06
249.28	53205.81
249.33	53210.07
249.38	53187.95
249.43	53164.52
249.48	53137.30
249.53	53113.86
249.58	53091.57
249.63	53082.34
249.68	53073.55
249.73	53059.63
249.78	53042.36
249.83	53038.79
249.88	53009.84
249.93	52986.21
249.98	52970.99
250.03	52953.72
250.08	52919.34
250.13	52913.88
250.18	52895.66
250.23	52854.11
250.28	52806.65
250.33	52755.47
250.37	52705.20
250.42	52665.19
250.47	52641.59
250.52	52633.10
250.57	52620.67
250.62	52586.16
250.67	52552.19
250.72	52530.74
250.77	52487.29
250.82	52463.12
250.87	52465.08
250.92	52458.19
250.97	52431.10
251.02	52418.33
251.07	52420.54
251.12	52402.32
251.17	52372.19
251.22	52347.46
251.27	52315.57
251.32	52267.27
251.37	52209.43
251.42	52165.62
251.47	52118.06
251.52	52091.28
251.57	52074.21
251.62	52066.24
251.67	52050.92
251.72	52041.63
251.77	52014.89
251.82	51970.11
251.87	51922.33
251.92	51884.00
251.97	51833.98
252.02	51786.75
252.07	51755.59
252.12	51744.86
252.16	51735.21
252.21	51731.88
252.26	51740.65
252.31	51742.06
252.36	51721.89
252.41	51698.82
252.46	51679.28
252.51	51651.44
252.56	51621.04
252.61	51597.69
252.66	51573.90
252.71	51548.14
252.76	51513.72
252.81	51457.06
252.86	51403.24
252.91	51352.96
252.96	51289.95
253.01	51224.16
253.06	51171.41
253.11	51121.35
253.16	51079.90
253.21	51030.76
253.26	50989.77
253.31	50961.31
253.36	50942.41
253.40	50916.73
253.45	50913.78
253.50	50878.76
253.55	50848.66
253.60	50800.66
253.65	50755.55
253.70	50715.04
253.75	50703.28
253.80	50686.63
253.85	50686.15
253.90	50691.58
253.95	50682.04
254.00	50681.10
254.05	50664.96
254.10	50628.69
254.15	50587.45
254.20	50558.91
254.25	50515.80
254.30	50479.20
254.35	50442.28
254.39	50377.97
254.44	50297.84
254.49	50214.25
254.54	50170.35
254.59	50134.85
254.64	50129.51
254.69	50129.27
254.74	50142.34
254.79	50123.46
254.84	50094.62
254.89	50077.46
254.94	50061.69
254.99	50044.14
255.04	50021.41
255.09	50012.40
255.14	49976.68
255.19	49958.83
255.23	49953.53
255.28	49951.95
255.33	49945.77
255.38	49942.19
255.43	49921.55
255.48	49887.67
255.53	49841.04
255.58	49808.10
255.63	49772.12
255.68	49727.89
255.73	49690.82
255.78	49663.74
255.83	49629.98
255.88	49606.26
255.93	49583.97
255.97	49558.24
256.02	49529.32
256.07	49487.77
256.12	49417.14
256.17	49362.98
256.22	49306.68
256.27	49255.36
256.32	49215.72
256.37	49200.97
256.42	49178.14
256.47	49153.30
256.52	49130.57
256.57	49105.57
256.62	49085.43
256.66	49077.47
256.71	49048.90
256.76	49013.78
256.81	48963.22
256.86	48911.41
256.91	48861.25
256.96	48826.73
257.01	48797.18
257.06	48778.87
257.11	48752.08
257.16	48697.24
257.21	48654.12
257.26	48611.10
257.30	48569.67
257.35	48528.93
257.40	48507.46
257.45	48489.72
257.50	48466.92
257.55	48435.94
257.60	48413.42
257.65	48388.76
257.70	48342.47
257.75	48300.81
257.80	48274.46
257.85	48232.27
257.89	48180.93
257.94	48129.54
257.99	48070.61
258.04	48010.16
258.09	47967.56
258.14	47934.81
258.19	47919.63
258.24	47905.09
258.29	47865.29
258.34	47827.32
258.39	47803.95
258.44	47748.68
258.48	47697.35
258.53	47673.05
258.58	47631.56
258.63	47574.04
258.68	47538.63
258.73	47507.19
258.78	47464.94
258.83	47432.15
258.88	47395.16
258.93	47357.79
258.97	47322.15
259.02	47284.84
259.07	47261.08
259.12	47240.88
259.17	47224.43
259.22	47209.31
259.27	47192.08
259.32	47170.37
259.37	47135.31
259.42	47100.29
259.47	47056.74
259.51	47005.36
259.56	46938.62
259.61	46862.01
259.66	46786.43
259.71	46709.16
259.76	46650.97
259.81	46595.33
259.86	46566.92
259.91	46526.25
259.95	46502.85
260.00	46473.32
260.05	46457.77
260.10	46434.03
260.15	46420.00
260.20	46398.66
260.25	46394.57
260.30	46378.18
260.35	46350.23
260.40	46319.41
260.44	46301.43
260.49	46274.20
260.54	46242.68
260.59	46222.74
260.64	46215.11
260.69	46203.03
260.74	46172.21
260.79	46132.15
260.84	46090.31
260.88	46034.27
260.93	45966.36
260.98	45923.53
261.03	45885.12
261.08	45853.08
261.13	45815.71
261.18	45771.72
261.23	45711.41
261.28	45671.97
261.32	45629.67
261.37	45584.01
261.42	45551.83
261.47	45531.94
261.52	45482.83
261.57	45437.63
261.62	45401.94
261.67	45351.67
261.71	45283.21
261.76	45240.69
261.81	45187.22
261.86	45127.85
261.91	45083.33
261.96	45045.17
262.01	45001.00
262.06	44983.59
262.10	44975.42
262.15	44957.10
262.20	44946.06
262.25	44936.11
262.30	44909.20
262.35	44882.74
262.40	44853.15
262.45	44821.04
262.49	44784.46
262.54	44758.97
262.59	44720.10
262.64	44696.08
262.69	44665.44
262.74	44624.30
262.79	44556.58
262.84	44517.30
262.88	44470.82
262.93	44420.86
262.98	44384.31
263.03	44350.52
263.08	44292.47
263.13	44212.35
263.18	44141.60
263.23	44073.19
263.27	44030.64
263.32	44002.70
263.37	43990.17
263.42	43977.17
263.47	43954.13
263.52	43926.16
263.57	43890.44
263.61	43851.36
263.66	43808.60
263.71	43775.08
263.76	43733.66
263.81	43689.56
263.86	43656.92
263.91	43621.47
263.95	43561.16
264.00	43502.17
264.05	43452.36
264.10	43385.52
264.15	43315.61
264.20	43276.67
264.25	43237.51
264.29	43194.67
264.34	43146.49
264.39	43113.31
264.44	43060.25
264.49	43012.91
264.54	42962.78
264.59	42936.26
264.63	42897.14
264.68	42855.76
264.73	42803.47
264.78	42755.45
264.83	42695.67
264.88	42645.71
264.93	42619.99
264.97	42594.31
265.02	42568.46
265.07	42552.41
265.12	42520.28
265.17	42472.66
265.22	42433.12
265.27	42374.58
265.31	42311.71
265.36	42249.25
265.41	42189.05
265.46	42127.91
265.51	42059.72
265.56	41999.81
265.60	41949.20
265.65	41891.48
265.70	41833.79
265.75	41790.00
265.80	41737.97
265.85	41673.04
265.90	41621.16
265.94	41564.65
265.99	41500.06
266.04	41444.02
266.09	41405.71
266.14	41372.42
266.19	41335.60
266.23	41311.27
266.28	41274.63
266.33	41235.11
266.38	41193.70
266.43	41166.55
266.48	41142.04
266.52	41116.42
266.57	41085.50
266.62	41050.77
266.67	40998.98
266.72	40951.49
266.77	40917.53
266.81	40893.24
266.86	40861.31
266.91	40844.25
266.96	40805.71
267.01	40768.56
267.06	40718.83
267.10	40674.94
267.15	40615.16
267.20	40580.86
267.25	40538.14
267.30	40502.92
267.35	40465.59
267.39	40426.02
267.44	40394.73
267.49	40349.75
267.54	40301.94
267.59	40247.78
267.64	40200.31
267.68	40131.73
267.73	40079.93
267.78	40035.36
267.83	40008.01
267.88	39998.01
267.93	39995.38
267.97	39981.05
268.02	39949.99
268.07	39899.21
268.12	39841.25
268.17	39776.13
268.21	39728.08
268.26	39685.13
268.31	39644.94
268.36	39594.11
268.41	39546.72
268.46	39489.95
268.50	39451.40
268.55	39408.77
268.60	39355.67
268.65	39298.96
268.70	39221.47
268.74	39147.01
268.79	39077.54
268.84	39029.25
268.89	38986.69
268.94	38961.99
268.99	38921.45
269.03	38878.00
269.08	38827.95
269.13	38753.05
269.18	38672.56
269.23	38578.67
269.27	38477.60
269.32	38344.78
269.37	38222.15
269.42	38092.59
269.47	37952.71
269.51	37820.51
269.56	37694.81
269.61	37558.88
269.66	37408.96
269.71	37262.45
269.76	37106.55
269.80	36951.10
269.85	36794.57
269.90	36654.07
269.95	36505.47
270.00	36344.72
270.04	36195.54
270.09	36057.57
270.14	35919.20
270.19	35779.74
270.24	35653.65
270.28	35505.75
270.33	35339.06
270.38	35158.24
270.43	34987.89
270.48	34807.89
270.52	34646.43
270.57	34484.42
270.62	34328.70
270.67	34170.88
270.72	34016.70
270.76	33845.48
270.81	33683.19
270.86	33512.32
270.91	33344.24
270.96	33173.60
271.00	33012.44
271.05	32859.72
271.10	32720.79
271.15	32583.86
271.20	32458.52
271.24	32322.86
271.29	32184.80
271.34	32040.29
271.39	31890.99
271.44	31742.58
271.48	31606.01
271.53	31453.11
271.58	31312.04
271.63	31170.86
271.67	31026.67
271.72	30880.76
271.77	30742.17
271.82	30600.20
271.87	30462.97
271.91	30301.73
271.96	30162.84
272.01	30031.77
272.06	29899.16
272.11	29772.84
272.15	29670.62
272.20	29564.95
272.25	29466.77
272.30	29367.94
272.35	29263.81
272.39	29162.41
272.44	29036.06
272.49	28901.10
272.54	28760.80
272.58	28614.19
272.63	28455.09
272.68	28308.56
272.73	28149.19
272.78	27971.50
272.82	27771.69
272.87	27554.48
272.92	27269.74
272.97	26742.76
273.01	23799.83
273.06	18873.10
273.11	13440.58
273.16	8105.46
273.21	3051.84
273.25	460.64
273.30	-89.20
273.35	-89.13
