165.32	3385.17
165.38	-247.66
165.44	597.20
165.50	-76.85
165.55	-17.70
165.61	5.46
165.67	34.21
165.72	43.57
165.78	49.26
165.84	47.68
165.89	44.95
165.95	43.24
166.01	42.71
166.06	44.18
166.12	46.68
166.18	44.65
166.23	45.89
166.29	45.43
166.35	42.02
166.40	41.34
166.46	47.43
166.52	50.85
166.57	51.45
166.63	52.47
166.69	54.74
166.74	48.92
166.80	48.70
166.86	50.35
166.91	50.50
166.97	45.30
167.03	47.89
167.08	42.42
167.14	41.67
167.20	40.63
167.25	52.76
167.31	53.36
167.37	58.56
167.42	60.55
167.48	66.43
167.54	60.67
167.59	60.08
167.65	56.44
167.71	56.23
167.76	54.74
167.82	50.55
167.88	50.08
167.93	57.19
167.99	55.78
168.05	57.99
168.10	65.70
168.16	65.16
168.21	63.24
168.27	68.34
168.33	70.11
168.38	62.99
168.44	67.81
168.50	66.62
168.55	64.58
168.61	65.10
168.67	67.24
168.72	64.59
168.78	64.43
168.84	60.40
168.89	59.07
168.95	59.47
169.01	58.52
169.06	58.83
169.12	58.13
169.18	56.36
169.23	56.35
169.29	60.75
169.34	64.25
169.40	66.70
169.46	70.96
169.51	73.24
169.57	68.83
169.63	65.05
169.68	70.59
169.74	67.07
169.80	72.62
169.85	73.62
169.91	77.55
169.97	73.07
170.02	72.96
170.08	71.88
170.13	72.74
170.19	72.88
170.25	74.66
170.30	78.47
170.36	70.11
170.42	71.88
170.47	72.51
170.53	74.34
170.59	71.80
170.64	75.98
170.70	74.35
170.76	72.16
170.81	73.16
170.87	72.34
170.92	73.14
170.98	76.15
171.04	78.76
171.09	74.98
171.15	82.46
171.21	83.23
171.26	79.94
171.32	76.63
171.37	80.25
171.43	74.71
171.49	79.12
171.54	82.52
171.60	84.50
171.66	86.19
171.71	86.65
171.77	84.23
171.83	90.36
171.88	89.48
171.94	89.23
171.99	93.72
172.05	92.21
172.11	92.15
172.16	100.53
172.22	100.96
172.28	101.14
172.33	99.41
172.39	97.30
172.44	94.58
172.50	99.60
172.56	98.75
172.61	107.36
172.67	106.68
172.72	106.12
172.78	100.78
172.84	96.00
172.89	89.12
172.95	88.29
173.01	89.50
173.06	88.42
173.12	94.67
173.17	96.55
173.23	96.37
173.29	96.28
173.34	98.08
173.40	92.65
173.46	92.38
173.51	95.31
173.57	95.50
173.62	90.08
173.68	96.97
173.74	96.27
173.79	97.80
173.85	95.21
173.90	97.72
173.96	93.88
174.02	91.04
174.07	82.62
174.13	81.45
174.18	83.96
174.24	77.04
174.30	77.30
174.35	82.93
174.41	80.36
174.47	74.38
174.52	75.52
174.58	74.74
174.63	69.80
174.69	68.68
174.75	70.14
174.80	81.45
174.86	78.79
174.91	80.06
174.97	80.06
175.03	77.77
175.08	65.26
175.14	71.85
175.19	67.83
175.25	68.40
175.31	72.56
175.36	74.05
175.42	71.15
175.47	76.02
175.53	76.25
175.59	72.93
175.64	74.36
175.70	72.87
175.75	67.97
175.81	66.49
175.87	67.72
175.92	64.38
175.98	65.73
176.03	65.71
176.09	66.06
176.15	65.88
176.20	66.84
176.26	66.60
176.31	70.03
176.37	67.69
176.42	68.95
176.48	72.20
176.54	69.79
176.59	66.60
176.65	69.00
176.70	70.31
176.76	69.78
176.82	67.69
176.87	64.96
176.93	64.97
176.98	63.91
177.04	59.25
177.10	64.15
177.15	65.74
177.21	66.91
177.26	65.66
177.32	69.53
177.37	71.35
177.43	75.07
177.49	71.32
177.54	68.83
177.60	68.95
177.65	69.25
177.71	63.63
177.77	66.70
177.82	67.95
177.88	71.34
177.93	66.76
177.99	73.13
178.04	68.81
178.10	69.84
178.16	63.30
178.21	64.46
178.27	61.87
178.32	65.97
178.38	64.72
178.43	66.72
178.49	67.14
178.55	66.28
178.60	64.69
178.66	64.41
178.71	65.67
178.77	63.33
178.82	64.27
178.88	64.40
178.94	64.65
178.99	66.07
179.05	70.33
179.10	66.37
179.16	69.31
179.21	71.68
179.27	69.88
179.33	65.13
179.38	68.86
179.44	66.44
179.49	66.26
179.55	64.24
179.60	65.04
179.66	64.18
179.72	67.02
179.77	64.33
179.83	63.65
179.88	64.82
179.94	66.26
179.99	62.47
180.05	63.28
180.11	64.30
180.16	66.78
180.22	68.94
180.27	73.42
180.33	74.11
180.38	78.13
180.44	73.73
180.49	73.69
180.55	71.80
180.61	75.50
180.66	70.19
180.72	68.82
180.77	66.38
180.83	65.95
180.88	63.02
180.94	63.02
180.99	66.51
181.05	66.98
181.11	68.23
181.16	69.02
181.22	70.20
181.27	72.20
181.33	70.93
181.38	67.77
181.44	68.21
181.49	72.35
181.55	72.95
181.61	79.06
181.66	81.68
181.72	80.07
181.77	77.48
181.83	75.24
181.88	79.95
181.94	81.50
181.99	86.80
182.05	87.09
182.11	88.10
182.16	78.99
182.22	76.92
182.27	72.07
182.33	74.90
182.38	74.01
182.44	78.93
182.49	80.98
182.55	82.86
182.60	82.02
182.66	85.92
182.72	88.45
182.77	90.56
182.83	94.05
182.88	97.18
182.94	97.84
182.99	94.34
183.05	93.16
183.10	95.18
183.16	94.20
183.21	95.02
183.27	102.15
183.32	105.65
183.38	107.83
183.44	113.96
183.49	118.50
183.55	118.75
183.60	123.67
183.66	128.89
183.71	136.60
183.77	142.75
183.82	150.71
183.88	160.21
183.93	170.12
183.99	182.28
184.04	197.58
184.10	209.56
184.15	221.04
184.21	232.86
184.27	234.44
184.32	235.21
184.38	233.42
184.43	229.89
184.49	216.18
184.54	202.92
184.60	196.71
184.65	185.37
184.71	177.98
184.76	179.36
184.82	195.27
184.87	210.02
184.93	233.06
184.98	258.91
185.04	289.08
185.09	311.22
185.15	334.79
185.20	365.29
185.26	397.72
185.31	423.56
185.37	450.27
185.43	469.61
185.48	487.52
185.54	509.08
185.59	534.00
185.65	557.65
185.70	595.66
185.76	639.25
185.81	672.46
185.87	707.45
185.92	750.52
185.98	786.14
186.03	802.15
186.09	805.35
186.14	784.07
186.20	735.43
186.25	654.40
186.31	574.79
186.36	512.78
186.42	486.61
186.47	496.09
186.53	542.42
186.58	609.14
186.64	680.56
186.69	750.37
186.75	808.85
186.80	867.20
186.86	924.96
186.91	984.25
186.97	1039.09
187.02	1109.65
187.08	1176.89
187.13	1236.66
187.19	1302.57
187.24	1370.79
187.30	1424.66
187.35	1481.58
187.41	1552.48
187.47	1619.75
187.52	1677.54
187.58	1736.00
187.63	1804.59
187.69	1869.58
187.74	1921.25
187.80	1968.82
187.85	2014.19
187.91	2035.10
187.96	2021.36
188.02	1960.91
188.07	1856.47
188.13	1699.39
188.18	1531.93
188.24	1407.03
188.29	1345.84
188.35	1351.18
188.40	1428.06
188.46	1552.06
188.51	1673.81
188.57	1799.93
188.62	1921.93
188.67	2037.18
188.73	2144.56
188.78	2248.44
188.84	2351.35
188.89	2454.79
188.95	2558.25
189.00	2648.05
189.06	2744.59
189.11	2837.17
189.17	2917.02
189.22	2988.58
189.28	3075.48
189.33	3151.48
189.39	3214.25
189.44	3280.34
189.50	3355.21
189.55	3423.99
189.61	3478.08
189.66	3537.88
189.72	3595.61
189.77	3648.50
189.83	3676.08
189.88	3686.35
189.94	3656.82
189.99	3580.79
190.05	3430.54
190.10	3217.92
190.16	2973.12
190.21	2759.41
190.27	2621.57
190.32	2588.89
190.38	2659.61
190.43	2816.95
190.49	3001.74
190.54	3168.29
190.60	3320.33
190.65	3458.83
190.71	3583.69
190.76	3706.19
190.81	3827.06
190.87	3942.13
190.92	4062.75
190.98	4176.24
191.03	4282.68
191.09	4397.98
191.14	4501.58
191.20	4588.05
191.25	4685.85
191.31	4785.62
191.36	4871.13
191.42	4956.45
191.47	5049.25
191.53	5137.56
191.58	5210.26
191.64	5274.88
191.69	5335.19
191.75	5379.11
191.80	5409.00
191.85	5428.04
191.91	5448.18
191.96	5470.93
192.02	5501.97
192.07	5515.79
192.13	5511.25
192.18	5465.90
192.24	5348.94
192.29	5156.09
192.35	4936.90
192.40	4757.84
192.46	4650.62
192.51	4645.92
192.57	4740.07
192.62	4913.08
192.67	5093.61
192.73	5275.00
192.78	5438.82
192.84	5588.28
192.89	5722.77
192.95	5852.38
193.00	5961.26
193.06	6068.26
193.11	6176.34
193.17	6265.64
193.22	6349.26
193.28	6441.41
193.33	6517.01
193.38	6581.30
193.44	6652.11
193.49	6725.20
193.55	6781.81
193.60	6841.09
193.66	6894.40
193.71	6938.27
193.77	6963.79
193.82	6983.28
193.88	6999.47
193.93	7026.46
193.98	7055.65
194.04	7096.36
194.09	7144.19
194.15	7197.61
194.20	7243.06
194.26	7285.79
194.31	7328.09
194.37	7354.82
194.42	7364.59
194.47	7355.42
194.53	7313.11
194.58	7226.60
194.64	7119.28
194.69	7021.33
194.75	6954.62
194.80	6941.59
194.86	6982.47
194.91	7074.20
194.97	7182.15
195.02	7293.37
195.07	7398.73
195.13	7504.08
195.18	7616.54
195.24	7724.43
195.29	7832.51
195.35	7934.97
195.40	8042.33
195.46	8124.03
195.51	8208.25
195.56	8287.17
195.62	8361.97
195.67	8418.89
195.73	8484.80
195.78	8538.17
195.84	8580.44
195.89	8613.60
195.94	8647.71
196.00	8680.05
196.05	8713.90
196.11	8758.36
196.16	8807.31
196.22	8865.13
196.27	8920.04
196.32	8975.08
196.38	9022.36
196.43	9068.30
196.49	9100.53
196.54	9136.76
196.60	9177.57
196.65	9218.45
196.71	9258.88
196.76	9307.21
196.81	9345.84
196.87	9378.23
196.92	9407.63
196.98	9429.99
197.03	9439.11
197.09	9435.58
197.14	9432.97
197.19	9434.61
197.25	9447.02
197.30	9473.09
197.36	9524.55
197.41	9588.26
197.47	9650.03
197.52	9711.43
197.57	9778.91
197.63	9834.77
197.68	9886.05
197.74	9937.05
197.79	9988.09
197.84	10031.87
197.90	10079.52
197.95	10119.27
198.01	10163.30
198.06	10205.01
198.12	10250.58
198.17	10289.36
198.22	10332.03
198.28	10369.41
198.33	10412.50
198.39	10451.14
198.44	10497.58
198.49	10546.45
198.55	10593.01
198.60	10639.83
198.66	10683.35
198.71	10731.64
198.77	10773.54
198.82	10825.10
198.87	10868.04
198.93	10918.72
198.98	10963.65
199.04	11011.06
199.09	11045.18
199.14	11088.52
199.20	11127.16
199.25	11165.98
199.31	11209.01
199.36	11259.94
199.42	11303.45
199.47	11343.53
199.52	11386.00
199.58	11422.07
199.63	11451.34
199.69	11479.86
199.74	11517.09
199.79	11540.46
199.85	11569.55
199.90	11608.41
199.96	11651.50
200.01	11696.82
200.06	11748.02
200.12	11798.97
200.17	11850.01
200.23	11903.26
200.28	11942.52
200.33	11995.23
200.39	12038.68
200.44	12079.70
200.50	12117.06
200.55	12157.50
200.60	12192.58
200.66	12230.85
200.71	12266.68
200.77	12307.80
200.82	12350.36
200.87	12386.41
200.93	12425.00
200.98	12465.74
201.04	12503.95
201.09	12548.95
201.14	12603.30
201.20	12655.09
201.25	12711.66
201.31	12767.29
201.36	12823.81
201.41	12876.69
201.47	12934.01
201.52	12983.68
201.58	13047.14
201.63	13097.87
201.68	13148.04
201.74	13190.95
201.79	13238.05
201.84	13285.72
201.90	13330.45
201.95	13379.75
202.01	13437.83
202.06	13493.36
202.11	13535.09
202.17	13584.51
202.22	13629.75
202.28	13670.13
202.33	13711.34
202.38	13745.73
202.44	13787.58
202.49	13829.99
202.54	13877.27
202.60	13924.55
202.65	13976.28
202.71	14023.20
202.76	14066.50
202.81	14103.95
202.87	14155.48
202.92	14203.30
202.98	14254.16
203.03	14307.51
203.08	14365.12
203.14	14409.10
203.19	14460.82
203.24	14513.76
203.30	14569.04
203.35	14616.85
203.41	14669.59
203.46	14718.25
203.51	14767.19
203.57	14803.37
203.62	14855.70
203.67	14902.60
203.73	14946.09
203.78	14988.80
203.84	15037.90
203.89	15074.91
203.94	15118.50
204.00	15169.99
204.05	15221.62
204.10	15268.18
204.16	15311.50
204.21	15358.58
204.27	15394.26
204.32	15428.52
204.37	15473.32
204.43	15517.19
204.48	15551.42
204.53	15594.20
204.59	15641.97
204.64	15698.43
204.69	15762.29
204.75	15830.90
204.80	15903.94
204.86	15968.03
204.91	16023.77
204.96	16082.99
205.02	16129.47
205.07	16177.53
205.12	16237.75
205.18	16304.25
205.23	16366.71
205.28	16441.33
205.34	16505.31
205.39	16565.10
205.45	16621.79
205.50	16678.83
205.55	16733.61
205.61	16797.31
205.66	16852.32
205.71	16913.39
205.77	16977.67
205.82	17035.88
205.87	17090.79
205.93	17144.13
205.98	17189.69
206.03	17228.95
206.09	17275.41
206.14	17323.24
206.20	17376.05
206.25	17430.69
206.30	17493.15
206.36	17552.64
206.41	17611.07
206.46	17666.99
206.52	17714.21
206.57	17758.34
206.62	17804.52
206.68	17852.74
206.73	17903.14
206.78	17960.64
206.84	18014.10
206.89	18071.34
206.94	18130.07
207.00	18199.91
207.05	18265.60
207.11	18333.13
207.16	18393.27
207.21	18457.48
207.27	18508.75
207.32	18564.82
207.37	18621.53
207.43	18676.95
207.48	18723.83
207.53	18775.74
207.59	18825.25
207.64	18879.78
207.69	18949.11
207.75	19022.95
207.80	19082.51
207.85	19147.66
207.91	19204.71
207.96	19252.19
208.01	19299.57
208.07	19353.10
208.12	19406.12
208.17	19457.93
208.23	19509.10
208.28	19560.54
208.33	19622.24
208.39	19683.70
208.44	19753.38
208.49	19820.00
208.55	19877.92
208.60	19927.74
208.65	19980.87
208.71	20028.33
208.76	20077.66
208.81	20134.23
208.87	20203.30
208.92	20259.71
208.97	20319.48
209.03	20386.72
209.08	20455.13
209.13	20512.14
209.19	20572.92
209.24	20629.42
209.29	20686.27
209.35	20736.10
209.40	20797.70
209.45	20863.49
209.51	20933.76
209.56	20995.60
209.61	21062.05
209.67	21122.64
209.72	21182.41
209.77	21238.58
209.83	21304.71
209.88	21374.42
209.93	21442.50
209.99	21502.04
210.04	21568.57
210.09	21631.14
210.15	21689.29
210.20	21750.67
210.25	21816.86
210.31	21876.62
210.36	21928.38
210.41	21978.97
210.46	22029.19
210.52	22081.80
210.57	22134.21
210.62	22192.29
210.68	22260.02
210.73	22317.20
210.78	22381.37
210.84	22449.80
210.89	22514.14
210.94	22569.65
211.00	22632.21
211.05	22681.84
211.10	22739.29
211.16	22794.92
211.21	22863.33
211.26	22927.31
211.32	23004.45
211.37	23063.24
211.42	23132.10
211.47	23196.56
211.53	23260.49
211.58	23315.54
211.63	23375.58
211.69	23431.41
211.74	23476.91
211.79	23529.85
211.85	23593.82
211.90	23659.55
211.95	23729.00
212.01	23804.07
212.06	23881.40
212.11	23948.97
212.16	24024.31
212.22	24094.08
212.27	24158.79
212.32	24221.78
212.38	24289.41
212.43	24355.52
212.48	24423.74
212.54	24489.32
212.59	24562.45
212.64	24626.82
212.69	24682.98
212.75	24745.64
212.80	24809.62
212.85	24871.94
212.91	24922.50
212.96	24981.37
213.01	25042.35
213.07	25104.76
213.12	25165.98
213.17	25236.80
213.22	25302.46
213.28	25365.19
213.33	25417.64
213.38	25472.38
213.44	25531.57
213.49	25601.83
213.54	25675.42
213.60	25761.01
213.65	25838.16
213.70	25916.50
213.75	25982.09
213.81	26033.05
213.86	26088.97
213.91	26142.67
213.97	26194.99
214.02	26242.26
214.07	26293.83
214.12	26344.31
214.18	26402.79
214.23	26466.51
214.28	26536.09
214.34	26601.48
214.39	26668.41
214.44	26722.16
214.49	26761.54
214.55	26798.46
214.60	26833.40
214.65	26865.53
214.71	26896.04
214.76	26950.57
214.81	27020.40
214.86	27115.34
214.92	27202.97
214.97	27304.16
215.02	27394.63
215.08	27471.20
215.13	27544.09
215.18	27606.91
215.23	27670.45
215.29	27736.59
215.34	27810.50
215.39	27887.30
215.45	27979.70
215.50	28070.39
215.55	28152.74
215.60	28231.11
215.66	28282.66
215.71	28337.05
215.76	28395.32
215.81	28456.06
215.87	28513.94
215.92	28579.24
215.97	28635.68
216.03	28691.19
216.08	28742.74
216.13	28795.12
216.18	28849.79
216.24	28912.81
216.29	28969.39
216.34	29026.25
216.39	29097.27
216.45	29157.49
216.50	29214.68
216.55	29270.01
216.61	29342.05
216.66	29396.07
216.71	29460.15
216.76	29526.84
216.82	29602.35
216.87	29665.31
216.92	29734.07
216.97	29803.47
217.03	29873.50
217.08	29945.27
217.13	30021.03
217.18	30096.01
217.24	30167.35
217.29	30235.35
217.34	30284.79
217.39	30332.93
217.45	30379.23
217.50	30431.08
217.55	30487.46
217.61	30560.41
217.66	30627.28
217.71	30694.62
217.76	30771.00
217.82	30849.93
217.87	30923.65
217.92	30997.32
217.97	31070.79
218.03	31132.90
218.08	31178.61
218.13	31217.84
218.18	31269.25
218.24	31334.93
218.29	31392.46
218.34	31456.75
218.39	31528.77
218.45	31596.58
218.50	31651.28
218.55	31711.90
218.60	31776.00
218.66	31831.67
218.71	31892.22
218.76	31954.17
218.81	32014.59
218.87	32078.45
218.92	32149.15
218.97	32218.17
219.02	32284.91
219.08	32356.96
219.13	32428.57
219.18	32489.35
219.23	32541.80
219.29	32602.43
219.34	32665.21
219.39	32729.28
219.44	32795.56
219.50	32875.05
219.55	32940.96
219.60	33004.87
219.65	33066.65
219.71	33134.30
219.76	33181.70
219.81	33236.30
219.86	33294.72
219.92	33340.84
219.97	33392.97
220.02	33447.16
220.07	33505.67
220.13	33564.56
220.18	33639.30
220.23	33704.64
220.28	33784.17
220.33	33863.93
220.39	33921.25
220.44	33975.55
220.49	34033.12
220.54	34081.97
220.60	34126.79
220.65	34194.39
220.70	34257.80
220.75	34336.18
220.81	34415.58
220.86	34492.28
220.91	34555.63
220.96	34627.35
221.02	34688.99
221.07	34758.07
221.12	34821.96
221.17	34884.63
221.22	34940.67
221.28	34991.30
221.33	35049.01
221.38	35101.17
221.43	35174.30
221.49	35238.96
221.54	35310.13
221.59	35373.63
221.64	35462.72
221.69	35548.55
221.75	35650.09
221.80	35746.80
221.85	35823.33
221.90	35886.93
221.96	35939.05
222.01	35974.49
222.06	36012.91
222.11	36065.40
222.17	36105.54
222.22	36137.55
222.27	36184.70
222.32	36231.62
222.37	36272.15
222.43	36335.49
222.48	36407.80
222.53	36481.48
222.58	36557.35
222.63	36635.11
222.69	36701.45
222.74	36776.51
222.79	36834.20
222.84	36878.28
222.90	36933.15
222.95	36981.77
223.00	37023.18
223.05	37081.25
223.10	37147.41
223.16	37207.72
223.21	37260.10
223.26	37299.57
223.31	37336.78
223.36	37364.98
223.42	37398.60
223.47	37433.92
223.52	37488.37
223.57	37537.56
223.63	37599.03
223.68	37650.46
223.73	37729.96
223.78	37801.46
223.83	37862.57
223.89	37920.58
223.94	37989.93
223.99	38052.22
224.04	38120.43
224.09	38204.08
224.15	38293.55
224.20	38373.54
224.25	38458.65
224.30	38542.15
224.35	38625.97
224.41	38724.51
224.46	38824.02
224.51	38904.43
224.56	38989.36
224.61	39069.98
224.67	39141.65
224.72	39215.06
224.77	39309.02
224.82	39397.49
224.87	39487.91
224.93	39561.48
224.98	39643.48
225.03	39729.57
225.08	39812.33
225.13	39897.35
225.19	40000.29
225.24	40088.77
225.29	40165.15
225.34	40247.27
225.39	40329.18
225.45	40407.69
225.50	40492.09
225.55	40580.50
225.60	40664.71
225.65	40756.45
225.71	40847.88
225.76	40939.07
225.81	41024.53
225.86	41116.12
225.91	41200.08
225.97	41276.16
226.02	41351.47
226.07	41414.47
226.12	41472.29
226.17	41524.79
226.22	41590.21
226.28	41670.89
226.33	41770.64
226.38	41857.93
226.43	41952.83
226.48	42027.55
226.54	42091.28
226.59	42164.42
226.64	42238.82
226.69	42294.73
226.74	42365.18
226.80	42427.61
226.85	42476.37
226.90	42526.75
226.95	42603.72
227.00	42676.80
227.05	42764.39
227.11	42857.12
227.16	42957.50
227.21	43034.69
227.26	43122.79
227.31	43192.41
227.37	43246.76
227.42	43316.26
227.47	43389.81
227.52	43455.79
227.57	43520.64
227.62	43610.50
227.68	43678.09
227.73	43764.52
227.78	43849.14
227.83	43937.54
227.88	44000.61
227.93	44075.30
227.99	44156.51
228.04	44227.37
228.09	44311.30
228.14	44386.36
228.19	44461.08
228.24	44521.03
228.30	44586.17
228.35	44646.47
228.40	44715.41
228.45	44777.18
228.50	44848.20
228.56	44917.33
228.61	44975.85
228.66	45036.68
228.71	45094.12
228.76	45136.20
228.81	45179.00
228.87	45230.20
228.92	45291.76
228.97	45358.17
229.02	45448.66
229.07	45524.76
229.12	45604.20
229.17	45671.61
229.23	45745.41
229.28	45818.38
229.33	45898.90
229.38	45975.90
229.43	46057.13
229.48	46140.32
229.54	46199.94
229.59	46271.62
229.64	46339.66
229.69	46413.79
229.74	46498.26
229.79	46569.92
229.85	46645.41
229.90	46718.21
229.95	46783.12
230.00	46835.97
230.05	46913.81
230.10	46975.92
230.16	47045.22
230.21	47104.55
230.26	47154.50
230.31	47194.41
230.36	47249.73
230.41	47305.61
230.46	47394.37
230.52	47494.25
230.57	47577.89
230.62	47664.57
230.67	47732.27
230.72	47782.57
230.77	47819.99
230.82	47877.62
230.88	47913.64
230.93	47966.42
230.98	48012.05
231.03	48071.95
231.08	48122.75
231.13	48175.46
231.19	48243.09
231.24	48311.55
231.29	48382.35
231.34	48461.86
231.39	48540.75
231.44	48602.13
231.49	48652.54
231.55	48697.07
231.60	48729.46
231.65	48786.20
231.70	48835.57
231.75	48886.05
231.80	48934.38
231.85	48995.79
231.91	49034.48
231.96	49077.44
232.01	49143.69
232.06	49212.80
232.11	49274.94
232.16	49348.71
232.21	49436.67
232.26	49525.33
232.32	49606.07
232.37	49684.68
232.42	49753.63
232.47	49799.60
232.52	49843.26
232.57	49896.70
232.62	49953.99
232.68	50011.55
232.73	50093.10
232.78	50168.70
232.83	50239.10
232.88	50301.52
232.93	50375.88
232.98	50444.20
233.03	50505.35
233.09	50573.19
233.14	50646.83
233.19	50700.42
233.24	50747.88
233.29	50789.19
233.34	50809.51
233.39	50833.87
233.45	50866.90
233.50	50911.36
233.55	50955.70
233.60	51025.49
233.65	51085.37
233.70	51145.65
233.75	51188.41
233.80	51245.58
233.86	51301.99
233.91	51353.30
233.96	51400.09
234.01	51463.65
234.06	51519.21
234.11	51578.37
234.16	51635.98
234.21	51699.65
234.26	51739.40
234.32	51776.69
234.37	51801.27
234.42	51835.21
234.47	51849.19
234.52	51884.33
234.57	51922.52
234.62	51962.09
234.67	52003.06
234.73	52072.60
234.78	52129.07
234.83	52178.91
234.88	52232.26
234.93	52274.62
234.98	52308.53
235.03	52349.48
235.08	52404.10
235.13	52460.48
235.19	52537.60
235.24	52596.96
235.29	52656.99
235.34	52703.47
235.39	52735.69
235.44	52757.40
235.49	52800.57
235.54	52839.38
235.59	52863.17
235.65	52891.87
235.70	52926.34
235.75	52958.48
235.80	53010.34
235.85	53068.89
235.90	53118.44
235.95	53149.61
236.00	53185.57
236.05	53204.75
236.11	53235.85
236.16	53266.56
236.21	53314.84
236.26	53347.40
236.31	53377.42
236.36	53398.84
236.41	53417.93
236.46	53424.04
236.51	53441.14
236.56	53463.26
236.62	53486.43
236.67	53525.36
236.72	53572.82
236.77	53601.43
236.82	53636.77
236.87	53658.31
236.92	53676.38
236.97	53705.10
237.02	53750.77
237.07	53804.67
237.13	53876.07
237.18	53942.37
237.23	53995.72
237.28	54036.16
237.33	54069.03
237.38	54089.38
237.43	54104.64
237.48	54112.92
237.53	54139.94
237.58	54166.04
237.63	54213.77
237.69	54253.20
237.74	54300.35
237.79	54339.80
237.84	54347.65
237.89	54348.07
237.94	54357.78
237.99	54379.89
238.04	54395.33
238.09	54427.97
238.14	54454.70
238.19	54479.94
238.25	54494.27
238.30	54484.14
238.35	54484.82
238.40	54492.44
238.45	54496.57
238.50	54496.41
238.55	54510.40
238.60	54526.50
238.65	54537.54
238.70	54556.20
238.75	54572.45
238.80	54601.27
238.86	54617.08
238.91	54642.77
238.96	54668.05
239.01	54707.71
239.06	54743.37
239.11	54777.95
239.16	54800.55
239.21	54810.90
239.26	54802.07
239.31	54805.80
239.36	54813.81
239.41	54829.98
239.46	54857.89
239.52	54892.92
239.57	54917.89
239.62	54933.84
239.67	54948.88
239.72	54968.35
239.77	54988.25
239.82	55001.34
239.87	55012.42
239.92	55018.95
239.97	55010.49
240.02	54993.66
240.07	54982.05
240.12	54979.06
240.17	54985.05
240.23	54989.86
240.28	54991.05
240.33	55004.60
240.38	55007.66
240.43	55006.18
240.48	55026.72
240.53	55049.28
240.58	55068.94
240.63	55100.81
240.68	55118.68
240.73	55110.57
240.78	55109.35
240.83	55103.34
240.88	55079.17
240.93	55062.36
240.98	55061.05
241.04	55067.45
241.09	55089.81
241.14	55116.69
241.19	55162.67
241.24	55190.97
241.29	55217.06
241.34	55228.75
241.39	55248.78
241.44	55250.92
241.49	55257.39
241.54	55248.93
241.59	55237.57
241.64	55233.99
241.69	55217.64
241.74	55205.75
241.79	55203.46
241.84	55194.08
241.90	55173.61
241.95	55151.50
242.00	55130.19
242.05	55102.55
242.10	55093.33
242.15	55072.73
242.20	55067.81
242.25	55063.27
242.30	55060.42
242.35	55049.37
242.40	55050.24
242.45	55050.30
242.50	55047.91
242.55	55053.62
242.60	55051.67
242.65	55051.04
242.70	55055.17
242.75	55072.36
242.80	55106.64
242.85	55136.54
242.91	55148.33
242.96	55143.89
243.01	55134.10
243.06	55104.42
243.11	55069.43
243.16	55050.74
243.21	55047.64
243.26	55052.47
243.31	55060.46
243.36	55078.58
243.41	55095.35
243.46	55097.79
243.51	55066.55
243.56	55016.17
243.61	54957.83
243.66	54918.26
243.71	54889.44
243.76	54893.05
243.81	54914.68
243.86	54929.60
243.91	54935.80
243.96	54932.00
244.01	54903.93
244.06	54873.24
244.12	54857.82
244.17	54834.65
244.22	54832.29
244.27	54858.83
244.32	54891.02
244.37	54910.82
244.42	54918.03
244.47	54901.55
244.52	54877.77
244.57	54835.36
244.62	54799.29
244.67	54778.97
244.72	54766.27
244.77	54757.97
244.82	54774.45
244.87	54817.95
244.92	54841.37
244.97	54860.28
245.02	54865.36
245.07	54846.14
245.12	54820.93
245.17	54812.28
245.22	54814.09
245.27	54800.35
245.32	54770.89
245.37	54730.39
245.42	54682.44
245.47	54633.11
245.52	54591.56
245.57	54575.11
245.62	54552.67
245.67	54548.49
245.72	54534.46
245.77	54513.47
245.82	54493.39
245.87	54502.85
245.92	54500.73
245.98	54491.00
246.03	54495.84
246.08	54514.74
246.13	54505.49
246.18	54512.09
246.23	54516.51
246.28	54506.41
246.33	54481.45
246.38	54448.55
246.43	54410.18
246.48	54391.79
246.53	54397.48
246.58	54404.02
246.63	54420.26
246.68	54411.10
246.73	54382.09
246.78	54351.94
246.83	54303.21
246.88	54245.54
246.93	54194.72
246.98	54156.23
247.03	54121.57
247.08	54111.39
247.13	54107.11
247.18	54115.68
247.23	54140.26
247.28	54147.95
247.33	54132.62
247.38	54110.33
247.43	54086.86
247.48	54064.26
247.53	54034.20
247.58	53999.25
247.63	53971.35
247.68	53934.01
247.73	53878.59
247.78	53837.60
247.83	53811.26
247.88	53790.41
247.93	53780.38
247.98	53781.35
248.03	53788.79
248.08	53802.61
248.13	53804.37
248.18	53796.04
248.23	53791.26
248.28	53756.97
248.33	53719.15
248.38	53683.70
248.43	53660.53
248.48	53630.05
248.53	53618.04
248.58	53599.89
248.63	53600.66
248.68	53580.26
248.73	53554.45
248.78	53518.83
248.83	53476.62
248.88	53404.05
248.93	53334.21
248.98	53261.72
249.03	53225.12
249.08	53198.66
249.13	53197.95
249.18	53190.41
249.23	53206.23
249.28	53193.88
249.33	53188.22
249.38	53168.76
249.43	53157.61
249.48	53131.61
249.53	53117.12
249.58	53092.90
249.63	53075.46
249.68	53058.02
249.73	53042.99
249.78	53020.30
249.83	53011.64
249.88	52984.18
249.93	52974.75
249.98	52962.63
250.03	52961.37
250.08	52930.57
250.13	52918.04
250.18	52891.20
250.23	52853.55
250.28	52794.68
250.33	52747.89
250.37	52706.54
250.42	52664.04
250.47	52636.03
250.52	52622.53
250.57	52606.07
250.62	52576.14
250.67	52546.15
250.72	52523.60
250.77	52474.23
250.82	52452.62
250.87	52445.35
250.92	52443.18
250.97	52414.92
251.02	52418.09
251.07	52415.87
251.12	52393.37
251.17	52363.61
251.22	52340.54
251.27	52309.83
251.32	52266.12
251.37	52209.50
251.42	52153.37
251.47	52112.00
251.52	52083.98
251.57	52060.90
251.62	52054.93
251.67	52052.39
251.72	52033.57
251.77	52000.32
251.82	51954.94
251.87	51911.35
251.92	51862.33
251.97	51798.15
252.02	51750.14
252.07	51721.47
252.12	51714.80
252.16	51709.73
252.21	51720.38
252.26	51723.22
252.31	51720.65
252.36	51705.91
252.41	51685.76
252.46	51668.80
252.51	51641.00
252.56	51619.41
252.61	51593.56
252.66	51564.51
252.71	51532.90
252.76	51515.48
252.81	51465.42
252.86	51404.41
252.91	51360.74
252.96	51295.55
253.01	51221.71
253.06	51168.78
253.11	51122.47
253.16	51071.26
253.21	51032.14
253.26	50997.19
253.31	50960.66
253.36	50939.22
253.40	50916.14
253.45	50905.10
253.50	50867.48
253.55	50837.15
253.60	50790.65
253.65	50744.82
253.70	50709.25
253.75	50697.00
253.80	50677.67
253.85	50674.03
253.90	50684.26
253.95	50678.85
254.00	50670.62
254.05	50654.87
254.10	50620.13
254.15	50577.63
254.20	50547.69
254.25	50504.39
254.30	50471.17
254.35	50427.82
254.39	50364.91
254.44	50278.89
254.49	50205.16
254.54	50170.23
254.59	50143.10
254.64	50142.81
254.69	50142.95
254.74	50143.90
254.79	50118.84
254.84	50079.77
254.89	50052.24
254.94	50041.75
254.99	50029.60
255.04	50005.29
255.09	50009.12
255.14	49982.81
255.19	49963.42
255.23	49952.24
255.28	49948.92
255.33	49929.43
255.38	49919.61
255.43	49909.54
255.48	49886.30
255.53	49843.82
255.58	49821.28
255.63	49785.91
255.68	49730.57
255.73	49688.88
255.78	49658.89
255.83	49624.53
255.88	49602.79
255.93	49573.89
255.97	49548.95
256.02	49513.92
256.07	49476.08
256.12	49404.32
256.17	49362.09
256.22	49309.14
256.27	49266.18
256.32	49214.96
256.37	49202.51
256.42	49184.50
256.47	49159.88
256.52	49133.42
256.57	49115.65
256.62	49095.30
256.66	49079.15
256.71	49046.06
256.76	49009.41
256.81	48964.90
256.86	48914.61
256.91	48862.34
256.96	48823.24
257.01	48789.23
257.06	48762.72
257.11	48727.36
257.16	48671.59
257.21	48634.40
257.26	48598.13
257.30	48560.79
257.35	48519.55
257.40	48501.17
257.45	48486.16
257.50	48457.00
257.55	48419.96
257.60	48398.70
257.65	48372.45
257.70	48328.80
257.75	48294.40
257.80	48268.62
257.85	48237.28
257.89	48187.85
257.94	48133.51
257.99	48075.05
258.04	48017.95
258.09	47971.02
258.14	47947.70
258.19	47934.65
258.24	47918.18
258.29	47881.02
258.34	47840.98
258.39	47807.10
258.44	47747.26
258.48	47696.64
258.53	47661.55
258.58	47622.78
258.63	47570.14
258.68	47529.85
258.73	47488.75
258.78	47449.03
258.83	47404.00
258.88	47362.87
258.93	47332.08
258.97	47301.85
259.02	47275.83
259.07	47258.48
259.12	47242.21
259.17	47225.65
259.22	47210.84
259.27	47183.83
259.32	47156.63
259.37	47114.99
259.42	47073.04
259.47	47024.71
259.51	46977.03
259.56	46919.51
259.61	46847.02
259.66	46766.50
259.71	46695.40
259.76	46634.36
259.81	46573.06
259.86	46539.81
259.91	46509.58
259.95	46484.24
260.00	46453.13
260.05	46438.08
260.10	46415.92
260.15	46403.65
260.20	46385.84
260.25	46386.45
260.30	46376.02
260.35	46350.11
260.40	46317.49
260.44	46290.23
260.49	46267.01
260.54	46234.25
260.59	46209.76
260.64	46201.91
260.69	46194.09
260.74	46151.88
260.79	46113.07
260.84	46066.98
260.88	46005.15
260.93	45939.78
260.98	45905.31
261.03	45862.48
261.08	45837.63
261.13	45807.57
261.18	45766.70
261.23	45702.21
261.28	45656.41
261.32	45613.58
261.37	45565.61
261.42	45531.21
261.47	45511.65
261.52	45478.31
261.57	45433.00
261.62	45396.83
261.67	45346.81
261.71	45279.36
261.76	45234.81
261.81	45182.22
261.86	45128.21
261.91	45087.27
261.96	45052.34
262.01	45009.41
262.06	44987.14
262.10	44973.64
262.15	44951.75
262.20	44942.47
262.25	44921.37
262.30	44894.30
262.35	44870.85
262.40	44844.54
262.45	44804.01
262.49	44775.75
262.54	44745.42
262.59	44714.32
262.64	44680.10
262.69	44645.70
262.74	44599.16
262.79	44548.36
262.84	44495.96
262.88	44454.10
262.93	44405.24
262.98	44369.43
263.03	44329.34
263.08	44276.95
263.13	44212.58
263.18	44156.62
263.23	44089.79
263.27	44042.87
263.32	44013.35
263.37	43989.69
263.42	43965.97
263.47	43939.87
263.52	43911.94
263.57	43869.99
263.61	43834.23
263.66	43795.83
263.71	43762.18
263.76	43729.97
263.81	43683.54
263.86	43649.64
263.91	43607.05
263.95	43550.32
264.00	43487.11
264.05	43441.70
264.10	43371.46
264.15	43305.62
264.20	43268.53
264.25	43229.46
264.29	43189.87
264.34	43140.45
264.39	43111.13
264.44	43054.64
264.49	43003.05
264.54	42957.77
264.59	42932.06
264.63	42884.96
264.68	42840.52
264.73	42793.05
264.78	42746.61
264.83	42686.18
264.88	42643.50
264.93	42620.89
264.97	42592.12
265.02	42563.92
265.07	42548.46
265.12	42510.40
265.17	42464.08
265.22	42424.63
265.27	42367.93
265.31	42303.08
265.36	42247.54
265.41	42189.36
265.46	42127.90
265.51	42058.09
265.56	41995.33
265.60	41939.41
265.65	41884.19
265.70	41827.61
265.75	41785.51
265.80	41737.82
265.85	41681.55
265.90	41623.58
265.94	41566.86
265.99	41499.19
266.04	41450.98
266.09	41408.25
266.14	41366.90
266.19	41329.08
266.23	41299.50
266.28	41251.65
266.33	41219.54
266.38	41192.68
266.43	41172.86
266.48	41157.28
266.52	41140.66
266.57	41099.19
266.62	41060.07
266.67	41007.26
266.72	40958.50
266.77	40921.00
266.81	40895.13
266.86	40862.10
266.91	40834.64
266.96	40790.04
267.01	40745.63
267.06	40693.56
267.10	40649.82
267.15	40598.02
267.20	40571.10
267.25	40538.30
267.30	40514.56
267.35	40478.52
267.39	40444.91
267.44	40400.38
267.49	40348.12
267.54	40285.85
267.59	40233.85
267.64	40180.93
267.68	40119.09
267.73	40069.59
267.78	40033.31
267.83	40008.69
267.88	39999.05
267.93	39999.34
267.97	39986.34
268.02	39950.35
268.07	39903.64
268.12	39842.84
268.17	39773.37
268.21	39723.95
268.26	39683.77
268.31	39640.46
268.36	39598.89
268.41	39556.35
268.46	39504.40
268.50	39460.40
268.55	39411.23
268.60	39346.57
268.65	39283.80
268.70	39211.80
268.74	39149.26
268.79	39074.82
268.84	39024.54
268.89	38985.45
268.94	38952.50
268.99	38913.49
269.03	38876.59
269.08	38826.33
269.13	38751.83
269.18	38670.51
269.23	38570.93
269.27	38464.81
269.32	38336.67
269.37	38217.54
269.42	38090.09
269.47	37954.78
269.51	37814.67
269.56	37683.23
269.61	37543.88
269.66	37389.95
269.71	37236.92
269.76	37091.09
269.80	36939.98
269.85	36783.49
269.90	36645.55
269.95	36506.02
270.00	36350.33
270.04	36204.83
270.09	36065.50
270.14	35920.68
270.19	35783.15
270.24	35652.00
270.28	35494.13
270.33	35326.03
270.38	35154.27
270.43	34969.51
270.48	34794.57
270.52	34642.37
270.57	34483.46
270.62	34324.43
270.67	34179.41
270.72	34024.09
270.76	33846.22
270.81	33679.07
270.86	33506.91
270.91	33328.77
270.96	33154.59
271.00	33002.06
271.05	32851.78
271.10	32716.18
271.15	32587.98
271.20	32469.60
271.24	32326.51
271.29	32184.74
271.34	32031.18
271.39	31875.67
271.44	31722.14
271.48	31590.61
271.53	31448.62
271.58	31308.50
271.63	31164.24
271.67	31015.52
271.72	30869.34
271.77	30725.16
271.82	30589.93
271.87	30452.49
271.91	30296.62
271.96	30153.00
272.01	30017.85
272.06	29886.10
272.11	29766.08
272.15	29662.03
272.20	29554.59
272.25	29458.85
272.30	29357.19
272.35	29248.64
272.39	29146.30
272.44	29024.47
272.49	28885.50
272.54	28749.04
272.58	28603.64
272.63	28447.83
272.68	28301.45
272.73	28145.23
272.78	27970.64
272.82	27773.78
272.87	27550.75
272.92	27273.45
272.97	26749.53
273.01	23802.09
273.06	18875.14
273.11	13446.31
273.16	8104.88
273.21	3051.76
273.25	461.49
273.30	-88.60
273.35	-89.45
