165.32	3385.00
165.38	-248.22
165.44	597.11
165.50	-76.58
165.55	-17.37
165.61	5.26
165.67	33.57
165.72	42.73
165.78	48.08
165.84	46.94
165.89	44.23
165.95	42.93
166.01	42.52
166.06	44.41
166.12	46.55
166.18	44.69
166.23	46.42
166.29	45.61
166.35	41.74
166.40	40.69
166.46	47.23
166.52	49.48
166.57	50.60
166.63	51.53
166.69	54.11
166.74	47.89
166.80	48.63
166.86	50.48
166.91	51.05
166.97	44.93
167.03	47.72
167.08	41.52
167.14	40.71
167.20	38.88
167.25	51.98
167.31	52.43
167.37	58.37
167.42	59.73
167.48	65.60
167.54	59.98
167.59	59.28
167.65	55.18
167.71	55.50
167.76	54.75
167.82	50.18
167.88	49.98
167.93	57.65
167.99	56.65
168.05	58.50
168.10	66.62
168.16	66.13
168.21	63.98
168.27	68.22
168.33	70.16
168.38	62.77
168.44	67.27
168.50	65.82
168.55	64.33
168.61	64.69
168.67	66.50
168.72	63.90
168.78	64.28
168.84	59.99
168.89	58.75
168.95	59.42
169.01	58.88
169.06	58.29
169.12	57.66
169.18	55.80
169.23	55.79
169.29	60.08
169.34	64.27
169.40	67.05
169.46	71.45
169.51	73.81
169.57	69.20
169.63	65.21
169.68	70.22
169.74	66.72
169.80	72.19
169.85	73.86
169.91	77.94
169.97	73.85
170.02	73.48
170.08	72.63
170.13	72.78
170.19	73.06
170.25	74.56
170.30	78.71
170.36	70.33
170.42	72.20
170.47	72.62
170.53	73.93
170.59	70.89
170.64	74.51
170.70	73.02
170.76	70.45
170.81	72.38
170.87	71.80
170.92	72.60
170.98	75.27
171.04	77.85
171.09	73.92
171.15	81.18
171.21	82.48
171.26	79.81
171.32	77.17
171.37	80.33
171.43	75.10
171.49	79.00
171.54	81.82
171.60	83.18
171.66	85.78
171.71	86.52
171.77	84.35
171.83	90.70
171.88	90.08
171.94	88.81
171.99	92.71
172.05	91.82
172.11	92.56
172.16	101.33
172.22	102.14
172.28	102.58
172.33	100.74
172.39	97.77
172.44	94.30
172.50	98.95
172.56	98.99
172.61	106.96
172.67	106.38
172.72	106.57
172.78	102.09
172.84	97.18
172.89	90.94
172.95	90.56
173.01	91.10
173.06	89.73
173.12	95.73
173.17	96.77
173.23	95.85
173.29	96.23
173.34	98.16
173.40	92.04
173.46	92.92
173.51	95.94
173.57	95.87
173.62	90.10
173.68	96.50
173.74	95.55
173.79	96.87
173.85	93.95
173.90	96.98
173.96	92.93
174.02	89.83
174.07	81.95
174.13	81.42
174.18	83.56
174.24	77.56
174.30	77.63
174.35	82.63
174.41	79.41
174.47	73.64
174.52	74.58
174.58	74.00
174.63	69.70
174.69	68.96
174.75	70.92
174.80	82.25
174.86	79.87
174.91	80.80
174.97	80.35
175.03	77.36
175.08	65.24
175.14	71.76
175.19	67.76
175.25	68.31
175.31	72.75
175.36	74.37
175.42	71.40
175.47	76.07
175.53	76.67
175.59	73.00
175.64	74.34
175.70	72.57
175.75	67.75
175.81	66.07
175.87	67.36
175.92	63.58
175.98	64.69
176.03	64.99
176.09	65.60
176.15	65.44
176.20	67.01
176.26	67.11
176.31	70.67
176.37	68.33
176.42	69.38
176.48	72.67
176.54	70.42
176.59	67.13
176.65	69.47
176.70	70.64
176.76	69.66
176.82	67.28
176.87	64.53
176.93	64.59
176.98	63.70
177.04	59.02
177.10	64.38
177.15	65.96
177.21	66.89
177.26	65.37
177.32	69.03
177.37	70.55
177.43	74.09
177.49	70.31
177.54	68.18
177.60	68.28
177.65	68.63
177.71	63.53
177.77	66.88
177.82	68.44
177.88	72.56
177.93	67.68
177.99	73.67
178.04	69.53
178.10	70.20
178.16	63.26
178.21	64.56
178.27	62.14
178.32	66.00
178.38	64.97
178.43	67.14
178.49	67.41
178.55	66.33
178.60	65.07
178.66	63.98
178.71	65.07
178.77	62.47
178.82	63.57
178.88	63.46
178.94	63.98
178.99	65.20
179.05	69.39
179.10	65.15
179.16	67.93
179.21	70.70
179.27	69.62
179.33	65.56
179.38	69.57
179.44	67.70
179.49	67.36
179.55	64.93
179.60	65.17
179.66	64.31
179.72	66.94
179.77	64.62
179.83	63.64
179.88	65.43
179.94	66.84
179.99	62.93
180.05	63.30
180.11	64.53
180.16	66.90
180.22	69.21
180.27	73.88
180.33	74.82
180.38	79.12
180.44	74.46
180.49	74.01
180.55	71.85
180.61	76.07
180.66	71.05
180.72	69.83
180.77	68.03
180.83	67.69
180.88	64.35
180.94	63.68
180.99	66.97
181.05	67.00
181.11	68.21
181.16	68.61
181.22	69.84
181.27	72.44
181.33	70.84
181.38	67.95
181.44	68.82
181.49	72.87
181.55	73.33
181.61	79.81
181.66	81.99
181.72	80.07
181.77	78.05
181.83	75.39
181.88	80.54
181.94	82.36
181.99	87.41
182.05	87.67
182.11	88.37
182.16	79.27
182.22	77.06
182.27	72.44
182.33	74.47
182.38	74.42
182.44	78.90
182.49	81.10
182.55	82.86
182.60	82.79
182.66	85.73
182.72	88.36
182.77	90.82
182.83	94.44
182.88	97.32
182.94	98.78
182.99	95.36
183.05	94.26
183.10	95.98
183.16	95.25
183.21	96.57
183.27	103.73
183.32	106.68
183.38	109.72
183.44	115.98
183.49	119.88
183.55	120.06
183.60	125.30
183.66	130.15
183.71	138.03
183.77	144.18
183.82	152.35
183.88	163.15
183.93	173.31
183.99	185.84
184.04	201.06
184.10	213.15
184.15	223.87
184.21	236.79
184.27	238.26
184.32	240.03
184.38	237.84
184.43	234.94
184.49	220.10
184.54	205.87
184.60	198.42
184.65	187.50
184.71	178.98
184.76	181.50
184.82	198.03
184.87	214.07
184.93	237.21
184.98	263.08
185.04	292.34
185.09	315.67
185.15	339.63
185.20	369.69
185.26	402.31
185.31	428.93
185.37	454.80
185.43	474.26
185.48	493.51
185.54	516.65
185.59	541.74
185.65	565.92
185.70	605.18
185.76	648.85
185.81	681.32
185.87	717.36
185.92	760.43
185.98	795.02
186.03	810.85
186.09	814.40
186.14	792.51
186.20	743.41
186.25	663.27
186.31	583.18
186.36	520.25
186.42	492.12
186.47	502.10
186.53	547.40
186.58	614.85
186.64	687.23
186.69	757.46
186.75	816.29
186.80	873.98
186.86	932.33
186.91	991.33
186.97	1048.80
187.02	1121.12
187.08	1190.57
187.13	1250.86
187.19	1316.89
187.24	1386.49
187.30	1439.95
187.35	1497.95
187.41	1569.69
187.47	1639.20
187.52	1696.47
187.58	1755.61
187.63	1821.76
187.69	1885.30
187.74	1937.86
187.80	1987.26
187.85	2032.63
187.91	2055.57
187.96	2043.16
188.02	1980.93
188.07	1872.24
188.13	1714.09
188.18	1545.38
188.24	1419.65
188.29	1360.09
188.35	1367.75
188.40	1445.32
188.46	1568.85
188.51	1691.73
188.57	1817.95
188.62	1939.81
188.67	2055.76
188.73	2165.19
188.78	2267.92
188.84	2370.30
188.89	2473.11
188.95	2578.16
189.00	2668.71
189.06	2766.99
189.11	2859.30
189.17	2940.68
189.22	3012.50
189.28	3099.54
189.33	3177.77
189.39	3242.77
189.44	3309.43
189.50	3383.37
189.55	3451.01
189.61	3504.44
189.66	3562.64
189.72	3622.78
189.77	3673.99
189.83	3702.68
189.88	3713.22
189.94	3686.16
189.99	3608.64
190.05	3458.71
190.10	3242.37
190.16	2995.09
190.21	2777.62
190.27	2636.86
190.32	2602.25
190.38	2674.68
190.43	2828.72
190.49	3013.92
190.54	3182.18
190.60	3336.31
190.65	3476.47
190.71	3604.14
190.76	3726.44
190.81	3846.73
190.87	3961.24
190.92	4083.41
190.98	4198.23
191.03	4305.44
191.09	4419.58
191.14	4523.75
191.20	4609.18
191.25	4707.15
191.31	4807.11
191.36	4897.81
191.42	4983.80
191.47	5077.49
191.53	5168.04
191.58	5242.54
191.64	5304.89
191.69	5365.58
191.75	5410.41
191.80	5439.20
191.85	5457.41
191.91	5477.31
191.96	5497.56
192.02	5526.13
192.07	5539.63
192.13	5537.74
192.18	5493.11
192.24	5379.46
192.29	5187.72
192.35	4968.37
192.40	4785.91
192.46	4677.60
192.51	4671.57
192.57	4765.15
192.62	4938.20
192.67	5120.92
192.73	5300.00
192.78	5461.96
192.84	5608.96
192.89	5744.48
192.95	5872.92
193.00	5987.47
193.06	6098.93
193.11	6208.23
193.17	6295.18
193.22	6378.98
193.28	6463.81
193.33	6536.48
193.38	6602.74
193.44	6674.93
193.49	6746.14
193.55	6803.44
193.60	6861.43
193.66	6914.20
193.71	6960.09
193.77	6987.56
193.82	7009.27
193.88	7028.37
193.93	7053.42
193.98	7080.51
194.04	7119.70
194.09	7166.69
194.15	7218.54
194.20	7264.12
194.26	7300.24
194.31	7345.11
194.37	7371.90
194.42	7381.30
194.47	7372.73
194.53	7334.47
194.58	7246.04
194.64	7141.67
194.69	7043.75
194.75	6974.09
194.80	6957.82
194.86	6997.70
194.91	7087.23
194.97	7197.15
195.02	7308.45
195.07	7418.18
195.13	7525.48
195.18	7636.13
195.24	7742.04
195.29	7853.43
195.35	7955.80
195.40	8059.21
195.46	8138.23
195.51	8223.06
195.56	8299.67
195.62	8372.58
195.67	8432.57
195.73	8503.25
195.78	8553.92
195.84	8596.82
195.89	8633.57
195.94	8667.87
196.00	8697.63
196.05	8731.69
196.11	8777.70
196.16	8822.92
196.22	8875.29
196.27	8932.13
196.32	8987.96
196.38	9031.94
196.43	9080.61
196.49	9118.64
196.54	9156.25
196.60	9196.24
196.65	9239.02
196.71	9281.60
196.76	9330.05
196.81	9366.43
196.87	9401.09
196.92	9431.75
196.98	9450.41
197.03	9456.20
197.09	9453.39
197.14	9445.92
197.19	9443.08
197.25	9455.31
197.30	9482.03
197.36	9533.73
197.41	9599.26
197.47	9667.74
197.52	9730.39
197.57	9795.08
197.63	9849.76
197.68	9901.01
197.74	9949.77
197.79	9996.33
197.84	10038.22
197.90	10084.11
197.95	10126.52
198.01	10166.19
198.06	10211.66
198.12	10259.74
198.17	10299.06
198.22	10341.72
198.28	10378.10
198.33	10418.33
198.39	10456.33
198.44	10502.30
198.49	10546.17
198.55	10594.50
198.60	10641.54
198.66	10686.93
198.71	10736.52
198.77	10783.83
198.82	10836.87
198.87	10883.79
198.93	10933.61
198.98	10976.16
199.04	11019.64
199.09	11055.23
199.14	11095.94
199.20	11133.08
199.25	11175.18
199.31	11219.80
199.36	11268.00
199.42	11313.56
199.47	11355.98
199.52	11394.36
199.58	11431.79
199.63	11461.62
199.69	11487.72
199.74	11520.72
199.79	11545.63
199.85	11574.15
199.90	11614.53
199.96	11655.34
200.01	11698.63
200.06	11753.68
200.12	11801.58
200.17	11851.25
200.23	11905.61
200.28	11948.26
200.33	12000.32
200.39	12043.13
200.44	12084.24
200.50	12120.74
200.55	12162.49
200.60	12193.27
200.66	12232.23
200.71	12267.92
200.77	12314.57
200.82	12355.19
200.87	12394.15
200.93	12430.28
200.98	12471.20
201.04	12504.76
201.09	12549.70
201.14	12603.81
201.20	12658.13
201.25	12713.15
201.31	12768.35
201.36	12830.34
201.41	12881.47
201.47	12940.95
201.52	12991.60
201.58	13051.39
201.63	13094.08
201.68	13141.91
201.74	13187.33
201.79	13237.74
201.84	13288.38
201.90	13337.39
201.95	13391.18
202.01	13447.99
202.06	13500.62
202.11	13541.19
202.17	13588.86
202.22	13629.71
202.28	13667.33
202.33	13707.69
202.38	13745.66
202.44	13786.88
202.49	13832.13
202.54	13879.61
202.60	13926.00
202.65	13975.85
202.71	14027.19
202.76	14068.77
202.81	14108.96
202.87	14156.94
202.92	14205.45
202.98	14256.35
203.03	14311.88
203.08	14364.85
203.14	14413.11
203.19	14468.78
203.24	14519.09
203.30	14570.24
203.35	14623.44
203.41	14671.29
203.46	14712.54
203.51	14759.41
203.57	14800.33
203.62	14847.24
203.67	14903.20
203.73	14950.06
203.78	14997.44
203.84	15052.71
203.89	15098.09
203.94	15139.42
204.00	15189.74
204.05	15236.44
204.10	15270.81
204.16	15307.13
204.21	15347.74
204.27	15388.27
204.32	15422.64
204.37	15471.76
204.43	15514.88
204.48	15558.42
204.53	15597.98
204.59	15647.14
204.64	15700.08
204.69	15771.14
204.75	15835.84
204.80	15907.42
204.86	15970.92
204.91	16030.24
204.96	16085.64
205.02	16134.94
205.07	16187.14
205.12	16250.18
205.18	16309.42
205.23	16369.72
205.28	16439.75
205.34	16502.01
205.39	16561.75
205.45	16620.16
205.50	16672.36
205.55	16729.76
205.61	16790.93
205.66	16847.66
205.71	16915.14
205.77	16979.07
205.82	17041.61
205.87	17096.21
205.93	17151.05
205.98	17198.57
206.03	17240.34
206.09	17282.04
206.14	17331.82
206.20	17382.41
206.25	17431.87
206.30	17495.47
206.36	17554.69
206.41	17614.40
206.46	17668.85
206.52	17718.18
206.57	17765.40
206.62	17805.89
206.68	17849.75
206.73	17895.19
206.78	17953.24
206.84	18007.51
206.89	18066.81
206.94	18126.53
207.00	18200.01
207.05	18264.68
207.11	18331.05
207.16	18394.62
207.21	18453.80
207.27	18508.46
207.32	18562.01
207.37	18614.20
207.43	18672.96
207.48	18725.19
207.53	18774.77
207.59	18831.05
207.64	18890.78
207.69	18957.18
207.75	19027.01
207.80	19084.39
207.85	19137.57
207.91	19190.52
207.96	19233.11
208.01	19286.19
208.07	19348.29
208.12	19413.35
208.17	19464.11
208.23	19513.94
208.28	19565.09
208.33	19619.08
208.39	19675.88
208.44	19744.21
208.49	19808.66
208.55	19866.07
208.60	19918.61
208.65	19966.34
208.71	20015.58
208.76	20068.69
208.81	20124.50
208.87	20191.00
208.92	20255.17
208.97	20314.14
209.03	20379.26
209.08	20443.35
209.13	20499.07
209.19	20559.80
209.24	20620.29
209.29	20683.88
209.35	20739.03
209.40	20803.68
209.45	20862.88
209.51	20928.68
209.56	20985.35
209.61	21051.27
209.67	21111.73
209.72	21175.51
209.77	21236.88
209.83	21302.02
209.88	21373.55
209.93	21438.52
209.99	21502.56
210.04	21576.05
210.09	21645.06
210.15	21702.50
210.20	21761.13
210.25	21821.79
210.31	21881.50
210.36	21932.15
210.41	21978.59
210.46	22037.56
210.52	22092.80
210.57	22136.78
210.62	22197.35
210.68	22267.38
210.73	22322.09
210.78	22382.88
210.84	22451.30
210.89	22511.75
210.94	22566.86
211.00	22625.75
211.05	22678.36
211.10	22736.77
211.16	22794.48
211.21	22856.37
211.26	22926.45
211.32	22998.86
211.37	23064.80
211.42	23128.67
211.47	23198.00
211.53	23260.67
211.58	23317.38
211.63	23375.01
211.69	23435.69
211.74	23488.24
211.79	23539.98
211.85	23599.92
211.90	23658.16
211.95	23724.86
212.01	23794.27
212.06	23868.38
212.11	23941.29
212.16	24018.25
212.22	24091.53
212.27	24156.92
212.32	24220.05
212.38	24282.53
212.43	24340.90
212.48	24399.20
212.54	24469.99
212.59	24540.36
212.64	24610.95
212.69	24674.39
212.75	24738.19
212.80	24800.39
212.85	24864.17
212.91	24917.19
212.96	24976.04
213.01	25040.07
213.07	25099.45
213.12	25161.22
213.17	25228.26
213.22	25295.04
213.28	25359.08
213.33	25410.95
213.38	25465.30
213.44	25526.04
213.49	25592.33
213.54	25657.56
213.60	25740.85
213.65	25820.24
213.70	25900.79
213.75	25966.88
213.81	26028.47
213.86	26091.20
213.91	26147.53
213.97	26197.27
214.02	26252.96
214.07	26307.33
214.12	26353.70
214.18	26402.60
214.23	26463.78
214.28	26524.10
214.34	26587.77
214.39	26655.56
214.44	26716.45
214.49	26760.11
214.55	26802.22
214.60	26838.37
214.65	26870.58
214.71	26899.65
214.76	26954.02
214.81	27023.86
214.86	27113.65
214.92	27202.02
214.97	27309.25
215.02	27397.20
215.08	27476.45
215.13	27548.57
215.18	27611.08
215.23	27668.79
215.29	27738.62
215.34	27816.90
215.39	27895.57
215.45	27989.04
215.50	28082.69
215.55	28165.41
215.60	28231.01
215.66	28284.27
215.71	28339.18
215.76	28395.67
215.81	28445.31
215.87	28503.98
215.92	28565.49
215.97	28619.97
216.03	28677.43
216.08	28735.98
216.13	28794.07
216.18	28856.01
216.24	28921.75
216.29	28975.62
216.34	29033.49
216.39	29097.34
216.45	29152.76
216.50	29207.80
216.55	29268.64
216.61	29336.17
216.66	29393.70
216.71	29461.15
216.76	29521.43
216.82	29592.20
216.87	29666.55
216.92	29742.30
216.97	29801.71
217.03	29879.89
217.08	29952.27
217.13	30025.65
217.18	30098.02
217.24	30174.39
217.29	30244.58
217.34	30291.11
217.39	30326.89
217.45	30367.38
217.50	30417.84
217.55	30469.93
217.61	30543.38
217.66	30619.86
217.71	30687.50
217.76	30766.12
217.82	30848.94
217.87	30922.36
217.92	30989.13
217.97	31059.58
218.03	31121.93
218.08	31162.03
218.13	31208.60
218.18	31260.51
218.24	31329.73
218.29	31382.48
218.34	31439.90
218.39	31503.79
218.45	31566.28
218.50	31613.67
218.55	31670.45
218.60	31740.16
218.66	31792.75
218.71	31860.80
218.76	31927.88
218.81	32000.36
218.87	32063.01
218.92	32138.24
218.97	32207.48
219.02	32272.89
219.08	32347.73
219.13	32422.78
219.18	32487.27
219.23	32547.26
219.29	32613.22
219.34	32671.00
219.39	32734.49
219.44	32801.98
219.50	32875.18
219.55	32934.00
219.60	32993.46
219.65	33055.18
219.71	33115.53
219.76	33159.26
219.81	33218.29
219.86	33281.38
219.92	33329.35
219.97	33380.87
220.02	33440.18
220.07	33498.99
220.13	33555.78
220.18	33622.23
220.23	33694.57
220.28	33774.18
220.33	33852.15
220.39	33914.83
220.44	33973.84
220.49	34028.99
220.54	34073.75
220.60	34126.22
220.65	34190.33
220.70	34255.23
220.75	34324.91
220.81	34411.08
220.86	34482.18
220.91	34543.48
220.96	34623.42
221.02	34688.71
221.07	34754.05
221.12	34813.42
221.17	34871.29
221.22	34919.40
221.28	34978.02
221.33	35028.00
221.38	35091.64
221.43	35170.16
221.49	35234.73
221.54	35305.18
221.59	35376.23
221.64	35458.27
221.69	35545.46
221.75	35650.01
221.80	35740.70
221.85	35818.49
221.90	35877.72
221.96	35930.43
222.01	35954.14
222.06	35994.93
222.11	36039.50
222.17	36093.51
222.22	36126.66
222.27	36177.64
222.32	36223.37
222.37	36273.85
222.43	36332.72
222.48	36397.83
222.53	36473.80
222.58	36551.21
222.63	36626.43
222.69	36694.08
222.74	36766.83
222.79	36831.18
222.84	36878.61
222.90	36933.15
222.95	36979.73
223.00	37023.83
223.05	37076.48
223.10	37140.27
223.16	37203.28
223.21	37254.56
223.26	37301.05
223.31	37342.97
223.36	37378.21
223.42	37409.15
223.47	37440.49
223.52	37485.26
223.57	37528.01
223.63	37580.76
223.68	37630.93
223.73	37706.14
223.78	37779.81
223.83	37848.40
223.89	37911.02
223.94	37985.17
223.99	38046.85
224.04	38118.67
224.09	38194.27
224.15	38284.09
224.20	38359.70
224.25	38454.60
224.30	38537.80
224.35	38627.97
224.41	38722.12
224.46	38820.55
224.51	38897.63
224.56	38974.64
224.61	39056.38
224.67	39126.51
224.72	39193.59
224.77	39287.91
224.82	39387.04
224.87	39467.77
224.93	39546.44
224.98	39636.50
225.03	39718.39
225.08	39795.28
225.13	39879.78
225.19	39969.56
225.24	40056.77
225.29	40136.15
225.34	40221.54
225.39	40305.23
225.45	40393.07
225.50	40480.58
225.55	40567.99
225.60	40656.03
225.65	40751.47
225.71	40835.03
225.76	40930.85
225.81	41011.80
225.86	41097.67
225.91	41184.97
225.97	41275.78
226.02	41343.46
226.07	41410.76
226.12	41471.02
226.17	41521.74
226.22	41584.87
226.28	41669.39
226.33	41765.82
226.38	41857.65
226.43	41948.46
226.48	42017.37
226.54	42079.10
226.59	42150.86
226.64	42222.21
226.69	42287.97
226.74	42359.37
226.80	42422.45
226.85	42474.70
226.90	42530.61
226.95	42597.20
227.00	42672.99
227.05	42761.20
227.11	42855.66
227.16	42944.77
227.21	43023.51
227.26	43106.56
227.31	43176.79
227.37	43230.81
227.42	43301.86
227.47	43388.65
227.52	43457.67
227.57	43513.59
227.62	43602.71
227.68	43679.87
227.73	43753.21
227.78	43836.97
227.83	43935.08
227.88	43999.23
227.93	44070.05
227.99	44145.42
228.04	44210.61
228.09	44283.32
228.14	44361.08
228.19	44435.47
228.24	44504.28
228.30	44577.60
228.35	44644.33
228.40	44709.94
228.45	44772.15
228.50	44839.48
228.56	44906.88
228.61	44965.62
228.66	45025.60
228.71	45079.56
228.76	45127.02
228.81	45168.06
228.87	45213.42
228.92	45278.55
228.97	45347.30
229.02	45436.13
229.07	45523.02
229.12	45616.36
229.17	45689.03
229.23	45762.79
229.28	45828.06
229.33	45903.53
229.38	45972.71
229.43	46043.61
229.48	46122.30
229.54	46186.86
229.59	46246.89
229.64	46312.80
229.69	46396.13
229.74	46480.00
229.79	46560.04
229.85	46638.63
229.90	46710.03
229.95	46774.79
230.00	46827.08
230.05	46905.83
230.10	46975.71
230.16	47043.32
230.21	47098.92
230.26	47159.69
230.31	47195.02
230.36	47245.40
230.41	47309.54
230.46	47394.63
230.52	47477.30
230.57	47559.20
230.62	47643.90
230.67	47717.53
230.72	47774.27
230.77	47819.13
230.82	47870.09
230.88	47905.42
230.93	47941.71
230.98	47985.01
231.03	48048.96
231.08	48103.75
231.13	48161.96
231.19	48231.71
231.24	48300.24
231.29	48374.51
231.34	48450.22
231.39	48523.78
231.44	48592.19
231.49	48643.32
231.55	48692.77
231.60	48731.50
231.65	48789.25
231.70	48832.02
231.75	48883.13
231.80	48923.76
231.85	48983.69
231.91	49024.45
231.96	49072.43
232.01	49140.23
232.06	49205.64
232.11	49263.43
232.16	49345.09
232.21	49437.75
232.26	49527.91
232.32	49607.67
232.37	49685.20
232.42	49739.14
232.47	49788.43
232.52	49821.09
232.57	49875.13
232.62	49934.32
232.68	50000.73
232.73	50068.38
232.78	50143.99
232.83	50215.60
232.88	50284.31
232.93	50365.57
232.98	50432.39
233.03	50489.40
233.09	50544.98
233.14	50618.40
233.19	50667.52
233.24	50725.76
233.29	50776.74
233.34	50817.93
233.39	50834.63
233.45	50863.83
233.50	50901.15
233.55	50950.80
233.60	51021.83
233.65	51091.98
233.70	51155.95
233.75	51204.94
233.80	51254.08
233.86	51296.33
233.91	51339.66
233.96	51383.78
234.01	51444.77
234.06	51502.69
234.11	51563.74
234.16	51621.88
234.21	51684.79
234.26	51727.99
234.32	51764.31
234.37	51799.11
234.42	51841.84
234.47	51863.33
234.52	51896.12
234.57	51946.65
234.62	51982.32
234.67	52023.98
234.73	52088.20
234.78	52139.19
234.83	52178.08
234.88	52233.24
234.93	52266.95
234.98	52300.92
235.03	52347.98
235.08	52416.53
235.13	52466.26
235.19	52538.89
235.24	52603.58
235.29	52660.30
235.34	52696.42
235.39	52730.86
235.44	52755.78
235.49	52788.84
235.54	52820.10
235.59	52844.04
235.65	52880.21
235.70	52920.20
235.75	52959.63
235.80	53018.83
235.85	53074.80
235.90	53115.62
235.95	53144.08
236.00	53173.73
236.05	53194.10
236.11	53220.63
236.16	53257.41
236.21	53298.45
236.26	53334.68
236.31	53351.70
236.36	53375.61
236.41	53396.21
236.46	53405.72
236.51	53424.33
236.56	53455.67
236.62	53483.93
236.67	53511.68
236.72	53562.13
236.77	53592.78
236.82	53645.42
236.87	53664.63
236.92	53696.24
236.97	53727.41
237.02	53772.46
237.07	53811.62
237.13	53874.43
237.18	53926.35
237.23	53977.24
237.28	54017.10
237.33	54049.28
237.38	54073.48
237.43	54093.92
237.48	54098.08
237.53	54119.08
237.58	54152.08
237.63	54198.07
237.69	54242.44
237.74	54291.11
237.79	54333.77
237.84	54337.81
237.89	54344.12
237.94	54347.90
237.99	54371.41
238.04	54381.37
238.09	54412.94
238.14	54438.19
238.19	54469.07
238.25	54484.99
238.30	54489.19
238.35	54490.18
238.40	54490.28
238.45	54490.65
238.50	54492.96
238.55	54500.01
238.60	54528.43
238.65	54546.59
238.70	54566.69
238.75	54576.14
238.80	54604.06
238.86	54606.36
238.91	54626.22
238.96	54657.13
239.01	54698.54
239.06	54725.91
239.11	54755.84
239.16	54777.53
239.21	54775.63
239.26	54772.53
239.31	54782.14
239.36	54791.45
239.41	54814.52
239.46	54849.01
239.52	54882.46
239.57	54906.51
239.62	54928.93
239.67	54947.82
239.72	54965.89
239.77	54979.06
239.82	54992.95
239.87	55006.04
239.92	55012.97
239.97	55008.92
240.02	55000.84
240.07	54994.82
240.12	54995.99
240.17	55000.64
240.23	54998.72
240.28	55010.26
240.33	55024.82
240.38	55017.64
240.43	55015.87
240.48	55037.64
240.53	55044.93
240.58	55059.73
240.63	55094.46
240.68	55101.69
240.73	55088.41
240.78	55098.59
240.83	55095.75
240.88	55069.34
240.93	55063.45
240.98	55072.48
241.04	55077.29
241.09	55097.49
241.14	55127.82
241.19	55174.53
241.24	55206.94
241.29	55228.44
241.34	55240.16
241.39	55250.34
241.44	55245.81
241.49	55240.96
241.54	55231.90
241.59	55223.53
241.64	55224.02
241.69	55212.80
241.74	55198.93
241.79	55187.96
241.84	55175.68
241.90	55157.22
241.95	55134.72
242.00	55117.45
242.05	55095.87
242.10	55083.54
242.15	55067.36
242.20	55063.73
242.25	55067.24
242.30	55063.89
242.35	55062.42
242.40	55063.14
242.45	55059.51
242.50	55047.65
242.55	55054.74
242.60	55046.39
242.65	55043.45
242.70	55048.43
242.75	55067.13
242.80	55103.82
242.85	55134.67
242.91	55152.21
242.96	55154.40
243.01	55137.30
243.06	55106.11
243.11	55066.78
243.16	55041.99
243.21	55033.08
243.26	55047.97
243.31	55057.58
243.36	55079.75
243.41	55098.91
243.46	55097.94
243.51	55064.00
243.56	55009.59
243.61	54950.85
243.66	54906.97
243.71	54882.13
243.76	54877.23
243.81	54891.69
243.86	54900.63
243.91	54911.87
243.96	54905.97
244.01	54882.84
244.06	54855.22
244.12	54846.64
244.17	54824.93
244.22	54822.22
244.27	54850.07
244.32	54875.77
244.37	54890.76
244.42	54897.01
244.47	54887.92
244.52	54865.15
244.57	54836.79
244.62	54810.94
244.67	54796.06
244.72	54782.31
244.77	54778.29
244.82	54792.50
244.87	54826.67
244.92	54841.08
244.97	54858.45
245.02	54857.66
245.07	54840.04
245.12	54819.01
245.17	54802.83
245.22	54790.23
245.27	54784.91
245.32	54756.79
245.37	54711.43
245.42	54667.51
245.47	54622.76
245.52	54582.36
245.57	54572.36
245.62	54552.88
245.67	54546.80
245.72	54542.54
245.77	54515.06
245.82	54490.79
245.87	54496.96
245.92	54505.57
245.98	54494.44
246.03	54503.52
246.08	54508.90
246.13	54500.63
246.18	54500.42
246.23	54502.72
246.28	54484.24
246.33	54472.31
246.38	54443.22
246.43	54411.31
246.48	54383.88
246.53	54388.97
246.58	54399.04
246.63	54407.49
246.68	54395.43
246.73	54388.23
246.78	54362.51
246.83	54297.96
246.88	54242.92
246.93	54197.92
246.98	54148.84
247.03	54111.32
247.08	54104.03
247.13	54093.41
247.18	54088.51
247.23	54109.99
247.28	54118.48
247.33	54102.85
247.38	54094.24
247.43	54083.38
247.48	54056.40
247.53	54029.24
247.58	54002.48
247.63	53971.35
247.68	53921.17
247.73	53870.28
247.78	53831.16
247.83	53804.78
247.88	53782.62
247.93	53785.39
247.98	53794.07
248.03	53795.64
248.08	53815.25
248.13	53820.53
248.18	53807.68
248.23	53792.05
248.28	53760.22
248.33	53709.88
248.38	53664.71
248.43	53639.03
248.48	53619.23
248.53	53609.61
248.58	53589.57
248.63	53582.05
248.68	53560.14
248.73	53526.37
248.78	53496.02
248.83	53453.08
248.88	53396.50
248.93	53331.37
248.98	53258.80
249.03	53217.97
249.08	53194.11
249.13	53189.31
249.18	53185.62
249.23	53201.18
249.28	53184.78
249.33	53185.33
249.38	53166.33
249.43	53159.75
249.48	53138.85
249.53	53128.37
249.58	53103.05
249.63	53085.58
249.68	53057.18
249.73	53034.13
249.78	53003.48
249.83	52997.20
249.88	52976.30
249.93	52965.11
249.98	52962.61
250.03	52964.48
250.08	52933.00
250.13	52918.89
250.18	52889.31
250.23	52847.92
250.28	52793.58
250.33	52740.76
250.37	52702.53
250.42	52659.85
250.47	52628.27
250.52	52617.33
250.57	52609.05
250.62	52570.74
250.67	52547.20
250.72	52527.04
250.77	52480.82
250.82	52460.37
250.87	52456.47
250.92	52453.73
250.97	52424.76
251.02	52416.46
251.07	52410.93
251.12	52388.08
251.17	52357.28
251.22	52332.72
251.27	52304.93
251.32	52252.46
251.37	52203.98
251.42	52153.04
251.47	52108.65
251.52	52086.08
251.57	52064.34
251.62	52051.00
251.67	52037.61
251.72	52024.45
251.77	51987.73
251.82	51945.14
251.87	51899.40
251.92	51854.04
251.97	51800.16
252.02	51752.50
252.07	51734.75
252.12	51725.04
252.16	51719.56
252.21	51720.12
252.26	51726.06
252.31	51718.80
252.36	51704.50
252.41	51683.28
252.46	51664.32
252.51	51637.50
252.56	51603.37
252.61	51574.40
252.66	51544.84
252.71	51519.25
252.76	51489.07
252.81	51449.56
252.86	51393.28
252.91	51357.29
252.96	51297.05
253.01	51227.88
253.06	51167.63
253.11	51124.14
253.16	51069.88
253.21	51021.23
253.26	50987.17
253.31	50960.20
253.36	50936.61
253.40	50912.70
253.45	50904.13
253.50	50864.43
253.55	50821.27
253.60	50772.19
253.65	50730.83
253.70	50692.83
253.75	50684.89
253.80	50666.78
253.85	50663.59
253.90	50672.09
253.95	50667.32
254.00	50660.93
254.05	50647.85
254.10	50607.33
254.15	50565.60
254.20	50540.82
254.25	50499.42
254.30	50473.49
254.35	50433.63
254.39	50366.80
254.44	50281.16
254.49	50206.37
254.54	50164.15
254.59	50140.78
254.64	50136.75
254.69	50136.93
254.74	50144.46
254.79	50119.85
254.84	50084.30
254.89	50059.46
254.94	50036.37
254.99	50018.09
255.04	50010.18
255.09	50011.93
255.14	49983.70
255.19	49969.05
255.23	49955.77
255.28	49934.46
255.33	49925.38
255.38	49917.39
255.43	49907.04
255.48	49882.36
255.53	49845.11
255.58	49804.43
255.63	49770.63
255.68	49721.93
255.73	49678.96
255.78	49651.27
255.83	49623.99
255.88	49606.82
255.93	49582.94
255.97	49565.34
256.02	49526.09
256.07	49483.20
256.12	49406.46
256.17	49358.85
256.22	49296.56
256.27	49255.33
256.32	49203.21
256.37	49194.84
256.42	49174.02
256.47	49147.66
256.52	49114.68
256.57	49103.05
256.62	49076.04
256.66	49054.94
256.71	49028.26
256.76	48994.60
256.81	48939.96
256.86	48896.02
256.91	48847.05
256.96	48812.20
257.01	48785.96
257.06	48773.73
257.11	48741.08
257.16	48691.59
257.21	48649.89
257.26	48614.66
257.30	48573.39
257.35	48525.65
257.40	48505.81
257.45	48492.88
257.50	48460.38
257.55	48421.36
257.60	48396.89
257.65	48371.66
257.70	48327.84
257.75	48289.49
257.80	48259.69
257.85	48230.80
257.89	48175.53
257.94	48120.71
257.99	48064.87
258.04	48010.63
258.09	47970.05
258.14	47941.19
258.19	47922.77
258.24	47906.67
258.29	47868.06
258.34	47822.61
258.39	47790.07
258.44	47737.15
258.48	47681.58
258.53	47661.18
258.58	47623.92
258.63	47576.63
258.68	47533.27
258.73	47500.84
258.78	47451.04
258.83	47406.46
258.88	47362.42
258.93	47321.00
258.97	47290.50
259.02	47262.05
259.07	47244.28
259.12	47226.49
259.17	47225.38
259.22	47204.64
259.27	47178.47
259.32	47159.76
259.37	47117.38
259.42	47068.51
259.47	47023.63
259.51	46980.90
259.56	46911.92
259.61	46843.78
259.66	46766.90
259.71	46696.52
259.76	46639.67
259.81	46585.71
259.86	46544.18
259.91	46507.16
259.95	46479.43
260.00	46444.24
260.05	46422.77
260.10	46411.50
260.15	46402.02
260.20	46385.55
260.25	46382.38
260.30	46368.16
260.35	46341.25
260.40	46314.08
260.44	46288.83
260.49	46266.04
260.54	46227.61
260.59	46201.33
260.64	46194.50
260.69	46191.64
260.74	46152.33
260.79	46127.24
260.84	46082.05
260.88	46021.57
260.93	45942.57
260.98	45900.83
261.03	45853.47
261.08	45826.81
261.13	45790.89
261.18	45753.79
261.23	45695.53
261.28	45655.08
261.32	45613.56
261.37	45569.02
261.42	45538.47
261.47	45521.43
261.52	45476.43
261.57	45426.73
261.62	45384.11
261.67	45338.76
261.71	45272.08
261.76	45230.64
261.81	45186.45
261.86	45136.65
261.91	45081.15
261.96	45040.10
262.01	45001.40
262.06	44974.38
262.10	44959.78
262.15	44948.34
262.20	44935.29
262.25	44920.74
262.30	44906.41
262.35	44877.18
262.40	44848.85
262.45	44818.32
262.49	44787.30
262.54	44742.14
262.59	44711.26
262.64	44685.06
262.69	44647.52
262.74	44595.96
262.79	44543.01
262.84	44494.92
262.88	44441.87
262.93	44389.43
262.98	44362.04
263.03	44328.53
263.08	44274.63
263.13	44201.41
263.18	44138.64
263.23	44069.45
263.27	44019.20
263.32	43987.48
263.37	43976.36
263.42	43962.07
263.47	43935.31
263.52	43907.52
263.57	43870.87
263.61	43831.61
263.66	43789.33
263.71	43751.75
263.76	43717.11
263.81	43675.11
263.86	43641.20
263.91	43598.63
263.95	43533.68
264.00	43477.65
264.05	43425.21
264.10	43356.42
264.15	43292.58
264.20	43266.44
264.25	43220.34
264.29	43183.85
264.34	43128.63
264.39	43102.34
264.44	43047.64
264.49	43000.92
264.54	42954.57
264.59	42939.83
264.63	42892.91
264.68	42845.18
264.73	42797.04
264.78	42747.76
264.83	42686.67
264.88	42641.51
264.93	42612.91
264.97	42583.28
265.02	42555.37
265.07	42531.43
265.12	42494.93
265.17	42455.41
265.22	42417.62
265.27	42365.73
265.31	42306.42
265.36	42246.78
265.41	42185.83
265.46	42124.58
265.51	42054.93
265.56	41998.68
265.60	41949.23
265.65	41893.46
265.70	41832.73
265.75	41782.45
265.80	41721.80
265.85	41660.62
265.90	41603.47
265.94	41552.11
265.99	41496.21
266.04	41449.01
266.09	41409.78
266.14	41374.29
266.19	41341.64
266.23	41309.65
266.28	41272.59
266.33	41238.76
266.38	41204.91
266.43	41183.08
266.48	41162.61
266.52	41133.17
266.57	41092.68
266.62	41051.58
266.67	40993.41
266.72	40951.88
266.77	40918.69
266.81	40895.97
266.86	40869.12
266.91	40835.30
266.96	40780.33
267.01	40739.85
267.06	40691.49
267.10	40639.98
267.15	40595.33
267.20	40570.87
267.25	40541.20
267.30	40508.11
267.35	40480.90
267.39	40448.63
267.44	40404.62
267.49	40350.19
267.54	40292.25
267.59	40233.31
267.64	40180.07
267.68	40122.82
267.73	40074.27
267.78	40030.60
267.83	40011.64
267.88	40000.98
267.93	39993.81
267.97	39983.60
268.02	39952.26
268.07	39898.42
268.12	39832.72
268.17	39763.19
268.21	39708.31
268.26	39665.23
268.31	39623.18
268.36	39582.63
268.41	39546.16
268.46	39496.02
268.50	39457.94
268.55	39413.15
268.60	39357.09
268.65	39294.07
268.70	39222.63
268.74	39153.35
268.79	39080.27
268.84	39025.68
268.89	38985.49
268.94	38952.71
268.99	38909.79
269.03	38870.45
269.08	38821.91
269.13	38745.52
269.18	38661.81
269.23	38571.36
269.27	38467.24
269.32	38343.09
269.37	38229.38
269.42	38097.36
269.47	37963.28
269.51	37824.24
269.56	37687.00
269.61	37544.21
269.66	37396.90
269.71	37243.29
269.76	37095.07
269.80	36943.17
269.85	36791.31
269.90	36647.62
269.95	36500.59
270.00	36342.46
270.04	36189.40
270.09	36047.35
270.14	35905.84
270.19	35768.24
270.24	35631.90
270.28	35485.05
270.33	35314.53
270.38	35142.53
270.43	34968.08
270.48	34794.45
270.52	34637.88
270.57	34485.09
270.62	34323.85
270.67	34171.54
270.72	34019.06
270.76	33843.13
270.81	33675.38
270.86	33502.50
270.91	33327.96
270.96	33161.04
271.00	33004.49
271.05	32847.98
271.10	32709.22
271.15	32571.70
271.20	32445.61
271.24	32312.82
271.29	32176.90
271.34	32036.58
271.39	31892.12
271.44	31734.06
271.48	31594.84
271.53	31450.58
271.58	31308.16
271.63	31159.74
271.67	31019.38
271.72	30873.06
271.77	30731.67
271.82	30591.08
271.87	30457.39
271.91	30305.62
271.96	30161.84
272.01	30020.41
272.06	29887.86
272.11	29768.87
272.15	29660.91
272.20	29550.78
272.25	29454.63
272.30	29355.02
272.35	29242.77
272.39	29139.08
272.44	29024.55
272.49	28890.06
272.54	28748.52
272.58	28602.29
272.63	28450.38
272.68	28300.30
272.73	28145.23
272.78	27976.16
272.82	27782.28
272.87	27560.70
272.92	27271.37
272.97	26745.01
273.01	23795.55
273.06	18866.61
273.11	13434.50
273.16	8104.85
273.21	3051.05
273.25	461.35
273.30	-88.25
273.35	-90.41
