165.32	3384.47
165.38	-248.31
165.44	596.88
165.50	-76.65
165.55	-17.19
165.61	5.83
165.67	34.60
165.72	44.17
165.78	49.16
165.84	47.54
165.89	44.19
165.95	42.19
166.01	41.47
166.06	43.34
166.12	45.86
166.18	44.09
166.23	46.35
166.29	45.46
166.35	42.19
166.40	41.44
166.46	47.91
166.52	50.62
166.57	51.66
166.63	52.29
166.69	54.82
166.74	49.13
166.80	48.96
166.86	50.72
166.91	51.64
166.97	45.69
167.03	48.07
167.08	42.36
167.14	41.82
167.20	40.08
167.25	52.38
167.31	52.89
167.37	58.65
167.42	60.25
167.48	65.91
167.54	60.51
167.59	59.86
167.65	55.92
167.71	55.87
167.76	54.57
167.82	50.10
167.88	49.79
167.93	57.02
167.99	55.73
168.05	58.32
168.10	66.17
168.16	65.74
168.21	63.78
168.27	68.27
168.33	69.89
168.38	62.72
168.44	67.03
168.50	65.86
168.55	64.01
168.61	64.56
168.67	66.36
168.72	63.62
168.78	63.67
168.84	59.97
168.89	58.55
168.95	59.39
169.01	59.05
169.06	58.29
169.12	57.40
169.18	55.46
169.23	55.14
169.29	59.51
169.34	64.10
169.40	66.73
169.46	71.38
169.51	73.67
169.57	69.27
169.63	65.51
169.68	71.03
169.74	67.40
169.80	73.28
169.85	74.62
169.91	78.47
169.97	74.27
170.02	74.17
170.08	72.77
170.13	73.29
170.19	72.92
170.25	74.52
170.30	78.47
170.36	70.27
170.42	72.15
170.47	72.76
170.53	74.45
170.59	71.36
170.64	75.05
170.70	72.97
170.76	70.77
170.81	71.91
170.87	71.63
170.92	72.87
170.98	75.86
171.04	78.25
171.09	74.43
171.15	81.49
171.21	82.26
171.26	79.62
171.32	76.81
171.37	80.36
171.43	74.72
171.49	79.12
171.54	82.19
171.60	84.01
171.66	85.62
171.71	86.41
171.77	84.11
171.83	90.02
171.88	89.27
171.94	88.52
171.99	92.86
172.05	91.53
172.11	92.20
172.16	100.73
172.22	101.83
172.28	102.09
172.33	100.71
172.39	97.67
172.44	94.60
172.50	99.40
172.56	99.23
172.61	106.95
172.67	106.38
172.72	105.80
172.78	100.84
172.84	95.84
172.89	89.55
172.95	89.20
173.01	90.79
173.06	89.43
173.12	94.67
173.17	95.71
173.23	95.32
173.29	95.04
173.34	96.75
173.40	91.59
173.46	92.46
173.51	95.10
173.57	95.00
173.62	89.69
173.68	96.00
173.74	95.16
173.79	96.33
173.85	93.66
173.90	96.38
173.96	93.02
174.02	90.16
174.07	82.26
174.13	81.91
174.18	84.44
174.24	77.85
174.30	78.11
174.35	83.91
174.41	80.37
174.47	74.14
174.52	75.42
174.58	74.38
174.63	69.63
174.69	68.59
174.75	70.62
174.80	81.53
174.86	79.13
174.91	80.29
174.97	80.70
175.03	77.61
175.08	65.68
175.14	72.05
175.19	68.11
175.25	68.15
175.31	72.75
175.36	73.64
175.42	71.01
175.47	75.53
175.53	75.80
175.59	72.27
175.64	74.56
175.70	72.47
175.75	67.50
175.81	66.34
175.87	67.71
175.92	63.39
175.98	65.20
176.03	65.52
176.09	66.55
176.15	66.33
176.20	67.74
176.26	67.27
176.31	70.73
176.37	67.85
176.42	68.92
176.48	72.49
176.54	70.22
176.59	67.22
176.65	70.02
176.70	71.52
176.76	70.47
176.82	68.55
176.87	65.66
176.93	65.44
176.98	64.07
177.04	59.30
177.10	64.12
177.15	65.75
177.21	66.50
177.26	64.88
177.32	68.70
177.37	69.97
177.43	73.32
177.49	69.98
177.54	68.13
177.60	68.32
177.65	69.08
177.71	63.71
177.77	66.42
177.82	68.05
177.88	72.14
177.93	67.14
177.99	73.72
178.04	69.43
178.10	70.09
178.16	63.17
178.21	64.47
178.27	61.41
178.32	65.37
178.38	63.98
178.43	66.12
178.49	66.25
178.55	65.65
178.60	64.78
178.66	64.07
178.71	65.15
178.77	62.97
178.82	63.68
178.88	63.03
178.94	63.12
178.99	64.12
179.05	68.37
179.10	64.96
179.16	68.16
179.21	71.20
179.27	70.20
179.33	65.86
179.38	69.10
179.44	67.08
179.49	66.92
179.55	65.17
179.60	65.43
179.66	64.59
179.72	67.13
179.77	64.68
179.83	63.41
179.88	64.88
179.94	66.21
179.99	62.21
180.05	62.64
180.11	63.40
180.16	65.76
180.22	68.06
180.27	72.96
180.33	73.81
180.38	77.92
180.44	73.72
180.49	73.35
180.55	71.12
180.61	75.39
180.66	70.27
180.72	68.61
180.77	66.89
180.83	66.80
180.88	63.14
180.94	63.06
180.99	66.57
181.05	66.33
181.11	67.57
181.16	68.56
181.22	69.51
181.27	72.05
181.33	70.97
181.38	67.88
181.44	68.51
181.49	72.97
181.55	73.62
181.61	79.67
181.66	82.51
181.72	80.38
181.77	77.70
181.83	75.17
181.88	80.73
181.94	82.14
181.99	87.14
182.05	87.72
182.11	88.82
182.16	79.10
182.22	76.50
182.27	71.71
182.33	74.27
182.38	73.56
182.44	78.15
182.49	80.63
182.55	82.62
182.60	81.74
182.66	84.83
182.72	87.82
182.77	89.85
182.83	93.55
182.88	97.07
182.94	98.64
182.99	95.22
183.05	93.97
183.10	95.93
183.16	94.96
183.21	95.63
183.27	102.52
183.32	106.03
183.38	107.90
183.44	113.99
183.49	117.67
183.55	118.22
183.60	123.32
183.66	128.87
183.71	136.71
183.77	143.30
183.82	151.27
183.88	161.31
183.93	171.30
183.99	183.31
184.04	199.24
184.10	210.94
184.15	222.14
184.21	235.15
184.27	236.77
184.32	237.70
184.38	236.12
184.43	232.76
184.49	217.71
184.54	203.23
184.60	196.36
184.65	184.53
184.71	176.89
184.76	178.66
184.82	194.74
184.87	208.94
184.93	232.91
184.98	258.15
185.04	288.01
185.09	310.76
185.15	334.47
185.20	363.89
185.26	396.18
185.31	422.17
185.37	448.40
185.43	468.52
185.48	486.69
185.54	508.35
185.59	532.90
185.65	557.48
185.70	596.42
185.76	640.15
185.81	672.82
185.87	708.31
185.92	750.77
185.98	784.83
186.03	801.58
186.09	805.47
186.14	783.59
186.20	734.65
186.25	655.22
186.31	575.73
186.36	513.10
186.42	486.87
186.47	497.19
186.53	543.52
186.58	610.47
186.64	683.76
186.69	754.91
186.75	813.52
186.80	870.55
186.86	927.30
186.91	985.23
186.97	1038.51
187.02	1108.23
187.08	1176.78
187.13	1236.98
187.19	1303.83
187.24	1374.76
187.30	1428.25
187.35	1483.67
187.41	1554.33
187.47	1621.97
187.52	1677.78
187.58	1738.05
187.63	1804.27
187.69	1868.92
187.74	1921.38
187.80	1971.76
187.85	2018.46
187.91	2041.93
187.96	2027.14
188.02	1964.67
188.07	1857.70
188.13	1698.28
188.18	1532.16
188.24	1409.30
188.29	1349.66
188.35	1356.27
188.40	1434.43
188.46	1555.76
188.51	1676.49
188.57	1802.67
188.62	1923.71
188.67	2037.69
188.73	2145.85
188.78	2250.93
188.84	2351.92
188.89	2453.64
188.95	2557.52
189.00	2647.27
189.06	2743.52
189.11	2837.42
189.17	2917.96
189.22	2990.18
189.28	3077.43
189.33	3153.85
189.39	3216.23
189.44	3284.56
189.50	3359.27
189.55	3427.83
189.61	3481.50
189.66	3539.99
189.72	3597.32
189.77	3648.07
189.83	3675.87
189.88	3684.87
189.94	3657.83
189.99	3581.12
190.05	3430.85
190.10	3216.70
190.16	2973.26
190.21	2756.72
190.27	2617.58
190.32	2583.67
190.38	2656.50
190.43	2809.94
190.49	2995.13
190.54	3162.69
190.60	3318.23
190.65	3455.37
190.71	3582.28
190.76	3705.21
190.81	3825.74
190.87	3939.84
190.92	4061.82
190.98	4176.49
191.03	4285.32
191.09	4402.19
191.14	4507.21
191.20	4596.55
191.25	4695.43
191.31	4793.31
191.36	4881.67
191.42	4965.12
191.47	5055.02
191.53	5143.90
191.58	5219.23
191.64	5280.05
191.69	5342.88
191.75	5387.00
191.80	5413.52
191.85	5431.87
191.91	5452.28
191.96	5470.07
192.02	5500.38
192.07	5520.07
192.13	5515.87
192.18	5470.58
192.24	5358.58
192.29	5166.32
192.35	4940.77
192.40	4759.09
192.46	4651.36
192.51	4645.88
192.57	4737.68
192.62	4913.08
192.67	5098.07
192.73	5273.75
192.78	5434.60
192.84	5586.29
192.89	5723.10
192.95	5850.60
193.00	5964.23
193.06	6072.46
193.11	6179.16
193.17	6266.13
193.22	6348.66
193.28	6439.64
193.33	6517.40
193.38	6585.62
193.44	6655.94
193.49	6728.89
193.55	6787.01
193.60	6840.76
193.66	6892.90
193.71	6938.94
193.77	6963.33
193.82	6983.81
193.88	7004.99
193.93	7031.12
193.98	7059.72
194.04	7100.57
194.09	7146.43
194.15	7198.93
194.20	7242.22
194.26	7280.79
194.31	7323.25
194.37	7349.81
194.42	7359.22
194.47	7350.23
194.53	7311.33
194.58	7223.14
194.64	7117.36
194.69	7020.87
194.75	6954.78
194.80	6939.35
194.86	6980.37
194.91	7071.22
194.97	7175.33
195.02	7283.36
195.07	7388.57
195.13	7494.82
195.18	7607.52
195.24	7717.18
195.29	7828.68
195.35	7929.42
195.40	8034.95
195.46	8115.57
195.51	8199.57
195.56	8279.77
195.62	8357.94
195.67	8418.46
195.73	8485.99
195.78	8539.27
195.84	8579.01
195.89	8611.52
195.94	8644.39
196.00	8676.39
196.05	8713.42
196.11	8760.43
196.16	8809.86
196.22	8864.92
196.27	8921.14
196.32	8974.60
196.38	9018.29
196.43	9064.80
196.49	9100.65
196.54	9137.06
196.60	9176.31
196.65	9220.37
196.71	9263.33
196.76	9314.42
196.81	9349.53
196.87	9383.02
196.92	9412.58
196.98	9432.54
197.03	9439.83
197.09	9438.18
197.14	9433.47
197.19	9434.18
197.25	9446.18
197.30	9470.32
197.36	9520.58
197.41	9580.55
197.47	9642.15
197.52	9706.99
197.57	9772.66
197.63	9827.96
197.68	9882.43
197.74	9932.50
197.79	9976.72
197.84	10018.33
197.90	10069.39
197.95	10111.29
198.01	10156.81
198.06	10199.83
198.12	10245.62
198.17	10280.15
198.22	10319.87
198.28	10354.82
198.33	10397.50
198.39	10440.21
198.44	10489.28
198.49	10537.55
198.55	10589.97
198.60	10635.99
198.66	10678.12
198.71	10727.44
198.77	10777.13
198.82	10824.53
198.87	10876.40
198.93	10926.84
198.98	10967.83
199.04	11008.72
199.09	11046.71
199.14	11085.24
199.20	11126.02
199.25	11169.67
199.31	11214.67
199.36	11259.88
199.42	11304.21
199.47	11347.38
199.52	11384.42
199.58	11422.39
199.63	11451.26
199.69	11476.90
199.74	11505.86
199.79	11532.48
199.85	11560.30
199.90	11601.55
199.96	11645.19
200.01	11688.53
200.06	11742.67
200.12	11788.11
200.17	11839.08
200.23	11890.67
200.28	11934.04
200.33	11981.87
200.39	12028.24
200.44	12071.72
200.50	12112.09
200.55	12152.83
200.60	12187.60
200.66	12229.97
200.71	12261.01
200.77	12303.34
200.82	12347.52
200.87	12382.95
200.93	12418.38
200.98	12465.15
201.04	12500.42
201.09	12544.25
201.14	12601.88
201.20	12649.54
201.25	12702.57
201.31	12755.29
201.36	12812.84
201.41	12866.05
201.47	12931.93
201.52	12978.89
201.58	13038.62
201.63	13083.00
201.68	13129.52
201.74	13172.45
201.79	13221.05
201.84	13270.68
201.90	13321.49
201.95	13374.24
202.01	13430.58
202.06	13484.27
202.11	13526.05
202.17	13574.92
202.22	13616.19
202.28	13652.72
202.33	13691.23
202.38	13733.46
202.44	13778.62
202.49	13826.24
202.54	13880.03
202.60	13927.66
202.65	13976.95
202.71	14021.92
202.76	14063.62
202.81	14100.47
202.87	14150.98
202.92	14193.56
202.98	14246.77
203.03	14302.04
203.08	14356.88
203.14	14408.07
203.19	14468.53
203.24	14524.93
203.30	14574.81
203.35	14622.82
203.41	14668.80
203.46	14711.39
203.51	14748.46
203.57	14789.46
203.62	14838.70
203.67	14891.51
203.73	14937.63
203.78	14989.90
203.84	15046.11
203.89	15094.52
203.94	15138.96
204.00	15191.78
204.05	15236.87
204.10	15273.87
204.16	15308.52
204.21	15351.20
204.27	15388.28
204.32	15426.94
204.37	15472.61
204.43	15514.83
204.48	15553.78
204.53	15593.49
204.59	15638.98
204.64	15696.57
204.69	15764.47
204.75	15833.60
204.80	15902.92
204.86	15964.90
204.91	16020.79
204.96	16075.87
205.02	16124.42
205.07	16178.88
205.12	16241.33
205.18	16304.77
205.23	16366.01
205.28	16438.88
205.34	16503.87
205.39	16563.37
205.45	16619.46
205.50	16678.95
205.55	16731.77
205.61	16787.42
205.66	16844.89
205.71	16906.77
205.77	16966.99
205.82	17029.39
205.87	17089.01
205.93	17143.36
205.98	17193.45
206.03	17233.02
206.09	17276.27
206.14	17320.30
206.20	17374.70
206.25	17425.81
206.30	17490.29
206.36	17545.33
206.41	17613.06
206.46	17664.96
206.52	17713.09
206.57	17762.91
206.62	17809.70
206.68	17852.54
206.73	17904.71
206.78	17962.89
206.84	18013.98
206.89	18075.76
206.94	18134.28
207.00	18199.71
207.05	18267.10
207.11	18335.82
207.16	18394.79
207.21	18458.78
207.27	18514.26
207.32	18566.09
207.37	18621.00
207.43	18678.12
207.48	18726.48
207.53	18779.22
207.59	18833.66
207.64	18884.67
207.69	18953.29
207.75	19024.15
207.80	19077.34
207.85	19136.86
207.91	19196.63
207.96	19247.50
208.01	19301.25
208.07	19363.01
208.12	19419.95
208.17	19474.12
208.23	19514.34
208.28	19563.28
208.33	19618.46
208.39	19677.28
208.44	19742.06
208.49	19812.26
208.55	19870.32
208.60	19926.10
208.65	19978.51
208.71	20026.63
208.76	20077.52
208.81	20134.57
208.87	20197.11
208.92	20252.92
208.97	20315.13
209.03	20379.66
209.08	20442.48
209.13	20502.42
209.19	20569.64
209.24	20626.06
209.29	20688.53
209.35	20740.33
209.40	20801.31
209.45	20862.72
209.51	20926.17
209.56	20988.37
209.61	21057.18
209.67	21119.69
209.72	21176.04
209.77	21233.35
209.83	21292.12
209.88	21362.52
209.93	21429.99
209.99	21494.77
210.04	21567.19
210.09	21631.29
210.15	21688.99
210.20	21745.01
210.25	21806.16
210.31	21870.02
210.36	21921.70
210.41	21968.17
210.46	22025.61
210.52	22087.67
210.57	22132.37
210.62	22193.27
210.68	22260.41
210.73	22314.23
210.78	22369.75
210.84	22434.33
210.89	22497.40
210.94	22552.71
211.00	22613.54
211.05	22664.17
211.10	22725.46
211.16	22780.94
211.21	22846.84
211.26	22915.49
211.32	22988.19
211.37	23056.60
211.42	23130.51
211.47	23200.30
211.53	23256.87
211.58	23319.23
211.63	23375.80
211.69	23427.99
211.74	23480.76
211.79	23540.87
211.85	23599.68
211.90	23660.36
211.95	23728.88
212.01	23798.82
212.06	23874.30
212.11	23947.49
212.16	24019.12
212.22	24093.22
212.27	24157.72
212.32	24219.36
212.38	24284.27
212.43	24349.14
212.48	24407.02
212.54	24469.93
212.59	24539.82
212.64	24603.25
212.69	24665.07
212.75	24728.56
212.80	24797.20
212.85	24861.19
212.91	24919.05
212.96	24979.27
213.01	25047.05
213.07	25104.27
213.12	25168.64
213.17	25235.60
213.22	25300.30
213.28	25356.54
213.33	25413.12
213.38	25467.11
213.44	25521.01
213.49	25592.31
213.54	25668.18
213.60	25751.12
213.65	25825.82
213.70	25907.58
213.75	25973.96
213.81	26027.97
213.86	26086.22
213.91	26149.52
213.97	26203.34
214.02	26253.75
214.07	26307.13
214.12	26358.55
214.18	26404.54
214.23	26463.35
214.28	26524.49
214.34	26587.47
214.39	26653.13
214.44	26714.70
214.49	26757.89
214.55	26800.07
214.60	26843.77
214.65	26877.62
214.71	26906.56
214.76	26964.18
214.81	27033.00
214.86	27117.72
214.92	27202.29
214.97	27298.34
215.02	27384.81
215.08	27460.65
215.13	27537.08
215.18	27604.31
215.23	27672.83
215.29	27739.90
215.34	27813.89
215.39	27884.11
215.45	27973.56
215.50	28060.14
215.55	28144.29
215.60	28222.36
215.66	28285.05
215.71	28337.17
215.76	28399.27
215.81	28453.37
215.87	28515.01
215.92	28569.64
215.97	28624.20
216.03	28682.19
216.08	28740.92
216.13	28794.19
216.18	28853.13
216.24	28920.75
216.29	28970.02
216.34	29025.07
216.39	29088.50
216.45	29154.54
216.50	29214.88
216.55	29280.40
216.61	29352.65
216.66	29408.35
216.71	29468.83
216.76	29526.43
216.82	29601.31
216.87	29665.36
216.92	29738.93
216.97	29809.60
217.03	29883.87
217.08	29955.10
217.13	30034.09
217.18	30103.91
217.24	30167.39
217.29	30237.61
217.34	30282.68
217.39	30323.38
217.45	30368.87
217.50	30423.45
217.55	30480.07
217.61	30555.27
217.66	30621.55
217.71	30689.86
217.76	30766.64
217.82	30840.37
217.87	30908.15
217.92	30987.07
217.97	31060.72
218.03	31122.15
218.08	31169.68
218.13	31219.20
218.18	31264.82
218.24	31329.76
218.29	31388.21
218.34	31448.82
218.39	31511.24
218.45	31577.86
218.50	31632.17
218.55	31691.27
218.60	31759.77
218.66	31822.97
218.71	31887.97
218.76	31947.89
218.81	32017.77
218.87	32075.04
218.92	32133.52
218.97	32204.77
219.02	32274.89
219.08	32338.12
219.13	32412.96
219.18	32482.53
219.23	32539.92
219.29	32599.24
219.34	32662.48
219.39	32727.84
219.44	32790.52
219.50	32861.16
219.55	32926.55
219.60	32990.55
219.65	33051.15
219.71	33119.59
219.76	33167.60
219.81	33228.08
219.86	33287.59
219.92	33341.53
219.97	33394.03
220.02	33450.79
220.07	33506.29
220.13	33563.83
220.18	33628.95
220.23	33699.24
220.28	33783.64
220.33	33862.58
220.39	33932.24
220.44	33986.36
220.49	34032.05
220.54	34075.54
220.60	34123.90
220.65	34179.98
220.70	34252.21
220.75	34332.75
220.81	34415.97
220.86	34494.82
220.91	34565.39
220.96	34640.36
221.02	34707.38
221.07	34772.35
221.12	34832.74
221.17	34883.62
221.22	34929.87
221.28	34987.72
221.33	35043.37
221.38	35100.29
221.43	35179.79
221.49	35246.05
221.54	35309.07
221.59	35372.74
221.64	35452.62
221.69	35538.27
221.75	35636.57
221.80	35729.10
221.85	35804.84
221.90	35869.83
221.96	35924.91
222.01	35957.17
222.06	35994.59
222.11	36043.61
222.17	36088.87
222.22	36117.78
222.27	36168.35
222.32	36221.67
222.37	36275.30
222.43	36333.18
222.48	36397.78
222.53	36464.68
222.58	36543.03
222.63	36615.31
222.69	36686.42
222.74	36767.23
222.79	36836.29
222.84	36877.34
222.90	36928.80
222.95	36972.09
223.00	37009.25
223.05	37071.65
223.10	37132.55
223.16	37193.38
223.21	37245.54
223.26	37299.17
223.31	37332.41
223.36	37376.43
223.42	37410.77
223.47	37450.82
223.52	37494.86
223.57	37537.86
223.63	37585.26
223.68	37633.50
223.73	37705.13
223.78	37776.32
223.83	37845.34
223.89	37906.60
223.94	37976.99
223.99	38035.76
224.04	38110.55
224.09	38190.51
224.15	38283.51
224.20	38361.67
224.25	38457.86
224.30	38540.31
224.35	38626.13
224.41	38720.20
224.46	38818.61
224.51	38899.26
224.56	38972.18
224.61	39050.42
224.67	39121.12
224.72	39192.86
224.77	39289.49
224.82	39385.29
224.87	39470.90
224.93	39547.73
224.98	39639.47
225.03	39720.33
225.08	39803.36
225.13	39887.36
225.19	39980.92
225.24	40068.61
225.29	40149.79
225.34	40239.07
225.39	40329.62
225.45	40413.44
225.50	40495.77
225.55	40572.85
225.60	40651.15
225.65	40739.13
225.71	40827.11
225.76	40915.51
225.81	41000.10
225.86	41091.37
225.91	41175.04
225.97	41262.38
226.02	41344.76
226.07	41412.83
226.12	41473.84
226.17	41529.21
226.22	41589.37
226.28	41667.01
226.33	41767.98
226.38	41858.21
226.43	41949.88
226.48	42025.68
226.54	42087.11
226.59	42151.08
226.64	42225.12
226.69	42291.30
226.74	42361.41
226.80	42432.77
226.85	42490.20
226.90	42545.94
226.95	42618.44
227.00	42689.52
227.05	42775.06
227.11	42870.12
227.16	42960.08
227.21	43041.38
227.26	43125.97
227.31	43193.00
227.37	43251.19
227.42	43319.01
227.47	43389.32
227.52	43462.19
227.57	43523.86
227.62	43607.68
227.68	43685.08
227.73	43769.85
227.78	43850.88
227.83	43944.89
227.88	44013.24
227.93	44087.76
227.99	44157.59
228.04	44233.34
228.09	44308.40
228.14	44383.29
228.19	44459.74
228.24	44524.46
228.30	44588.42
228.35	44651.31
228.40	44719.17
228.45	44765.83
228.50	44842.41
228.56	44900.57
228.61	44955.07
228.66	45017.10
228.71	45087.17
228.76	45126.37
228.81	45172.07
228.87	45222.92
228.92	45276.29
228.97	45326.43
229.02	45413.04
229.07	45498.71
229.12	45584.76
229.17	45656.87
229.23	45739.47
229.28	45813.64
229.33	45895.23
229.38	45965.66
229.43	46039.56
229.48	46118.44
229.54	46183.15
229.59	46241.46
229.64	46315.39
229.69	46393.89
229.74	46479.87
229.79	46550.26
229.85	46628.19
229.90	46696.87
229.95	46765.29
230.00	46825.99
230.05	46911.69
230.10	46979.82
230.16	47049.37
230.21	47111.76
230.26	47163.52
230.31	47194.97
230.36	47254.15
230.41	47318.43
230.46	47400.75
230.52	47485.33
230.57	47574.52
230.62	47656.48
230.67	47728.68
230.72	47785.16
230.77	47829.83
230.82	47881.87
230.88	47914.46
230.93	47951.88
230.98	47987.54
231.03	48048.41
231.08	48097.70
231.13	48150.80
231.19	48220.29
231.24	48308.29
231.29	48383.83
231.34	48459.78
231.39	48541.35
231.44	48610.79
231.49	48651.03
231.55	48695.83
231.60	48733.66
231.65	48787.17
231.70	48832.30
231.75	48884.35
231.80	48935.64
231.85	48998.21
231.91	49041.31
231.96	49084.67
232.01	49147.66
232.06	49216.15
232.11	49287.78
232.16	49367.71
232.21	49458.37
232.26	49552.92
232.32	49628.17
232.37	49697.18
232.42	49761.86
232.47	49812.64
232.52	49850.62
232.57	49901.13
232.62	49951.44
232.68	50015.51
232.73	50083.82
232.78	50161.78
232.83	50234.02
232.88	50306.76
232.93	50379.34
232.98	50447.30
233.03	50495.55
233.09	50556.23
233.14	50626.73
233.19	50674.58
233.24	50729.02
233.29	50782.22
233.34	50812.34
233.39	50830.34
233.45	50864.12
233.50	50903.97
233.55	50949.34
233.60	51019.34
233.65	51087.83
233.70	51148.23
233.75	51200.29
233.80	51256.84
233.86	51309.13
233.91	51354.88
233.96	51404.23
234.01	51453.89
234.06	51511.04
234.11	51570.03
234.16	51624.77
234.21	51687.07
234.26	51742.72
234.32	51775.31
234.37	51804.93
234.42	51848.87
234.47	51864.67
234.52	51886.37
234.57	51925.46
234.62	51958.34
234.67	52004.75
234.73	52065.94
234.78	52124.84
234.83	52179.50
234.88	52236.49
234.93	52271.98
234.98	52313.24
235.03	52362.13
235.08	52426.07
235.13	52476.82
235.19	52543.07
235.24	52601.41
235.29	52653.49
235.34	52689.18
235.39	52726.78
235.44	52757.40
235.49	52801.48
235.54	52839.40
235.59	52859.19
235.65	52888.44
235.70	52919.40
235.75	52962.66
235.80	53007.11
235.85	53069.58
235.90	53119.53
235.95	53152.33
236.00	53176.56
236.05	53203.41
236.11	53221.98
236.16	53255.44
236.21	53305.56
236.26	53336.03
236.31	53364.03
236.36	53395.77
236.41	53414.02
236.46	53419.77
236.51	53438.65
236.56	53462.39
236.62	53477.45
236.67	53508.07
236.72	53550.44
236.77	53579.92
236.82	53625.50
236.87	53661.91
236.92	53682.62
236.97	53715.40
237.02	53757.50
237.07	53796.74
237.13	53856.38
237.18	53919.55
237.23	53973.55
237.28	54014.26
237.33	54051.17
237.38	54072.34
237.43	54094.09
237.48	54101.12
237.53	54127.34
237.58	54162.55
237.63	54206.37
237.69	54252.82
237.74	54300.28
237.79	54332.11
237.84	54331.66
237.89	54333.63
237.94	54334.88
237.99	54350.96
238.04	54377.23
238.09	54407.17
238.14	54434.09
238.19	54462.58
238.25	54486.92
238.30	54479.04
238.35	54482.43
238.40	54478.74
238.45	54470.33
238.50	54472.54
238.55	54487.74
238.60	54513.26
238.65	54550.19
238.70	54575.80
238.75	54585.71
238.80	54614.78
238.86	54626.67
238.91	54633.40
238.96	54669.05
239.01	54707.01
239.06	54743.99
239.11	54775.36
239.16	54810.50
239.21	54806.88
239.26	54797.44
239.31	54799.27
239.36	54804.86
239.41	54813.42
239.46	54840.69
239.52	54875.28
239.57	54899.23
239.62	54917.86
239.67	54940.96
239.72	54970.45
239.77	54987.42
239.82	54998.95
239.87	55011.78
239.92	55019.43
239.97	55012.95
240.02	54995.46
240.07	54970.85
240.12	54967.78
240.17	54974.06
240.23	54969.59
240.28	54982.21
240.33	55006.27
240.38	55002.27
240.43	54996.33
240.48	55023.84
240.53	55049.11
240.58	55063.86
240.63	55102.48
240.68	55118.36
240.73	55113.09
240.78	55106.45
240.83	55105.99
240.88	55083.66
240.93	55070.18
240.98	55064.52
241.04	55079.32
241.09	55098.99
241.14	55119.95
241.19	55157.32
241.24	55191.85
241.29	55207.78
241.34	55220.65
241.39	55237.16
241.44	55242.50
241.49	55241.75
241.54	55236.03
241.59	55230.07
241.64	55233.98
241.69	55222.38
241.74	55219.65
241.79	55214.70
241.84	55202.02
241.90	55180.16
241.95	55169.11
242.00	55140.67
242.05	55112.14
242.10	55105.52
242.15	55086.14
242.20	55072.00
242.25	55075.45
242.30	55073.98
242.35	55065.73
242.40	55068.17
242.45	55065.37
242.50	55053.87
242.55	55056.33
242.60	55050.35
242.65	55051.45
242.70	55062.37
242.75	55082.08
242.80	55120.70
242.85	55148.97
242.91	55165.50
242.96	55159.23
243.01	55142.05
243.06	55113.72
243.11	55083.97
243.16	55063.43
243.21	55063.36
243.26	55073.60
243.31	55078.53
243.36	55092.76
243.41	55106.80
243.46	55104.71
243.51	55068.26
243.56	55018.54
243.61	54963.88
243.66	54926.28
243.71	54888.43
243.76	54892.20
243.81	54912.19
243.86	54919.23
243.91	54921.50
243.96	54924.34
244.01	54904.59
244.06	54867.40
244.12	54850.57
244.17	54829.82
244.22	54829.26
244.27	54844.96
244.32	54878.10
244.37	54898.28
244.42	54906.52
244.47	54897.55
244.52	54877.19
244.57	54844.66
244.62	54829.36
244.67	54804.07
244.72	54782.28
244.77	54777.35
244.82	54792.51
244.87	54817.33
244.92	54849.94
244.97	54873.44
245.02	54867.92
245.07	54842.68
245.12	54805.81
245.17	54783.94
245.22	54778.42
245.27	54783.22
245.32	54750.11
245.37	54718.17
245.42	54670.73
245.47	54614.76
245.52	54557.92
245.57	54553.18
245.62	54539.03
245.67	54530.46
245.72	54526.99
245.77	54517.27
245.82	54504.57
245.87	54511.63
245.92	54521.32
245.98	54511.14
246.03	54512.82
246.08	54511.95
246.13	54498.54
246.18	54495.99
246.23	54495.10
246.28	54487.48
246.33	54473.27
246.38	54447.99
246.43	54417.61
246.48	54399.47
246.53	54396.19
246.58	54404.25
246.63	54412.39
246.68	54403.36
246.73	54381.48
246.78	54356.96
246.83	54314.77
246.88	54259.69
246.93	54213.01
246.98	54170.30
247.03	54141.54
247.08	54123.45
247.13	54119.20
247.18	54115.63
247.23	54143.99
247.28	54142.25
247.33	54117.55
247.38	54090.90
247.43	54075.74
247.48	54051.60
247.53	54026.37
247.58	54002.55
247.63	53982.09
247.68	53937.82
247.73	53877.44
247.78	53838.59
247.83	53806.91
247.88	53782.14
247.93	53778.40
247.98	53779.64
248.03	53781.46
248.08	53800.38
248.13	53797.81
248.18	53784.08
248.23	53784.00
248.28	53755.31
248.33	53711.56
248.38	53680.38
248.43	53655.30
248.48	53629.65
248.53	53609.29
248.58	53594.95
248.63	53591.22
248.68	53568.18
248.73	53543.58
248.78	53514.37
248.83	53464.52
248.88	53395.26
248.93	53340.34
248.98	53257.08
249.03	53214.15
249.08	53199.17
249.13	53196.69
249.18	53190.08
249.23	53206.60
249.28	53194.92
249.33	53184.06
249.38	53168.31
249.43	53148.81
249.48	53122.01
249.53	53118.35
249.58	53103.21
249.63	53077.70
249.68	53069.61
249.73	53058.78
249.78	53028.56
249.83	53016.23
249.88	52999.31
249.93	52980.24
249.98	52968.25
250.03	52967.04
250.08	52946.81
250.13	52941.79
250.18	52917.66
250.23	52871.99
250.28	52819.76
250.33	52762.51
250.37	52712.23
250.42	52666.97
250.47	52638.44
250.52	52624.42
250.57	52608.20
250.62	52573.67
250.67	52542.90
250.72	52530.55
250.77	52484.40
250.82	52463.66
250.87	52461.96
250.92	52455.35
250.97	52427.21
251.02	52431.92
251.07	52434.02
251.12	52418.27
251.17	52392.93
251.22	52370.69
251.27	52326.41
251.32	52267.28
251.37	52206.41
251.42	52156.72
251.47	52107.66
251.52	52084.63
251.57	52070.74
251.62	52063.42
251.67	52056.19
251.72	52035.30
251.77	51999.09
251.82	51952.90
251.87	51909.83
251.92	51863.96
251.97	51822.53
252.02	51774.75
252.07	51743.12
252.12	51721.76
252.16	51711.99
252.21	51713.57
252.26	51718.92
252.31	51725.56
252.36	51718.79
252.41	51697.85
252.46	51671.52
252.51	51642.65
252.56	51602.00
252.61	51577.04
252.66	51550.15
252.71	51524.52
252.76	51501.15
252.81	51463.44
252.86	51398.67
252.91	51358.73
252.96	51296.88
253.01	51227.65
253.06	51163.81
253.11	51128.21
253.16	51077.44
253.21	51031.34
253.26	50999.07
253.31	50969.67
253.36	50947.11
253.40	50921.15
253.45	50908.14
253.50	50875.48
253.55	50844.31
253.60	50800.46
253.65	50758.65
253.70	50724.96
253.75	50705.05
253.80	50691.31
253.85	50691.21
253.90	50692.99
253.95	50675.74
254.00	50662.39
254.05	50644.51
254.10	50598.28
254.15	50555.09
254.20	50533.33
254.25	50512.72
254.30	50484.44
254.35	50441.88
254.39	50379.04
254.44	50303.43
254.49	50210.19
254.54	50185.59
254.59	50161.64
254.64	50162.83
254.69	50160.21
254.74	50172.87
254.79	50125.25
254.84	50098.34
254.89	50070.02
254.94	50055.59
254.99	50041.91
255.04	50029.84
255.09	50022.88
255.14	49999.10
255.19	49979.48
255.23	49963.46
255.28	49955.13
255.33	49934.67
255.38	49922.37
255.43	49915.63
255.48	49890.55
255.53	49838.84
255.58	49808.53
255.63	49776.59
255.68	49724.26
255.73	49673.22
255.78	49649.27
255.83	49623.67
255.88	49601.94
255.93	49570.50
255.97	49549.97
256.02	49517.59
256.07	49480.29
256.12	49415.66
256.17	49373.59
256.22	49320.54
256.27	49266.14
256.32	49214.65
256.37	49199.25
256.42	49178.94
256.47	49151.06
256.52	49136.84
256.57	49108.83
256.62	49087.68
256.66	49068.40
256.71	49048.72
256.76	49009.63
256.81	48968.66
256.86	48915.21
256.91	48869.27
256.96	48828.82
257.01	48799.96
257.06	48781.69
257.11	48745.30
257.16	48688.92
257.21	48647.91
257.26	48607.73
257.30	48560.19
257.35	48522.40
257.40	48505.33
257.45	48485.17
257.50	48464.77
257.55	48437.29
257.60	48416.62
257.65	48387.49
257.70	48352.80
257.75	48308.74
257.80	48285.33
257.85	48251.15
257.89	48201.15
257.94	48144.58
257.99	48086.33
258.04	48021.94
258.09	47980.79
258.14	47957.23
258.19	47943.41
258.24	47920.42
258.29	47883.12
258.34	47834.22
258.39	47792.89
258.44	47729.05
258.48	47681.93
258.53	47653.83
258.58	47620.93
258.63	47566.14
258.68	47530.91
258.73	47496.11
258.78	47452.24
258.83	47411.15
258.88	47380.17
258.93	47349.14
258.97	47321.50
259.02	47287.87
259.07	47263.36
259.12	47241.76
259.17	47223.16
259.22	47205.75
259.27	47187.67
259.32	47165.19
259.37	47125.04
259.42	47088.05
259.47	47038.85
259.51	46984.16
259.56	46921.27
259.61	46846.09
259.66	46771.15
259.71	46696.42
259.76	46643.31
259.81	46587.47
259.86	46560.15
259.91	46518.25
259.95	46495.52
260.00	46465.01
260.05	46442.99
260.10	46416.77
260.15	46406.36
260.20	46393.76
260.25	46389.11
260.30	46379.77
260.35	46359.89
260.40	46335.94
260.44	46310.68
260.49	46285.24
260.54	46244.03
260.59	46218.78
260.64	46198.26
260.69	46186.44
260.74	46144.76
260.79	46108.20
260.84	46068.70
260.88	46012.70
260.93	45937.85
260.98	45900.51
261.03	45866.93
261.08	45838.15
261.13	45802.60
261.18	45766.02
261.23	45712.35
261.28	45678.42
261.32	45629.62
261.37	45588.55
261.42	45554.23
261.47	45534.71
261.52	45482.94
261.57	45437.53
261.62	45393.18
261.67	45346.87
261.71	45278.34
261.76	45234.28
261.81	45187.63
261.86	45136.82
261.91	45095.32
261.96	45058.66
262.01	45017.92
262.06	44993.75
262.10	44981.97
262.15	44955.17
262.20	44939.11
262.25	44918.42
262.30	44895.25
262.35	44868.70
262.40	44842.82
262.45	44811.47
262.49	44787.76
262.54	44750.39
262.59	44723.46
262.64	44694.90
262.69	44656.74
262.74	44606.51
262.79	44552.68
262.84	44499.05
262.88	44452.52
262.93	44407.37
262.98	44377.78
263.03	44345.62
263.08	44293.40
263.13	44224.34
263.18	44160.42
263.23	44093.90
263.27	44045.82
263.32	44018.26
263.37	43999.32
263.42	43982.37
263.47	43956.87
263.52	43929.84
263.57	43889.31
263.61	43850.17
263.66	43807.51
263.71	43767.98
263.76	43732.56
263.81	43682.98
263.86	43656.18
263.91	43613.95
263.95	43555.74
264.00	43495.20
264.05	43452.32
264.10	43384.92
264.15	43323.55
264.20	43285.07
264.25	43239.23
264.29	43194.90
264.34	43139.17
264.39	43100.96
264.44	43053.81
264.49	43012.01
264.54	42962.76
264.59	42934.32
264.63	42894.96
264.68	42840.92
264.73	42784.64
264.78	42745.77
264.83	42688.22
264.88	42642.26
264.93	42619.90
264.97	42599.25
265.02	42574.36
265.07	42560.92
265.12	42524.54
265.17	42481.38
265.22	42438.56
265.27	42377.22
265.31	42311.35
265.36	42256.23
265.41	42198.70
265.46	42130.01
265.51	42064.30
265.56	42009.77
265.60	41952.95
265.65	41892.20
265.70	41837.63
265.75	41784.10
265.80	41734.25
265.85	41675.95
265.90	41618.47
265.94	41560.56
265.99	41500.67
266.04	41446.97
266.09	41408.98
266.14	41373.82
266.19	41342.49
266.23	41314.70
266.28	41270.55
266.33	41233.82
266.38	41201.52
266.43	41176.25
266.48	41156.47
266.52	41132.81
266.57	41097.59
266.62	41059.99
266.67	41012.63
266.72	40965.16
266.77	40936.30
266.81	40906.40
266.86	40879.65
266.91	40847.79
266.96	40801.43
267.01	40754.78
267.06	40708.45
267.10	40653.99
267.15	40608.52
267.20	40579.42
267.25	40541.75
267.30	40501.08
267.35	40471.76
267.39	40428.39
267.44	40389.02
267.49	40344.13
267.54	40304.67
267.59	40250.78
267.64	40196.51
267.68	40132.72
267.73	40073.30
267.78	40030.53
267.83	40004.51
267.88	39999.06
267.93	39998.87
267.97	39988.33
268.02	39954.16
268.07	39910.67
268.12	39849.69
268.17	39778.60
268.21	39736.38
268.26	39679.24
268.31	39633.32
268.36	39586.01
268.41	39548.82
268.46	39496.11
268.50	39471.83
268.55	39425.78
268.60	39371.07
268.65	39302.40
268.70	39220.17
268.74	39149.17
268.79	39075.79
268.84	39029.10
268.89	38990.19
268.94	38964.23
268.99	38919.15
269.03	38877.24
269.08	38821.01
269.13	38753.46
269.18	38673.12
269.23	38573.95
269.27	38477.78
269.32	38351.84
269.37	38228.75
269.42	38099.24
269.47	37967.67
269.51	37817.79
269.56	37685.53
269.61	37546.20
269.66	37394.18
269.71	37240.62
269.76	37100.06
269.80	36948.95
269.85	36794.46
269.90	36651.32
269.95	36504.77
270.00	36343.77
270.04	36193.82
270.09	36057.07
270.14	35917.42
270.19	35786.88
270.24	35658.62
270.28	35506.51
270.33	35336.84
270.38	35155.96
270.43	34981.16
270.48	34798.36
270.52	34643.19
270.57	34481.04
270.62	34326.72
270.67	34168.87
270.72	34023.05
270.76	33849.51
270.81	33687.35
270.86	33517.30
270.91	33343.83
270.96	33170.05
271.00	33009.47
271.05	32854.57
271.10	32716.47
271.15	32584.33
271.20	32459.55
271.24	32323.19
271.29	32186.87
271.34	32039.15
271.39	31889.82
271.44	31742.23
271.48	31604.57
271.53	31457.62
271.58	31319.31
271.63	31175.92
271.67	31019.91
271.72	30874.81
271.77	30731.49
271.82	30589.01
271.87	30448.88
271.91	30298.72
271.96	30156.04
272.01	30021.57
272.06	29893.42
272.11	29775.08
272.15	29673.74
272.20	29565.94
272.25	29466.21
272.30	29356.79
272.35	29243.94
272.39	29138.06
272.44	29021.87
272.49	28892.16
272.54	28760.01
272.58	28615.60
272.63	28458.42
272.68	28305.71
272.73	28144.73
272.78	27970.45
272.82	27776.32
272.87	27559.81
272.92	27274.95
272.97	26753.39
273.01	23806.29
273.06	18876.20
273.11	13442.07
273.16	8110.06
273.21	3052.09
273.25	461.69
273.30	-89.29
273.35	-89.67
